4.779185
2.216571
2.743767
2.133801
1.727452
2.065261
2.056296
1.856707
1.498573
2.265947
2.103670
1.822776
2.355125
1.381151
0.991577
0.619203
0.780181
2.050568
1.204600
0.967963
0.995449
0.582311
1.612942
0.952761
0.733770
0.851820
0.956647
1.503659
0.905423
0.785342
0.716799
0.898631
1.236491
0.489098
0.520829
0.411647
0.476574
0.567800
1.016061
0.904930
0.807113
0.630757
0.488836
0.825443
0.788839
1.008830
0.601186
0.418591
0.520056
0.552859
0.854147
0.583760
0.551408
0.339657
0.403031
0.385004
0.819786
0.603347
0.575521
0.287742
0.623467
0.437354
0.809589
0.508570
0.572770
0.352039
0.397654
0.280179
0.348957
0.943942
0.970410
0.450543
0.430151
0.607031
0.586373
0.331023
0.845754
0.411321
0.379782
0.364660
0.333548
0.631735
0.776595
0.634053
0.547440
0.463528
0.355370
0.368285
0.995917
0.620055
0.695745
0.275499
0.372694
0.337470
0.214160
0.447265
0.414177
0.362733
0.322122
0.690592
0.352717
0.477200
0.218936
0.223205
0.576066
0.273890
0.612073
0.297378
0.371785
0.207133
0.485625
0.347808
0.514399
0.181584
0.394102
0.238387
0.243735
0.541718
0.274533
0.384537
0.397865
0.325725
0.494227
0.163827
0.348788
0.138546
0.298342
0.272641
0.772077
0.434260
0.120869
0.257578
0.166333
0.247367
0.419423
0.446102
0.477826
0.685790
0.359134
0.163165
0.347922
0.572535
0.216154
0.129522
0.500496
0.416601
0.268334
0.242491
0.096105
0.384933
0.153071
0.305374
0.244258
0.576439
0.263156
0.235272
0.106378
0.165354
0.294083
0.200972
0.223136
0.667950
0.220205
0.381913
0.271927
0.340147
0.477648
0.320500
0.205890
0.307753
0.547361
0.323682
0.273719
0.187412
0.197979
0.346149
0.405758
0.337244
0.195840
0.383012
0.257421
0.531713
0.340408
0.189673
0.378439
0.269978
0.177719
0.102227
0.373177
0.510548
0.329115
0.155596
0.155973
0.227624
0.076172
0.291407
0.344961
0.369185
0.484947
0.278703
0.296195
0.315467
0.181214
0.291283
0.091419
0.295707
0.132255
0.545012
0.392662
0.277555
0.451912
0.421814
0.238323
0.418072
0.279707
0.153350
0.590669
0.196371
0.402953
0.174402
0.518190
0.246498
0.158494
0.239289
0.660556
0.157215
0.338970
0.268564
0.163263
0.338796
0.122164
0.139693
0.271540
0.201816
0.277536
0.631346
0.110354
0.281669
0.371837
0.262538
0.151959
0.275111
0.145334
0.180586
0.246181
0.454178
0.189509
0.162784
0.191138
0.050127
0.042291
0.440223
0.513021
0.188495
0.403882
0.334645
0.280045
0.366363
0.276835
0.171006
0.199500
0.185122
0.278117
0.330535
0.165941
0.341983
0.357616
0.215642
0.069874
0.183993
0.634898
0.274416
0.278112
0.220365
0.404602
0.114784
0.096752
0.122583
0.097897
0.189605
0.328088
0.152284
0.137814
0.522693
0.139489
0.377919
0.317243
0.333698
0.359174
0.179879
0.162734
0.189259
0.057396
0.092687
0.125605
0.050006
0.120335
0.333953
0.300517
0.102540
0.231804
0.162539
0.113319
0.164430
0.112584
0.165451
0.036924
0.190132
0.407337
0.554286
0.090198
0.100923
0.162520
0.086236
0.177413
0.165522
0.330412
0.129978
0.301879
0.331893
0.090183
0.069398
0.136649
0.176708
0.077145
0.211807
0.228480
0.265293
0.225434
0.179240
0.197539
0.231642
0.130434
0.149118
0.042607
0.178605
0.311579
0.159719
0.250927
0.243082
0.300125
0.256764
0.167844
0.150409
0.162395
0.107595
0.165108
0.117474
0.285303
0.159822
0.127098
0.366116
0.212532
0.087350
0.091853
0.411038
0.112209
0.186337
0.284394
0.092446
0.072775
0.127572
0.103078
0.157220
0.192934
0.097085
0.032548
0.267953
0.096315
0.301286
0.164896
0.401227
0.231741
0.134922
0.377719
0.382890
0.420267
0.228827
0.188263
0.186018
0.143916
0.197691
0.155297
0.201604
0.107485
0.066015
0.255365
0.225224
0.231634
0.265313
0.121099
0.071871
0.464652
0.063207
0.229315
0.298816
0.124423
0.160179
0.204148
0.312691
0.108956
0.120552
0.041829
0.075314
0.055754
0.253647
0.148459
0.242761
0.283740
0.283423
0.464532
0.055621
0.087470
0.161149
0.076297
0.140956
0.150129
0.035646
0.099880
0.221417
0.291594
0.185240
0.214517
0.118481
0.274005
0.134015
0.064822
0.066998
0.183948
0.221872
0.051570
0.153893
0.221515
0.146438
0.197985
0.301633
0.261908
0.155918
0.239263
0.432467
0.078265
0.220481
0.283544
0.133737
0.127079
0.056985
0.137935
0.104795
0.073679
0.156636
0.292777
0.122750
0.111600
0.049440
0.198208
0.457722
0.073913
0.179512
0.240193
0.212732
0.071771
0.220424
0.163371
0.085817
0.267993
0.163378
0.199458
0.222025
0.057442
0.171784
0.098779
0.261072
0.249395
0.101712
0.209084
0.199145
0.177470
0.112954
0.123831
0.442199
0.356947
0.240849
0.251439
0.081945
0.220747
0.058086
0.149825
0.130527
0.029794
0.140854
0.211175
0.310419
0.149835
0.273708
0.094977
0.244655
0.188760
0.115214
0.263055
0.309657
0.224333
0.070568
0.110875
0.135202
0.283428
0.172369
0.055483
0.559638
0.110976
0.196810
0.125475
0.102615
0.321815
0.157956
0.104521
0.141938
0.064195
0.376445
0.254295
0.054076
0.245091
0.078510
0.089888
0.089345
0.049704
0.094053
0.183203
0.159798
0.105526
0.086278
0.092176
0.103642
0.184546
0.431318
0.055865
0.127943
0.017231
0.259355
0.184100
0.086188
0.102911
0.260035
0.233939
0.107128
0.132408
0.140614
0.084948
0.204100
0.107087
0.057832
0.193629
0.162839
0.122992
0.102711
0.082751
0.311930
0.283213
0.110164
0.095640
0.217125
0.329948
0.191977
0.148715
0.094165
0.058924
0.165275
0.168392
0.157270
0.220533
0.021954
0.283503
0.170345
0.322379
0.212941
0.214284
0.182777
0.199096
0.197900
0.080992
0.107701
0.087336
0.414702
0.226522
0.181697
0.196300
0.222722
0.053412
0.036366
0.092557
0.113302
0.256189
0.116133
0.121491
0.059703
0.333925
0.313243
0.231509
0.206540
0.151410
0.205943
0.079991
0.238456
0.091803
0.022721
0.104728
0.160257
0.094708
0.184693
0.297830
0.188637
0.133854
0.114749
0.046217
0.176344
0.337383
0.143932
0.044929
0.108628
0.138457
0.060941
0.161220
0.129400
0.393942
0.237504
0.175748
0.086483
0.064519
0.074732
0.134527
0.162656
0.274011
0.043711
0.152504
0.101508
0.022721
0.026263
0.065804
0.381733
0.136086
0.208975
0.214770
0.047030
0.115600
0.057174
0.083196
0.121229
0.054723
0.114836
0.161526
0.043324
0.149815
0.118085
0.083512
0.065474
0.348487
0.313921
0.092101
0.024928
0.131662
0.216983
0.127091
0.020747
0.125239
0.071764
0.253434
0.260771
0.206152
0.068405
0.065962
0.145820
0.068959
0.114315
0.133730
0.018158
0.445617
0.165580
0.101224
0.471628
0.307480
0.054927
0.249379
0.069023
0.101945
0.299736
0.206041
0.157000
0.032725
0.108026
0.037812
0.044449
0.018036
0.242745
0.099868
0.132316
0.015139
0.083229
0.103812
0.062376
0.216040
0.065882
0.058863
0.041611
0.153746
0.239522
0.057833
0.221037
0.269743
0.265916
0.168217
0.041487
0.310794
0.049741
0.128960
0.263737
0.129962
0.077913
0.158390
0.058271
0.074118
0.124170
0.147684
0.167415
0.169034
0.184097
0.057672
0.118388
0.347407
0.106109
0.092234
0.046852
0.137341
0.129032
0.327789
0.232372
0.099543
0.115863
0.081241
0.063928
0.087191
0.166598
0.226559
0.126375
0.061244
0.078840
0.129051
0.129925
0.122965
0.029527
0.069716
0.084012
0.260248
0.200243
0.049133
0.083617
0.115387
0.155121
0.076587
0.075142
0.094313
0.069142
0.110908
0.076966
0.328120
0.414976
0.118001
0.106895
0.195688
0.083962
0.091185
0.140298
0.057589
0.080260
0.213317
0.081929
0.082950
0.116865
0.337147
0.209938
0.077645
0.095630
0.148124
0.207818
0.040760
0.277868
0.142619
0.120917
0.087997
0.131383
0.108882
0.102266
0.054545
0.299093
0.205325
0.149697
0.032023
0.037934
0.121792
0.157227
0.078025
0.214986
0.168021
0.093295
0.087633
0.041793
0.059483
0.104054
0.187383
0.333953
0.140230
0.025429
0.316547
0.048938
0.062283
0.094324
0.102162
0.125741
0.147672
0.054405
0.044438
0.100264
0.037961
0.047884
0.348869
0.183008
0.098754
0.166177
0.176936
0.046237
0.105265
0.037351
0.107977
0.046221
0.138216
0.042256
0.036692
0.331564
0.195249
0.052575
0.079295
0.063813
0.208818
0.221137
0.040697
0.097696
0.028949
0.094766
0.066869
0.173146
0.229756
0.052602
0.282979
0.095668
0.223097
0.015111
0.016298
0.051984
0.063287
0.056378
0.053973
0.124795
0.060127
0.380332
0.038990
0.121388
0.136987
0.417745
0.262599
0.292967
0.076320
0.345488
0.064463
0.145405
0.123065
0.049724
0.113916
0.031337
0.062748
0.114554
0.034761
0.075453
0.201102
0.274665
0.254340
0.133552
0.078696
0.059339
0.130858
0.110079
0.362198
0.185650
0.156838
0.083833
0.021456
0.146842
0.145444
0.146662
0.157608
0.133982
0.081552
0.025826
0.235881
0.093351
0.071874
0.182571
0.075947
0.227418
0.108446
0.070053
0.036225
0.065719
0.057083
0.482710
0.124953
0.148899
0.098980
0.072850
0.148076
0.107516
0.050470
0.066791
0.038609
0.038695
0.055660
0.063850
0.182023
0.007813
0.149769
0.143060
0.260828
0.062496
0.053527
0.119858
0.220008
0.049824
0.217961
0.060396
0.056272
0.361788
0.269648
0.127450
0.073626
0.005893
0.277150
0.151880
0.067414
0.058794
0.041453
0.129273
0.090713
0.124324
0.048520
0.270298
0.068084
0.095810
0.108849
0.139338
0.065249
0.104478
0.127975
0.101130
0.070912
0.083562
0.023163
0.160604
0.098571
0.017720
0.082702
0.119769
0.234308
0.162952
0.025291
0.083700
0.049728
0.392934
0.098176
0.100020
0.037052
0.229548
0.077025
0.478797
0.081069
0.122558
0.049704
0.091280
0.022218
0.015638
0.194965
0.204642
0.143596
0.050121
0.090198
0.116096
0.148975
0.021025
0.110281
0.024581
0.135655
0.136404
0.046724
0.091670
0.072260
0.157296
0.068953
0.061480
0.023496
0.083756
0.064434
0.068640
0.136748
0.053863
0.175556
0.154524
0.009782
0.067331
0.178099
0.325426
0.225667
0.100385
0.106518
0.045422
0.078695
0.145384
0.158226
0.088138
0.080432
0.192015
0.024661
0.048890
0.045147
0.108646
0.205616
0.126698
0.250673
0.052233
0.059882
0.123856
0.179782
0.062968
0.063215
0.189323
0.096812
0.036971
0.161941
0.074908
0.099032
0.039930
0.032965
0.120313
0.018785
0.142362
0.311581
0.017395
0.079353
0.311403
0.077800
0.073674
0.087524
0.165033
0.027378
0.055868
0.184216
0.017478
0.091734
0.108243
0.032397
0.282976
0.123158
0.105574
0.128851
0.068146
0.093757
0.406989
0.078881
0.077312
0.053165
0.056663
0.016779
0.060306
0.041696
0.123999
0.125812
0.048652
0.028501
0.163823
0.059149
0.046088
0.043229
0.057177
0.143029
0.245512
0.065999
0.017487
0.171616
0.070586
0.105550
0.094843
0.088396
0.065542
0.286073
0.119694
0.023530
0.011848
0.164691
0.173778
0.092226
0.039445
0.066965
0.171702
0.100917
0.226239
0.057527
0.181925
0.259760
0.019813
0.035059
0.069168
0.101743
0.159475
0.388355
0.225495
0.044069
0.148570
0.176834
0.160786
0.038569
0.073259
0.136998
0.045936
0.059190
0.066167
0.040051
0.011506
0.014305
0.185870
0.200616
0.469424
0.261565
0.172687
0.116967
0.056518
0.106187
0.070759
0.376602
0.095451
0.030905
0.266743
0.071319
0.090213
0.067273
0.179082
0.155470
0.058985
0.079542
0.050162
0.047543
0.174968
0.051094
0.131989
0.015005
0.172452
0.043646
0.440195
0.112672
0.072744
0.109348
0.015121
0.052813
0.176091
0.353734
0.139835
0.078116
0.142377
0.092782
0.038136
0.040906
0.357394
0.124770
0.101898
0.108349
0.032649
0.127727
0.202027
0.028565
0.084950
0.029693
0.243689
0.101932
0.078532
0.044137
0.230098
0.016403
0.093358
0.084469
0.253926
0.084174
0.068047
0.221930
0.200182
0.017690
0.026974
0.064129
0.045183
0.242665
0.132027
0.061064
0.376195
0.032930
0.060073
0.034163
0.082309
0.016572
0.220285
0.084879
0.065198
0.099127
0.124523
0.018787
0.013156
0.158750
0.225634
0.049668
0.207432
0.046418
0.009677
0.149303
0.063893
0.143965
0.049294
0.115073
0.099946
0.021740
0.088397
0.094386
0.032235
0.134330
0.037903
0.157541
0.248393
0.109039
0.183625
0.052736
0.132154
0.042077
0.202824
0.065263
0.120826
0.113289
0.099135
0.085187
0.046572
0.240866
0.028285
0.008062
0.060979
0.143675
0.076459
0.091171
0.027226
0.180682
0.044099
0.189651
0.044515
0.247182
0.024071
0.107956
0.090988
0.021585
0.141228
0.012226
0.171767
0.231293
0.157913
0.163006
0.247119
0.097039
0.025705
0.019241
0.093387
0.103987
0.063154
0.077928
0.022535
0.240832
0.058789
0.087921
0.125500
0.015787
0.054744
0.048494
0.055560
0.184055
0.067413
0.159134
0.050943
0.246774
0.110339
0.114450
0.167837
0.053588
0.075109
0.020933
0.115767
0.016625
0.005087
0.087963
0.097579
0.109791
0.098020
0.048944
0.050444
0.073366
0.098771
0.067627
0.087913
0.066576
0.038022
0.068886
0.261601
0.050157
0.206164
0.050459
0.106759
0.076602
0.031323
0.200805
0.080265
0.065993
0.138142
0.200848
0.023225
0.079286
0.253568
0.013396
0.029902
0.192601
0.019589
0.077760
0.301657
0.197932
0.051867
0.116697
0.044111
0.046448
0.054066
0.198357
0.167463
0.069748
0.063204
0.030159
0.225227
0.104707
0.047152
0.113546
0.028282
0.070902
0.076948
0.169653
0.074807
0.103409
0.073971
0.334832
0.126343
0.116051
0.162961
0.080890
0.085450
0.131520
0.288760
0.102045
0.037160
0.144181
0.044180
0.109647
0.055922
0.134250
0.117863
0.077274
0.297919
0.068892
0.049851
0.078734
0.097961
0.039489
0.115443
0.095002
0.152795
0.090160
0.033427
0.050308
0.109484
0.102578
0.095986
0.162260
0.031466
0.054001
0.161130
0.071418
0.038869
0.136486
0.186887
0.195359
0.116692
0.171924
0.171664
0.279403
0.093660
0.015398
0.210627
0.021566
0.060917
0.170828
0.269840
0.013564
0.054785
0.122877
0.048540
0.013818
0.222786
0.049595
0.038533
0.011434
0.064569
0.177097
0.071670
0.120783
0.146516
0.104294
0.228903
0.112666
0.038141
0.030478
0.194550
0.032059
0.083068
0.024446
0.069485
0.110730
0.040297
0.047293
0.125084
0.029826
0.068600
0.030374
0.028976
0.018158
0.054378
0.244432
0.201987
0.010634
0.158374
0.217442
0.078636
0.242056
0.091948
0.179169
0.033311
0.033253
0.084019
0.019715
0.227571
0.073100
0.191935
0.081123
0.088461
0.038747
0.040733
0.034576
0.068340
0.119692
0.040388
0.131352
0.094059
0.050985
0.257271
0.143577
0.240585
0.124876
0.016783
0.081869
0.103238
0.156336
0.124962
0.139778
0.087444
0.233485
0.138050
0.020492
0.103744
0.069792
0.017599
0.178680
0.032945
0.050179
0.188977
0.017492
0.084641
0.013245
0.059693
0.186149
0.020148
0.204714
0.140836
0.132495
0.030760
0.116906
0.218622
0.037497
0.086089
0.149555
0.069192
0.104453
0.089804
0.164460
0.008753
0.084727
0.126285
0.018923
0.066318
0.046055
0.049856
0.084171
0.132671
0.147971
0.059059
0.123085
0.066465
0.171401
0.137884
0.052421
0.119419
0.044375
0.033585
0.078819
0.037705
0.065368
0.166667
0.122669
0.057797
0.014775
0.043437
0.164246
0.216085
0.087931
0.100819
0.041513
0.100626
0.093134
0.163420
0.042969
0.009900
0.061839
0.076628
0.058388
0.071175
0.058048
0.136303
0.020969
0.019491
0.102792
0.125879
0.048675
0.283027
0.110396
0.044429
0.213178
0.061589
0.013937
0.110112
0.100648
0.093518
0.025299
0.202337
0.027775
0.039420
0.044055
0.029183
0.044986
0.199790
0.028070
0.246758
0.050147
0.016430
0.130295
0.058086
0.072256
0.061909
0.112656
0.170562
0.123054
0.029863
0.058135
0.059780
0.004887
0.036227
0.086534
0.055668
0.074807
0.160767
0.447415
0.272558
0.044461
0.169938
0.071698
0.136531
0.018551
0.016671
0.041259
0.092918
0.075269
0.004373
0.163552
0.046525
0.024532
0.107451
0.135481
0.013260
0.035686
0.264515
0.112997
0.099084
0.153406
0.032538
0.037037
0.050223
0.030148
0.218436
0.259302
0.193983
0.067612
0.076843
0.032174
0.107361
0.019153
0.108833
0.228943
0.249574
0.184960
0.230663
0.028127
0.151140
0.279049
0.111347
0.200419
0.140991
0.091452
0.207946
0.017288
0.032511
0.069364
0.030257
0.027913
0.062961
0.007108
0.068400
0.064379
0.069221
0.038707
0.329589
0.046732
0.142598
0.075439
0.090456
0.084897
0.033456
0.304916
0.128259
0.084559
0.085844
0.101703
0.197424
0.049574
0.059964
0.028066
0.018007
0.024746
0.048890
0.066061
0.023160
0.039880
0.081456
0.130969
0.091023
0.082289
0.025473
0.021412
0.021965
0.029458
0.045216
0.030659
0.036819
0.093104
0.054078
0.063529
0.376172
0.089478
0.093483
0.035050
0.077865
0.041271
0.134724
0.036073
0.080769
0.025897
0.051080
0.063568
0.040754
0.019011
0.036943
0.074802
0.126068
0.125617
0.015048
0.066403
0.024378
0.090004
0.053246
0.187018
0.104802
0.059409
0.019226
0.087407
0.079253
0.024615
0.157850
0.063605
0.107883
0.030196
0.088140
0.063033
0.030068
0.105671
0.109662
0.077853
0.132622
0.030912
0.018029
0.166020
0.011950
0.036532
0.315425
0.020187
0.078891
0.043955
0.044807
0.052931
0.047861
0.125806
0.128620
0.235591
0.395088
0.214763
0.092427
0.201473
0.021569
0.059103
0.049121
0.105963
0.112911
0.249942
0.174881
0.060707
0.037644
0.148340
0.037504
0.101042
0.037426
0.012502
0.064248
0.022636
0.010951
0.026578
0.121060
0.044259
0.115172
0.219040
0.318127
0.110743
0.051883
0.059980
0.032760
0.039314
0.096448
0.039559
0.026478
0.047110
0.098997
0.087964
0.039455
0.080802
0.147235
0.015992
0.063776
0.102848
0.084478
0.114858
0.017454
0.075057
0.075816
0.084162
0.063498
0.073616
0.056104
0.011907
0.025237
0.051889
0.038498
0.041798
0.038892
0.027136
0.052334
0.043297
0.213207
0.039061
0.073036
0.224066
0.051830
0.076398
0.069273
0.210876
0.129851
0.083694
0.051780
0.012108
0.012675
0.146716
0.047564
0.085548
0.059091
0.096293
0.027411
0.110273
0.155259
0.063187
0.082024
0.135983
0.070714
0.101852
0.005842
0.065697
0.190907
0.102642
0.015911
0.069250
0.062812
0.092421
0.207798
0.112425
0.005557
0.046690
0.130154
0.029064
0.099782
0.171563
0.079736
0.057217
0.019962
0.049959
0.131590
0.024139
0.068718
0.110926
0.021182
0.229034
0.091176
0.371869
0.037930
0.120312
0.065457
0.073348
0.385932
0.015315
0.209042
0.365758
0.072428
0.075131
0.093598
0.093739
0.086033
0.241197
0.012170
0.100074
0.040356
0.040308
0.019152
0.132929
0.008625
0.013423
0.334030
0.060508
0.171625
0.052835
0.023227
0.074097
0.037478
0.014455
0.075442
0.080422
0.059605
0.015443
0.107870
0.025593
0.116218
0.077959
0.070998
0.119976
0.236735
0.009301
0.052386
0.025465
0.131999
0.070265
0.070345
0.095432
0.035769
0.100973
0.318943
0.120555
0.137632
0.069893
0.015305
0.130194
0.218330
0.033002
0.009761
0.092214
0.067754
0.056325
0.325092
0.134571
0.076171
0.187775
0.098237
0.185575
0.335350
0.067202
0.062254
0.448033
0.357731
0.016486
0.108596
0.066194
0.065091
0.012789
0.012450
0.161152
0.023832
0.115825
0.120622
0.014773
0.128420
0.100484
0.142858
0.174287
0.151628
0.017214
0.100677
0.088918
0.072601
0.028561
0.116645
0.077012
0.071475
0.035016
0.068876
0.031908
0.024519
0.030011
0.026278
0.030515
0.182723
0.039026
0.205110
0.069695
0.213100
0.133671
0.058238
0.092398
0.036047
0.022042
0.163528
0.084289
0.071382
0.016145
0.069484
0.046111
0.109847
0.029841
0.027145
0.086085
0.225293
0.061180
0.074601
0.094168
0.036466
0.047285
0.008825
0.065369
0.008512
0.009263
0.051752
0.027037
0.092357
0.180901
0.056930
0.020970
0.043985
0.084910
0.035870
0.031963
0.059482
0.074496
0.144279
0.053908
0.014194
0.045855
0.095953
0.025884
0.039158
0.024923
0.172896
0.100512
0.058994
0.206607
0.014470
0.027045
0.060876
0.273328
0.104087
0.016666
0.059819
0.056780
0.178861
0.136887
0.076190
0.102219
0.134739
0.024528
0.046095
0.070037
0.108170
0.082988
0.053217
0.014462
0.011352
0.023741
0.088210
0.221439
0.077835
0.142254
0.255106
0.077837
0.043544
0.193673
0.042377
0.021714
0.114088
0.098546
0.011819
0.043617
0.037691
0.269245
0.039281
0.133012
0.066366
0.046414
0.045598
0.046351
0.054738
0.247286
0.077175
0.012315
0.353667
0.148921
0.444263
0.183751
0.030408
0.083623
0.036667
0.018523
0.100510
0.036280
0.102607
0.021620
0.020170
0.005463
0.074303
0.033043
0.109943
0.019207
0.126974
0.083114
0.244410
0.067412
0.077197
0.016045
0.226569
0.011459
0.215949
0.058064
0.098277
0.094675
0.029365
0.076178
0.028155
0.040278
0.055159
0.027476
0.035837
0.014271
0.058468
0.021402
0.020956
0.043266
0.101968
0.070117
0.032781
0.068700
0.047823
0.034446
0.028777
0.034276
0.029713
0.164351
0.039472
0.098159
0.100334
0.134029
0.064306
0.009083
0.062516
0.025280
0.102969
0.092841
0.029912
0.298177
0.056652
0.303392
0.030203
0.071025
0.132463
0.207348
0.084743
0.033481
0.028057
0.065231
0.014881
0.015626
0.087795
0.048850
0.083954
0.088142
0.030818
0.028224
0.031221
0.274295
0.053483
0.046721
0.334368
0.111454
0.052728
0.027204
0.034951
0.181898
0.092066
0.058312
0.060052
0.118358
0.172965
0.198804
0.016150
0.212336
0.242570
0.018524
0.194732
0.087530
0.085230
0.032381
0.213748
0.047081
0.035782
0.129843
0.094840
0.059277
0.023851
0.019241
0.085700
0.051848
0.170326
0.202592
0.058564
0.009271
0.073238
0.048041
0.066571
0.216903
0.036266
0.076788
0.052500
0.201934
0.233574
0.030970
0.047137
0.104996
0.010142
0.011075
0.066734
0.023590
0.068045
0.013038
0.010799
0.042549
0.076780
0.167501
0.035569
0.012355
0.056878
0.093429
0.058052
0.309901
0.135277
0.057017
0.015123
0.022655
0.171602
0.076558
0.181394
0.075902
0.113843
0.064221
0.095731
0.055591
0.134116
0.052638
0.099983
0.023834
0.051429
0.051838
0.079668
0.038891
0.212853
0.057686
0.055158
0.188812
0.083076
0.026637
0.017690
0.191690
0.032396
0.034061
0.019734
0.099000
0.135172
0.064515
0.174911
0.060509
0.011292
0.024183
0.068479
0.103166
0.135496
0.069181
0.089123
0.114546
0.082983
0.030697
0.032206
0.027221
0.062881
0.012471
0.131712
0.052174
0.033791
0.049387
0.217407
0.020555
0.033016
0.093931
0.082169
0.063776
0.041838
0.296238
0.083285
0.160682
0.113279
0.201398
0.066782
0.084990
0.041266
0.025588
0.008156
0.155241
0.019828
0.174656
0.040186
0.041207
0.089604
0.110919
0.021288
0.053369
0.004588
0.029049
0.087406
0.053215
0.205050
0.032727
0.085987
0.014860
0.076717
0.016396
0.021411
0.035522
0.036193
0.073293
0.251401
0.018082
0.052145
0.020412
0.123327
0.009611
0.008844
0.011217
0.051970
0.033478
0.187420
0.119609
0.114055
0.191495
0.026035
0.190005
0.347238
0.055814
0.095640
0.016098
0.329332
0.049045
0.031082
0.036831
0.003182
0.108480
0.043819
0.069926
0.066937
0.040393
0.021013
0.035301
0.035009
0.289430
0.159557
0.081595
0.180710
0.054044
0.151074
0.055788
0.020113
0.037670
0.122616
0.010485
0.043078
0.015385
0.203003
0.040059
0.017612
0.105621
0.029421
0.037982
0.039892
0.511611
0.070434
0.032509
0.020862
0.105981
0.082113
0.084497
0.086316
0.030467
0.062605
0.137699
0.219110
0.058210
0.102589
0.130540
0.151332
0.059891
0.110544
0.049199
0.180143
0.232415
0.176402
0.077800
0.237795
0.072940
0.067480
0.047763
0.087929
0.008111
0.175085
0.027224
0.049810
0.042653
0.030975
0.020777
0.078980
0.011547
0.025215
0.057922
0.011504
0.035846
0.074341
0.006792
0.047100
0.119017
0.075026
0.067598
0.033316
0.180129
0.014362
0.092608
0.073846
0.046732
0.115563
0.202761
0.023634
0.092369
0.004126
0.089850
0.052763
0.183807
0.058937
0.019214
0.063651
0.026665
0.199733
0.039921
0.006943
0.234143
0.008860
0.179006
0.100428
0.041861
0.008246
0.146430
0.053621
0.040910
0.005438
0.053284
0.026563
0.088965
0.218056
0.016201
0.033989
0.025677
0.124405
0.174702
0.100945
0.079147
0.187126
0.063901
0.088715
0.083991
0.199175
0.305294
0.148562
0.116695
0.111383
0.047571
0.035295
0.047158
0.032251
0.022036
0.020566
0.059690
0.086078
0.016514
0.151489
0.041541
0.199509
0.011502
0.167617
0.213546
0.048348
0.068385
0.241626
0.139695
0.040966
0.078472
0.115260
0.112799
0.038009
0.054930
0.292622
0.139128
0.054622
0.274115
0.018651
0.026865
0.011730
0.010631
0.032858
0.093338
0.079563
0.126780
0.011756
0.067552
0.053863
0.032783
0.015231
0.017910
0.038762
0.071647
0.120732
0.027235
0.087119
0.021861
0.074042
0.031486
0.016320
0.249458
0.017833
0.013141
0.100515
0.196674
0.030184
0.140999
0.184624
0.102998
0.016110
0.057437
0.082815
0.082698
0.038623
0.034139
0.030775
0.026058
0.016371
0.154409
0.021594
0.025354
0.005592
0.006405
0.014550
0.062034
0.078340
0.123309
0.011451
0.138775
0.019551
0.086339
0.283217
0.142412
0.040110
0.015210
0.085761
0.213489
0.016563
0.039112
0.005547
0.116229
0.356152
0.030840
0.091969
0.020984
0.107002
0.237815
0.007825
0.152097
0.042332
0.150649
0.287026
0.174676
0.090810
0.027824
0.166603
0.084976
0.040923
0.042991
0.006193
0.019635
0.274169
0.023571
0.111870
0.097054
0.055986
0.051498
0.080924
0.066255
0.058006
0.387229
0.086187
0.027754
0.168647
0.121114
0.052896
0.223024
0.032835
0.113802
0.048071
0.033049
0.032030
0.031810
0.004139
0.108432
0.070963
0.100533
0.017478
0.033547
0.243192
0.048169
0.055078
0.059391
0.119566
0.063543
0.313762
0.034469
0.195989
0.138114
0.093326
0.115826
0.010564
0.052460
0.020089
0.026452
0.134916
0.013853
0.137137
0.051874
0.017671
0.067384
0.290107
0.013087
0.062857
0.027059
0.089764
0.072307
0.011875
0.044648
0.117390
0.041481
0.064615
0.099110
0.118439
0.048298
0.239260
0.101191
0.123977
0.172943
0.084796
0.030801
0.133923
0.108631
0.006082
0.058620
0.042676
0.056108
0.048562
0.100203
0.036732
0.178513
0.044131
0.070576
0.022856
0.139098
0.069085
0.029596
0.088773
0.388653
0.038977
0.033030
0.042694
0.008465
0.015279
0.006079
0.052574
0.009200
0.104121
0.195075
0.081445
0.018638
0.093524
0.091945
0.112605
0.060897
0.094511
0.225892
0.035184
0.049323
0.132556
0.075164
0.106754
0.077620
0.016484
0.005968
0.123232
0.016209
0.016655
0.053278
0.053649
0.156087
0.048857
0.048533
0.239670
0.119319
0.178192
0.018184
0.025381
0.086173
0.195577
0.008706
0.010142
0.213369
0.004857
0.180107
0.023548
0.074718
0.122248
0.011484
0.034516
0.032527
0.010634
0.071730
0.012371
0.156779
0.087867
0.176056
0.221686
0.044068
0.051226
0.042001
0.033437
0.035379
0.060992
0.060238
0.108423
0.010766
0.077494
0.171801
0.080470
0.075025
0.033464
0.107478
0.014905
0.024482
0.025250
0.018494
0.186737
0.150238
0.244213
0.061955
0.090036
0.053147
0.026610
0.054681
0.111880
0.093026
0.015814
0.101693
0.010831
0.021406
0.012619
0.088655
0.038704
0.032603
0.048861
0.070667
0.030848
0.045359
0.074834
0.085740
0.131940
0.041993
0.057339
0.090412
0.091351
0.094446
0.079986
0.098401
0.153989
0.159233
0.134078
0.020254
0.005865
0.069217
0.061712
0.095021
0.036787
0.008537
0.036172
0.015706
0.025730
0.042740
0.015452
0.111189
0.040108
0.044041
0.119329
0.210339
0.010271
0.004693
0.006929
0.089858
0.020026
0.012258
0.011032
0.030771
0.080484
0.006073
0.031393
0.008955
0.014754
0.013958
0.100200
0.021099
0.103623
0.083381
0.040303
0.020746
0.018881
0.020944
0.040674
0.041783
0.209698
0.102073
0.052920
0.028961
0.122650
0.026522
0.197789
0.017955
0.089450
0.008612
0.163163
0.062648
0.056531
0.217487
0.018320
0.316842
0.004477
0.129202
0.092818
0.123526
0.219549
0.146284
0.010363
0.107662
0.092601
0.463382
0.113064
0.066605
0.040784
0.008889
0.021691
0.102187
0.020266
0.057801
0.183026
0.017981
0.143610
0.086298
0.009352
0.013044
0.127005
0.155467
0.183991
0.028190
0.036985
0.085877
0.025773
0.029860
0.108048
0.025408
0.168213
0.041827
0.013700
0.007028
0.068636
0.065478
0.170463
0.064625
0.080865
0.028994
0.049213
0.022300
0.058124
0.070083
0.015102
0.055956
0.058399
0.009811
0.123024
0.111433
0.120057
0.244172
0.013166
0.079938
0.074847
0.080152
0.056324
0.026902
0.077807
0.019431
0.006053
0.055248
0.049722
0.065786
0.035677
0.071276
0.276345
0.247546
0.140673
0.075703
0.079418
0.050219
0.052984
0.049884
0.035813
0.043021
0.242545
0.061162
0.009293
0.057336
0.055023
0.108473
0.132442
0.129484
0.063436
0.045925
0.009607
0.118515
0.134927
0.016379
0.125731
0.131848
0.190658
0.039645
0.037355
0.117894
0.051389
0.054829
0.010907
0.092489
0.109826
0.075354
0.021817
0.046660
0.040137
0.014831
0.065004
0.061087
0.093536
0.052487
0.013778
0.033191
0.009156
0.022913
0.057347
0.166533
0.048341
0.250104
0.168214
0.303703
0.040198
0.013789
0.104060
0.024393
0.005790
0.076592
0.092384
0.050840
0.055013
0.030818
0.029694
0.082804
0.043334
0.020445
0.105599
0.069356
0.082961
0.050145
0.041858
0.097424
0.030183
0.285640
0.165975
0.075080
0.040846
0.086992
0.230890
0.062897
0.136301
0.006748
0.061042
0.051284
0.019541
0.034972
0.065506
0.036498
0.009821
0.026868
0.056448
0.013066
0.030966
0.085881
0.310123
0.080803
0.068002
0.038430
0.056622
0.092525
0.029421
0.049248
0.169683
0.008855
0.091024
0.126038
0.015646
0.128464
0.020532
0.225808
0.009534
0.016927
0.210557
0.038279
0.031620
0.013488
0.119447
0.149841
0.158618
0.059291
0.147154
0.039769
0.018960
0.033721
0.034992
0.043395
0.113202
0.004125
0.034896
0.017534
0.008489
0.073286
0.093205
0.012356
0.019036
0.090028
0.065320
0.031914
0.063992
0.017609
0.024354
0.033118
0.068223
0.116309
0.054086
0.082925
0.119695
0.116023
0.055697
0.022420
0.121252
0.116364
0.080916
0.095327
0.148335
0.030984
0.025501
0.008573
0.017092
0.036405
0.074740
0.050722
0.008819
0.110396
0.064847
0.161066
0.177988
0.012627
0.050310
0.301655
0.068475
0.011059
0.091575
0.013289
0.050365
0.182755
0.199819
0.048699
0.054422
0.023048
0.069913
0.015816
0.028974
0.050881
0.013187
0.094157
0.025454
0.137743
0.067741
0.021556
0.120283
0.042572
0.090321
0.074094
0.033605
0.023348
0.169096
0.016457
0.152371
0.037253
0.012973
0.011637
0.027081
0.079323
0.175494
0.050557
0.031017
0.006045
0.059452
0.204887
0.129313
0.109785
0.107774
0.090609
0.166744
0.040519
0.171846
0.120426
0.053014
0.163411
0.157476
0.143303
0.060397
0.007413
0.102096
0.016270
0.041806
0.309505
0.116165
0.082331
0.341016
0.082142
0.018303
0.076768
0.062275
0.269230
0.032667
0.044644
0.174880
0.094616
0.060338
0.050098
0.048989
0.004343
0.033473
0.373664
0.129756
0.014247
0.201161
0.032476
0.184497
0.009115
0.202202
0.004393
0.013315
0.154538
0.021665
0.004826
0.039800
0.180535
0.084604
0.030883
0.006862
0.042571
0.049375
0.120005
0.065537
0.186007
0.068692
0.031667
0.004449
0.046373
0.018537
0.023037
0.018887
0.292191
0.085836
0.089622
0.010289
0.184819
0.018335
0.065836
0.209062
0.160491
0.181315
0.096993
0.056004
0.060632
0.039163
0.132113
0.022451
0.064675
0.009550
0.011441
0.067618
0.031464
0.054951
0.060073
0.140375
0.014156
0.014262
0.014399
0.002201
0.013647
0.037588
0.063419
0.170984
0.037250
0.034274
0.202247
0.021128
0.069646
0.039121
0.080015
0.027950
0.063074
0.046944
0.162383
0.141841
0.033563
0.012091
0.058505
0.051753
0.011423
0.016878
0.114019
0.062891
0.009984
0.097456
0.053632
0.034755
0.021550
0.055207
0.046410
0.057191
0.158716
0.054027
0.127583
0.007514
0.209964
0.053543
0.050346
0.021740
0.007654
0.012876
0.017667
0.005009
0.019732
0.005387
0.008315
0.131942
0.015369
0.032695
0.282592
0.287196
0.211809
0.059185
0.247349
0.145537
0.071821
0.138004
0.095191
0.182311
0.099862
0.046598
0.144693
0.097464
0.034139
0.008623
0.005591
0.059408
0.055132
0.057159
0.095484
0.058424
0.110519
0.032610
0.033216
0.067153
0.013191
0.040362
0.081755
0.130559
0.060641
0.028556
0.084377
0.034937
0.041928
0.149326
0.044597
0.014465
0.010845
0.016914
0.074025
0.161346
0.019235
0.050496
0.027265
0.079610
0.084745
0.130970
0.049340
0.091752
0.192417
0.048453
0.033640
0.186457
0.269633
0.065286
0.006940
0.084955
0.052094
0.073434
0.146610
0.036938
0.031936
0.030626
0.016677
0.036707
0.070371
0.085600
0.118047
0.171817
0.190006
0.082078
0.029385
0.116548
0.019138
0.060229
0.034100
0.106949
0.073569
0.024779
0.058331
0.025413
0.065511
0.006070
0.027957
0.056370
0.046180
0.070559
0.099486
0.059340
0.020437
0.112718
0.130199
0.063753
0.016684
0.009496
0.009462
0.010708
0.009164
0.198099
0.051210
0.023841
0.042126
0.051132
0.018557
0.041216
0.074469
0.033550
0.269150
0.068144
0.017132
0.063196
0.046013
0.079740
0.122358
0.049413
0.022718
0.123428
0.083202
0.037296
0.327953
0.359290
0.076114
0.170603
0.214657
0.098161
0.018148
0.031653
0.063751
0.036203
0.030897
0.009151
0.032626
0.039987
0.043018
0.119260
0.157592
0.157292
0.038999
0.054137
0.044896
0.052374
0.033358
0.041308
0.064219
0.009674
0.216804
0.159708
0.108615
0.055636
0.152716
0.048430
0.643300
0.114833
0.043771
0.046135
0.068263
0.095785
0.011323
0.082802
0.024499
0.146560
0.016955
0.113489
0.011569
0.040787
0.057924
0.056084
0.006549
0.153340
0.072995
0.006541
0.138973
0.054711
0.075203
0.087685
0.095356
0.008347
0.171463
0.089071
0.251660
0.084778
0.029605
0.014149
0.131113
0.061710
0.046713
0.099796
0.148952
0.099560
0.021851
0.048937
0.017110
0.051191
0.009775
0.023736
0.024924
0.026508
0.096651
0.102073
0.034638
0.018911
0.114274
0.025646
0.025561
0.103015
0.043685
0.037535
0.014547
0.136870
0.021427
0.130262
0.154061
0.135675
0.035694
0.058571
0.063573
0.082692
0.146457
0.149916
0.014588
0.011868
0.056185
0.013737
0.029017
0.091012
0.097362
0.126266
0.007355
0.048596
0.029474
0.045710
0.045382
0.099622
0.111515
0.013099
0.239601
0.004976
0.064270
0.115082
0.108881
0.015909
0.021756
0.058088
0.157042
0.026901
0.112077
0.243128
0.063887
0.044008
0.083376
0.006265
0.050005
0.077649
0.080984
0.048361
0.010012
0.051548
0.004791
0.053295
0.012867
0.041096
0.025782
0.018772
0.010039
0.135443
0.009233
0.012790
0.169826
0.027418
0.008374
0.067661
0.032635
0.026885
0.042389
0.037368
0.106397
0.044795
0.010259
0.183499
0.046514
0.204196
0.177408
0.269440
0.007738
0.032208
0.064906
0.082502
0.077510
0.038280
0.028515
0.031484
0.305940
0.125828
0.063095
0.273171
0.037929
0.090332
0.102466
0.090732
0.129235
0.128679
0.181834
0.032256
0.038160
0.081070
0.011924
0.035353
0.037624
0.058368
0.059275
0.020599
0.209172
0.003810
0.063349
0.022724
0.176522
0.069842
0.030930
0.080837
0.107404
0.141210
0.090206
0.042261
0.040587
0.150302
0.107521
0.039467
0.014322
0.035933
0.200278
0.038119
0.128270
0.218531
0.023931
0.026117
0.020149
0.017819
0.109143
0.009883
0.020901
0.105865
0.074381
0.339927
0.154062
0.118106
0.199163
0.035634
0.009366
0.147288
0.127716
0.015940
0.064410
0.268437
0.015476
0.045756
0.178843
0.075944
0.015773
0.074999
0.091691
0.017164
0.009849
0.123683
0.139665
0.031931
0.200462
0.049607
0.010997
0.006561
0.022139
0.118477
0.078014
0.345790
0.086126
0.015345
0.023230
0.066871
0.026528
0.021656
0.080002
0.071485
0.059841
0.024792
0.018519
0.110626
0.026199
0.024056
0.087490
0.028896
0.044992
0.054844
0.067633
0.073460
0.040890
0.059902
0.183969
0.152142
0.019018
0.402030
0.004000
0.076537
0.132358
0.050853
0.087539
0.141332
0.142151
0.026383
0.033292
0.069369
0.063681
0.028563
0.076395
0.173910
0.097293
0.044474
0.012093
0.081224
0.031847
0.012207
0.010392
0.066138
0.200446
0.019031
0.426691
0.044466
0.156274
0.032597
0.065286
0.013432
0.017245
0.171021
0.061770
0.021413
0.024256
0.016403
0.105454
0.054239
0.097825
0.040893
0.012301
0.063006
0.054765
0.051527
0.012113
0.027590
0.055917
0.062816
0.029327
0.107858
0.098163
0.015100
0.188347
0.030747
0.031791
0.105175
0.024800
0.003035
0.018129
0.044106
0.028971
0.086713
0.066193
0.089760
0.201240
0.047726
0.033301
0.093420
0.085396
0.150544
0.004857
0.112633
0.060426
0.077466
0.013773
0.036390
0.074731
0.061166
0.029291
0.045189
0.063129
0.042874
0.012612
0.103087
0.153791
0.001576
0.052139
0.038326
0.044246
0.080420
0.065193
0.022509
0.052327
0.032391
0.081333
0.021777
0.008140
0.046514
0.135987
0.035569
0.055399
0.007803
0.128143
0.029678
0.010043
0.012834
0.048716
0.048994
0.042060
0.036114
0.012682
0.033362
0.046459
0.224162
0.034329
0.003214
0.017365
0.194839
0.023909
0.007097
0.068665
0.006964
0.031597
0.307406
0.061216
0.075391
0.029401
0.012230
0.026280
0.065502
0.030782
0.020914
0.082439
0.017240
0.102151
0.048794
0.018414
0.031335
0.018496
0.068744
0.064519
0.042896
0.029741
0.007983
0.029513
0.020134
0.126363
0.089252
0.205101
0.016436
0.065788
0.035930
0.058495
0.038971
0.029780
0.070222
0.047195
0.126070
0.011785
0.115602
0.003920
0.002558
0.044086
0.004535
0.080858
0.015152
0.014231
0.193412
0.031564
0.088205
0.046795
0.008432
0.083952
0.031722
0.408579
0.044679
0.045462
0.033827
0.098792
0.036632
0.041021
0.046178
0.037422
0.007060
0.189625
0.019819
0.247662
0.035483
0.056372
0.017252
0.013859
0.066381
0.040382
0.010011
0.008366
0.181995
0.041221
0.078954
0.053199
0.069497
0.306208
0.009855
0.062682
0.017655
0.013554
0.109446
0.052009
0.040868
0.037995
0.078665
0.040475
0.009265
0.194994
0.062256
0.014123
0.063335
0.038895
0.009935
0.012079
0.008598
0.148133
0.082432
0.088430
0.061518
0.066716
0.021912
0.061800
0.084375
0.075781
0.083603
0.046208
0.151947
0.030390
0.033274
0.017463
0.131835
0.085285
0.047539
0.033673
0.027560
0.101866
0.156767
0.163254
0.155082
0.023759
0.201062
0.051157
0.039543
0.089874
0.013545
0.018435
0.028103
0.021283
0.206921
0.016200
0.070580
0.151368
0.053289
0.047014
0.064048
0.033432
0.100360
0.121578
0.025147
0.005359
0.016817
0.044625
0.162994
0.207696
0.027664
0.034931
0.059153
0.004477
0.054684
0.075529
0.105117
0.129077
0.025866
0.010593
0.090577
0.113413
0.095133
0.101787
0.054704
0.064000
0.030827
0.034950
0.054734
0.011946
0.034347
0.087250
0.179213
0.152301
0.172902
0.059176
0.013521
0.087564
0.112127
0.111963
0.009632
0.123057
0.029411
0.063444
0.248905
0.033620
0.177874
0.042958
0.139370
0.010240
0.092505
