2.266730
1.515758
2.500561
3.056462
2.347313
2.170995
2.324456
2.237067
2.263864
2.238326
2.147813
2.024612
2.876600
2.197673
2.109328
2.939045
2.138705
1.980738
1.457098
2.278788
1.620925
1.360658
1.146533
2.061126
1.367131
0.854643
1.339877
1.669835
1.262261
1.054411
1.082183
1.485206
1.706162
1.159567
1.390605
1.468329
1.264114
1.254743
0.892384
0.955866
1.527831
1.800311
1.252688
0.881555
0.763704
1.962647
1.990605
0.976363
0.999198
2.143973
1.815535
1.045667
0.984757
1.026769
0.964529
2.318313
1.075004
0.813122
0.818001
0.749974
0.949467
1.209832
0.801163
1.122777
0.566894
1.055684
1.282320
3.139144
1.289008
1.067265
0.735540
0.909272
0.557402
0.396015
0.876195
1.469023
0.459927
0.714123
1.189378
3.591108
0.891568
0.619485
0.702729
0.763740
0.759353
2.129130
1.687492
0.757643
0.515434
0.703755
0.620738
0.301228
0.397058
0.694203
1.552496
2.416673
0.639649
0.613010
0.336010
0.272954
0.377971
1.454366
3.090462
0.793776
0.753203
0.420498
0.408733
0.466223
0.830451
2.387388
0.782723
0.316930
0.421549
0.538712
0.487372
0.397937
0.608111
0.226570
0.338749
0.780757
0.194486
0.268889
0.808729
0.682618
0.619189
1.115975
0.315071
0.515175
1.012932
1.279163
1.084659
0.475948
0.517537
0.621003
0.783724
0.343993
0.184691
0.384982
0.953938
2.946866
2.155172
0.560908
0.621614
0.134568
0.570522
0.912837
2.591557
5.039901
0.671207
0.401232
0.940643
0.389007
0.317005
0.429550
0.178126
0.233059
0.451332
0.180365
0.605412
0.246934
0.264400
0.343001
0.135044
0.266178
0.253361
0.470499
0.185123
0.324037
0.189368
0.319739
0.963224
0.735120
1.551311
0.891756
0.259318
0.344861
0.185847
0.273072
0.056343
0.225727
0.250841
0.427427
0.421851
0.226097
0.822954
1.653208
0.581893
0.675992
0.253513
0.370265
0.326515
0.120676
0.457240
0.551920
0.165486
0.229169
0.230497
0.116802
0.204946
0.161263
0.481800
0.253260
0.361857
0.283696
0.285051
0.386382
0.255314
0.351730
0.194975
0.302536
0.212353
0.125140
0.332386
0.236020
0.435460
0.418442
0.328232
0.218939
0.227435
0.303978
0.318008
0.529181
0.611375
0.264044
0.186786
0.261807
0.119481
0.607429
0.205351
0.310168
0.230595
0.149145
0.155640
0.231153
0.112402
0.212975
0.275720
0.275634
0.147803
0.194439
0.532548
0.325955
0.436681
0.425970
0.569109
0.356386
0.325962
0.090761
0.052051
0.287746
0.082483
0.139478
0.127881
0.192198
0.232639
0.608897
0.684778
0.671734
0.176513
0.231900
0.162165
0.266571
0.166377
0.195950
0.461165
0.440281
0.332917
0.150459
0.273321
0.282089
0.092139
0.098813
0.335254
0.298091
0.718876
0.177379
0.168889
0.173952
0.082869
0.385525
0.164340
0.506076
0.219426
0.543430
0.960833
0.713257
0.250996
0.324588
0.195205
0.113319
0.067127
0.269506
0.127211
0.118077
0.181174
0.292166
0.155438
0.039433
0.236144
0.457888
0.075068
0.336743
0.242823
0.484674
0.261503
0.175956
0.177681
0.574299
0.154849
0.264023
0.159024
0.236118
0.196026
0.182045
0.335416
0.356836
0.182660
0.282146
0.329788
0.140641
0.117084
0.284615
0.253121
0.198653
0.329444
0.186427
0.131584
0.172959
0.137281
0.108210
0.164187
0.201262
0.035238
0.512599
0.198436
0.115721
0.197073
0.216095
0.238200
0.276159
0.579106
0.421225
0.239482
0.127849
0.144769
0.263131
0.123078
0.093739
0.143596
0.416544
0.264058
0.236429
0.093909
0.508281
0.339499
0.279752
0.270176
0.162266
0.146270
0.337535
0.426177
0.107887
0.140594
0.257521
0.281925
0.087394
0.131965
0.329794
0.476454
0.595908
0.171478
0.497530
0.160266
0.247135
0.118669
0.268798
0.106252
0.227664
0.190819
0.193207
0.116357
0.193126
0.055401
0.303841
0.149424
0.181990
0.352586
0.780223
0.403518
0.437282
0.290112
0.085721
0.078476
0.064698
0.266488
0.069954
0.238730
0.141376
0.179170
0.140243
0.163423
0.132204
0.481452
0.172474
0.367501
0.569996
0.154142
0.455450
0.083175
0.135394
0.019497
0.220810
0.313674
0.320289
0.429289
0.262988
0.084289
0.179256
0.289925
0.140085
0.168263
0.575398
0.664653
0.216951
0.088853
0.369398
0.112587
0.275070
0.160819
0.376767
0.167597
0.096280
0.061971
0.317912
0.184371
0.101279
0.199919
0.134072
0.082838
0.145393
0.099578
0.099762
0.395111
0.131945
0.304103
0.134867
0.261435
0.520221
0.039811
0.079925
0.391448
0.190531
0.080800
0.336956
0.566082
0.496275
0.191101
0.086843
0.049242
0.109189
0.111541
0.185981
0.205023
0.077032
0.313524
0.143144
0.241104
0.076253
0.225893
0.054278
0.329554
0.121493
0.094264
0.055862
0.208869
0.109683
0.233320
0.270375
0.180983
0.724665
0.048903
0.232461
0.133564
0.316616
0.029517
0.384420
0.045848
0.616460
0.142337
0.433721
0.243185
0.130634
0.214456
0.107105
0.324748
0.269211
0.359161
0.230454
0.393162
0.128312
0.329503
0.219346
0.809193
0.387838
0.205804
0.146795
0.199502
0.138122
0.066438
0.134375
0.096625
0.076922
0.104477
0.280898
0.730128
0.269551
0.292835
0.267889
0.391646
0.023875
0.119771
0.028435
0.166368
0.056430
0.261040
0.099493
0.141226
0.204939
0.390587
0.343887
0.046519
0.151616
0.412810
0.194525
0.282096
0.126699
0.198999
0.108191
0.275538
0.121336
0.372449
0.072568
0.233004
0.074969
0.081061
0.058284
0.224828
0.200117
0.134576
0.065147
0.066999
0.253949
0.314917
0.123945
0.525605
0.075082
0.214557
0.012323
0.218812
0.316581
0.071116
0.121265
0.180424
0.179326
0.386787
0.277700
0.190243
0.229298
0.517874
0.111863
0.078151
0.181661
0.057208
0.090228
0.542977
0.312987
0.309869
0.391497
0.041066
0.200850
0.559500
0.121484
0.132535
0.081787
0.055714
0.046960
0.252955
0.069682
0.096793
0.215651
0.169635
0.249916
0.188856
0.299324
0.644386
0.102223
0.185471
0.142030
0.083309
0.091275
0.050267
0.126150
0.168946
0.103592
0.185774
0.051400
0.088364
0.041647
0.203593
0.105069
0.042827
0.629430
0.488587
0.123881
0.055058
0.106173
0.260881
0.068347
0.109338
0.024652
0.159654
0.143409
0.150749
0.285960
0.116716
0.426132
0.600607
0.169522
0.232448
0.387486
0.108622
0.128419
0.203898
0.193922
0.113705
0.131678
0.224709
0.042844
0.016630
0.113377
0.160093
0.073106
0.514292
0.438749
0.119522
0.183390
0.275211
0.167866
0.176963
0.045937
0.058406
0.066452
0.092223
0.101497
0.058701
0.219052
0.071651
0.123328
0.198246
0.059914
0.195299
0.184994
0.053308
0.027756
0.410366
0.568964
0.071875
0.358732
0.141385
0.338302
0.080543
0.096886
0.099021
0.245658
0.569125
0.312025
0.090147
0.120645
0.496307
0.048128
0.419625
0.033734
0.056907
0.295777
0.362636
0.265680
0.513470
0.040059
0.142348
0.121318
0.155007
0.098774
0.057901
0.264177
0.250092
0.092144
0.159438
0.180169
0.397424
0.153760
0.068153
0.061537
0.078376
0.109682
0.172675
0.087290
0.052045
0.259071
0.151287
0.261893
0.199324
0.142171
0.303033
0.186606
0.168190
0.124149
0.197688
0.170981
0.125870
0.285446
0.184568
0.490492
0.078828
0.416972
0.537380
0.229053
0.098933
0.173365
0.164700
0.144172
0.036887
0.151520
0.036668
0.077764
0.116185
0.236488
0.088190
0.143186
0.257374
0.084528
0.064644
0.056551
0.102931
0.044569
0.073834
0.082941
0.040008
0.224358
0.244151
0.177218
0.260587
0.200507
0.061914
0.100997
0.260712
0.095095
0.188071
0.081072
0.106648
0.342496
0.050294
0.064882
0.034061
0.128301
0.106641
0.105473
0.289685
0.144547
0.272128
0.126856
0.087649
0.144715
0.221783
0.133321
0.170870
0.223524
0.140570
0.120849
0.113689
0.137193
0.186293
0.180238
0.333342
0.031497
0.097629
0.236724
0.368694
0.145887
0.106698
0.032221
0.192473
0.052585
0.394391
0.274636
0.171682
0.175943
0.216949
0.066417
0.187037
0.483745
0.193099
0.131182
0.014938
0.170250
0.127167
0.069836
0.053527
0.342217
0.258404
0.166565
0.224807
0.160467
0.063601
0.071033
0.096954
0.056847
0.232418
0.042277
0.072772
0.079007
0.160101
0.018334
0.043559
0.259026
0.226864
0.071123
0.219561
0.052096
0.523155
0.418571
0.203565
0.039202
0.103688
0.104200
0.090143
0.120835
0.258998
0.169636
0.161197
0.246674
0.045640
0.208190
0.130682
0.107554
0.206363
0.443397
0.234955
0.165263
0.659770
0.259405
0.192227
0.064400
0.086480
0.162948
0.210691
0.246041
0.037098
0.114227
0.134911
0.140546
0.042478
0.029798
0.307787
0.091463
0.559246
0.191193
0.131782
0.302885
0.172818
0.124454
0.211775
0.050390
0.297841
0.071636
0.047977
0.171605
0.269533
0.159610
0.300843
0.169651
0.128598
0.120031
0.206549
0.177081
0.116985
0.102905
0.150532
0.311819
0.531820
0.155768
0.255034
0.260024
0.315402
0.058197
0.079699
0.224750
0.176920
0.035052
0.184238
0.167681
0.045371
0.080544
0.166605
0.119503
0.145452
0.180783
0.057353
0.152032
0.123091
0.195078
0.038710
0.106121
0.036545
0.176091
0.079657
0.146103
0.076275
0.115807
0.140889
0.077236
0.254550
0.143677
0.388735
0.123461
0.102326
0.062669
0.214380
0.159478
0.426804
0.173863
0.229417
0.274561
0.462101
0.068159
0.245207
0.013385
0.103527
0.109272
0.090632
0.032815
0.024402
0.226717
0.478528
0.063839
0.156973
0.125859
0.085321
0.062159
0.255886
0.290116
0.067082
0.102199
0.152252
0.038069
0.107237
0.084337
0.046134
0.494461
0.090295
0.293448
0.083137
0.106846
0.188387
0.208501
0.148418
0.089761
0.110326
0.062994
0.095550
0.149163
0.178615
0.049562
0.169399
0.043804
0.168940
0.074224
0.040016
0.396630
0.183984
0.196174
0.586104
0.135300
0.033096
0.130709
0.100314
0.118965
0.057882
0.036022
0.188081
0.177112
0.137764
0.295146
0.202576
0.043783
0.134486
0.160145
0.246967
0.314709
0.135140
0.657638
0.418223
0.034311
0.100950
0.078195
0.201203
0.282238
0.051533
0.084904
0.089079
0.251458
0.132875
0.044427
0.225609
0.159141
0.074971
0.079731
0.061261
0.140062
0.175681
0.092918
0.260642
0.307670
0.103099
0.121483
0.061271
0.034156
0.089057
0.096947
0.061745
0.062749
0.109641
0.151827
0.211009
0.114678
0.098076
0.009604
0.192361
0.085325
0.429760
0.377132
0.329264
0.225136
0.015014
0.141908
0.094222
0.120366
0.131501
0.071291
0.047884
0.089316
0.056353
0.051250
0.154031
0.033905
0.411718
0.147267
0.071803
0.346813
0.220947
0.031750
0.109712
0.121840
0.073995
0.049626
0.088954
0.140338
0.043354
0.197130
0.232348
0.251666
0.168232
0.095628
0.128921
0.135020
0.076659
0.215628
0.015892
0.164003
0.145311
0.155452
0.129909
0.121274
0.296881
0.127849
0.072894
0.356392
0.339890
0.325562
0.115415
0.041542
0.149354
0.466284
0.082852
0.027743
0.040065
0.144304
0.043711
0.032274
0.100880
0.089005
0.158092
0.296621
0.178572
0.085565
0.193009
0.292496
0.127314
0.060526
0.161375
0.069534
0.169352
0.182122
0.181544
0.070233
0.108823
0.185863
0.509412
0.215363
0.274256
0.115121
0.253915
0.193523
0.013848
0.361503
0.162738
0.198820
0.187666
0.128973
0.298846
0.188251
0.096836
0.049389
0.069102
0.072242
0.102312
0.145144
0.202242
0.199237
0.046369
0.042429
0.099711
0.074650
0.036982
0.241934
0.125966
0.271825
0.338434
0.047384
0.063401
0.204956
0.106813
0.062501
0.057952
0.019121
0.212935
0.071311
0.133752
0.366515
0.074191
0.031683
0.082090
0.130916
0.096463
0.176240
0.078169
0.108863
0.212823
0.293801
0.038555
0.118144
0.168197
0.091298
0.073795
0.044213
0.174765
0.026001
0.189613
0.007587
0.169896
0.464571
0.143414
0.134389
0.065252
0.108823
0.256398
0.361908
0.078880
0.153947
0.159780
0.132446
0.058770
0.055496
0.047332
0.064688
0.332838
0.144375
0.385945
0.157327
0.068270
0.174627
0.275199
0.188398
0.014611
0.109105
0.099703
0.213987
0.116955
0.178781
0.065030
0.129269
0.030419
0.018293
0.089850
0.072300
0.032721
0.366410
0.081024
0.146295
0.033696
0.118169
0.075000
0.035207
0.090978
0.204444
0.072901
0.443357
0.045861
0.123793
0.025750
0.035019
0.047567
0.059578
0.215951
0.082165
0.135457
0.249582
0.220457
0.207292
0.245355
0.058371
0.028106
0.583430
0.119144
0.054598
0.031144
0.228185
0.260364
0.036941
0.017683
0.201420
0.143090
0.310591
0.048927
0.035269
0.141414
0.343239
0.329345
0.042951
0.026246
0.326637
0.225249
0.062263
0.042719
0.122211
0.048627
0.147105
0.035845
0.040559
0.093108
0.060536
0.041913
0.108809
0.042815
0.371248
0.088909
0.067023
0.085707
0.106261
0.024964
0.056327
0.151360
0.152002
0.111098
0.108917
0.173052
0.096871
0.056439
0.031810
0.012844
0.328844
0.150264
0.062323
0.033025
0.082651
0.175740
0.290828
0.154144
0.418437
0.099452
0.069542
0.305962
0.065990
0.272112
0.057842
0.058362
0.081904
0.251794
0.438827
0.077554
0.052042
0.080193
0.048135
0.086323
0.279637
0.143820
0.196737
0.071979
0.049131
0.271371
0.651744
0.054893
0.034921
0.175061
0.049820
0.174580
0.105385
0.025822
0.203174
0.023719
0.263562
0.039922
0.019022
0.050530
0.145490
0.394091
0.174594
0.130316
0.092805
0.158627
0.120664
0.045449
0.101945
0.057268
0.044772
0.148484
0.013687
0.196920
0.059112
0.169201
0.094948
0.059796
0.122255
0.125300
0.198082
0.030864
0.225829
0.132505
0.099975
0.139243
0.061626
0.238456
0.062466
0.058342
0.014157
0.154297
0.039738
0.077854
0.056600
0.035518
0.221005
0.042985
0.134904
0.223585
0.150171
0.045807
0.035638
0.155456
0.049695
0.102615
0.215669
0.091342
0.197724
0.083721
0.013476
0.248770
0.134594
0.179038
0.105826
0.038972
0.092213
0.022513
0.295841
0.095521
0.043636
0.139331
0.052118
0.054128
0.101486
0.084776
0.615600
0.073162
0.323357
0.218494
0.296188
0.230016
0.033718
0.130440
0.038218
0.199566
0.097308
0.065459
0.145242
0.278387
0.238557
0.063480
0.086272
0.163118
0.120594
0.015879
0.371959
0.039483
0.156075
0.062846
0.076071
0.189888
0.075076
0.132483
0.035639
0.057704
0.125727
0.208358
0.106617
0.266097
0.037313
0.057913
0.016251
0.049456
0.054492
0.073310
0.040376
0.283556
0.060050
0.076960
0.196530
0.099500
0.109592
0.130891
0.152554
0.079517
0.032519
0.087129
0.011411
0.151859
0.308080
0.019946
0.164018
0.211532
0.093073
0.499250
0.060279
0.052582
0.130176
0.278491
0.429642
0.066362
0.208393
0.177371
0.122310
0.081122
0.030511
0.222332
0.053355
0.178874
0.081361
0.108863
0.408541
0.062965
0.149125
0.109171
0.083450
0.152236
0.160024
0.263154
0.013852
0.090645
0.039188
0.150793
0.175893
0.251006
0.085099
0.105280
0.046645
0.121360
0.291950
0.069538
0.086613
0.071772
0.179447
0.504238
0.372790
0.131422
0.077432
0.033918
0.047969
0.121905
0.179351
0.179045
0.064271
0.161171
0.124533
0.135560
0.172623
0.099732
0.118412
0.051043
0.112684
0.205275
0.061137
0.066771
0.026554
0.461325
0.034493
0.019946
0.019196
0.019161
0.123616
0.064431
0.042946
0.021119
0.039899
0.113360
0.094044
0.065485
0.108048
0.083213
0.156801
0.093910
0.240022
0.031790
0.051422
0.051019
0.317384
0.026264
0.177737
0.225011
0.356219
0.172810
0.497494
0.113013
0.466889
0.200180
0.068813
0.069913
0.107744
0.104251
0.090958
0.076121
0.081964
0.036494
0.074851
0.127199
0.093306
0.087174
0.070950
0.111296
0.173525
0.232713
0.074114
0.046032
0.095312
0.186743
0.173039
0.165073
0.119335
0.049673
0.202085
0.145451
0.103677
0.149177
0.094957
0.060639
0.048157
0.056648
0.149849
0.074334
0.132486
0.065447
0.052804
0.166324
0.026773
0.018447
0.051602
0.023347
0.116193
0.102110
0.135614
0.199046
0.095867
0.054959
0.106254
0.071184
0.383427
0.168938
0.077536
0.157779
0.052925
0.208596
0.346569
0.386172
0.083028
0.374135
0.033479
0.048766
0.085987
0.118857
0.221040
0.026449
0.039780
0.161311
0.050236
0.055012
0.150487
0.075449
0.238463
0.354561
0.108981
0.057164
0.347961
0.205889
0.037485
0.098989
0.070355
0.016931
0.167506
0.224387
0.042650
0.055221
0.008006
0.056727
0.601288
0.120198
0.027328
0.039165
0.029690
0.301291
0.120302
0.064704
0.071925
0.192276
0.050894
0.066847
0.295520
0.089032
0.168968
0.038596
0.247232
0.033461
0.262175
0.241873
0.071477
0.244670
0.038186
0.172877
0.165197
0.025628
0.113315
0.024459
0.136535
0.057933
0.148796
0.159346
0.008295
0.112976
0.066509
0.139193
0.209444
0.186893
0.475897
0.098580
0.045527
0.075142
0.039152
0.084320
0.064762
0.079158
0.048391
0.201446
0.027569
0.062760
0.107223
0.035856
0.077556
0.021335
0.147979
0.317542
0.337964
0.099834
0.050539
0.031890
0.094765
0.080822
0.230840
0.050848
0.439919
0.144538
0.034603
0.247625
0.021435
0.158308
0.139188
0.066111
0.223818
0.112643
0.115120
0.147055
0.048903
0.281672
0.091436
0.162074
0.066512
0.237915
0.046600
0.240710
0.072411
0.020293
0.109802
0.111604
0.055476
0.085332
0.024166
0.097619
0.259403
0.171367
0.175456
0.131654
0.058602
0.062784
0.112975
0.125197
0.135212
0.042116
0.058053
0.039812
0.082931
0.044064
0.054803
0.032029
0.247941
0.080191
0.049938
0.440664
0.276051
0.109266
0.230448
0.037427
0.162475
0.172667
0.024576
0.281527
0.190810
0.195025
0.110034
0.081671
0.066175
0.052945
0.199757
0.069880
0.025773
0.116286
0.033215
0.195842
0.032560
0.174396
0.060386
0.032202
0.066307
0.194366
0.060344
0.112273
0.045541
0.023763
0.077232
0.062733
0.052075
0.166181
0.095795
0.080950
0.246746
0.259718
0.154919
0.069468
0.128058
0.106313
0.142492
0.362582
0.084408
0.096985
0.031904
0.070908
0.210564
0.054146
0.027600
0.406562
0.129714
0.085206
0.042769
0.076761
0.262050
0.148452
0.079294
0.136065
0.013996
0.366161
0.203878
0.217179
0.044058
0.030881
0.138475
0.006069
0.053455
0.310912
0.238839
0.074533
0.076008
0.029057
0.056502
0.454677
0.151367
0.067309
0.091830
0.019835
0.305014
0.060986
0.031788
0.193513
0.204310
0.060258
0.079529
0.191167
0.123863
0.044815
0.015918
0.048071
0.107773
0.108203
0.090596
0.049901
0.240631
0.059640
0.100141
0.116003
0.116282
0.133236
0.060455
0.039099
0.053756
0.079131
0.051068
0.159322
0.163301
0.136733
0.023470
0.068063
0.019952
0.039061
0.100443
0.076436
0.202967
0.281807
0.096067
0.186840
0.154943
0.066440
0.080025
0.048022
0.133385
0.086287
0.100815
0.101299
0.184504
0.054556
0.148914
0.045897
0.044754
0.032942
0.098144
0.128052
0.044082
0.239367
0.244325
0.107926
0.071420
0.369451
0.062212
0.018170
0.103212
0.037134
0.164531
0.062083
0.044642
0.241392
0.122133
0.152527
0.073361
0.068549
0.131176
0.539914
0.073553
0.048030
0.156619
0.017628
0.169388
0.185728
0.063962
0.118755
0.056067
0.137009
0.033542
0.023040
0.024807
0.126420
0.891688
0.120928
0.244172
0.179399
0.100891
0.077179
0.089635
0.007768
0.045050
0.041256
0.040943
0.099295
0.050638
0.058496
0.066815
0.049318
0.150044
0.121569
0.030109
0.017507
0.191434
0.408249
0.559500
0.267397
0.103183
0.140933
0.161932
0.017917
0.038955
0.085282
0.085605
0.085547
0.063744
0.119651
0.014196
0.029381
0.074201
0.073107
0.120896
0.154839
0.068504
0.042902
0.062428
0.186759
0.029544
0.069964
0.247535
0.096132
0.179302
0.167358
0.049790
0.120333
0.210793
0.059142
0.039368
0.323872
0.145113
0.101506
0.114089
0.029789
0.089719
0.143975
0.478945
0.263558
0.075151
0.296611
0.104724
0.037887
0.103753
0.034219
0.054943
0.151077
0.087755
0.079196
0.225046
0.056074
0.552533
0.077155
0.023663
0.154519
0.324067
0.106442
0.051416
0.042751
0.155426
0.124420
0.210907
0.019326
0.044782
0.092764
0.025286
0.052662
0.041809
0.097998
0.006485
0.258989
0.077723
0.066559
0.186497
0.168137
0.215146
0.073418
0.247832
0.153903
0.098690
0.110768
0.076249
0.114429
0.038398
0.093099
0.025262
0.010096
0.025764
0.137889
0.047572
0.093371
0.145110
0.039262
0.051190
0.222514
0.529763
0.072389
0.200996
0.092404
0.026450
0.177934
0.166401
0.013770
0.016086
0.074942
0.144738
0.412866
0.079354
0.133690
0.032219
0.096307
0.010530
0.032848
0.041096
0.143434
0.075599
0.210002
0.053757
0.057165
0.070273
0.454120
0.144133
0.043315
0.036177
0.076249
0.069827
0.037003
0.098080
0.155670
0.093028
0.233218
0.065024
0.100614
0.099227
0.067432
0.132622
0.137600
0.040439
0.264768
0.070426
0.198092
0.090083
0.084501
0.056055
0.076842
0.065125
0.133671
0.030051
0.015328
0.062108
0.039676
0.058474
0.066586
0.050632
0.237331
0.046199
0.244629
0.014407
0.180337
0.563100
0.014987
0.022472
0.034626
0.101692
0.114637
0.032409
0.104376
0.093282
0.039590
0.033199
0.054663
0.088018
0.015182
0.101846
0.204419
0.161518
0.140183
0.038920
0.221142
0.233591
0.007921
0.249576
0.054793
0.077558
0.053502
0.052354
0.024372
0.166063
0.041204
0.083368
0.088254
0.033049
0.032501
0.035310
0.110354
0.043272
0.061747
0.116421
0.069746
0.026334
0.060419
0.100586
0.245644
0.071465
0.119197
0.307732
0.057991
0.083587
0.382643
0.227169
0.123447
0.179230
0.026777
0.085093
0.187456
0.095399
0.555344
0.144760
0.063630
0.016967
0.272439
0.048709
0.210541
0.149014
0.062578
0.047187
0.142262
0.035051
0.037366
0.153855
0.036645
0.239258
0.131313
0.031394
0.255776
0.020644
0.031947
0.014390
0.036249
0.104078
0.024729
0.179694
0.113774
0.035641
0.057314
0.160691
0.061203
0.096019
0.154262
0.029397
0.249539
0.059060
0.286897
0.166652
0.071562
0.279766
0.106680
0.097207
0.224248
0.174355
0.130221
0.145255
0.058370
0.104040
0.072501
0.238969
0.115347
0.138219
0.061968
0.408312
0.094116
0.042415
0.207944
0.092286
0.059996
0.093025
0.049754
0.156016
0.079244
0.080478
0.040126
0.149814
0.037409
0.190042
0.148988
0.006059
0.219474
0.105112
0.140862
0.026286
0.016003
0.118828
0.067094
0.110774
0.070577
0.027756
0.175975
0.478064
0.007656
0.048509
0.160075
0.074211
0.255756
0.139321
0.084725
0.081130
0.014909
0.015908
0.036909
0.091708
0.164389
0.199097
0.181289
0.162632
0.096001
0.105245
0.064602
0.010373
0.108703
0.194520
0.068367
0.115088
0.272161
0.040523
0.219594
0.213464
0.036824
0.158432
0.128598
0.107824
0.056422
0.009929
0.019306
0.029934
0.039911
0.128198
0.028447
0.118241
0.158087
0.066667
0.059613
0.086265
0.059634
0.061798
0.038154
0.053840
0.313843
0.018733
0.059737
0.095357
0.060571
0.078800
0.041004
0.015269
0.161223
0.071551
0.171391
0.157721
0.544978
0.254226
0.178039
0.151184
0.108505
0.195857
0.097318
0.129077
0.093178
0.091165
0.025074
0.219780
0.043844
0.044671
0.105834
0.019024
0.225147
0.037202
0.164721
0.260757
0.012838
0.032211
0.040321
0.061039
0.058071
0.070443
0.056836
0.103022
0.198242
0.051679
0.045993
0.090027
0.111225
0.052058
0.340446
0.093408
0.040638
0.016525
0.297800
0.039636
0.033951
0.063501
0.182903
0.222764
0.030333
0.085083
0.102290
0.123001
0.045843
0.077364
0.012951
0.049608
0.092041
0.088514
0.159222
0.078998
0.212257
0.014528
0.033837
0.089220
0.042116
0.097874
0.115682
0.028999
0.079014
0.140331
0.177026
0.034238
0.116780
0.065130
0.106741
0.216570
0.135075
0.050408
0.050362
0.040219
0.062024
0.095784
0.161439
0.100665
0.014384
0.130796
0.012744
0.037270
0.266298
0.605449
0.292159
0.062160
0.017631
0.090730
0.126301
0.041316
0.071844
0.014861
0.031403
0.020727
0.029893
0.048351
0.096360
0.149071
0.146095
0.185599
0.086192
0.113906
0.116665
0.169729
0.042185
0.068784
0.058918
0.095763
0.200440
0.106132
0.085672
0.097202
0.018669
0.030899
0.058892
0.154682
0.359928
0.081005
0.093758
0.052408
0.298507
0.095298
0.054645
0.109715
0.259732
0.033161
0.028280
0.056075
0.168371
0.126265
0.055790
0.201488
0.075468
0.250667
0.135278
0.058326
0.099061
0.131131
0.279585
0.037463
0.200040
0.075209
0.114825
0.061849
0.040207
0.249093
0.160639
0.113860
0.125749
0.028347
0.125574
0.023702
0.073334
0.193110
0.134680
0.079059
0.159411
0.053436
0.103877
0.180711
0.144326
0.062760
0.113032
0.207599
0.071675
0.116180
0.127197
0.012217
0.041497
0.009374
0.044185
0.057464
0.058386
0.131924
0.014282
0.038950
0.031295
0.016684
0.029698
0.016532
0.246970
0.112271
0.285531
0.135482
0.021143
0.084661
0.020287
0.072387
0.128960
0.022912
0.049469
0.057024
0.369691
0.215395
0.222258
0.061889
0.028281
0.097492
0.085023
0.042749
0.069686
0.205965
0.147963
0.129588
0.309963
0.044332
0.066120
0.018221
0.057443
0.025682
0.210368
0.103289
0.070496
0.164609
0.072091
0.099463
0.042381
0.030785
0.463444
0.025414
0.128178
0.136604
0.129460
0.017323
0.146270
0.136232
0.101692
0.345109
0.024360
0.039024
0.115705
0.086290
0.022854
0.186770
0.093426
0.051200
0.209807
0.079738
0.042972
0.209101
0.334520
0.136713
0.158240
0.109572
0.036365
0.190688
0.107076
0.018267
0.040643
0.161018
0.039254
0.167595
0.085495
0.080896
0.103022
0.205139
0.028186
0.091280
0.075318
0.025591
0.033020
0.105309
0.104227
0.023024
0.109497
0.218087
0.222200
0.415750
0.042386
0.042088
0.126926
0.147706
0.067387
0.048181
0.012126
0.045980
0.064626
0.051657
0.026238
0.009517
0.108395
0.016538
0.094724
0.020198
0.094243
0.061312
0.070577
0.116810
0.193963
0.086621
0.116658
0.119189
0.013285
0.092284
0.185730
0.075006
0.032131
0.751430
0.048847
0.046608
0.033938
0.367959
0.086448
0.064406
0.162146
0.017153
0.219103
0.244689
0.012239
0.108548
0.098599
0.049345
0.336702
0.010272
0.140590
0.062319
0.219055
0.011110
0.107345
0.092797
0.023817
0.033268
0.086367
0.156281
0.013195
0.339517
0.135346
0.095686
0.128176
0.025859
0.219326
0.097758
0.343244
0.089603
0.089117
0.023522
0.030947
0.050697
0.089884
0.121429
0.094784
0.032319
0.037002
0.124847
0.313374
0.046360
0.023528
0.012104
0.050633
0.098559
0.103511
0.032647
0.102770
0.140996
0.079929
0.070707
0.100978
0.069189
0.089893
0.046271
0.074728
0.022958
0.028489
0.041679
0.044690
0.292661
0.048203
0.202922
0.046889
0.143194
0.196490
0.017236
0.038166
0.146742
0.074035
0.064147
0.058272
0.045140
0.074247
0.076384
0.027638
0.043370
0.072024
0.045605
0.094804
0.052224
0.131441
0.056635
0.029587
0.255913
0.084871
0.086298
0.137558
0.016480
0.090104
0.150549
0.552956
0.025468
0.125644
0.149351
0.079406
0.060178
0.035685
0.207148
0.149723
0.053019
0.026661
0.141900
0.052277
0.024852
0.043408
0.074387
0.176873
0.281206
0.040667
0.043207
0.168348
0.057247
0.349259
0.108623
0.018827
0.248657
0.167872
0.203852
0.037503
0.021727
0.189307
0.086459
0.025356
0.017642
0.011011
0.056534
0.398634
0.078051
0.244206
0.022685
0.069033
0.015513
0.101780
0.088972
0.401398
0.054024
0.050243
0.033733
0.070166
0.034918
0.152624
0.034442
0.091101
0.092920
0.080764
0.016577
0.078869
0.036912
0.074694
0.026473
0.142279
0.101755
0.390212
0.266256
0.026666
0.181185
0.012025
0.074329
0.120370
0.044120
0.038948
0.027732
0.198193
0.068999
0.094134
0.036285
0.192296
0.009879
0.030862
0.184347
0.047942
0.031173
0.035418
0.055490
0.048977
0.148625
0.218879
0.115787
0.110026
0.281034
0.070638
0.152949
0.092439
0.021148
0.114706
0.144413
0.104232
0.030217
0.036646
0.059123
0.223446
0.085385
0.066076
0.069432
0.056175
0.155759
0.053762
0.164747
0.021741
0.089472
0.042027
0.010849
0.099340
0.179918
0.128954
0.078233
0.032895
0.029646
0.091078
0.012478
0.097865
0.098101
0.155177
0.102672
0.035034
0.123342
0.026043
0.055437
0.039705
0.070831
0.292247
0.435449
0.099891
0.018747
0.031115
0.079432
0.297842
0.018129
0.082539
0.034648
0.106198
0.062295
0.142889
0.013610
0.012085
0.232202
0.067190
0.098635
0.071564
0.045949
0.020535
0.273050
0.178862
0.234054
0.070637
0.100382
0.039352
0.074035
0.106742
0.030948
0.095799
0.021241
0.086493
0.067419
0.160284
0.050105
0.045393
0.055228
0.187928
0.172245
0.077030
0.038988
0.044762
0.092129
0.194631
0.077877
0.154771
0.007767
0.114192
0.023554
0.100076
0.413491
0.015748
0.026409
0.243002
0.049023
0.072457
0.058654
0.056513
0.062806
0.066571
0.088890
0.038267
0.054151
0.060224
0.014794
0.106824
0.210708
0.095467
0.018074
0.061123
0.010647
0.311456
0.365122
0.138588
0.017488
0.070008
0.099236
0.127812
0.061525
0.101229
0.001946
0.009786
0.078594
0.008379
0.121887
0.108550
0.288011
0.084481
0.340473
0.055073
0.024054
0.059676
0.025671
0.113261
0.056994
0.163809
0.150060
0.151643
0.020566
0.116653
0.021508
0.085057
0.051175
0.120057
0.082235
0.063407
0.059933
0.177544
0.032641
0.048391
0.277183
0.290703
0.142116
0.228140
0.095009
0.252777
0.057754
0.136163
0.085568
0.302840
0.101927
0.016894
0.093486
0.010433
0.062375
0.359555
0.046072
0.011237
0.109231
0.057222
0.079628
0.158145
0.070693
0.105535
0.017386
0.210039
0.038877
0.040468
0.123816
0.026973
0.027727
0.024962
0.118179
0.127140
0.056057
0.023605
0.218351
0.048387
0.040848
0.075874
0.573652
0.084613
0.059142
0.033076
0.216917
0.052961
0.083980
0.144573
0.144728
0.080454
0.184891
0.067431
0.214232
0.060793
0.054130
0.143172
0.033892
0.143465
0.100252
0.089404
0.249177
0.133533
0.103579
0.028911
0.048844
0.014090
0.168739
0.024056
0.026786
0.093202
0.031998
0.103510
0.038170
0.105199
0.025995
0.090580
0.019343
0.029514
0.002040
0.010791
0.071384
0.056604
0.087014
0.081194
0.034502
0.109395
0.145159
0.048750
0.105344
0.179225
0.243021
0.097289
0.199148
0.141215
0.034510
0.049196
0.005666
0.025688
0.047341
0.215266
0.148362
0.042597
0.240107
0.100866
0.012118
0.017395
0.028184
0.014609
0.464376
0.122004
0.013988
0.021183
0.271619
0.305792
0.100162
0.167229
0.130771
0.077661
0.161529
0.096889
0.094683
0.054116
0.035314
0.021194
0.151964
0.018078
0.036799
0.014276
0.141009
0.045718
0.050894
0.024604
0.238092
0.020693
0.224105
0.051575
0.055636
0.397107
0.023176
0.309399
0.091584
0.046102
0.034225
0.082278
0.089264
0.038567
0.006524
0.077454
0.024796
0.082488
0.018300
0.020236
0.042976
0.164532
0.380057
0.037199
0.228225
0.040391
0.047598
0.369097
0.136762
0.032115
0.105849
0.036241
0.175579
0.221847
0.062675
0.042078
0.014574
0.034671
0.055022
0.023572
0.038620
0.293898
0.113588
0.080894
0.020906
0.031788
0.019017
0.277704
0.377858
0.033855
0.343376
0.183864
0.039793
0.054405
0.115091
0.016775
0.097890
0.049644
0.037230
0.044147
0.081740
0.028338
0.028454
0.071472
0.218918
0.084777
0.020921
0.037728
0.057207
0.032806
0.043899
0.085705
0.050291
0.284345
0.152653
0.064767
0.020747
0.127214
0.464490
0.089232
0.074911
0.087147
0.015958
0.050485
0.170629
0.086974
0.223747
0.074429
0.067061
0.056841
0.035724
0.056879
0.186184
0.187265
0.024765
0.087936
0.106137
0.164838
0.391286
0.024447
0.058661
0.091941
0.183512
0.030616
0.111416
0.007312
0.037669
0.044526
0.216221
0.015686
0.257784
0.008305
0.062425
0.027883
0.077316
0.302599
0.169691
0.071328
0.063247
0.064786
0.030688
0.070969
0.173393
0.044122
0.082088
0.083056
0.402646
0.062143
0.076096
0.051623
0.035581
0.011420
0.113326
0.016858
0.047874
0.433436
0.088148
0.029556
0.055359
0.071479
0.056391
0.160277
0.135328
0.144160
0.043418
0.109076
0.043330
0.123647
0.010858
0.064096
0.024391
0.028640
0.065045
0.249124
0.066010
0.189108
0.021746
0.025905
0.146657
0.031172
0.011408
0.098210
0.020271
0.074768
0.394227
0.167207
0.292105
0.029999
0.080552
0.155845
0.046994
0.045150
0.153725
0.037732
0.048324
0.044854
0.052944
0.055888
0.160484
0.122310
0.055507
0.045409
0.447205
0.006924
0.087540
0.149643
0.035070
0.089633
0.011684
0.201130
0.079696
0.042944
0.022506
0.039431
0.066237
0.049233
0.039760
0.071857
0.162987
0.111978
0.149911
0.053193
0.192652
0.053865
0.128500
0.027643
0.040661
0.146048
0.027516
0.077575
0.027988
0.085596
0.037908
0.493844
0.101148
0.091936
0.038101
0.066629
0.032528
0.044191
0.034212
0.074395
0.024577
0.094726
0.088300
0.050180
0.019460
0.087082
0.068110
0.015999
0.048440
0.084950
0.025100
0.015043
0.074252
0.106891
0.568407
0.032513
0.009522
0.057764
0.072370
0.290800
0.100159
0.058610
0.220606
0.030019
0.022442
0.077518
0.021357
0.138306
0.077238
0.033171
0.070304
0.140804
0.078147
0.036401
0.227425
0.030145
0.159187
0.156357
0.145284
0.099416
0.025833
0.024766
0.043442
0.257271
0.206510
0.074946
0.192921
0.025445
0.072688
0.089824
0.096915
0.158868
0.003930
0.072770
0.083919
0.132793
0.102191
0.057971
0.373310
0.064227
0.024454
0.090383
0.017660
0.167564
0.030256
0.047190
0.060060
0.127444
0.123101
0.050046
0.180568
0.028695
0.148493
0.074438
0.057872
0.040079
0.010155
0.071660
0.067342
0.195702
0.086410
0.048238
0.263648
0.046586
0.107556
0.034050
0.506790
0.013360
0.104413
0.087074
0.047470
0.017220
0.017727
0.076915
0.311104
0.068995
0.042643
0.292283
0.128926
0.031395
0.087620
0.094823
0.165577
0.122725
0.058711
0.105766
0.016781
0.046869
0.032682
0.079375
0.037271
0.019471
0.043231
0.012358
0.049149
0.023071
0.040424
0.027153
0.045417
0.096702
0.147901
0.082007
0.064306
0.013665
0.309802
0.107923
0.252313
0.029298
0.037654
0.084863
0.040116
0.040923
0.088738
0.069121
0.127138
0.239364
0.034720
0.057179
0.015367
0.119176
0.152583
0.239074
0.048001
0.032729
0.033390
0.044666
0.076606
0.020080
0.163666
0.237242
0.016610
0.098656
0.071607
0.085311
0.022443
0.094636
0.011518
0.021745
0.047140
0.056230
0.147519
0.177749
0.032430
0.347821
0.533543
0.041157
0.064533
0.112064
0.030039
0.024248
0.026127
0.056500
0.400373
0.050638
0.064330
0.080730
0.224160
0.145194
0.082930
0.424855
0.111754
0.074585
0.133289
0.026181
0.040064
0.035043
0.099101
0.038231
0.003959
0.019080
0.153053
0.006118
0.031024
0.042869
0.035767
0.121899
0.186221
0.068122
0.111611
0.217401
0.157740
0.018882
0.030667
0.080623
0.077286
0.060772
0.105789
0.003942
0.250599
0.213986
0.078329
0.057093
0.130799
0.024712
0.018194
0.262618
0.020596
0.032021
0.048080
0.053708
0.060752
0.236971
0.083306
0.025066
0.045818
0.022094
0.185967
0.292305
0.078724
0.048088
0.042196
0.073831
0.015837
0.033087
0.134488
0.084707
0.014272
0.049528
0.062938
0.196082
0.105912
0.102027
0.243777
0.080296
0.266761
0.032541
0.047112
0.109003
0.113518
0.050746
0.051970
0.098476
0.041335
0.045203
0.050217
0.071918
0.045705
0.021705
0.034104
0.228483
0.104826
0.022098
0.037651
0.015619
0.134370
0.108342
0.081649
0.017675
0.056502
0.192201
0.187069
0.037198
0.013569
0.092908
0.061150
0.109112
0.138718
0.438913
0.118162
0.035668
0.019765
0.022007
0.049356
0.049493
0.073088
0.119415
0.093992
0.065696
0.142820
0.095854
0.154980
0.245771
0.019101
0.142464
0.042307
0.036128
0.067771
0.113961
0.244544
0.024496
0.073269
0.459183
0.132286
0.067414
0.217242
0.029279
0.042783
0.123173
0.038935
0.069541
0.015714
0.171919
0.013412
0.198350
0.166970
0.034637
0.052092
0.104521
0.031831
0.054411
0.182321
0.056566
0.137062
0.015523
0.048703
0.055443
0.072006
0.291949
0.095316
0.028628
0.023985
0.055670
0.129639
0.106637
0.021748
0.089857
0.018380
0.034701
0.123320
0.059810
0.109725
0.123928
0.201747
0.044573
0.119739
0.165356
0.153101
0.073141
0.097432
0.126241
0.052560
0.076979
0.027499
0.054895
0.050957
0.071711
0.151068
0.119158
0.075155
0.027761
0.128932
0.190930
0.023342
0.027278
0.042206
0.160163
0.020415
0.074972
0.150854
0.021650
0.098230
0.025362
0.036204
0.086630
0.174670
0.070665
0.041453
0.094208
0.043529
0.111444
0.227882
0.044198
0.034503
0.014195
0.098847
0.124593
0.137823
0.096865
0.096201
0.029663
0.106643
0.135574
0.025209
0.069745
0.051011
0.285965
0.151165
0.115307
0.039216
0.061815
0.012354
0.026107
0.109809
0.090682
0.039418
0.055882
0.043900
0.036277
0.137692
0.021606
0.065723
0.095445
0.078995
0.107814
0.059862
0.029584
0.549877
0.084368
0.010733
0.388239
0.109731
0.006503
0.090756
0.028479
0.026598
0.076265
0.075251
0.059236
0.044342
0.077818
0.024470
0.182289
0.243632
0.086053
0.045155
0.098344
0.017100
0.032049
0.070459
0.039391
0.077724
0.221773
0.135726
0.150819
0.044089
0.015373
0.051981
0.066312
0.096727
0.042681
0.034986
0.029588
0.013716
0.100473
0.104462
0.008717
0.064081
0.127234
0.159991
0.039618
0.081612
0.146396
0.053303
0.139663
0.034081
0.142228
0.012368
0.091169
0.109391
0.043640
0.408467
0.180144
0.043327
0.034993
0.021047
0.178583
0.035453
0.037440
0.069832
0.034050
0.187937
0.247561
0.112576
0.033059
0.008202
0.125599
0.044674
0.026941
0.052738
0.057764
0.083219
0.065961
0.045987
0.101898
0.249981
0.004885
0.008315
0.076553
0.031506
0.041224
0.044481
0.331316
0.072203
0.015797
0.022051
0.027920
0.184287
0.047868
0.022163
0.075484
0.144008
0.029990
0.009011
0.061516
0.048038
0.030578
0.077559
0.202361
0.075031
0.070974
0.051162
0.046856
0.162733
0.036180
0.087877
0.023064
0.013130
0.447780
0.010237
0.050866
0.266952
0.200575
0.115247
0.144624
0.035968
0.277086
0.278531
0.141673
0.143724
0.029899
0.024763
0.156188
0.214442
0.165174
0.051228
0.037085
0.012886
0.016870
0.003484
0.069119
0.045906
0.013466
0.102322
0.364994
0.117280
0.086348
0.077938
0.325390
0.028959
0.177157
0.171913
0.019211
0.011173
0.051526
0.199286
0.079236
0.014734
0.136197
0.051822
0.108002
0.090186
0.080901
0.019845
0.140585
0.059034
0.040583
0.051310
0.065307
0.215926
0.068731
0.525988
0.017572
0.147904
0.008151
0.104563
0.047559
0.188180
0.073936
0.059165
0.094284
0.006162
0.011737
0.029632
0.018893
0.103266
0.129858
0.061694
0.027223
0.052685
0.043044
0.054349
0.114891
0.174801
0.048815
0.161071
0.062267
0.040017
0.094530
0.050236
0.027113
0.117816
0.017892
0.256667
0.012593
0.024937
0.017347
0.062770
0.114103
0.051605
0.015865
0.058602
0.010275
0.029486
0.010730
0.049311
0.016611
0.158648
0.082411
0.253784
0.041918
0.030330
0.047422
0.022243
0.212173
0.044126
0.207312
0.271414
0.025164
0.069052
0.013123
0.261021
0.029588
0.112946
0.034105
0.019907
0.097877
0.266792
0.007112
0.043287
0.059809
0.083922
0.167956
0.090782
0.064533
0.054978
0.080968
0.092294
0.025381
0.111625
0.474329
0.022213
0.053532
0.109997
0.048750
0.033967
0.114033
0.057629
0.049090
0.152847
0.057563
0.056374
0.047598
0.031541
0.078906
0.058243
0.115619
0.048986
0.029164
0.094876
0.077466
0.047709
0.029634
0.015205
0.088823
0.091299
0.026353
0.117035
0.074560
0.044666
0.080828
0.008906
0.088896
0.187173
0.082246
0.063006
0.138060
0.082300
0.015480
0.018738
0.008257
0.049881
0.095286
0.011577
0.151155
0.265801
0.240747
0.027809
0.051167
0.434420
0.039161
0.157478
0.118127
0.047328
0.198352
0.094512
0.076522
0.092373
0.122492
0.095031
0.175331
0.018248
0.111899
0.062690
0.046685
0.147196
0.103503
0.022027
0.142678
0.130342
0.041156
0.074486
0.008777
0.289688
0.128885
0.106641
0.063343
0.015567
0.028621
0.122778
0.269278
0.030531
0.123355
0.035279
0.052813
0.080436
0.202346
0.025032
0.064368
0.038330
0.162437
0.166839
0.055686
0.013542
0.077872
0.092004
0.034586
0.024650
0.056311
0.015491
0.037701
0.060739
0.041558
0.012665
0.149109
0.040192
0.078427
0.034491
0.012631
0.151339
0.113072
0.016221
0.085493
0.210942
0.063095
0.129477
0.118422
0.327766
0.076985
0.453524
0.028454
0.028805
0.169206
0.048175
0.047264
0.030777
0.053423
0.020818
0.095154
0.069596
0.108263
0.093979
0.034005
0.110393
0.119238
0.097424
0.071069
0.128211
0.060552
0.179901
0.051800
0.017287
0.184290
0.031651
0.026124
0.125466
0.035458
0.070068
0.047321
0.079445
0.051655
0.049237
0.019792
0.029559
0.031844
0.090891
0.016559
0.114964
0.200913
0.145963
0.115586
0.149793
0.097934
0.021604
0.121177
0.197843
0.080307
0.128235
0.019912
0.055417
0.006647
0.070263
0.026623
0.055447
0.191514
0.392981
0.229942
0.032612
0.063592
0.095909
0.040361
0.050304
0.055835
0.340830
0.105136
0.106364
0.043712
0.106319
0.010217
0.024985
0.056376
0.103163
0.104610
0.157278
0.041592
0.137477
0.058884
0.025524
0.083652
0.098671
0.234588
0.039540
0.197639
0.027994
0.058808
0.151177
0.280784
0.134421
0.051624
0.018470
0.230253
0.034852
0.018827
0.007969
0.127602
0.054931
0.059245
0.150521
0.076498
0.226518
0.117397
0.004873
0.030442
0.045007
0.217366
0.215894
0.115280
0.039984
0.051408
0.170586
0.088663
0.421524
0.043907
0.055492
0.011759
0.035600
0.035140
0.040947
0.019708
0.070648
0.038453
0.113833
0.022916
0.071878
0.044606
0.047304
0.132069
0.018033
0.032013
0.337005
0.120455
0.067045
0.030104
0.039011
0.074213
0.038873
0.037735
0.020341
0.015609
0.002733
0.021911
0.023162
0.017396
0.240190
0.061398
0.199172
0.412170
0.140845
0.079887
0.037455
0.021447
0.031682
0.049585
0.049926
0.042488
0.007611
0.051421
0.087971
0.080344
0.149424
0.170672
0.034929
0.075493
0.015477
0.037920
0.030236
0.016265
0.176128
0.003645
0.208831
0.113711
0.073484
0.069487
0.146622
0.038052
0.106690
0.102232
0.029994
0.179689
0.059611
0.025628
0.032701
0.080698
0.017154
0.055139
0.023266
0.029388
0.036161
0.094138
0.032742
0.012434
0.038733
0.397895
0.123931
0.231770
0.121264
0.095066
0.192734
0.180135
0.294302
0.146066
0.056138
0.028273
0.011300
0.013895
0.033112
0.033544
0.128906
0.119355
0.043184
0.028699
0.031598
0.070340
0.059435
0.022581
0.020467
0.039210
0.135920
0.437567
0.205973
0.036557
0.244808
0.196900
0.098650
0.122773
0.037346
0.073466
0.127773
0.069456
0.044065
0.057195
0.013996
0.069494
0.038852
0.012320
0.053696
0.156162
0.054241
0.026493
0.146496
0.016834
0.197106
0.101056
0.187878
0.117623
0.070849
0.085168
0.044497
0.033769
0.034002
0.047493
0.019744
0.148579
0.115261
0.141347
0.145060
0.012025
0.105431
0.012583
0.136286
0.033662
0.109893
0.008215
0.082411
0.074124
0.080182
0.069495
0.014370
0.090328
0.082200
0.078828
0.061925
0.096342
0.082995
0.160884
0.011279
0.023185
0.057610
0.005388
0.256112
0.047327
0.070770
0.041767
0.298380
0.119948
0.012381
0.128504
0.043771
0.013899
0.040539
0.028263
0.041822
0.089940
0.053953
0.016733
0.049080
0.037000
0.057030
0.054827
0.101494
0.128585
0.123720
0.264126
0.054000
0.144168
0.020979
0.126906
0.023480
0.127318
0.080753
0.106135
0.085358
0.099213
0.365440
0.012114
0.026195
0.032951
0.096724
0.034836
0.044628
0.079471
0.108247
0.254907
0.232221
0.188015
0.008066
0.049949
0.072032
0.028973
0.131524
0.082016
0.038835
0.033260
0.061372
0.032280
0.094033
0.119220
0.071439
0.132733
0.016401
0.152540
0.207488
0.024723
0.059221
0.085904
0.136308
0.027106
0.067821
0.038454
0.103573
0.083558
0.301030
0.059354
0.258724
0.036147
0.044602
0.044209
0.016754
0.137717
0.029170
0.034589
0.054668
0.473741
0.006166
0.098036
0.041183
0.091472
0.054468
0.045695
0.094841
0.039387
0.180011
0.090397
0.020575
0.028541
0.087503
0.056049
0.108395
0.012041
0.018384
0.013995
0.027431
0.068257
0.138242
0.201196
0.119181
0.034984
0.048388
0.043799
0.174031
0.010579
0.102420
0.127707
0.031239
0.038702
0.131999
0.104913
0.050397
0.436927
0.025670
0.143740
0.076365
0.054065
0.111309
0.121001
0.017956
0.019692
0.032171
0.011946
0.249759
0.175358
0.092925
0.013809
0.031839
0.055714
0.024191
0.049432
0.027042
0.058314
0.114469
0.086796
0.088312
0.288916
0.065447
0.038937
0.080487
0.083936
0.065954
0.081373
0.009910
0.046224
0.203837
0.053016
0.274725
0.064244
0.020066
0.041437
0.169503
0.020949
0.078737
0.061341
0.071304
0.011353
0.053528
0.051946
0.030008
0.034385
0.092355
0.098455
0.447091
0.237063
0.567323
0.392573
0.111786
0.060077
0.093877
0.048222
0.102217
0.112449
0.068787
0.011968
0.094680
0.037202
0.105899
0.114542
0.072579
0.008151
0.010175
0.039066
0.014147
0.029342
0.167935
