2.272146
2.311456
2.290955
2.271653
2.254883
2.257301
2.211674
2.209085
2.217241
2.196324
2.288588
2.280809
2.268909
2.242970
2.234161
2.272920
2.224508
2.204788
2.202144
2.156555
2.174061
2.297251
2.283996
2.270137
2.255430
2.249213
2.233279
2.217308
2.226789
2.195029
2.183704
2.204849
2.202058
2.179102
2.299797
2.288289
2.279113
2.261221
2.261087
2.238659
2.224201
2.236968
2.207038
2.210350
2.184472
2.174198
2.179660
2.158633
2.144341
2.187259
2.143874
2.306145
2.290485
2.270413
2.253463
2.243257
2.220517
2.219244
2.200182
2.187244
2.192052
2.193015
2.204517
2.162671
2.122751
2.096354
2.161566
2.128164
2.080530
2.095780
2.313807
2.307372
2.294195
2.286647
2.271423
2.258574
2.247798
2.232804
2.236071
2.214962
2.220111
2.196610
2.197988
2.152235
2.138741
2.142741
2.151115
2.144239
2.138245
2.163612
2.100576
2.302799
2.285079
2.266631
2.266508
2.257260
2.230287
2.206486
2.203182
2.193501
2.160815
2.197759
2.150136
2.227687
2.130343
2.160912
2.077939
2.092106
2.081796
2.081849
2.013712
2.107863
2.087431
2.100879
2.090760
2.074862
2.301369
2.284265
2.276657
2.275145
2.263602
2.261642
2.234126
2.245709
2.207626
2.213248
2.206098
2.210927
2.202062
2.182381
2.152326
2.179639
2.133428
2.159554
2.138052
2.117651
2.155086
2.079188
2.128363
2.146806
2.126547
2.086611
2.134350
2.078608
2.028832
2.017426
2.072867
2.304028
2.302219
2.280277
2.259959
2.267926
2.253466
2.244715
2.246851
2.235715
2.223477
2.210550
2.206592
2.158133
2.207388
2.168775
2.145072
2.180377
2.158147
2.185989
2.159483
2.127210
2.151969
2.140250
2.108407
2.124748
2.112244
2.085372
2.039825
2.071062
2.091278
2.011615
2.000854
2.046960
2.019134
1.957708
2.012880
1.978449
1.994914
2.028733
2.307017
2.289537
2.282703
2.277657
2.256642
2.267019
2.237628
2.236253
2.207310
2.204624
2.204689
2.216748
2.233217
2.206104
2.152142
2.184317
2.207949
2.173652
2.125085
2.143138
2.167858
2.152158
2.108636
2.102840
2.096247
2.088685
2.102453
2.068505
2.050356
2.019903
2.052432
2.053108
2.015244
2.100402
2.064908
2.051097
1.996608
1.981738
1.940795
1.995505
2.003376
2.308814
2.299117
2.265425
2.271973
2.253390
2.240176
2.253141
2.216879
2.248481
2.191697
2.209040
2.223773
2.150139
2.131280
2.117217
2.163899
2.130111
2.160410
2.089356
2.099966
2.157676
2.034529
2.133685
2.065271
2.069629
2.098689
2.023571
2.076478
2.074449
2.061534
2.008396
2.087142
2.030683
2.034829
1.999011
1.977796
2.024708
2.008370
2.025186
2.016817
1.955198
2.003983
1.969000
1.997525
1.978082
2.336864
2.321969
2.307395
2.283071
2.276935
2.270684
2.253395
2.250803
2.238158
2.230049
2.226778
2.198116
2.195443
2.195973
2.155701
2.166170
2.194943
2.161932
2.170462
2.123073
2.097415
2.119893
2.107214
2.084865
2.079308
2.104250
2.128616
2.005718
2.100503
2.081402
2.012366
2.095963
2.029655
1.966177
1.991777
2.031132
2.014646
1.972762
1.928932
2.013375
1.968456
2.014073
1.969026
1.973953
1.931765
2.076016
1.921612
2.306041
2.306482
2.296464
2.289937
2.267179
2.272848
2.264940
2.246306
2.240825
2.226061
2.230380
2.208598
2.175423
2.162325
2.176094
2.164851
2.173328
2.121205
2.150077
2.149632
2.119367
2.131722
2.071101
2.090723
2.103339
2.115896
2.149880
2.127325
2.107903
2.065258
2.102247
2.108778
2.017750
2.071594
2.024796
2.046556
2.065575
2.035065
2.044968
2.074040
1.978665
2.020003
1.976817
2.031557
2.023950
1.922831
2.052114
1.908746
1.987525
2.287731
2.280927
2.254527
2.243731
2.240137
2.231824
2.250139
2.221174
2.205758
2.237195
2.196089
2.203262
2.182703
2.176125
2.145728
2.113870
2.194475
2.097409
2.157687
2.136143
2.086447
2.162384
2.146982
2.084617
2.131047
2.122910
2.056822
2.069383
2.063342
2.024684
2.020292
2.102636
2.091771
2.058895
2.049654
1.985384
1.997889
1.940011
2.028247
2.066594
2.024278
2.009973
2.053408
1.948473
2.054755
1.982098
2.010177
2.052598
1.968484
1.907247
2.016567
2.332979
2.321635
2.307032
2.304917
2.284539
2.275541
2.258832
2.250413
2.244739
2.252270
2.221248
2.174547
2.197375
2.207014
2.197716
2.145693
2.175231
2.179814
2.161794
2.150774
2.133295
2.179183
2.163899
2.110710
2.153403
2.136969
2.147888
2.122195
2.078075
2.159103
2.104628
2.047516
2.047724
2.035839
2.060120
2.070381
1.967314
2.054444
2.036577
2.086315
2.016479
2.059550
2.003938
2.003804
1.932737
1.980844
1.942779
2.095591
1.971393
1.934605
1.994791
1.971807
1.963458
2.298406
2.284323
2.281912
2.267463
2.257836
2.271956
2.225370
2.231039
2.230729
2.214276
2.210497
2.188196
2.194235
2.161402
2.180519
2.199831
2.184874
2.137364
2.123682
2.084431
2.155809
2.092047
2.125198
2.082249
2.083985
2.069664
2.047895
2.090594
2.060784
2.068057
2.071509
2.057963
2.047915
2.062777
2.023276
2.046066
2.036116
2.057348
1.990136
2.056704
1.881150
1.966062
1.938324
1.981860
2.027289
2.012499
1.949718
1.854545
2.001348
1.885895
1.924089
1.958169
1.825647
1.966190
1.846084
2.297293
2.283753
2.280215
2.259820
2.253876
2.257692
2.251964
2.233764
2.222760
2.214747
2.204700
2.211199
2.214030
2.205307
2.175264
2.198652
2.173550
2.157704
2.127546
2.073017
2.141490
2.065613
2.112778
2.105169
2.077428
2.081058
2.112602
2.090947
2.115556
2.087673
2.148957
2.069077
1.983603
2.012352
2.068455
2.011989
2.044441
1.952136
2.110069
1.988934
2.121089
2.007816
1.925923
2.065655
1.882865
1.926513
1.937664
2.015585
2.029364
1.949578
1.918373
2.019037
1.973816
1.914446
1.906324
1.996393
1.897303
1.871203
1.970352
2.052293
1.912610
2.284562
2.279463
2.277831
2.262021
2.259923
2.242967
2.235598
2.226850
2.223548
2.198194
2.166391
2.156536
2.192655
2.171774
2.149291
2.173738
2.138189
2.176146
2.093387
2.120285
2.168445
2.120690
2.133693
2.144568
2.109353
2.149076
2.014740
2.059833
2.014607
2.105841
2.128071
2.000787
2.078509
2.012602
2.062159
1.999274
2.044638
1.988609
2.002785
1.988244
1.991179
2.046088
2.011990
1.966172
2.013803
1.949146
1.980587
1.996172
1.915879
1.917988
1.979646
1.988386
1.891870
2.008711
1.952083
1.872237
1.984806
1.940536
2.012005
1.890827
2.053443
1.834553
1.950730
1.887603
2.039954
2.317447
2.302353
2.305115
2.280980
2.267398
2.255841
2.261993
2.238755
2.234407
2.219451
2.203032
2.230016
2.196811
2.211651
2.215240
2.183481
2.171712
2.187224
2.182010
2.164919
2.113675
2.088164
2.155687
2.174128
2.073661
2.110151
2.122280
2.085847
2.084425
2.118585
2.096262
2.065506
1.998649
2.157985
2.054642
2.047077
2.012678
2.067571
2.037724
2.092206
1.966688
2.072184
1.996150
1.912639
2.045583
1.993489
2.023949
1.948435
1.963912
1.993157
1.928350
1.887192
1.962177
1.840137
1.925622
1.998956
1.907983
1.968872
1.926452
1.978300
1.943347
1.975887
1.972702
1.942268
1.958924
2.000224
2.016919
2.297001
2.294344
2.285621
2.259599
2.265101
2.237898
2.254230
2.247867
2.224678
2.230894
2.190423
2.200546
2.184000
2.209173
2.195666
2.175954
2.161418
2.169851
2.103693
2.152911
2.139833
2.123107
2.100264
2.131513
2.047598
2.036868
2.097309
2.120050
2.035782
2.118446
1.991242
2.049848
2.102991
2.199386
1.980955
2.105505
2.043603
2.002066
2.012887
2.055625
1.955868
2.075544
2.040655
2.028053
1.987396
1.995666
2.037369
1.923402
1.891910
1.989359
1.941050
1.958814
1.987081
1.986764
1.954777
1.904290
2.041449
1.894926
1.915270
1.901767
1.864856
1.880179
1.716735
1.950318
2.036881
2.003349
1.880045
1.867485
1.860592
1.763047
1.952798
2.337214
2.333844
2.317569
2.294854
2.297912
2.278856
2.279723
2.279426
2.259927
2.237219
2.231222
2.240385
2.227118
2.206410
2.209709
2.193431
2.205811
2.172416
2.197141
2.157414
2.165139
2.158554
2.169294
2.152240
2.134925
2.155532
2.112758
2.057102
2.115026
2.092441
2.101850
2.106933
2.064929
2.029830
2.052783
2.021516
2.046980
2.062374
2.016455
2.009810
2.025545
2.080210
2.006051
1.976971
2.034209
1.962458
2.037018
2.004919
1.929869
1.955339
2.071825
2.019645
2.015470
2.042639
1.922772
2.029454
1.847797
1.883870
1.965894
2.003073
2.146950
1.910552
2.097076
1.865054
2.028489
1.758970
1.860451
1.825590
2.012073
2.021532
1.792369
1.977968
1.955914
2.268112
2.306460
2.303307
2.281422
2.267967
2.249129
2.255673
2.240542
2.244512
2.213259
2.195468
2.202883
2.209776
2.152505
2.170082
2.168873
2.154154
2.210456
2.143282
2.137373
2.111056
2.083170
2.101209
2.136916
2.127861
2.079041
2.123062
2.160077
2.012061
2.033694
2.151802
2.119775
2.103771
2.039155
1.977243
2.078581
2.079599
1.993617
1.884645
2.092244
2.004229
1.976888
2.083171
2.000721
1.989420
2.025000
1.990537
2.079591
1.859952
1.990066
1.949047
1.929863
1.958178
1.863317
1.983808
1.931675
1.887756
1.914833
1.940734
1.923015
1.912336
1.870307
1.945872
1.894729
1.971616
1.833578
2.017421
1.876344
1.909551
1.925439
1.918546
1.927947
2.002313
1.844931
2.026441
2.287268
2.273876
2.270543
2.246290
2.244840
2.247249
2.219326
2.231220
2.238554
2.199685
2.214060
2.181628
2.215551
2.159125
2.168790
2.144825
2.204225
2.163212
2.142162
2.091567
2.102240
2.135519
2.141679
2.075598
2.151753
2.152822
2.055281
2.087264
2.138762
2.078348
1.987524
2.074196
2.040642
2.101965
2.087497
2.076318
2.076012
1.975933
1.930400
1.996858
1.994414
1.958935
2.010714
1.970297
1.998876
1.955305
2.005610
1.904014
1.973193
2.001687
2.009858
2.020816
1.946381
1.990616
1.988185
2.014068
1.939919
1.961493
1.941582
1.905020
1.959943
1.905063
1.968524
1.911095
2.027551
1.973818
1.754089
1.977910
1.889067
1.904670
1.846469
1.941990
1.823716
1.782308
1.795799
1.942670
1.983822
1.910826
1.866174
2.309450
2.290611
2.301350
2.298474
2.265510
2.275289
2.277507
2.232741
2.238475
2.265256
2.215329
2.212330
2.231795
2.185931
2.172538
2.195603
2.195572
2.130872
2.112759
2.168267
2.111440
2.136629
2.169199
2.068508
2.156999
2.143887
2.125149
2.194559
2.095630
2.137299
2.075364
2.104557
2.077033
2.139239
2.063516
2.142007
2.085350
2.073735
2.074008
1.946257
1.951833
2.015565
1.995495
1.960509
1.989363
2.031393
1.951823
2.041924
2.108435
2.032381
2.007689
1.922335
1.901475
1.992919
2.046169
1.992931
1.905679
2.025080
1.979975
1.954607
1.901851
1.905053
1.967517
1.938936
1.989390
1.975445
1.896395
1.949054
1.924493
2.007587
1.845022
2.042672
1.968185
1.821647
1.774723
1.940820
1.887269
1.823370
1.870227
1.828060
1.935717
1.947278
1.972479
1.851340
1.871634
2.282285
2.255753
2.240398
2.252800
2.219868
2.226768
2.228582
2.220720
2.211970
2.203857
2.200617
2.135511
2.152122
2.112746
2.227721
2.138056
2.124300
2.139374
2.072725
2.163593
2.135023
2.032714
2.144831
2.174562
2.153133
2.041960
1.994045
2.064940
2.065645
2.098768
2.022466
2.013432
2.077086
2.018665
2.110992
1.932883
2.008420
2.024376
1.920908
2.077988
2.071414
1.993339
1.927920
1.962185
1.933783
1.949128
2.029164
2.032228
1.986922
2.106169
1.898341
1.900803
1.910783
1.962394
1.903409
1.967513
1.864135
1.821302
2.009726
1.882221
1.848575
1.933796
1.957814
1.923872
1.967085
1.961788
2.011318
1.807220
1.925127
2.020016
1.934520
1.842571
1.942608
1.861115
2.024189
1.925866
1.759896
1.890798
2.020566
1.967165
1.889621
1.955881
1.852533
1.842867
1.821539
1.843202
1.876560
1.983870
2.002845
2.352383
2.340708
2.328656
2.333498
2.304584
2.316469
2.290882
2.272490
2.268350
2.245758
2.233511
2.228281
2.244446
2.206096
2.228908
2.176296
2.205473
2.188090
2.140311
2.193631
2.127033
2.151789
2.231816
2.174304
2.159719
2.201217
2.168212
2.112006
2.087846
2.130911
2.117679
2.072156
2.074318
2.054126
2.080937
2.059789
2.064249
2.092337
2.068349
2.123972
2.072913
2.104460
2.064785
2.033273
2.036967
1.988729
2.055699
1.916715
1.959979
1.995572
2.066149
1.997965
1.945629
2.021697
1.937547
1.978941
2.032272
2.021587
1.951324
1.950692
1.896211
1.906900
1.923516
1.999089
1.997860
2.004956
1.870248
1.885127
1.856674
1.850538
1.903545
1.973676
1.822823
1.882388
2.026265
1.866189
1.861421
1.955991
1.876931
1.926547
1.829274
1.833681
1.890460
1.906594
1.935123
1.825507
1.904591
1.854075
1.890963
1.867763
1.867331
2.295011
2.287832
2.277565
2.278062
2.267083
2.264617
2.261458
2.237371
2.237756
2.207624
2.220149
2.213625
2.180800
2.161788
2.189597
2.167885
2.191858
2.137835
2.173688
2.117552
2.114019
2.088821
2.085834
2.147310
2.151212
2.112488
2.097944
2.141752
2.131598
2.089784
2.004130
2.103172
2.017531
2.086225
2.058442
2.038976
1.997836
2.013763
2.025279
2.106183
2.079743
2.038759
2.022120
2.002197
2.014354
1.922824
2.008084
2.083299
1.998962
1.989812
1.926591
1.922408
1.957296
2.049101
1.955971
2.043647
1.995369
1.978434
1.998398
1.941551
1.915270
1.919744
1.886906
1.826697
1.961992
1.702009
1.942859
1.875410
1.948056
1.961879
1.967232
1.913992
1.817330
1.778916
1.953287
1.978235
1.908592
1.942102
1.819865
1.817120
1.909624
1.864870
1.821808
1.740384
1.922280
1.963512
1.945531
2.003793
1.924780
1.781127
1.912763
1.795690
1.775808
2.309363
2.308494
2.286056
2.281014
2.265376
2.245944
2.272138
2.245460
2.251339
2.214586
2.182205
2.219824
2.206693
2.207265
2.180800
2.143940
2.160829
2.116995
2.191272
2.170600
2.221545
2.173053
2.153043
2.111656
2.145810
2.143776
2.104801
2.077380
2.134674
2.130249
2.102107
2.150215
2.067317
2.090658
2.114659
2.065197
2.016879
2.043705
2.046384
2.124504
2.022106
2.001667
1.997264
1.922954
2.072989
2.019071
1.981266
1.938358
1.943055
2.029439
2.023491
2.018014
1.918418
1.963461
1.962513
1.984955
1.958826
1.875873
1.936037
1.875422
2.000033
2.039675
1.970225
1.841443
1.926412
1.936338
1.927885
2.057664
1.900868
1.972730
1.780789
1.880361
1.883015
1.976066
1.945395
1.790470
1.882781
1.808672
1.918921
1.932887
1.975521
1.786528
1.909795
2.027947
1.843867
1.956633
1.750593
1.882719
1.881162
1.828633
1.920398
1.866419
1.727151
1.779587
1.863794
1.976199
1.917806
2.305906
2.307847
2.282632
2.281349
2.273626
2.269698
2.260907
2.255059
2.237474
2.223368
2.222965
2.206783
2.238497
2.196818
2.202693
2.222313
2.187086
2.212284
2.163568
2.155022
2.134328
2.112004
2.129535
2.144118
2.174610
2.161052
2.135959
2.069350
2.028884
2.155488
2.068156
2.074490
2.119816
2.071861
2.147657
2.113061
2.088840
2.037433
2.019382
2.078341
2.052119
1.968713
2.075221
2.016314
2.009321
2.091005
2.049521
2.052311
1.919142
2.044185
1.920836
2.021448
1.974033
2.039665
1.932526
1.897627
2.033224
1.935622
1.886524
1.920232
1.996706
1.936678
1.927317
1.903730
1.908452
1.978405
1.984699
1.864447
1.824522
1.988891
1.917431
1.981718
1.941437
1.928041
1.844624
1.860735
1.849789
1.963203
1.938242
1.748298
1.971412
1.914863
1.801610
1.855303
1.948538
1.818689
1.781386
1.993256
1.760995
1.789926
1.922847
1.879878
2.002460
1.925985
1.856412
1.899087
1.979233
1.898398
1.812137
1.870893
1.821178
1.959131
1.790767
1.656590
1.871237
1.843043
1.744594
1.829491
1.859539
1.820529
1.936110
2.295630
2.297564
2.266518
2.267468
2.306695
2.273987
2.269381
2.248390
2.233874
2.216631
2.203615
2.210703
2.216722
2.204610
2.165835
2.209375
2.180572
2.176044
2.159784
2.115616
2.133631
2.181252
2.147953
2.081192
2.098059
2.156141
2.109367
2.098353
2.075438
2.199230
2.093637
2.064147
2.002228
2.094948
2.079023
2.130630
2.035494
2.004781
2.064670
2.103496
2.003030
2.060400
2.136530
2.024730
1.974198
1.969639
1.864960
1.944072
1.957801
1.964013
1.915732
2.043077
1.994272
2.002910
1.937205
2.027205
2.018260
2.036764
1.965882
1.912959
1.938149
1.889502
1.960444
1.913169
1.973464
1.888839
1.928430
1.907301
1.935934
1.878206
1.930951
1.841915
2.016831
1.973214
1.758021
1.911738
1.810513
2.052903
1.896096
1.928943
1.997660
1.905414
1.897340
1.952644
1.832100
1.807745
1.915097
1.875639
1.787833
1.857144
1.784895
1.863100
1.922048
1.774355
1.891756
1.978170
1.889435
1.851367
1.916546
1.900856
1.919905
1.837625
1.832791
1.797999
1.890556
1.796891
1.731276
1.857322
1.795961
1.763742
1.793942
1.661790
1.830426
1.859278
1.837711
2.286873
2.281900
2.305072
2.280103
2.242826
2.251634
2.248312
2.248096
2.242416
2.216613
2.217071
2.205633
2.177169
2.196452
2.243288
2.180199
2.163063
2.187911
2.172540
2.161302
2.163802
2.140326
2.148249
2.190442
2.174863
2.121123
2.136861
2.040410
2.112324
2.111679
2.009574
1.996353
2.101113
2.045345
2.146570
2.106934
2.046911
2.126004
2.045590
2.113165
2.029776
1.970469
2.027347
1.980717
1.931943
1.975196
2.004795
1.953473
1.978848
1.992774
2.062681
2.080377
2.036704
1.967679
2.041683
2.078665
1.906317
1.973015
1.940841
1.969714
1.887156
1.898119
1.936491
1.891291
1.961909
1.931898
1.869751
2.049901
1.879554
1.895866
1.875744
1.975520
1.897826
1.881176
1.908476
1.918466
1.810339
1.951990
1.896960
1.871550
1.992123
1.872121
1.896081
1.986085
1.861140
1.903390
1.940688
1.988925
1.776248
2.022025
1.803960
1.906660
1.911701
1.789969
1.725571
1.569057
1.827502
1.770890
1.823175
1.942496
1.853061
1.950502
1.856659
1.794186
1.755026
1.754137
1.938329
1.811599
1.905119
2.026776
1.768851
1.835604
1.812392
1.800283
1.817393
1.993795
1.720126
2.315653
2.299337
2.304031
2.288305
2.288171
2.274420
2.262642
2.265448
2.260688
2.257716
2.232525
2.221674
2.260324
2.194441
2.219405
2.165914
2.167630
2.153116
2.149032
2.159242
2.157241
2.135753
2.177657
2.148423
2.136291
2.129211
2.098144
2.094576
2.137017
2.149909
2.165766
2.080226
2.083611
2.144710
2.129546
2.067481
2.069893
2.070771
2.017622
2.084048
2.036837
2.082150
1.969474
2.105762
1.964209
2.093212
2.001680
2.053549
2.047957
1.986920
2.042294
2.056422
2.058623
2.061118
1.916901
1.932977
1.941579
2.006114
2.032494
1.958771
1.963853
1.954281
2.017328
2.041518
1.892112
2.052900
1.863848
1.918561
1.965881
1.962231
1.899699
1.863750
1.996544
1.938375
1.992083
1.935814
1.895219
1.822893
1.896619
1.991948
1.923217
1.844233
1.882705
1.868383
2.015335
1.825794
1.775240
1.992916
1.817257
1.810364
1.787115
1.838287
1.881130
2.063745
1.860306
2.017863
1.840304
1.776170
1.743663
1.845402
1.870265
1.965579
1.741071
1.808058
1.735005
1.909413
1.816684
1.757000
1.872077
1.889122
1.894992
1.897987
1.777985
1.882022
1.835240
1.858392
1.945384
1.716955
1.710202
1.703433
1.735871
1.808867
1.885471
2.298504
2.295669
2.280014
2.267342
2.281966
2.279301
2.250118
2.225175
2.224046
2.237370
2.216054
2.218835
2.181687
2.194426
2.209628
2.237764
2.188641
2.164707
2.180583
2.127282
2.180351
2.167818
2.136564
2.095528
2.112754
2.160582
2.129225
2.069473
2.139684
2.102190
2.116346
2.101865
2.053578
2.075476
2.034220
2.055275
2.052332
2.131335
1.992909
2.049284
2.040420
2.005261
2.075296
1.943020
2.090123
2.035472
2.013051
1.969407
1.951905
1.972854
1.975885
2.097719
1.962940
2.065131
2.031667
1.965295
2.142954
1.932183
1.889024
1.988091
2.042111
2.022326
1.947932
2.030205
1.975083
1.811947
1.836008
1.962590
1.993842
1.792623
1.861229
2.020654
1.937125
1.869175
1.868504
1.833019
1.933156
1.908490
1.927835
1.885379
1.810812
1.955188
1.889099
1.842824
1.868496
1.964328
1.879357
1.728216
1.837125
1.887800
1.821511
1.765226
1.938286
1.745943
1.916768
1.877857
1.890978
1.783568
1.761261
1.936121
1.917033
1.742664
1.802938
1.834540
1.886868
1.705832
1.968164
1.885142
1.861048
1.876060
1.687017
1.776291
1.978082
1.881700
1.767639
2.071303
1.805221
1.806536
1.902580
1.995433
1.934314
1.878305
1.987151
1.880990
1.593804
1.763980
1.640896
1.813687
1.871977
2.322351
2.332097
2.318514
2.304091
2.294972
2.300867
2.283534
2.267529
2.278378
2.265842
2.249380
2.231710
2.223503
2.227520
2.221947
2.207186
2.181661
2.202725
2.181917
2.187713
2.193583
2.170739
2.164468
2.140303
2.140741
2.155900
2.074371
2.099544
2.135003
2.078780
2.093208
2.085284
2.067413
2.075508
2.126716
2.123523
2.063230
2.075680
2.058254
2.073472
1.991420
2.130292
2.071032
1.952132
2.095484
1.983693
2.081338
2.014804
2.052411
1.970094
2.070389
1.991667
2.039018
1.854547
1.947101
2.010901
1.987617
1.946889
1.981931
2.090814
1.899664
2.011066
1.927518
1.906403
1.956178
1.997875
1.975850
1.952869
1.821759
1.930161
1.923236
1.951291
1.900093
1.902508
1.784065
1.889757
1.879892
1.835977
1.818548
1.869574
1.766326
1.965539
1.908674
1.908746
1.804895
1.987892
1.909038
1.934225
1.741521
1.925792
1.876424
1.889536
1.847010
1.965918
1.906612
1.934465
1.873583
1.805196
1.892821
1.862220
1.795449
1.940208
1.865494
1.840252
1.981770
1.969172
1.889720
1.882247
1.753428
1.834923
1.820974
1.827669
1.788962
1.966803
1.899492
1.769332
1.889637
1.899804
1.791558
1.751312
1.757888
1.799156
1.820585
1.914641
1.745767
1.921886
1.843377
1.878671
1.819832
1.627113
1.748940
2.305510
2.309827
2.301171
2.296467
2.307915
2.265683
2.283344
2.283683
2.259813
2.238062
2.228068
2.248122
2.237793
2.261994
2.208072
2.195405
2.215434
2.178266
2.203016
2.213971
2.156346
2.230531
2.123126
2.127720
2.126703
2.120559
2.166399
2.120799
2.094942
2.075353
2.104712
2.093318
2.122961
2.094657
2.008067
2.026217
2.149626
2.043500
2.076631
2.052711
2.021389
2.086487
2.126543
2.018327
2.029335
2.052845
1.983747
2.070854
2.011290
2.002804
2.020271
1.983379
1.941913
2.083254
2.033569
1.960149
1.966362
1.982303
1.946881
2.025511
2.011970
1.854555
1.894695
1.969597
1.948156
2.043402
1.947506
2.007134
1.969917
1.804116
2.001233
1.853316
1.913193
1.832056
1.920083
1.802363
1.945446
1.939026
1.868617
1.888208
1.820133
2.044213
1.791834
1.923830
1.959350
1.874658
1.834558
1.862469
1.789595
1.820697
2.016622
1.747153
1.923196
1.997563
1.738843
1.813647
1.875455
1.902615
1.857269
1.886456
1.754133
1.916499
1.935766
1.938888
1.924669
1.938722
1.834539
1.852689
2.008654
1.714481
1.771767
1.803946
1.768368
1.735100
1.661264
1.839430
1.761019
1.817192
1.854111
1.867865
1.742813
1.732577
1.890251
1.885846
1.734091
1.713885
1.687888
1.797115
1.792202
1.684989
1.762211
1.985083
1.679296
1.861834
1.785430
2.349266
2.345993
2.331199
2.323521
2.312343
2.313135
2.310846
2.296464
2.274350
2.278796
2.268913
2.269390
2.227199
2.277707
2.227166
2.236891
2.220288
2.270129
2.203464
2.226401
2.208651
2.198926
2.204926
2.195416
2.173910
2.174253
2.121666
2.161859
2.206831
2.184512
2.117542
2.112572
2.131224
2.109151
2.132945
2.113080
2.140958
2.059091
2.078576
2.076747
2.055302
2.067445
2.078036
2.000373
2.086281
2.072510
2.023963
2.049366
2.034719
1.969164
2.008778
2.073617
2.029667
2.006545
2.047157
2.065250
1.976864
2.025134
1.981609
1.945145
1.993818
2.128550
1.927603
2.066635
2.035273
1.991491
1.902917
1.901991
1.867698
1.924176
1.924702
2.022185
1.956097
1.985851
2.033609
1.935643
1.932798
1.970779
1.885432
1.913034
1.903042
1.859810
1.918560
1.866751
1.940316
1.828672
1.983352
1.880484
1.829284
1.807428
1.839552
1.996217
1.858917
1.950778
1.877636
1.926276
1.824018
1.972778
1.837374
1.799608
1.792684
1.842853
1.983659
1.796010
1.836188
1.946312
1.941030
1.809293
1.810696
1.850270
1.836653
1.908514
1.779468
1.870322
1.876289
1.721805
1.807461
1.726476
2.076560
1.844221
1.828292
1.919643
1.881072
1.919267
1.744547
1.924370
1.868115
1.636106
1.718164
2.029519
1.854644
1.714386
1.654287
1.793764
1.787090
1.748430
1.893299
2.277351
2.262086
2.264411
2.258894
2.246674
2.238897
2.238904
2.203141
2.217248
2.227098
2.236323
2.212931
2.205684
2.206047
2.183530
2.151992
2.196766
2.180727
2.195469
2.163638
2.147604
2.153336
2.158238
2.121623
2.146234
2.139221
2.142425
2.087639
2.045037
2.077879
2.125813
2.083769
2.123653
2.035222
2.029916
2.072903
2.054666
2.080651
2.012127
2.069744
2.037692
2.023707
1.976259
2.080479
2.057944
2.098757
2.030853
2.045834
2.079228
1.916637
2.049517
1.926058
1.948567
1.939193
1.971187
2.001335
1.997194
1.968368
1.932390
1.806505
1.911275
1.980302
1.821084
2.013184
1.827301
1.975261
1.840953
1.964501
1.909636
1.960086
1.808645
2.002795
1.876426
1.883494
1.877326
1.819068
1.868003
1.926143
1.794842
1.955808
1.953902
1.871464
1.870822
1.829075
1.969941
1.921191
1.819338
1.889119
1.983747
1.930467
1.842876
1.844092
2.009579
1.957194
1.861020
1.755334
1.900891
1.894247
1.866484
1.776544
1.908548
2.096162
1.750414
1.940324
1.785752
1.854879
1.878910
1.710483
1.741913
1.659609
1.835222
1.706409
1.888228
1.900599
1.738769
1.787201
1.778635
1.777783
1.816289
1.820937
1.930966
1.973348
1.951873
1.833756
1.727726
1.771228
1.841565
1.727095
1.989095
1.780026
1.666386
1.845771
1.974331
1.665424
1.838393
1.697118
1.787745
1.721065
1.810369
