2.275375
2.346200
2.195905
2.238794
2.251690
2.209548
2.201706
2.154261
2.191831
2.137369
2.102872
2.125556
2.049370
1.949507
1.975009
1.851448
1.903782
1.764575
1.540788
1.614402
1.689853
1.648135
1.900177
1.994483
1.828020
1.741519
1.413139
1.307696
1.297276
1.027793
1.346734
1.152876
1.317533
1.114769
0.995652
1.125708
1.698171
1.456039
1.294139
1.082814
1.102939
0.851056
0.855532
0.751250
1.152310
1.548440
1.519208
1.158379
0.808027
0.989603
0.920972
0.752799
0.604142
0.749283
0.581978
0.531081
0.877753
1.013253
0.860507
0.820151
0.649950
0.627192
0.769873
0.593822
0.840475
0.511376
0.589727
0.454876
0.425349
0.477239
0.407946
0.539896
0.357705
0.454057
0.552837
0.522608
0.469844
0.549701
0.570057
0.549450
0.547143
0.558529
0.395437
0.411416
0.581156
0.322029
0.508232
0.925895
1.254414
0.689508
0.397433
0.451201
0.432893
0.568889
0.873696
0.436550
0.685260
0.355327
0.482985
0.468292
0.733123
0.651005
0.753045
0.666055
0.464141
0.335847
0.489834
0.334122
0.443565
0.315112
0.581894
0.663709
0.525863
0.613248
0.486070
0.385090
0.307244
0.233416
0.363597
0.281111
0.425559
0.273866
0.335441
0.368673
0.426762
0.271258
0.336760
0.655939
0.663681
0.447884
0.344126
0.499890
0.651285
0.710788
0.365623
0.283419
0.288782
0.213633
0.577055
0.776396
0.319798
0.546922
0.381918
0.723868
0.376488
0.334996
0.243740
0.441970
0.513654
0.679741
0.612727
0.323537
0.275980
0.456594
0.408291
0.325132
0.227937
0.289562
0.318064
0.307866
0.685796
0.717723
0.308495
0.509207
0.382173
0.371925
0.385458
0.357266
0.429457
0.330127
0.597975
0.612594
0.687637
0.385876
0.215303
0.321806
0.376178
0.373574
0.382405
0.259422
0.328033
0.617473
0.882075
0.357317
0.350065
0.501175
0.367346
0.326977
0.467419
0.389706
0.468629
0.297546
0.274219
0.543895
0.377479
0.528124
0.266639
0.165028
0.385514
0.396128
0.248009
0.322209
0.325471
0.330124
0.435525
0.735367
0.727558
0.575417
0.454774
0.418400
0.498673
0.380026
0.451306
0.433787
0.253337
0.340812
0.215523
0.263980
0.411038
0.301608
0.315359
0.296371
0.223489
0.320223
0.320565
0.221509
0.508759
0.585357
0.670532
0.480025
0.278656
0.216163
0.373785
0.450430
0.679292
0.491769
0.490202
0.334705
0.389091
0.400321
0.416896
0.214696
0.436025
0.320980
0.274859
0.586144
0.597300
0.282352
0.234504
0.163703
0.434446
0.293061
0.303629
0.288528
0.286318
0.330456
0.422737
0.309548
0.230765
0.288351
0.352438
0.248044
0.264726
0.234888
0.481316
0.498460
0.113944
0.260542
0.287615
0.353178
0.254599
0.372912
0.371062
0.469473
0.627432
0.452348
0.523191
0.215431
0.548485
0.294572
0.388106
0.575048
0.502297
0.404806
0.642308
0.518252
0.310880
0.391965
0.309068
0.317578
0.259940
0.233651
0.301318
0.226630
0.404653
0.335705
0.281900
0.413774
0.587643
0.448700
0.172881
0.350634
0.520103
0.357795
0.305906
0.316491
0.491464
0.301259
0.539638
0.307915
0.273255
0.366543
0.555550
0.600822
0.348994
0.433261
0.301736
0.268521
0.220487
0.217119
0.205856
0.434692
0.792657
0.419146
0.339949
0.348171
0.472440
0.267218
0.185333
0.391946
0.323042
0.278206
0.493965
0.171263
0.275912
0.370920
0.291944
0.586337
0.473103
0.453508
0.416563
0.441759
0.232432
0.247872
0.353385
0.335133
0.325378
0.345419
0.194277
0.329755
0.559815
0.475043
0.296058
0.409035
0.233230
0.311300
0.271807
0.331502
0.272729
0.158746
0.426624
0.283111
0.295138
0.176883
0.402600
0.582294
0.425709
0.574147
0.457451
0.272950
0.130495
0.225543
0.289393
0.324185
0.265801
0.375054
0.410845
0.315254
0.524452
0.323249
0.172380
0.284922
0.356009
0.327913
0.773422
1.010765
0.471773
0.428287
0.538643
0.440045
0.313736
0.383647
0.387826
0.254693
0.279124
0.349313
0.427924
0.604401
0.275343
0.469296
0.244874
0.260219
0.388475
0.203995
0.335399
0.325762
0.264859
0.176450
0.258361
0.356271
0.544656
0.223877
0.232843
0.618931
0.460409
0.459442
0.553646
0.644923
0.574447
0.337815
0.380049
0.230131
0.206373
0.308448
0.379304
0.428684
0.509855
0.323311
0.312197
0.441985
0.249319
0.297473
0.202357
0.331687
0.345410
0.402221
0.290291
0.372637
0.270062
0.383443
0.439340
0.368725
0.263089
0.249463
0.270090
0.298236
0.224244
0.796041
0.289706
0.763489
0.382429
0.364876
0.390087
0.233445
0.225852
0.285475
0.343446
0.261326
0.393829
0.391474
0.265227
0.221265
0.217345
0.306447
0.287689
0.603115
0.349243
0.565643
0.404835
0.196429
0.321855
0.342138
0.441087
0.360412
0.241994
0.274271
0.272565
0.611496
0.705614
0.450865
0.278130
0.377364
0.307178
0.331161
0.240848
0.309750
0.363516
0.187512
0.330994
0.343676
0.234267
0.326294
0.235087
0.393258
0.190748
0.295531
0.269324
0.369389
0.682831
0.229384
0.293072
0.222214
0.337672
0.244294
0.354787
0.569923
0.205069
0.347395
0.225791
0.396697
0.470954
0.396358
0.461376
0.412322
0.305947
0.384968
0.397711
0.405754
0.332697
0.372062
0.283079
0.262992
0.309597
0.378617
0.500959
0.359513
0.435260
0.294358
0.287920
0.299644
0.295188
0.312734
0.278607
0.296155
0.270748
0.384273
0.248055
0.185871
0.409834
0.302711
0.464927
0.447930
0.324345
0.206280
0.324752
0.645433
0.339570
0.223574
0.395541
0.242711
0.193894
0.488042
0.453468
0.448993
0.305196
0.414063
0.184153
0.274616
0.360192
0.315505
0.191513
0.433903
0.386998
0.323728
0.272981
0.279636
0.467336
0.248614
0.253744
0.448372
0.266132
0.417686
0.393020
0.452863
0.267429
0.451329
0.655166
0.558305
0.319816
0.314766
0.252499
0.488257
0.602762
0.523165
0.337025
0.282599
0.260956
0.261695
0.313639
0.437850
0.262637
0.255262
0.245817
0.316911
0.247252
0.360168
0.652650
0.497040
0.454531
0.298592
0.287787
0.333667
0.239510
0.272488
0.457006
0.227752
0.272442
0.278052
0.470053
0.388514
0.374873
0.341718
0.468998
0.378924
0.229058
0.337787
0.144518
0.186753
0.227086
0.147213
0.355471
0.202609
0.335885
0.256020
0.269898
0.251509
0.366634
0.304400
0.279534
0.197418
0.279445
0.704193
1.123907
0.297595
0.264587
0.257807
0.520305
0.281822
0.191863
0.366242
0.383218
0.300735
0.277562
0.231725
0.262826
0.281790
0.423166
0.604695
0.370754
0.321734
0.370810
0.253997
0.479892
0.283035
0.422720
0.808859
0.276011
0.392998
0.317461
0.365880
0.348770
0.207899
0.258745
0.213177
0.387732
0.739862
0.582056
0.316660
0.250359
0.396705
0.304039
0.254626
0.486394
0.645289
0.487439
0.306711
0.197045
0.234192
0.266487
0.292300
0.192527
0.383071
0.557912
0.530644
0.521196
0.385700
0.246457
0.384707
0.270079
0.314494
0.342279
0.343700
0.217850
0.359711
0.250626
0.462321
0.252202
0.123864
0.289487
0.151245
0.366266
0.288211
0.188253
0.450792
0.603067
0.536041
0.391682
0.146682
0.208864
0.257759
0.303846
0.138843
0.223818
0.321333
0.486110
0.401010
0.342131
0.256640
0.342063
0.381211
0.649190
0.434743
0.362317
0.377808
0.363674
0.179989
0.111579
0.168090
0.199786
0.161257
0.202386
0.229343
0.338868
0.406851
0.359875
0.301665
0.571631
0.382524
0.523716
0.266102
0.282869
0.288815
0.551052
0.246164
0.371651
0.305645
0.184887
0.393266
0.459919
0.517970
0.438640
0.264498
0.318723
0.436684
0.389942
0.383262
0.346193
0.171558
0.275843
0.486006
0.223720
0.160269
0.288804
0.350337
0.459165
0.348877
0.176373
0.438262
0.273982
0.158505
0.211383
0.244854
0.308827
0.222102
0.173093
0.291768
0.330531
0.419679
0.281936
0.422402
0.410824
0.327792
0.384361
0.209358
0.201766
0.545476
0.404626
0.396669
0.246313
0.339112
0.253243
0.253926
0.297968
0.365302
0.327344
0.274150
0.200251
0.288215
0.198368
0.388423
0.244777
0.377329
0.450642
0.403243
0.302121
0.411467
0.310991
0.581447
0.457965
0.367086
0.199753
0.458309
0.486623
0.466432
0.287213
0.373029
0.415864
0.264068
0.260854
0.229663
0.154191
0.237063
0.457875
0.283110
0.379665
0.258725
0.413074
0.352521
0.407130
0.381342
0.255450
0.174183
0.218385
0.212004
0.338712
0.253230
0.281824
0.312568
0.371333
0.302115
0.351937
0.387251
0.378661
0.219200
0.354888
0.402177
0.495849
0.248935
0.186526
0.097715
0.441277
0.442086
0.709065
0.667871
0.684160
0.278788
0.275050
0.286954
0.193039
0.236054
0.115346
0.280553
0.270199
0.274228
0.252252
0.325419
0.392393
0.338884
0.390757
0.283018
0.414538
0.230996
0.273448
0.577439
0.643542
0.326684
0.406126
0.224251
0.214397
0.322182
0.312001
0.273438
0.503289
0.299007
0.481472
0.327717
0.142639
0.232333
0.182941
0.348728
0.422472
0.364657
0.334956
0.392631
0.410290
0.393515
0.549037
0.351894
0.227361
0.211786
0.178089
0.336872
0.368480
0.464503
0.529407
0.311063
0.215851
0.327519
0.404427
0.462579
0.516463
0.351708
0.207156
0.188621
0.195356
0.172518
0.212943
0.220092
0.162394
0.334201
0.217358
0.221119
0.332269
0.299481
0.180304
0.364676
0.537901
0.289028
0.142156
0.358652
0.342807
0.597555
0.246251
0.194247
0.124586
0.311387
0.176245
0.307487
0.207929
0.165927
0.242847
0.221661
0.305109
0.202221
0.348864
0.448431
0.338865
0.317847
0.303881
0.370595
0.331953
0.255426
0.221964
0.305658
0.388010
0.379069
0.449074
0.323054
0.435871
0.552350
0.523742
0.375954
0.393944
0.499469
0.514104
0.461788
0.451043
0.341951
0.240885
0.193630
0.371773
0.326661
0.309096
0.462373
0.240521
0.272607
0.465835
0.581399
0.349622
0.396187
0.222402
0.341682
0.411544
0.223756
0.236486
0.227550
0.279278
0.446538
0.423086
0.552159
0.319146
0.423153
0.368584
0.228564
0.194078
0.398887
0.360198
0.248068
0.111745
0.187382
0.368205
0.190132
0.415860
0.254836
0.314456
0.252536
0.272405
0.230103
0.175834
0.270216
0.329461
0.257658
0.392635
0.348411
0.130476
0.275177
0.181010
0.331256
0.620576
0.487444
0.649075
0.443344
0.305629
0.219667
0.213398
0.353298
0.379640
0.389148
0.487480
0.364703
0.388702
0.228160
0.229954
0.297504
0.175098
0.171615
0.507612
0.245907
0.457368
0.413409
0.220249
0.182675
0.418292
0.466046
0.624266
0.577166
0.335333
0.326990
0.160180
0.194763
0.215004
0.300831
0.200264
0.309245
0.115190
0.316756
0.422950
0.302556
0.238748
0.232154
0.426786
0.199264
0.446526
0.342506
0.283628
0.212058
0.288051
0.221362
0.324271
0.230535
0.285155
0.576114
0.235481
0.182554
0.214051
0.410217
0.267062
0.219810
0.276747
0.129092
0.392093
0.195331
0.407627
0.366884
0.310676
0.348495
0.494208
0.319920
0.553651
0.310929
0.272814
0.261676
0.170614
0.158792
0.065597
0.389191
0.373675
0.213008
0.304711
0.193697
0.248007
0.098488
0.319781
0.422007
0.229400
0.483709
0.653406
0.684662
0.453806
0.129243
0.267946
0.207889
0.352655
0.257087
0.156404
0.301163
0.367852
0.527455
0.295252
0.376999
0.280210
0.365109
0.175980
0.350413
0.224044
0.327756
0.450152
0.494974
0.339093
0.395463
0.398440
0.266902
0.289145
0.189496
0.627253
0.571102
0.265488
0.276655
0.343445
0.498411
0.497474
0.297556
0.291897
0.238563
0.367721
0.462601
0.182574
0.264194
0.315003
0.430833
0.294272
0.251013
0.400489
0.510455
0.350950
0.508925
0.372764
0.258412
0.242520
0.435564
0.455268
0.370147
0.555959
0.292825
0.402443
0.276965
0.230334
0.302180
0.179479
0.208659
0.397169
0.530724
0.243003
0.386508
0.319344
0.186326
0.244551
0.262375
0.363916
0.287322
0.232299
0.294295
0.399455
0.410016
0.455652
0.343508
0.233813
0.310077
0.363777
0.282090
0.231701
0.059362
0.256890
0.165270
0.331390
0.365565
0.273875
0.143003
0.259367
0.432199
0.679959
0.897946
0.373519
0.227823
0.282104
0.408789
0.390305
0.329694
0.264580
0.245186
0.356702
0.341410
0.323911
0.202046
0.248754
0.193494
0.210229
0.399224
0.414343
0.325993
0.318318
0.236161
0.133745
0.243497
0.151206
0.140533
0.390192
0.225863
0.164753
0.253540
0.231280
0.429297
0.433818
0.285509
0.381436
0.442915
0.368504
0.468017
0.435129
0.198019
0.122025
0.310964
0.390732
0.495318
0.392566
0.330299
0.344471
0.178489
0.320203
0.264628
0.249404
0.460287
0.210555
0.262465
0.391166
0.320224
0.232374
0.218783
0.298234
0.213147
0.200932
0.250014
0.419168
0.361334
0.299134
0.280858
0.347968
0.258173
0.287533
0.251066
0.342912
0.430640
0.523912
0.287770
0.296370
0.298399
0.106426
0.223580
0.220346
0.191202
0.247300
0.303971
0.241425
0.403655
0.366817
0.340845
0.452496
0.190474
0.243017
0.209427
0.318335
0.266571
0.293966
0.589252
0.273020
0.263355
0.342162
0.274870
0.534985
0.387941
0.264131
0.341862
0.343464
0.616628
0.629641
0.254981
0.556500
0.329735
0.380741
0.310197
0.291302
0.172525
0.449488
0.249435
0.450320
0.400000
0.192282
0.371477
0.180529
0.353036
0.170457
0.115056
0.215246
0.320334
0.338110
0.165523
0.174688
0.354994
0.510219
0.544919
0.496873
0.419127
0.288611
0.289274
0.198939
0.223748
0.414876
0.383849
0.570167
0.480686
0.102111
0.234426
0.328261
0.215883
0.372715
0.379011
0.319064
0.267437
0.162745
0.267964
0.291530
0.211171
0.234229
0.208113
0.370952
0.282375
0.380978
0.361019
0.395537
0.340279
0.169071
0.400742
0.191374
0.382223
0.279583
0.257217
0.253766
0.301771
0.199682
0.510631
0.461457
0.313733
0.312891
0.272066
0.346813
0.455893
1.023616
0.553734
0.275506
0.149340
0.215963
0.330744
0.228372
0.248004
0.330185
0.279702
0.312541
0.298514
0.305637
0.150447
0.211066
0.322771
0.396235
0.149772
0.227044
0.257524
0.320435
0.190876
0.257265
0.359885
0.309325
0.297354
0.420392
0.166647
0.332475
0.177781
0.396398
0.200271
0.208517
0.336914
0.283029
0.512250
0.220340
0.264149
0.344415
0.303818
0.513674
0.383513
0.410416
0.310853
0.265841
0.354465
0.189074
0.346485
0.296748
0.368256
0.441143
0.348525
0.255743
0.215619
0.284251
0.282595
0.247650
0.299719
0.534348
0.355954
0.339933
0.254526
0.308644
0.285399
0.287722
0.299711
0.346751
0.359005
0.291336
0.268392
0.518996
0.449905
0.229690
0.284781
0.171366
0.344704
0.356343
0.405992
0.525681
0.248086
0.290568
0.207089
0.355456
0.318218
0.559609
0.483850
0.238440
0.298207
0.199663
0.282792
0.518766
0.136274
0.184289
0.231588
0.428735
0.430757
0.440567
0.292272
0.195021
0.172638
0.278216
0.304374
0.254210
0.236922
0.209877
0.344251
0.350546
0.491367
0.306729
0.484004
0.117002
0.390611
0.233471
0.628715
0.850900
1.044264
0.197904
0.236594
0.403274
0.268402
0.220573
0.193071
0.219023
0.175456
0.162709
0.297557
0.347742
0.179841
0.254604
0.287530
0.123016
0.294678
0.166022
0.301839
0.341198
0.247078
0.178580
0.302749
0.406551
0.444747
0.637459
0.374779
0.167263
0.439913
0.140591
0.310057
0.216761
0.353550
0.270389
0.205913
0.299657
0.310875
0.174936
0.222705
0.173732
0.431332
0.303153
0.254791
0.234517
0.459510
0.236964
0.632936
0.208315
0.293099
0.362574
0.281088
0.254360
0.369047
0.438289
0.284167
0.338460
0.297262
0.368543
0.357864
0.280579
0.235553
0.349095
0.632113
0.727100
0.292569
0.334245
0.296545
0.266419
0.178950
0.345203
0.294405
0.232421
0.213092
0.441006
0.328994
0.288100
0.295470
0.193921
0.155337
0.285161
0.583353
0.571595
0.479807
0.366616
0.383766
0.211636
0.519333
0.272202
0.332231
0.274740
0.383593
0.409216
0.230592
0.341223
0.233795
0.286828
0.322553
0.345455
0.379220
0.315519
0.412298
0.268399
0.144416
0.229140
0.243906
0.439524
0.130184
0.125785
0.397586
0.367598
0.633534
0.436276
0.537199
0.427039
0.186865
0.235230
0.264152
0.257321
0.254297
0.166329
0.243528
0.267787
0.374977
0.337314
0.283803
0.434239
0.199226
0.214947
0.347894
0.160438
0.306730
0.166978
0.229357
0.344992
0.325521
0.306159
0.474570
0.242774
0.224924
0.500512
0.331840
0.274375
0.148821
0.381998
0.315660
0.335189
0.641724
0.319403
0.560831
0.279848
0.262112
0.279921
0.258439
0.346144
0.282515
0.305993
0.193610
0.191304
0.358069
0.229200
0.331258
0.343549
0.389286
0.489026
0.303637
0.275342
0.246543
0.300424
0.193331
0.257516
0.194834
0.326537
0.200729
0.253827
0.413358
0.190987
0.405435
0.563814
0.427733
0.246119
0.258554
0.190036
0.586705
0.548187
0.301236
0.307094
0.247189
0.287848
0.155870
0.210911
0.111332
0.365913
0.375043
0.228578
0.402249
0.302034
0.476717
0.516684
0.690651
0.499720
0.275407
0.464114
0.287219
0.271106
0.481240
0.297391
0.284132
0.260849
0.195457
0.294474
0.169307
0.340020
0.316839
0.520499
0.415674
0.363559
0.154566
0.320976
0.275324
0.253334
0.406126
0.225817
0.237109
0.357757
0.205844
0.344468
0.247308
0.336125
0.318099
0.349111
0.298288
0.141441
0.149908
0.449343
0.321997
0.325725
0.165806
0.318077
0.273638
0.111417
0.418456
0.207747
0.303098
0.142222
0.398283
0.303202
0.264805
0.347562
0.226604
0.510885
0.271513
0.131126
0.144109
0.243817
0.336110
0.323427
0.317669
0.309318
0.366628
0.657333
0.379979
0.293574
0.182487
0.288442
0.421587
0.506705
0.394868
0.314916
0.429249
0.289215
0.228394
0.313215
0.226915
0.329193
0.405974
0.296427
0.409005
0.341176
0.350361
0.393924
0.163261
0.205124
0.315303
0.374677
0.253527
0.431423
0.524765
0.328572
0.226497
0.222843
0.310169
0.201050
0.267016
0.291830
0.217604
0.219199
0.145058
0.353488
0.354109
0.333133
0.231959
0.244035
0.286990
0.352946
0.319168
0.295591
0.190116
0.224803
0.508642
0.639467
0.498350
0.426179
0.366273
0.352931
0.407349
0.480201
0.222947
0.219963
0.356588
0.233641
0.252901
0.170368
0.177582
0.145987
0.447995
0.387171
0.289884
0.170351
0.304816
0.338451
0.348910
0.249697
0.286364
0.239565
0.245124
0.110808
0.255785
0.281340
0.245247
0.336076
0.352343
0.318043
0.194421
0.228993
0.092155
0.225522
0.286727
0.254418
0.377295
0.256168
0.383141
0.350631
0.175191
0.305700
0.409537
0.506682
0.484201
0.438283
0.298039
0.319665
0.342172
0.421147
0.253215
0.301210
0.318624
0.334547
0.307582
0.261219
0.234831
0.288520
0.197492
0.345170
0.188644
0.329389
0.245273
0.217610
0.282174
0.388500
0.299635
0.269544
0.329939
0.175333
0.177515
0.290928
0.149878
0.290039
0.406395
0.238417
0.416348
0.819809
0.593596
0.630406
0.395995
0.279902
0.300265
0.200118
0.449807
0.311303
0.174557
0.161516
0.400856
0.452918
0.235615
0.393729
0.351561
0.159777
0.439887
0.456687
0.345390
0.427633
0.250610
0.323117
0.427842
0.200462
0.364471
0.065829
0.333371
0.340629
0.084604
0.491879
0.635593
0.969202
0.388997
0.346491
0.199640
0.272539
0.425010
0.606992
0.375662
0.364549
0.445397
0.361389
0.220659
0.294059
0.204672
0.291866
0.240601
0.454075
0.512106
0.265005
0.231379
0.246000
0.409966
0.460613
0.313284
0.094922
0.314784
0.378368
0.302268
0.352733
0.309981
0.322241
0.266727
0.378528
0.251951
0.158279
0.169576
0.495694
0.125918
0.236684
0.194048
0.308626
0.564090
0.307113
0.347115
0.235955
0.430719
0.240289
0.360185
0.268026
0.349113
0.230024
0.229257
0.444504
0.253044
0.210911
0.225772
0.262017
0.188888
0.299586
0.393355
0.371211
0.370135
0.257720
0.207309
0.256723
0.315068
0.242605
0.233374
0.158741
0.258997
0.393440
0.215821
0.236660
0.522503
0.447340
0.275681
0.313117
0.325392
0.223679
0.276554
0.225521
0.127911
0.280897
0.219114
0.289221
0.323649
0.185221
0.157326
0.282269
0.225268
0.264998
0.480110
0.296131
0.256319
0.187780
0.216992
0.299051
0.126591
0.370605
0.219967
0.142543
0.325484
0.239889
0.131518
0.200311
0.296470
0.680872
0.571785
0.776545
0.337679
0.225654
0.265105
0.229283
0.309953
0.206740
0.351342
0.283522
0.259064
0.270446
0.334446
0.229444
0.201963
0.573735
0.272848
0.309813
0.401674
0.255423
0.459644
0.436841
0.425069
0.306985
0.282832
0.378203
0.260531
0.362757
0.383185
0.350529
0.203025
0.240037
0.450339
0.213452
0.381481
0.313685
0.163704
0.271080
0.289549
0.306990
0.477031
0.439581
0.425970
0.307332
0.365204
0.329309
0.581065
0.287219
0.225777
0.332199
0.553278
0.289728
0.181944
0.198549
0.209336
0.264083
0.265578
0.664510
0.397389
0.204214
0.309986
0.461909
0.381292
0.554049
0.343757
0.361151
0.085051
0.377270
0.518442
0.400111
0.391390
0.268183
0.272493
0.193668
0.314615
0.303562
0.286334
0.217583
0.243156
0.414757
0.440915
0.157817
0.298742
0.269305
0.210440
0.439918
0.461325
0.117204
0.217916
0.249854
0.291052
0.263390
0.260735
0.272623
0.166421
0.363111
0.393186
0.412137
0.294691
0.423325
0.404135
0.291773
0.275067
0.435116
0.411771
0.237564
0.467630
0.385708
0.221521
0.144218
0.298424
0.290445
0.118134
0.268990
0.297793
0.302381
0.200651
0.340714
0.394858
0.367757
0.403188
0.253964
0.200975
0.143868
0.382185
0.197925
0.323437
0.185733
0.270205
0.594482
0.631730
0.163250
0.391871
0.798156
0.304052
0.308876
0.453336
0.460193
0.304355
0.210337
0.386539
0.265939
0.508558
0.307573
0.270334
0.204614
0.156265
0.336268
0.165310
0.245201
0.345490
0.297876
0.162030
0.237011
0.199657
0.260777
0.252425
0.094899
0.117449
0.149224
0.299375
0.641091
0.514880
0.214826
0.280283
0.303764
0.274720
0.322283
0.311625
0.465541
0.200955
0.258984
0.548993
0.166030
0.210537
0.584756
0.143772
0.333025
0.414972
0.233641
0.158480
0.201472
0.195294
0.358910
0.166388
0.418350
0.153018
0.228077
0.116623
0.260872
0.402152
0.306903
0.334138
0.447660
0.243334
0.389079
0.225504
0.394328
0.290824
0.264305
0.292481
0.335786
0.233771
0.372966
0.518729
0.349154
0.178067
0.274737
0.258171
0.241400
0.196106
0.425277
0.222039
0.359029
0.255181
0.432961
0.581615
0.276594
0.291534
0.422822
0.320668
0.350979
0.220177
0.187860
0.373687
0.292116
0.461437
0.420942
0.199407
0.203199
0.212488
0.161131
0.333537
0.289926
0.278813
0.259531
0.218395
0.207547
0.207773
0.227782
0.498167
0.362525
0.613397
0.415231
0.374678
0.152784
0.290691
0.214446
0.131543
0.270498
0.286156
0.218758
0.291728
0.353112
0.441395
0.233936
0.214940
0.453006
0.599039
0.378878
0.255876
0.124671
0.385927
0.207884
0.347011
0.398743
0.414862
0.339496
0.282075
0.196152
0.321640
0.252875
0.441345
0.246852
0.249830
0.215277
0.386163
0.270109
0.444971
0.388064
0.465784
0.334246
0.574205
0.442872
0.368836
0.478702
0.316633
0.395581
0.586906
0.440465
0.333021
0.158130
0.216666
0.363250
0.335534
0.258948
0.324589
0.351224
0.324901
0.431126
0.176295
0.320797
0.377836
0.293781
0.486059
0.630559
0.182645
0.398351
0.284989
0.271160
0.313169
0.254396
0.196585
0.319147
0.499620
0.297186
0.396767
0.194728
0.270002
0.348380
0.296406
0.438740
0.445257
0.662584
0.226827
0.147003
0.162563
0.182946
0.159725
0.200879
0.363953
0.310466
0.302144
0.350627
0.231817
0.157149
0.166554
0.212550
0.176882
0.219850
0.137217
0.411197
0.252315
0.516614
0.405078
0.209624
0.311790
0.639801
0.197375
0.236603
0.277931
0.262337
0.314087
0.266747
0.391330
0.339795
0.638533
0.339038
0.242368
0.267554
0.189595
0.451028
0.158776
0.194189
0.110188
0.364328
0.295618
0.423983
0.181485
0.333066
0.376823
0.373424
0.375906
0.343706
0.317268
0.309753
0.269929
0.205046
0.294860
0.555559
0.450389
0.322970
0.190670
0.180368
0.342354
0.279701
0.370179
0.277327
0.314932
0.297733
0.347487
0.289191
0.171290
0.253591
0.289865
0.177400
0.343322
0.266114
0.170444
0.502951
0.180566
0.717984
0.360231
0.240442
0.220560
0.225021
0.344259
0.175236
0.304704
0.174187
0.202669
0.300663
0.403596
0.248969
0.267658
0.140078
0.207946
0.246488
0.522916
0.362472
0.206362
0.240222
0.185575
0.437880
0.167528
0.273479
0.213871
0.325745
0.346865
0.278980
0.263802
0.253300
0.251022
0.260281
0.443608
0.162674
0.175842
0.134159
0.220293
0.164122
0.324791
0.194097
0.385096
0.385049
0.603732
0.314894
0.401832
0.356478
0.331592
0.243110
0.200511
0.143108
0.196198
0.347830
0.125834
0.303779
0.359179
0.346774
0.232275
0.351873
0.339897
0.399576
0.281739
0.397580
0.459355
0.298895
0.195640
0.349215
0.231793
0.248854
0.222844
0.240695
0.480604
0.165456
0.269962
0.212477
0.314594
0.387921
0.560433
0.338017
0.303568
0.326053
0.255479
0.276851
0.387084
0.111006
0.192877
0.453769
0.403754
0.543319
0.385655
0.315330
0.160949
0.267374
0.211910
0.273459
0.170074
0.246922
0.401342
0.198128
0.317275
0.326646
0.243320
0.210412
0.383341
0.263239
0.284085
0.211671
0.260601
0.204063
0.459487
0.290205
0.254506
0.329621
0.589124
0.683535
0.383493
0.883739
0.203289
0.336395
0.133505
0.236592
0.352039
0.345969
0.221050
0.357952
0.231534
0.180685
0.259678
0.257543
0.189613
0.223531
0.238520
0.153321
0.138425
0.305577
0.644300
0.268915
0.190231
0.255986
0.139394
0.258505
0.393706
0.188237
0.139503
0.102761
0.159993
0.190868
0.191015
0.420073
0.297653
0.224131
0.303708
0.254925
0.303894
0.148016
0.224577
0.209502
0.328116
0.367376
0.429914
0.438084
0.666171
0.800213
0.339063
0.290184
0.270319
0.225240
0.189334
0.243534
0.351851
0.350884
0.342846
0.546943
0.834807
0.672534
0.390622
0.689558
0.493126
0.413780
0.301192
0.283794
0.216745
0.253721
0.252568
0.333984
0.450931
0.291470
0.480630
0.271290
0.257698
0.254592
0.305349
0.250411
0.332019
0.379534
0.496440
0.644515
0.352063
0.281878
0.150103
0.260051
0.373131
0.296913
0.256856
0.353961
0.200081
0.124494
0.466128
0.174565
0.209831
0.211943
0.270960
0.315775
0.197650
0.203747
0.225525
0.394018
0.256392
0.241355
0.218794
0.442534
0.246033
0.170957
0.204777
0.242443
0.297088
0.163589
0.278286
0.236638
0.306856
0.522908
0.276870
0.407421
0.409140
0.267344
0.396912
0.292311
0.359249
0.522617
0.325435
0.347215
0.301150
0.313420
0.181343
0.146256
0.207103
0.440533
0.206369
0.214664
0.247940
0.364209
0.280717
0.226743
0.261795
0.145443
0.274126
0.435650
0.379906
0.225750
0.292947
0.107122
0.209280
0.311303
0.335879
0.372528
0.345681
0.433715
0.276423
0.342372
0.419334
0.343697
0.447541
0.361420
0.174057
0.257316
0.230135
0.324695
0.233145
0.237080
0.365792
0.254351
0.292169
0.247694
0.379983
0.199452
0.422170
0.306867
0.254668
0.298508
0.281149
0.309937
0.368456
0.246177
0.131720
0.303776
0.156275
0.282594
0.249500
0.274897
0.241130
0.178427
0.307944
0.201812
0.337863
0.263742
0.305845
0.348339
0.239465
0.369152
0.274330
0.200218
0.345221
0.218067
0.295921
0.404863
0.251634
0.574393
0.205065
0.261643
0.402770
0.237930
0.319763
0.484243
0.314018
0.310176
0.206137
0.162122
0.199263
0.341058
0.308609
0.263735
0.247104
0.239174
0.289196
0.403926
0.489149
0.523192
0.271938
0.176149
0.249479
0.344458
0.324032
0.173523
0.419044
0.338003
0.469504
0.561600
0.288086
0.487504
0.263255
0.410460
0.374754
0.194325
0.186946
0.502377
0.559105
0.421070
0.342041
0.348985
0.209124
0.324226
0.272814
0.329959
0.214311
0.333505
0.245713
0.223316
0.233500
0.278221
0.382748
0.250972
0.351985
0.371061
0.158739
0.134837
0.141119
0.087841
0.171887
0.240580
0.416045
0.274449
0.328981
0.201869
0.259150
0.245528
0.319249
0.474480
0.180891
0.333408
0.590767
0.406786
0.200701
0.258618
0.157138
0.411487
0.328101
0.334220
0.373437
0.273497
0.263782
0.287121
0.203859
0.386797
0.229435
0.154037
0.129507
0.250572
0.235209
0.272905
0.324654
0.070451
0.319187
0.251837
0.141097
0.153361
0.192919
0.208560
0.264808
0.333292
0.316631
0.315552
0.204899
0.324117
0.159844
0.166896
0.148470
0.189346
0.149687
0.112250
0.254784
0.221248
0.405820
0.186740
0.125590
0.184375
0.119601
0.280272
0.207915
0.198442
0.165998
0.337092
0.284863
0.167529
0.164380
0.351190
0.222114
0.308137
0.311725
0.254343
0.126568
0.287885
0.495102
0.600611
0.635652
0.526158
0.266432
0.346002
0.409514
0.163373
0.238976
0.265480
0.391596
0.435619
0.619568
0.354985
0.321163
0.390720
0.226119
0.357956
0.398579
0.521187
0.408962
0.368612
0.439302
0.319596
0.313306
0.347994
0.249729
0.306242
0.202532
0.388135
0.209816
0.318142
0.368424
0.271002
0.246705
0.386033
0.750186
0.839880
0.530331
0.303033
0.301406
0.254930
0.187512
0.363162
0.277041
0.407038
0.186159
0.173743
0.256369
0.232175
0.299314
0.403200
0.368410
0.164051
0.616345
0.329813
0.156267
0.284623
0.315069
0.400107
0.284115
0.337350
0.270923
0.236239
0.188565
0.143328
0.218645
0.243757
0.265852
0.537096
0.354023
0.417173
0.274720
0.471406
0.220577
0.268138
0.381114
0.448957
0.551399
0.403942
0.382298
0.257596
0.420891
0.247455
0.330741
0.321225
0.138542
0.214461
0.325280
0.297763
0.273670
0.392951
0.315265
0.402312
0.303619
0.201269
0.325781
0.324641
0.279956
0.377341
0.153965
0.244247
0.153962
0.298276
0.309598
0.226828
0.286898
0.378104
0.357730
0.487355
0.638209
0.897702
0.346935
0.192689
0.206666
0.259611
0.346269
0.289333
0.395310
0.248205
0.230363
0.389935
0.296280
0.211612
0.260740
0.350772
0.428050
0.259571
0.182969
0.277518
0.241930
0.114929
0.230312
0.232654
0.518755
0.284101
0.481715
0.157582
0.149143
0.253426
0.142273
0.230370
0.226420
0.250253
0.244168
0.224523
0.229996
0.413548
0.419747
0.252249
0.316665
0.315381
0.326382
0.288015
0.114585
0.175279
0.384163
0.416841
0.258850
0.268301
0.464269
0.226971
0.314301
0.139883
0.281430
0.194854
0.253346
0.423884
0.350463
0.232577
0.260975
0.267719
0.200440
0.262794
0.302170
0.176696
0.389107
0.470915
0.469276
0.180811
0.203823
0.399385
0.183558
0.355378
0.309928
0.285130
0.270513
0.378723
0.461825
0.313551
0.330063
0.260993
0.314728
0.200577
0.370186
0.204392
0.376654
0.530972
0.507467
0.260194
0.201053
0.434938
0.339270
0.531244
0.443278
0.257964
0.237730
0.287788
0.294154
0.250226
0.295204
0.366097
0.241736
0.285201
0.414806
0.266182
0.268444
0.247496
0.248995
0.219678
0.214371
0.177876
0.275284
0.241125
0.627769
0.421466
0.211172
0.167872
0.232003
0.238646
0.364762
0.251318
0.189989
0.306886
0.444537
0.269337
0.268754
0.208067
0.326343
0.225308
0.193120
0.204901
0.310693
0.248578
0.278784
0.137312
0.205278
0.196889
0.409357
0.234201
0.320675
0.327392
0.311159
0.166152
0.244883
0.287331
0.237434
0.427073
0.481457
0.417156
0.457002
0.459084
0.412312
0.376594
0.202521
0.159777
0.134014
0.229496
0.298372
0.153616
0.152895
0.186849
0.410471
0.442896
0.191631
0.193946
0.418508
0.241286
0.493796
0.340958
0.148473
0.179745
0.244055
0.230191
0.324557
0.301001
0.248672
0.212169
0.187267
0.258245
0.163352
0.131291
0.266383
0.302358
0.190244
0.316202
0.162897
0.268580
0.231190
0.253597
0.298897
0.128644
0.175350
0.189755
0.306120
0.302228
0.905421
0.523715
0.119678
0.375123
0.213154
0.326302
0.636531
0.272448
0.243684
0.351560
0.316654
0.473147
0.405628
0.411979
0.391225
0.259091
0.232152
0.206230
0.384069
0.245226
0.371005
0.337380
0.159738
0.348646
0.355212
0.293111
0.186252
0.305494
0.250789
0.213726
0.300842
0.161519
0.311734
0.332001
0.271330
0.309245
0.258790
0.347513
0.394131
0.422327
0.210807
0.277514
0.220137
0.400672
0.420068
0.441200
0.624218
0.639944
0.453153
0.376348
0.390102
0.415675
0.423999
0.401220
0.308791
0.176905
0.373780
0.284013
0.263517
0.265980
0.331769
0.241735
0.371521
0.307925
0.408232
0.303039
0.271215
0.524805
0.142660
0.276272
0.347600
0.204077
0.275594
0.350195
0.334814
0.264006
0.282493
0.218540
0.181610
0.290872
0.267159
0.103352
0.510698
0.411197
0.293908
0.254168
0.333543
0.341517
0.204729
0.185059
0.227458
0.181741
0.343133
0.144126
0.543491
0.332531
0.318666
0.162940
0.265462
0.297558
0.225867
0.410839
0.480401
0.584658
0.543717
0.463450
0.212286
0.233775
0.235588
0.326919
0.205248
0.369142
0.149202
0.187661
0.319586
0.194424
0.219580
0.220162
0.158767
0.202032
0.341646
0.293133
0.284957
0.315495
0.162891
0.157228
0.241799
0.327722
0.624429
0.446650
0.253265
0.496042
0.244142
0.268862
0.318385
0.372423
0.231009
0.352426
0.337273
0.377899
0.472450
0.457099
0.345726
0.243482
0.418006
0.291560
0.197317
0.211421
0.234855
0.325713
0.130886
0.388619
0.418263
0.183537
0.273114
0.285266
0.210843
0.196057
0.258570
0.219821
0.355665
0.355048
0.235599
0.166689
0.170113
0.243126
0.289804
0.166043
0.338170
0.283809
0.402590
0.413043
0.616121
0.320060
0.197261
0.272011
0.298805
0.385128
0.439207
0.193205
0.361688
0.383896
0.324975
0.262570
0.265259
0.366158
0.154333
0.255619
0.254522
0.556620
0.482182
0.612855
0.359466
0.450303
0.287315
0.166102
0.228085
0.280409
0.185305
0.287335
0.224566
0.426764
0.340930
0.424398
0.141400
0.218447
0.311498
0.217759
0.282460
0.202017
0.291782
0.148344
0.302376
0.107144
0.450800
0.270345
0.146258
0.205444
0.343492
0.392994
0.273062
0.298739
0.409265
0.276878
0.224621
0.182315
0.384113
0.222406
0.205775
0.392457
0.308057
0.285931
0.179806
0.460196
0.344454
0.438311
0.183035
0.139629
0.411364
0.197999
0.332135
0.676064
0.759580
0.917430
0.520644
0.477867
0.265294
0.291611
0.307646
0.137221
0.393293
0.291384
0.361218
0.263992
0.187338
0.167284
0.260938
0.286816
0.340122
0.235371
0.288360
0.139885
0.134042
0.188968
0.279430
0.319107
0.201734
0.638009
0.460871
0.247714
0.383293
0.275668
0.288841
0.181285
0.211318
0.284280
0.263241
0.527511
0.236561
0.220427
0.194732
0.307834
0.372060
0.332703
0.131089
0.175409
0.363095
0.276353
0.253496
0.300686
0.241429
0.360953
0.176228
0.229482
0.320419
0.182618
0.133184
0.198693
0.185152
0.552209
0.207330
0.202069
0.195567
0.177829
0.296735
0.239417
0.168756
0.121379
0.324086
0.261821
0.249632
0.368644
0.222209
0.403666
0.299745
0.338713
0.393997
0.224716
0.113450
0.509739
0.671259
0.557909
0.577225
0.289732
0.439032
0.325955
0.303344
0.217986
0.349288
0.199007
0.355102
0.380595
0.326564
0.299847
0.248458
0.218759
0.245803
0.231121
0.329568
0.266808
0.413353
0.200643
0.196077
0.217972
0.326605
0.196611
0.211732
0.284065
0.168411
0.171658
0.370463
0.209555
0.365359
0.283126
0.195309
0.202188
0.183826
0.212815
0.285780
0.246314
0.215846
0.140454
0.267670
0.468482
0.324215
0.328984
0.295547
0.337155
0.398450
0.371337
0.258532
0.421425
0.271508
0.264712
0.247832
0.393950
0.363704
0.235474
0.337841
0.292803
0.431978
0.481198
0.344071
0.164293
0.321634
0.343846
0.184393
0.252351
0.239100
0.571275
0.234874
0.185689
0.446201
0.254743
0.164654
0.221545
0.423057
0.295735
0.654420
0.700001
0.682942
0.440035
0.176908
0.266310
0.401346
0.490469
0.365468
0.381018
0.192897
0.421457
0.266017
0.249988
0.217965
0.188547
0.298907
0.232432
0.355519
0.197689
0.246942
0.283190
0.224179
0.359906
0.498988
0.179891
0.394649
0.292548
0.431535
0.266459
0.338238
0.203907
0.243534
0.221733
0.134149
0.399602
0.265750
0.347441
0.259188
0.183762
0.248747
0.335103
0.255475
0.388411
0.226757
0.228488
0.252505
0.324501
0.327092
0.219207
0.302456
0.119622
0.304962
0.227268
0.489420
0.228997
0.332486
0.318336
0.464431
0.239977
0.187462
0.270850
0.185492
0.266511
0.240126
0.520007
0.361582
0.192126
0.356159
0.220612
0.188322
0.402196
0.171068
0.256126
0.256177
0.398802
0.214276
0.511489
0.194903
0.365589
0.228402
0.292182
0.304062
0.130846
0.217417
0.223380
0.364282
0.216738
0.362800
0.270647
0.420668
0.295159
0.407240
0.360375
0.261983
0.263916
0.215979
0.210546
0.175370
0.356734
0.248542
0.271553
0.293227
0.182816
0.350950
0.131274
0.286978
0.297278
0.248402
0.138779
0.252336
0.133213
0.237933
0.595797
0.467142
0.452305
0.661272
0.764298
0.441175
0.372022
0.508201
0.340062
0.303836
0.215807
0.246725
0.182604
0.249721
0.297296
0.282015
0.151026
0.282072
0.229218
0.195236
0.145030
0.479310
0.269890
0.478042
0.383709
0.286361
0.310445
0.394793
0.218324
0.141539
0.307544
0.307098
0.211172
0.151528
0.222198
0.293531
0.267419
0.340118
0.212538
0.216761
0.199476
0.112026
0.211523
0.133519
0.205229
0.195655
0.292962
0.368316
0.323714
0.407034
0.310472
0.183628
0.252926
0.472341
0.145527
0.143387
0.189806
0.254105
0.210366
0.423292
0.396618
0.185093
0.131284
0.421141
0.321116
0.284871
0.343695
0.374696
0.285147
0.315173
0.283271
0.163676
0.148593
0.233922
0.418470
0.260341
0.255220
0.332092
0.299366
0.228406
0.193252
0.395309
0.304639
0.351624
0.209969
0.144181
0.254938
0.380975
0.320688
0.513458
0.386470
0.244596
0.443043
0.318451
0.501331
0.759188
0.291456
0.294356
0.429905
0.351894
0.337585
0.330972
0.327827
0.302851
0.140968
0.349504
0.134722
0.292511
0.249347
0.278396
0.310909
0.321621
0.256313
0.251587
0.355145
0.441935
0.280516
0.422232
0.243623
0.258836
0.218785
0.358148
0.158315
0.325171
0.209819
0.364390
0.304739
0.236533
0.479753
0.222922
0.370164
0.242674
0.278248
0.294700
0.218664
0.615773
0.292672
0.185579
0.172943
0.268608
0.209805
0.156605
0.290261
0.202625
0.234345
0.174728
0.246956
0.324836
0.293157
0.414903
0.258122
0.162527
0.191050
0.171396
0.268104
0.202852
0.158427
0.235343
0.225673
0.278250
0.414805
0.450907
0.438587
0.397004
0.288044
0.286028
0.430624
0.299314
0.222349
0.164707
0.389971
0.248389
0.381278
0.402509
0.265638
0.222813
0.217467
0.453137
0.396319
0.384019
0.208464
0.120931
0.200407
0.259469
0.200318
0.122331
0.284669
0.354980
0.128729
0.244684
0.365011
0.231832
0.167227
0.365086
0.219686
0.300096
0.136348
0.150004
0.238370
0.294711
0.181183
0.261772
0.300575
0.368544
0.290086
0.369861
0.214770
0.303695
0.217064
0.242909
0.277885
0.252488
0.571319
0.427665
0.299805
0.295659
0.430304
0.314912
0.592123
0.501817
0.249032
0.360020
0.345053
0.230932
0.356197
0.284299
0.288422
0.293217
0.530659
0.218776
0.277373
0.448547
0.398323
0.378499
0.259561
0.300571
0.354348
0.196518
0.270555
0.174202
0.229621
0.282300
0.242712
0.320789
0.538177
0.307482
0.326939
0.269276
0.124992
0.287798
0.178172
0.383839
0.387754
0.238180
0.324984
0.611958
0.421417
0.358687
0.310364
0.276072
0.276972
0.405656
0.282696
0.191474
0.253019
0.252142
0.257472
0.278607
0.155538
0.300085
0.286959
0.207518
0.110146
0.373252
0.288360
0.245959
0.300282
0.327509
0.230552
0.338989
0.313692
0.292022
0.315229
0.155767
0.416319
0.193981
0.332293
0.337646
0.377859
0.398291
0.329463
0.338591
0.172694
0.306736
0.352249
0.279171
0.287222
0.349239
0.136411
0.158864
0.291681
0.198668
0.250591
0.275394
0.219608
0.421876
0.574564
0.464809
0.252875
0.340223
0.279655
0.195195
0.225487
0.211232
0.343928
0.431633
0.590208
0.389336
0.168601
0.209413
0.381516
0.500125
0.189200
0.351438
0.212355
0.309551
0.386606
0.299584
0.312268
0.428983
0.319268
0.551868
0.301447
0.186559
1.131924
1.203245
0.657435
0.238913
0.263243
0.340171
0.321453
0.308431
0.529024
0.327924
0.180552
0.241044
0.217203
0.238510
0.270224
0.363273
0.255877
0.305844
0.289028
0.345847
0.198837
0.315534
0.690823
0.208934
0.272264
0.261467
0.152983
0.307561
0.244332
0.209391
0.316576
0.216137
0.130556
0.455707
0.330200
0.320877
0.281882
0.290366
0.245789
0.208309
0.268514
0.182093
0.227872
0.144848
0.191707
0.333621
0.460892
0.381795
0.145968
0.195731
0.229038
0.539821
0.243348
0.110404
0.186415
0.261801
0.320230
0.328579
0.238826
0.225787
0.103026
0.519288
0.261624
0.122691
0.287422
0.191375
0.149605
0.319402
0.534924
0.295280
0.209161
0.376307
0.339193
0.219310
0.374559
0.181026
0.360633
0.156823
0.190449
0.363985
0.335613
0.538219
0.235798
0.216173
0.207648
0.127009
0.182241
0.300223
0.175195
0.193769
0.346549
0.295471
0.265178
0.452557
0.339330
0.164519
0.266768
0.291381
0.222793
0.541450
0.599386
0.220105
0.138630
0.170411
0.330752
0.359320
0.200355
0.341700
0.380481
0.223349
0.392931
0.366859
0.324142
0.421656
0.164764
0.309582
0.748077
0.698472
0.531570
0.308804
0.369170
0.342379
0.199461
0.322401
0.182772
0.302234
0.504455
0.240135
0.392380
0.327485
0.456016
0.232767
0.483669
0.249400
0.210565
0.183293
0.193548
0.207570
0.219631
0.226977
0.403604
0.299662
0.362276
0.340359
0.296175
0.127128
0.228853
0.513040
0.317156
0.159126
0.239222
0.229578
0.156077
0.276856
0.272592
0.386347
0.306590
0.443588
0.188313
0.211392
0.253053
0.302437
0.290382
0.319255
0.449529
0.243239
0.340936
0.182091
0.121346
0.320477
0.284852
0.310162
0.287978
0.126726
0.278337
0.243056
0.453763
0.411785
0.466458
0.263251
0.302475
0.316198
0.320053
0.477965
0.386560
0.112944
0.221009
0.255852
0.463719
0.226533
0.256290
0.273167
0.212643
0.403374
0.201397
0.277414
0.294788
0.170098
0.150801
0.245634
0.213929
0.431331
0.454392
0.275994
0.177121
0.376059
0.671564
0.281583
0.244676
0.250600
0.271269
0.169706
0.206356
0.248546
0.245832
0.189850
0.226909
0.117994
0.162917
0.185908
0.303346
0.186509
0.169990
0.154817
0.122839
0.215935
0.203897
0.187241
0.221524
0.247310
0.230238
0.116406
0.358817
0.546749
0.691737
0.424710
0.415751
0.460840
1.195269
0.889400
0.608011
0.292451
0.260007
0.312457
0.342884
0.665839
0.184624
0.297076
0.316444
0.382420
0.472188
0.267030
0.237088
0.223986
0.485003
0.357546
0.381282
0.179244
0.422987
0.239248
0.178012
0.247416
0.247196
0.291277
0.222154
0.198156
0.275222
0.121508
0.244634
0.330319
0.242699
0.173224
0.235559
0.370759
0.361388
0.249229
0.266710
0.418223
0.398818
0.346576
0.274514
