2.261182
1.535650
1.706865
1.620901
2.073055
2.128373
2.317008
1.860255
1.548362
1.218053
1.411160
1.287513
0.997069
1.432792
1.178213
0.990906
1.835106
1.297410
1.261542
1.321872
1.068818
0.829974
1.882529
1.122623
1.080278
1.266062
1.196461
0.985358
1.034251
1.024832
1.130069
1.144676
0.822549
0.822416
0.771012
0.833012
0.526158
0.656383
0.705264
1.083737
0.732910
0.756631
0.759575
0.665194
0.521866
1.149492
1.335459
0.762992
0.784146
0.841262
1.131387
1.556131
0.876098
0.624397
0.643932
0.508651
0.671162
0.648980
0.793635
0.392779
0.615033
0.620995
0.509611
0.403250
0.434822
0.260878
0.323806
0.378732
0.609166
0.344282
0.500556
0.287329
0.314953
0.257162
0.390787
0.254298
0.494638
0.447096
0.679397
0.937415
0.615716
0.473519
0.428244
0.436781
0.851699
0.623925
0.753171
0.437807
0.427179
0.165753
0.354186
0.420945
0.378538
0.694669
0.237467
0.295710
0.395734
0.097764
0.167381
0.224937
0.204069
0.259692
0.362467
0.233959
0.213888
0.360827
0.364730
0.420919
0.367747
0.215019
0.110207
0.240509
0.223536
0.138278
0.266607
0.182695
0.163547
0.216394
0.076160
0.460946
0.093004
0.293295
0.130581
0.066845
0.051415
0.336436
0.206350
0.280675
0.096225
0.132907
0.222973
0.376705
0.764205
0.303551
0.428329
0.127665
0.219599
0.178414
0.253493
0.338760
0.131377
0.436680
0.203329
0.166085
0.198588
0.274959
0.283635
0.142059
0.398466
0.183505
0.267090
0.124316
0.157735
0.463117
0.186206
0.308572
0.214641
0.222630
0.168839
0.192601
0.229401
0.336735
0.300023
0.200543
0.153772
0.143085
0.253308
0.057234
0.306274
0.379297
0.113877
0.192491
0.231446
0.106125
0.375323
0.109848
0.036489
0.219048
0.204937
0.287235
0.152902
0.354420
0.061423
0.123075
0.193344
0.133330
0.129738
0.357928
0.069286
0.068494
0.107466
0.178878
0.652774
0.153647
0.283406
0.317400
0.260640
0.257905
0.113672
0.128577
0.200613
0.140990
0.545404
0.132849
0.174671
0.134345
0.417577
0.363331
0.182551
0.326159
0.362212
0.089104
0.300600
0.139665
0.118990
0.099415
0.275589
0.162383
0.125489
0.137857
0.081419
0.306272
0.124590
0.243755
0.168718
0.145221
0.303522
0.365216
0.536965
0.285446
0.254929
0.069802
0.029978
0.159480
0.168255
0.033511
0.199266
0.095962
0.102972
0.093586
0.084426
0.194110
0.092033
0.138407
0.168594
0.151145
0.176070
1.008495
4.285983
1.697230
0.194972
0.141781
0.262769
0.149734
0.181404
0.140413
0.250629
0.073404
0.050637
0.104730
0.116710
0.046651
0.083860
0.054430
0.162362
0.147662
0.129006
0.537166
0.508896
0.121358
0.199193
0.101399
0.127225
0.106097
0.088770
0.322488
0.063277
0.088100
0.141035
0.093099
0.061247
0.171647
0.225159
0.097949
0.110690
0.154644
0.328384
0.147646
0.201378
0.332690
0.276190
0.290464
0.065529
0.226358
0.085093
0.194248
0.067864
0.138016
0.150828
0.076862
0.135595
0.235193
0.157440
0.237590
0.258560
0.169882
0.134858
0.431351
0.155520
0.139053
0.111532
0.059598
0.038910
0.033530
0.058136
0.064629
0.056971
0.102180
0.087099
0.543993
0.074542
0.100473
0.115357
0.067873
0.180006
0.128635
0.143508
0.045467
0.297370
0.194431
0.097562
0.199436
0.230217
0.134301
0.152019
0.089212
0.046675
0.059581
0.054293
0.140715
0.056682
0.081752
0.415253
0.063345
0.089080
0.096223
0.044057
0.142380
0.199955
0.112388
0.031200
0.228499
0.146555
0.213585
0.166256
0.290887
0.507098
0.179555
0.186174
0.104766
0.175038
0.055259
0.180101
0.115136
0.063156
0.075734
0.066052
0.256508
0.099391
0.275365
0.108506
0.035336
0.201706
0.181894
0.050574
0.063245
0.515057
0.044877
0.232420
0.085242
0.073640
0.088328
0.071840
0.092713
0.081937
0.183675
0.146995
0.062835
0.312894
0.016697
0.085333
0.153023
0.068348
0.095258
0.177183
0.063107
0.152304
0.125534
0.161955
0.065165
0.072115
0.105863
0.221576
0.194137
0.228320
0.025969
0.080030
0.303424
0.114546
0.049296
0.083300
0.063379
0.044681
0.495447
0.177478
0.109628
0.219420
0.083472
0.173736
0.026373
0.099076
0.069511
0.048601
0.074200
0.053741
0.073432
0.089109
0.196328
0.138581
0.081603
0.070632
0.062333
0.055582
0.064555
0.050301
0.052263
0.091086
0.052507
0.193765
0.188510
0.121089
0.046472
0.157976
0.102372
0.113123
0.019509
0.167830
0.273948
0.303112
0.038405
0.220961
0.113672
0.120603
0.139588
0.189382
0.294781
0.126618
0.089757
0.092044
0.036226
0.081257
0.085304
0.225449
0.243139
0.110647
0.361800
0.156889
0.052985
0.062739
0.061497
0.057994
0.096840
0.163518
0.032713
0.183015
0.107472
0.081279
0.150777
0.065734
0.138922
0.054800
0.075368
0.386925
0.159257
0.095115
0.126396
0.158831
0.039852
0.046330
0.151170
0.226620
0.055638
0.021138
0.084491
0.102423
0.029163
0.243415
0.045375
0.051333
0.032129
0.111658
0.156373
0.034957
0.095642
0.165596
0.029260
0.174637
0.335771
0.033565
0.063135
0.054443
0.088789
0.177103
0.111195
0.081353
0.026773
0.048778
0.121826
0.068589
0.070810
0.064391
0.086096
0.054874
0.051612
0.090779
0.025350
0.117160
0.069576
0.039186
0.075956
0.160272
0.151522
0.307089
0.123894
0.043913
0.242708
0.040012
0.018759
0.071066
0.066657
0.022774
0.489700
0.082768
0.107214
0.306140
0.211927
0.084117
0.160837
0.038989
0.081452
0.122709
0.112973
0.147630
0.071561
0.066858
0.111363
0.050219
0.100446
0.243224
0.220199
0.180129
0.145581
0.034624
0.150313
0.136584
0.099192
0.078239
0.064875
0.150618
0.163369
0.074467
0.421375
0.133128
0.268067
0.328744
0.159236
0.032805
0.050359
0.032342
0.118686
0.047405
0.207091
0.089318
0.048633
0.196429
0.067186
0.041002
0.109302
0.098732
0.069847
0.212747
0.371583
0.198027
0.045342
0.025769
0.015961
0.035140
0.038040
0.032678
0.268253
0.138175
0.088733
0.034115
0.123418
0.404749
0.042463
0.234306
0.084096
0.070367
0.017424
0.140962
0.068746
0.149125
0.066731
0.037545
0.112861
0.078017
0.020300
0.117633
0.032287
0.090363
0.064669
0.056435
0.113479
0.040627
0.104173
0.014317
0.120587
0.169555
0.126546
0.387130
0.033379
0.043901
0.058741
0.027558
0.160207
0.056985
0.050580
0.082739
0.023424
0.098187
0.061743
0.052268
0.090402
0.072967
0.198491
0.073261
0.104939
0.193030
0.308167
0.128843
0.404956
0.013767
0.268728
0.080675
0.027668
0.014483
0.080285
0.019861
0.062544
0.037324
0.217725
0.140052
0.156192
0.033467
0.113404
0.139368
0.031534
0.036491
0.044676
0.082405
0.051373
0.061221
0.073350
0.071193
0.038705
0.119079
0.025270
0.079959
0.077796
0.146260
0.087803
0.018964
0.309291
0.086869
0.058241
0.135834
0.097322
0.057205
0.049011
0.054183
0.180324
0.077958
0.107095
0.040079
0.083641
0.057663
0.141822
0.050660
0.027152
0.069882
0.590148
0.223106
0.048280
0.050855
0.189783
0.111418
0.014440
0.021702
0.031839
0.074958
0.143196
0.329526
0.071310
0.030447
0.371899
0.092056
0.098698
0.274009
0.121372
0.083561
0.183311
0.061310
0.048271
0.351428
0.025745
0.045129
0.093821
0.045980
0.127704
0.192860
0.143323
0.047265
0.033320
0.035895
0.183425
0.048928
0.045471
0.050727
0.143766
0.028181
0.205082
0.132317
0.035566
0.021484
0.057548
0.533030
0.103686
0.092128
0.151451
0.034636
0.203724
0.123878
0.062094
0.035855
0.090130
0.057245
0.047584
0.065146
0.205962
0.045130
0.187901
0.102912
0.195448
0.048110
0.084285
0.045336
0.070117
0.065887
0.150971
0.173760
0.037869
0.059483
0.058272
0.022970
0.020709
0.056446
0.036836
0.252260
0.083197
0.036541
0.011118
0.083596
0.063604
0.066213
0.221951
0.073836
0.276882
0.017845
0.046731
0.044833
0.099927
0.072240
0.034843
0.108182
0.040413
0.105923
0.070056
0.016847
0.037500
0.052466
0.143126
0.047928
0.088658
0.047934
0.042127
0.067340
0.076989
0.053137
0.124421
0.105384
0.090450
0.031788
0.013889
0.011180
0.112262
0.041489
0.019841
0.011787
0.086149
0.136116
0.314034
0.113813
0.195355
0.044842
0.072842
0.088322
0.128014
0.122212
0.018942
0.085507
0.104692
0.093906
0.012488
0.058810
0.034409
0.237477
0.084742
0.362988
0.089528
0.056509
0.082123
0.059039
0.066807
0.147660
0.026200
0.029815
0.087471
0.028180
0.082082
0.043014
0.068897
0.220333
0.048428
0.091840
0.213803
0.037077
0.056898
0.058234
0.043910
0.019368
0.628524
0.061864
0.060614
0.043754
0.097125
0.486917
0.093393
0.096282
0.059024
0.021696
0.032706
0.115758
0.073979
0.099286
0.108754
0.080518
0.031032
0.127353
0.078162
0.023938
0.388449
0.098932
0.022288
0.032407
0.031413
0.041451
0.091124
0.210391
0.328112
0.120695
0.046413
0.060812
0.110321
0.123018
0.032060
0.056873
0.008585
0.046656
0.074179
0.045955
0.039220
0.075897
0.037050
0.048288
0.206041
0.018623
0.175292
0.055346
0.104999
0.052682
0.156476
0.096606
0.090122
0.089996
0.038227
0.048105
0.058971
0.044872
0.033220
0.048812
0.030272
0.191020
0.093219
0.087784
0.048148
0.103203
0.242722
0.086030
0.215583
0.139916
0.094998
0.025599
0.013470
0.024221
0.081797
0.504297
0.041967
0.054983
0.071549
0.042284
0.063291
0.014858
0.103910
0.041905
0.033617
0.021789
0.100634
0.087100
0.027276
0.105978
0.210541
0.039853
0.215641
0.051541
0.032107
0.090747
0.026926
0.032336
0.258950
0.057465
0.152135
0.085904
0.038179
0.029384
0.074264
0.059853
0.051062
0.013134
0.060287
0.038901
0.079366
0.063681
0.264947
0.315952
0.103023
0.131513
0.119283
0.044396
0.133349
0.168791
0.173727
0.096477
0.018992
0.365472
0.068146
0.128009
0.066833
0.067560
0.038722
0.069741
0.021655
0.042974
0.138894
0.284676
0.073275
0.025329
0.400328
0.018759
0.117940
0.012368
0.028007
0.088794
0.019393
0.042704
0.021439
0.083878
0.074159
0.031857
0.024195
0.030416
0.050347
0.019479
0.049284
0.115273
0.048249
0.043534
0.048106
0.116635
0.056238
0.075411
0.058594
0.017830
0.211461
0.050215
0.028754
0.008044
0.086496
0.107815
0.076847
0.142723
0.041562
0.403894
0.066200
0.052769
0.063581
0.097616
0.046447
0.069076
0.230328
0.046067
0.252322
0.128433
0.169924
0.149060
0.046499
0.070109
0.116193
0.059525
0.034686
0.402585
0.113429
0.031951
0.174984
0.147746
0.108246
0.020591
0.066603
0.102205
0.057772
0.289854
0.073795
0.033859
0.077238
0.024516
0.009088
0.072035
0.018208
0.113018
0.144420
0.013045
0.158425
0.018142
0.161112
0.020347
0.060318
0.098978
0.047350
0.079365
0.111388
0.035300
0.037140
0.243471
0.038814
0.062280
0.019571
0.343621
0.054742
0.034138
0.055242
0.179759
0.085177
0.126328
0.030719
0.021787
0.059924
0.241139
0.108973
0.046325
0.051216
0.075827
0.076275
0.053421
0.018012
0.025405
0.076884
0.067838
0.035474
0.055554
0.051457
0.019360
0.148341
0.149938
0.035021
0.008305
0.008765
0.052032
0.066209
0.161352
0.036422
0.072882
0.079203
0.113433
0.045981
0.051194
0.024590
0.022661
0.108836
0.219420
0.016870
0.189540
0.115468
0.036931
0.099474
0.043183
0.069738
0.056471
0.078430
0.011400
0.070845
0.112590
0.108805
0.035278
0.354230
0.038915
0.044965
0.039018
0.029679
0.016209
0.033743
0.012425
0.054129
0.034122
0.078682
0.083114
0.014003
0.175515
0.130384
0.129766
0.106284
0.024631
0.105895
0.092419
0.062654
0.221831
0.034845
0.273104
0.044918
0.013376
0.055543
0.238656
0.095828
0.044733
0.076331
0.044340
0.284028
0.092558
0.066514
0.017533
0.070411
0.015157
0.027265
0.087875
0.163393
0.043959
0.260933
0.264790
0.053313
0.070897
0.026709
0.083312
0.063396
0.037808
0.070410
0.098221
0.053446
0.072808
0.125428
0.023914
0.020211
0.014559
0.069759
0.116377
0.056213
0.236696
0.025731
0.022883
0.074063
0.402923
0.049642
0.017765
0.075945
0.024714
0.056754
0.074108
0.115632
0.075523
0.085390
0.025475
0.099254
0.168245
0.038754
0.046719
0.135103
0.180550
0.016716
0.035064
0.072534
0.193447
0.215403
0.064238
0.088878
0.083895
0.071603
0.019551
0.027865
0.051830
0.040228
0.161390
0.050981
0.167521
0.106734
0.023615
0.023403
0.068716
0.076367
0.089861
0.110698
0.045929
0.224383
0.083957
0.016045
0.011616
0.118651
0.015845
0.031767
0.006156
0.046913
0.050019
0.040103
0.182650
0.022232
0.150589
0.022283
0.052085
0.032410
0.057981
0.116247
0.024970
0.056492
0.036761
0.019330
0.031673
0.352963
0.103114
0.130164
0.036857
0.037348
0.028745
0.031370
0.043085
0.081617
0.059419
0.197160
0.123159
0.251150
0.176577
0.068086
0.026319
0.026555
0.009214
0.074412
0.160506
0.005031
0.190760
0.043291
0.077859
0.017521
0.040878
0.005641
0.013506
0.004435
0.059328
0.072585
0.138639
0.202627
0.057571
0.025872
0.021959
0.045144
0.022568
0.084126
0.063163
0.030959
0.046529
0.342039
0.029832
0.051803
0.075183
0.152785
0.071895
0.020759
0.040466
0.041045
0.075281
0.173535
0.029246
0.027706
0.049569
0.052928
0.076606
0.135513
0.059754
0.056549
0.036363
0.094281
0.018456
0.012781
0.226113
0.011423
0.136218
0.049897
0.048251
0.009394
0.038542
0.083594
0.030264
0.004534
0.159318
0.017827
0.025476
0.031232
0.043000
0.087393
0.086358
0.214036
0.051521
0.109542
0.258155
0.105901
0.218219
0.140806
0.055404
0.108662
0.136603
0.047543
0.038162
0.171036
0.020978
0.119135
0.261962
0.064322
0.064647
0.392199
0.062935
0.158628
0.405610
0.006777
0.077420
0.078692
0.086120
0.032524
0.045489
0.069687
0.200026
0.119398
0.032853
0.031445
0.140183
0.093945
0.084328
0.017293
0.044879
0.021895
0.124583
0.027269
0.046537
0.095378
0.023789
0.013701
0.055059
0.013810
0.125024
0.055071
0.050225
0.010991
0.101747
0.060236
0.022854
0.095015
0.047437
0.313936
0.068668
0.028735
0.067625
0.155939
0.050386
0.057575
0.058937
0.060882
0.019220
0.193910
0.067424
0.110518
0.043129
0.040123
0.174119
0.059216
0.069401
0.135770
0.031784
0.050300
0.037168
0.401778
0.045046
0.004265
0.098627
0.210543
0.047106
0.257891
0.059435
0.026968
0.051145
0.021574
0.093250
0.013655
0.029777
0.040641
0.036332
0.035933
0.034760
0.271697
0.099368
0.096889
0.077089
0.062866
0.013714
0.032567
0.066533
0.046824
0.012615
0.055487
0.105091
0.062262
0.014621
0.028945
0.011966
0.019139
0.085773
0.039516
0.109972
0.067563
0.019568
0.105337
0.124757
0.041959
0.074792
0.103526
0.106636
0.020504
0.016086
0.082772
0.050118
0.111419
0.016929
0.121907
0.155736
0.072020
0.411727
0.056556
0.024433
0.042608
0.011604
0.019401
0.010992
0.177303
0.109491
0.044279
0.142840
0.027245
0.082919
0.015152
0.011508
0.040871
0.012150
0.018333
0.043988
0.010075
0.051901
0.038025
0.092663
0.022499
0.113578
0.052184
0.012201
0.229040
0.040392
0.056441
0.007007
0.052743
0.015041
0.094740
0.051866
0.158375
0.035237
0.025619
0.169434
0.056114
0.034685
0.047545
0.070620
0.105225
0.047794
0.022062
0.033554
0.016991
0.041061
0.079183
0.250717
0.027944
0.026167
0.016999
0.032376
0.024451
0.032049
0.138402
0.066355
0.057107
0.263457
0.145856
0.029842
0.017185
0.031056
0.119167
0.095126
0.015100
0.079550
0.053208
0.071365
0.028700
0.010189
0.027347
0.025806
0.004079
0.009059
0.025775
0.056929
0.125212
0.087594
0.047879
0.061436
0.060293
0.039486
0.197832
0.030438
0.430543
0.026274
0.057769
0.027848
0.020758
0.010147
0.042575
0.062706
0.019846
0.037443
0.060692
0.029796
0.393971
0.316862
0.111046
0.093190
0.070059
0.174111
0.036205
0.090879
0.110173
0.099336
0.071188
0.053060
0.036203
0.270151
0.020867
0.257034
0.040895
0.042996
0.284045
0.091283
0.054653
0.048990
0.020223
0.086166
0.094969
0.074259
0.115415
0.059777
0.044698
0.125410
0.083424
0.191160
0.027168
0.135294
0.040675
0.202807
0.078975
0.047572
0.107021
0.030310
0.008922
0.175132
0.039104
0.240658
0.060033
0.075977
0.014208
0.074859
0.015671
0.105372
0.045904
0.092598
0.023477
0.013537
0.025110
0.010248
0.052147
0.023217
0.079438
0.075380
0.068666
0.021661
0.021808
0.048254
0.217721
0.102706
0.109964
0.016025
0.018314
0.046267
0.060991
0.013303
0.122088
0.065658
0.051049
0.059383
0.065398
0.166920
0.084752
0.069406
0.098234
0.361991
0.183169
0.037631
0.018097
0.064507
0.059637
0.040338
0.054045
0.093923
0.051017
0.138194
0.138077
0.056287
0.060593
0.149465
0.012316
0.077245
0.038945
0.075987
0.039425
0.041298
0.009565
0.015968
0.007554
0.102533
0.045773
0.010040
0.171960
0.010104
0.011515
0.036865
0.193785
0.044237
0.076043
0.048192
0.396684
0.051304
0.052689
0.018677
0.018194
0.256388
0.026937
0.076446
0.030454
0.014384
0.025941
0.003526
0.078780
0.056162
0.156114
0.341876
0.153021
0.019537
0.033752
0.014465
0.065216
0.002753
0.087509
0.073213
0.078834
0.021440
0.016894
0.038598
0.072783
0.030443
0.080913
0.023016
0.006470
0.116184
0.090129
0.021569
0.055984
0.026803
0.028278
0.075044
0.013519
0.048283
0.076457
0.007995
0.342341
0.204927
0.011120
0.036116
0.036837
0.052403
0.039258
0.054425
0.039333
0.034869
0.013020
0.032881
0.050847
0.023264
0.039764
0.031457
0.058226
0.175248
0.052235
0.117253
0.115458
0.015917
0.050124
0.065701
0.048586
0.059668
0.078448
0.052424
0.033168
0.051966
0.104278
0.044638
0.017841
0.187171
0.135927
0.112084
0.068979
0.040308
0.050765
0.040919
0.102162
0.158276
0.069998
0.045829
0.057029
0.026013
0.091236
0.031146
0.017711
0.015588
0.014124
0.016343
0.015366
0.027865
0.056624
0.107610
0.020552
0.047699
0.019991
0.132362
0.164450
0.078760
0.039084
0.176963
0.080034
0.089469
0.026828
0.069726
0.057469
0.024910
0.035046
0.019944
0.038237
0.012374
0.034105
0.081026
0.204852
0.058416
0.046208
0.021931
0.049997
0.022119
0.010846
0.042735
0.033640
0.041813
0.089220
0.057594
0.007936
0.057012
0.065501
0.209696
0.115142
0.273983
0.159533
0.093831
0.086078
0.102031
0.167567
0.093841
0.506899
0.070236
0.058182
0.031996
0.079177
0.057256
0.179729
0.133311
0.087263
0.013376
0.045530
0.171586
0.004876
0.039747
0.024888
0.060252
0.111257
0.068102
0.086771
0.031967
0.036699
0.048928
0.200722
0.063244
0.080820
0.089486
0.033716
0.209154
0.163343
0.086398
0.062114
0.079077
0.007431
0.015646
0.209747
0.162281
0.102166
0.048580
0.100467
0.064306
0.018412
0.060527
0.050376
0.077715
0.164632
0.278605
0.049197
0.041930
0.012823
0.019379
0.038729
0.033727
0.042789
0.084901
0.536339
0.015422
0.025910
0.032333
0.019797
0.042087
0.058858
0.038936
0.014533
0.078241
0.016408
0.055437
0.344818
0.024089
0.022622
0.050130
0.008480
0.039081
0.083696
0.020413
0.053227
0.080305
0.035376
0.030803
0.010000
0.159691
0.105548
0.157913
0.078049
0.016527
0.144959
0.088497
0.021024
0.056464
0.220044
0.032983
0.014967
0.069659
0.115901
0.146646
0.028903
0.057749
0.054511
0.028408
0.057100
0.060763
0.040568
0.052186
0.082165
0.020093
0.020256
0.008460
0.038987
0.011133
0.014480
0.025669
0.006278
0.069432
0.052044
0.008314
0.367419
0.026145
0.062661
0.193065
0.050857
0.099576
0.027876
0.046026
0.014406
0.005976
0.022062
0.063532
0.130930
0.111726
0.014188
0.041617
0.063840
0.073706
0.048777
0.033313
0.204213
0.043969
0.016399
0.052228
0.045060
0.020282
0.040848
0.006161
0.051613
0.150487
0.114452
0.042036
0.020742
0.017589
0.075811
0.049980
0.019590
0.204715
0.027437
0.031962
0.020429
0.017232
0.099511
0.017944
0.089436
0.058443
0.020943
0.065833
0.016526
0.029230
0.075502
0.088224
0.088822
0.071814
0.020808
0.064002
0.043520
0.044808
0.015833
0.018515
0.434784
0.135987
0.020303
0.070494
0.180082
0.027055
0.055698
0.017617
0.123344
0.012987
0.072210
0.060141
0.082785
0.066847
0.074916
0.042965
0.018070
0.056753
0.004054
0.006276
0.067900
0.082684
0.052958
0.063057
0.020894
0.011837
0.155664
0.048175
0.027767
0.044629
0.019908
0.019182
0.017592
0.104136
0.175337
0.041535
0.016307
0.045163
0.105478
0.288244
0.070596
0.040969
0.109549
0.041959
0.112460
0.134641
0.105318
0.105637
0.017654
0.034899
0.015125
0.053640
0.043480
0.037291
0.216560
0.053065
0.021952
0.014146
0.041666
0.031177
0.021503
0.149933
0.078810
0.042002
0.014439
0.035564
0.004562
0.065307
0.007090
0.020943
0.022848
0.022066
0.045018
0.094144
0.012925
0.085358
0.079979
0.015498
0.067190
0.027800
0.072451
0.008881
0.308432
0.095134
0.064667
0.046225
0.013682
0.153573
0.066782
0.034964
0.091054
0.143217
0.489650
0.316049
0.062832
0.085571
0.030734
0.012252
0.025352
0.032132
0.206430
0.051190
0.036907
0.105574
0.072405
0.137972
0.067001
0.074227
0.103893
0.181298
0.040614
0.228421
0.090053
0.010425
0.060280
0.053739
0.072984
0.114957
0.051805
0.031872
0.077963
0.045946
0.041889
0.281792
0.078975
0.241329
0.049668
0.032844
0.057793
0.026778
0.071760
0.011732
0.015806
0.029228
0.025788
0.154973
0.066792
0.174437
0.010316
0.031526
0.034402
0.069608
0.174847
0.032690
0.057139
0.029850
0.073076
0.103456
0.008732
0.046345
0.017739
0.113458
0.017175
0.031657
0.039335
0.010983
0.022294
0.113573
0.136433
0.043379
0.015089
0.072301
0.063904
0.015756
0.116090
0.118065
0.019440
0.089222
0.031719
0.069612
0.015327
0.029477
0.189843
0.019297
0.044449
0.114541
0.007391
0.017815
0.081580
0.021793
0.254464
0.037637
0.131349
0.057605
0.009344
0.349162
0.017682
0.027160
0.017760
0.030325
0.051937
0.051543
0.120317
0.042448
0.060378
0.024067
0.013146
0.045222
0.033206
0.045847
0.026935
0.127309
0.249683
0.213816
0.071159
0.056671
0.030737
0.016475
0.080436
0.107500
0.088779
0.015571
0.045657
0.050975
0.027663
0.010916
0.163981
0.049225
0.130379
0.131265
0.038974
0.019514
0.072952
0.005282
0.018230
0.070446
0.023782
0.107889
0.068380
0.122757
0.060323
0.023936
0.014009
0.033911
0.057268
0.075432
0.054550
0.030244
0.090364
0.207438
0.058489
0.023665
0.050843
0.132029
0.013118
0.032080
0.050374
0.014888
0.330829
0.007839
0.083891
0.039312
0.005670
0.018744
0.027543
0.043567
0.063065
0.061088
0.057995
0.037327
0.056682
0.089546
0.046207
0.083307
0.242477
0.067253
0.077281
0.044643
0.028941
0.037618
0.065877
0.014317
0.039009
0.046733
0.021730
0.094944
0.067524
0.055634
0.103180
0.171327
0.007038
0.082339
0.024791
0.011526
0.033876
0.025235
0.028674
0.038899
0.019802
0.038186
0.016325
0.061992
0.054652
0.102020
0.026161
0.022964
0.193912
0.065506
0.014118
0.069182
0.190472
0.029183
0.332851
0.062160
0.021620
0.105230
0.018620
0.031001
0.043416
0.007528
0.043642
0.053910
0.013881
0.102604
0.043626
0.008961
0.047755
0.084746
0.078197
0.116513
0.057668
0.109681
0.013189
0.033344
0.032776
0.021315
0.014231
0.058107
0.005124
0.054401
0.034818
0.101117
0.049923
0.035844
0.003105
0.108670
0.008326
0.010161
0.079090
0.042612
0.104506
0.019049
0.141252
0.057448
0.071242
0.073483
0.024616
0.016898
0.137403
0.026755
0.013587
0.075237
0.004719
0.015482
0.060692
0.068555
0.042631
0.317423
0.034822
0.015439
0.017628
0.090918
0.039094
0.011277
0.060117
0.040357
0.225051
0.087430
0.107464
0.023522
0.016511
0.039276
0.014868
0.025660
0.050112
0.021373
0.022727
0.014881
0.013547
0.035631
0.043799
0.058046
0.070390
0.138914
0.035445
0.070963
0.272200
0.101822
0.041697
0.053372
0.083734
0.053220
0.063256
0.039957
0.111386
0.069908
0.132878
0.026990
0.013699
0.066879
0.053818
0.103108
0.086802
0.098484
0.036636
0.022811
0.029085
0.086968
0.020714
0.095507
0.034037
0.081852
0.027591
0.155533
0.200048
0.008227
0.082360
0.031828
0.166334
0.018541
0.047753
0.025204
0.061178
0.039282
0.094574
0.148867
0.075192
0.054988
0.120880
0.022419
0.026206
0.013973
0.105506
0.107954
0.516561
0.006623
0.266746
0.062608
0.027073
0.024841
0.071171
0.058803
0.147746
0.067504
0.040186
0.165111
0.313098
0.014959
0.028171
0.053258
0.019666
0.020162
0.017137
0.031741
0.044136
0.033463
0.042313
0.096643
0.001579
0.057164
0.036667
0.109641
0.070383
0.016483
0.086579
0.012190
0.031415
0.040801
0.068777
0.149693
0.067110
0.007628
0.014126
0.008556
0.089923
0.078732
0.074615
0.064765
0.205182
0.080809
0.184373
0.006804
0.019527
0.072803
0.152791
0.020409
0.058169
0.373796
0.016408
0.019955
0.120097
0.032988
0.159600
0.036403
0.088512
0.007912
0.022323
0.122179
0.060607
0.180160
0.042890
0.047473
0.009069
0.009515
0.038891
0.010959
0.033535
0.048341
0.019789
0.074676
0.047519
0.018863
0.080675
0.058402
0.021119
0.036789
0.042008
0.089060
0.032486
0.024499
0.035056
0.088958
0.013425
0.070042
0.019148
0.059031
0.007055
0.269013
0.051292
0.028354
0.015359
0.011271
0.067544
0.019299
0.021994
0.055450
0.094337
0.034293
0.031003
0.239218
0.056077
0.068479
0.057378
0.073490
0.037305
0.356237
0.022236
0.063795
0.041928
0.025690
0.031568
0.028461
0.013361
0.132770
0.080433
0.168257
0.016038
0.018206
0.040624
0.021506
0.029678
0.073001
0.163317
0.016230
0.058856
0.023021
0.041574
0.049946
0.012833
0.022493
0.039984
0.125560
0.043804
0.013216
0.011202
0.044236
0.014424
0.103553
0.100189
0.010380
0.026038
0.070458
0.131039
0.308791
0.049501
0.013083
0.046675
0.007396
0.092071
0.017298
0.135904
0.028551
0.208831
0.167083
0.011109
0.062456
0.099128
0.048115
0.055422
0.064243
0.006165
0.101946
0.022854
0.017799
0.025293
0.014714
0.006074
0.121254
0.007874
0.078241
0.072589
0.016427
0.035776
0.040611
0.062760
0.009288
0.028471
0.036712
0.038382
0.021989
0.062628
0.025965
0.015218
0.014869
0.095020
0.025547
0.020463
0.014833
0.088030
0.067228
0.040941
0.076792
0.197712
0.026906
0.033090
0.014052
0.031596
0.049790
0.018219
0.006256
0.035476
0.041164
0.075801
0.016598
0.059907
0.003068
0.101680
0.193488
0.025205
0.013458
0.017792
0.082485
0.083017
0.023715
0.176817
0.050226
0.008237
0.046970
0.056118
0.016109
0.226631
0.058353
0.061602
0.143439
0.070496
0.044458
0.067610
0.006641
0.020884
0.062766
0.081432
0.102165
0.029920
0.025889
0.027329
0.003416
0.313100
0.013210
0.035474
0.053340
0.047209
0.036902
0.044425
0.013652
0.025465
0.017883
0.008556
0.013480
0.022281
0.021534
0.009480
0.042815
0.046390
0.097501
0.019978
0.029317
0.069297
0.077237
0.014279
0.109620
0.024728
0.020550
0.032228
0.024603
0.045787
0.011125
0.055814
0.099642
0.187541
0.035634
0.038253
0.123863
0.063343
0.106647
0.015448
0.083196
0.023258
0.085610
0.205823
0.083675
0.192344
0.092061
0.068047
0.039470
0.033527
0.071342
0.094079
0.027434
0.040712
0.193989
0.049236
0.094190
0.110347
0.090836
0.046237
0.076477
0.116499
0.018992
0.023007
0.100955
0.037905
0.027080
0.024097
0.093049
0.048541
0.071657
0.031201
0.124314
0.016557
0.023543
0.042037
0.072315
0.022476
0.103113
0.185705
0.010343
0.200951
0.022995
0.115186
0.057473
0.011589
0.239318
0.400977
0.046220
0.056286
0.011458
0.106389
0.066605
0.074282
0.004697
0.354176
0.179253
0.059224
0.035768
0.071565
0.018880
0.111106
0.196302
0.019965
0.116205
0.010113
0.038648
0.020572
0.005699
0.045170
0.020336
0.024780
0.005381
0.007786
0.025725
0.006263
0.182030
0.013466
0.039442
0.102961
0.071222
0.003386
0.055527
0.179037
0.035079
0.007876
0.063620
0.071932
0.066800
0.047384
0.027036
0.067515
0.024095
0.019267
0.240266
0.092356
0.032065
0.016622
0.022265
0.046048
0.039957
0.040894
0.164291
0.024413
0.079314
0.079439
0.022209
0.047544
0.116849
0.031227
0.023785
0.040137
0.099421
0.062486
0.108345
0.041709
0.038841
0.094963
0.076133
0.318303
0.018761
0.208859
0.029839
0.022362
0.023777
0.008217
0.004425
0.142978
0.076178
0.020205
0.047988
0.011627
0.043882
0.026795
0.140219
0.019917
0.035590
0.031950
0.024570
0.057960
0.061670
0.053095
0.038666
0.015284
0.029686
0.201078
0.076737
0.022011
0.016736
0.009010
0.156735
0.033583
0.072766
0.109065
0.058758
0.031159
0.008742
0.020215
0.011008
0.012549
0.016722
0.052452
0.078515
0.041621
0.030988
0.039500
0.055261
0.034314
0.124002
0.116976
0.017105
0.023769
0.013462
0.087220
0.067221
0.009825
0.132461
0.095884
0.085525
0.014900
0.090275
0.087344
0.037277
0.012883
0.023980
0.013973
0.005580
0.071997
0.006314
0.227930
0.107732
0.087097
0.062732
0.032115
0.040363
0.018095
0.005924
0.070597
0.163438
0.027243
0.068715
0.021232
0.042231
0.052988
0.007532
0.035346
0.048541
0.025562
0.039080
0.003734
0.104996
0.022252
0.072818
0.012931
0.013150
0.381226
0.166709
0.026397
0.049950
0.042715
0.058849
0.026464
0.021153
0.091430
0.023666
0.022899
0.009264
0.027740
0.009360
0.024121
0.022948
0.017452
0.189302
0.042858
0.055010
0.068567
0.026603
0.011809
0.022504
0.002803
0.023764
0.302387
0.080498
0.078936
0.016987
0.027147
0.157203
0.057973
0.041556
0.046501
0.063028
0.017588
0.021192
0.028196
0.027681
0.076431
0.167760
0.044308
0.062566
0.067742
0.019920
0.001602
0.044986
0.015647
0.073252
0.088486
0.044724
0.015921
0.012311
0.027683
0.036555
0.065638
0.008211
0.125701
0.008468
0.024041
0.038212
0.011549
0.059200
0.049301
0.069910
0.031783
0.027726
0.008336
0.092254
0.084171
0.037232
0.036393
0.045869
0.008693
0.031561
0.032578
0.012308
0.046980
0.009017
0.057660
0.063366
0.060032
0.176274
0.025575
0.020507
0.105362
0.024803
0.182000
0.008998
0.052423
0.128142
0.013890
0.010009
0.047296
0.077211
0.012507
0.019281
0.013235
0.023225
0.046424
0.042168
0.033219
0.073652
0.054169
0.036756
0.033322
0.022410
0.018561
0.027318
0.046801
0.057487
0.057348
0.007825
0.109837
0.087274
0.029008
0.040986
0.081097
0.040715
0.045350
0.040491
0.088305
0.131344
0.012876
0.052748
0.275025
0.065691
0.041239
0.044579
0.026594
0.037442
0.032757
0.048049
0.057615
0.026095
0.075405
0.004305
0.184885
0.049918
0.049561
0.086214
0.768018
0.048133
0.100743
0.323859
0.023204
0.117390
0.003325
0.007923
0.016575
0.021317
0.027593
0.013277
0.023456
0.043890
0.018106
0.034946
0.055508
0.088169
0.027092
0.071412
0.129788
0.015082
0.069635
0.028349
0.024648
0.005090
0.227812
0.008909
0.021042
0.060858
0.033576
0.067054
0.541777
0.050278
0.266686
0.200663
0.059279
0.076229
0.022904
0.069917
0.037535
0.121976
0.070809
0.079316
0.029165
0.078040
0.031321
0.007718
0.008221
0.158122
0.115521
0.063330
0.008332
0.052012
0.073441
0.075835
0.015581
0.020599
0.042088
0.020318
0.070215
0.236859
0.023021
0.056843
0.068258
0.006498
0.036542
0.102316
0.011053
0.045428
0.049206
0.049324
0.036412
0.254898
0.094543
0.041069
0.014833
0.034976
0.039493
0.039671
0.039213
0.008968
0.010939
0.046961
0.010442
0.058091
0.025590
0.045753
0.027658
0.338874
0.034650
0.070014
0.027873
0.061819
0.023859
0.066747
0.017577
0.056157
0.013262
0.259218
0.038867
0.052001
0.020191
0.044916
0.031469
0.016953
0.005117
0.020360
0.047135
0.045649
0.012494
0.024729
0.031010
0.087969
0.053149
0.107699
0.055030
0.036868
0.018165
0.056022
0.023956
0.061528
0.346429
0.010466
0.076597
0.153764
0.028737
0.035775
0.037354
0.017117
0.012147
0.342636
0.097307
0.053071
0.014838
0.006436
0.140805
0.047672
0.004408
0.016103
0.040910
0.060929
0.032966
0.005001
0.075129
0.041886
0.006985
0.011552
0.006248
0.085253
0.049127
0.090586
0.042302
0.009397
0.049959
0.053536
0.027664
0.036411
0.067670
0.051192
0.049119
0.068403
0.042585
0.037233
0.019202
0.050590
0.040393
0.008947
0.108415
0.035192
0.040688
0.222752
0.022718
0.010633
0.036419
0.052775
0.014616
0.111645
0.016293
0.006278
0.002738
0.134815
0.175475
0.007500
0.013711
0.067925
0.089228
0.018863
0.068804
0.028348
0.013923
0.115996
0.027873
0.045774
0.054581
0.112391
0.058962
0.015772
0.042916
0.039201
0.046034
0.167046
0.033288
0.013177
0.048685
0.025507
0.087434
0.035824
0.036337
0.021087
0.043758
0.026094
0.089107
0.030029
0.040633
0.066327
0.136891
0.010002
0.019018
0.023634
0.063551
0.022744
0.040358
0.288579
0.025388
0.040540
0.023278
0.010233
0.053698
0.036944
0.163668
0.019108
0.031393
0.005083
0.019927
0.030300
0.064392
0.038779
0.012874
0.015921
0.091095
0.053533
0.004510
0.030871
0.062298
0.048061
0.023908
0.148626
0.051174
0.014267
0.032324
0.007621
0.007709
0.109719
0.042561
0.012173
0.298470
0.025529
0.023967
0.077542
0.163792
0.012935
0.021834
0.052039
0.078992
0.044378
0.031787
0.022455
0.045145
0.005801
0.173370
0.047482
0.023649
0.111776
0.014867
0.020761
0.007726
0.018199
0.057197
0.111812
0.002275
0.064726
0.017635
0.116024
0.088263
0.080659
0.008692
0.035537
0.077676
0.054602
0.037097
0.153036
0.020667
0.013735
0.014205
0.075054
0.008673
0.033113
0.029677
0.019658
0.032213
0.037754
0.013786
0.009022
0.056036
0.013814
0.036528
0.061416
0.021540
0.034215
0.039188
0.060842
0.017524
0.132443
0.012969
0.013245
0.003320
0.077149
0.020826
0.014814
0.064465
0.062746
0.082492
0.005239
0.010630
0.006646
0.063912
0.048797
0.012315
0.103372
0.090266
0.011960
0.021729
0.035966
0.019852
0.060846
0.044722
0.077351
0.023584
0.079974
0.040895
0.010269
0.006858
0.014340
0.004555
0.025282
0.052744
0.002130
0.025455
0.038786
0.032905
0.078511
0.008831
0.131468
0.014813
0.008516
0.031371
0.040069
0.060359
0.432448
0.049678
0.038844
0.053075
0.089191
0.037787
0.185332
0.036318
0.050331
0.015421
0.059466
0.021471
0.010596
0.022795
0.011804
0.032878
0.060043
0.042213
