2.204076
2.376297
2.015937
2.254366
2.034852
2.102714
2.395519
2.274260
2.348603
2.372433
2.048054
2.107215
2.138750
1.998547
2.201427
2.049636
2.219557
2.223233
2.333241
2.338318
2.180103
2.252719
2.282995
2.164781
2.394421
2.215058
2.268266
2.277111
2.274488
2.174309
2.232475
2.474405
2.215571
2.267929
2.369380
2.147827
2.212450
2.313349
2.302499
2.313672
2.165964
2.273586
2.207450
2.198248
2.253745
2.235541
2.401070
2.352081
2.273484
2.383145
2.265177
2.268762
2.259527
2.207304
2.284604
2.211153
2.182082
2.242586
2.225803
2.183152
2.209998
2.305223
2.338211
2.220076
2.277647
2.246174
2.214762
2.356701
2.311899
2.224880
2.297016
2.289969
2.237927
2.268598
2.230755
2.278048
2.284331
2.243396
2.313444
2.381295
2.253677
2.332552
2.209164
2.277195
2.348214
2.298654
2.338849
2.256409
2.262171
2.252942
2.339091
2.357262
2.339169
2.321225
2.241446
2.278168
2.248585
2.340354
2.232715
2.279260
2.256302
2.273651
2.245726
2.266026
2.244699
2.267031
2.348230
2.249097
2.274617
2.315397
2.267501
2.274254
2.266502
2.299687
2.267996
2.312562
2.259162
2.338885
2.315547
2.283593
2.273773
2.299614
2.371752
2.265236
2.261762
2.312548
2.255432
2.268224
2.352455
2.258556
2.268250
2.305696
2.276501
2.284638
2.310464
2.258623
2.279389
2.315610
2.288563
2.270229
2.302100
2.247373
2.270633
2.325807
2.270334
2.282324
2.273662
2.262619
2.291151
2.329228
2.267364
2.273347
2.343484
2.263692
2.304761
2.254908
2.257944
2.265876
2.242698
2.292031
2.288049
2.266215
2.301012
2.265836
2.269400
2.262598
2.282050
2.272433
2.296493
2.289363
2.300202
2.246536
2.269490
2.315201
2.261983
2.281420
2.277431
2.297899
2.324309
2.316033
2.289762
2.269088
2.277852
2.279189
2.281244
2.257105
2.330634
2.251845
2.274614
2.277314
2.263670
2.283395
2.288569
2.284444
2.274697
2.280084
2.316075
2.331280
2.290893
2.297889
2.313195
2.291401
2.295236
2.277933
2.289822
2.301157
2.303052
2.318981
2.295375
2.318439
2.307688
2.313554
2.322929
2.276762
2.280358
2.274295
2.285802
2.309507
2.335730
2.269632
2.294918
2.263908
2.278316
2.330606
2.343192
2.296543
2.276560
2.298327
2.273031
2.291851
2.275195
2.263152
2.309763
2.288543
2.314647
2.292373
2.263924
2.275936
2.252360
2.275214
2.273973
2.322676
2.338540
2.278848
2.281500
2.311192
2.336030
2.295063
2.275146
2.284688
2.320974
2.276257
2.289943
2.269770
2.297692
2.303061
2.297541
2.311866
2.300197
2.317163
2.276229
2.293034
2.307043
2.279038
2.294858
2.304203
2.323385
2.320279
2.325976
2.300587
2.307373
2.303556
2.287117
2.319524
2.340814
2.301539
2.309977
2.283466
2.311142
2.300150
2.264931
2.284491
2.319447
2.285211
2.283171
2.284863
2.293866
2.278211
2.274684
2.276070
2.287939
2.288876
2.307465
2.279712
2.322917
2.291924
2.297259
2.283936
2.298754
2.333827
2.291363
2.289532
2.319262
2.299902
2.309292
2.302812
2.303658
2.293857
2.286380
2.323501
2.307938
2.280056
2.286139
2.312758
2.302210
2.285056
2.294369
2.273896
2.278701
2.285148
2.299469
2.296992
2.293155
2.288013
2.329984
2.309903
2.291143
2.287366
2.311660
2.298085
2.306402
2.315955
2.312181
2.271076
2.284764
2.282505
2.324931
2.288153
2.279899
2.283691
2.279876
2.280259
2.295158
2.322390
2.291524
2.293588
2.282845
2.288052
2.284209
2.281276
2.316957
2.280629
2.332696
2.297763
2.289496
2.338386
2.288853
2.306298
2.294936
2.281866
2.283864
2.302124
2.315148
2.292718
2.291842
2.297200
2.309898
2.292913
2.298409
2.302081
2.290928
2.286543
2.307303
2.281881
2.285703
2.290822
2.332464
2.287524
2.322625
2.281721
2.287897
2.284096
2.309635
2.300114
2.296561
2.306766
2.319172
2.315013
2.295084
2.345839
2.296089
2.309206
2.311565
2.308378
2.297309
2.303747
2.302824
2.287522
2.318879
2.299897
2.307777
2.300228
2.302209
2.318593
2.312073
2.287495
2.298649
2.304574
2.289012
2.302031
2.311516
2.301633
2.285715
2.290577
2.303377
2.315245
2.290452
2.301687
2.303266
2.302630
2.316115
2.320720
2.288161
2.310996
2.297164
2.288676
2.307101
2.310044
2.292152
2.299553
2.311685
2.291924
2.289263
2.297303
2.291292
2.292716
2.294595
2.311355
2.286558
2.290191
2.286478
2.292830
2.290949
2.294056
2.293050
2.310357
2.292293
2.297292
2.303056
2.288102
2.304072
2.293073
2.297992
2.298027
2.283096
2.308040
2.299136
2.287454
2.296122
2.321816
2.290468
2.304614
2.314144
2.298962
2.297266
2.293792
2.309224
2.297837
2.293591
2.311615
2.297815
2.303221
2.293079
2.306210
2.310869
2.314653
2.300592
2.317909
2.288252
2.307741
2.300106
2.307178
2.303325
2.298550
2.308663
2.304293
2.311024
2.297967
2.300103
2.296053
2.292844
2.304080
2.275491
2.331252
2.310758
2.291005
2.288240
2.317640
2.326680
2.292490
2.302126
2.301787
2.321578
2.327665
2.307957
2.311555
2.294568
2.306879
2.296568
2.301957
2.295463
2.276659
2.297972
2.297659
2.304962
2.319784
2.286976
2.283591
2.305374
2.303802
2.293047
2.298184
2.293570
2.306680
2.300699
2.332479
2.302141
2.314766
2.305656
2.309026
2.317603
2.304894
2.287362
2.332178
2.302160
2.333187
2.328004
2.296003
2.302503
2.302649
2.306491
2.304495
2.313207
2.302470
2.293180
2.291095
2.291662
2.291079
2.291850
2.284212
2.318401
2.290067
2.304486
2.283543
2.291907
2.351156
2.330884
2.303715
2.290443
2.324750
2.321871
2.292399
2.289368
2.337046
2.309918
2.306287
2.303589
2.292995
2.290598
2.351132
2.292787
2.308889
2.318504
2.293610
2.294651
2.294734
2.314035
2.288716
2.276223
2.299607
2.309046
2.294962
2.304805
2.294662
2.297523
2.288207
2.298809
2.298752
2.296991
2.290701
2.306969
2.280762
2.295986
2.287546
2.280277
2.289895
2.286960
2.295506
2.302135
2.300297
2.304536
2.300209
2.298480
2.302686
2.319287
2.285331
2.283876
2.282665
2.293945
2.316891
2.292976
2.300660
2.334098
2.296441
2.293420
2.321267
2.297314
2.311645
2.315118
2.304829
2.323795
2.300205
2.290128
2.322993
2.301620
2.313563
2.310553
2.310146
2.292227
2.293949
2.314932
2.308549
2.312909
2.297890
2.294466
2.307113
2.316023
2.287715
2.301062
2.295009
2.315095
2.292741
2.296851
2.299579
2.320109
2.303776
2.291637
2.303325
2.334865
2.331005
2.315718
2.302497
2.300780
2.295605
2.302244
2.334593
2.299360
2.273962
2.297479
2.308285
2.286888
2.333804
2.297139
2.293725
2.282831
2.342698
2.340507
2.287508
2.335922
2.289891
2.306400
2.354491
2.283996
2.282397
2.285405
2.295676
2.295330
2.291935
2.299518
2.308024
2.300181
2.283181
2.294562
2.289788
2.306758
2.312605
2.283527
2.299017
2.277098
2.283823
2.307168
2.310240
2.291195
2.289124
2.297745
2.288049
2.290610
2.306573
2.282644
2.330057
2.282873
2.306305
2.283665
2.332022
2.296831
2.330956
2.310298
2.296526
2.298953
2.307020
2.294415
2.310746
2.299774
2.309493
2.296889
2.301610
2.296056
2.304206
2.302934
2.294627
2.294162
2.307687
2.312775
2.308980
2.303946
2.299935
2.283397
2.316589
2.304908
2.321478
2.294633
2.296692
2.295014
2.308884
2.295589
2.299242
2.304927
2.301140
2.309969
2.302145
2.315181
2.286991
2.303289
2.307330
2.305620
2.318385
2.290638
2.314400
2.290049
2.298599
2.298061
2.318248
2.318593
2.314991
2.304178
2.294160
2.308359
2.293437
2.296361
2.292729
2.292349
2.275525
2.301288
2.300375
2.292045
2.294756
2.282876
2.302696
2.315223
2.316776
2.304066
2.352411
2.298766
2.292666
2.299388
2.295319
2.354999
2.287708
2.292912
2.315298
2.322708
2.294036
2.314131
2.295772
2.316906
2.292542
2.296896
2.287652
2.292375
2.293003
2.301787
2.318732
2.296320
2.328403
2.306475
2.322080
2.293586
2.294420
2.305595
2.313892
