2.297152
2.247952
1.925964
2.180974
1.861891
1.426195
1.971699
1.545593
1.302938
1.333134
1.074586
1.561191
1.846076
1.589599
0.980953
1.032462
0.886942
1.122487
0.733554
0.769267
0.985527
0.767875
0.844141
1.132524
1.209331
1.295443
0.950035
0.490107
0.755316
0.400948
0.710335
0.621997
0.234392
0.613737
0.426089
0.456064
0.673548
0.454836
0.207438
0.593261
0.718941
0.587266
0.305460
0.718796
1.025959
1.182528
0.857916
0.468952
0.244489
0.188744
0.293307
0.406270
0.417447
0.699871
0.206389
0.384098
0.430772
0.191807
0.272288
0.211616
0.214416
0.208284
0.305528
0.334085
0.425698
0.292842
0.323961
0.277214
0.193680
0.281060
0.844214
0.407587
0.412561
0.249289
0.243801
0.337156
0.264387
0.157796
0.150372
0.324882
0.266869
0.300648
0.207164
0.168310
0.561733
0.176350
0.194871
0.367405
0.241513
0.156034
0.251115
0.318398
0.174903
0.610760
0.046602
0.342766
0.506269
0.329757
0.390245
0.288520
0.441571
0.522951
0.938340
0.377903
0.244180
0.269575
0.369696
0.258150
0.221197
0.360485
0.251000
0.285389
0.225291
0.257291
0.291734
0.235892
0.351872
0.164202
0.330473
0.287266
0.219227
0.212889
0.216106
0.320850
0.354268
0.339374
0.343787
0.283343
0.246363
0.411068
0.380862
0.260667
0.371665
0.270692
0.264099
0.217446
0.246614
0.259638
0.220250
0.284380
0.239898
0.112050
0.232199
0.343476
0.168239
0.255705
0.181723
0.280204
0.185792
0.207401
0.147780
0.111564
0.084297
0.093438
0.187506
0.231382
0.389211
0.139802
0.205301
0.266176
0.176011
0.327839
0.383937
0.250800
0.491961
0.537419
0.554183
0.456149
0.261810
0.270386
0.187664
0.071258
0.230520
0.357231
0.291967
0.471770
0.542777
0.539505
0.483444
0.485292
0.435172
0.330413
0.183137
0.448605
0.441645
0.201514
0.134401
0.261293
0.109817
0.104667
0.183024
0.256225
0.288912
0.231923
0.333100
0.100368
0.266417
0.199319
0.235620
0.237044
0.098658
0.125999
0.290613
0.289130
0.094171
0.258235
0.636775
0.332711
0.262780
0.224657
0.155580
0.110491
0.201272
0.067114
0.235203
0.118066
0.400499
0.286428
0.267270
0.214372
0.135891
0.268579
0.199501
0.252601
0.178327
0.194091
0.306785
0.236050
0.246487
0.140012
0.248770
0.450814
0.254513
0.060219
0.214797
0.222936
0.242914
0.280990
0.269823
0.187468
0.167050
0.128298
0.178325
0.327516
0.140277
0.381236
0.225443
0.390143
0.067278
0.322833
0.288792
0.251386
0.197807
0.244255
0.153602
0.346652
0.233273
0.512301
0.521698
0.199575
0.270610
0.180488
0.168203
0.099211
0.370339
0.281283
0.260765
0.230921
0.233240
0.103387
0.180598
0.139643
0.130165
0.120102
0.363605
0.317989
0.291752
0.497112
0.297951
0.217040
0.199753
0.248121
0.271861
0.226887
0.288971
0.267195
0.356811
0.368809
0.296602
0.219235
0.369513
0.325696
0.182882
0.162017
0.165915
0.123896
0.157922
0.130089
0.252358
0.204318
0.164234
0.084271
0.288581
0.114121
0.211410
0.205179
0.448763
0.797308
0.355922
0.269060
0.221125
0.459600
0.196352
0.549866
0.240319
0.443026
0.220467
0.356228
0.319709
0.172464
0.200134
0.133967
0.121190
0.128195
0.250008
0.433324
0.170661
0.131741
0.209262
0.142123
0.258126
0.220578
0.257382
0.110841
0.166989
0.066740
0.255222
0.142272
0.115575
0.237708
0.210287
0.250079
0.384009
0.205349
0.140691
0.309361
0.224703
0.302543
0.120921
0.107814
0.192624
0.335160
0.220549
0.231194
0.538631
0.805681
0.140535
0.288940
0.349918
0.335030
0.171361
0.374545
0.486683
0.563069
0.252732
0.112070
0.209481
0.331317
0.182212
0.252728
0.246336
0.196778
0.107239
0.178152
0.149820
0.148780
0.453446
0.177278
0.260247
0.155559
0.147137
0.334719
0.346463
0.449338
0.780416
1.244965
0.612434
0.328720
0.336645
0.550468
0.263716
0.135811
0.280311
0.112970
0.223088
0.137253
0.068292
0.290793
0.100707
0.248635
0.200856
0.144430
0.176416
0.156128
0.116776
0.190433
0.204858
0.180410
0.167031
0.095367
0.217454
0.219514
0.202766
0.296715
0.324555
0.329497
0.360415
0.248893
0.104253
0.199931
0.215382
0.135778
0.199949
0.189740
0.481459
0.194822
0.135769
0.210376
0.102899
0.156961
0.138842
0.130887
0.095461
0.119714
0.183489
0.073050
0.131248
0.297741
0.203992
0.155100
0.113656
0.096294
0.150252
0.358169
0.429215
0.320333
0.234977
0.155688
0.216574
0.266674
0.282124
0.800914
0.455818
0.236245
0.095903
0.311774
0.117021
0.198690
0.078173
0.084108
0.219846
0.163224
0.264054
0.206394
0.349208
0.234176
0.126648
0.234622
0.124640
0.110742
0.149767
0.265429
0.300261
0.361660
0.252470
0.148530
0.198458
0.186034
0.188890
0.084145
0.088015
0.083342
0.064653
0.205619
0.343507
0.519894
0.255257
0.529714
0.409301
0.596010
0.209289
0.280844
0.449880
0.241783
0.088499
0.172568
0.241360
0.138472
0.198189
0.118341
0.220164
0.276421
0.146067
0.231373
0.251180
0.171570
0.127406
0.238143
0.199341
0.210188
0.190995
0.247370
0.195328
0.367616
0.322215
0.166620
0.228969
0.301501
0.139699
0.071127
0.248508
0.370766
0.161316
0.268777
0.166485
0.133214
0.166129
0.252142
0.333939
0.306980
0.195507
0.302571
0.361928
0.180544
0.247894
0.144251
0.308190
0.103809
0.105969
0.166049
0.172523
0.158190
0.083144
0.078827
0.075474
0.109946
0.140369
0.179181
0.159074
0.194715
0.194109
0.065815
0.318475
0.298869
0.109186
0.162534
0.078170
0.086995
0.223758
0.251951
0.090317
0.096257
0.178330
0.196655
0.163535
0.222212
0.212658
0.357131
0.303425
0.289606
0.287113
0.281940
0.288021
0.186066
0.157050
0.235069
0.398226
0.290977
0.251156
0.169983
0.280267
0.221899
0.161749
0.151209
0.304179
0.274655
0.152602
0.400760
0.232105
0.153614
0.148653
0.292922
0.107273
0.289980
0.149090
0.142561
0.175698
0.248986
0.201873
0.127613
0.134691
0.117979
0.227821
0.167817
0.093558
0.269816
0.118091
0.103732
0.096820
0.320806
0.148605
0.191976
0.164895
0.321915
0.264448
0.129948
0.185923
0.048997
0.372165
0.170979
0.146708
0.101284
0.304016
0.263147
0.366739
0.240438
0.170957
0.164747
0.234890
0.073024
0.241559
0.298947
0.305442
0.123000
0.115146
0.351284
0.240210
0.154772
0.140105
0.086685
0.194308
0.181690
0.149920
0.138876
0.145311
0.169762
0.124351
0.151778
0.449007
0.351238
0.502305
0.204538
0.126399
0.161900
0.164195
0.240245
0.199050
0.357423
0.243118
0.157161
0.363277
0.156247
0.169879
0.145017
0.239860
0.241937
0.231945
0.296245
0.148712
0.241861
0.387731
0.308057
0.077019
0.148767
0.230106
0.166080
0.170412
0.055748
0.182652
0.198730
0.360452
0.117724
0.138231
0.119726
0.199302
0.233531
0.139551
0.146741
0.294243
0.211436
0.323096
0.232329
0.168175
0.135052
0.218713
0.281085
0.196524
0.162321
0.190008
0.276365
0.241916
0.094021
0.200253
0.224675
0.226086
0.201461
0.180844
0.087464
0.139792
0.257990
0.220151
0.085960
0.230756
0.256260
0.153396
0.227272
0.267653
0.155887
0.257729
0.409270
0.270517
0.173354
0.116343
0.081797
0.158228
0.125723
0.417663
0.388564
0.259514
0.230877
0.173458
0.137173
0.130373
0.321381
0.264817
0.165232
0.193872
0.358271
0.176205
0.168990
0.221282
0.398885
0.316182
0.267876
0.207416
0.112574
0.069965
0.160625
0.485875
0.196387
0.213477
0.221406
0.140018
0.263017
0.183726
0.301515
0.432505
0.164502
0.171368
0.158779
0.246609
0.225451
0.151993
0.065085
0.104402
0.332521
0.285358
0.208472
0.151886
0.197473
0.135493
0.388316
0.446481
0.133673
0.342863
0.248437
0.102016
0.153488
0.345216
0.267212
0.070646
0.170596
0.240717
0.281730
0.166397
0.104148
0.261677
0.120820
0.157976
0.099453
0.266941
0.208275
0.155630
0.153609
0.218523
0.256942
0.328279
0.419935
0.259932
0.235445
0.074276
0.158844
0.169135
0.130549
0.256906
0.198981
0.163830
0.134318
0.086279
0.172474
0.245859
0.201838
0.143418
0.101745
0.052820
0.452810
0.193550
0.141978
0.115834
0.119074
0.138537
0.148914
0.143809
0.093088
0.130370
0.219826
0.246700
0.181189
0.135878
0.136794
0.339298
0.337505
0.257039
0.144987
0.115081
0.130442
0.196075
0.325583
0.253941
0.105939
0.138260
0.176180
0.081841
0.233909
0.192966
0.384875
0.317036
0.257285
0.207255
0.401069
0.094004
0.254429
0.312204
0.168307
0.141061
0.081393
0.228530
0.250664
0.150744
0.089752
0.076294
0.091612
0.360337
0.336742
0.324279
0.394378
0.353649
0.227139
0.195705
0.340996
0.458531
0.124005
0.250031
0.253180
0.086059
0.118095
0.085484
0.360635
0.185201
0.169937
0.214629
0.199023
0.281938
0.088018
0.482993
0.443829
0.408162
0.487655
0.365493
0.165378
0.217496
0.121114
0.191284
0.225632
0.059982
0.176341
0.313735
0.186753
0.074144
0.101899
0.231811
0.197056
0.154246
0.365451
0.474764
0.578013
0.424063
0.242019
0.258923
0.337596
0.110189
0.191656
0.279986
0.233563
0.096933
0.127297
0.271480
0.153003
0.185976
0.300252
0.111640
0.210436
0.136449
0.230441
0.094401
0.570131
0.283426
0.437236
0.143009
0.176873
0.150024
0.373828
0.284572
0.156391
0.209097
0.641213
0.203228
0.327090
0.152725
0.115352
0.108358
0.184186
0.122712
0.186076
0.156161
0.152914
0.250704
0.138740
0.200290
0.312219
0.257834
0.131142
0.134300
0.166293
0.145311
0.269250
0.274335
0.118355
0.149680
0.121180
0.160769
0.173457
0.215998
0.289292
0.463961
0.169487
0.125931
0.088034
0.188770
0.452655
0.170358
0.103169
0.097303
0.065575
0.157608
0.131116
0.191080
0.186755
0.298422
0.180089
0.229448
0.224135
0.262259
0.364032
0.241820
0.267106
0.159854
0.346349
0.191175
0.185667
0.394202
0.094051
0.259214
0.168272
0.290373
0.518781
0.109254
0.178410
0.291586
0.273577
0.316424
0.393775
0.141902
0.165170
0.423552
0.199922
0.345488
0.283213
0.206410
0.227016
0.164933
0.157960
0.191487
0.219873
0.145012
0.106926
0.197145
0.199364
0.235912
0.207510
0.299432
0.133807
0.304213
0.286895
0.377826
0.159860
0.144989
0.248165
0.082690
0.164257
0.260043
0.117602
0.257001
0.145234
0.498193
0.441089
0.178735
0.159554
0.258860
0.188156
0.154136
0.142854
0.158570
0.169160
0.222791
0.202650
0.202832
0.233682
0.182278
0.174953
0.210552
0.215741
0.072390
0.317104
0.235857
0.259574
0.099136
0.180150
0.145526
0.046889
0.106543
0.151306
0.214135
0.269410
0.196716
0.292003
0.186928
0.176491
0.191582
0.174009
0.155926
0.130855
0.196875
0.251390
0.327363
0.272036
0.231760
0.248583
0.117658
0.202909
0.146135
0.232213
0.259178
0.570826
0.214965
0.114046
0.166004
0.096372
0.104334
0.109936
0.187372
0.141302
0.103745
0.177688
0.223579
0.307298
0.234173
0.320627
0.256515
0.489119
0.190489
0.149880
0.321249
0.215063
0.134311
0.102604
0.223330
0.246160
0.372954
0.195850
0.149046
0.168706
0.087488
0.187691
0.294962
0.137104
0.246121
0.180238
0.083697
0.126783
0.142414
0.138801
0.127006
0.111350
0.362569
0.186230
0.251172
0.167883
0.250754
0.192344
0.226954
0.159160
0.250654
0.442704
0.287954
0.422945
0.211450
0.377803
0.294350
0.207868
0.190285
0.145369
0.071845
0.136332
0.213675
0.258430
0.124819
0.193921
0.275391
0.117327
0.102536
0.134259
0.130597
0.285058
0.254544
0.146049
0.213980
0.211004
0.321513
0.091077
0.179210
0.175433
0.177362
0.146245
0.071768
0.218268
0.159406
0.135245
0.345734
0.356310
0.313166
0.277166
0.370106
0.095304
0.282347
0.133133
0.362446
0.689169
0.195013
0.182765
0.083508
0.074192
0.188361
0.275872
0.190980
0.062026
0.035407
0.103081
0.084046
0.189310
0.259497
0.254440
0.253759
0.197953
0.217463
0.215239
0.076914
0.445954
0.108760
0.353644
0.184626
0.094200
0.261292
0.170979
0.220562
0.199257
0.278533
0.411185
0.351441
0.189943
0.236161
0.140783
0.215102
0.125297
0.097490
0.345394
0.075291
0.336189
0.184702
0.318434
0.180533
0.234399
0.117426
0.120582
0.301964
0.243533
0.170673
0.115034
0.309633
0.226857
0.318220
0.259352
0.191070
0.213648
0.165445
0.192263
0.165639
0.284967
0.102558
0.096820
0.131162
0.120454
0.245020
0.086690
0.254974
0.287485
0.119286
0.222306
0.269148
0.272622
0.296805
0.224845
0.111887
0.304784
0.185524
0.129329
0.131948
0.122751
0.105432
0.188898
0.104827
0.165179
0.142867
0.133542
0.330214
0.199477
0.212500
0.199341
0.255286
0.282453
0.218577
0.137059
0.342856
0.222283
0.125612
0.183269
0.175241
0.138455
0.185373
0.334249
0.250454
0.254124
0.308683
0.121999
0.149416
0.315977
0.533810
0.216809
0.232540
0.231386
0.242993
0.165452
0.231448
0.156748
0.281413
0.141211
0.249696
0.200090
0.257730
0.110476
0.118794
0.078494
0.141804
0.135200
0.134250
0.174351
0.122997
0.090430
0.062797
0.380306
0.418203
0.214040
0.149635
0.247336
0.137270
0.133322
0.225080
0.465492
0.296735
0.214762
0.213832
0.158443
0.120287
0.102669
0.251631
0.284874
0.171147
0.208520
0.238806
0.098835
0.160708
0.149349
0.537191
0.671736
0.743273
1.082175
0.385329
0.255665
0.349494
0.114970
0.274853
0.150135
0.176802
0.113247
0.102648
0.181062
0.169840
0.187023
0.320395
0.198293
0.107218
0.266345
0.112861
0.175628
0.125061
0.149725
0.147225
0.093386
0.254068
0.457196
0.343369
0.302258
0.358556
0.148853
0.141146
0.354236
0.104669
0.291472
0.333805
0.176777
0.298184
0.242001
0.166593
0.221554
0.252964
0.124790
0.133703
0.173598
0.121875
0.166766
0.222432
0.068395
0.126358
0.133164
0.090193
0.522332
0.387606
0.332190
0.265706
0.314262
0.170651
0.372496
0.065612
0.139269
0.151645
0.339726
0.178782
0.180421
0.158645
0.131385
0.077434
0.159936
0.216561
0.377908
0.342572
0.146491
0.085420
0.253207
0.359771
0.379974
0.546290
0.208396
0.125298
0.204224
0.105118
0.157035
0.272458
0.245339
0.165127
0.169443
0.147188
0.276258
0.231795
0.118564
0.290568
0.319498
0.321602
0.194416
0.085479
0.232752
0.152292
0.069133
0.192507
0.134492
0.119076
0.208919
0.225998
0.396901
0.290546
0.251285
0.235369
0.188110
0.206905
0.091148
0.123773
0.165594
0.266211
0.391488
0.674508
0.449249
0.369847
0.135460
0.349273
0.218396
0.249710
0.237660
0.296241
0.306404
0.124887
0.106726
0.157639
0.114652
0.280169
0.143746
0.120242
0.217294
0.185476
0.126416
0.227387
0.205202
0.284652
0.243301
0.145554
0.107532
0.248859
0.139820
0.166575
0.155182
0.123846
0.130923
0.378818
0.167370
0.369672
0.280280
0.407747
0.224694
0.501482
0.268888
0.298038
0.103724
0.225544
0.192770
0.187584
0.164063
0.248406
0.172206
0.197616
0.119654
0.150968
0.120089
0.116716
0.115435
0.139652
0.309419
0.117929
0.152196
0.164870
0.205965
0.138934
0.141011
0.172534
0.154895
0.049522
0.123275
0.088140
0.261370
0.236260
0.165792
0.130605
0.108732
0.149799
0.174719
0.089009
0.270562
0.270379
0.197216
0.560202
0.099239
0.116931
0.094091
0.197895
0.205452
0.145109
0.088096
0.191399
0.219214
0.321240
0.273688
0.444943
0.262849
0.157399
0.157531
0.120872
0.199250
0.209354
0.238350
0.276307
0.246848
0.097750
0.292986
0.183363
0.140364
0.147165
0.159125
0.213915
0.227005
0.111192
0.140603
0.279277
0.160434
0.034228
0.285642
0.224644
0.197240
0.227970
0.174976
0.285976
0.156852
0.154912
0.260976
0.065319
0.119130
0.098533
0.294253
0.209555
0.305517
0.220341
0.125293
0.324743
0.316017
0.116443
0.311408
0.281507
0.133730
0.155204
0.222282
0.304989
0.155770
0.159028
0.080194
0.056324
0.059515
0.186879
0.158463
0.232801
0.147505
0.092852
0.266795
0.368556
0.170847
0.122791
0.099385
0.149732
0.052708
0.183851
0.104349
0.302353
0.239545
0.149747
0.152780
0.123711
0.156542
0.165830
0.239446
0.156299
0.180493
0.161598
0.248594
0.086989
0.175758
0.146787
0.239715
0.253594
0.166325
0.321269
0.232968
0.142346
0.457194
0.335377
0.130249
0.138126
0.144232
0.292910
0.481543
0.210129
0.226471
0.291105
0.254136
0.133436
0.165205
0.252130
0.102458
0.168606
0.181370
0.131164
0.143806
0.218986
0.242194
0.223846
0.069056
0.218752
0.128180
0.130934
0.120127
0.117703
0.188896
0.204011
0.137179
0.173364
0.255675
0.165932
0.266630
0.256609
0.329413
0.193959
0.257631
0.295225
0.271995
0.149712
0.086511
0.090894
0.159573
0.107030
0.154169
0.335196
0.264356
0.301703
0.231357
0.269680
0.164986
0.264481
0.118935
0.070789
0.320000
0.352945
0.260705
0.186612
0.173213
0.092766
0.438841
0.117326
0.205643
0.103825
0.209970
0.319584
0.206281
0.094581
0.117544
0.120816
0.220965
0.188783
0.067579
0.414453
0.376976
0.129054
0.321729
0.225062
0.384446
0.271873
0.370358
0.298736
0.278653
0.251668
0.354646
0.080597
0.182590
0.346096
0.307206
0.266297
0.237708
0.130587
0.120267
0.097897
0.221548
0.353385
0.150953
0.076725
0.181535
0.158269
0.369708
0.131579
0.255229
0.210563
0.212759
0.115262
0.111141
0.185005
0.209717
0.150735
0.354313
0.071272
0.109658
0.106437
0.387010
0.306073
0.253017
0.200974
0.073540
0.165812
0.103753
0.196506
0.284204
0.200406
0.203198
0.215047
0.188595
0.390762
0.241099
0.189111
0.120434
0.074695
0.102841
0.170040
0.093351
0.325913
0.225317
0.253978
0.285980
0.188660
0.269532
0.235229
0.150787
0.231586
0.117004
0.239846
0.111388
0.137070
0.294591
0.305942
0.475224
0.237739
0.215900
0.260163
0.193398
0.185191
0.154848
0.177247
0.328624
0.264769
0.128905
0.137276
0.275365
0.155119
0.068555
0.221669
0.195488
0.149217
0.179444
0.214143
0.278923
0.243626
0.111964
0.265062
0.158605
0.152973
0.236070
0.158722
0.203189
0.347610
0.127716
0.261073
0.111258
0.138644
0.222515
0.217455
0.292452
0.416793
0.321687
0.335542
0.267660
0.209917
0.194579
0.136797
0.197600
0.187812
0.183739
0.135779
0.155736
0.197265
0.057454
0.136447
0.165739
0.297593
0.158770
0.197023
0.140134
0.099717
0.182278
0.160834
0.083414
0.299844
0.190384
0.268517
0.126102
0.202310
0.078011
0.119284
0.134791
0.204952
0.151372
0.158684
0.134937
0.120007
0.237471
0.128768
0.125939
0.060534
0.213049
0.241141
0.249501
0.441964
0.296646
0.195638
0.203895
0.193705
0.176890
0.205210
0.149560
0.334714
0.280972
0.238569
0.158504
0.134492
0.255864
0.286702
0.176970
0.211541
0.321065
0.077253
0.192947
0.382983
0.447984
0.206774
0.348838
0.301383
0.272001
0.213197
0.246132
0.185821
0.174576
0.117421
0.068839
0.068070
0.163518
0.203469
0.090710
0.130425
0.201767
0.301137
0.175035
0.378998
0.658309
0.505987
0.137485
0.163830
0.112682
0.169297
0.058080
0.147091
0.082075
0.182364
0.430774
0.234332
0.172300
0.235499
0.126216
0.352696
0.316578
0.271597
0.278953
0.160381
0.199438
0.059224
0.168627
0.178401
0.124970
0.147955
0.149746
0.101219
0.188439
0.237982
0.088973
0.152665
0.143080
0.060489
0.141681
0.081331
0.158127
0.120063
0.256271
0.366759
0.111168
0.109511
0.054312
0.254513
0.240815
0.211309
0.188018
0.096986
0.138731
0.133617
0.227438
0.150095
0.317152
0.147451
0.217177
0.354327
0.133049
0.240590
0.095926
0.119131
0.093190
0.280566
0.108289
0.146809
0.199672
0.129820
0.279984
0.172291
0.215699
0.175991
0.272184
0.365737
0.120390
0.154534
0.480866
0.245075
0.084036
0.302449
0.182453
0.131262
0.116846
0.108414
0.092611
0.250896
0.199091
0.195279
0.344593
0.023636
0.077262
0.104628
0.149065
0.182727
0.189700
0.162691
0.168176
0.249462
0.213048
0.167993
0.116973
0.158547
0.289196
0.274170
0.234479
0.157068
0.227908
0.094124
0.195197
0.355271
0.096105
0.139434
0.124412
0.145306
0.130337
0.183205
0.235207
0.395571
0.161784
0.145627
0.172993
0.235319
0.120231
0.291745
0.086094
0.174683
0.243542
0.447453
0.462231
0.511362
0.278633
0.183392
0.122494
0.139689
0.292232
0.273672
0.119238
0.194086
0.120713
0.234447
0.418078
0.157239
0.219747
0.152443
0.116331
0.168232
0.197461
0.147786
0.262980
0.046166
0.328856
0.294733
0.255551
0.111027
0.073023
0.120729
0.369616
0.146034
0.460960
0.186292
0.099999
0.145585
0.395953
0.100716
0.217006
0.230608
0.131849
0.184931
0.111079
0.641276
0.338129
0.182209
0.253505
0.439392
0.072018
0.163895
0.262082
0.076045
0.168687
0.315279
0.255068
0.235198
0.131814
0.248294
0.159571
0.099103
0.094140
0.249714
0.199099
0.192168
0.197253
0.298307
0.242275
0.157975
0.129587
0.179926
0.135398
0.143479
0.221623
0.163433
0.305104
0.118247
0.197462
0.220335
0.106004
0.173503
0.048403
0.325479
0.214755
0.159972
0.115220
0.342586
0.122151
0.069370
0.189282
0.265247
0.240948
0.116148
0.115384
0.241031
0.382229
0.132849
0.135619
0.269125
0.198099
0.056857
0.146729
0.288820
0.314949
0.148203
0.137056
0.159465
0.178082
0.080307
0.315608
0.424227
0.068177
0.097530
0.185100
0.180777
0.181987
0.380009
0.299017
0.099027
0.135929
0.310749
0.133652
0.180974
0.101919
0.205848
0.071011
0.081550
0.220222
0.197296
0.103895
0.151014
0.371538
0.707522
0.654047
0.549015
0.130032
0.157933
0.126147
0.229561
0.067117
0.096508
0.178725
0.244272
0.085729
0.180990
0.104872
0.069358
0.312222
0.182929
0.308285
0.248897
0.172874
0.348304
0.099364
0.127656
0.078865
0.132766
0.116409
0.308592
0.292008
0.342580
0.640183
0.318793
0.198814
0.143802
0.076291
0.083704
0.151728
0.083177
0.081236
0.040198
0.247479
0.096758
0.275591
0.291681
0.222957
0.426183
0.103454
0.213229
0.239287
0.266785
0.295393
0.084161
0.113972
0.179892
0.234047
0.463451
0.350228
0.338823
0.228292
0.113141
0.382308
0.331361
0.313301
0.133971
0.085873
0.272732
0.310359
0.253195
0.405757
0.327192
0.090251
0.100564
0.156164
0.242344
0.194080
0.189944
0.088301
0.129839
0.201160
0.091204
0.383616
0.280159
0.148443
0.116911
0.159903
0.139104
0.178345
0.333487
0.177805
0.151672
0.331290
0.089639
0.337828
0.106386
0.160662
0.161487
0.055294
0.137289
0.044064
0.152072
0.139611
0.138027
0.301532
0.145206
0.383765
0.178111
0.162315
0.247920
0.184233
0.366166
0.199659
0.077241
0.239010
0.121500
0.373504
0.371935
0.249367
0.175757
0.512965
0.162655
0.226101
0.064513
0.186547
0.233637
0.102979
0.136481
0.192052
0.224653
0.252177
0.112350
0.108906
0.129614
0.289602
0.266933
0.157878
0.307164
0.155957
0.098341
0.114433
0.222965
0.162176
0.251603
0.156624
0.267058
0.129202
0.248911
0.074822
0.345762
0.268382
0.136071
0.426460
0.072125
0.058246
0.182338
0.169832
0.318858
0.244466
0.248074
0.248190
0.150856
0.272343
0.064364
0.202292
0.275265
0.128754
0.166030
0.234377
0.096155
0.130523
0.133818
0.254409
0.209888
0.105756
0.183351
0.199082
0.129916
0.190308
0.334311
0.165962
0.234389
0.079529
0.094192
0.139914
0.220771
0.241222
0.393008
0.224192
0.098864
0.288772
0.192744
0.163989
0.148427
0.322301
0.370819
0.199200
0.182409
0.139768
0.177494
0.200342
0.147676
0.227696
0.329227
0.267209
0.218683
0.084076
0.091830
0.081640
0.144527
0.251484
0.356224
0.124539
0.150638
0.287363
0.173580
0.335951
0.250088
0.210602
0.103637
0.157223
0.225933
0.301913
0.077611
0.273737
0.232556
0.164879
0.318330
0.140503
0.214950
0.194492
0.248498
0.138845
0.061846
0.383893
0.377656
0.454612
0.250379
0.287446
0.173345
0.208689
0.201245
0.238464
0.225043
0.173138
0.149121
0.099528
0.243825
0.114685
0.106809
0.165476
0.094120
0.095022
0.134114
0.092153
0.172800
0.227506
0.077566
0.278039
0.114530
0.138417
0.191705
0.116953
0.190493
0.077332
0.187536
0.127994
0.167751
0.110213
0.075232
0.092346
0.169211
0.171809
0.259061
0.352731
0.565834
0.203551
0.218467
0.150329
0.172364
0.403078
0.311143
0.268440
0.102629
0.164797
0.122090
0.123362
0.135744
0.248708
0.231575
0.219847
0.172761
0.244322
0.150662
0.192220
0.179431
0.179706
0.302662
0.252105
0.196861
0.299637
0.298910
0.343419
0.343478
0.260259
0.199972
0.216043
0.185514
0.712492
0.110515
0.204197
0.321645
0.172946
0.086060
0.249603
0.099896
0.268075
0.150726
0.212412
0.216733
0.135198
0.252310
0.280060
0.341335
0.181729
0.140040
0.309458
0.129294
0.122326
0.272732
0.208952
0.255093
0.235631
0.142012
0.065540
0.250014
0.149406
0.130770
0.123212
0.231497
0.083806
0.062693
0.050148
0.115410
0.120910
0.135382
0.117041
0.165770
0.224582
0.109901
0.248507
0.404189
0.160709
0.264909
0.136452
0.047808
0.158503
0.146786
0.098311
0.132637
0.114406
0.260149
0.075578
0.143186
0.263328
0.270851
0.149677
0.185449
0.188350
0.131818
0.183437
0.235814
0.177445
0.115534
0.257947
0.470749
0.212204
0.200904
0.051776
0.205397
0.080390
0.169458
0.152892
0.120972
0.299627
0.206973
0.166977
0.232424
0.379089
0.596143
0.597467
0.181997
0.274799
0.210388
0.223893
0.263189
0.085503
0.202916
0.214135
0.171939
0.302124
0.288899
0.272469
0.349072
0.068699
0.276757
0.051485
0.115391
0.124981
0.111505
0.320922
0.248737
0.323974
0.364012
0.148812
0.176286
0.241553
0.179146
0.238809
0.510246
0.402024
0.204931
0.135410
0.109666
0.142508
0.384004
0.445002
0.135771
0.161390
0.179986
0.251795
0.264819
0.151591
0.350851
0.245617
0.254541
0.193748
0.060521
0.128134
0.193135
0.208906
0.382175
0.132722
0.120017
0.130837
0.209248
0.138447
0.147751
0.229738
0.120695
0.154595
0.153695
0.088621
0.084360
0.215858
0.404154
0.196886
0.164535
0.193503
0.176364
0.112695
0.114315
0.085621
0.108872
0.110332
0.105754
0.139030
0.171035
0.257793
0.327411
0.135889
0.122003
0.180003
0.146931
0.199513
0.250970
0.290673
0.127052
0.130629
0.263121
0.318804
0.231749
0.116099
0.172429
0.263879
0.205852
0.133167
0.281580
0.209290
0.256371
0.169910
0.190890
0.206552
0.207413
0.169379
0.201791
0.293923
0.157340
0.169364
0.237960
0.183938
0.173604
0.162531
0.246740
0.188861
0.100125
0.134751
0.188496
0.353489
0.455676
0.114780
0.136389
0.121647
0.139761
0.175232
0.076530
0.147640
0.109001
0.295639
0.095823
0.222975
0.203612
0.210040
0.340770
0.489540
0.195844
0.205452
0.151454
0.214019
0.186638
0.342111
0.222352
0.175652
0.141338
0.230531
0.167952
0.248196
0.215911
0.465966
0.382589
0.275391
0.327412
0.146803
0.230380
0.318998
0.226995
0.427043
0.245724
0.202030
0.287839
0.467623
0.296149
0.127481
0.147636
0.149012
0.196702
0.194934
0.066319
0.434544
0.216283
0.201125
0.146395
0.143357
0.275917
0.250504
0.152448
0.115483
0.126727
0.077226
0.162714
0.191369
0.059632
0.270587
0.297706
0.151577
0.100396
0.191826
0.145435
0.140821
0.130399
0.177442
0.190347
0.168622
0.115857
0.234305
0.219514
0.298153
0.087681
0.247300
0.167568
0.222922
0.290492
0.149483
0.122940
0.109944
0.174176
0.096933
0.151358
0.247572
0.136043
0.152927
0.109184
0.129413
0.083049
0.200755
0.189794
0.183836
0.285251
0.096554
0.249322
0.355260
0.142263
0.234141
0.282710
0.139474
0.065856
0.188803
0.337728
0.105127
0.135927
0.334208
0.191576
0.110124
0.120114
0.128704
0.294314
0.538629
0.304351
0.081218
0.266026
0.259050
0.304496
0.143767
0.293827
0.234197
0.176081
0.259073
0.244094
0.355718
0.248853
0.222576
0.060608
0.153032
0.127226
0.104735
0.245081
0.130066
0.169194
0.101623
0.092909
0.206753
0.111398
0.116806
0.186912
0.200819
0.517713
0.605734
0.284356
0.104759
0.126529
0.081045
0.156337
0.079205
0.354125
0.232442
0.146248
0.318283
0.230296
0.187649
0.119414
0.242628
0.450005
0.185305
0.096601
0.207365
0.152434
0.149999
0.170791
0.125143
0.486713
0.312550
0.518093
0.303410
0.083245
0.176067
0.162097
0.119117
0.165298
0.094918
0.136787
0.202265
0.236249
0.358718
0.090753
0.602598
0.304908
0.109066
0.459379
0.360156
0.232319
0.217757
0.359214
0.155407
0.210090
0.241177
0.162443
0.275956
0.150827
0.367234
0.251025
0.269985
0.245729
0.062045
0.272029
0.257380
0.356724
0.148484
0.159841
0.228364
0.136983
0.230139
0.073703
0.138083
0.179821
0.157931
0.131094
0.163594
0.338289
0.262192
0.158351
0.241794
0.165446
0.081842
0.103487
0.196750
0.087307
0.183945
0.119720
0.312695
0.120479
0.230549
0.182404
0.124627
0.053138
0.143931
0.232344
0.249775
0.093990
0.165092
0.162357
0.174452
0.097275
0.160020
0.180839
0.262887
0.105497
0.149350
0.126979
0.111229
0.181684
0.366202
0.155767
0.116815
0.350258
0.198713
0.224458
0.262683
0.265264
0.219301
0.124805
0.303360
0.270342
0.594431
0.570752
0.124896
0.142830
0.095003
0.124324
0.130077
0.128050
0.401152
0.178057
0.297133
0.242878
0.157282
0.112180
0.117471
0.081796
0.282187
0.314609
0.198786
0.255554
0.299708
0.149447
0.128074
0.064325
0.212848
0.266600
0.197599
0.168802
0.201006
0.236567
0.253832
0.257722
0.126680
0.138128
0.210524
0.276764
0.123404
0.195084
0.084916
0.203643
0.157665
0.150432
0.185766
0.316573
0.108795
0.265668
0.218155
0.262366
0.314803
0.336142
0.302380
0.338440
0.214557
0.156487
0.192707
0.156969
0.179785
0.224750
0.224829
0.117880
0.159928
0.091379
0.133408
0.155811
0.062303
0.251400
0.427938
0.397336
0.460330
0.470595
0.159885
0.202915
0.381969
0.232538
0.134699
0.197878
0.126151
0.190128
0.193624
0.141298
0.165060
0.141895
0.089461
0.112070
0.274848
0.243360
0.231641
0.142804
0.352899
0.168161
0.121674
0.207488
0.328486
0.106333
0.086954
0.064148
0.527281
0.392448
0.514253
0.240942
0.094688
0.214935
0.102703
0.195092
0.160406
0.087519
0.310403
0.197841
0.457755
0.250050
0.162615
0.099504
0.107838
0.190715
0.109881
0.154536
0.104662
0.255733
0.226828
0.321343
0.226619
0.096494
0.237844
0.192729
0.113174
0.194996
0.124936
0.136034
0.286849
0.174710
0.274054
0.146581
0.193148
0.167040
0.393094
0.272104
0.246099
0.103475
0.134334
0.058356
0.123364
0.154289
0.420756
0.242904
0.355164
0.452064
0.215782
0.127507
0.167442
0.324225
0.150628
0.132470
0.181063
0.156103
0.139436
0.153888
0.132952
0.104697
0.140779
0.251253
0.182378
0.290313
0.316600
0.292650
0.216584
0.355402
0.172992
0.191922
0.155425
0.195549
0.355874
0.110286
0.124081
0.227978
0.221555
0.134795
0.177666
0.143364
0.095773
0.223162
0.149956
0.212041
0.240766
0.199670
0.087205
0.270972
0.215863
0.125724
0.266352
0.227690
0.208521
0.209370
0.063535
0.320552
0.253870
0.081560
0.177729
0.105273
0.143050
0.169629
0.072681
0.227734
0.207740
0.109812
0.146764
0.094049
0.259953
0.090064
0.105795
0.314727
0.065657
0.168739
0.091877
0.198990
0.197048
0.250418
0.066101
0.144614
0.136781
0.320348
0.282202
0.557283
0.131114
0.100630
0.243181
0.351055
0.165269
0.108110
0.171723
0.367633
0.241172
0.281499
0.118133
0.442373
0.246127
0.215050
0.271304
0.166032
0.121595
0.149512
0.153225
0.138319
0.358853
0.192478
0.295208
0.328009
0.370692
0.124373
0.094110
0.125116
0.167654
0.237003
0.136528
0.059977
0.121116
0.043347
0.372374
0.378067
0.278981
0.218221
0.214073
0.532469
0.168225
0.150731
0.080879
0.151229
0.129305
0.176276
0.140954
0.207733
0.187141
0.618170
0.529208
0.876093
0.240090
0.199406
0.130824
0.075106
0.323370
0.224263
0.250833
0.179153
0.174256
0.186117
0.204371
0.080043
0.154553
0.154024
0.060693
0.266206
0.185403
0.100100
0.107600
0.072280
0.088432
0.237597
0.228814
0.092046
0.252291
0.148298
0.166895
0.142733
0.287196
0.115974
0.141093
0.122567
0.408907
0.277985
0.148588
0.162927
0.168134
0.141266
0.146750
0.162883
0.216799
0.174337
0.367259
0.258862
0.232318
0.228956
0.241903
0.316588
0.263090
0.215420
0.217909
0.197716
0.288998
0.399064
0.255595
0.225156
0.194989
0.318164
0.222746
0.231931
0.207819
0.156019
0.238850
0.122202
0.104882
0.300764
0.174527
0.156719
0.214971
0.186800
0.055060
0.207080
0.130449
0.277475
0.111168
0.376874
0.197276
0.336386
0.370079
0.126194
0.084577
0.238684
0.172350
0.126078
0.151595
0.222899
0.335564
0.253130
0.266721
0.144349
0.263628
0.150147
0.103697
0.154732
0.171823
0.328500
0.281942
0.459470
0.139766
0.322188
0.356088
0.221084
0.206356
0.224228
0.204847
0.086912
0.198890
0.111167
0.143073
0.104602
0.179843
0.285195
0.098240
0.244660
0.179954
0.116577
0.448306
0.318079
0.304568
0.254861
0.201826
0.150187
0.150616
0.130407
0.163761
0.095842
0.134561
0.187648
0.115094
0.195099
0.246267
0.135151
0.069672
0.131325
0.105819
0.097653
0.206834
0.165749
0.100189
0.122321
0.186163
0.261939
0.330658
0.223148
0.162828
0.255254
0.133254
0.159742
0.139010
0.114472
0.147464
0.176329
0.121530
0.199264
0.230270
0.337516
0.206258
0.287732
0.065527
0.069899
0.189905
0.155947
0.220301
0.340974
0.190060
0.153747
0.154725
0.192307
0.328199
0.293892
0.190479
0.129592
0.125858
0.096940
0.277929
0.296680
0.104461
0.272135
0.150864
0.197371
0.278518
0.186843
0.282432
0.123827
0.112083
0.119684
0.146705
0.214721
0.135301
0.091352
0.215435
0.282937
0.184022
0.316489
0.277608
0.187209
0.249905
0.106895
0.264839
0.216074
0.177730
0.252108
0.183353
0.310068
0.161757
0.129011
0.153174
0.143943
0.186821
0.210902
0.115889
0.271440
0.190046
0.118926
0.129093
0.191294
0.107621
0.086976
0.126952
0.103032
0.210294
0.090167
0.199533
0.330436
0.112259
0.118887
0.098274
0.210466
0.338913
0.161504
0.234826
0.134709
0.309398
0.156753
0.162609
0.175837
0.167274
0.160103
0.102365
0.245455
0.338506
0.358782
0.447025
0.067743
0.293748
0.217151
0.413911
0.285356
0.217796
0.118105
0.121692
0.143756
0.125417
0.190112
0.194702
0.276529
0.117267
0.291126
0.316388
0.226460
0.108219
0.116450
0.106226
0.182269
0.322038
0.323391
0.516158
0.227211
0.097727
0.080686
0.153144
0.107677
0.139993
0.069396
0.110895
0.098368
0.294418
0.445296
0.390916
0.280701
0.237791
0.178973
0.304922
0.141787
0.363638
0.343912
0.401953
0.486924
0.340481
0.155772
0.313419
0.195862
0.263629
0.130615
0.159547
0.106955
0.077983
0.274646
0.260368
0.186455
0.149099
0.303758
0.128692
0.081448
0.227660
0.253601
0.378009
0.237930
0.148613
0.162873
0.126586
0.233142
0.060936
0.230376
0.128564
0.104773
0.119272
0.278990
0.101871
0.123879
0.106784
0.142984
0.107603
0.181881
0.066708
0.205774
0.176476
0.178507
0.158518
0.155024
0.254609
0.239157
0.170553
0.281317
0.142261
0.218409
0.091223
0.072647
0.094206
0.096478
0.176601
0.146172
0.339921
0.407654
0.342584
0.150116
0.188843
0.138646
0.123775
0.255874
0.217717
0.377817
0.648861
0.246626
0.095167
0.114756
0.252254
0.266221
0.154373
0.165565
0.201270
0.090217
0.142754
0.175115
0.145697
0.158961
0.106121
0.088036
0.221311
0.096694
0.073409
0.092192
0.301072
0.162156
0.284090
0.209758
0.307302
0.305164
0.408245
0.218336
0.255927
0.190409
0.218196
0.137917
0.185372
0.419487
0.226660
0.356499
0.158848
0.133918
0.446948
0.113835
0.175146
0.138388
0.104944
0.326548
0.296710
0.511938
0.225586
0.168932
0.158084
0.164133
0.192611
0.229754
0.154018
0.206044
0.231390
0.181915
0.214871
0.146430
0.218732
0.245263
0.117035
0.076089
0.155849
0.249388
0.107162
0.119915
0.337251
0.223900
0.305755
0.203419
0.099055
0.140683
0.116377
0.176829
0.221154
0.131316
0.381564
0.151259
0.201767
0.368810
0.381804
0.190109
0.176406
0.096478
0.149378
0.290005
0.482446
0.236542
0.114747
0.239370
0.132684
0.055952
0.085931
0.188739
0.126270
0.132687
0.123637
0.086136
0.164648
0.075654
0.105851
0.206667
0.161648
0.177851
0.197237
0.323739
0.321778
0.192224
0.344276
0.207020
0.257045
0.237407
0.240519
0.343644
0.222327
0.289566
0.221433
0.332220
0.102415
0.131646
0.316813
0.160482
0.443595
0.459621
0.201873
0.121199
0.225738
0.218710
0.199689
0.445388
0.079879
0.218033
0.174922
0.246060
0.167976
0.321922
0.399269
0.249585
0.303576
0.217318
0.154939
0.177651
0.115132
0.150200
0.260954
0.244860
0.116191
0.216206
0.365635
0.076255
0.153125
0.137596
0.126954
0.083868
0.145148
0.117074
0.152320
0.338575
0.209883
0.255376
0.263140
0.131351
0.113195
0.121875
0.146048
0.248807
0.174033
0.151640
0.306820
0.292977
0.100959
0.208984
0.194335
0.103733
0.172768
0.181213
0.176001
0.312530
0.191790
0.207624
0.096220
0.158789
0.234544
0.202956
0.116168
0.161227
0.136477
0.120533
0.238684
0.102968
0.202066
0.327437
0.187131
0.222394
0.308762
0.197601
0.184025
0.303292
0.330570
0.134890
0.187170
0.121129
0.123648
0.119476
0.087326
0.259694
0.155116
0.180323
0.089197
0.232352
0.151654
0.104744
0.193418
0.162795
0.163548
0.219662
0.110200
0.210510
0.178702
0.102489
0.246343
0.198011
0.101547
0.336417
0.228130
0.137130
0.257985
0.203805
0.301022
0.112986
0.153972
0.510377
0.241214
0.254599
0.098034
0.161485
0.301360
0.094140
0.205441
0.122917
0.166574
0.174796
0.261449
0.253546
0.120004
0.087203
0.240032
0.089567
0.232590
0.200507
0.120172
0.229291
0.152666
0.207961
0.103309
0.183032
0.261144
0.181734
0.268871
0.109115
0.121805
0.218560
0.291820
0.170993
0.175055
0.332686
0.117370
0.125048
0.095914
0.327373
0.149076
0.491412
0.229316
0.169026
0.105437
0.058407
0.103964
0.170303
0.268820
0.253840
0.268761
0.066747
0.279299
0.446574
0.278013
0.094823
0.127052
0.073747
0.198569
0.173776
0.352469
0.293062
0.158782
0.212053
0.170593
0.218914
0.251538
0.485986
0.298297
0.278994
0.160665
0.193890
0.162864
0.181885
0.244622
0.118893
0.141097
0.115210
0.222003
0.137325
0.108750
0.280619
0.163316
0.172918
0.107037
0.237258
0.141617
0.142074
0.230752
0.207135
0.190463
0.320209
0.304999
0.284969
0.128323
0.105054
0.175384
0.112856
0.173677
0.128631
0.109912
0.494612
0.338805
0.156657
0.170411
0.138607
0.126117
0.120851
0.193540
0.309665
0.114625
0.204903
0.169869
0.125360
0.126020
0.214440
0.119214
0.178373
0.120188
0.370823
0.131329
0.100451
0.182645
0.126616
0.464377
0.172737
0.155433
0.565839
0.094340
0.108958
0.133358
0.234434
0.119700
0.116620
0.139063
0.095049
0.127112
0.076587
0.114879
0.129838
0.375003
0.480544
0.607349
0.781619
0.544796
0.289009
0.203257
0.277926
0.135418
0.195540
0.325050
0.066330
0.119634
0.401980
0.399950
0.245073
0.073341
0.147885
0.229615
0.118910
0.088573
0.111501
0.188482
0.272590
0.297568
0.174437
0.175304
0.135223
0.138222
0.108472
0.132194
0.230585
0.162432
0.169333
0.130313
0.210352
0.357356
0.189511
0.069684
0.186163
0.281084
0.234729
0.149136
0.269385
0.190038
0.333641
0.232874
0.328071
0.384617
0.223085
0.194667
0.079224
0.140326
0.311255
0.128524
0.105323
0.248492
0.162598
0.195694
0.309376
0.185998
0.139240
0.199175
0.158157
0.187704
0.340738
0.232766
0.234161
0.140863
0.067361
0.064330
0.132084
0.276819
0.204204
0.453643
0.161388
0.192674
0.201439
0.074970
0.195987
0.119849
0.150371
0.195017
0.184911
0.234695
0.112720
0.244716
0.439050
0.255044
0.256403
0.190453
0.274535
0.063453
0.105006
0.140706
0.199672
0.235422
0.215810
0.262732
0.307639
0.114750
0.322031
0.246658
0.175372
0.344053
0.142456
0.108168
0.296625
0.418408
0.235554
0.185932
0.168725
0.160167
0.114078
0.158774
0.315472
0.162919
0.155493
0.096196
0.085178
0.250993
0.135736
0.227349
0.283114
0.088017
0.211157
0.159807
0.270077
0.244046
0.109639
0.157852
0.186695
0.299765
0.161558
0.130229
0.151234
0.156293
0.108660
0.077853
0.312051
0.240873
0.103784
0.254729
0.082724
0.333026
0.131934
0.190610
0.099100
0.237378
0.121178
0.212252
0.126366
0.130978
0.106631
0.348797
0.255845
0.258217
0.127919
0.168901
0.155763
0.286175
0.227829
0.093420
0.241654
0.323355
0.222838
0.063642
0.193249
0.217583
0.137454
0.204009
0.104146
0.109820
0.344502
0.303756
0.226120
0.305187
0.271116
0.185264
0.332240
0.234003
0.245046
0.074322
0.264810
0.194239
0.053520
0.088349
0.247301
0.108587
0.118527
0.230252
0.247725
0.259771
0.113928
0.180797
0.200596
0.265950
0.155589
0.138040
0.200809
0.281059
0.136238
0.204562
0.218790
0.255826
0.225240
0.315162
0.287801
0.155240
0.263342
0.141033
0.086475
0.132217
0.236233
0.331764
0.310135
0.286408
0.125227
0.078690
0.483001
0.247632
0.158323
0.124297
0.434057
0.137808
0.235603
0.096126
0.223342
0.185298
0.159097
0.248800
0.134085
0.296859
0.269730
0.312564
0.165017
0.248801
0.128506
0.145680
0.311321
0.103662
0.201816
0.176813
0.131450
0.158160
0.253195
0.185140
0.269855
0.538540
0.077458
0.195958
0.177914
0.111037
0.242476
0.446541
0.248933
0.177433
0.235641
0.226637
0.089634
0.131947
0.100391
0.118151
0.132225
0.309468
0.098053
0.253294
0.181879
0.147766
0.213012
0.317991
0.402926
0.305671
0.189963
0.285747
0.130636
0.201063
0.119632
0.051794
0.127328
0.138766
0.108497
0.121666
0.355402
0.294960
0.246721
0.117474
0.052312
0.175117
0.330746
0.175695
0.064946
0.554767
0.415523
0.506006
0.212295
0.397402
0.290343
0.348499
0.196353
0.139367
0.139110
0.227863
0.259041
0.166016
0.127093
0.230004
0.308499
0.345352
0.457230
0.052091
0.192309
0.164875
0.305182
0.131749
0.149023
0.121022
0.314219
0.413990
0.323018
0.078720
0.123231
0.333741
0.141058
0.170271
0.202276
0.219420
0.196206
0.226414
0.313490
0.095821
0.161091
0.300121
0.083816
0.212940
0.092940
0.122799
0.120859
0.257001
0.380718
0.342371
0.021164
0.245413
0.134183
0.110124
0.227283
0.159237
0.208833
0.270001
0.124935
0.268710
0.173318
0.384443
0.476635
0.131172
0.221637
0.337202
0.344048
0.191436
0.206284
0.128800
0.145166
0.108853
0.111300
0.249593
0.376734
0.135361
0.272546
0.303495
0.249211
0.082841
0.489741
0.323683
0.111573
0.245249
0.133339
0.128338
0.180460
0.167411
0.214575
0.355283
0.100610
0.417837
0.251933
0.247151
0.123780
0.176384
0.103105
0.119702
0.080564
0.264590
0.164392
0.346444
0.159113
0.215376
0.144937
0.100364
0.159941
0.111262
0.134107
0.070631
0.088615
0.140618
0.063620
0.249816
0.092139
0.147091
0.126324
0.089954
0.089892
0.156375
0.081653
0.087061
0.230877
0.590989
0.377223
0.361843
0.270488
0.196212
0.174844
0.169725
0.156493
0.141149
0.139379
0.136046
0.210094
0.187739
0.203654
0.150168
0.397162
0.299527
0.126631
0.173440
0.080619
0.295357
0.250972
0.309582
0.054394
0.137280
0.103804
0.112465
0.056284
0.282866
0.212571
0.164641
0.156067
0.168438
0.239188
0.086404
0.195244
0.231910
0.257386
0.134365
0.235436
0.309324
0.325130
0.581829
0.320236
0.209041
0.145043
0.140869
0.115066
0.359372
0.203536
0.104101
0.267774
0.157844
0.195323
0.132627
0.154444
0.146045
0.194629
0.034272
0.071637
0.256797
0.254528
0.219388
0.463233
0.256324
0.180044
0.209835
0.083962
0.256083
0.199081
0.156483
0.069653
0.101323
0.232610
0.125773
0.195721
0.165916
0.222883
0.101742
0.399439
0.416875
0.270364
0.189632
0.186961
0.094312
0.444078
0.287079
0.162300
0.237414
0.156048
0.122339
0.457442
0.284641
0.311490
0.111178
0.196739
0.245468
0.175031
0.172137
0.109366
0.219416
0.125513
0.241237
0.546895
0.246203
0.251094
0.084069
0.092529
0.127947
0.075066
0.258937
0.301365
0.209416
0.125266
0.082738
0.244771
0.287387
0.307479
0.142615
0.183195
0.095868
0.215122
0.092283
0.104773
0.186675
0.314208
0.260055
0.228791
0.194676
0.160018
0.073496
0.169781
0.144991
0.141442
0.091611
0.197323
0.236728
0.260695
0.217065
0.200430
0.191807
0.133796
0.419490
0.239269
0.123240
0.157026
0.254946
0.086917
0.078484
0.072587
0.167156
0.394737
0.302019
0.307293
0.075425
0.073143
0.216781
0.084929
0.204184
0.057885
0.307828
0.369023
0.622663
0.711908
0.211359
0.398860
0.255563
0.274916
0.159720
0.228828
0.134132
0.273120
0.376853
0.252983
0.203084
0.154353
0.213037
0.144840
0.345357
0.243369
0.144139
0.097541
0.133755
0.158683
0.095305
0.326817
0.234789
0.443328
0.410935
0.312834
0.232514
0.219202
0.189951
0.090645
0.100715
0.194040
0.260084
0.297629
0.249469
0.210815
0.141822
0.126423
0.160016
0.293837
0.246240
0.207877
0.113418
0.117852
0.079232
0.182693
0.162700
0.168369
0.321493
0.251070
0.119460
0.088557
0.127993
0.150957
0.209868
0.214724
0.202768
0.245040
0.135494
0.135807
0.094298
0.226415
0.097704
0.627383
0.136685
0.127073
0.190358
0.034465
0.247635
0.103418
0.218060
0.173499
0.107524
0.325020
0.261278
0.180331
0.186012
0.145303
0.227475
0.195150
0.224365
0.108416
0.203326
0.247278
0.113288
0.095339
0.068897
0.090590
0.204770
0.114201
