2.273767
2.129086
2.063061
2.135370
1.475242
2.107040
1.442145
1.652400
1.971951
2.264605
2.212554
2.135977
2.182600
1.701179
1.523256
1.350509
2.051187
1.690128
1.407724
1.251929
1.958226
1.574036
1.409747
1.135046
0.848756
1.659198
1.152336
0.768205
0.605455
0.885864
1.460938
0.925224
0.785694
0.482863
0.931332
1.355633
0.745572
0.696449
0.617897
0.744916
1.224298
1.393221
0.653522
0.453203
0.464593
0.778123
0.662928
1.021732
0.561814
0.533324
0.323719
0.458154
0.935315
0.489918
0.249638
0.270293
0.293450
0.318821
0.250611
1.114222
0.323950
0.467585
0.304270
0.332806
0.386756
0.703534
0.472628
0.760864
0.278962
0.147103
0.373681
0.195740
0.655666
0.323283
0.330886
0.089278
0.453741
0.143594
0.242157
0.580873
0.402332
0.268623
0.351533
0.283646
0.310405
0.261831
0.796167
0.441672
0.455689
0.326306
0.208887
0.358957
0.128718
0.708457
0.344335
0.390232
0.324775
0.177047
0.271634
0.312018
0.462820
0.332760
0.461366
0.481891
0.157015
0.120806
0.128874
0.303886
0.419722
0.603357
0.217990
0.160304
0.269762
0.335317
0.067237
0.231328
0.404939
0.158983
0.312309
0.083944
0.133019
0.044916
0.103115
0.194766
0.180166
0.450253
0.351636
0.277700
0.143886
0.219691
0.122348
0.069780
0.326364
0.220295
0.285280
0.340475
0.239072
0.135662
0.263891
0.157978
0.492463
0.236891
0.193858
0.119872
0.197567
0.469029
0.134337
0.092593
0.197542
0.477305
0.530391
0.358526
0.165107
0.110013
0.311546
0.172466
0.114847
0.141696
0.350029
0.192550
0.022249
0.052614
0.249811
0.160190
0.132676
0.154111
0.152154
0.080462
0.506629
0.315508
0.157220
0.141935
0.283130
0.082304
0.121136
0.195462
0.093956
0.349129
0.420263
0.114417
0.214704
0.081479
0.309359
0.074328
0.024977
0.307530
0.316582
0.289060
0.114847
0.232906
0.247749
0.102577
0.095126
0.023665
0.131245
0.301541
0.298474
0.111391
0.125427
0.095053
0.057916
0.236033
0.249638
0.392996
0.420115
0.124916
0.106740
0.235951
0.214755
0.331735
0.139030
0.062171
0.067644
0.199565
0.361814
0.099727
0.208034
0.042185
0.054735
0.259322
0.062761
0.024516
0.145492
0.319645
0.188222
0.136429
0.244793
0.144458
0.063329
0.116858
0.154371
0.076230
0.229914
0.097556
0.185041
0.339646
0.344903
0.061107
0.035232
0.077803
0.179948
0.586078
0.112813
0.179702
0.328774
0.065337
0.047670
0.385287
0.063986
0.076984
0.087058
0.063792
0.064653
0.459585
0.375242
0.062510
0.084475
0.082942
0.219965
0.163765
0.153903
0.061816
0.079215
0.079746
0.283949
0.204366
0.123256
0.170750
0.201306
0.061868
0.038084
0.153761
0.055964
0.137884
0.081217
0.300480
0.047157
0.032842
0.164285
0.325510
0.056264
0.056630
0.101974
0.180317
0.301798
0.214352
0.126507
0.077913
0.043083
0.318984
0.025211
0.073488
0.124383
0.046902
0.254682
0.095782
0.116121
0.290729
0.096322
0.107881
0.115915
0.143697
0.108262
0.049937
0.210764
0.163778
0.230142
0.103740
0.309927
0.104651
0.071164
0.171416
0.089297
0.054262
0.099207
0.050623
0.126426
0.164255
0.142601
0.039364
0.253673
0.045258
0.206186
0.079363
0.189117
0.166778
0.056745
0.123487
0.046895
0.172840
0.102447
0.075698
0.187015
0.068254
0.056759
0.121938
0.024187
0.080502
0.406048
0.221298
0.111744
0.084478
0.403592
0.019210
0.038857
0.049192
0.181938
0.021336
0.040390
0.215938
0.048897
0.080521
0.326591
0.093828
0.050068
0.158362
0.068586
0.209137
0.158317
0.138495
0.100685
0.111794
0.164387
0.087039
0.202146
0.349661
0.054206
0.107653
0.206488
0.107998
0.016213
0.219909
0.203647
0.062067
0.120410
0.096299
0.154956
0.114244
0.239466
0.291095
0.215743
0.099822
0.111189
0.051004
0.178221
0.099751
0.039104
0.401998
0.035910
0.038157
0.045576
0.167111
0.078600
0.135934
0.074927
0.195271
0.236105
0.064034
0.088649
0.166084
0.037773
0.146756
0.022964
0.164950
0.031046
0.330493
0.084888
0.283580
0.107980
0.225042
0.098317
0.040744
0.447892
0.064009
0.011349
0.066405
0.070059
0.020402
0.595293
0.319985
0.094026
0.237925
0.174847
0.033692
0.117185
0.108777
0.010083
0.032423
0.152793
0.283133
0.062767
0.124539
0.078239
0.177357
0.037102
0.053911
0.055893
0.133140
0.041324
0.068952
0.056588
0.048804
0.050715
0.040731
0.053201
0.196765
0.293133
0.188002
0.144588
0.173746
0.077843
0.070162
0.083685
0.011218
0.078152
0.274795
0.039507
0.063356
0.086615
0.119995
0.105698
0.067009
0.141159
0.295053
0.018761
0.024886
0.103373
0.101653
0.029206
0.271179
0.060641
0.107522
0.045708
0.162422
0.132323
0.041447
0.018468
0.119578
0.147584
0.229927
0.113013
0.280052
0.007869
0.340934
0.050693
0.234770
0.134091
0.085910
0.011305
0.034149
0.050740
0.052097
0.220285
0.327901
0.378419
0.037727
0.074479
0.120638
0.184688
0.258198
0.080526
0.051489
0.064521
0.047553
0.406831
0.121124
0.028375
0.043029
0.138298
0.078463
0.043188
0.097240
0.064053
0.055982
0.076487
0.213861
0.024150
0.165983
0.077936
0.061460
0.043801
0.137591
0.038627
0.112356
0.121061
0.091854
0.125796
0.007283
0.025203
0.161399
0.200634
0.167375
0.018466
0.229726
0.043229
0.032072
0.042792
0.020167
0.173667
0.102812
0.041570
0.035160
0.072267
0.110103
0.014081
0.138472
0.039717
0.167717
0.013143
0.275271
0.025882
0.035860
0.258962
0.032567
0.184469
0.026347
0.043537
0.097589
0.062893
0.089168
0.220386
0.160329
0.035567
0.067735
0.044282
0.099784
0.025055
0.017105
0.021270
0.144652
0.415468
0.189337
0.073180
0.214188
0.038089
0.037297
0.046597
0.085594
0.122618
0.225801
0.085728
0.028148
0.068579
0.479640
0.062648
0.084886
0.131453
0.051291
0.135326
0.218898
0.204117
0.049841
0.008945
0.066054
0.071368
0.077196
0.035971
0.027195
0.043838
0.127371
0.143169
0.381485
0.076342
0.007172
0.163079
0.024412
0.137188
0.040676
0.253774
0.065809
0.016444
0.060799
0.050388
0.071739
0.140030
0.028055
0.029728
0.130120
0.054593
0.045311
0.203158
0.357441
0.010917
0.019465
0.065985
0.173090
0.044197
0.046046
0.241317
0.159750
0.214628
0.026744
0.218774
0.099470
0.235123
0.137271
0.020773
0.089594
0.107999
0.126129
0.149515
0.028297
0.063530
0.034641
0.035452
0.314839
0.009027
0.103750
0.072204
0.065741
0.265494
0.052386
0.050632
0.015911
0.036405
0.092203
0.037965
0.110718
0.079585
0.044409
0.009219
0.079728
0.426192
0.110624
0.028362
0.291829
0.058148
0.046171
0.347469
0.025722
0.061156
0.023571
0.133114
0.073327
0.063531
0.052593
0.110559
0.016409
0.061285
0.020871
0.044246
0.010444
0.092688
0.169571
0.024580
0.070610
0.157891
0.179959
0.117019
0.128577
0.053722
0.068478
0.025579
0.021348
0.096518
0.021524
0.031871
0.038401
0.099705
0.065906
0.255660
0.065217
0.192359
0.183293
0.013364
0.195344
0.071659
0.062430
0.048288
0.015986
0.006951
0.053081
0.263804
0.065726
0.018973
0.076586
0.029714
0.024029
0.071970
0.017578
0.314330
0.021022
0.060267
0.053159
0.068727
0.010145
0.072469
0.088779
0.135855
0.042104
0.033546
0.316589
0.076621
0.141517
0.043073
0.150690
0.027169
0.155191
0.021773
0.078646
0.057431
0.178321
0.073319
0.465127
0.080395
0.043591
0.007379
0.080058
0.171517
0.181813
0.015847
0.054800
0.181624
0.058187
0.063161
0.181034
0.093451
0.079694
0.183521
0.129835
0.188139
0.100113
0.041131
0.077258
0.065298
0.066130
0.021302
0.021137
0.049118
0.069363
0.191616
0.057892
0.159750
0.028673
0.045698
0.095255
0.033958
0.089917
0.041605
0.058464
0.202826
0.111560
0.022287
0.061336
0.074412
0.068052
0.085066
0.141730
0.087227
0.135524
0.218954
0.065411
0.184838
0.340227
0.009965
0.017828
0.087069
0.024010
0.049436
0.181477
0.039234
0.080005
0.069346
0.198505
1.094153
0.091396
0.321301
0.083268
0.090871
0.050772
0.124633
0.076666
0.126631
0.037465
0.126228
0.207892
0.021474
0.155181
0.053727
0.040445
0.134596
0.048546
0.022886
0.290015
0.023667
0.111663
0.048499
0.018610
0.159682
0.010898
0.040127
0.050977
0.009683
0.111571
0.015589
0.127276
0.081402
0.019965
0.280819
0.028934
0.043044
0.245341
0.038175
0.112541
0.136184
0.038174
0.037524
0.044714
0.018878
0.046468
0.045910
0.084496
0.034716
0.027688
0.036307
0.030036
0.044651
0.101459
0.029034
0.023904
0.263025
0.059143
0.052086
0.006536
0.081944
0.041560
0.222247
0.063103
0.148684
0.230236
0.018077
0.048023
0.074240
0.005263
0.038229
0.220273
0.011816
0.076435
0.015272
0.023612
0.102310
0.195301
0.349947
0.015910
0.057401
0.158750
0.020046
0.013639
0.062402
0.256506
0.077564
0.062666
0.009169
0.018070
0.071151
0.011170
0.030771
0.300959
0.045791
0.063559
0.085504
0.139173
0.023552
0.033785
0.143117
0.220369
0.161006
0.234764
0.179095
0.019491
0.188093
0.047297
0.011664
0.191994
0.018646
0.163835
0.071569
0.175669
0.084757
0.066438
0.040960
0.267665
0.022598
0.041218
0.020432
0.021370
0.045309
0.122470
0.017115
0.036963
0.037887
0.041941
0.265979
0.048505
0.082548
0.049258
0.019844
0.037769
0.025517
0.021168
0.372765
0.157281
0.030887
0.067769
0.004348
0.022339
0.219075
0.120319
0.044406
0.076373
0.180513
0.117752
0.028426
0.026018
0.031777
0.175723
0.023354
0.206764
0.109451
0.288319
0.061048
0.083271
0.168352
0.080747
0.096654
0.267269
0.062524
0.028914
0.051443
0.243730
0.064861
0.008826
0.038639
0.005590
0.081375
0.105416
0.040598
0.005177
0.056188
0.012787
0.136409
0.076449
0.223117
0.089603
0.157633
0.088866
0.025241
0.080991
0.063308
0.017351
0.018616
0.117130
0.115679
0.117923
0.059603
0.190099
0.015710
0.278130
0.048350
0.021976
0.056420
0.204393
0.231958
0.038680
0.092970
0.048800
0.104020
0.141819
0.010235
0.048046
0.029824
0.068096
0.021957
0.247736
0.128824
0.025005
0.017473
0.040465
0.148231
0.130070
0.028584
0.075912
0.053823
0.109094
0.027187
0.167639
0.109717
0.009722
0.020256
0.094966
0.146711
0.048019
0.042320
0.081766
0.058562
0.092531
0.154884
0.040845
0.070104
0.005915
0.044599
0.034668
0.030938
0.176301
0.037559
0.047309
0.192910
0.041175
0.083185
0.021693
0.017685
0.098446
0.168432
0.063698
0.024118
0.087648
0.006679
0.059017
0.041818
0.005003
0.030193
0.193636
0.266515
0.223204
0.056684
0.076381
0.066821
0.089746
0.134203
0.017539
0.063188
0.134177
0.011274
0.015845
0.026174
0.011397
0.009763
0.115435
0.048605
0.330355
0.094990
0.230020
0.073282
0.033178
0.017287
0.012668
0.034638
0.165459
0.066926
0.112867
0.021087
0.098188
0.009242
0.117059
0.148872
0.026404
0.050139
0.018718
0.114575
0.042347
0.010353
0.292368
0.071046
0.156795
0.036290
0.022082
0.233476
0.161516
0.005746
0.075953
0.063999
0.039955
0.065151
0.039685
0.043256
0.191620
0.069644
0.058082
0.222660
0.010474
0.070608
0.054681
0.054714
0.101668
0.192998
0.099258
0.029260
0.044732
0.028308
0.048445
0.093611
0.204875
0.108421
0.019589
0.195356
0.027042
0.064590
0.081499
0.009925
0.031673
0.010680
0.058005
0.030737
0.063907
0.065580
0.087686
0.050746
0.081175
0.083684
0.045106
0.188610
0.157614
0.069368
0.190916
0.058679
0.039493
0.022150
0.068347
0.021565
0.011664
0.023951
0.062740
0.007403
0.088531
0.157737
0.039786
0.021125
0.097914
0.098640
0.041028
0.013774
0.082011
0.044722
0.014890
0.031563
0.089647
0.262325
0.005351
0.226639
0.022801
0.009305
0.227271
0.038824
0.332109
0.061382
0.054490
0.086514
0.220446
0.356292
0.036984
0.022235
0.005470
0.016619
0.076944
0.045284
0.028775
0.073384
0.006334
0.016282
0.016496
0.105890
0.086660
0.147753
0.043754
0.081906
0.083577
0.052969
0.018429
0.024092
0.022093
0.363814
0.185102
0.032115
0.125147
0.023914
0.042429
0.020802
0.099699
0.114892
0.442012
0.029529
0.040227
0.064460
0.129229
0.050674
0.023982
0.054640
0.148097
0.054209
0.126022
0.107374
0.178392
0.013447
0.234305
0.019744
0.146363
0.055303
0.167521
0.018003
0.015949
0.043289
0.094329
0.030659
0.035079
0.173943
0.158784
0.019388
0.131904
0.122590
0.031602
0.048805
0.011452
0.032654
0.031901
0.254747
0.030752
0.021503
0.055790
0.044655
0.032294
0.014250
0.049569
0.042164
0.014771
0.193409
0.023471
0.011125
0.038994
0.193464
0.131178
0.040521
0.069444
0.143015
0.074901
0.293385
0.045837
0.033221
0.042871
0.053077
0.241467
0.080899
0.053976
0.029533
0.026306
0.055720
0.059847
0.013275
0.000920
0.018999
0.012031
0.163426
0.083850
0.060311
0.026791
0.027411
0.024018
0.012966
0.100913
0.047021
0.168025
0.019478
0.035304
0.177292
0.175101
0.051833
0.030836
0.008423
0.052439
0.070596
0.053504
0.140442
0.053775
0.044850
0.044371
0.075016
0.008407
0.024110
0.089828
0.056974
0.149381
0.021641
0.099521
0.011950
0.084290
0.033537
0.059654
0.048352
0.078381
0.091152
0.079994
0.096208
0.022136
0.093869
0.034166
0.011309
0.023269
0.152854
0.026092
0.083459
0.007878
0.037122
0.076796
0.044449
0.053492
0.033413
0.216924
0.133175
0.021831
0.171284
0.122765
0.129608
0.055598
0.119089
0.101403
0.029487
0.036336
0.120311
0.032462
0.064430
0.020424
0.203250
0.053972
0.426474
0.061867
0.190489
0.534856
0.014769
0.022220
0.094836
0.003349
0.022577
0.053495
0.190189
0.073575
0.140537
0.208491
0.106723
0.018132
0.016702
0.048110
0.005963
0.060555
0.062801
0.040727
0.218842
0.128014
0.098630
0.020310
0.007965
0.034382
0.014619
0.034073
0.034976
0.063720
0.013983
0.069088
0.104702
0.143409
0.214835
0.008943
0.043542
0.046807
0.025511
0.055296
0.007722
0.102013
0.094281
0.050311
0.048684
0.007258
0.017302
0.221482
0.028739
0.024816
0.007866
0.029665
0.058176
0.279304
0.020690
0.213820
0.010238
0.193318
0.031845
0.052047
0.130001
0.147584
0.041797
0.071576
0.146868
0.131941
0.034183
0.024535
0.068478
0.055138
0.022067
0.033542
0.017168
0.018163
0.091789
0.089948
0.075478
0.156697
0.222338
0.045689
0.013776
0.104724
0.216362
0.088734
0.002546
0.004071
0.022541
0.070253
0.083289
0.016323
0.056912
0.079861
0.045499
0.106158
0.048075
0.119590
0.045732
0.054009
0.036958
0.042292
0.066522
0.046776
0.075168
0.020559
0.070213
0.030805
0.004508
0.054149
0.044207
0.018621
0.086550
0.015282
0.136535
0.068152
0.016627
0.027798
0.010082
0.021031
0.047869
0.125973
0.111926
0.229280
0.026463
0.016428
0.070788
0.181138
0.055518
0.119003
0.044182
0.061381
0.029794
0.058313
0.158774
0.053407
0.216684
0.191737
0.094238
0.123913
0.040839
0.035440
0.019681
0.455514
0.008919
0.042643
0.125751
0.008776
0.012108
0.014464
0.017080
0.037125
0.029600
0.146167
0.029443
0.257232
0.022076
0.065157
0.111501
0.199153
0.189739
0.040442
0.157545
0.007624
0.035109
0.164563
0.297886
0.117189
0.044552
0.032562
0.015664
0.031891
0.166825
0.138945
0.021582
0.087045
0.120306
0.008884
0.057766
0.015123
0.105154
0.051132
0.125151
0.014054
0.133330
0.021868
0.073652
0.012769
0.070019
0.103046
0.086850
0.216707
0.124231
0.009178
0.082694
0.015902
0.040504
0.021844
0.077905
0.043363
0.038065
0.027527
0.116111
0.007759
0.024693
0.220731
0.042290
0.011871
0.097132
0.018287
0.280364
0.145977
0.048731
0.030855
0.014053
0.111867
0.100243
0.043284
0.022853
0.060696
0.080801
0.042231
0.005422
0.145821
0.016053
0.097462
0.023679
0.030150
0.015360
0.008274
0.137832
0.133609
0.054994
0.216401
0.040926
0.083270
0.004235
0.075497
0.025035
0.007286
0.145867
0.018887
0.004118
0.115436
0.195063
0.006112
0.047222
0.204318
0.080010
0.064600
0.129499
0.189243
0.185022
0.066007
0.042073
0.007020
0.050853
0.102854
0.061801
0.018198
0.174704
0.034167
0.015510
0.035657
0.008210
0.060090
0.253368
0.086007
0.015003
0.022785
0.024827
0.165993
0.055191
0.068955
0.071965
0.341685
0.074964
0.011420
0.048435
0.094572
0.184943
0.139951
0.021239
0.005052
0.101805
0.035500
0.012662
0.048197
0.053262
0.121867
0.053174
0.053288
0.107100
0.056480
0.016466
0.030760
0.047714
0.051257
0.060230
0.077017
0.052433
0.018596
0.079113
0.007122
0.044308
0.040811
0.141591
0.055619
0.054713
0.086728
0.028537
0.349186
0.119351
0.071519
0.172244
0.027523
0.227101
0.013726
0.038096
0.150633
0.039364
0.066925
0.016822
0.100606
0.039402
0.032919
0.025856
0.023338
0.037536
0.119112
0.043918
0.017527
0.277240
0.108111
0.059811
0.197526
0.095505
0.046595
0.014717
0.073035
0.037805
0.074852
0.006548
0.020099
0.033442
0.007756
0.109493
0.023223
0.017373
0.015815
0.034293
0.075219
0.105932
0.004571
0.091044
0.258826
0.071149
0.016583
0.026175
0.050253
0.029539
0.012007
0.039021
0.182390
0.075203
0.028334
0.031515
0.007858
0.103983
0.024152
0.121728
0.129227
0.078012
0.154835
0.061927
0.191257
0.057267
0.084625
0.031232
0.004043
0.029401
0.013234
0.006378
0.209507
0.088613
0.240580
0.018905
0.025886
0.035558
0.044195
0.040053
0.087240
0.219108
0.027912
0.019772
0.019279
0.107664
0.036216
0.027508
0.004349
0.005503
0.054562
0.023223
0.023090
0.113694
0.036011
0.004732
0.108287
0.114353
0.070738
0.176995
0.049952
0.063090
0.053251
0.126928
0.006546
0.159279
0.134626
0.006443
0.011177
0.083022
0.024199
0.042916
0.036907
0.026311
0.082563
0.150805
0.035738
0.098855
0.205206
0.231872
0.077648
0.125256
0.148584
0.014600
0.041304
0.009541
0.020141
0.013829
0.256710
0.138620
0.066622
0.051546
0.021580
0.047179
0.079259
0.025704
0.063571
0.042593
0.116412
0.070262
0.234604
0.054147
0.037222
0.087371
0.037478
0.106732
0.076971
0.057191
0.108804
0.008099
0.033699
0.045157
0.140854
0.008945
0.020689
0.004060
0.138698
0.003918
0.103625
0.147040
0.036580
0.115861
0.075190
0.126138
0.008355
0.012989
0.017921
0.015047
0.135432
0.014638
0.040567
0.033586
0.010139
0.009759
0.018821
0.064556
0.049080
0.098065
0.014643
0.091794
0.207888
0.278148
0.125523
0.059168
0.050475
0.177716
0.069028
0.010789
0.226124
0.010871
0.217046
0.094952
0.026698
0.023845
0.029346
0.068480
0.011013
0.110255
0.006595
0.140670
0.099622
0.197337
0.188915
0.036753
0.055575
0.010148
0.032205
0.049559
0.054091
0.054520
0.027188
0.009997
0.025133
0.025594
0.023479
0.035375
0.010383
0.023031
0.017696
0.007877
0.038753
0.114053
0.302718
0.023010
0.023446
0.012299
0.017652
0.055626
0.030594
0.019431
0.111593
0.108576
0.007684
0.076058
0.022765
0.111310
0.021202
0.104727
0.040841
0.043758
0.190760
0.141946
0.015370
0.142924
0.090843
0.013027
0.050584
0.046694
0.075365
0.088965
0.206481
0.014950
0.202125
0.049195
0.080027
0.017643
0.027097
0.014354
0.003803
0.046038
0.058452
0.204695
0.322698
0.129619
0.020327
0.114623
0.031689
0.017783
0.027352
0.077691
0.031942
0.007358
0.129513
0.019108
0.121229
0.037343
0.079354
0.078047
0.031377
0.247779
0.045894
0.024374
0.021072
0.025677
0.020479
0.071567
0.122315
0.076994
0.047434
0.097862
0.049477
0.161832
0.069995
0.037164
0.017048
0.016051
0.009134
0.060066
0.014344
0.079571
0.015618
0.122967
0.046058
0.048084
0.066724
0.126764
0.048287
0.139826
0.027243
0.003600
0.020674
0.106669
0.382694
0.016120
0.027430
0.056412
0.006443
0.075616
0.156458
0.056600
0.004070
0.030830
0.042659
0.026306
0.098535
0.089027
0.311192
0.095855
0.067795
0.117239
0.182295
0.034900
0.005009
0.044704
0.025248
0.046652
0.009048
0.003621
0.045921
0.174234
0.155284
0.027606
0.078277
0.227519
0.168683
0.029635
0.041978
0.075319
0.038152
0.020621
0.215742
0.042083
0.117423
0.052262
0.059353
0.058536
0.037194
0.183806
0.034636
0.053078
0.040706
0.067611
0.038250
0.113576
0.051528
0.051264
0.049617
0.135444
0.038732
0.056292
0.082189
0.049973
0.061395
0.033882
0.128989
0.031452
0.012175
0.076106
0.015176
0.045435
0.077808
0.024599
0.034222
0.016763
0.061438
0.060789
0.112782
0.023787
0.117285
0.061858
0.033059
0.026907
0.061560
0.055019
0.052608
0.073086
0.032864
0.026130
0.024772
0.011661
0.133044
0.025827
0.051564
0.004796
0.063024
0.034045
0.013847
0.075178
0.021518
0.132719
0.011752
0.031507
0.088483
0.047267
0.181417
0.026008
0.070892
0.005333
0.123349
0.006168
0.006746
0.055296
0.034800
0.079321
0.253686
0.037254
0.060231
0.055340
0.041155
0.035470
0.025174
0.110892
0.081069
0.017122
0.122998
0.011199
0.059792
0.046299
0.342001
0.037699
0.055792
0.023677
0.026637
0.035759
0.028463
0.118024
0.082490
0.019785
0.017690
0.218807
0.034559
0.072345
0.072324
0.135554
0.019835
0.013216
0.032879
0.039737
0.096569
0.043319
0.042603
0.081267
0.031125
0.059306
0.006695
0.025718
0.115553
0.055754
0.055934
0.021058
0.175832
0.021922
0.033756
0.065172
0.037804
0.124865
0.199164
0.010996
0.141586
0.165465
0.066185
0.128627
0.041976
0.034509
0.052423
0.103913
0.044866
0.020457
0.062751
0.151427
0.165077
0.009554
0.018855
0.081285
0.077171
0.020186
0.065840
0.022539
0.028057
0.008439
0.146169
0.007133
0.024059
0.052929
0.057309
0.209782
0.057939
0.045973
0.044876
0.089493
0.012530
0.044502
0.057759
0.017331
0.079932
0.061203
0.018422
0.036623
0.037297
0.147852
0.154538
0.022466
0.013814
0.091419
0.010314
0.022762
0.012225
0.025371
0.121952
0.101310
0.040528
0.015512
0.069740
0.057775
0.016427
0.092097
0.013166
0.051014
0.093930
0.143098
0.010074
0.113946
0.137951
0.194140
0.102241
0.007997
0.005489
0.011611
0.126933
0.120909
0.111744
0.012967
0.041294
0.039787
0.046996
0.005304
0.187587
0.147757
0.022423
0.037329
0.078862
0.112288
0.081246
0.102729
0.226322
0.032723
0.017695
0.199428
0.041523
0.063269
0.026628
0.188688
0.016018
0.277707
0.010406
0.005940
0.010616
0.008950
0.014972
0.016538
0.004147
0.341478
0.090085
0.051002
0.059435
0.029811
0.015317
0.048350
0.039192
0.121998
0.058815
0.100599
0.023242
0.084682
0.042819
0.044080
0.013726
0.040218
0.124877
0.009054
0.005658
0.065959
0.057505
0.029464
0.084552
0.038903
0.011953
0.087585
0.030552
0.048188
0.069066
0.091134
0.040710
0.031444
0.012135
0.093063
0.083440
0.004157
0.050559
0.003012
0.080612
0.074793
0.101355
0.066589
0.045624
0.105019
0.065821
0.086382
0.028078
0.037817
0.069507
0.046916
0.022834
0.034482
0.006822
0.015090
0.112107
0.015016
0.176658
0.043165
0.218419
0.017372
0.135885
0.027170
0.143345
0.030960
0.194961
0.136312
0.116840
0.097749
0.045833
0.023292
0.061472
0.033254
0.151892
0.045925
0.031812
0.106575
0.027150
0.017064
0.036481
0.071841
0.005275
0.045122
0.020349
0.079103
0.013567
0.060176
0.004383
0.065954
0.067671
0.125888
0.028351
0.082429
0.016193
0.062806
0.171373
0.023806
0.064109
0.013139
0.015298
0.029576
0.058455
0.074205
0.043506
0.014652
0.106804
0.006734
0.018070
0.104122
0.016405
0.080524
0.120873
0.018067
0.016112
0.033697
0.128080
0.065964
0.024006
0.188042
0.066238
0.243869
0.053987
0.038779
0.104372
0.011156
0.040538
0.004834
0.026135
0.038576
0.132791
0.085879
0.024711
0.057643
0.036081
0.156136
0.020878
0.078583
0.014019
0.093198
0.100233
0.035927
0.181938
0.007014
0.011047
0.044886
0.159154
0.074255
0.174018
0.035374
0.032877
0.020236
0.082109
0.017935
0.231722
0.054633
0.147793
0.018824
0.031448
0.025110
0.048403
0.012213
0.056140
0.089119
0.032534
0.005052
0.104031
0.016804
0.016608
0.045842
0.046444
0.024952
0.079938
0.061176
0.052312
0.010103
0.038533
0.069059
0.009663
0.266947
0.020662
0.057839
0.015296
0.087578
0.079465
0.007568
0.036286
0.026024
0.085194
0.021277
0.037737
0.043544
0.070595
0.056647
0.132653
0.041256
0.012455
0.018796
0.004017
0.131954
0.175121
0.045188
0.057023
0.051575
0.027853
0.010131
0.025303
0.115773
0.062162
0.195448
0.014179
0.183273
0.161516
0.030589
0.065030
0.033533
0.017398
0.094708
0.203918
0.043383
0.057739
0.041992
0.039575
0.145221
0.110529
0.167222
0.022185
0.026918
0.015156
0.082888
0.004072
0.051290
0.102378
0.105822
0.120018
0.010177
0.172003
0.009908
0.011322
0.089007
0.033901
0.093077
0.024063
0.081800
0.049459
0.004601
0.062253
0.077789
0.027958
0.021945
0.015532
0.013872
0.010218
0.036358
0.036802
0.118346
0.025975
0.007821
0.036113
0.022922
0.013179
0.049342
0.037546
0.031676
0.138728
0.008174
0.025679
0.029452
0.229585
0.090831
0.190206
0.002652
0.047040
0.016089
0.040765
0.028818
0.025397
0.216364
0.108138
0.142527
0.156891
0.040733
0.120033
0.202104
0.044226
0.132879
0.164488
0.009807
0.058966
0.022450
0.014799
0.232066
0.111342
0.053281
0.092781
0.033916
0.009182
0.074118
0.028458
0.031070
0.246281
0.062849
0.036815
0.103306
0.010019
0.114470
0.020219
0.007471
0.006790
0.073037
0.058412
0.008239
0.055945
0.124629
0.024203
0.020597
0.120711
0.086869
0.012188
0.027339
0.240531
0.019176
0.106645
0.069527
0.080840
0.117762
0.035493
0.178490
0.030569
0.005758
0.092491
0.025396
0.015025
0.007061
0.025007
0.053315
0.019242
0.055233
0.024509
0.138247
0.069996
0.159848
0.043180
0.073911
0.061276
0.331536
0.002934
0.149366
0.064182
0.187337
0.024014
0.016417
0.033339
0.010287
0.078391
0.022896
0.044739
0.137195
0.035915
0.175774
0.006803
0.008535
0.006838
0.060254
0.123751
0.039803
0.016181
0.012817
0.024824
0.005674
0.082688
0.055907
0.135219
0.004918
0.062130
0.053201
0.029864
0.013411
0.227698
0.033219
0.042526
0.040798
0.037118
0.117086
0.088682
0.071944
0.017398
0.077798
0.065606
0.044487
0.018432
0.052163
0.010153
0.027379
0.064359
0.050344
0.185620
0.022947
0.174821
0.013005
0.119628
0.071081
0.010257
0.091597
0.047134
0.313446
0.139190
0.033777
0.029547
0.092307
0.016500
0.020436
0.034979
0.019476
0.006873
0.157457
0.199139
0.008350
0.003608
0.007010
0.040763
0.071559
0.057639
0.073348
0.031203
0.102767
0.026112
0.021810
0.078378
0.186813
0.199510
0.029543
0.040737
0.216383
0.084972
0.099661
0.028339
0.006924
0.056573
0.012480
0.008618
0.062636
0.037232
0.007679
0.047469
0.024592
0.014920
0.016306
0.119573
0.070816
0.032567
0.087016
0.076662
0.058421
0.040273
0.009644
0.074965
0.117433
0.100601
0.029193
0.064779
0.040581
0.162407
0.024994
0.023820
0.037898
0.064438
0.013404
0.023418
0.006782
0.124263
0.025301
0.096890
0.018043
0.036876
0.071843
0.209803
0.035875
0.027036
0.025582
0.053984
0.102045
0.072580
0.047787
0.019581
0.028031
0.025971
0.090087
0.009079
0.005173
0.056122
0.040399
0.008821
0.091933
0.009605
0.133362
0.022100
0.261739
0.124449
0.085517
0.111409
0.057440
0.017929
0.010427
0.030079
0.202901
0.007150
0.020776
0.197436
0.021026
0.099527
0.027136
0.030893
0.045380
0.138385
0.011943
0.032982
0.037695
0.016749
0.145147
0.011155
0.059743
0.059779
0.024604
0.026888
0.015480
0.076265
0.059361
0.195534
0.197114
0.011912
0.057957
0.057311
0.031411
0.234755
0.025892
0.044133
0.040689
0.026252
0.252859
0.008464
0.016835
0.095398
0.159005
0.107604
0.210000
0.050382
0.046683
0.067343
0.021226
0.005188
0.013654
0.008692
0.069461
0.061691
0.056357
0.017465
0.009874
0.121578
0.053102
0.020895
0.106900
0.021985
0.032223
0.033674
0.003208
0.094498
0.122286
0.013634
0.057521
0.033895
0.007456
0.065682
0.178980
0.011026
0.008057
0.118147
0.162165
0.054914
0.041389
0.012078
0.006494
0.027008
0.087059
0.003747
0.051345
0.011129
0.017650
0.129347
0.011181
0.076761
0.057847
0.028970
0.012832
0.103574
0.019559
0.104684
0.256119
0.011903
0.115213
0.092481
0.033658
0.024641
0.136918
0.015126
0.196849
0.230439
0.022267
0.060758
0.035337
0.010339
0.023601
0.023103
0.018302
0.039512
0.092853
0.024721
0.068902
0.070992
0.032571
0.009402
0.157857
0.046935
0.087628
0.017156
0.081477
0.020997
0.028757
0.041104
0.100219
0.011595
0.016675
0.028044
0.006862
0.030170
0.004296
0.012124
0.177451
0.027855
0.009424
0.081808
0.020231
0.035516
0.029395
0.002483
0.013198
0.032830
0.030846
0.078147
0.079803
0.011037
0.038462
0.027748
0.028901
0.014772
0.017152
0.046658
0.037552
0.150373
0.029695
0.019158
0.064344
0.070478
0.006067
0.136837
0.046380
0.062467
0.017887
0.088412
0.187366
0.151696
0.020934
0.049114
0.082879
0.056365
0.060494
0.003597
0.027021
0.017968
0.004234
0.038237
0.110265
0.098222
0.059090
0.099340
0.045494
0.235063
0.032603
0.052282
0.015721
0.060847
0.060841
0.117938
0.005536
0.045447
0.040261
0.146321
0.010406
0.017053
0.004479
0.014715
0.126678
0.004741
0.024196
0.010223
0.006754
0.019056
0.009954
0.127731
0.044358
0.022396
0.023875
0.195289
0.022975
0.114249
0.043527
0.036604
0.022204
0.164358
0.079278
0.017752
0.007828
0.051703
0.011574
0.019541
0.014929
0.010973
0.032096
0.048095
0.014286
0.259577
0.175672
0.109649
0.030505
0.023892
0.109254
0.133446
0.018985
0.047737
0.026183
0.008434
0.028494
0.019489
0.234680
0.038173
0.097848
0.030551
0.053796
0.213984
0.027002
0.120784
0.081689
0.042865
0.008885
0.006431
0.124226
0.024954
0.008269
0.074652
0.128085
0.013095
0.157495
0.096952
0.010510
0.007454
0.099498
0.034792
0.144774
0.014892
0.030537
0.041875
0.048981
0.040433
0.108367
0.121255
0.010364
0.005578
0.120921
0.026592
0.236923
0.168821
0.020028
0.046586
0.055800
0.122232
0.024181
0.008717
0.020047
0.037854
0.158407
0.008707
0.109505
0.064234
0.030908
0.032148
0.009891
0.037715
0.096398
0.069065
0.048597
0.043395
0.165051
0.037387
0.160576
0.029741
0.044807
0.073856
0.018084
0.025863
0.025147
0.016889
0.088833
0.016370
0.229038
0.005833
0.013586
0.012030
0.034683
0.009400
0.003033
0.034020
0.041307
0.057198
0.044766
0.039345
0.030688
0.133654
0.046693
0.100332
0.053751
0.101175
0.007152
0.039194
0.036342
0.036013
0.038822
0.070787
0.048840
0.042984
0.130168
0.025375
0.100106
0.114922
0.030100
0.113137
0.009331
0.006752
0.028588
0.008752
0.050360
0.027258
0.018455
0.062141
0.016592
0.148078
0.032312
0.053570
0.028424
0.182376
0.026271
0.032130
0.040709
0.015756
0.085283
0.007220
0.259019
0.028301
0.010503
0.011632
0.096232
0.011253
0.064045
0.018881
0.008301
0.118697
0.329831
0.027455
0.044362
0.007814
0.083320
0.068682
0.031745
0.054675
0.016389
0.005138
0.109246
0.162254
0.042153
0.008895
0.016630
0.018186
0.003943
0.119570
0.053391
0.196769
0.047055
0.102198
0.041266
0.103908
0.234913
0.004760
0.283774
0.102579
0.045358
0.010294
0.044766
0.147919
0.014413
0.011082
0.008850
0.043404
0.078419
0.194583
0.017388
0.006883
0.007437
0.010885
0.021242
0.209033
0.038589
0.119564
0.024875
0.045311
0.022869
0.061387
0.045430
0.093731
0.038472
0.045262
0.034295
0.146002
0.166149
0.149895
0.002776
0.046547
0.058936
0.142301
0.042805
0.103548
0.039841
0.015884
0.030098
0.025314
0.038089
0.010136
0.073367
0.012507
0.107359
0.037363
0.087142
0.034029
0.067074
0.065329
0.015608
0.038164
0.022981
0.092842
0.016385
0.005712
0.034328
0.077470
0.038386
0.083882
0.009705
0.098429
0.012866
0.004311
0.018712
0.242038
0.012839
0.027600
0.026946
0.098633
0.050857
0.022693
0.051405
0.034806
0.105855
0.036273
0.061254
0.019071
0.011311
0.008273
0.110013
0.034912
0.006267
0.003995
0.095264
0.044410
0.063952
0.010705
0.005656
0.259008
0.004392
0.025714
0.028879
0.039352
0.141585
0.034850
0.020106
0.118202
0.179368
0.159071
0.097470
0.012015
0.023594
0.046491
0.011177
0.009991
0.108831
0.041783
0.021542
0.043746
0.039705
0.035801
0.014638
0.011801
0.040633
0.063668
0.069067
0.136148
0.026224
0.124179
0.212990
0.012226
0.051689
0.142001
0.067962
0.043028
0.019712
0.027250
0.077234
0.012072
0.048721
0.104597
0.016740
0.010798
0.143631
0.031628
0.010030
0.012719
0.007196
0.059384
0.102676
0.069426
0.026317
0.054166
0.028607
0.015241
0.079436
0.228582
0.056047
0.143413
0.006346
0.164062
0.007546
0.014798
0.015678
0.069532
0.016899
0.128849
0.080511
0.065059
0.047411
0.008332
0.046069
0.225352
0.195043
0.171124
0.012851
0.175553
0.018474
0.121569
0.021361
0.027149
0.079071
0.060805
0.020115
0.020443
0.004781
0.009342
0.149235
0.210196
0.004234
0.011539
0.174491
0.043455
0.054434
0.089301
0.009772
0.018184
0.086498
0.009927
0.137005
0.051351
0.009010
0.035953
0.034337
0.010477
0.039054
0.008949
0.038242
0.047042
0.016700
0.016961
0.006871
0.068396
0.063797
0.021630
0.038685
0.044363
0.130082
0.057132
0.104233
0.024863
0.027017
0.166744
0.057764
0.146427
0.030870
0.058126
0.014646
0.033114
0.042517
0.164003
0.009638
0.157633
0.007508
0.031566
0.056186
0.053014
0.031675
0.061766
0.004372
0.006210
0.051729
0.076423
0.027485
0.023740
0.146217
0.008597
0.291561
0.118973
0.046135
0.070715
0.067991
0.057972
0.123618
0.049563
0.015587
0.008066
0.024894
0.021881
0.034840
0.008863
0.191037
0.047728
0.007401
0.104740
0.009346
0.133087
0.095620
0.007969
0.344015
0.133781
0.085492
0.027310
0.049599
0.009646
0.028277
0.172511
0.025982
0.065621
0.034478
0.023103
0.010206
0.024502
0.019337
0.143915
0.031594
0.122692
0.198593
0.045667
0.139410
0.102745
0.011445
0.038187
0.046231
0.015997
0.056141
0.025608
0.068190
0.081277
0.149324
0.079711
0.033592
0.035231
0.038229
0.032640
0.087838
0.050289
0.032196
0.188808
0.071135
0.035152
0.025072
0.051550
0.088383
0.080789
0.011053
0.018495
0.020533
0.010450
0.025153
0.060642
0.174467
0.033560
0.017915
0.040519
0.105995
0.019251
0.178235
0.009840
0.140739
0.039667
0.029993
0.166055
0.036199
0.067814
0.100837
0.014661
0.014826
0.077777
0.033683
0.008597
0.029933
0.016047
0.068619
0.008290
0.016621
0.017319
0.022112
0.022932
0.023878
0.041830
0.046979
0.021858
0.011783
0.082412
0.019916
0.013457
0.067145
0.059575
0.024930
0.008947
0.011855
0.024317
0.150803
0.008166
0.143349
0.027911
0.010928
0.062779
0.003960
0.130516
0.011973
0.030088
0.033043
0.141335
0.026533
0.008820
0.077404
0.014247
0.060547
0.093050
0.010794
0.223887
0.120997
0.025355
0.137142
0.035038
0.050397
0.085329
0.090239
0.168553
0.011858
0.033412
0.060007
0.012524
0.091044
0.119866
0.022137
0.079783
0.297353
0.033137
0.108523
0.098975
0.032559
0.012466
0.012813
0.004993
0.169668
0.019779
0.099080
0.079879
0.013575
0.146483
0.004879
0.013353
0.026034
0.042126
0.094488
0.299032
0.008222
0.031743
0.018786
0.016430
0.015649
0.016610
0.182134
0.041859
0.068963
0.082407
0.035309
0.035633
0.037407
0.091006
0.012227
0.071850
0.006487
0.005383
0.053032
0.073595
0.022027
0.024555
0.037564
0.062404
0.016802
0.012333
0.238177
0.112127
0.038031
0.027741
0.110834
0.071594
0.072333
0.065138
0.122670
0.201788
0.043898
0.060411
0.039640
0.075602
0.012423
0.090160
0.014226
0.004616
0.015426
0.002839
0.004031
0.099370
0.024439
0.028235
0.056562
0.003982
0.023768
0.077738
0.074631
0.017420
0.006565
0.011199
0.175529
0.053311
0.088034
0.003275
0.054789
0.041671
0.072764
0.095173
0.004310
0.017136
0.064184
0.013606
0.103631
0.060324
0.129126
0.010085
0.035253
0.003079
0.025198
0.171041
0.033419
0.033458
0.135629
0.024265
0.101035
0.050876
0.065318
0.038757
0.107883
0.206617
0.020136
0.010171
0.076917
0.040136
0.008468
0.127585
0.095446
0.051605
0.087402
0.049694
0.039120
0.015191
0.005945
0.008051
0.075158
0.023973
0.051723
0.133619
0.010791
0.073926
0.009161
0.008066
0.086732
0.009662
0.025815
0.171253
0.057803
0.130133
0.102025
0.105797
0.007989
0.148296
0.065144
0.013185
0.057265
0.029530
0.061114
0.005186
0.013676
0.006171
0.107055
0.071524
0.056026
0.049752
0.027631
0.007212
0.060415
0.006922
0.139349
0.019952
0.031559
0.019336
0.045543
0.117285
0.076032
0.089743
0.012848
0.010637
0.061878
0.113274
0.009607
0.008095
0.009395
0.012333
0.068065
0.040155
0.018042
0.154912
0.020677
0.241163
0.014644
0.036008
0.099457
0.123603
0.056904
0.019392
0.083066
0.010646
0.026547
0.013214
0.009843
0.012585
0.030225
0.188791
0.052034
0.052001
0.027094
0.004079
0.003606
0.006848
0.010006
0.186002
0.064742
0.015014
0.048475
0.061425
0.151115
0.101523
0.045610
0.014825
0.013192
0.077100
0.097245
0.124806
0.131308
0.087095
0.084013
0.038921
0.102553
0.063482
0.007790
0.018900
0.105323
0.012589
0.097435
0.011163
0.013055
0.034168
0.125437
0.070111
0.023670
0.248215
0.100029
0.144943
0.034109
0.037750
0.095295
0.046570
0.013700
0.024900
0.045586
0.130786
0.013878
0.036640
0.188806
0.071389
0.056883
0.004763
0.036725
0.060256
0.163915
0.032904
0.122811
0.098307
0.013404
0.017700
0.021111
0.083579
0.215413
0.151756
0.039895
0.190092
