2.790179
2.812012
2.263106
2.233461
2.181400
2.046448
1.901757
2.074211
1.892748
1.974770
1.899922
1.873500
1.675176
1.917319
2.032836
1.855798
1.752875
1.821778
2.097620
1.960195
1.844253
1.780072
1.821152
1.972125
1.683701
1.836630
1.658621
1.691382
1.839699
1.867770
1.815046
1.804162
1.779906
1.713037
1.756712
1.723300
1.777724
1.783155
1.706197
1.550941
1.730281
1.730529
1.805450
1.497182
1.677808
1.882737
1.666728
1.761196
1.727811
1.605231
1.774844
1.649902
1.692292
1.770255
1.757482
1.697453
1.926111
1.934848
1.595718
1.676487
1.555745
1.798098
1.718994
1.700938
1.638786
1.588714
1.633987
1.832883
1.682493
1.832838
1.606884
1.674717
1.478048
1.684746
1.516104
1.424617
1.522641
1.577327
1.603951
1.538279
1.560777
1.667528
1.404644
1.510761
1.571544
1.727129
1.481123
1.431134
1.711353
1.657457
1.610449
1.651312
1.726929
1.659946
1.733451
1.600643
1.724884
1.602420
1.620710
1.433788
1.645766
1.711098
1.788503
1.794510
1.647673
1.454346
1.620673
1.765146
1.690301
1.648205
1.542518
1.601887
1.498906
1.415105
1.530174
1.428679
1.636530
1.483487
1.710851
1.524200
1.645000
1.562219
1.541817
1.766725
1.498428
1.624340
1.689990
1.535857
1.428920
1.634191
1.589364
1.710304
1.462458
1.614275
1.695741
1.784766
1.589177
1.539615
1.599742
1.750290
1.640911
1.554940
1.506821
1.506803
1.564806
1.541984
1.309707
1.307622
1.645222
1.508759
1.334218
1.583065
1.500003
1.715815
1.546896
1.468764
1.598538
1.807297
1.363270
1.469059
1.337452
1.633530
1.387248
1.814788
1.472917
1.724312
1.733339
1.680548
1.458770
1.453641
1.481850
1.631390
1.566498
1.490170
1.544011
1.482826
1.615984
1.446217
1.621682
1.437035
1.438481
1.410960
1.550243
1.498526
1.375186
1.589203
1.405913
1.436341
1.510853
1.653862
1.694307
1.380935
1.614680
1.468823
1.557323
1.541460
1.514041
1.409194
1.301038
1.490829
1.378362
1.450395
1.637745
1.346686
1.547439
1.470019
1.753359
1.470678
1.477087
1.428854
1.467991
1.518488
1.494838
1.406216
1.698170
1.487647
1.549425
1.454251
1.605830
1.465303
1.382646
1.687743
1.614962
1.486998
1.510991
1.411924
1.248571
1.610126
1.352248
1.606563
1.512762
1.715539
1.301998
1.433743
1.433991
1.704440
1.580816
1.694751
1.354990
1.451651
1.540386
1.373364
1.582160
1.333723
1.741458
1.523579
1.514774
1.549788
1.397055
1.282859
1.434358
1.296370
1.525816
1.493616
1.420456
1.612472
1.434425
1.451725
1.407100
1.474333
1.407775
1.581971
1.358521
1.302107
1.596453
1.547400
1.575545
1.461000
1.468979
1.322481
1.660208
1.421571
1.757861
1.454297
1.322362
1.411219
1.441092
1.481555
1.531364
1.461243
1.676080
1.537187
1.425516
1.396979
1.489468
1.536749
1.497264
1.383914
1.240902
1.356890
1.518417
1.452597
1.365763
1.528586
1.520857
1.353183
1.440858
1.407477
1.549520
1.322436
1.802933
1.417820
1.313910
1.360047
1.469620
1.474345
1.415483
1.498517
1.323737
1.388172
1.501739
1.370532
1.464612
1.345221
1.532737
1.368164
1.544672
1.468730
1.440661
1.355287
1.396040
1.454559
1.276033
1.629890
1.648160
1.472450
1.413813
1.411445
1.373914
1.386454
1.423538
1.316426
1.451472
1.630372
1.524915
2.156865
1.747133
1.736444
1.673184
1.469310
1.683020
1.663343
1.584121
1.390608
1.286985
1.396970
1.240277
1.253783
1.367766
1.282320
1.392304
1.375525
1.408654
1.351134
1.527976
1.598070
1.703925
1.338896
1.581202
1.844561
1.342742
1.310697
1.361500
1.407724
1.375130
1.387167
1.376070
1.555312
1.414356
1.484960
1.445087
1.495806
1.339007
1.333580
1.373019
1.219663
1.686918
1.387174
1.318396
1.362801
1.354786
1.610477
1.126326
1.643368
1.398094
1.297072
1.464193
1.281270
1.700549
1.428560
1.463299
1.415111
1.379921
1.182303
1.224242
1.392577
1.221204
1.575042
1.495601
1.567305
1.366709
1.440497
1.391989
1.474286
1.435283
1.385839
1.329916
1.367669
1.452231
1.368607
1.378153
1.382793
1.308438
1.233509
1.284399
1.536690
1.241127
1.396618
1.223311
1.367631
1.277465
1.612490
1.542958
1.192745
1.319640
1.534761
1.270746
1.425826
1.403686
1.287050
1.342959
1.445076
1.440092
1.421040
1.382960
1.394209
1.415444
1.350374
1.692517
1.528251
1.332234
1.421012
1.520872
1.253195
1.380760
1.319393
1.385841
1.316355
1.265973
1.327941
1.377975
1.315468
1.216704
1.308418
1.391392
1.593896
1.269965
1.336997
1.368735
1.287323
1.507961
1.499536
1.526754
1.343285
1.503500
1.318369
1.382330
1.327482
1.578043
1.279071
1.523800
1.408754
1.460697
1.443003
1.411530
1.421045
1.223511
1.379338
1.012397
1.231359
1.423801
1.528760
1.048660
1.652784
1.368258
1.329928
1.666764
1.293998
1.287750
1.291428
1.285614
1.291223
1.411542
1.430158
1.404795
1.190830
1.218235
1.286412
1.292613
1.369717
1.474242
1.456804
1.558129
1.450998
1.381433
1.385879
1.391874
1.523072
1.717086
1.207067
1.242130
1.409479
1.270816
1.142578
1.603757
1.623915
1.438155
1.319802
1.349515
1.276639
1.255206
1.486307
1.327298
1.483133
1.178944
1.467968
1.328118
1.251448
1.468799
1.299837
1.477715
1.274358
1.360059
1.235432
1.360901
1.241245
1.355991
1.451453
1.152432
1.407700
1.160461
1.330955
1.347765
1.329994
1.262284
1.321377
1.365297
1.441244
1.308284
1.262772
1.537404
1.330200
1.573130
1.253026
1.401514
1.393097
1.071480
1.350987
1.448867
1.342482
1.387827
1.364078
1.241410
1.491700
1.473129
1.315639
1.352603
1.451561
1.228396
1.354644
1.415242
1.434626
1.439777
1.376449
1.585749
1.437191
1.173468
1.378144
1.282861
1.294066
1.215579
1.157741
1.316471
1.365566
1.608138
1.371644
1.510903
1.722414
1.197994
1.512559
1.171465
1.194963
1.304191
1.500629
1.055787
1.297871
1.170506
1.341341
1.358313
1.504485
1.397506
1.585854
1.229621
1.322300
1.245248
1.364068
1.404652
1.457100
1.157409
1.277974
1.306058
1.478544
1.456499
1.406005
1.294317
1.385971
1.525262
1.406695
1.228302
1.217782
1.483362
1.280019
1.413947
1.499043
1.254545
1.274569
1.536687
1.152147
1.521553
1.183370
1.466637
1.291314
1.285269
1.374153
1.205815
1.306593
1.502180
1.340329
1.174650
1.228340
1.308953
1.389147
1.244547
1.271329
1.281611
1.139633
1.316196
1.253101
1.153445
1.360371
1.624871
1.510776
1.359734
1.349392
1.537942
1.054678
1.363179
1.164067
1.363202
1.431341
1.336850
1.160740
1.324190
1.331316
1.272753
1.448222
1.426951
1.354222
1.587344
1.333407
1.452303
1.447834
1.365134
1.192676
1.464378
1.318042
1.286647
1.409323
1.340791
1.526894
1.419036
1.351185
1.215579
1.243248
1.121078
1.215709
1.449710
1.410677
1.233408
1.478838
1.418985
1.410732
1.325821
1.213786
1.384750
1.508989
1.311099
1.301888
1.388859
1.354167
1.346247
1.315370
1.337596
1.326425
1.320607
1.341230
1.123586
1.457138
1.259069
1.273001
1.176171
1.434123
1.464920
1.286021
1.570991
1.603923
1.284758
1.456239
1.320315
1.333487
1.294319
1.377367
1.358876
1.321663
1.235443
1.202643
1.275086
1.495530
1.285120
1.515443
1.424810
1.488428
1.200130
1.324025
1.423042
1.428434
1.086450
1.547024
1.286632
1.521057
1.244048
1.129918
1.506360
1.217715
1.153093
1.312597
1.291073
1.292365
1.304976
1.586471
1.223094
1.247926
1.196993
1.150774
1.293661
1.409607
1.128602
1.314603
1.516241
1.357847
1.286577
1.041749
1.329157
1.249893
1.382543
1.192829
1.389174
1.295715
1.418174
1.389968
1.378371
1.235288
1.283136
1.509395
1.280159
1.225826
1.314177
1.291129
1.392332
1.380476
1.338225
1.129541
1.209346
1.400277
1.293707
1.389557
1.321220
1.080888
1.311268
1.404425
1.201520
1.283108
1.341308
1.346527
1.346368
1.604887
1.410479
1.370968
1.090222
1.393381
1.380304
1.166757
1.368806
1.222313
1.436021
1.460708
1.170030
1.570178
1.267714
1.436824
1.431888
1.201557
1.451363
1.214668
1.242117
1.429157
1.217691
1.251503
1.253322
1.310268
1.338177
1.209733
1.179569
1.210753
1.389590
1.230870
1.330054
1.548006
1.221856
1.486270
1.263569
1.279929
1.251130
1.183024
1.182328
1.396210
1.157412
1.281671
1.500312
1.274372
1.279011
1.230910
1.182840
1.309960
1.313687
1.077717
1.105776
1.517163
1.274981
1.359524
1.291258
1.278329
1.262717
1.194799
1.326925
1.499095
1.244213
1.164311
1.197698
1.394500
1.559093
1.207672
1.356725
1.235177
1.102533
1.541843
1.149793
1.261981
1.136796
1.210333
1.295997
1.422067
1.514327
1.452152
1.135424
1.194468
1.187871
1.264335
1.348981
1.281338
1.333433
1.090789
1.354483
1.336455
1.579715
1.410120
1.217600
1.132069
1.042419
1.319097
1.275738
1.298347
1.618637
1.284651
1.303463
1.330582
1.327960
1.390058
1.206853
1.173321
1.523628
1.044040
1.393298
1.372066
1.422242
1.254803
1.223387
1.373348
1.241424
1.513561
1.387143
1.257063
1.104635
1.521080
1.030465
1.382695
1.203094
1.253949
1.253766
1.520846
1.245368
1.391237
1.594629
1.323617
1.144300
1.340389
1.541329
1.258841
1.293604
1.201581
1.399040
1.027190
1.318814
1.277073
1.238101
1.484937
1.260622
1.365609
1.403404
1.184714
1.315104
1.158113
1.232580
1.116830
1.242104
1.441121
1.478911
1.307631
1.219527
1.061551
1.251001
1.285989
1.341655
1.356083
1.314188
1.227623
1.280647
1.284152
1.140823
1.283574
1.264265
1.369924
1.280681
1.242785
1.382991
1.199830
1.337843
1.083904
1.151212
1.566735
1.366940
1.067946
1.316580
1.207236
1.355775
1.211855
1.397613
1.226495
1.516545
1.021420
1.350773
1.390193
1.343242
1.249868
1.311949
1.130732
1.201296
1.577259
1.499024
1.213633
1.240887
1.483323
1.405740
1.344373
1.085682
1.245615
1.307026
1.082449
1.421046
1.123797
1.380305
1.300840
1.759298
1.045734
1.030404
1.092971
1.304091
1.358572
0.976921
1.343286
1.349789
1.509939
1.292251
1.355687
1.452070
1.215917
1.317111
0.953017
1.088034
1.467817
1.363475
1.275454
1.295004
1.194706
1.167281
1.358160
1.273198
1.513090
1.071718
1.463032
1.096344
1.237746
1.084902
1.137994
1.059453
1.378921
1.139213
1.254848
1.091735
1.428301
1.216299
1.322499
1.132638
1.219968
1.219011
1.319045
1.274886
1.165033
1.304020
1.180520
1.169377
1.374433
1.193433
1.273379
1.193815
1.376533
1.222586
1.392578
1.329869
1.218237
1.265028
1.430130
1.158017
1.664378
1.427089
1.244069
1.152269
1.502705
1.367364
0.916470
1.124318
1.167123
1.334928
1.051970
1.259372
1.287032
1.312670
1.218285
1.141985
0.986587
1.034150
1.105133
1.588356
1.310449
1.376863
1.365169
1.417770
1.236954
1.552112
1.341287
1.573449
1.401446
1.476631
1.214846
1.204497
1.544867
1.250548
1.587639
1.111658
1.123711
1.265247
1.106447
1.064865
1.390165
1.247434
1.281580
1.300515
1.106837
1.241302
1.380445
1.123501
1.350554
0.984069
1.124366
1.261275
1.161630
1.229499
1.407336
1.402727
1.150563
1.179874
1.418445
1.519534
1.535817
1.316749
1.245201
1.307822
1.364520
1.368843
1.441493
1.184297
1.471896
1.028972
1.181991
1.265664
1.306853
1.133996
1.362638
1.122385
1.244566
1.462858
1.245495
1.283795
1.344914
1.134232
1.340499
1.206482
1.138898
1.365002
1.241722
1.416303
1.019270
1.296255
1.323483
1.144767
1.102484
1.387070
1.203377
1.108201
1.162085
1.196537
1.019399
1.103789
1.517824
1.365016
1.283068
1.177171
1.412225
1.123684
1.409114
1.224150
1.517183
1.069985
1.230596
1.453330
1.420907
1.260615
1.344457
1.233471
1.411132
1.417343
1.446153
1.342157
1.182663
1.174087
1.131738
1.426101
1.269775
1.493548
1.163968
1.196154
1.074754
1.205265
1.507485
1.127735
1.223185
1.067669
1.224672
1.149395
1.344716
1.343274
1.121545
1.397844
1.344577
1.197009
1.471524
1.097403
1.160923
1.264253
1.638502
1.222386
1.215906
1.129954
1.278291
1.325846
1.332282
1.446322
1.198871
1.328366
1.202472
1.231425
1.034896
1.389962
1.138369
1.262476
1.360073
1.401363
1.253587
1.150439
1.286068
1.412984
1.251267
1.309602
1.059509
1.232077
1.201128
1.242408
1.334998
1.357380
1.215577
1.268412
1.262748
1.071544
1.319951
1.041924
1.495206
1.240522
1.114251
1.427881
1.206403
1.342665
1.071983
1.017563
1.104402
1.237632
1.488227
1.286964
1.342184
1.178550
1.110939
1.251203
1.126320
1.017799
1.545963
1.278541
1.263524
1.284221
1.134649
1.289275
1.318308
1.134257
1.458090
1.121031
1.526332
1.169858
1.152237
1.244167
1.372400
1.098186
1.129687
1.122714
1.305980
1.208444
1.393948
1.538653
1.223096
1.232901
1.118109
1.492366
1.231299
1.329179
0.978635
1.201049
1.319079
1.096049
1.148318
1.203279
1.141997
1.239004
1.263201
0.974010
1.383733
1.207918
1.605049
1.278983
1.038133
1.142339
1.353951
1.521731
1.054420
1.241556
1.257783
1.581796
1.226415
1.074638
1.163071
1.423838
1.206444
1.224509
1.272922
1.441046
1.275749
1.477207
1.319104
1.234057
1.045123
1.195332
1.350136
1.459062
1.324701
1.360012
1.296259
1.339057
1.266420
1.236641
1.683654
1.432119
1.319724
1.139378
1.268597
1.257099
1.085029
1.338512
1.247985
1.398882
1.319192
1.345938
1.346214
1.161469
1.182175
1.252235
1.282251
1.218076
1.262585
1.188374
1.296057
1.230532
1.056703
1.321997
1.183686
1.268524
1.275068
1.320188
1.362280
1.182472
1.210333
1.259367
1.346866
1.119321
1.105557
1.014687
1.190853
1.394147
1.222715
1.163937
1.191187
1.188248
1.327294
1.477127
1.180462
1.101031
1.159205
1.289535
1.348752
1.338608
1.290033
1.334023
1.291523
1.200550
1.353932
1.108411
1.248424
1.300894
1.336636
1.142451
1.289894
1.276165
1.582041
1.437712
1.262458
1.290063
1.486795
1.256978
1.131030
1.079516
1.265636
1.297714
1.279588
1.127423
1.225417
1.428185
1.272938
1.312874
1.239845
1.117116
1.060174
1.248392
1.364005
1.049736
1.203980
1.062494
1.280582
1.539392
1.068340
1.376451
1.139520
1.300752
1.298656
1.373981
1.039627
1.428510
1.207523
1.459507
1.340310
1.395561
1.047592
1.236061
1.342064
1.125914
1.158213
1.208977
1.439122
1.283779
1.146643
1.436404
1.077261
1.329372
1.229184
1.111834
1.177145
1.218966
1.274197
1.241655
1.437001
1.256455
1.300276
1.428152
1.222806
1.333573
1.524311
1.418764
1.175635
1.265059
1.330192
1.136822
1.222572
1.402051
1.259305
1.059985
1.359694
1.242102
1.155498
1.400423
1.312522
1.374717
1.218205
0.991113
1.239736
1.111335
1.122424
1.257933
1.356005
1.366380
1.386520
1.303751
1.234010
1.228128
1.262519
1.051973
1.217508
1.092715
1.228728
1.295326
1.296143
1.127770
1.593599
1.187729
1.494772
1.208138
1.210359
1.236905
1.406670
0.991637
1.190724
1.237856
1.082202
1.123122
1.042391
1.389767
1.104714
1.139748
1.238825
1.346280
1.296641
1.362409
1.227478
1.320387
1.151609
1.457856
1.167043
1.153997
1.496202
1.288785
1.559295
1.335882
1.484886
1.147637
1.279446
1.031725
1.360992
1.161127
1.463562
1.072213
1.348276
0.990910
1.277799
1.376142
1.372475
1.347005
1.429820
1.110262
1.147856
1.273558
1.115885
1.282364
1.122264
1.220003
1.123575
1.115125
1.190993
1.244496
1.200633
1.145941
1.227247
1.333032
1.109995
1.433633
1.412721
1.110320
1.157167
1.076409
1.321128
1.160894
1.238450
1.185970
1.125355
1.378127
1.306875
1.358508
1.190916
1.130164
1.313920
1.271427
1.081241
1.337054
1.211034
1.407212
0.949184
1.382326
1.172026
1.206896
1.123928
1.169404
1.145365
1.334425
1.256091
1.361907
1.289268
1.317765
1.293323
1.203043
1.102335
1.302598
1.184231
1.140325
1.143784
1.252199
1.091812
1.443930
1.325080
1.039015
1.188749
1.017033
1.297530
1.210421
1.388335
1.029618
1.253487
1.065706
1.353476
1.275733
1.258479
1.183614
1.123231
1.410853
1.519487
1.046089
1.219069
1.298491
1.332186
1.092223
1.316858
1.256570
1.394711
1.237879
1.121427
1.186502
1.333631
1.234326
1.270691
1.146371
1.209697
1.344041
1.238383
1.370816
1.203977
1.151232
1.234358
1.224701
1.162164
1.178692
1.116975
1.194056
1.078996
1.124015
1.465656
1.297460
1.237374
1.092005
1.442781
1.066823
1.158031
1.284640
1.232996
1.488317
1.170949
1.234179
1.281565
1.268711
1.130888
1.391964
1.438260
1.219581
1.145441
1.255134
1.155512
1.374042
1.313493
1.289377
1.239374
1.155149
1.053539
1.056073
1.255932
1.494228
1.579260
1.331257
1.210702
1.281173
1.074678
1.469307
1.267782
1.507608
1.180442
1.247010
0.939079
1.423520
1.334939
1.098184
1.230372
1.096107
1.125897
1.207501
1.377555
1.199677
1.426701
1.340897
1.311507
1.250852
1.316035
1.218282
1.271002
1.283252
1.401249
1.158926
1.175537
1.194768
1.454857
0.952696
1.279420
1.321532
1.352612
1.015501
1.331108
1.401108
1.240643
1.138943
1.350142
1.051135
1.178808
1.081923
1.229391
1.162405
1.466809
1.401427
1.306984
1.283733
1.339350
1.666483
1.554099
1.170109
1.282748
0.931948
1.362495
1.216309
0.949423
1.309694
1.246118
1.258137
1.066788
1.103820
1.286097
1.219321
1.540316
1.223252
1.341719
1.213944
1.206463
1.218793
1.365023
1.190856
1.165157
1.242077
1.686358
1.059738
1.136454
1.226978
1.319342
1.183511
1.099817
1.132157
1.235524
1.127021
1.180693
1.342963
1.194471
1.146686
1.283728
1.381532
1.200657
1.233276
1.252173
1.379321
0.966137
1.354930
1.048899
1.317008
1.592513
1.476607
1.269282
1.118615
1.243284
1.071934
1.067753
1.134050
1.430067
1.040590
1.412162
1.323424
1.149282
1.210774
1.251337
1.279684
1.270642
1.412400
1.169862
1.308010
1.122271
1.565246
1.095744
1.300924
1.152833
1.017872
1.043553
1.029929
1.170266
1.103698
1.052043
1.249222
1.369322
1.445110
1.076822
1.240902
1.298555
1.376465
1.268046
1.110244
1.378731
1.011700
0.974751
1.059314
1.328521
1.141708
1.152256
1.216061
1.224156
1.282420
1.366921
1.463311
1.254038
1.185980
1.222727
1.207826
1.161159
1.345295
1.582796
1.210181
1.227932
1.233652
1.243698
1.311622
1.183792
1.213486
1.247704
1.279110
1.454898
1.373364
1.224458
1.223146
1.148631
1.128044
1.020693
1.066019
0.926765
0.966123
1.339287
1.352903
1.288226
1.077423
1.040310
1.056766
1.556890
1.341867
1.174639
1.029628
1.326020
1.160889
1.280312
1.002194
1.628709
1.296576
1.419027
1.142372
1.244012
1.122121
1.354563
1.375363
1.074021
1.101835
1.295491
1.348377
1.101274
1.144475
1.111160
1.183424
1.298210
1.181818
1.157237
1.231507
1.226506
1.414047
1.195749
1.200889
1.277210
1.357714
1.113343
1.290438
1.168268
1.305512
1.013411
1.124530
1.156590
1.128250
1.135268
1.055869
1.298591
1.146594
1.309047
1.246118
1.395023
1.022082
1.081377
1.145243
1.205672
1.538202
1.255772
1.271716
1.291848
1.253928
0.988226
1.262682
1.393768
1.438368
1.206664
1.221165
1.334048
1.669220
1.307287
1.397413
1.385110
1.127562
1.409034
1.015203
1.276081
1.272853
1.118196
0.971950
1.278277
1.168055
1.131816
1.487395
1.219718
1.258828
1.366923
1.305571
1.306859
1.093909
1.269932
1.298528
0.973325
1.269119
1.292832
1.150335
1.168951
1.292428
1.120665
1.118279
1.063717
1.127965
1.129098
1.143552
1.190819
1.345821
1.433424
1.184414
1.378233
1.241795
1.253095
1.393215
1.284372
1.238623
1.181933
1.340094
1.056778
1.321731
1.295833
1.169097
1.477943
1.177460
0.922545
1.069653
1.085859
1.179907
1.130368
1.041354
1.132596
1.215122
1.436383
1.281686
1.001706
1.319719
1.203849
1.237102
1.319498
1.260225
1.520645
1.069900
1.071900
1.348416
1.226260
1.200060
1.027485
1.216130
1.254964
0.970462
1.113688
1.102266
1.233819
1.215537
1.561000
1.336451
1.239578
1.548539
1.117223
1.191362
1.329558
1.039454
1.370286
1.182256
1.251765
1.152123
1.017254
1.390966
1.273965
1.184968
1.195721
1.275116
1.478223
1.423501
1.625144
1.380067
1.121537
1.416187
1.238277
1.265139
1.314563
1.422947
1.252084
1.289393
1.260280
1.377934
1.074769
1.020117
1.135200
1.240115
1.192827
1.190293
1.011132
1.208788
1.239082
1.237573
1.005948
1.158678
1.216914
1.207436
1.216868
1.353236
1.371601
1.302848
1.504434
1.333197
1.521475
1.365004
1.309321
1.318033
1.104037
1.004278
1.360783
1.162997
1.391912
1.180108
1.110526
1.138299
1.391963
1.560189
1.199069
1.209278
1.185494
1.139788
1.287122
1.131370
1.261541
1.221131
1.237737
1.257664
1.170658
1.061713
1.365312
1.087492
1.092151
1.206303
1.120343
1.220293
1.054561
1.270684
1.379181
1.192180
1.316914
1.295795
1.441077
1.177134
1.436279
1.233336
1.361510
1.135692
1.166719
1.365984
1.540769
1.279388
1.287300
1.114039
1.068938
1.063584
1.099258
1.040164
1.235465
1.304601
1.376693
1.227052
1.292795
1.160251
1.141390
1.204084
1.317355
1.102084
1.398715
1.160256
1.152539
1.275573
1.518506
1.381237
1.091322
1.082495
1.431597
1.113331
1.259945
1.443962
0.909344
1.026369
1.502910
1.082355
1.327631
1.473277
1.269200
1.235139
1.250812
1.220841
1.204707
1.074142
1.133222
1.155941
1.138371
1.248603
1.083686
1.139412
1.139146
1.168029
1.324686
1.207740
1.005914
1.083493
1.199377
1.319868
1.103646
1.504392
1.415964
1.463445
1.449913
1.436293
1.175286
1.101671
1.436074
1.346755
1.308032
1.201769
1.119101
1.159519
1.106012
0.961470
1.243305
1.109101
1.318006
1.356347
1.019771
1.154455
1.168786
1.325562
1.060642
1.246090
1.351060
1.210877
1.366076
1.092007
1.095945
1.209221
0.911329
1.250389
1.351108
1.468904
1.312816
1.214314
1.560578
1.080275
1.426403
1.066689
1.216219
1.127865
1.113207
1.304017
1.026143
0.985299
1.118660
1.279752
1.165058
1.194961
1.455721
1.107021
1.534888
1.321989
1.149911
1.233798
1.184196
1.205930
1.239358
1.100668
1.317535
1.331819
1.265228
1.450101
1.050294
1.147104
1.005086
1.407837
1.170602
1.257561
1.201733
1.219804
1.029573
1.187558
1.134875
1.288154
1.184684
1.172280
1.264060
1.320307
1.046578
1.241502
1.119894
1.271202
0.976743
1.376776
1.319399
1.037026
1.116750
1.209775
1.386349
1.306901
1.383891
1.001622
1.266544
1.157379
1.258042
1.431933
1.300611
1.191806
1.411489
1.096818
1.156209
1.438317
1.084498
1.091042
1.445704
1.521882
1.178206
1.414175
1.181199
1.180645
1.025717
1.348941
1.366852
1.085577
1.487354
1.217304
1.434633
1.247488
1.262054
1.153322
1.421097
1.177844
1.299174
1.230124
1.068979
1.234962
1.303366
1.314161
1.295756
1.383952
1.293682
0.972560
1.176400
1.324942
1.318769
1.153925
1.199919
1.078795
1.271042
1.429735
0.965718
1.151770
1.047592
1.292131
1.207752
1.143431
1.219054
1.367706
1.169644
1.137539
1.064063
1.133262
1.130051
1.387263
1.213496
1.139507
1.118395
1.041831
1.084023
1.124087
1.422070
1.238905
1.426358
1.355888
1.275394
0.962628
1.204609
1.088277
1.133179
1.178053
1.218968
1.232645
1.163961
1.074755
1.223961
1.314353
1.351866
1.300074
1.471437
1.462626
1.616253
1.257238
1.255382
1.080904
1.268869
1.140834
1.494915
1.336055
0.936328
0.980638
0.877565
1.169594
1.164305
1.185765
1.328321
1.324487
1.453558
1.148088
1.153932
1.387060
1.183412
1.311071
1.337116
1.341792
1.283466
1.164432
1.049442
1.310153
1.354408
1.368086
1.267311
1.263118
1.323920
1.043832
1.203234
1.413763
1.151701
1.307525
1.177359
1.223420
1.123626
1.046121
1.465345
1.272135
1.259828
1.304256
1.310286
1.173614
0.944828
1.283789
1.869825
1.503202
1.466199
1.296328
1.297531
1.142142
1.240624
1.279604
1.343462
1.329344
1.344661
1.416259
1.369343
1.150884
1.247149
0.950842
1.202436
1.214023
1.096056
1.310043
1.292400
1.107700
1.284954
0.990089
0.984701
1.210216
1.248628
1.059604
1.419834
1.369303
1.241666
1.129365
1.240541
1.154705
1.363344
1.225475
1.276961
1.318051
1.227618
1.105533
1.252802
1.371561
1.220508
1.333066
1.154578
1.331410
1.151031
1.169098
1.170029
1.172878
1.056844
0.995552
1.126360
1.082350
0.937452
1.217262
1.380254
1.110379
1.183328
1.212793
1.098944
1.502788
1.056768
1.289285
1.247366
1.294101
1.138012
1.242191
1.098179
1.309574
1.264398
0.948241
1.407089
1.377800
1.342512
1.040372
1.213733
1.428490
1.019838
1.244153
1.138422
1.221700
1.202364
1.013547
1.219161
1.230411
1.343359
1.206319
0.963776
1.089783
1.230697
0.922828
1.169017
1.258621
1.492686
0.967387
1.158521
1.435342
1.419631
1.203726
1.273705
1.166809
1.275055
0.865884
1.104855
1.220847
1.165859
1.368161
1.482470
1.242871
1.491930
1.190956
1.189043
1.350210
1.101776
1.199923
1.169156
1.368837
1.334883
1.100345
1.004621
1.234409
1.315703
1.171178
1.349370
1.114910
1.064437
1.320846
1.242136
1.162041
1.000573
1.389947
1.308201
1.480972
1.422107
1.183041
1.268909
1.074280
1.118334
1.373016
0.964715
1.029792
1.316244
1.282699
1.258224
1.052636
1.141058
1.144553
1.087101
1.263351
1.226922
1.127461
1.268063
1.232891
1.346175
1.087950
1.128893
1.031230
1.350591
1.246197
1.140986
0.984513
1.054283
1.083249
1.364541
1.252792
1.096041
1.178252
1.388074
1.353966
1.270010
1.234399
1.143082
1.103869
1.364457
1.223201
1.192559
1.269465
1.222944
1.136949
1.177367
1.274034
1.304463
1.585544
1.326983
1.229896
1.295526
1.210281
1.095993
1.109809
1.315437
1.113184
1.106640
1.101690
1.191381
1.258734
1.307773
1.248307
1.078314
1.033486
1.278033
1.293103
1.092964
1.031374
1.342926
1.100912
1.283283
1.242005
1.233246
1.208152
1.167287
1.097384
1.534973
1.264203
1.300478
1.144416
1.170563
1.050397
1.137209
1.171796
1.219496
1.221045
1.088372
1.314914
1.296432
1.191265
1.294129
1.275086
1.108722
1.104894
1.123469
1.458605
1.512886
1.205757
1.072660
0.984241
0.931706
1.436901
1.037641
1.376592
1.183539
1.268262
1.023943
1.154377
1.353024
1.283119
1.201692
1.230382
1.182294
1.306894
1.160082
1.051480
1.077491
1.030418
1.098940
1.218162
1.510804
1.296490
1.196228
1.001420
0.976445
1.249803
1.238878
0.953688
1.052748
1.187729
1.000524
1.186877
1.262789
1.278217
1.462875
1.200448
1.050375
1.963470
1.547960
1.645765
1.404401
1.480122
1.081875
1.257479
1.289434
1.267222
1.158744
1.398333
1.136450
1.167042
1.364786
0.962510
1.025219
1.195423
1.222590
1.375743
1.294826
1.205380
1.066200
1.131103
1.375901
1.225858
1.191979
1.070192
1.457281
1.204764
1.117635
1.296839
1.103215
1.122648
1.292967
0.939314
1.232898
1.130176
1.365548
1.344840
1.121366
1.222580
1.175564
1.294693
1.405156
1.265532
1.177453
1.156674
1.191280
1.096486
1.265543
1.237913
1.309366
1.343014
1.195614
1.178360
1.335325
1.392588
1.305703
1.137666
1.108978
1.012034
1.147362
0.982682
1.031549
1.204410
1.359360
1.213642
1.107289
1.144155
1.188615
1.036536
1.180520
1.263499
1.136372
1.228443
1.221816
1.107392
1.277347
1.077929
1.218585
1.151576
1.307469
1.324463
1.124355
1.328704
1.119062
1.331006
1.476313
1.087162
1.114280
1.150574
1.097955
1.113006
1.254513
1.022796
1.186282
1.422312
1.431569
1.148090
1.267524
1.254597
1.144975
1.208646
1.263553
1.235086
1.074017
1.365330
1.008127
0.887318
1.239957
1.261175
1.553140
1.258326
1.295217
1.163253
1.293224
1.427711
1.542679
1.211111
1.177380
1.091826
1.079676
1.065650
1.230433
1.145959
1.042685
1.162469
1.499764
1.046634
1.097562
1.176800
1.208023
1.264349
1.201898
1.330652
1.255093
1.263401
1.149030
1.158810
1.216875
1.209582
1.076037
1.251294
0.937503
1.195639
1.302521
1.271980
1.422007
1.342657
1.308236
1.015146
1.196778
1.271495
1.203948
1.115460
1.094618
1.307678
1.259802
1.166751
1.252931
1.228461
1.182859
1.252410
1.203354
1.228564
1.364792
1.511267
0.991017
1.161913
1.368000
1.325828
1.043930
1.046352
1.107913
1.025035
1.094665
1.155666
1.161902
0.957882
1.409949
1.454085
1.183506
1.066852
1.305266
1.210661
1.192019
1.545363
0.943446
1.041277
1.335573
1.533890
1.096720
1.124347
1.125181
1.150331
1.043033
1.019048
1.450406
1.167497
1.209337
1.250831
1.215661
1.174072
1.138615
1.420818
1.020901
1.061948
1.301896
0.874130
1.493874
1.287900
1.186842
1.162678
1.121523
1.248381
1.099210
1.309544
0.980018
1.327074
1.229166
1.108103
1.217658
1.423875
1.322613
1.415464
1.236149
1.011144
1.185123
1.393429
1.067755
1.474925
1.149385
1.395371
1.150223
1.275867
1.155385
1.088140
1.251666
1.065700
1.113037
1.212496
0.991082
1.329748
1.414272
1.689359
1.153443
1.250472
1.202915
1.671517
1.331914
1.529452
1.218812
1.045933
1.104687
1.146208
1.163150
1.308885
1.286072
1.047798
1.077183
1.078048
1.016233
1.324806
1.365256
1.483418
1.231896
1.202886
1.294185
1.374194
1.156271
1.161645
1.164399
1.093923
1.303360
1.227676
1.393771
1.302462
1.494333
1.168472
1.171432
1.242946
1.089954
0.957600
1.333691
1.244602
1.469616
1.321979
1.378812
1.620381
1.075775
0.965098
1.206001
1.077533
1.470584
1.066138
1.224356
1.134896
1.033759
0.987332
1.025663
1.053735
1.060444
0.972225
1.422126
1.481365
1.266261
1.195037
1.420678
1.248806
1.338003
1.361152
1.217348
1.322881
1.348122
1.084218
1.131521
1.107523
1.250267
1.122182
1.202577
1.265989
1.256590
1.089119
1.302791
1.179805
1.050719
1.077226
1.263639
1.287165
1.190034
1.219385
1.112933
1.372526
1.403866
1.439504
1.253967
1.078358
1.175091
1.278397
1.267121
1.256101
1.403266
1.276465
1.237570
1.011178
1.297236
1.338181
1.256695
1.240525
1.031034
1.081912
1.188020
1.057104
1.238664
1.170178
1.290315
1.008863
1.289083
1.383761
1.213719
1.097643
1.224029
1.408119
1.350062
1.148165
1.000344
0.932319
1.125382
1.036139
1.092245
1.242627
1.355617
1.171690
1.803440
1.485308
1.367752
1.318876
1.249233
1.194576
1.478131
1.409738
1.097605
1.189720
1.092989
1.184178
1.145915
1.218716
1.193775
1.325869
1.107738
1.114877
1.012166
1.126416
1.258234
1.142239
1.345119
1.190814
1.224906
1.213976
1.363134
1.000328
1.371818
1.246542
1.486877
1.170139
0.972568
1.336220
1.224962
0.975472
1.077873
1.323057
1.148410
1.468496
1.739071
1.275495
1.163333
1.276327
1.090378
1.481293
1.103307
1.398909
1.483857
1.323555
1.037619
1.105504
1.211543
0.953589
1.306875
0.921609
1.146374
1.068216
1.335320
1.366857
1.295592
1.147617
1.183574
1.035132
1.379547
1.063479
1.213351
1.137395
1.395015
1.477194
1.159775
1.406230
0.921150
1.168241
1.277975
1.168644
1.077113
1.216829
1.237454
1.286636
1.202067
1.073977
0.911717
1.377824
1.148081
1.095120
1.086442
1.447277
1.223819
1.227087
1.151129
1.105381
1.279101
1.179601
1.306255
1.254462
0.945660
1.237391
1.414561
1.175433
1.088576
1.315809
1.435994
1.234822
0.951673
0.981976
1.177040
1.384736
1.699238
1.273976
1.479405
1.118060
1.267163
1.150940
1.084864
1.238316
1.143276
1.188473
1.045147
1.299664
1.248895
1.028184
1.082289
1.281970
1.446442
1.353873
1.061004
1.183209
1.287118
1.015049
1.383448
1.225288
1.284775
1.157128
1.373586
1.204031
1.064035
1.337083
1.115567
1.365034
1.082364
1.069860
1.119679
1.037836
1.275290
1.055076
1.216010
1.000547
0.860593
1.066773
1.572443
1.163194
0.970350
1.326618
1.434841
1.208980
1.322980
1.173016
1.137455
1.200248
1.072648
1.528489
1.076249
1.111768
1.231490
1.371960
0.935094
1.228312
0.973062
1.014153
1.222576
1.250619
1.439485
1.364520
1.070657
1.115860
1.211406
1.176043
1.193318
1.058400
1.095523
1.004191
1.299485
1.212682
1.513889
1.410939
1.277822
1.215538
1.094973
1.206074
1.184341
1.139655
1.357072
1.024242
1.465837
0.926674
1.043337
1.090146
1.287760
1.136160
1.256498
1.319534
1.336871
1.163705
1.098915
1.209521
1.508981
1.388151
1.227967
1.335527
0.959716
1.213457
1.254610
1.397864
1.095754
1.200022
1.116055
1.384294
1.066621
1.225358
1.423467
1.212877
1.136036
1.015812
1.049429
1.238927
1.157939
1.271538
1.134717
1.032275
1.009307
1.095974
1.059955
0.939586
1.149881
1.133086
0.993407
1.177885
1.480394
1.231068
1.343690
1.270611
1.216343
1.346228
1.072568
1.470172
1.425743
1.823581
1.272109
1.102913
1.090313
1.087340
1.271050
1.215388
1.261387
1.203870
1.033828
1.306383
1.221432
1.125102
1.181607
1.457335
1.486853
1.032973
1.476072
1.371585
1.133242
1.054544
1.066240
1.419359
1.163041
1.150048
1.228751
1.246853
1.241786
1.167929
1.086561
1.125624
1.270206
1.182797
0.995477
1.157391
1.185562
1.623318
1.508281
1.717799
1.228060
1.351336
1.205923
1.091616
1.368303
1.164303
1.095479
1.238386
1.289143
1.265181
1.300778
1.104084
1.056962
1.035508
1.090223
0.968713
1.091213
0.976369
1.081523
1.021519
1.069191
1.108299
1.368654
1.177518
1.084100
1.114275
1.210471
1.261550
1.002453
0.963500
1.110371
1.287157
1.141062
1.471020
1.105765
1.156848
1.370089
1.167461
1.253236
1.022571
1.163627
1.225382
1.453722
1.381028
1.084917
1.206462
1.214043
1.345675
1.122729
1.127913
1.263346
1.260887
1.770750
1.379210
1.584844
1.178955
1.406186
1.145826
1.449139
1.203775
1.176449
1.166595
1.476919
1.283234
1.410479
1.002537
1.323933
1.219354
1.281757
1.151439
1.047599
1.124249
0.982025
1.215429
1.311798
1.205052
1.230873
1.395703
1.162384
1.027364
1.333096
1.142686
0.903824
1.298748
1.182236
1.112596
0.991859
1.239556
1.230902
1.196893
1.089747
1.306929
1.212910
1.184823
1.148438
1.461964
1.510716
1.381466
1.079825
1.126416
1.307338
1.007161
0.947272
0.972676
1.288903
1.199056
1.241724
1.102710
1.148920
1.065274
1.192905
1.170559
1.496766
1.344203
1.090344
1.128978
1.280344
1.211217
1.283606
1.191274
1.269239
1.346169
1.096659
1.041651
0.955105
1.082780
1.017285
1.268829
1.311047
1.175047
1.154634
1.308907
1.161941
1.245840
1.326451
1.273298
1.170830
0.926569
1.238527
1.101612
1.043426
1.308944
1.147071
1.099416
1.359781
1.349867
1.131706
1.078007
1.285251
1.391424
1.274871
1.127479
1.090494
1.383190
1.282946
1.265515
1.224681
1.178491
1.377723
1.078527
0.957557
1.201027
1.190372
1.275871
1.479430
1.490203
1.415792
1.367330
1.155079
1.356172
1.495111
1.228548
1.344788
1.312140
1.263153
1.187992
1.380235
1.199292
1.183645
1.103113
1.185679
1.054614
1.053005
1.164197
1.186085
1.154291
1.253724
1.221109
1.161464
1.018693
1.184159
1.107248
1.152469
1.129403
1.435844
1.245328
1.132061
1.241323
1.144317
1.144671
1.263728
1.301936
1.296556
1.175882
1.160332
1.106884
1.073034
1.528952
1.238981
1.179478
1.360076
1.220139
1.252044
1.253754
1.546003
1.180202
1.052933
1.180046
1.088830
1.059782
1.316339
1.020015
1.046939
1.145232
1.087505
1.098255
1.057177
1.015685
1.242713
1.029198
1.397960
1.142469
1.202582
1.436185
1.285352
1.440810
0.922375
1.368101
1.100360
1.364167
1.342657
1.412842
1.459254
1.097663
1.217598
1.240921
1.120176
1.105726
1.292643
1.089386
1.247792
1.614198
1.144397
1.260168
1.092209
1.184711
0.987226
1.396720
1.029908
1.169422
1.092052
1.171065
1.295765
1.194011
1.205923
1.325986
1.171317
1.275653
1.243817
1.189765
1.031896
1.173649
1.146883
1.018458
0.998931
1.162190
1.446748
1.211994
1.107873
1.095210
1.147568
1.219296
1.223978
1.182589
1.290158
1.401472
1.337412
1.171143
1.281543
1.047994
1.078218
1.257481
1.232711
1.050799
1.071038
1.297656
1.174741
1.043560
1.102334
1.240121
1.123119
1.074603
1.318347
1.251160
1.250863
1.936073
1.235421
1.179937
1.210248
1.410619
1.375337
1.367260
1.055745
1.125091
1.263977
0.966633
1.108252
1.224359
1.035015
1.193179
1.106883
1.220789
1.149705
1.060929
1.283936
1.274270
1.050291
1.227978
1.086610
1.322362
1.180541
1.369139
1.164552
1.106960
1.135148
1.371914
1.148837
1.268506
1.138426
1.260496
1.121471
1.078124
1.156481
1.124181
0.915674
1.193357
1.188444
1.079206
1.150971
1.393373
1.065457
1.140283
0.967932
1.166098
1.244993
1.143124
1.117199
1.115200
1.161733
1.136103
1.106726
1.208680
1.208678
1.345179
1.062299
0.978468
1.186389
1.085941
1.008147
1.188022
1.203338
1.162612
1.004261
1.473362
1.220735
1.257877
1.014173
1.198143
0.991671
1.476241
1.189528
1.600262
1.453237
1.344880
1.010496
1.199291
1.041147
1.335649
1.137196
1.058515
1.224363
1.245991
1.259596
1.227234
1.153648
1.195004
1.101609
1.225302
1.143631
1.310365
1.358371
1.038651
1.161524
1.207986
1.202334
1.118198
1.045427
0.969053
1.371901
1.360737
0.923378
1.088839
1.154878
1.150065
1.197663
1.147020
1.066310
1.331436
1.156643
1.082551
1.036224
1.268371
1.272492
1.266023
1.262735
1.242299
1.192471
1.167131
1.184768
1.257886
1.141886
1.274684
1.033178
0.982404
1.014415
1.370453
0.919221
0.954766
1.262729
1.063984
1.439595
1.333682
1.277783
1.276491
0.871564
1.081326
0.974327
1.353191
1.054085
1.552510
1.085279
1.120916
1.238069
1.160203
1.503321
1.189902
1.069955
1.199265
1.081944
1.240893
1.437617
1.027424
0.957368
1.053309
1.175182
1.309504
0.911934
1.265459
1.035476
1.245982
1.246218
1.202291
1.288545
0.987239
1.019648
1.229688
1.185214
0.988520
1.212929
1.153529
1.138450
1.067843
1.124552
1.133902
1.269410
1.094866
1.055248
1.280057
1.285967
1.216996
1.359731
1.178156
1.060549
1.212902
1.269364
1.122689
1.284856
1.143551
1.061260
0.967607
1.193998
1.350576
1.251536
1.286588
1.164659
1.116961
1.090816
1.107472
1.142213
1.177519
1.494360
1.389382
1.229647
1.294189
1.885277
1.388847
1.212982
1.178395
1.008305
1.211454
1.164531
0.941426
1.341977
1.034392
1.254490
1.407845
1.003637
1.163181
1.081358
0.843946
1.232795
1.207629
1.137296
1.290606
1.298031
1.136667
1.160311
1.131036
1.204313
1.450972
1.191499
1.380209
1.325280
1.194732
1.180912
1.234189
1.055192
1.115216
0.999819
1.185466
1.561271
1.254578
1.103029
0.918420
1.168064
1.324350
1.130039
1.281180
1.321312
1.319060
1.358751
1.190295
1.124908
1.492302
1.282889
1.440845
1.136680
1.423972
1.423670
1.409264
1.033571
1.075169
0.985245
0.977159
1.289815
1.084808
1.034109
1.160283
1.133707
1.031919
1.267691
1.205947
1.079795
1.132703
1.327407
1.020099
1.210147
0.973129
1.200487
1.092302
1.260460
1.154399
1.175639
1.143887
1.213681
1.326264
1.351952
1.073425
1.103803
1.434966
1.255397
1.319651
1.123994
1.190682
1.156757
1.303434
1.301155
1.193248
0.977335
1.175437
1.194386
0.990534
1.063094
1.258809
1.432806
1.120251
1.300607
1.104667
1.103602
1.080951
1.198140
1.188512
1.050350
1.200613
1.401167
1.130674
1.188206
1.232427
0.965561
1.232494
1.082072
0.971250
1.319803
1.237182
1.105286
1.130017
0.963527
1.247746
1.209718
1.115335
1.319244
1.300656
1.638760
1.156974
1.178452
1.145804
1.353647
1.183244
1.111042
1.242647
1.172775
1.280468
1.144036
1.248740
1.136606
1.204562
1.146367
1.099411
1.260760
1.221454
1.338680
0.964811
1.043540
1.175559
1.264376
1.055021
0.955091
1.151243
1.180856
1.196159
1.140808
1.312578
1.043525
0.972790
1.193423
1.428872
1.292176
1.680181
1.308417
1.335166
1.185029
1.449310
1.225191
1.336327
1.275227
1.404979
1.383370
1.132768
1.100645
1.553694
1.324106
1.390242
1.369481
1.052028
1.004618
1.022647
1.030113
0.999844
1.007053
1.110381
1.110551
1.137368
1.393813
1.064562
1.091516
1.118851
1.196890
1.088529
1.032226
1.061157
1.159304
1.317495
1.097088
1.373293
1.306569
1.222926
1.128614
1.251852
1.314117
1.022347
1.024259
1.302971
1.237660
1.266594
1.344110
1.059859
1.087771
1.353997
1.260215
1.103303
1.300392
1.287560
1.136440
1.157026
1.033992
1.224136
1.212585
1.175515
1.404119
1.220485
1.600924
1.352206
1.401804
1.048081
1.234319
1.103581
1.406797
1.048100
1.205235
1.207686
1.013743
1.138804
1.065701
1.292718
1.251665
1.250413
1.028029
1.193059
1.126711
1.146274
1.084463
0.980900
1.283309
1.444909
1.175895
1.221880
1.184870
1.147816
1.213202
1.155392
1.338522
1.146430
1.085285
1.217014
0.984594
1.624174
1.528739
1.441792
1.308955
1.164180
1.182315
1.336645
1.340759
1.283475
1.239790
1.355408
1.142395
1.114226
1.336644
1.082250
1.158829
1.131320
1.100207
0.960577
1.121105
1.046766
1.124050
1.169607
1.386488
1.024822
1.117199
1.215668
1.148773
1.063445
1.145794
1.654882
1.360833
1.362727
1.197672
1.207919
1.064806
1.254342
1.121203
1.005839
1.120721
1.345424
1.125455
1.316291
1.258977
1.115772
1.177332
1.196602
1.183191
1.137815
1.291310
1.129643
1.079069
1.258412
1.240281
1.353776
1.138193
1.054322
1.142672
1.151226
1.185712
1.255758
1.246250
1.515040
1.359974
1.206747
1.241088
1.309707
1.161524
1.145900
1.215321
1.044433
0.966731
1.538802
1.265660
1.181472
1.234554
1.210491
1.158316
0.977079
1.076721
1.142634
1.155643
1.312956
1.294050
1.277225
1.259783
1.116185
1.264405
1.042527
1.296742
0.991588
1.072836
1.190401
1.480739
1.143922
1.115014
1.073043
1.142061
1.061802
1.068077
1.352701
1.122244
1.104684
1.519530
1.167907
1.324966
1.887655
1.244464
1.357840
1.067538
1.152514
0.972097
0.979962
1.197928
1.266546
1.103776
1.045459
1.319252
1.291750
1.063637
1.150624
1.597388
1.378239
1.232075
1.071471
1.071421
1.212553
1.133479
1.171286
1.225095
1.392064
1.016532
1.103843
1.101061
1.171720
1.341641
1.257062
0.985332
1.113327
1.088188
0.963830
0.980986
1.116094
1.330183
1.178319
1.318991
1.102961
1.198476
1.240756
1.143706
1.195489
1.007875
1.124280
1.117428
1.296096
1.309570
1.222114
1.066128
1.653479
1.337163
1.152261
1.117624
1.029638
1.167336
1.217380
1.065965
1.224384
1.243300
1.050397
1.265267
1.774617
1.629635
1.577062
1.043630
1.553434
1.252160
1.112094
1.033653
1.122087
1.135563
1.211053
1.327903
0.908716
1.080180
1.188740
1.103193
1.236935
1.173312
1.164675
1.276471
1.384686
0.960739
1.372548
1.032848
1.286428
1.331686
1.305848
1.019928
1.356490
1.275919
1.154511
1.348494
1.348970
1.751570
1.251601
1.561001
1.036756
1.251150
1.005746
1.326429
1.115038
1.147361
1.222919
1.299121
1.103433
1.172884
1.104465
1.298360
1.012149
1.166813
1.334090
1.076952
0.858185
1.216533
1.038384
1.528224
0.986137
1.203232
1.183877
1.014136
1.079300
1.361588
1.632394
1.342604
1.474722
1.365053
0.964229
1.152811
1.046290
1.157504
1.367337
1.170297
1.191439
1.485321
1.265204
1.308610
1.484993
1.262963
1.181168
1.248468
1.436748
1.028810
1.146837
0.967345
1.199566
1.184123
1.010251
1.096642
1.147112
1.114697
1.180919
1.314259
1.165204
1.141315
1.179636
0.897168
1.349105
1.379994
1.425997
1.300475
1.019845
1.131853
1.212652
1.213503
1.070086
1.362320
1.147397
1.210325
1.177123
1.188257
1.079331
1.225911
1.228307
1.288269
0.965380
1.010366
1.049048
1.205907
1.070223
1.120238
1.106758
1.253464
1.204243
1.130126
1.365273
0.985511
1.270136
1.156348
1.393797
1.051007
1.081293
1.247844
1.018067
1.159130
1.386814
1.156798
1.176489
1.236144
1.233620
1.058328
1.030017
1.112780
0.976295
1.041093
1.103279
1.409440
1.265540
1.292353
1.374325
1.342123
1.197606
1.258721
1.211632
1.102520
1.257030
1.264944
1.228217
1.176818
1.249829
1.102842
1.191141
1.134413
1.095241
1.119941
1.404305
1.239634
1.205303
1.536306
1.304872
1.399719
1.137444
1.312075
1.101832
1.380137
1.187628
0.945008
1.312928
1.073393
1.219442
0.755075
1.193534
1.248181
1.187290
0.977135
1.093861
1.129210
1.195328
1.215554
1.239109
0.941703
1.393415
1.196516
1.469922
1.037693
1.061061
1.330188
0.903282
1.296930
1.099715
1.151764
1.299889
1.318921
1.672793
1.197142
1.057736
1.139654
1.231534
1.050108
1.120059
1.147878
1.106348
1.150422
1.028124
1.013269
1.142709
1.199942
0.955087
1.302188
1.329830
1.174218
1.215178
1.217821
1.007864
1.410390
1.294482
1.227792
1.059766
1.005358
1.038304
1.126918
1.053005
1.128921
1.161918
0.932084
1.193596
1.339819
1.068632
1.161677
1.225601
1.279405
1.093584
1.537151
1.552463
1.235508
1.294196
1.464476
1.263288
1.049666
0.973830
1.318107
1.185854
1.170204
1.036951
1.203442
1.162240
1.398720
1.137047
1.080445
1.167155
1.248728
1.099181
1.296389
1.367875
1.313251
1.065634
1.243854
1.172753
1.611364
1.078406
1.145820
1.108369
1.276377
1.047176
1.112812
1.019601
1.126969
1.439238
1.105915
1.277983
1.342608
1.139051
1.356470
0.965940
1.368304
0.974787
1.186709
1.427286
1.021118
1.389143
1.067641
1.034263
1.170054
1.425537
1.114432
0.969654
1.102327
1.162515
1.179817
1.253430
1.119821
1.431700
1.038707
1.441990
1.155520
1.185827
1.172974
1.395963
0.910726
1.300560
1.152345
1.253690
1.169804
1.270468
0.902086
1.249525
1.066601
1.415383
1.078650
1.123273
1.185036
1.409950
1.404905
1.164558
1.266467
1.160267
1.150834
1.484004
1.247388
1.144397
1.195072
1.142738
1.069839
1.099997
1.271458
1.093509
1.254876
1.115642
1.043222
1.069343
1.253904
1.157577
1.184894
1.165983
1.374611
1.497597
1.365459
1.105751
1.342831
1.139507
1.236278
0.990848
1.358974
1.228192
1.339221
1.335739
1.286154
1.248615
1.242410
1.270502
1.471864
1.089826
1.192691
1.286514
1.082277
0.978042
1.178044
1.045563
0.948793
1.031855
1.329749
1.107768
1.058377
1.353131
1.235449
1.019766
1.311157
1.186929
1.051325
1.229171
1.346650
1.195783
1.105495
1.280992
1.013053
1.227529
1.147646
1.208296
1.216882
1.189498
1.263006
1.245507
1.245678
1.153116
1.279040
1.200732
1.291263
1.176852
1.032917
1.207539
1.114894
1.351999
1.150894
1.194188
1.258571
0.850823
1.146939
1.096774
1.271991
1.523999
