2.265559
2.304413
2.286508
2.274471
2.301636
2.291584
2.280192
2.262247
2.252594
2.304378
2.292339
2.289254
2.273414
2.262419
2.249650
2.252555
2.240569
2.209981
2.300777
2.297663
2.288535
2.284576
2.272728
2.260969
2.252501
2.241094
2.244429
2.215674
2.219263
2.305542
2.296022
2.286404
2.280779
2.272309
2.265754
2.248672
2.236737
2.248632
2.220630
2.210542
2.227056
2.205870
2.301425
2.293985
2.279869
2.262803
2.270847
2.264250
2.248320
2.241525
2.241927
2.218713
2.224444
2.207293
2.181983
2.159100
2.207911
2.145408
2.138194
2.302578
2.295437
2.282813
2.270306
2.261787
2.255979
2.242142
2.241596
2.231049
2.209476
2.198881
2.219330
2.221717
2.240857
2.170258
2.189151
2.163891
2.192677
2.140394
2.158311
2.116022
2.153471
2.095771
2.322549
2.305702
2.299665
2.301463
2.291194
2.280303
2.273598
2.277027
2.274088
2.268278
2.243538
2.241845
2.238195
2.210450
2.216092
2.213906
2.198049
2.211437
2.184146
2.186381
2.158142
2.184402
2.156402
2.186726
2.152625
2.312253
2.306637
2.299832
2.284997
2.280452
2.282419
2.267834
2.231230
2.245854
2.249469
2.245465
2.233696
2.209002
2.209940
2.209415
2.180378
2.190641
2.144104
2.205455
2.149109
2.214093
2.226033
2.187127
2.158295
2.240868
2.120402
2.105664
2.291940
2.288710
2.278322
2.278783
2.277041
2.260530
2.257499
2.255008
2.245845
2.247579
2.230109
2.240735
2.217099
2.222077
2.236021
2.208810
2.164491
2.179580
2.181109
2.178273
2.173128
2.146330
2.170498
2.125025
2.119152
2.146043
2.127115
2.153170
2.129709
2.110433
2.105862
2.293391
2.283637
2.279591
2.275874
2.269297
2.248458
2.260383
2.252430
2.241643
2.223046
2.242375
2.209689
2.225862
2.187431
2.197451
2.186020
2.201914
2.188278
2.150806
2.125015
2.102388
2.147042
2.188101
2.114768
2.159824
2.124268
2.108262
2.170582
2.161311
2.138056
2.116629
2.118696
2.092990
2.101612
2.143784
2.319806
2.315038
2.303171
2.297311
2.287873
2.284918
2.272592
2.274210
2.264250
2.256855
2.246574
2.232372
2.224623
2.242776
2.232738
2.201678
2.212705
2.224659
2.186231
2.217938
2.187492
2.191226
2.196380
2.162308
2.145366
2.133819
2.114415
2.125626
2.150434
2.116877
2.151493
2.161009
2.098884
2.107993
2.119122
2.163584
2.075372
2.319614
2.311849
2.302969
2.300668
2.287081
2.280487
2.274665
2.264919
2.257173
2.239436
2.250533
2.206811
2.219270
2.232162
2.230936
2.238376
2.228551
2.234877
2.213322
2.177723
2.221091
2.166065
2.163955
2.166820
2.130899
2.142386
2.223326
2.173941
2.112234
2.153838
2.151634
2.136903
2.183441
2.095106
2.137600
2.171494
2.127555
2.123155
2.130084
2.299052
2.289412
2.284298
2.277541
2.263998
2.263999
2.248836
2.255536
2.239733
2.271560
2.221355
2.211997
2.216699
2.201508
2.185253
2.196156
2.212709
2.227031
2.204219
2.184920
2.202691
2.208116
2.157817
2.152914
2.157791
2.155654
2.124059
2.075202
2.156015
2.156885
2.102159
2.091184
2.122625
2.094136
2.083492
2.102129
2.120387
2.093760
2.147366
2.085598
2.063058
2.098330
2.103502
2.293855
2.278763
2.281226
2.265795
2.251888
2.248759
2.236430
2.236222
2.245410
2.229422
2.196245
2.193693
2.198350
2.205279
2.152460
2.131564
2.139470
2.159084
2.189748
2.135642
2.152949
2.178036
2.142822
2.183835
2.144982
2.135767
2.166260
2.110988
2.149103
2.132582
2.171266
2.133680
2.116434
2.190696
2.171868
2.037755
2.112175
2.099095
2.095108
2.080341
2.040009
2.135162
2.123305
2.015442
2.075083
2.088700
2.104127
2.301709
2.293466
2.294012
2.274454
2.264474
2.261528
2.257301
2.242795
2.265648
2.241373
2.212647
2.218153
2.236118
2.210114
2.194207
2.199056
2.223695
2.223015
2.160367
2.232015
2.159255
2.152884
2.172241
2.137686
2.183508
2.218368
2.192098
2.174712
2.169312
2.094216
2.153216
2.140199
2.114242
2.152207
2.118214
2.113737
2.012285
2.115606
2.119045
2.074559
2.032279
2.031470
2.029741
2.099758
2.156854
2.139578
2.038559
2.063124
1.984835
2.095481
2.028172
2.083088
2.104660
2.326414
2.320508
2.312545
2.305139
2.295841
2.291306
2.278707
2.275866
2.267746
2.264688
2.254018
2.242861
2.236613
2.232523
2.247916
2.227814
2.209874
2.190782
2.161825
2.213658
2.193041
2.213301
2.204341
2.144986
2.243699
2.166664
2.173548
2.212390
2.174424
2.110603
2.143097
2.122743
2.110653
2.170058
2.171987
2.110374
2.087607
2.188090
2.083709
2.074507
2.148865
2.098869
2.053610
2.091206
2.068921
2.149700
2.104370
2.057418
2.156696
2.078888
2.036799
2.116482
2.118553
2.030407
2.050811
2.318543
2.308698
2.303065
2.298082
2.286635
2.274513
2.278733
2.282972
2.258415
2.253457
2.243393
2.250209
2.249629
2.247520
2.233874
2.241614
2.208927
2.208048
2.232064
2.199541
2.193854
2.186355
2.188774
2.178141
2.219056
2.183890
2.138258
2.137395
2.129046
2.141272
2.187057
2.165788
2.173024
2.174612
2.108576
2.135933
2.096328
2.148765
2.147413
2.106866
2.045419
2.109076
2.061869
2.105920
2.109768
2.055780
2.059664
2.056505
2.067288
2.047321
2.056720
2.070856
2.118996
2.207586
2.095163
2.082796
1.989962
2.287169
2.277227
2.287652
2.270498
2.254788
2.261129
2.254946
2.255599
2.256360
2.254241
2.197999
2.232548
2.219847
2.210602
2.236684
2.191066
2.204906
2.174555
2.218743
2.185952
2.166204
2.160329
2.182520
2.160569
2.167663
2.143557
2.160210
2.125372
2.122737
2.156414
2.134350
2.096703
2.094096
2.185067
2.096151
2.076198
2.096084
2.062359
2.103802
2.124846
2.070359
1.999370
2.110947
2.032263
2.103859
2.120060
2.118473
2.159876
1.966716
2.106532
1.983729
2.106368
2.023544
2.043251
2.083367
2.048203
2.032071
1.994914
2.004129
2.047367
2.062764
2.345484
2.328432
2.330934
2.314611
2.305649
2.298289
2.288504
2.283758
2.282999
2.266888
2.284603
2.261326
2.256809
2.248923
2.231387
2.230691
2.214134
2.204214
2.214685
2.218221
2.201297
2.219336
2.198676
2.198518
2.199744
2.206027
2.187916
2.155174
2.174057
2.184488
2.160020
2.211291
2.172966
2.122386
2.146493
2.187794
2.139223
2.105255
2.186831
2.205944
2.093372
2.157338
2.060836
2.064741
2.137063
2.059797
2.053559
2.069174
2.074724
2.133035
2.069176
2.066775
2.069641
2.043461
2.019544
2.129495
1.959648
2.020724
2.062574
2.100536
2.129483
2.011351
1.982222
2.315405
2.309970
2.315423
2.304277
2.297762
2.291524
2.283800
2.281138
2.261434
2.257412
2.259164
2.264780
2.253910
2.256991
2.220095
2.216597
2.219469
2.211497
2.214869
2.197120
2.207507
2.192014
2.218688
2.212169
2.173942
2.192317
2.162036
2.156107
2.170831
2.162436
2.151874
2.098896
2.161218
2.142340
2.174837
2.105971
2.128052
2.159543
2.085593
2.144678
2.123024
2.141610
2.101888
2.041367
2.104129
2.068426
2.056905
2.047866
2.116765
2.157905
2.078240
2.105204
2.070251
2.098559
2.098346
2.107375
2.104911
2.022839
2.017745
1.985107
2.009343
2.105034
1.972370
2.007537
2.065914
2.317589
2.316240
2.307982
2.300584
2.295424
2.290628
2.278616
2.277829
2.271136
2.250240
2.236432
2.250622
2.241726
2.265465
2.205477
2.204254
2.204166
2.236270
2.208964
2.229784
2.207863
2.213607
2.188935
2.183799
2.142450
2.177364
2.191600
2.151713
2.178457
2.154169
2.156012
2.179353
2.153100
2.134260
2.103238
2.156590
2.163444
2.183604
2.139696
2.177769
2.133863
2.130946
2.134507
2.060886
2.073928
2.132391
2.124567
2.133043
2.073570
2.124693
2.034697
2.115692
2.062050
2.036904
2.019683
2.112003
2.059828
2.027619
2.111426
1.958929
2.036614
2.095644
2.013129
1.905212
2.126238
2.035660
1.941837
2.295575
2.291356
2.281366
2.274002
2.262423
2.266391
2.248325
2.253268
2.250892
2.248823
2.241048
2.212872
2.226430
2.187532
2.182433
2.216936
2.213730
2.181780
2.168343
2.208201
2.174229
2.174456
2.203258
2.177177
2.167062
2.115835
2.206637
2.173040
2.128215
2.097568
2.126643
2.194842
2.189795
2.117134
2.095033
2.146688
2.140360
2.102733
2.117932
2.103969
2.106741
2.027136
2.133228
2.142213
2.137486
2.064832
2.031866
2.054935
2.135382
2.083709
2.073915
2.066566
2.015562
2.080621
2.100752
2.069373
2.122071
2.017673
2.138555
2.014878
2.093407
2.024377
1.999791
1.999014
2.086025
2.054413
2.008108
1.932005
2.043623
2.054292
2.071077
2.019255
1.974919
2.034403
2.043943
2.036636
2.009635
2.330410
2.310082
2.305920
2.296507
2.297326
2.291452
2.289402
2.273245
2.280570
2.265185
2.258854
2.253844
2.251310
2.249098
2.247900
2.250840
2.225044
2.220531
2.225444
2.239654
2.201713
2.180572
2.209179
2.167596
2.197012
2.158576
2.136708
2.173162
2.133937
2.160871
2.156074
2.096329
2.205741
2.124198
2.117925
2.175027
2.202192
2.177915
2.149079
2.099540
2.071062
2.107528
2.119936
2.120122
2.096662
2.132335
2.059682
2.022963
2.050440
2.093142
2.006850
2.084515
2.137733
2.050418
2.112908
2.044925
2.082385
1.943040
2.022639
2.170876
2.044644
2.063605
1.964104
2.013162
1.940877
2.050359
2.036655
1.953717
1.980300
2.022696
2.057357
2.017469
2.060555
2.016950
1.978022
1.909239
2.036349
2.019903
2.045629
2.278952
2.275484
2.263946
2.272437
2.268330
2.248487
2.264609
2.259445
2.220159
2.247330
2.211671
2.265222
2.224127
2.225536
2.218986
2.230231
2.196644
2.177547
2.233596
2.188981
2.148585
2.156224
2.177761
2.160187
2.161807
2.136900
2.119586
2.160730
2.170304
2.140559
2.174292
2.179446
2.118963
2.115119
2.129307
2.136007
2.154464
2.151389
2.085568
2.105349
2.109123
2.106906
2.137656
2.085514
2.089163
2.102101
2.046306
2.041457
2.077705
2.143285
2.127676
2.077568
2.114679
2.010200
2.102764
2.087470
2.083428
2.057255
2.061104
2.092905
2.057202
2.117779
2.059746
2.059377
2.081654
2.037500
1.949808
1.947454
1.949811
2.010445
1.966363
1.990886
2.004323
1.955425
2.060129
2.043514
1.939408
2.000513
1.965561
2.013990
2.006747
1.976908
2.027810
2.015465
2.070172
2.324708
2.336560
2.313448
2.294601
2.300539
2.311308
2.288732
2.298294
2.278439
2.285348
2.267416
2.271984
2.250647
2.252515
2.262821
2.239934
2.253510
2.234636
2.226774
2.207118
2.209258
2.219858
2.197768
2.174667
2.191771
2.199763
2.191997
2.159756
2.142910
2.176709
2.145758
2.188386
2.175459
2.109393
2.146425
2.158226
2.173442
2.151157
2.157703
2.077763
2.130292
2.100756
2.110038
2.136523
2.111168
2.027761
2.155984
2.148407
2.130567
2.099164
2.054999
2.134257
2.032069
2.094147
2.072681
1.979534
2.083342
2.093909
2.065157
2.075284
2.070723
2.105373
2.015382
2.068564
2.119102
1.993675
2.088631
1.952578
2.047131
2.059185
2.060722
2.057706
1.959011
2.007667
2.110847
2.004601
2.017131
1.968570
1.978254
1.962869
1.961000
2.031094
2.033594
2.011425
2.025567
1.946343
2.084444
2.317772
2.309720
2.311026
2.301471
2.297580
2.286318
2.287791
2.272892
2.272448
2.254541
2.257199
2.277387
2.232361
2.233855
2.228289
2.219477
2.222000
2.235023
2.196141
2.192070
2.209633
2.189161
2.207033
2.217608
2.170087
2.145689
2.160914
2.174305
2.153298
2.194520
2.182725
2.099020
2.172705
2.166780
2.130253
2.085994
2.134231
2.149794
2.105752
2.084966
2.107186
2.125133
2.172952
2.141045
2.074882
2.171862
2.083710
2.072733
2.157419
2.135011
2.091529
2.097700
2.106152
2.079772
2.085851
2.092234
2.082914
2.105549
2.032120
2.117499
1.996660
2.074004
2.056025
2.057506
1.993360
1.984913
2.004419
2.053060
2.009744
2.034629
2.058904
2.080043
2.204938
2.022676
2.030525
1.983208
2.008916
1.980469
2.073171
1.989349
2.079568
2.125148
2.031856
2.013366
1.968351
1.972167
1.957816
2.114587
1.958881
2.290747
2.286201
2.276104
2.271854
2.260666
2.266456
2.247702
2.269046
2.244048
2.241564
2.212117
2.205370
2.249723
2.212873
2.207493
2.180722
2.198816
2.219811
2.199074
2.216574
2.222394
2.168945
2.206314
2.161268
2.151114
2.182372
2.134145
2.171574
2.190910
2.173002
2.159634
2.136056
2.089149
2.122687
2.202070
2.137733
2.097455
2.082953
2.149305
2.065009
2.182620
2.082662
2.047045
2.141543
2.162536
2.056495
2.135871
2.120303
2.019979
2.142967
2.102745
2.141178
2.081455
2.097511
2.005185
2.050680
2.068078
2.019384
2.092824
1.999930
2.062122
2.116669
1.961685
2.066234
1.963288
2.088209
2.078035
2.024704
2.056953
1.938341
2.030190
1.894662
2.051285
1.928051
2.082989
2.042149
2.021226
2.049083
2.008903
1.930823
2.044005
1.997386
1.954123
1.947611
2.048272
2.012123
1.981484
1.989954
1.866728
2.067625
1.845779
2.007338
1.882031
2.331016
2.334583
2.321162
2.309095
2.324114
2.308202
2.291704
2.292664
2.298758
2.285742
2.277405
2.263445
2.254173
2.255438
2.243950
2.256278
2.215517
2.258614
2.224600
2.223194
2.201153
2.222008
2.210902
2.214945
2.195373
2.185814
2.206368
2.164572
2.200173
2.156768
2.201434
2.173186
2.216946
2.154620
2.181189
2.150754
2.140172
2.155778
2.114294
2.148914
2.137547
2.058669
2.177155
2.175952
2.137725
2.118107
2.179259
2.130008
2.079885
2.057167
2.151452
2.115804
2.057710
2.067117
2.146387
1.966012
2.038543
2.024418
2.070540
2.032579
2.056136
2.086461
2.118166
2.105143
2.053512
2.083768
2.089587
2.016600
1.972772
2.129197
2.101828
1.948810
2.155489
2.043005
2.081354
2.043242
2.008149
2.033180
2.086054
2.066250
2.141373
2.062087
2.020178
2.038225
1.961901
1.981911
2.077462
2.001792
1.998035
2.123454
2.033664
2.006030
1.932122
1.866683
2.030343
2.325243
2.305927
2.334085
2.302421
2.303587
2.289031
2.286217
2.289764
2.279092
2.267495
2.250422
2.245239
2.226811
2.258890
2.232658
2.243956
2.229021
2.192152
2.208543
2.202820
2.207578
2.214244
2.179271
2.175532
2.194223
2.183391
2.193496
2.202458
2.168562
2.171045
2.163196
2.200311
2.177978
2.176123
2.102964
2.144225
2.122278
2.138350
2.051936
2.175085
2.164127
2.144652
2.063151
2.151593
2.120240
2.059750
2.035264
2.156107
2.015415
2.040343
2.071932
2.028327
2.104998
2.153345
1.992602
2.086107
2.058992
2.024869
2.039185
2.023221
2.029570
2.020865
2.007019
1.993875
2.119400
1.999033
1.998290
2.102770
1.951742
2.091630
2.023680
1.958745
1.970571
1.950417
2.083762
2.069329
2.096705
1.893226
2.062717
1.947939
2.058139
2.056434
1.955483
2.022251
2.064963
1.986550
2.064359
1.930820
1.842946
1.968012
2.019158
1.803451
1.894134
2.065765
1.881078
1.859842
2.004315
2.283137
2.294613
2.263107
2.255363
2.240149
2.266283
2.268371
2.248947
2.276175
2.244087
2.237452
2.251537
2.233348
2.241128
2.200589
2.201823
2.227213
2.212340
2.183250
2.234391
2.205405
2.213194
2.182378
2.193084
2.198204
2.154953
2.162762
2.217328
2.191633
2.159897
2.174356
2.107869
2.133057
2.155406
2.133052
2.075959
2.111860
2.099681
2.144515
2.128805
2.108416
2.055842
2.140795
2.098118
2.047766
2.048308
2.108165
2.099526
2.091927
2.119216
2.070562
2.126364
2.077501
2.031688
2.131109
2.082273
2.035805
2.053195
2.043342
2.144041
2.025738
2.042335
2.011013
2.075215
2.025258
2.039881
2.064084
2.123784
1.971195
2.056757
2.014419
2.113679
2.089638
2.011117
1.976942
1.922839
1.953392
2.027122
2.005941
1.936392
2.026014
1.988228
2.099684
2.062706
1.966105
2.002180
2.009342
1.928592
1.932659
1.921002
1.950376
1.893969
2.009046
1.991431
1.706843
1.927833
2.024094
2.023896
1.959215
2.049592
1.948507
2.281593
2.286156
2.280915
2.257055
2.260795
2.255304
2.252018
2.237823
2.251626
2.218660
2.243513
2.257933
2.238060
2.199704
2.208798
2.186821
2.182532
2.212782
2.210865
2.203258
2.192662
2.180024
2.200820
2.213885
2.203576
2.165646
2.164670
2.154657
2.170382
2.140003
2.162589
2.121670
2.122010
2.180656
2.153372
2.143749
2.120457
2.067213
2.079560
2.106672
2.109211
2.069853
2.140014
2.124444
2.111672
2.134816
2.089844
2.094519
1.973045
2.064569
2.065682
2.047447
2.029265
2.075207
2.090168
2.155391
2.125095
1.967769
1.971576
2.018328
2.100769
2.052211
2.089542
2.002825
2.019933
1.928680
2.042488
2.081893
2.064098
2.082451
2.050048
2.068130
2.076353
2.056436
2.084872
1.969831
2.003884
1.884543
1.824066
2.056581
1.972141
2.014892
2.122787
1.963815
2.001133
1.972297
1.924945
1.987965
1.979052
1.975212
2.138854
1.943416
1.979676
1.859048
1.929251
2.026291
2.042974
1.942542
1.958447
1.992293
1.927200
1.937512
2.058911
1.993101
1.994916
1.937298
1.862469
1.851631
2.013275
2.301577
2.290613
2.291471
2.274802
2.280419
2.268766
2.272789
2.259770
2.257477
2.253962
2.256222
2.229024
2.242861
2.234577
2.228284
2.251925
2.196712
2.216483
2.230669
2.203648
2.191057
2.209432
2.186553
2.196407
2.210378
2.207062
2.175269
2.166388
2.167492
2.146410
2.086900
2.162538
2.123009
2.148153
2.196888
2.122335
2.177772
2.167723
2.091325
2.122842
2.052204
2.070631
2.148272
2.062267
2.143406
2.082779
2.107056
2.162379
2.048673
2.139804
2.056621
2.075081
2.050889
2.106743
2.049525
2.100680
2.069647
2.012139
1.984045
1.997527
2.052251
2.071557
2.023340
2.103248
2.063864
2.053802
2.070447
2.067388
2.042112
2.045088
2.084819
2.083612
2.011114
2.040335
2.079060
2.084323
2.038487
1.988484
1.970888
2.081266
2.014323
2.066359
1.976089
1.949398
1.943609
2.038932
1.871787
1.976077
2.039687
2.048867
1.947104
1.984593
1.959471
1.990466
1.953907
2.006745
1.976431
2.038629
1.959522
1.860194
1.889454
1.947374
1.869708
1.992438
1.905746
1.995111
1.887712
1.926156
1.981114
2.031614
1.944080
1.889029
1.919037
2.113688
2.011131
2.311957
2.296376
2.300934
2.287288
2.284511
2.277915
2.279587
2.273144
2.261317
2.251514
2.265924
2.252835
2.230633
2.236845
2.241012
2.238031
2.215476
2.193840
2.196062
2.190133
2.188624
2.216267
2.206518
2.207745
2.157306
2.199746
2.224040
2.144598
2.149235
2.232814
2.145700
2.183517
2.162081
2.120136
2.135927
2.075674
2.124557
2.105163
2.155107
2.097986
2.151917
2.150883
2.115637
2.104699
2.107305
2.091022
2.059136
2.166678
2.123738
2.104524
2.067109
2.057402
2.157254
2.020378
2.135064
2.163291
2.058306
2.100817
2.071271
2.050874
2.055121
2.072007
2.115007
2.068383
2.119726
2.034214
2.042086
2.097307
2.070189
2.030290
2.199549
1.994805
2.151155
2.042600
1.966402
1.963144
1.931203
2.055670
1.988705
2.031135
2.076784
2.010091
2.023403
2.015582
2.015683
2.039420
1.891331
1.970971
1.964759
1.915293
2.043001
2.021275
1.857428
2.021603
1.903300
1.948909
2.035005
1.954645
1.923213
2.079433
1.987458
1.971736
2.027385
2.129568
2.037864
2.004200
1.897758
1.915241
1.999114
1.955063
1.988979
1.923486
2.021559
2.019561
1.815550
1.962166
1.918368
1.953275
1.955941
1.934187
1.879659
1.994917
1.926304
2.278123
2.267602
2.257887
2.263419
2.242830
2.234670
2.222654
2.215838
2.243547
2.216476
2.214088
2.229450
2.192116
2.197038
2.191216
2.175276
2.208611
2.165757
2.170755
2.190553
2.170728
2.172101
2.179092
2.203706
2.132280
2.150800
2.138110
2.177330
2.146669
2.135036
2.116811
2.146416
2.055430
2.155860
2.197701
2.152610
2.050707
2.147461
2.165039
2.031273
2.142783
2.146781
2.233605
2.070778
2.041165
2.044493
2.150670
2.158715
2.093124
2.162397
2.077742
2.098997
2.085913
2.061205
2.110419
2.086337
2.062119
2.068931
2.048929
2.057435
2.000818
2.178507
2.032373
2.083173
2.083346
2.051357
1.977494
2.005121
2.006079
1.989302
2.118262
1.971879
1.971550
1.992106
1.984318
2.097301
2.147926
1.983629
2.027075
2.120152
2.083927
1.948952
2.023769
2.024666
1.945926
2.027294
1.910659
1.987278
2.086040
1.869268
1.888193
2.071081
1.883407
2.004805
1.952934
1.946333
2.089870
2.100815
1.949343
1.978723
2.059462
1.976958
1.955487
1.978371
1.899893
2.098352
1.970472
1.998992
1.987224
1.926039
1.920710
1.868770
1.965360
1.880502
1.871028
2.019724
1.958894
2.017783
2.102819
1.876068
2.043419
2.009669
1.943312
2.014423
1.887014
1.866990
1.803424
2.276890
2.283478
2.274840
2.258571
2.271081
2.269067
2.262830
2.264718
2.223611
2.243904
2.231503
2.200650
2.194559
2.234010
2.212401
2.221586
2.214149
2.180519
2.196187
2.174381
2.190973
2.188543
2.167482
2.160528
2.139460
2.150457
2.139868
2.162247
2.161541
2.175435
2.137634
2.129885
2.099917
2.175220
2.074570
2.107949
2.092370
2.137686
2.095454
2.141370
2.078764
2.131202
2.063415
2.073855
2.083447
2.094088
2.065992
2.072144
2.079140
2.097983
2.094115
2.090902
2.076775
2.090167
1.979356
2.012340
2.095161
2.047823
1.961761
2.026648
2.025724
2.016292
2.022065
2.070409
2.049002
1.979409
2.165111
1.978797
2.031957
1.977689
2.066218
2.039944
2.008051
2.057967
2.095795
1.914256
1.960104
1.980332
2.049938
2.088728
1.993871
2.052090
2.059165
2.097438
1.956800
2.038306
2.109814
1.816402
2.003359
2.056298
1.963688
2.036716
1.973978
2.054774
1.880008
2.046606
1.981934
1.960041
1.871072
1.998873
2.007695
1.854368
1.843580
2.002961
1.998653
1.928940
2.016989
1.927644
1.931913
1.971274
1.936341
2.056715
2.041049
1.880613
1.959679
1.977506
1.973591
1.958436
1.817920
2.074592
1.895114
1.964106
1.873768
1.983617
1.919151
1.979535
2.003542
1.927040
2.072461
2.052424
1.937430
2.286399
2.283525
2.268660
2.258117
2.270413
2.261268
2.260945
2.238802
2.241376
2.229284
2.225885
2.211525
2.216147
2.201228
2.223556
2.215407
2.218756
2.175308
2.234291
2.214651
2.195487
2.160091
2.155115
2.177570
2.151876
2.138949
2.154587
2.101516
2.203192
2.119140
2.168947
2.200582
2.092391
2.135516
2.134590
2.125961
2.130964
2.075342
2.162633
2.077808
2.128702
2.163650
2.120100
2.107524
2.156494
2.074852
2.033755
2.123941
2.005715
2.064736
2.019373
2.008543
2.047876
2.033316
2.091811
2.018119
2.022915
2.060162
2.078163
2.116313
2.044527
2.027472
2.051159
1.941367
2.078351
2.006668
1.995358
1.986198
2.020621
2.074208
2.071128
2.052358
1.969224
2.150469
2.070995
2.047120
2.053424
2.018698
1.960269
2.029084
1.947553
2.015371
2.048150
1.929278
1.856191
1.956408
2.029861
1.951626
2.050265
2.008483
2.069122
1.981815
1.986042
1.942300
1.984515
1.906659
1.969608
1.975115
1.950353
1.968182
2.126764
2.030071
2.008415
1.869147
2.053163
1.896821
1.931722
1.913183
1.885832
1.952827
1.938028
2.067883
1.986289
1.904338
1.910039
1.898188
1.982094
1.996316
2.039351
2.005690
1.719971
1.847123
2.045117
1.965416
1.937779
1.883402
2.015713
1.917392
1.978041
1.982686
1.876103
2.010930
2.131803
1.959456
1.935912
2.335962
2.327206
2.319771
2.319152
2.315331
2.295557
2.293091
2.297574
2.288244
2.282141
2.292829
2.279492
2.268087
2.261552
2.261969
2.242411
2.248720
2.254970
2.248720
2.228446
2.235579
2.226752
2.222270
2.239366
2.182554
2.206724
2.179693
2.173683
2.180240
2.178355
2.192954
2.136003
2.158945
2.193842
2.166908
2.148014
2.157949
2.190956
2.190316
2.111163
2.163601
2.138282
2.134013
2.158834
2.202176
2.061689
2.128940
2.177249
2.072557
2.105540
2.086131
2.072374
2.104176
2.143905
2.088869
2.063670
2.073877
2.048732
2.150958
2.105947
2.118290
2.112557
2.045223
2.065876
1.982563
2.075444
2.042663
2.078778
2.034526
2.046166
2.063404
2.098838
1.989053
2.106853
2.024920
2.151024
2.044136
1.997988
1.991942
2.048851
2.016844
2.043138
2.097371
1.912213
1.990604
1.987863
2.102871
1.977321
2.061653
2.000691
2.045886
2.066146
2.047631
2.013639
2.014766
2.049163
1.874076
2.038625
1.906405
2.028067
1.959100
2.132197
1.956817
2.009284
1.887148
1.944731
1.969464
2.044794
2.012981
1.930507
1.969159
2.029229
1.998576
2.037127
2.000574
2.001836
1.948587
1.977849
2.027467
1.979254
2.034831
1.861753
1.955594
1.913800
1.867794
1.991364
2.044874
1.956957
1.980036
2.010109
1.867174
1.907842
2.012587
1.872198
1.938428
2.028625
1.993553
2.342227
2.344559
2.330609
2.328541
2.317458
2.314499
2.301670
2.309808
2.296352
2.289778
2.289788
2.289666
2.264086
2.273910
2.256204
2.266390
2.238313
2.263728
2.243202
2.215420
2.228806
2.248518
2.246007
2.211421
2.187619
2.210072
2.207901
2.201948
2.168926
2.170996
2.216141
2.171458
2.175518
2.184616
2.161211
2.163456
2.172053
2.143454
2.146228
2.124511
2.162313
2.129736
2.159938
2.183166
2.100373
2.122407
2.136153
2.173448
2.128312
2.064770
2.089156
2.095238
2.104941
2.021311
2.121298
2.055726
2.071666
1.971309
2.126917
2.153251
2.088496
2.038435
2.038095
2.012106
2.166261
2.055682
2.057061
2.115504
2.014437
1.955131
2.032940
1.948147
1.947756
2.073693
2.025742
2.008568
2.085215
1.970931
2.148040
2.032955
2.017775
2.081853
2.029289
1.994319
2.115055
1.937920
2.039181
2.096761
2.093848
1.936482
2.083729
1.927568
1.992203
1.892585
2.004453
1.964720
1.955312
2.036877
2.028997
2.058228
1.886934
1.995218
1.967859
2.016678
1.994669
2.004269
1.917027
1.984074
1.886959
2.024199
2.113657
2.003302
2.009942
1.960784
1.933718
2.083480
1.935657
1.930978
1.872388
2.045851
2.064316
1.872946
1.977528
2.070749
1.945417
2.011614
1.915809
1.994145
2.017431
1.907377
1.942909
1.992449
2.058675
1.960136
1.998023
1.846844
2.041162
2.035002
2.060943
2.346940
2.334862
2.324253
2.323699
2.325953
2.311861
2.308490
2.304790
2.294867
2.291922
2.292112
2.278004
2.277164
2.262950
2.269453
2.265806
2.251278
2.255776
2.239355
2.243690
2.219940
2.238652
2.229004
2.224450
2.213054
2.223238
2.204307
2.195964
2.218766
2.156624
2.162950
2.140380
2.171807
2.267804
2.146538
2.180032
2.196387
2.152583
2.136223
2.134967
2.119250
2.113136
2.169810
2.125512
2.099796
2.134036
2.116559
2.156590
2.134735
2.064820
2.152488
2.062974
2.097066
2.088201
2.104773
2.053643
2.068678
2.067079
2.082044
2.128987
2.154632
2.189138
2.119668
2.111313
2.120606
2.081956
2.050742
2.040925
2.074081
2.004431
2.043374
1.994497
1.971151
2.091197
2.038481
2.146645
2.003148
2.022238
1.995391
1.943588
2.105153
2.016434
2.022592
2.023098
2.083417
2.148457
2.044338
1.962223
1.998244
1.999295
2.055481
2.009982
1.944600
2.032926
2.071632
1.984958
2.007097
1.993589
1.926957
1.968006
