2.297696
2.281534
2.233461
2.264658
2.266929
2.266649
2.260378
2.284610
2.291110
2.277968
2.257663
2.264616
2.252285
2.248081
2.266407
2.257384
2.237452
2.236332
2.241037
2.235542
2.261838
2.239830
2.229445
2.229454
2.217344
2.195203
2.200594
2.185731
2.241873
2.138253
2.158912
2.184738
2.200670
2.180870
2.166390
2.145935
2.140122
2.142467
2.151240
2.176985
2.212333
2.164255
2.111086
2.131407
2.211694
2.120301
2.189836
2.131417
2.086251
2.068865
2.160381
2.100901
2.170560
2.089886
2.218745
2.182461
2.146560
2.066854
2.050153
2.155452
2.091188
2.096968
2.157372
2.290535
2.102078
2.028493
2.082649
2.021079
2.116944
2.097722
2.026686
2.160512
2.215644
2.097121
1.941753
1.853884
1.990458
2.218857
2.115792
2.009360
2.201889
1.870966
1.886970
2.077165
2.031724
1.867565
1.717450
1.968639
1.962129
1.902268
1.891227
2.004986
1.914564
1.980273
1.804809
2.015594
1.990876
2.147889
2.227806
2.148226
2.272987
2.165297
2.007201
2.047040
1.697202
2.105514
2.182353
2.026955
1.995994
2.015319
1.810624
1.916362
1.903064
1.948119
2.053119
1.899194
1.928085
1.792248
2.160707
2.177057
2.258568
2.013236
1.943561
2.085488
2.167525
2.189770
2.192327
2.360521
2.133162
2.036968
2.054173
2.073886
1.754350
1.825850
1.988203
1.726064
1.859119
2.206088
1.761091
1.749807
1.894598
1.985744
1.905770
1.936371
2.015330
1.952519
1.923132
1.956871
2.053105
1.997785
2.029606
1.851915
2.031676
2.072283
2.153543
1.880644
2.090144
2.129532
1.694740
1.858959
1.976930
1.898002
2.131688
2.042006
2.099263
2.003901
1.970331
1.953386
1.909184
2.102091
2.221628
2.121305
2.044026
2.182369
1.920058
2.113402
1.915501
2.065104
2.211645
1.959114
1.874204
2.102432
1.747556
1.886771
2.145350
1.908145
2.013603
2.164639
2.152736
2.191878
1.830330
1.871388
2.171164
2.038767
1.773503
2.088568
2.144793
1.811448
2.310465
1.917474
2.128205
2.189484
1.811543
2.341057
2.139268
2.068211
1.844417
1.910801
2.225437
1.917094
1.915198
1.953879
1.912508
2.049621
2.321564
2.548778
2.063672
2.144606
1.560290
2.385805
1.875455
1.683617
1.960191
1.998349
1.597818
2.248450
2.109571
1.972058
2.163350
1.957409
1.890125
1.973303
1.753582
1.858704
2.080604
2.017199
1.704758
1.859355
2.245457
1.967724
1.851352
1.916125
1.783143
2.074357
2.099920
2.212797
1.911972
3.789302
2.212460
1.727753
1.825449
1.983331
1.976059
1.975605
2.053225
1.858109
1.866852
2.020918
1.801237
1.880576
2.047419
1.804956
1.940652
1.904896
2.196035
2.136426
2.063607
1.823645
1.814085
1.785935
2.017020
1.938044
2.006826
1.919288
2.255253
1.870606
2.071349
2.101877
1.820847
1.942399
2.039545
1.831651
1.857954
2.012863
1.855091
1.986006
2.139782
2.124685
1.817099
2.063962
1.919501
1.793967
1.931594
1.879372
1.970291
1.915808
2.586404
1.969611
2.131680
1.799021
2.162447
2.108503
1.978351
2.014452
1.821470
2.242715
1.986811
1.743830
2.255940
2.168292
1.916166
2.133994
2.072751
2.294288
1.845215
1.909546
2.140218
1.973930
1.697898
1.952627
1.892874
2.014324
1.853614
1.809933
1.818854
1.691116
2.000202
1.883657
2.001999
1.879389
1.932149
2.067913
1.890942
1.817498
2.021735
2.150325
2.112526
1.982133
1.957713
2.003145
2.145061
1.922648
2.324049
1.922409
1.907817
2.123175
1.843369
1.934819
1.821813
1.902646
1.848796
1.804345
1.942214
2.200576
1.887062
1.894577
2.075467
1.991044
1.959556
2.068503
1.977809
1.966749
2.180961
1.577706
2.171101
2.024609
2.122008
2.029574
1.944947
1.822729
2.204099
1.650418
1.910721
2.013023
1.962692
2.047599
1.952586
1.774701
2.082179
2.054935
2.060434
1.965846
1.862607
1.843584
2.087519
1.918005
1.756124
1.873854
1.931012
2.066256
1.681882
2.125026
2.269112
1.721659
1.808185
1.879859
1.673475
2.243806
2.083193
1.796687
1.888111
1.807217
2.203750
1.723990
1.721362
2.291981
2.201855
2.038371
1.985172
1.917813
1.728426
2.020052
1.850124
1.732338
1.848691
1.867882
1.972350
1.865448
2.076212
2.214550
1.979203
1.934501
2.158628
1.988756
1.998203
1.813178
2.085553
1.999123
1.915416
1.678026
1.921928
2.028251
1.872517
2.013121
1.925390
1.961359
1.945671
1.791512
1.819828
2.272286
1.570928
1.946299
2.134252
2.181864
1.803784
2.077367
1.898622
1.710590
1.955571
1.918049
1.872827
1.758659
2.147619
1.722305
1.948037
2.174928
2.009181
1.916185
2.105591
2.104917
2.045899
1.948240
1.976893
1.842373
2.174658
1.834652
1.928913
1.705065
1.722895
1.920533
1.734423
2.262680
1.867044
2.195730
1.819472
2.149065
1.782183
1.981122
2.072933
1.859307
1.850444
1.798936
1.800550
1.540695
1.895398
1.834675
1.884694
1.549213
1.720405
2.109327
1.973053
1.939933
1.778333
1.842039
2.004332
1.446876
2.238018
1.937476
1.902882
1.694970
1.895978
1.743335
1.990494
1.870838
1.809637
2.065425
1.924816
2.022402
2.165180
1.915799
1.970972
1.897544
1.876222
1.991087
1.875231
1.875172
1.878719
1.778787
1.812174
1.829081
2.263197
1.829098
1.996474
1.491429
1.967967
1.693092
1.868398
1.857923
1.852885
1.804327
1.960181
1.655425
1.650686
1.881487
1.719028
1.745680
2.043299
1.665319
1.912974
1.975120
1.899018
1.795866
1.972540
1.828215
1.871603
1.889220
1.872261
1.784893
1.620927
2.130912
2.004616
2.161528
1.735610
1.927566
1.781241
1.833040
1.736503
1.845328
1.725513
1.623586
1.997747
1.950294
1.782358
2.144569
2.020829
1.809613
1.837759
1.932043
1.786010
1.928560
1.950112
1.862705
2.151705
2.034296
2.145800
1.777731
2.130362
1.784156
2.223887
1.930372
1.815608
1.916423
1.931143
1.928718
2.115419
1.761946
1.948268
2.021506
1.844819
2.133168
1.882940
1.622249
1.806531
1.708626
1.768935
1.609486
1.877746
1.765790
1.714316
1.628129
1.574008
1.951065
1.447263
1.804272
1.935407
1.753637
1.763884
1.875339
2.307350
2.331620
2.128135
1.836813
1.868523
1.912410
2.225483
2.040181
2.084271
1.842028
2.025929
1.770716
1.862880
2.018777
1.973695
1.775345
1.937987
2.054295
1.817372
1.846300
1.793463
1.681971
1.687910
1.837577
1.902334
1.827005
1.701915
1.954713
1.756404
1.838796
1.763058
1.947449
1.689560
1.890960
1.701391
1.814790
2.055743
2.265069
1.638104
1.719282
1.635384
1.859181
1.711453
1.815961
1.907553
1.635242
2.058028
2.264042
2.479949
1.880285
2.187499
1.736415
1.643202
1.777686
1.735712
1.729815
2.040899
1.921512
1.733976
1.909430
1.872520
2.075546
1.895719
1.703564
1.933662
1.852776
1.699114
2.026181
1.815490
1.942723
1.912958
1.848568
1.766784
1.836869
1.828049
1.912944
1.645368
1.872780
2.046285
2.254501
1.913591
1.733638
2.166831
1.881077
1.648865
1.778995
1.897234
1.718609
1.988959
1.689854
1.816425
2.066304
2.158455
1.734510
1.872317
1.851595
1.822714
1.809738
1.956962
1.538469
1.705320
1.925725
1.764232
2.045313
2.264474
1.780670
1.661178
1.751279
2.123612
1.888896
1.939523
2.047068
1.644855
1.773786
1.684596
1.965209
1.607116
1.991254
1.769755
1.578661
1.805184
1.794877
1.680276
1.704891
1.709226
1.867398
1.703649
1.403370
1.735304
2.204042
1.459797
2.078683
1.993716
1.810246
1.736758
1.711627
1.690200
1.837055
1.941344
1.677767
1.890875
1.954939
2.051292
1.541639
1.764832
1.834161
1.512510
1.815063
1.771385
2.027501
1.657089
1.774380
1.990361
2.083017
1.819935
1.630441
1.681402
1.625178
1.625491
1.927640
1.648926
1.823671
2.304043
1.681896
1.909076
1.912732
1.906596
1.744009
1.764553
1.676758
1.968709
1.661834
1.770377
1.750340
2.020543
2.001572
1.687077
1.725389
1.832467
1.843752
1.976761
1.794079
1.949854
1.716708
1.725600
1.747370
1.950325
1.709495
1.732600
1.733212
1.660526
1.672849
2.024251
1.499844
1.837764
1.643609
1.927315
1.640254
1.889506
2.001566
1.843915
1.835487
2.182537
2.098781
1.944549
1.475786
1.815342
1.741283
1.878865
1.828046
2.655784
1.650141
1.903868
1.737338
1.904169
2.035175
1.957031
1.588340
1.909941
1.786452
2.442289
1.967257
1.696596
1.769506
1.649048
1.659128
1.808190
1.641647
1.914207
1.747857
1.813207
1.879357
1.771435
1.806317
1.630978
1.894521
1.532933
2.019608
1.787763
1.968565
1.693870
1.846320
1.934898
1.537703
1.992922
1.594193
1.708956
1.972206
1.519618
1.802666
1.897607
1.677053
1.708105
1.758114
1.805741
1.834996
1.678971
2.041856
1.777674
1.455841
1.665111
1.771848
1.515519
1.852288
1.568986
1.652401
1.795085
1.839489
1.453847
2.032936
1.626863
1.756790
1.672670
2.260118
2.080648
1.688977
1.849197
1.775554
1.387355
1.954522
1.828223
1.829309
1.628928
1.868516
1.653544
1.975879
1.739880
1.842352
2.217530
1.667812
1.800263
1.681988
1.764757
1.676288
2.067048
1.874530
1.679701
1.712662
1.836405
1.899339
1.716988
1.711573
1.639183
1.899279
1.595002
1.472840
1.762794
1.539003
1.830777
2.015287
1.744747
1.828497
1.711455
1.686714
1.793764
1.576239
1.888978
1.668480
1.605325
1.782306
1.651417
1.679122
1.979128
1.704266
1.796094
1.802274
1.741941
1.677599
1.544603
1.908736
1.865988
1.751859
1.882791
1.501741
1.974799
2.115621
1.678867
1.987964
1.627465
1.834144
1.702673
1.775931
1.712167
1.638398
2.012286
1.766144
1.663297
1.680298
1.607984
1.878665
1.758694
1.672546
1.864805
1.919906
1.588036
1.722818
1.653945
1.703936
2.235766
2.206641
1.725052
1.760442
1.420973
2.001844
2.181234
1.543545
1.677890
1.979930
1.735234
1.623591
1.753636
1.432597
1.894672
1.813253
1.856547
1.624429
1.988664
2.104576
1.782319
1.584797
1.783620
2.005863
1.652406
1.932785
1.773675
1.612627
1.478463
2.144198
1.719790
2.628706
1.723019
1.660381
1.667830
2.144068
1.831062
1.630629
1.848566
1.554569
1.797817
1.531922
1.827237
1.649856
1.797913
1.465787
1.590224
1.253186
1.917052
1.552854
1.554550
1.984403
1.748600
1.996909
1.675092
1.708681
1.955513
1.719194
1.978872
1.753829
1.679652
1.655367
1.608540
1.673140
1.605964
1.835958
2.432338
2.568186
2.124302
2.375671
1.722701
1.849205
1.755548
1.895818
1.691303
1.824982
1.808368
1.863034
1.568732
1.610305
1.649456
1.637648
1.732408
1.816730
1.984252
1.701199
1.719407
1.872965
2.061679
1.807395
1.966817
1.486936
1.646967
1.697751
1.835856
1.666884
2.102047
1.572166
1.936457
1.629138
1.520893
1.593100
1.844013
1.910224
2.087129
2.031456
2.198747
1.601231
2.077862
1.914021
1.749830
1.879335
1.605927
1.643026
1.767434
1.980948
2.013125
1.689522
1.585862
1.932939
1.418758
1.887008
1.483282
1.615787
1.897623
3.121099
2.239938
1.893010
1.598295
1.701658
1.740907
2.022340
1.765292
1.806125
1.584862
1.625479
1.394622
1.617314
1.705581
2.228893
1.657308
1.615187
1.755191
2.208670
2.307031
1.847089
1.471381
1.637913
1.634552
1.643834
1.753667
1.627040
1.532620
2.005092
1.745723
1.668156
1.665691
2.213432
1.829851
1.678675
1.517046
1.631748
1.752648
1.621673
1.767531
1.808479
1.753338
1.780837
1.657396
1.776262
2.312678
1.603400
1.844257
2.095976
1.654803
1.837312
1.666183
2.031364
2.354136
1.345682
1.990006
1.773411
1.802958
1.772575
1.634250
1.730350
1.660857
1.567093
1.857046
1.649814
1.667422
1.608907
1.860331
1.754837
1.638746
2.056592
1.829553
2.057786
1.659930
2.294233
1.534533
2.114853
1.662503
1.795853
1.931420
1.461590
1.820396
1.650982
1.637641
1.457742
1.541525
2.438605
1.820463
1.612679
1.693507
1.703773
1.699818
1.944234
1.653194
1.851366
1.666155
2.420913
1.759970
1.743593
1.378110
1.527398
1.699238
1.715504
1.765492
2.146560
1.674964
1.936393
1.485102
1.896056
1.660816
1.805807
1.603646
1.972523
1.789682
1.851626
2.239017
1.466651
2.003355
1.697203
1.723403
1.941411
1.996316
1.911676
1.732773
1.706625
1.798273
1.678258
1.851721
2.060406
2.097073
1.927706
1.962943
1.768482
1.875479
1.619104
1.824787
1.669135
1.618924
1.972180
1.619084
1.748744
1.453705
1.778779
1.525761
1.795329
1.454705
1.464677
2.270105
1.437367
1.822693
1.667814
2.082686
1.925747
1.741298
1.553360
1.874232
2.001417
1.729742
1.912415
1.820751
1.721097
3.094380
1.713166
1.937541
1.816179
1.556263
1.820707
1.765953
1.968587
1.765785
1.715808
1.644000
1.554273
1.634275
2.392014
1.716198
1.536700
1.796722
1.575526
1.732322
1.572872
1.652916
1.467070
2.327456
1.790250
2.025799
1.537148
2.026874
1.541332
1.924066
1.770417
1.369170
1.559002
1.913773
1.837223
1.713868
1.503256
1.740034
1.756777
1.548018
1.825263
1.560692
1.769730
1.360380
1.730242
1.757386
1.814500
1.757355
2.091225
1.714106
1.676572
1.869397
1.805588
1.658169
1.948061
1.659509
1.865290
1.591073
1.992171
1.710048
1.498661
1.746698
1.808149
1.835562
1.977923
1.593184
1.547113
1.721347
1.396655
1.721348
1.570387
1.934012
1.841112
1.718288
1.886701
1.624147
1.773660
1.441252
1.755951
1.843339
1.532751
1.707915
1.663742
1.968331
1.390856
1.924385
1.566533
2.173825
1.863396
1.926457
1.591261
1.636191
1.721812
1.510424
1.679869
1.789259
1.681597
2.075712
1.787312
1.804769
1.657730
1.761580
1.636708
1.612972
1.729442
1.592600
1.814098
1.633898
1.582685
1.841259
1.684712
1.694164
1.981982
2.167844
2.248065
1.908576
1.701710
1.568780
1.723804
1.855571
1.689491
1.729162
1.763073
1.642032
1.647357
1.557724
1.536247
1.598367
1.930206
1.766389
1.891734
1.844752
1.818092
1.276592
2.230150
1.860823
1.802446
1.793436
1.567705
1.802114
1.844487
1.852718
1.700826
1.486221
2.246872
1.485826
1.659497
1.483297
2.294460
1.644576
1.851959
1.692234
1.909244
1.746393
1.518436
1.920564
1.332869
1.657929
1.366802
2.030460
1.534398
1.724179
2.217445
2.111819
1.617290
1.611037
1.755151
1.586073
1.678214
1.699868
2.229143
1.762432
1.672239
1.464942
1.609971
1.581491
1.527186
1.712332
1.659732
1.654167
1.956883
2.241442
1.658022
1.757065
1.816300
1.656879
1.781286
1.970144
1.693558
2.053841
1.792703
1.670019
1.729830
1.451043
1.936798
1.809916
1.687284
1.857885
1.464177
1.920288
1.646100
1.761263
1.522374
1.513510
1.756041
1.497766
1.701891
1.887888
1.538108
1.796000
1.784531
2.012697
1.880563
1.654136
1.848292
2.299608
1.607997
1.566981
1.589256
1.912804
2.145972
2.349654
1.756579
2.071810
1.563757
1.681251
1.845223
1.540601
1.611460
1.797351
2.447837
2.062593
1.495911
1.937010
2.041588
1.676808
1.713394
1.851784
1.657247
2.144285
1.862944
1.740472
2.116148
1.398420
1.729329
1.793314
1.377174
1.940528
1.461015
1.638479
2.499936
3.854405
2.033810
1.912009
1.426392
1.728973
1.267234
1.931467
1.556147
1.731341
2.129313
1.994849
1.625226
1.943739
1.939532
1.732620
1.680091
1.659046
1.478621
1.426831
1.734720
1.890205
1.608403
1.836411
1.795100
1.810395
1.750226
1.717968
1.694978
1.769264
1.384070
1.715429
1.783684
1.642187
1.878125
1.459110
1.678945
1.620831
1.871182
1.716361
1.872551
1.634711
1.626240
2.100342
1.601875
1.974207
1.983688
1.943576
1.688050
1.772553
1.587310
1.978463
1.809250
2.295930
2.095351
1.282892
1.948732
1.718671
1.710432
1.452518
1.388427
1.859067
1.624741
1.422885
1.507626
1.891679
1.606836
2.036960
1.580287
1.761472
1.832240
1.642485
1.909513
1.486219
1.735713
1.915090
1.547615
2.174162
2.061840
1.817966
1.714946
1.675453
1.623693
2.137197
1.926027
1.782103
1.407470
1.505170
1.814394
1.669383
1.554546
1.580464
1.690241
1.757655
1.890166
1.600925
2.095006
1.696716
1.803010
1.872417
2.552845
1.973890
1.648829
1.743229
1.588963
1.988960
1.503950
1.899366
2.082371
1.919160
1.486084
1.618867
1.774339
1.837799
1.552045
1.517382
1.646088
1.322419
1.689259
1.426323
1.850570
1.461300
1.700215
1.820175
1.698054
1.627656
1.960487
2.175179
2.038990
1.561242
1.795076
1.528359
1.399993
2.209424
1.549496
1.717857
1.425020
1.801329
2.138927
1.617455
1.889207
1.760801
1.517171
1.587309
1.826546
2.296384
1.271246
1.800615
1.811914
1.724844
2.038515
1.983488
1.663330
1.671823
1.750377
1.386814
1.702719
1.757333
1.489828
1.725791
1.695973
1.708568
1.780604
1.526832
1.572564
1.547168
1.928594
1.836264
2.205784
1.386457
1.788522
1.652739
1.737034
1.328396
1.930847
1.779120
1.487262
2.183327
1.586930
2.493405
1.528771
1.502203
1.525449
1.581923
1.316110
1.924176
1.926801
1.615394
1.517327
1.876703
1.671527
2.159874
2.009195
1.875392
1.513175
1.694662
1.518990
1.711631
2.111703
1.465914
1.737214
1.717856
1.297574
2.272834
1.615463
1.587897
1.866914
1.577860
1.524341
1.762649
1.684092
1.762951
1.942850
1.422163
1.754189
1.694993
2.138001
1.802191
1.673518
1.796032
1.745565
1.919715
1.539465
1.501600
1.767634
1.978276
1.318697
2.250813
1.630583
1.667363
1.666300
1.786916
1.938991
1.535552
1.489576
1.855169
3.349241
1.713781
1.710878
1.536771
1.296412
1.782507
1.619540
1.656421
1.580260
1.353201
1.817012
1.550533
1.436476
1.807083
1.760358
1.905741
1.568196
1.727368
2.125552
2.908885
1.846366
1.906732
1.655132
1.640321
1.765939
1.885783
1.530565
1.695099
2.142566
1.706643
1.866574
1.497080
1.593573
2.034679
1.918779
1.656884
1.496580
1.597221
1.562932
2.092975
1.599347
1.825824
1.574150
1.578629
1.540644
1.640424
1.784969
2.132172
1.560858
1.943285
1.664160
1.499494
1.581550
1.450653
1.720705
1.631841
1.656920
1.637778
1.967465
1.615693
1.948140
2.041064
1.825916
1.562485
2.624847
1.463642
1.837163
1.452031
1.762403
1.460400
1.824450
1.814658
1.480462
1.784361
1.925549
2.074109
1.664021
1.740813
1.655702
1.733584
1.635275
1.627105
1.765817
1.422924
1.677636
1.780340
1.711392
1.462839
1.970580
1.491935
1.572013
1.418129
1.609330
1.535937
1.806667
1.667870
1.665812
1.647822
1.561479
1.802203
2.200569
1.720130
1.930007
1.961463
1.677111
1.944107
1.550165
1.672046
1.651993
1.589713
1.601629
2.218375
1.693478
1.476780
2.256821
2.036483
1.423416
1.801536
1.567789
1.590047
1.632774
1.668738
1.784024
1.687180
1.850867
1.682767
1.700100
1.531495
1.892381
3.017412
2.072550
1.734559
1.632753
1.746866
1.570712
1.748557
1.669266
2.067518
1.596010
1.713454
1.861719
1.570408
1.364774
1.632053
1.756562
1.742177
1.814685
2.142452
2.289074
1.318985
1.606616
1.737865
2.239575
1.522807
1.519228
1.856143
1.802128
1.546135
1.583720
1.683182
1.468100
1.591696
1.957974
1.713790
1.518571
1.878027
1.867383
1.717501
1.939098
1.756126
1.825749
1.638163
1.586751
1.652868
2.077331
1.394088
1.780513
2.010076
1.737174
1.509818
1.654692
1.510010
1.574706
1.743977
1.454075
1.795151
2.094701
1.461586
1.840856
1.676594
2.016311
1.570664
1.640048
1.786618
1.661361
1.539927
1.851222
1.695619
1.760053
2.655047
1.889795
2.013625
1.541126
1.475743
1.722458
1.419933
1.741527
1.413002
1.962626
1.664028
1.803620
1.919800
1.660918
2.211367
1.866157
1.483588
1.855894
1.724622
1.659792
2.021676
1.481808
1.617284
1.665019
1.749745
1.492373
1.844041
1.601053
1.906765
1.376217
1.614275
1.749732
1.681148
1.991534
2.947269
2.111167
1.827817
1.790034
1.587814
1.480150
1.542930
1.543315
1.922171
1.549666
1.844039
1.943157
1.902802
1.950359
1.684133
1.810471
1.634403
1.632928
1.540083
1.718837
1.632745
2.103289
2.046545
2.026029
1.453270
1.559939
1.514071
1.676439
1.764041
1.819090
1.483661
1.633492
1.921718
1.547607
1.457888
1.580676
1.861466
1.674704
1.635697
1.655054
1.869505
1.474320
1.496164
1.839294
1.677320
1.744210
1.631253
1.425689
2.065547
2.282639
1.436903
1.664724
1.466893
1.676575
1.521288
1.954991
1.840917
2.494058
1.997255
1.852107
1.793716
1.756052
1.610371
1.886459
1.579636
1.610226
1.821401
1.543978
1.720734
1.332274
1.580572
1.373587
2.117192
1.435674
1.669844
1.800501
1.901618
1.656109
1.484163
1.990016
1.284141
1.851783
1.647223
1.945680
1.412918
1.586607
1.935231
1.603847
1.677326
1.619089
1.591774
1.789789
1.501768
1.907973
1.668254
1.347630
1.921268
1.766946
1.531813
1.973635
1.606707
1.916111
1.638388
1.811835
1.291933
1.670462
1.315152
1.918172
1.503407
1.490111
1.812563
1.657955
1.769230
1.421655
2.405090
1.465855
1.771667
1.574808
1.642668
1.808263
1.998707
1.792569
1.735510
1.513443
1.799788
1.657002
1.690253
1.859472
1.849867
1.566050
1.685220
1.399522
1.842094
1.546731
1.828116
1.897537
1.568965
1.478384
1.572072
1.886098
1.785961
1.766609
1.373538
2.146447
1.405346
1.612305
1.776484
1.750141
1.548150
2.107287
1.702275
2.014724
2.098011
1.448634
1.718047
1.511368
1.561801
2.517487
1.249913
2.033076
1.741729
1.913705
1.615652
1.767432
2.016218
1.369929
1.722990
1.712093
1.284474
2.223483
1.662204
1.276369
1.579931
1.578599
2.090880
1.811412
1.397920
1.580266
1.518743
1.846463
1.590594
1.919073
1.933520
1.489013
1.806361
1.550348
2.089640
1.427928
2.234331
1.621769
1.759814
1.811555
1.647752
1.742567
1.721197
1.985705
1.828158
1.792206
2.148144
2.353267
1.504730
1.553083
1.535120
1.532192
1.559384
1.782400
1.613279
1.488440
1.788147
2.114738
1.433395
1.961931
1.755035
1.811787
1.585553
1.935416
1.567253
1.825729
1.514492
1.718485
1.618247
1.459571
1.602002
1.599289
1.889390
1.760872
1.633730
1.665649
1.475671
1.644838
1.648955
1.683287
1.915477
1.484343
2.306964
1.675729
2.210364
1.695024
1.441975
2.065594
1.401957
1.564616
1.672985
1.549426
1.782046
1.959331
1.552080
1.550350
1.489465
1.876759
1.562722
1.537544
1.576769
1.964446
1.850604
1.555178
1.930928
1.526656
1.684333
1.647840
1.554924
1.797174
2.098652
1.925161
1.584817
1.868151
1.521570
1.671634
1.640085
1.717903
1.305584
2.117290
1.415957
1.666232
1.574064
1.467074
1.666589
1.603302
1.743268
1.236816
1.634745
1.639763
1.609419
1.936292
1.479266
1.923795
1.470809
2.088055
1.578031
1.815614
1.641948
1.897893
1.592268
1.468012
1.560511
2.006927
1.687592
1.715428
1.830567
1.974991
1.463498
1.805606
1.408480
1.571341
1.824885
1.751506
1.881855
1.721984
1.600280
2.606686
2.251085
1.778092
1.535090
1.770226
1.645503
1.673356
1.708453
1.510595
1.358298
1.562459
1.446293
1.404894
1.752335
1.492294
1.590119
1.888593
1.637170
1.568155
1.747116
1.590161
1.449605
1.649189
1.816545
1.806212
1.693694
1.557805
1.646666
1.691767
1.682634
1.690478
1.695987
1.622218
1.507735
1.517975
1.485890
1.850524
1.492086
1.305356
1.891291
1.734062
1.608435
2.235604
1.604051
1.909275
1.819407
1.863647
1.782009
1.598527
1.771793
2.277655
1.742547
1.576928
1.887645
1.467154
1.568229
1.792704
1.613605
1.413606
1.851537
1.740335
1.704351
1.757669
2.272211
1.841489
1.430985
1.863647
1.858932
1.485187
1.939365
1.733531
1.784265
1.458952
1.643904
1.511859
1.708624
2.821660
1.383161
1.843793
1.941018
1.595041
1.551269
1.852243
1.756687
1.535239
1.213275
1.474085
1.471498
1.881500
2.165115
1.906140
2.011572
2.016243
1.677727
1.518739
1.816473
1.731035
1.372386
1.629487
1.719693
1.394299
1.613725
1.768293
1.734270
1.800201
2.007441
2.036613
1.535629
1.712336
1.453969
2.023194
1.390486
1.966234
1.983276
1.796273
1.875291
1.435950
1.780158
1.865459
1.681382
1.531953
1.705721
1.675635
1.451128
1.805942
1.563442
1.615564
1.454556
1.743278
1.720393
1.795426
1.571027
1.695544
1.736590
1.782452
1.879949
1.398884
1.512079
1.998890
2.059000
1.495343
1.611254
1.294123
1.815096
1.511934
2.386909
1.647760
1.702534
1.817045
1.429531
2.190744
1.442280
1.519893
1.510467
1.646261
1.736437
1.500263
1.504387
2.064943
1.539100
1.602451
1.969400
3.361226
1.292406
1.703416
1.561541
1.375438
1.702450
1.720420
1.916975
1.813049
1.525325
1.800060
1.446789
2.128840
1.911698
1.305107
1.746101
1.502811
1.395039
1.769789
1.540136
1.451616
1.515835
1.665094
1.810710
2.171351
1.949258
1.750503
1.555067
1.690628
1.739244
1.473755
1.591090
1.717322
1.580348
1.655781
1.986001
1.364460
1.640749
1.775747
1.605824
1.714877
1.678955
2.004976
1.645920
1.507475
1.581055
1.585012
1.641768
2.010586
1.514664
1.404856
1.641277
1.500877
1.319237
1.714949
2.048491
2.506542
1.430477
1.706822
1.474925
1.693501
1.308807
1.622167
2.294073
1.672933
1.612071
1.602329
1.427280
2.116120
2.097585
1.157756
1.787309
1.392114
1.488489
1.594671
1.951509
1.607943
1.646536
1.980515
1.446929
1.662631
1.486585
1.721682
1.349546
1.914045
1.333858
1.906193
1.985867
1.584746
1.765836
1.594437
1.609112
1.647592
1.634271
1.835539
1.313866
2.121564
1.756444
1.653255
1.590933
1.529089
1.804690
1.740398
1.741140
1.956638
1.856271
2.003109
1.681978
1.589166
1.627601
1.642964
1.665765
1.498264
1.729795
1.558503
1.625988
1.331376
1.760601
1.579614
1.560525
1.901797
1.888165
1.902059
1.792570
1.875811
1.624785
1.548730
1.658028
2.147542
1.664647
1.536607
1.721423
1.513296
1.410608
1.790965
1.393920
1.713168
1.830547
1.757759
1.604705
1.616951
1.734317
1.814997
1.317327
1.483297
1.686630
1.686171
1.728104
1.398567
2.354390
1.712036
1.585876
2.004124
1.809414
1.519437
1.751738
1.553454
1.450906
1.527512
1.806544
1.702881
2.236073
1.837325
1.585324
1.751002
1.669778
2.090320
1.792809
1.719309
1.889595
1.558847
1.601101
1.754306
1.385135
1.630001
1.543654
1.736312
1.891845
2.051003
1.612448
1.749482
1.462711
1.566338
1.539072
1.800158
1.568849
1.754297
1.440564
2.003726
1.518124
1.708026
1.642451
1.799727
2.237074
1.684608
1.442311
1.556249
1.612452
1.350379
1.589296
1.766747
2.055218
1.794453
1.773847
1.329480
1.980636
1.425839
1.665038
1.555271
1.644206
1.532759
1.632198
1.791479
1.450309
1.513662
1.598811
1.561385
1.342369
2.040402
1.698403
1.905558
1.641771
1.504491
1.706704
1.489201
1.647463
1.392374
1.533073
2.048981
1.731737
2.091678
3.787899
1.870755
1.634409
1.425263
1.553618
1.583474
1.718767
1.659947
1.474127
1.871415
1.502739
1.460499
1.809031
1.538420
1.516207
1.770262
1.758921
1.407004
1.832402
2.048353
2.118621
1.660767
1.586939
1.474116
1.708218
1.988125
1.495965
1.990978
1.871281
1.441476
1.634043
1.626942
1.688936
1.721670
1.506360
1.920836
1.554078
1.625874
1.652767
1.607352
1.524743
1.809557
1.683871
1.951584
1.551002
2.386527
2.272226
1.443349
1.795358
1.528270
1.683968
1.372382
1.511482
1.752591
1.721232
1.288278
1.595999
1.530257
1.982031
1.802034
2.014753
1.508707
1.529153
1.633841
1.480516
1.772731
1.396266
1.800810
1.752774
1.839030
1.593521
1.656737
1.643982
1.637347
1.655182
1.754982
2.167449
1.789185
1.388537
1.589553
1.517521
1.860058
1.502533
1.804533
2.184173
1.679597
1.880801
1.845076
1.529364
1.351290
1.635956
1.659827
1.494742
1.922413
1.761859
2.028962
1.863018
1.543612
1.790984
1.375731
1.767621
1.571938
1.845233
1.391065
1.585365
1.800144
1.472320
1.819833
1.669386
1.445992
1.735996
1.433246
2.283657
1.769029
1.734943
1.898240
1.674256
1.524320
1.989537
1.625238
1.737010
1.672930
1.436241
1.662894
1.595385
2.218893
2.175372
1.577133
1.616877
1.426687
1.737215
1.665633
1.802272
1.610477
1.508355
1.731605
1.760198
1.730106
1.295502
1.465805
1.467713
1.422661
1.527180
1.552004
1.470892
1.592842
1.542761
1.479600
1.903389
1.632782
1.875990
1.896106
1.526979
1.366558
1.534604
1.512272
1.538298
1.619438
1.371333
1.564751
1.341210
1.841697
2.079096
2.010685
2.313128
1.410951
1.691182
1.591152
1.537319
1.775836
1.787802
1.545950
2.299942
2.640484
2.592463
1.496446
1.719262
1.763585
1.594261
1.183102
1.800719
1.660524
1.931655
1.577350
1.652695
1.930609
1.567116
1.592380
1.703572
1.672319
1.515980
1.474577
1.632281
1.357402
1.739399
1.448266
1.438981
1.447951
1.406898
2.396618
1.642728
1.630511
1.484968
1.813000
1.719494
2.447460
1.222389
1.438119
1.615458
1.618340
1.674472
1.792252
1.732213
1.788806
2.377377
1.510625
1.509127
1.590928
1.876475
1.342869
1.824151
1.977676
1.638397
2.019210
2.069546
1.459646
1.648809
1.561684
1.778003
1.777576
1.573879
1.708761
1.588909
1.880112
2.089754
1.530910
1.313636
1.717806
1.784425
1.455845
1.908600
1.600055
1.602248
1.725753
1.778062
1.558231
1.493012
1.820324
1.508186
2.063765
1.659152
1.612723
1.570294
1.490530
1.345752
1.754057
1.321947
1.536861
1.918077
1.553868
1.614823
1.892334
1.753159
1.629171
1.704909
2.172394
1.566099
1.477781
1.600027
1.445318
1.416104
1.379957
2.339834
1.916286
1.721870
1.646678
1.771733
1.830596
1.791026
1.598155
1.383101
1.787410
1.670718
1.572647
1.706046
1.381782
1.534692
1.910038
1.563913
1.674597
1.342877
2.129894
1.585956
1.307944
1.507771
2.000099
2.013381
1.404148
1.981146
1.702494
1.618438
1.479964
1.670024
1.311130
1.642781
1.656704
1.313832
1.674674
1.230820
1.505062
1.476735
1.805066
1.412685
1.894063
2.040468
1.633312
1.702117
1.538179
1.363563
2.039920
1.580879
1.219233
1.497315
1.550776
1.944033
1.536823
1.653459
1.804668
2.769602
1.486329
1.903556
2.089816
1.666296
1.770432
1.488837
1.412913
1.397268
1.460504
1.700673
1.626541
1.483374
1.451545
2.001484
1.662253
1.822973
1.729772
1.640999
1.779654
1.651453
1.754957
1.689425
1.888469
1.736184
1.547575
1.720073
1.585250
1.814373
1.864883
1.860020
1.776081
1.515715
1.456644
1.518077
1.681025
1.542519
2.855761
1.654510
1.571403
1.290392
1.922534
1.974912
2.147387
1.572419
1.600983
1.561714
1.846283
2.168957
1.620573
2.628613
1.452422
1.730408
1.487733
1.775615
1.598309
1.615486
1.482178
1.569611
1.894322
1.859680
1.542452
1.871518
1.425632
1.641080
1.947152
1.731036
1.803541
2.008347
1.526492
1.609114
1.657939
1.397103
1.633420
1.804895
1.629334
1.627327
1.932014
1.162679
2.016243
1.620527
1.727665
1.702391
1.400123
1.742422
1.588349
1.569763
2.122369
1.619217
1.441884
1.501986
1.603445
1.428686
1.954201
1.512663
1.846333
1.104520
1.832736
1.857484
1.418300
1.644348
1.628040
1.671130
1.753378
1.555423
1.816294
2.156103
1.805622
1.571558
1.604039
1.629510
1.506392
1.644446
1.482433
1.845528
1.713835
1.805137
1.609705
1.969928
1.857327
1.604933
1.455190
1.716073
1.604103
1.159924
1.597975
1.615709
1.667039
1.703037
2.398891
1.782503
1.487877
1.673222
1.921324
1.582365
1.691788
1.817672
2.350806
1.869219
1.841547
1.648923
1.673248
1.555131
1.786910
1.830432
1.593076
1.484098
2.087996
1.679227
1.769052
1.517521
1.557202
1.555341
1.985434
1.545422
1.581015
1.528451
1.810922
1.715055
2.012548
1.246253
1.401677
1.770143
1.893223
1.311392
1.686563
1.615024
1.844208
1.318752
1.752893
1.277764
1.547362
1.572176
1.702449
1.519832
1.836895
1.892381
1.932114
1.639481
1.494117
1.752217
1.415838
1.718649
1.778093
1.809222
1.683789
1.831287
1.365958
1.374856
1.642183
1.844451
2.050032
1.859088
1.845988
1.597628
1.803173
1.369515
1.268129
1.711175
1.666433
1.416082
1.247241
1.733189
1.296503
1.713549
1.772936
1.801317
1.415329
2.199466
2.359938
1.725898
1.535939
1.539609
1.492301
1.736661
1.769964
1.472888
1.510127
1.579741
1.703756
1.470941
1.373289
2.231454
1.492334
2.097902
1.560601
1.630901
1.386273
1.568197
2.127370
2.049807
1.612494
1.413589
1.700754
1.548506
1.829702
1.564788
1.998046
1.566761
1.841109
1.857861
1.789822
1.721585
1.820119
1.465580
1.437801
1.440539
1.606026
1.689913
1.975423
1.861383
2.069648
1.501740
1.740778
1.399936
1.685244
1.520439
1.536444
1.445416
2.933965
1.739687
1.888474
1.574389
1.599937
1.700212
1.789854
1.864954
1.766746
1.672120
1.653651
1.786488
1.806791
1.318959
1.483527
1.554428
1.676508
1.842067
1.864684
2.576480
1.539367
1.502103
1.435924
1.566560
1.774606
1.389503
1.477933
1.691540
1.753712
1.873188
1.460336
1.483173
1.496288
2.014580
1.548568
1.321926
1.510395
1.829275
1.739760
1.404591
1.677631
1.864501
1.704733
2.077525
1.759321
1.580429
1.357250
1.410379
1.766720
1.729718
1.583341
1.567076
1.555248
2.122510
1.728812
1.684833
1.865180
1.514348
1.580867
1.747144
1.359962
1.581995
1.588166
1.652976
1.219158
1.916109
1.401596
1.436009
1.518880
1.308600
1.813298
2.602540
2.046801
1.260111
2.064197
1.583492
1.372631
1.652840
1.764859
1.353149
1.804259
1.569645
1.414403
1.676043
2.099761
1.240882
1.845542
2.038864
1.223344
1.495532
1.550908
1.817919
1.733548
1.574980
1.684337
1.624534
1.462309
1.611174
1.500838
1.550401
1.730612
1.974013
1.609988
1.371699
1.421254
1.652933
2.071416
1.347574
1.500222
1.202665
1.731210
1.537653
1.813092
1.602063
2.183563
1.494207
1.843187
1.388319
1.378505
1.899930
1.729579
1.576879
1.457062
1.761803
1.805740
1.702124
1.716706
1.296773
1.545153
1.433972
1.613246
1.743069
1.640964
1.362812
1.539124
1.819439
1.782355
1.601783
1.738376
1.642474
1.866489
1.550562
1.611678
2.185922
1.516813
1.689291
1.580330
1.598147
1.725979
1.668456
1.881515
2.149555
2.602937
1.720150
1.612387
1.939458
1.390109
2.123034
1.337124
1.602179
1.520955
1.685851
1.474619
1.549696
1.636265
1.605669
1.529868
1.410581
1.817671
1.789351
1.476974
1.689860
1.404540
1.558087
1.726121
1.394885
1.502587
1.837571
1.426102
1.678914
1.596139
1.815467
1.270214
2.348453
1.476382
1.460970
1.289170
1.550016
1.595786
1.486423
1.696014
1.595381
1.567310
1.660933
1.469288
1.702056
1.608722
1.577136
1.694672
1.564929
1.582853
1.531189
1.503615
1.911277
1.661855
1.421031
1.883169
1.397148
1.732555
1.792706
1.546040
1.868538
1.385007
1.422143
1.295879
1.953832
1.471589
1.474785
1.751671
1.563918
1.539191
2.003510
1.599589
1.903857
1.894998
1.588135
1.623251
1.909514
1.777081
1.571585
1.464369
1.709267
2.169356
1.744366
1.676022
1.475373
1.580176
1.431790
1.953770
1.423296
1.666301
