2.299809
2.193136
2.175886
2.217711
2.224205
2.240876
2.230512
2.267914
2.273254
2.290009
2.296637
2.299983
2.302505
2.299685
2.299632
2.305224
2.303349
2.303740
2.302870
2.302768
2.302949
2.302449
2.302265
2.302621
2.303238
2.302979
2.302529
2.302661
2.302651
2.302838
2.302280
2.302443
2.303262
2.302346
2.302845
2.302884
2.302263
2.302484
2.302183
2.302659
2.302165
2.302426
2.302865
2.302425
2.302547
2.302094
2.302766
2.301833
2.302550
2.302933
2.302920
2.302304
2.302997
2.302795
2.302364
2.302613
2.302425
2.302552
2.302622
2.302603
2.302538
2.302548
2.302444
2.302533
2.302670
2.302530
2.302576
2.302639
2.302517
2.302575
2.302607
2.302650
2.302574
2.302590
2.302674
2.302654
2.302590
2.302628
2.302438
2.302874
2.302670
2.302581
2.302501
2.302314
2.302518
2.302394
2.302643
2.302428
2.302532
2.302511
2.302777
2.302572
2.302802
2.302553
2.302595
2.302618
2.302637
2.302718
2.302683
2.302615
2.302600
2.302605
2.302569
2.302617
2.302558
2.302559
2.302576
2.302486
2.302527
2.302744
2.302441
2.302590
2.302563
2.302608
2.302563
2.302458
2.302810
2.302721
2.302609
2.302574
2.302532
2.302572
2.302564
2.302598
2.302622
2.302557
2.302589
2.302558
2.302509
2.302570
2.302464
2.302694
2.302469
2.302762
2.302511
2.302742
2.302572
2.302877
2.302397
2.302847
2.302625
2.302624
2.302321
2.302646
2.302302
2.302550
2.302489
2.302625
2.302600
2.302504
2.302566
2.302671
2.302583
2.302282
2.302265
2.302175
2.302818
2.302607
2.302458
2.302487
2.302393
2.302473
2.302640
2.302458
2.302671
2.302562
2.302554
2.302603
2.302661
2.302554
2.302583
2.302583
2.302632
2.302595
2.302605
2.302632
2.302564
2.302650
2.302514
2.302592
2.302500
2.302604
2.302512
2.302588
2.302525
2.302616
2.302570
2.302642
2.302601
2.302563
2.302555
2.302601
2.302590
2.302605
2.302581
2.302565
2.302592
2.302525
2.302691
2.302584
2.302632
2.302578
2.302649
2.302622
2.302613
2.302539
2.302598
2.302616
2.302600
2.302573
2.302593
2.302532
2.302579
2.302495
2.302490
2.302461
2.302506
2.302623
2.302445
2.302439
2.302690
2.302726
2.302670
2.302698
2.302582
2.302632
2.302563
2.302527
2.302581
2.302540
2.302491
2.302556
2.302575
2.302625
2.302644
2.302401
2.302406
2.302624
2.302511
2.302236
2.302714
2.302660
2.302341
2.302467
2.302484
2.302601
2.302459
2.302365
2.302678
2.302774
2.302525
2.302628
2.302555
2.302593
2.302609
2.302542
2.302542
2.302605
2.302552
2.302584
2.302590
2.302563
2.302599
2.302597
2.302572
2.302589
2.302587
2.302582
2.302591
2.302593
2.302559
2.302577
2.302572
2.302574
2.302559
2.302516
2.302489
2.302560
2.302481
2.302473
2.302585
2.302529
2.302530
2.302566
2.302587
2.302588
2.302582
2.302574
2.302631
2.302583
2.302582
2.302617
2.302608
2.302561
2.302589
2.302561
2.302568
2.302412
2.302537
2.302518
2.302580
2.302516
2.302519
2.302593
2.302591
2.302568
2.302563
2.302589
2.302529
2.302580
2.302574
2.302584
2.302556
2.302540
2.302688
2.302528
2.302701
2.302568
2.302588
2.302586
2.302588
2.302584
2.302571
2.302583
2.302562
2.302569
2.302489
2.302530
2.302537
2.302557
2.302615
2.302550
2.302620
2.302572
2.302563
2.302548
2.302576
2.302595
2.302560
2.302558
2.302628
2.302466
2.302624
2.302567
2.302652
2.302604
2.302575
2.302598
2.302653
2.302569
2.302600
2.302587
2.302448
2.302748
2.302452
2.302532
2.302529
2.302554
2.302667
2.302602
2.302581
2.302555
2.302499
2.302557
2.302510
2.302614
2.302520
2.302610
2.302454
2.302633
2.302393
2.302524
2.302541
2.302690
2.302636
2.302636
2.302540
2.302588
2.302557
2.302571
2.302514
2.302571
2.302593
2.302602
2.302534
2.302566
2.302537
2.302601
2.302665
2.302574
2.302579
2.302597
2.302650
2.302522
2.302529
2.302464
2.302572
2.302626
2.302477
2.302564
2.302607
2.302504
2.302462
2.302529
2.302706
2.302549
2.302616
2.302599
2.302592
2.302579
2.302583
2.302579
2.302604
2.302589
2.302572
2.302606
2.302589
2.302558
2.302587
2.302581
2.302575
2.302575
2.302604
2.302617
2.302601
2.302597
2.302581
2.302572
2.302549
2.302584
2.302591
2.302538
2.302549
2.302600
2.302529
2.302584
2.302560
2.302610
2.302580
2.302579
2.302570
2.302551
2.302619
2.302589
2.302577
2.302607
2.302532
2.302643
2.302525
2.302585
2.302590
2.302572
2.302547
2.302579
2.302586
2.302597
2.302570
2.302586
2.302588
2.302558
2.302532
2.302589
2.302640
2.302570
2.302586
2.302596
2.302576
2.302358
2.302602
2.302618
2.302639
2.302600
2.302601
2.302577
2.302614
2.302573
2.302575
2.302546
2.302560
2.302568
2.302608
2.302595
2.302566
2.302524
2.302491
2.302429
2.302537
2.302726
2.302474
2.302608
2.302561
2.302563
2.302558
2.302579
2.302505
2.302713
2.302441
2.302490
2.302750
2.302541
2.302394
2.302438
2.302680
2.302542
2.302605
2.302583
2.302575
2.302427
2.302711
2.302531
2.302614
2.302513
2.302596
2.302596
2.302594
2.302609
2.302573
2.302565
2.302628
2.302556
2.302579
2.302575
2.302597
2.302571
2.302592
2.302612
2.302541
2.302665
2.302667
2.302571
2.302648
2.302485
2.302495
2.302582
2.302516
2.302525
2.302680
2.302567
2.302591
2.302566
2.302598
2.302573
2.302582
2.302572
2.302579
2.302560
2.302579
2.302587
2.302629
2.302582
2.302560
2.302543
2.302558
2.302696
2.302508
2.302632
2.302548
2.302620
2.302532
2.302560
2.302572
2.302558
2.302560
2.302516
2.302582
2.302585
2.302606
2.302595
2.302600
2.302527
2.302528
2.302597
2.302567
2.302639
2.302601
2.302594
2.302571
2.302590
2.302587
2.302588
2.302582
2.302573
2.302577
2.302585
2.302580
2.302568
2.302579
2.302593
2.302561
2.302575
2.302584
2.302601
2.302583
2.302583
2.302604
2.302569
2.302664
2.302594
2.302582
2.302581
2.302577
2.302580
2.302585
2.302577
2.302565
2.302583
2.302590
2.302589
2.302609
2.302593
2.302529
2.302608
2.302550
2.302578
2.302485
2.302655
2.302483
2.302654
2.302586
2.302570
2.302528
2.302559
2.302505
2.302647
2.302624
2.302551
2.302691
2.302611
2.302688
2.302604
2.302615
2.302567
2.302562
2.302589
2.302561
2.302589
2.302575
2.302593
2.302578
2.302571
2.302567
2.302556
2.302602
2.302602
2.302579
2.302579
2.302524
2.302598
2.302546
2.302675
2.302505
2.302604
2.302538
2.302557
2.302577
2.302547
2.302535
2.302559
2.302594
2.302586
2.302582
2.302594
2.302574
2.302582
2.302585
2.302606
2.302583
2.302587
2.302586
2.302585
2.302656
2.302583
2.302614
2.302571
2.302582
2.302590
2.302579
2.302593
2.302615
2.302538
2.302623
2.302687
2.302497
2.302557
2.302653
2.302624
2.302582
2.302614
2.302598
2.302550
2.302411
2.302558
2.302600
2.302606
2.302574
2.302600
2.302577
2.302593
2.302595
2.302597
2.302571
2.302585
2.302573
2.302582
2.302587
2.302584
2.302593
2.302597
2.302584
2.302552
2.302579
2.302627
2.302580
2.302583
2.302529
2.302566
2.302580
2.302563
2.302566
2.302546
2.302656
2.302533
2.302514
2.302549
2.302603
2.302563
2.302565
2.302634
2.302566
2.302615
2.302595
2.302600
2.302596
2.302609
2.302575
2.302588
2.302574
2.302579
2.302560
2.302577
2.302596
2.302559
2.302544
2.302505
2.302594
2.302542
2.302660
2.302507
2.302536
2.302716
2.302548
2.302507
2.302537
2.302516
2.302472
2.302448
2.302631
2.302675
2.302646
2.302590
2.302525
2.302451
2.302506
2.302559
2.302599
2.302500
2.302615
2.302412
2.302521
2.302537
2.302632
2.302551
2.302570
2.302726
2.302587
2.302622
2.302642
2.302599
2.302582
2.302645
2.302535
2.302548
2.302531
2.302554
2.302607
2.302576
2.302535
2.302496
2.302674
2.302617
2.302586
2.302580
2.302568
2.302573
2.302587
2.302581
2.302584
2.302575
2.302592
2.302594
2.302585
2.302580
2.302586
2.302584
2.302569
2.302565
2.302578
2.302612
2.302569
2.302561
2.302581
2.302605
2.302588
2.302562
2.302564
2.302553
2.302546
2.302647
2.302592
2.302549
2.302558
2.302591
2.302547
2.302538
2.302593
2.302514
2.302548
2.302554
2.302641
2.302531
2.302573
2.302494
2.302407
2.302537
2.302526
2.302479
2.302544
2.302521
2.302561
2.302586
2.302553
2.302588
2.302590
2.302588
2.302587
2.302586
2.302548
2.302559
2.302552
2.302622
2.302588
2.302579
2.302600
2.302585
2.302585
2.302598
2.302588
2.302592
2.302573
2.302570
2.302593
2.302564
2.302583
2.302574
2.302595
2.302588
2.302547
2.302575
2.302530
2.302554
2.302511
2.302501
2.302576
2.302604
2.302540
2.302567
2.302557
2.302665
2.302556
2.302538
2.302621
2.302619
2.302572
2.302532
2.302605
2.302595
2.302561
2.302554
2.302621
2.302616
2.302558
2.302465
2.302572
2.302657
2.302543
2.302576
2.302562
2.302572
2.302527
2.302495
2.302573
2.302531
2.302514
2.302568
2.302564
2.302586
2.302538
2.302630
2.302572
2.302577
2.302604
2.302612
2.302624
2.302568
2.302565
2.302590
2.302586
2.302594
2.302624
2.302565
2.302571
2.302603
2.302511
2.302651
2.302630
2.302540
2.302628
2.302716
2.302616
2.302548
2.302516
2.302557
2.302499
2.302575
2.302559
2.302623
2.302650
2.302576
2.302568
2.302587
2.302590
2.302526
2.302594
2.302602
2.302566
2.302583
2.302585
2.302555
2.302593
2.302643
2.302603
2.302583
2.302610
2.302595
2.302581
2.302569
2.302577
2.302575
2.302586
2.302567
2.302558
2.302566
2.302576
2.302541
2.302558
2.302587
2.302578
2.302571
2.302521
2.302588
2.302622
2.302565
2.302577
2.302588
2.302589
2.302568
2.302558
2.302651
2.302606
2.302558
2.302572
2.302598
2.302598
2.302585
2.302587
2.302585
2.302579
2.302586
2.302583
2.302584
2.302568
2.302578
2.302553
2.302588
2.302627
2.302559
2.302621
2.302574
2.302593
2.302587
2.302576
2.302564
2.302549
2.302619
2.302570
2.302570
2.302520
2.302492
2.302526
2.302651
2.302625
2.302527
2.302575
2.302583
2.302569
2.302546
2.302598
2.302588
2.302591
2.302587
2.302578
2.302575
2.302552
2.302538
2.302573
2.302581
2.302548
2.302508
2.302484
2.302495
2.302625
2.302604
2.302490
2.302580
2.302586
2.302520
2.302593
2.302630
2.302540
2.302512
2.302672
2.302604
2.302664
2.302610
2.302611
2.302579
2.302576
2.302576
2.302577
2.302621
2.302577
2.302613
2.302569
2.302590
2.302547
2.302589
2.302584
2.302581
2.302595
2.302580
2.302572
2.302561
2.302567
2.302531
2.302628
2.302547
2.302595
2.302567
2.302639
2.302601
2.302568
2.302609
2.302550
2.302606
2.302625
2.302625
2.302455
2.302571
2.302579
2.302614
2.302602
2.302555
2.302575
2.302583
2.302586
2.302589
2.302567
2.302587
2.302595
2.302588
2.302587
2.302567
2.302577
2.302576
2.302536
2.302571
2.302601
2.302565
2.302575
2.302546
2.302577
2.302601
2.302580
2.302587
2.302577
2.302570
2.302609
2.302575
2.302568
2.302605
2.302585
2.302600
2.302615
2.302598
2.302586
2.302586
2.302588
2.302583
2.302577
2.302570
2.302573
2.302568
2.302583
2.302589
2.302592
2.302560
2.302566
2.302587
2.302594
2.302590
2.302520
2.302587
2.302576
2.302604
2.302559
2.302559
2.302577
2.302595
2.302591
2.302586
2.302565
2.302582
2.302585
2.302582
2.302584
2.302590
2.302570
2.302573
2.302579
2.302583
2.302583
2.302620
2.302590
2.302570
2.302591
2.302591
2.302580
2.302577
2.302588
2.302577
2.302582
2.302547
2.302566
2.302587
2.302565
2.302559
2.302564
2.302632
2.302584
2.302582
2.302572
2.302564
2.302584
2.302580
2.302593
2.302584
2.302598
2.302595
2.302557
2.302585
2.302582
2.302572
2.302583
2.302575
2.302569
2.302579
2.302519
2.302588
2.302573
2.302572
2.302564
2.302576
2.302590
2.302569
2.302611
2.302574
2.302592
2.302608
2.302589
2.302525
2.302509
2.302614
2.302497
2.302542
2.302553
2.302481
2.302517
2.302564
2.302517
2.302575
2.302562
2.302547
2.302520
2.302552
2.302631
2.302661
2.302606
2.302612
2.302589
2.302605
2.302564
2.302579
2.302505
2.302592
2.302524
2.302589
2.302577
2.302474
2.302449
2.302571
2.302473
2.302592
2.302571
2.302644
2.302487
2.302607
2.302504
2.302592
2.302536
2.302622
2.302600
2.302685
2.302668
2.302604
2.302581
2.302570
2.302586
2.302582
2.302575
2.302590
2.302610
2.302591
2.302587
2.302578
2.302592
2.302587
2.302586
2.302581
2.302590
2.302585
2.302586
2.302588
2.302574
2.302590
2.302588
2.302587
2.302594
2.302585
2.302575
2.302583
2.302597
2.302564
2.302575
2.302618
2.302560
2.302569
2.302623
2.302567
2.302570
2.302572
2.302565
2.302612
2.302621
2.302589
2.302586
2.302571
2.302571
2.302575
2.302593
2.302586
2.302589
2.302597
2.302592
2.302591
2.302610
2.302521
2.302582
2.302592
2.302604
2.302525
2.302553
2.302572
2.302592
2.302694
2.302635
2.302557
2.302500
2.302577
2.302604
2.302562
2.302584
2.302568
2.302548
2.302572
2.302558
2.302613
2.302582
2.302580
2.302594
2.302510
2.302581
2.302542
2.302505
2.302596
2.302560
2.302564
2.302560
2.302665
2.302583
2.302583
2.302588
2.302588
2.302582
2.302587
2.302589
2.302550
2.302588
2.302552
2.302589
2.302570
2.302615
2.302630
2.302580
2.302603
2.302605
2.302589
2.302585
2.302588
2.302583
2.302577
2.302578
2.302575
2.302565
2.302607
2.302636
2.302612
2.302526
2.302612
2.302594
2.302549
2.302494
2.302583
2.302590
2.302578
2.302468
2.302595
2.302572
2.302527
2.302631
2.302584
2.302551
2.302539
2.302564
2.302584
2.302581
2.302585
2.302604
2.302591
2.302599
2.302580
2.302606
2.302598
2.302593
2.302572
2.302624
2.302597
2.302589
2.302589
2.302574
2.302576
2.302585
2.302600
2.302588
2.302589
2.302593
2.302596
2.302571
2.302601
2.302576
2.302595
2.302589
2.302578
2.302553
2.302687
2.302568
2.302525
2.302661
2.302507
2.302551
2.302594
2.302606
2.302616
2.302604
2.302561
2.302557
2.302541
2.302516
2.302589
2.302521
2.302512
2.302559
2.302594
2.302544
2.302608
2.302682
2.302577
2.302562
2.302531
2.302661
2.302589
2.302608
2.302563
2.302520
2.302602
2.302581
2.302545
2.302563
2.302585
2.302530
2.302558
2.302524
2.302562
2.302511
2.302577
2.302591
2.302612
2.302579
2.302567
2.302582
2.302589
2.302580
2.302499
2.302542
2.302652
2.302590
2.302545
2.302557
2.302554
2.302571
2.302609
2.302565
2.302557
2.302598
2.302560
2.302599
2.302580
2.302546
2.302587
2.302577
2.302576
2.302605
2.302605
2.302587
2.302594
2.302544
2.302599
2.302582
2.302592
2.302576
2.302596
2.302562
2.302597
2.302580
2.302584
2.302582
2.302572
2.302570
2.302584
2.302583
2.302592
2.302571
2.302566
2.302589
2.302585
2.302588
2.302583
2.302592
2.302574
2.302593
2.302594
2.302586
2.302598
2.302577
2.302595
2.302583
2.302575
2.302562
2.302600
2.302599
2.302581
2.302549
2.302572
2.302571
2.302597
2.302620
2.302510
2.302633
2.302558
2.302593
2.302484
2.302544
2.302575
2.302581
2.302587
2.302569
2.302574
2.302564
2.302617
2.302573
2.302593
2.302583
2.302576
2.302577
2.302580
2.302588
2.302589
2.302552
2.302591
2.302573
2.302598
2.302586
2.302593
2.302575
2.302581
2.302598
2.302590
2.302585
2.302561
2.302549
2.302616
2.302579
2.302559
2.302549
2.302596
2.302586
2.302610
2.302589
2.302592
2.302569
2.302589
2.302595
2.302586
2.302568
2.302577
2.302580
2.302605
2.302589
2.302555
2.302584
2.302583
2.302589
2.302578
2.302577
2.302573
2.302602
2.302566
2.302582
2.302549
2.302567
2.302582
2.302537
2.302583
2.302552
2.302522
2.302572
2.302559
2.302548
2.302590
2.302589
2.302539
2.302565
2.302629
2.302608
2.302566
2.302604
2.302613
2.302569
2.302608
2.302597
2.302579
2.302595
2.302583
2.302583
2.302592
2.302558
2.302603
2.302598
2.302579
2.302578
2.302588
2.302594
2.302496
2.302570
2.302603
2.302552
2.302613
2.302545
2.302602
2.302512
2.302547
2.302526
2.302586
2.302628
2.302520
2.302541
2.302570
2.302557
2.302564
2.302576
2.302568
2.302578
2.302515
2.302637
2.302566
2.302592
2.302587
2.302598
2.302554
2.302592
2.302583
2.302529
2.302608
2.302565
2.302597
2.302588
2.302575
2.302595
2.302574
2.302578
2.302582
2.302567
2.302526
2.302538
2.302605
2.302593
2.302607
2.302582
2.302584
2.302535
2.302577
2.302584
2.302573
2.302548
2.302539
2.302571
2.302598
2.302594
2.302592
2.302576
2.302583
2.302573
2.302559
2.302589
2.302577
2.302597
2.302589
2.302582
2.302582
2.302579
2.302585
2.302604
2.302578
2.302589
2.302591
2.302577
2.302579
2.302629
2.302556
2.302554
2.302551
2.302568
2.302570
2.302605
2.302609
2.302612
2.302565
2.302606
2.302605
2.302584
2.302573
2.302596
2.302582
2.302591
2.302590
2.302587
2.302582
2.302557
2.302593
2.302553
2.302557
2.302551
2.302613
2.302589
2.302575
2.302578
2.302539
2.302587
2.302587
2.302572
2.302567
2.302547
2.302566
2.302602
2.302544
2.302577
2.302582
2.302557
2.302578
2.302581
2.302567
2.302608
2.302599
2.302583
2.302576
2.302595
2.302587
2.302581
2.302585
2.302585
2.302581
2.302585
2.302588
2.302572
2.302579
2.302565
2.302578
2.302577
2.302570
2.302578
2.302560
2.302574
2.302587
2.302558
2.302544
2.302597
2.302585
2.302584
2.302538
2.302544
2.302556
2.302581
2.302562
2.302573
2.302581
2.302607
2.302573
2.302590
2.302573
2.302566
2.302578
2.302590
2.302583
2.302559
2.302569
2.302546
2.302545
2.302582
2.302550
2.302504
2.302591
2.302544
2.302615
2.302619
2.302603
2.302564
2.302608
2.302617
2.302572
2.302593
2.302594
2.302575
2.302577
2.302586
2.302572
2.302584
2.302583
2.302601
2.302569
2.302601
2.302545
2.302538
2.302574
2.302598
2.302538
2.302607
2.302602
2.302493
2.302528
2.302553
2.302588
2.302603
2.302608
2.302500
2.302647
2.302517
2.302564
2.302589
2.302581
2.302524
2.302616
2.302586
2.302599
2.302572
2.302588
2.302584
2.302582
2.302580
2.302587
2.302595
2.302586
2.302591
2.302607
2.302570
2.302567
2.302593
2.302593
2.302593
2.302573
2.302585
2.302573
2.302583
2.302583
2.302567
2.302583
2.302572
2.302585
2.302585
2.302574
2.302577
2.302590
2.302580
2.302568
2.302583
2.302578
2.302603
2.302586
2.302550
2.302547
2.302571
2.302614
2.302572
2.302583
2.302573
2.302594
2.302566
2.302619
2.302571
2.302581
2.302597
2.302576
2.302521
2.302512
2.302588
2.302584
2.302577
2.302581
2.302577
2.302603
2.302574
2.302586
2.302589
2.302580
2.302591
2.302586
2.302585
2.302587
2.302591
2.302585
2.302585
2.302596
2.302585
2.302570
2.302607
2.302569
2.302579
2.302579
2.302577
2.302591
2.302576
2.302589
2.302572
2.302584
2.302595
2.302577
2.302590
2.302591
2.302568
2.302563
2.302588
2.302584
2.302581
2.302579
2.302592
2.302581
2.302594
2.302580
2.302569
2.302546
2.302613
2.302599
2.302577
2.302567
2.302559
2.302598
2.302607
2.302591
2.302636
2.302630
2.302547
2.302546
2.302576
2.302551
2.302613
2.302564
2.302578
2.302602
2.302589
2.302566
2.302539
2.302575
2.302569
2.302577
2.302609
2.302586
2.302554
2.302591
2.302602
2.302580
2.302572
2.302592
2.302585
2.302587
2.302584
2.302593
2.302593
2.302598
2.302586
2.302585
2.302582
2.302584
2.302583
2.302581
2.302581
2.302596
2.302574
2.302584
2.302590
2.302584
2.302598
2.302593
2.302574
2.302566
2.302592
2.302538
2.302611
2.302536
2.302644
2.302550
2.302623
2.302556
2.302603
2.302582
2.302576
2.302577
2.302589
2.302616
2.302572
2.302611
2.302570
2.302580
2.302600
2.302580
2.302557
2.302579
2.302602
2.302578
2.302566
2.302574
2.302583
2.302580
2.302581
2.302580
2.302573
2.302583
2.302583
2.302577
2.302583
2.302578
2.302589
2.302582
2.302570
2.302567
2.302584
2.302582
2.302585
2.302588
2.302577
2.302570
2.302573
2.302567
2.302567
2.302608
2.302560
2.302557
2.302575
2.302604
2.302594
2.302548
2.302601
2.302577
2.302567
2.302598
2.302537
2.302579
2.302552
2.302544
2.302594
2.302593
2.302551
2.302575
2.302594
2.302557
2.302559
2.302579
2.302575
2.302587
2.302546
2.302558
2.302579
2.302579
2.302577
2.302596
2.302587
2.302577
2.302595
2.302591
2.302584
2.302583
2.302586
2.302589
2.302588
2.302574
2.302572
2.302561
2.302586
2.302583
2.302563
2.302551
2.302596
2.302537
2.302572
2.302566
2.302602
2.302549
2.302586
2.302570
2.302572
2.302583
2.302577
2.302598
2.302606
2.302550
2.302567
2.302558
2.302596
2.302603
2.302569
2.302567
2.302601
2.302582
2.302595
2.302583
2.302576
2.302577
2.302575
2.302583
2.302592
2.302587
2.302587
2.302588
2.302583
2.302572
2.302591
2.302589
2.302585
2.302586
2.302580
2.302581
2.302577
2.302592
2.302592
2.302579
2.302588
2.302590
2.302588
2.302586
2.302593
2.302602
2.302589
2.302583
2.302574
2.302584
2.302577
2.302588
2.302583
2.302586
2.302589
2.302588
2.302583
2.302587
2.302590
2.302592
2.302578
2.302579
2.302580
2.302594
2.302565
2.302588
2.302585
2.302586
2.302573
2.302586
2.302596
2.302577
2.302588
2.302588
2.302588
2.302593
2.302589
2.302559
2.302602
2.302591
2.302623
2.302574
2.302609
2.302568
2.302584
2.302585
2.302585
2.302584
2.302595
2.302592
2.302589
2.302583
2.302578
2.302586
2.302583
2.302588
2.302583
2.302594
2.302591
2.302580
2.302581
2.302577
2.302589
2.302582
2.302570
2.302573
2.302575
2.302602
2.302590
2.302573
2.302581
2.302544
2.302599
2.302638
2.302574
2.302585
2.302573
2.302565
2.302602
2.302578
2.302572
2.302585
2.302586
2.302580
2.302567
2.302593
2.302574
2.302583
2.302585
2.302596
2.302579
2.302602
2.302582
2.302590
2.302579
2.302585
2.302579
2.302576
2.302577
2.302580
2.302572
2.302579
2.302589
2.302583
2.302595
2.302572
2.302584
2.302583
2.302545
2.302588
2.302569
2.302612
2.302660
2.302550
2.302587
2.302566
2.302572
2.302567
2.302579
2.302557
2.302586
2.302580
2.302573
2.302592
2.302611
2.302593
2.302567
2.302571
2.302586
2.302573
2.302614
2.302565
2.302627
2.302563
2.302575
2.302552
2.302565
2.302566
2.302583
2.302533
2.302646
2.302582
2.302581
2.302577
2.302599
2.302594
2.302584
2.302580
2.302589
2.302573
2.302600
2.302591
2.302595
2.302591
2.302579
2.302584
2.302571
2.302575
2.302578
2.302576
2.302587
2.302588
2.302588
2.302587
2.302590
2.302588
2.302577
2.302587
2.302573
2.302604
2.302575
2.302600
2.302583
2.302583
2.302582
2.302588
2.302578
2.302586
2.302579
2.302589
2.302593
2.302597
2.302578
2.302569
2.302595
2.302586
2.302598
2.302587
2.302586
2.302575
2.302591
2.302585
2.302585
2.302568
2.302588
2.302586
2.302603
2.302541
2.302559
2.302584
2.302594
2.302596
2.302575
2.302542
2.302609
2.302557
2.302598
2.302576
2.302597
2.302587
2.302548
2.302586
2.302564
2.302620
2.302586
2.302634
2.302552
2.302568
2.302603
2.302556
2.302582
2.302604
2.302557
2.302551
2.302631
2.302563
2.302570
2.302583
2.302590
2.302596
2.302583
2.302583
2.302566
2.302600
2.302568
2.302568
2.302579
2.302586
2.302587
2.302581
2.302585
2.302588
2.302598
2.302608
2.302582
2.302574
2.302577
2.302581
2.302591
2.302583
2.302581
2.302585
2.302570
2.302593
2.302588
2.302580
2.302584
2.302592
2.302586
2.302589
2.302590
2.302578
2.302584
2.302570
2.302593
2.302584
2.302590
2.302588
2.302579
2.302589
2.302591
2.302586
2.302599
2.302582
2.302587
2.302565
2.302569
2.302577
2.302586
2.302611
2.302569
2.302608
2.302574
2.302584
2.302588
2.302585
2.302593
2.302582
2.302584
2.302586
2.302588
2.302590
2.302565
2.302536
2.302603
2.302583
2.302600
2.302603
2.302588
2.302613
2.302583
2.302583
2.302584
2.302588
2.302572
2.302600
2.302585
2.302587
2.302587
2.302581
2.302580
2.302584
2.302557
2.302541
2.302552
2.302530
2.302572
2.302559
2.302558
2.302581
2.302594
2.302615
2.302556
2.302569
2.302567
2.302610
2.302590
2.302576
2.302581
2.302587
2.302589
2.302584
2.302585
2.302582
2.302586
2.302571
2.302608
2.302568
2.302579
2.302570
2.302562
2.302588
2.302544
2.302603
2.302598
2.302604
2.302578
2.302580
2.302571
2.302597
2.302589
2.302586
2.302584
2.302583
2.302562
2.302550
2.302588
2.302580
2.302612
2.302568
2.302555
2.302592
2.302587
2.302578
2.302576
2.302554
2.302565
2.302591
2.302579
2.302565
2.302608
2.302542
2.302455
2.302620
2.302584
2.302575
2.302585
2.302592
2.302576
2.302572
2.302555
2.302589
2.302619
2.302643
2.302583
2.302586
2.302578
2.302565
2.302586
2.302586
2.302585
2.302584
2.302588
2.302583
2.302586
2.302591
2.302574
2.302587
2.302593
2.302578
2.302598
2.302580
2.302581
2.302577
2.302586
2.302578
2.302569
2.302608
2.302587
2.302591
2.302583
2.302586
2.302581
2.302585
2.302578
2.302578
2.302588
2.302581
2.302583
2.302583
2.302584
2.302586
2.302579
2.302582
2.302583
2.302587
2.302585
2.302566
2.302585
2.302588
2.302566
2.302570
2.302617
2.302588
2.302585
2.302555
2.302583
2.302594
2.302580
2.302587
2.302588
2.302584
2.302577
2.302580
2.302602
2.302591
2.302582
2.302584
2.302583
2.302595
2.302581
2.302585
2.302545
2.302582
2.302595
2.302628
2.302568
2.302591
2.302554
2.302598
2.302585
2.302586
2.302591
2.302581
2.302581
2.302572
2.302596
2.302565
2.302585
2.302591
2.302583
2.302583
2.302584
2.302582
2.302593
2.302573
2.302588
2.302584
2.302589
2.302597
2.302577
2.302587
2.302580
2.302588
2.302584
2.302614
2.302579
2.302581
2.302572
2.302564
2.302597
2.302561
2.302589
2.302581
2.302583
2.302587
2.302583
2.302587
2.302584
2.302582
2.302584
2.302580
2.302581
2.302586
2.302577
2.302588
2.302599
2.302583
2.302585
2.302590
2.302584
2.302585
2.302590
2.302584
2.302586
2.302579
2.302568
2.302577
2.302563
2.302598
2.302579
2.302581
2.302585
2.302588
2.302583
2.302581
2.302582
2.302587
2.302575
2.302581
2.302593
2.302580
2.302585
2.302584
2.302579
2.302585
2.302589
2.302582
2.302578
2.302572
2.302585
2.302584
2.302590
2.302586
2.302582
2.302584
2.302573
2.302589
2.302566
2.302567
2.302588
2.302584
2.302565
2.302570
2.302587
2.302575
2.302583
2.302590
2.302583
2.302581
2.302587
2.302589
2.302582
2.302589
2.302569
2.302570
2.302611
2.302582
2.302558
2.302572
2.302591
2.302607
2.302550
2.302550
2.302577
2.302593
2.302560
2.302588
2.302580
2.302552
2.302584
2.302558
2.302606
2.302577
2.302607
2.302585
2.302597
2.302547
2.302557
2.302587
2.302536
2.302619
2.302548
2.302527
2.302520
2.302567
2.302529
2.302557
2.302547
2.302529
2.302538
2.302549
2.302559
2.302635
2.302570
2.302573
2.302586
2.302589
2.302589
2.302586
2.302580
2.302575
2.302592
2.302587
2.302581
2.302588
2.302582
2.302582
2.302583
2.302563
2.302577
2.302581
2.302578
2.302596
2.302582
2.302571
2.302584
2.302600
2.302589
2.302582
2.302578
2.302584
2.302599
2.302597
2.302574
2.302583
2.302562
2.302559
2.302616
2.302566
2.302574
2.302586
2.302601
2.302585
2.302590
2.302581
2.302600
2.302598
2.302582
2.302586
2.302587
2.302586
2.302585
2.302580
2.302577
2.302572
2.302585
2.302586
2.302572
2.302585
2.302584
2.302580
2.302575
2.302589
2.302585
2.302573
2.302577
2.302584
2.302588
2.302587
2.302575
2.302588
2.302579
2.302592
2.302570
2.302579
2.302598
2.302531
2.302621
2.302588
2.302597
2.302626
2.302592
2.302578
2.302606
2.302609
2.302600
2.302554
2.302547
2.302609
2.302583
2.302553
2.302580
2.302543
2.302624
2.302637
2.302581
2.302593
2.302559
2.302594
2.302567
2.302562
2.302584
2.302593
2.302604
2.302590
2.302583
2.302583
2.302606
2.302584
2.302579
2.302567
2.302585
2.302602
2.302591
2.302589
2.302583
2.302582
2.302589
2.302588
2.302584
2.302588
2.302580
2.302583
2.302593
2.302577
2.302582
2.302583
2.302536
2.302556
2.302604
2.302568
2.302601
2.302550
2.302598
2.302588
2.302574
2.302592
2.302566
2.302541
2.302595
2.302539
2.302580
2.302589
2.302560
2.302561
2.302592
2.302580
2.302611
2.302566
2.302570
2.302599
2.302560
2.302597
2.302585
2.302582
2.302604
2.302585
2.302584
2.302581
2.302585
2.302531
2.302588
2.302564
2.302629
2.302523
2.302592
2.302589
2.302574
2.302588
2.302549
2.302559
2.302523
2.302569
2.302564
2.302591
2.302618
2.302567
2.302585
2.302567
2.302613
2.302588
2.302571
2.302574
2.302574
2.302616
2.302583
2.302599
2.302619
2.302584
2.302576
2.302573
2.302559
2.302590
2.302597
2.302580
2.302590
2.302578
2.302592
2.302596
2.302583
2.302596
2.302583
2.302591
2.302578
2.302586
2.302583
2.302584
2.302584
2.302577
2.302588
2.302582
2.302586
2.302585
2.302591
2.302592
2.302583
2.302600
2.302585
2.302585
2.302603
2.302584
2.302582
2.302585
2.302574
2.302587
2.302609
2.302585
2.302587
2.302586
2.302578
2.302577
2.302586
2.302583
2.302587
2.302586
2.302577
2.302589
2.302590
2.302588
2.302592
2.302585
2.302581
2.302583
2.302601
2.302580
2.302596
2.302589
2.302584
2.302577
2.302560
2.302585
2.302587
2.302586
2.302579
2.302595
2.302597
2.302591
2.302582
2.302596
2.302584
2.302588
2.302576
2.302587
2.302581
2.302597
2.302581
2.302587
2.302576
2.302575
2.302552
2.302589
2.302584
2.302593
2.302551
2.302598
2.302553
2.302568
2.302588
2.302573
2.302584
2.302542
2.302537
2.302545
2.302567
2.302561
2.302590
2.302609
2.302579
2.302555
2.302607
2.302548
2.302565
2.302592
2.302565
2.302577
2.302605
2.302597
2.302558
2.302575
2.302594
2.302608
2.302595
2.302528
2.302605
2.302581
2.302586
2.302588
2.302586
2.302586
2.302575
2.302596
2.302584
2.302592
2.302583
2.302586
2.302587
2.302593
2.302587
2.302588
2.302578
2.302569
2.302573
2.302592
2.302590
2.302586
2.302593
2.302584
2.302560
2.302584
2.302590
2.302572
2.302589
2.302587
2.302588
2.302587
2.302580
2.302589
2.302584
2.302588
2.302591
2.302584
2.302588
2.302576
2.302581
2.302583
2.302579
2.302567
2.302586
2.302588
2.302583
2.302585
2.302581
2.302582
2.302580
2.302582
2.302580
2.302579
2.302556
2.302588
2.302564
2.302586
2.302551
2.302564
2.302583
2.302614
2.302565
2.302570
2.302576
2.302600
2.302564
2.302568
2.302569
2.302569
2.302573
2.302570
2.302565
2.302608
2.302584
2.302570
2.302555
2.302668
2.302559
2.302598
2.302570
2.302569
2.302605
2.302588
2.302554
2.302596
2.302580
2.302603
2.302608
2.302591
2.302598
2.302582
2.302583
2.302586
2.302594
2.302589
2.302587
2.302601
2.302583
2.302593
2.302586
2.302592
2.302584
2.302578
2.302584
2.302581
2.302547
2.302589
2.302586
2.302571
2.302584
2.302587
2.302588
2.302595
2.302583
2.302588
2.302592
2.302590
2.302587
2.302588
2.302584
2.302578
2.302579
2.302582
2.302585
2.302583
2.302579
2.302573
2.302557
2.302593
2.302597
2.302589
2.302589
2.302618
2.302587
2.302608
2.302572
2.302593
2.302561
2.302622
2.302565
2.302583
2.302578
2.302570
2.302582
2.302576
2.302598
2.302570
2.302558
2.302572
2.302573
2.302587
2.302593
2.302574
2.302595
2.302583
2.302575
2.302580
2.302589
2.302586
2.302583
2.302584
2.302579
2.302580
2.302583
2.302596
2.302580
2.302581
2.302583
2.302595
2.302601
2.302579
2.302583
2.302582
2.302598
2.302590
2.302584
2.302588
2.302592
2.302583
2.302592
2.302584
2.302585
2.302563
2.302574
2.302586
2.302571
2.302587
2.302572
2.302590
2.302557
2.302586
2.302577
2.302576
2.302594
2.302582
2.302589
2.302585
2.302582
2.302586
2.302584
2.302584
2.302596
2.302556
2.302564
2.302559
2.302598
2.302583
2.302572
2.302576
2.302534
2.302569
2.302583
2.302568
2.302557
2.302554
2.302584
2.302608
2.302593
2.302544
2.302568
2.302599
2.302625
2.302590
2.302578
2.302588
2.302556
2.302517
2.302593
2.302618
2.302587
2.302586
2.302584
2.302600
2.302585
2.302588
2.302579
2.302577
2.302581
2.302590
2.302581
2.302581
2.302554
2.302583
2.302602
2.302579
2.302591
2.302589
2.302567
2.302574
2.302596
2.302575
2.302595
2.302589
2.302587
2.302576
2.302569
2.302558
2.302587
2.302562
2.302645
2.302571
2.302594
2.302593
2.302587
2.302582
2.302579
2.302586
2.302586
2.302588
2.302584
2.302594
2.302584
2.302585
2.302593
2.302593
2.302576
2.302570
2.302598
2.302612
2.302562
2.302545
2.302577
2.302577
2.302583
2.302584
2.302570
2.302597
2.302586
2.302586
2.302587
2.302587
2.302577
2.302592
2.302584
2.302585
2.302586
2.302579
2.302587
2.302593
2.302578
2.302582
2.302575
2.302584
2.302588
2.302586
2.302583
2.302576
2.302580
2.302581
2.302600
2.302585
2.302567
2.302579
2.302579
2.302562
2.302582
2.302581
2.302591
2.302579
2.302576
2.302566
2.302575
2.302613
2.302562
2.302596
2.302606
2.302565
2.302590
2.302576
2.302593
2.302580
2.302579
2.302589
2.302588
2.302585
2.302583
2.302575
2.302590
2.302588
2.302585
2.302571
2.302586
2.302548
2.302579
2.302577
2.302581
2.302586
2.302589
2.302595
2.302585
2.302588
2.302583
2.302585
2.302587
2.302573
2.302588
2.302586
2.302587
2.302578
2.302587
2.302598
2.302558
2.302560
2.302593
2.302577
2.302582
2.302565
2.302583
2.302611
2.302582
2.302561
2.302570
2.302597
2.302583
2.302568
2.302573
2.302597
2.302579
2.302570
2.302570
2.302588
2.302555
2.302616
2.302628
2.302594
2.302579
2.302587
2.302585
2.302590
2.302575
2.302581
2.302590
2.302580
2.302591
2.302585
2.302586
2.302582
2.302579
2.302587
2.302585
2.302610
2.302583
2.302587
2.302587
2.302584
2.302586
2.302584
2.302587
2.302573
2.302613
2.302558
2.302596
2.302543
2.302509
2.302567
2.302537
2.302556
2.302523
2.302574
2.302581
2.302617
2.302526
2.302544
2.302621
2.302594
2.302572
2.302595
2.302517
2.302569
2.302604
2.302569
2.302571
2.302583
2.302591
2.302592
2.302586
2.302591
2.302573
2.302571
2.302579
2.302527
2.302564
2.302541
2.302556
2.302587
2.302518
2.302571
2.302583
2.302569
2.302599
2.302579
2.302581
2.302581
2.302550
2.302595
2.302589
2.302566
2.302563
2.302606
2.302563
2.302577
2.302576
2.302602
2.302565
2.302593
2.302590
2.302600
2.302588
2.302578
2.302590
2.302593
2.302581
2.302572
2.302590
2.302598
2.302588
2.302576
2.302593
2.302594
2.302590
2.302565
2.302573
2.302564
2.302597
2.302589
2.302590
2.302568
2.302584
2.302576
2.302572
2.302585
2.302572
2.302590
2.302577
2.302583
2.302586
2.302593
2.302586
2.302591
2.302582
2.302590
2.302575
2.302571
2.302583
2.302588
2.302596
2.302587
2.302590
2.302592
2.302590
2.302585
2.302592
2.302570
2.302582
2.302598
2.302588
2.302584
2.302586
2.302583
2.302584
2.302580
2.302587
2.302581
2.302585
2.302584
2.302581
2.302585
2.302566
2.302586
2.302566
2.302586
2.302582
2.302573
2.302571
2.302580
2.302605
2.302558
2.302578
2.302560
2.302581
2.302566
2.302576
2.302569
2.302567
2.302618
2.302577
2.302584
2.302568
2.302589
2.302591
2.302583
2.302575
2.302584
2.302585
2.302585
2.302583
2.302586
2.302588
2.302587
2.302588
2.302579
2.302598
2.302584
2.302593
2.302592
2.302600
2.302587
2.302572
2.302633
2.302573
2.302551
2.302581
2.302587
2.302590
2.302593
2.302582
2.302586
2.302581
2.302581
2.302584
2.302582
2.302562
2.302573
2.302603
2.302577
2.302591
2.302583
2.302589
2.302586
2.302583
2.302582
2.302577
2.302587
2.302582
2.302586
2.302589
2.302583
2.302571
2.302581
2.302585
2.302594
2.302582
2.302583
2.302591
2.302583
2.302577
2.302571
2.302577
2.302567
2.302550
2.302575
2.302580
2.302596
2.302586
2.302578
2.302576
2.302584
2.302591
2.302580
2.302589
2.302559
2.302590
2.302572
2.302575
2.302592
2.302610
2.302584
2.302585
2.302579
2.302588
2.302587
2.302579
2.302584
2.302600
2.302586
2.302584
2.302586
2.302585
2.302568
2.302587
2.302539
2.302602
2.302573
2.302522
2.302567
2.302630
2.302544
2.302602
2.302557
2.302592
2.302618
2.302547
2.302604
2.302576
2.302579
2.302565
2.302619
2.302574
2.302600
2.302585
2.302579
2.302555
2.302582
2.302585
2.302574
2.302584
2.302583
2.302585
2.302590
2.302585
2.302591
2.302573
2.302582
2.302582
2.302593
2.302580
2.302581
2.302581
2.302582
2.302581
2.302589
2.302584
2.302570
2.302595
2.302574
2.302586
2.302584
2.302586
2.302585
2.302587
2.302579
2.302585
2.302579
2.302587
2.302584
2.302583
2.302583
2.302587
2.302583
2.302571
2.302571
2.302578
2.302579
2.302589
2.302584
2.302583
2.302579
2.302583
2.302587
2.302581
2.302590
2.302594
2.302557
2.302550
2.302557
2.302573
2.302562
2.302571
2.302586
2.302581
2.302587
2.302583
2.302583
2.302586
2.302585
2.302587
2.302585
2.302588
2.302594
2.302577
2.302592
2.302585
2.302593
2.302583
2.302590
2.302581
2.302585
2.302588
2.302585
2.302589
2.302585
2.302582
2.302581
2.302582
2.302581
2.302587
2.302580
2.302589
2.302577
2.302583
2.302588
2.302598
2.302590
2.302582
2.302588
2.302577
2.302579
2.302588
2.302583
2.302581
2.302589
2.302589
2.302589
2.302589
2.302589
2.302585
2.302580
2.302580
2.302580
2.302587
2.302582
2.302581
2.302592
2.302580
2.302574
2.302581
2.302585
2.302581
2.302585
2.302589
2.302581
2.302587
2.302582
2.302581
2.302578
2.302588
2.302582
2.302581
2.302577
2.302579
2.302607
2.302580
2.302589
2.302560
2.302591
2.302589
2.302587
2.302580
2.302584
2.302575
2.302582
2.302582
2.302576
2.302564
2.302583
2.302593
2.302612
2.302579
2.302578
2.302588
2.302577
2.302617
2.302586
2.302589
2.302584
2.302583
2.302589
2.302585
2.302586
2.302588
2.302585
2.302584
2.302583
2.302580
2.302581
2.302575
2.302588
2.302584
2.302566
2.302589
2.302603
2.302577
2.302578
2.302578
2.302583
2.302588
2.302588
2.302588
2.302578
2.302585
2.302580
2.302577
2.302586
2.302583
2.302576
2.302587
2.302582
2.302603
2.302584
2.302597
2.302584
2.302583
2.302584
2.302583
2.302588
2.302572
2.302570
2.302583
2.302576
2.302595
2.302582
2.302580
2.302581
2.302585
2.302585
2.302587
2.302581
2.302586
2.302582
2.302584
2.302585
2.302584
2.302587
2.302581
2.302599
2.302590
2.302586
2.302584
2.302583
2.302579
2.302573
2.302582
2.302620
2.302577
2.302590
2.302582
2.302585
2.302583
2.302570
2.302571
2.302588
2.302574
2.302583
2.302584
2.302581
2.302585
2.302585
2.302585
2.302574
2.302585
2.302585
2.302579
2.302587
2.302580
2.302590
2.302585
2.302587
2.302589
2.302579
2.302578
2.302592
2.302580
2.302574
2.302584
2.302589
2.302577
2.302567
2.302583
2.302538
2.302607
2.302573
2.302584
2.302592
2.302596
2.302574
2.302570
2.302575
2.302586
2.302592
2.302587
2.302588
2.302581
2.302584
2.302585
2.302591
2.302587
2.302584
2.302585
2.302588
2.302582
2.302579
2.302586
2.302573
2.302583
2.302581
2.302581
2.302578
2.302575
2.302563
2.302578
2.302582
2.302585
2.302584
2.302583
2.302584
2.302580
2.302583
2.302583
2.302583
2.302582
2.302561
2.302577
2.302606
2.302582
2.302616
2.302596
2.302551
2.302592
2.302593
2.302595
2.302620
2.302619
2.302578
2.302562
2.302593
2.302580
2.302579
2.302559
2.302570
2.302609
2.302559
2.302574
2.302567
2.302545
2.302589
2.302569
2.302580
2.302564
2.302547
2.302588
2.302582
2.302575
2.302573
2.302589
2.302585
2.302588
2.302579
2.302582
2.302591
2.302580
2.302585
2.302571
2.302580
2.302585
2.302585
