2.328007
2.343720
2.107490
2.308923
2.270693
2.227873
2.246497
2.187222
2.239699
2.207168
2.105376
2.118924
2.176340
2.084148
1.977128
1.767307
1.571419
1.406903
1.795540
1.461322
1.271986
1.215096
1.050100
0.940548
0.925909
0.755657
0.925217
0.608710
0.635392
0.643143
0.649865
0.652762
0.585899
0.742213
0.503708
0.567384
0.626385
0.638476
0.390698
0.408801
0.562220
0.350352
0.465101
0.320990
0.608762
0.750261
0.549610
0.643297
0.337596
0.156896
0.478838
0.457225
0.462923
0.336372
0.399360
0.470875
0.209522
0.279577
0.493246
0.358768
0.402773
0.757683
0.388758
0.627938
0.608689
0.522150
0.483023
0.556241
0.349254
0.239600
0.418681
0.330075
0.413205
0.411139
0.258547
0.290804
0.187017
0.199432
0.571135
0.198836
0.239685
0.275201
0.169532
0.205688
0.109842
0.625080
0.580310
0.430648
0.567137
0.119203
0.372288
0.303908
0.247609
0.318240
0.370336
0.171630
0.131374
0.225909
0.144894
0.200340
0.320392
0.172079
0.286530
0.250750
0.215198
0.250399
0.216573
0.164639
0.103654
0.146964
0.447481
0.777641
0.371651
0.097981
0.236638
0.260123
0.291286
0.245430
0.106032
0.277372
0.254090
0.240710
0.103963
0.200951
0.213836
0.357432
0.236981
0.202337
0.323218
0.286652
0.357058
0.278199
0.144046
0.339877
0.272424
0.248207
0.282761
0.213011
0.485927
0.267088
0.186669
0.470097
0.472817
0.554778
0.127462
0.042556
0.383861
0.186868
0.290463
0.190950
0.354858
0.214510
0.134796
0.463588
0.471211
0.124335
0.238687
0.140219
0.299617
0.201637
0.317101
0.157548
0.143192
0.106832
0.175080
0.167785
0.090662
0.298239
0.082790
0.293774
0.179743
0.201127
0.206262
0.265216
0.256223
0.295309
0.142857
0.078292
0.180447
0.159418
0.213503
0.163072
0.296836
0.080384
0.123717
0.405016
0.192254
0.144098
0.300380
0.131266
0.153677
0.255918
0.158221
0.202330
0.185334
0.233490
0.473620
0.165037
0.468974
0.125134
0.387663
0.172038
0.602877
0.098662
0.311215
0.536103
0.277614
0.298304
0.201979
0.204635
0.419044
0.452432
0.213683
0.190725
0.315898
0.252602
0.118923
0.242122
0.113037
0.181093
0.057807
0.326938
0.024272
0.203446
0.177217
0.289666
0.293956
0.208726
0.107332
0.353349
0.240288
0.197220
0.205352
0.476674
0.251810
0.358463
0.157328
0.185613
0.188009
0.064257
0.288829
0.280301
0.347527
0.179072
0.156257
0.290457
0.073385
0.134721
0.313521
0.079235
0.136538
0.053472
0.125865
0.132012
0.077643
0.152675
0.192328
0.109400
0.070120
0.076638
0.056462
0.098032
0.138882
0.089026
0.359748
0.204490
0.274608
0.110971
0.235200
0.143266
0.216135
0.109865
0.268526
0.223321
0.077309
0.109603
0.175642
0.269517
0.032582
0.202080
0.067789
0.114523
0.150852
0.091188
0.249015
0.159778
0.217871
0.210151
0.105145
0.090158
0.110895
0.167483
0.122046
0.466852
0.108291
0.226402
0.125506
0.049287
0.219184
0.103062
0.106088
0.053012
0.132216
0.060896
0.256172
0.104753
0.258649
0.340611
0.136001
0.215378
0.240794
0.075163
0.149598
0.152562
0.055820
0.169797
0.077619
0.031556
0.067626
0.137312
0.123688
0.189491
0.078012
0.208030
0.292323
0.116523
0.206021
0.062202
0.121356
0.115700
0.091011
0.173113
0.047092
0.208321
0.323541
0.273807
0.233986
0.515011
0.187290
0.058512
0.086519
0.088640
0.113749
0.170970
0.055702
0.174720
0.127628
0.184387
0.311611
0.303280
0.175451
0.424823
0.106673
0.306297
0.186404
0.135558
0.231981
0.283102
0.239832
0.154916
0.118830
0.058034
0.087190
0.449649
0.241555
0.101548
0.120231
0.220089
0.116822
0.048269
0.292090
0.256253
0.137633
0.366626
0.083816
0.179406
0.100975
0.128410
0.255667
0.253657
0.101676
0.158700
0.165233
0.245248
0.148418
0.376506
0.040449
0.103135
0.084504
0.083406
0.072453
0.057507
0.135985
0.165842
0.151928
0.056228
0.045282
0.072610
0.311070
0.225710
0.270465
0.043869
0.121659
0.405990
0.185464
0.324199
0.203112
0.203905
0.159465
0.128444
0.168931
0.252893
0.058607
0.063032
0.082040
0.044187
0.163466
0.314912
0.082832
0.284659
0.363521
0.106465
0.045815
0.156453
0.175833
0.168223
0.105558
0.435085
0.163233
0.082298
0.148169
0.093227
0.257386
0.050340
0.051472
0.041128
0.210726
0.106929
0.094034
0.192993
0.359342
0.176707
0.150104
0.127004
0.130056
0.062205
0.181409
0.167046
0.110271
0.179595
0.089965
0.044102
0.138199
0.102949
0.370995
0.095411
0.129893
0.367853
0.323476
0.469804
0.147311
0.458548
0.073756
0.134443
0.103535
0.261227
0.164648
0.035338
0.025966
0.289396
0.140074
0.109983
0.092426
0.187689
0.146298
0.041735
0.332003
0.256122
0.029540
0.166230
0.080399
0.028326
0.028096
0.291094
0.147716
0.265015
0.236904
0.148550
0.171108
0.051693
0.186747
0.138449
0.097528
0.197038
0.127438
0.020899
0.026310
0.178998
0.147272
0.156658
0.057893
0.099580
0.141667
0.085198
0.071932
0.262743
0.060040
0.158210
0.245422
0.157985
0.318234
0.118512
0.223368
0.085595
0.027553
0.144620
0.344221
0.331688
0.163746
0.062169
0.089209
0.128972
0.069506
0.167432
0.251639
0.176708
0.075878
0.035749
0.124536
0.066321
0.100405
0.211552
0.231643
0.212512
0.101524
0.094079
0.027132
0.091356
0.109618
0.233709
0.218363
0.240652
0.090450
0.031465
0.093647
0.085362
0.058183
0.028955
0.323721
0.095190
0.091116
0.068214
0.091081
0.043569
0.091512
0.125685
0.410053
0.087875
0.146367
0.029292
0.085496
0.134841
0.298435
0.016114
0.033527
0.219920
0.124837
0.179532
0.110676
0.058379
0.056119
0.118886
0.114421
0.074390
0.269268
0.084237
0.232894
0.066083
0.366743
0.270295
0.060722
0.302758
0.049026
0.044731
0.123290
0.049144
0.253591
0.061483
0.168864
0.247698
0.070921
0.066720
0.324064
0.131083
0.073238
0.100791
0.076052
0.115071
0.111718
0.081120
0.222624
0.115529
0.102037
0.188394
0.044853
0.080098
0.184892
0.017347
0.073345
0.085161
0.064723
0.237839
0.069227
0.586656
0.077673
0.085721
0.017318
0.135181
0.309748
0.225477
0.141798
0.310907
0.115396
0.032350
0.047345
0.046420
0.052698
0.295454
0.030887
0.117118
0.180598
0.261442
0.188383
0.053628
0.072392
0.307193
0.083657
0.132397
0.124976
0.085660
0.041093
0.081566
0.112640
0.107041
0.300058
0.168953
0.118087
0.071921
0.109008
0.165358
0.060865
0.070003
0.055374
0.133973
0.223263
0.078732
0.214205
0.098121
0.097512
0.069690
0.221697
0.188468
0.123787
0.186169
0.102435
0.086198
0.039460
0.185620
0.554394
0.074032
0.131566
0.236007
0.060046
0.070498
0.090480
0.073936
0.093865
0.079977
0.085984
0.174773
0.081484
0.092198
0.180208
0.385188
0.041090
0.170412
0.139511
0.130734
0.148939
0.233312
0.156757
0.168432
0.056307
0.066064
0.245548
0.306965
0.137470
0.173112
0.084476
0.103124
0.084926
0.127338
0.209312
0.138916
0.015216
0.060521
0.093976
0.211184
0.060998
0.166281
0.072030
0.033102
0.237770
0.103401
0.016927
0.224765
0.104295
0.246973
0.139528
0.033797
0.059223
0.194102
0.070407
0.080086
0.158288
0.115347
0.159537
0.171838
0.211248
0.128087
0.038689
0.246249
0.060595
0.063360
0.268342
0.055958
0.056726
0.113945
0.273799
0.110547
0.109410
0.044432
0.079869
0.169848
0.095201
0.040652
0.115561
0.222097
0.062282
0.140521
0.204197
0.086488
0.113942
0.080344
0.105510
0.108537
0.038424
0.067456
0.134749
0.045600
0.209257
0.042367
0.097359
0.307031
0.187626
0.089900
0.176376
0.176726
0.069814
0.224993
0.096093
0.065274
0.212625
0.077153
0.091836
0.047268
0.105450
0.146971
0.019416
0.022538
0.122076
0.330577
0.061556
0.086128
0.134772
0.460830
0.046442
0.198244
0.146806
0.056801
0.146672
0.081350
0.075324
0.087612
0.174427
0.561085
0.133238
0.222739
0.060633
0.023506
0.253601
0.077688
0.235680
0.014128
0.112958
0.015849
0.030236
0.070958
0.149347
0.143401
0.092457
0.221475
0.117232
0.070374
0.056361
0.031358
0.077229
0.136978
0.388305
0.063591
0.078164
0.088699
0.179051
0.099581
0.132441
0.068998
0.082416
0.065809
0.040512
0.045607
0.326091
0.048875
0.190486
0.348562
0.153326
0.211063
0.129310
0.208837
0.264683
0.066563
0.050252
0.047273
0.117650
0.153142
0.353264
0.057754
0.105871
0.185779
0.164191
0.173259
0.178904
0.076647
0.173164
0.256461
0.156694
0.148840
0.060694
0.117806
0.030177
0.118761
0.061366
0.087817
0.074082
0.122950
0.171970
0.218788
0.032424
0.034275
0.072020
0.153943
0.224760
0.078839
0.083499
0.045588
0.096978
0.038227
0.042980
0.246032
0.203122
0.314191
0.061713
0.083548
0.228144
0.109688
0.130803
0.028881
0.252171
0.060834
0.214417
0.035658
0.330659
0.037541
0.085597
0.053381
0.050027
0.272339
0.078233
0.129963
0.159898
0.187055
0.061444
0.133861
0.190467
0.061103
0.326185
0.025541
0.103218
0.168698
0.037479
0.081549
0.039937
0.025880
0.047385
0.024541
0.140910
0.042496
0.025951
0.127763
0.400728
0.104951
0.208832
0.040838
0.375458
0.061613
0.128028
0.128569
0.102387
0.102255
0.159126
0.116139
0.069522
0.215016
0.030504
0.084229
0.049382
0.086488
0.091766
0.027360
0.202284
0.126496
0.058564
0.045913
0.051712
0.032290
0.182284
0.057639
0.079121
0.293526
0.074034
0.052475
0.138572
0.297166
0.058101
0.196111
0.049997
0.043180
0.079627
0.248287
0.147715
0.104272
0.094856
0.125767
0.116898
0.009249
0.150195
0.129095
0.203189
0.032696
0.062289
0.211306
0.086869
0.137670
0.089125
0.098466
0.088753
0.242362
0.137432
0.077785
0.024754
0.179323
0.226999
0.106860
0.097051
0.046435
0.120492
0.196031
0.207862
0.051420
0.077730
0.082059
0.197917
0.079154
0.267877
0.083870
0.093055
0.148801
0.133025
0.287256
0.083045
0.098963
0.099951
0.048159
0.255212
0.077936
0.069297
0.068129
0.140675
0.090934
0.072235
0.328148
0.146946
0.333621
0.083279
0.020857
0.095466
0.355181
0.126667
0.059907
0.080250
0.141821
0.159055
0.304356
0.208782
0.040786
0.177621
0.025713
0.230355
0.088568
0.215934
0.050024
0.037746
0.086524
0.161364
0.221931
0.106706
0.146643
0.147928
0.038276
0.248989
0.045864
0.080597
0.017775
0.023623
0.106262
0.151646
0.089004
0.072904
0.089414
0.083187
0.169660
0.024769
0.032133
0.120915
0.043120
0.073313
0.143002
0.036421
0.012532
0.054484
0.045046
0.075435
0.016823
0.035749
0.049551
0.050958
0.082784
0.342597
0.022370
0.036985
0.131889
0.078507
0.108615
0.197299
0.077442
0.190160
0.038849
0.182224
0.090517
0.081604
0.127051
0.077185
0.077285
0.063037
0.104018
0.098496
0.041433
0.023040
0.181297
0.034347
0.210968
0.096786
0.301706
0.243148
0.172630
0.460828
0.212449
0.218223
0.086524
0.083366
0.038849
0.055789
0.015965
0.401445
0.163560
0.078797
0.195270
0.127804
0.071473
0.263100
0.053671
0.072743
0.035470
0.040928
0.036838
0.210657
0.037736
0.098127
0.217698
0.024930
0.073441
0.102486
0.124643
0.055113
0.039873
0.117519
0.061741
0.039631
0.153306
0.166106
0.018503
0.033984
0.035606
0.090376
0.109532
0.040657
0.100257
0.049286
0.159259
0.079256
0.007097
0.201011
0.094541
0.053255
0.031600
0.288064
0.030528
0.148756
0.398017
0.040423
0.253020
0.062179
0.016730
0.050071
0.067437
0.097075
0.073159
0.057298
0.333367
0.019027
0.070198
0.081111
0.084044
0.155355
0.048502
0.046578
0.086465
0.161109
0.189378
0.260990
0.340765
0.160652
0.108717
0.020550
0.109235
0.221565
0.141599
0.104446
0.070254
0.039671
0.023938
0.058457
0.095576
0.151635
0.043471
0.055510
0.035880
0.098307
0.177921
0.062752
0.035187
0.131120
0.143074
0.047915
0.327419
0.102625
0.069429
0.061624
0.029326
0.148674
0.032891
0.078518
0.052864
0.017322
0.295445
0.272604
0.098307
0.100002
0.035702
0.088519
0.056417
0.175662
0.249820
0.145395
0.156362
0.158248
0.088274
0.034574
0.014349
0.091269
0.046836
0.052602
0.073005
0.039854
0.136753
0.147823
0.075453
0.029524
0.024212
0.044615
0.146875
0.137809
0.129105
0.048615
0.156460
0.084540
0.264150
0.205007
0.044966
0.100693
0.117231
0.071982
0.231922
0.121308
0.259768
0.298887
0.107260
0.084946
0.158542
0.257854
0.154396
0.021185
0.026582
0.067004
0.079920
0.152692
0.178482
0.127906
0.111160
0.079596
0.113004
0.113457
0.082682
0.090751
0.069621
0.148102
0.043763
0.060312
0.035912
0.575381
0.224629
0.118829
0.233661
0.131106
0.062911
0.149135
0.053745
0.060952
0.060716
0.113716
0.080474
0.056335
0.158707
0.052321
0.047884
0.051257
0.076214
0.044358
0.015864
0.094043
0.136778
0.054484
0.256211
0.240427
0.159462
0.043877
0.177709
0.112804
0.059991
0.103890
0.036008
0.126913
0.037218
0.032836
0.103767
0.109763
0.018779
0.133195
0.149348
0.032737
0.114316
0.095150
0.034950
0.082026
0.040926
0.033158
0.679863
0.229917
0.130689
0.055487
0.068417
0.077740
0.037100
0.017656
0.041225
0.050178
0.085045
0.232296
0.147480
0.070683
0.077510
0.230847
0.116223
0.018547
0.144869
0.053251
0.097919
0.056473
0.130425
0.040367
0.169967
0.189343
0.161191
0.061244
0.049195
0.187550
0.055471
0.046964
0.056098
0.056415
0.390138
0.049945
0.164326
0.081926
0.141233
0.100454
0.098013
0.122394
0.098115
0.025783
0.030859
0.119794
0.097197
0.031625
0.025951
0.020216
0.068812
0.109239
0.153215
0.133909
0.272990
0.021913
0.087211
0.130491
0.094255
0.080151
0.388486
0.067222
0.048632
0.042338
0.139309
0.228915
0.064439
0.072935
0.415798
0.035987
0.040520
0.381494
0.075447
0.015282
0.241068
0.005116
0.047281
0.141549
0.098034
0.016650
0.200457
0.017611
0.045914
0.052568
0.034925
0.103587
0.146198
0.090732
0.202251
0.214534
0.054862
0.010693
0.086336
0.076362
0.034671
0.038727
0.040214
0.134447
0.085750
0.096909
0.048806
0.032973
0.111110
0.177634
0.103785
0.158528
0.040032
0.166530
0.099174
0.097116
0.057979
0.086070
0.074116
0.191038
0.036127
0.090560
0.097351
0.231859
0.161905
0.070241
0.353922
0.332575
0.307543
0.074222
0.035025
0.096321
0.106605
0.014033
0.098359
0.144490
0.486018
0.025897
0.087163
0.037500
0.138074
0.040736
0.070528
0.288689
0.018768
0.141650
0.041466
0.128135
0.031936
0.025018
0.034434
0.028871
0.031840
0.041574
0.193043
0.119583
0.107213
0.123984
0.177583
0.084224
0.179600
0.020143
0.081884
0.018099
0.148559
0.128799
0.202743
0.091509
0.037001
0.279599
0.122566
0.039486
0.045362
0.036074
0.199043
0.107613
0.086672
0.062493
0.058887
0.086421
0.012074
0.069080
0.049377
0.038269
0.076003
0.196727
0.105889
0.112462
0.221535
0.078952
0.052462
0.047228
0.067425
0.106027
0.076742
0.011146
0.303069
0.024311
0.056874
0.221794
0.074261
0.028076
0.107196
0.130653
0.072741
0.033795
0.018097
0.123988
0.041375
0.050696
0.070709
0.208418
0.151284
0.109223
0.110925
0.235988
0.030347
0.033382
0.068149
0.110739
0.242289
0.072802
0.060506
0.015451
0.210820
0.010266
0.096862
0.459331
0.367289
0.026256
0.016073
0.138277
0.036805
0.098781
0.054489
0.036718
0.031071
0.039280
0.031113
0.072998
0.192549
0.045123
0.095033
0.316102
0.167764
0.095064
0.077527
0.067709
0.042054
0.031805
0.028553
0.095040
0.124670
0.030743
0.057843
0.089173
0.095559
0.301481
0.184144
0.103646
0.171617
0.067610
0.050451
0.031369
0.100185
0.324755
0.033378
0.118114
0.040132
0.127186
0.298129
0.128725
0.159129
0.027579
0.226148
0.078513
0.039039
0.027286
0.117953
0.390671
0.042554
0.164386
0.098100
0.067102
0.059194
0.038015
0.080985
0.160429
0.249042
0.015950
0.106795
0.050823
0.015973
0.067476
0.190446
0.492101
0.106627
0.078230
0.130182
0.033502
0.023319
0.026588
0.049771
0.076673
0.037700
0.047775
0.026167
0.190262
0.080919
0.068496
0.048470
0.124078
0.132175
0.030595
0.053965
0.192210
0.059472
0.074604
0.156305
0.122038
0.100459
0.082277
0.062941
0.022494
0.137074
0.291772
0.027707
0.119079
0.037747
0.221724
0.035945
0.130346
0.040735
0.041254
0.031119
0.084570
0.065712
0.063105
0.165491
0.098327
0.116689
0.020969
0.087420
0.073390
0.009746
0.081739
0.032645
0.134355
0.043274
0.364520
0.016089
0.095581
0.148263
0.120003
0.057918
0.125473
0.100248
0.263260
0.073596
0.049350
0.052940
0.073611
0.092239
0.013826
0.104801
0.119808
0.068214
0.148242
0.326756
0.178471
0.052968
0.048388
0.031167
0.061216
0.042481
0.055694
0.047076
0.017221
0.059706
0.044035
0.064339
0.051260
0.005945
0.035019
0.081230
0.036040
0.031604
0.053271
0.075205
0.070589
0.039904
0.049091
0.036695
0.134255
0.021416
0.120632
0.088926
0.047070
0.177339
0.031814
0.017924
0.039600
0.021295
0.083682
0.037492
0.086109
0.026982
0.064195
0.216422
0.038912
0.053306
0.104190
0.103693
0.108683
0.335129
0.254222
0.054327
0.050957
0.021170
0.296488
0.137881
0.117154
0.173145
0.071911
0.021902
0.031538
0.092727
0.068313
0.313712
0.281137
0.179976
0.218064
0.085029
0.031351
0.016272
0.071099
0.122124
0.254833
0.067498
0.349204
0.079654
0.050045
0.071978
0.152568
0.041339
0.075923
0.093529
0.060875
0.137129
0.022532
0.015835
0.121366
0.335822
0.055997
0.052320
0.142353
0.013053
0.099293
0.083755
0.086122
0.178038
0.149263
0.075316
0.038021
0.067790
0.022139
0.174779
0.107306
0.101144
0.166052
0.055754
0.208810
0.063235
0.021016
0.029635
0.087577
0.014036
0.067536
0.174872
0.050885
0.045193
0.055419
0.300943
0.081569
0.049123
0.014423
0.118395
0.050316
0.108122
0.064269
0.267090
0.040589
0.148723
0.158064
0.056193
0.057040
0.033838
0.039748
0.055234
0.075049
0.041164
0.026116
0.037078
0.008810
0.083793
0.309658
0.054589
0.085146
0.128388
0.144424
0.112649
0.270047
0.128675
0.125526
0.018732
0.059023
0.264460
0.090311
0.338208
0.088266
0.016318
0.019951
0.056366
0.158547
0.026724
0.149807
0.083492
0.188102
0.081735
0.108864
0.108358
0.130556
0.172676
0.095808
0.161338
0.073544
0.339315
0.290768
0.377243
0.288486
0.087688
0.044967
0.014970
0.096094
0.036396
0.075028
0.116390
0.024495
0.079590
0.112384
0.015563
0.073045
0.038001
0.070181
0.063504
0.018590
0.134323
0.027917
0.220434
0.207225
0.225577
0.236388
0.038521
0.075888
0.068884
0.017328
0.027239
0.153210
0.312157
0.032271
0.026070
0.060421
0.050611
0.062430
0.042720
0.252631
0.014978
0.042952
0.119367
0.034068
0.056489
0.019461
0.024124
0.030935
0.137252
0.069981
0.082608
0.151825
0.059657
0.024074
0.202960
0.109270
0.238012
0.265269
0.246574
0.071592
0.009985
0.012811
0.219404
0.274708
0.305615
0.028628
0.193826
0.038733
0.074406
0.171268
0.027322
0.092390
0.164288
0.024435
0.057621
0.029652
0.083695
0.128521
0.065396
0.055940
0.092975
0.012787
0.063434
0.100324
0.181345
0.040405
0.079517
0.029907
0.066002
0.046631
0.037430
0.014121
0.020120
0.009792
0.048859
0.131386
0.036821
0.252300
0.069373
0.059024
0.040751
0.094143
0.030556
0.017728
0.061654
0.033045
0.096735
0.134630
0.105777
0.013468
0.054704
0.059742
0.069952
0.059337
0.163055
0.193519
0.063035
0.014609
0.052000
0.083957
0.017971
0.028772
0.257795
0.179937
0.010920
0.111452
0.057477
0.123122
0.004145
0.068727
0.091909
0.203500
0.083029
0.062152
0.024240
0.018169
0.087935
0.125885
0.116351
0.287379
0.095741
0.084444
0.116252
0.142372
0.048281
0.103066
0.057207
0.018204
0.075531
0.134355
0.068985
0.074806
0.055624
0.160340
0.113950
0.013315
0.018651
0.041676
0.176508
0.194184
0.016920
0.025446
0.065508
0.053779
0.045605
0.032612
0.058064
0.071986
0.027637
0.033411
0.035733
0.031545
0.135633
0.069688
0.054108
0.197746
0.082698
0.035912
0.074585
0.036530
0.042032
0.013530
0.041605
0.042780
0.037216
0.029315
0.173294
0.047629
0.330099
0.109621
0.076456
0.065479
0.119234
0.103117
0.132322
0.029110
0.083587
0.082635
0.026007
0.158620
0.083140
0.167527
0.040155
0.117819
0.075978
0.201495
0.119797
0.067092
0.119080
0.254264
0.023530
0.036435
0.086409
0.130554
0.147160
0.077839
0.115133
0.054406
0.034548
0.046572
0.093981
0.042575
0.099836
0.039963
0.170904
0.055115
0.032403
0.059062
0.029049
0.141265
0.016446
0.014857
0.046110
0.110989
0.227701
0.341346
0.035999
0.068189
0.097071
0.086835
0.059857
0.020535
0.276398
0.135640
0.023897
0.017389
0.602677
0.038841
0.122614
0.143328
0.071218
0.068443
0.149894
0.047618
0.306524
0.247083
0.190031
0.226696
0.008614
0.074191
0.189770
0.060334
0.084957
0.069828
0.029839
0.117001
0.039116
0.069849
0.081344
0.117907
0.310453
0.037919
0.026641
0.139682
0.098901
0.105393
0.066418
0.066516
0.103750
0.047489
0.056628
0.052921
0.142829
0.046755
0.066416
0.041785
0.042048
0.112011
0.312343
0.140437
0.277060
0.116259
0.146470
0.071904
0.082909
0.019472
0.179647
0.131326
0.009934
0.101995
0.176842
0.104995
0.088310
0.493787
0.224609
0.026216
0.054002
0.096500
0.035222
0.023277
0.066936
0.058246
0.058920
0.048862
0.295360
0.165089
0.067086
0.060725
0.221503
0.058547
0.044562
0.077422
0.027237
0.113274
0.166400
0.244316
0.134823
0.058703
0.082439
0.047107
0.093285
0.083567
0.048214
0.038705
0.112198
0.033070
0.091691
0.013215
0.033914
0.104430
0.120827
0.071319
0.024280
0.073565
0.018931
0.130481
0.127284
0.077689
0.119548
0.065259
0.042286
0.208492
0.372226
0.018387
0.047304
0.045242
0.020997
0.078821
0.268704
0.075914
0.058949
0.087199
0.122344
0.008043
0.188638
0.084190
0.062238
0.045274
0.068512
0.021816
0.087903
0.124313
0.050451
0.146117
0.007507
0.017477
0.037900
0.017578
0.085047
0.029373
0.066605
0.018365
0.097111
0.239087
0.090139
0.020757
0.060143
0.012395
0.125002
0.051656
0.125261
0.058346
0.013289
0.032003
0.011146
0.120149
0.132943
0.145682
0.044283
0.009932
0.078565
0.085595
0.027030
0.108916
0.082120
0.043568
0.042344
0.110310
0.072538
0.033237
0.026413
0.193199
0.027148
0.201770
0.202048
0.022507
0.047763
0.239235
0.111734
0.112574
0.012048
0.109424
0.054006
0.035005
0.030622
0.162376
0.077224
0.017305
0.044694
0.031003
0.012629
0.059949
0.158722
0.031101
0.024969
0.086014
0.135995
0.040384
0.100200
0.234231
0.071568
0.062459
0.060160
0.136004
0.049301
0.020952
0.022953
0.105236
0.013153
0.110560
0.031243
0.035253
0.006695
0.024984
0.051887
0.063443
0.107865
0.092775
0.262692
0.114930
0.038083
0.049075
0.037385
0.055729
0.133256
0.068361
0.087432
0.055484
0.038356
0.007782
0.271681
0.169849
0.023573
0.292274
0.038107
0.056591
0.023411
0.030325
0.012333
0.118789
0.013598
0.032431
0.092019
0.129364
0.156407
0.160951
0.255743
0.161460
0.232196
0.020135
0.136579
0.050719
0.192943
0.059393
0.065928
0.026736
0.358575
0.182654
0.023363
0.064622
0.109160
0.055629
0.095812
0.051262
0.146904
0.138188
0.020969
0.043409
0.046159
0.009734
0.054694
0.261141
0.008605
0.029424
0.241989
0.038436
0.087775
0.031681
0.127594
0.019890
0.094107
0.026855
0.091670
0.054222
0.098078
0.064957
0.088761
0.026240
0.133161
0.087224
0.026926
0.018838
0.137190
0.044260
0.122361
0.219510
0.094274
0.031000
0.035041
0.115912
0.028584
0.158185
0.035309
0.106965
0.083507
0.068835
0.329745
0.325842
0.083635
0.063207
0.035994
0.056638
0.071959
0.020346
0.036127
0.094711
0.052185
0.035100
0.047094
0.023398
0.031342
0.041823
0.029128
0.044308
0.074636
0.090102
0.033569
0.093629
0.059103
0.104641
0.025008
0.136104
0.060297
0.060235
0.079700
0.063576
0.116137
0.266435
0.050578
0.012780
0.112715
0.108196
0.219311
0.011518
0.106656
0.029944
0.109046
0.031030
0.293894
0.037523
0.009692
0.064448
0.065115
0.012643
0.044608
0.014398
0.039871
0.033674
0.054868
0.384453
0.018127
0.057160
0.094459
0.473050
0.033139
0.014186
0.089871
0.102938
0.089959
0.062183
0.034779
0.162198
0.306848
0.084080
0.038357
0.053586
0.283212
0.029940
0.105202
0.116712
0.102458
0.078068
0.471827
0.139120
0.026544
0.287542
0.021246
0.186827
0.071396
0.211104
0.073169
0.063373
0.037459
0.059999
0.066026
0.160487
0.121632
0.095953
0.092070
0.045898
0.241517
0.052069
0.310841
0.063882
0.024028
0.044955
0.085701
0.016435
0.114177
0.260750
0.141383
0.254833
0.025847
0.024426
0.071037
0.051063
0.016500
0.191441
0.084877
0.210659
0.024622
0.094498
0.020314
0.027231
0.034336
0.027816
0.067215
0.045954
0.039240
0.126161
0.111433
0.033709
0.015709
0.029361
0.010013
0.111960
0.072287
0.021604
0.019871
0.052671
0.059932
0.113024
0.308339
0.055667
0.160423
0.031038
0.016986
0.028943
0.058049
0.110044
0.013986
0.025873
0.031514
0.013695
0.162390
0.028598
0.055350
0.028964
0.085142
0.080601
0.032046
0.050540
0.016080
0.089959
0.106142
0.052951
0.040539
0.140057
0.059643
0.064843
0.308414
0.394365
0.277294
0.114517
0.140294
0.033430
0.065066
0.149885
0.044328
0.019133
0.048199
0.199924
0.034817
0.106736
0.036191
0.033084
0.015616
0.026049
0.120405
0.018080
0.061026
0.016916
0.035351
0.124537
0.223255
0.273286
0.151954
0.055080
0.223017
0.207194
0.085345
0.017419
0.144664
0.031506
0.084800
0.012503
0.042011
0.064593
0.130286
0.058807
0.022199
0.038878
0.047694
0.004886
0.148402
0.040458
0.203901
0.032281
0.272021
0.223333
0.116919
0.027822
0.018129
0.136892
0.067515
0.028013
0.033926
0.014903
0.029715
0.159618
0.013095
0.029056
0.036845
0.101734
0.014013
0.012044
0.012837
0.090882
0.040791
0.162024
0.106833
0.056372
0.015825
0.031469
0.030777
0.286617
0.055588
0.021719
0.125107
0.123955
0.042171
0.030790
0.034373
0.029599
0.051219
0.061750
0.088726
0.035614
0.221111
0.081135
0.157437
0.098374
0.007019
0.038410
0.033937
0.157492
0.110225
0.130170
0.078440
0.050547
0.072592
0.057177
0.042726
0.023623
0.051656
0.105639
0.010682
0.245796
0.278822
0.128442
0.088707
0.106292
0.064287
0.068080
0.084548
0.073395
0.067816
0.067089
0.104335
0.337734
0.057609
0.061929
0.050136
0.024769
0.080549
0.052405
0.053435
0.059950
0.019934
0.067357
0.012487
0.420542
0.067549
0.275282
0.127141
0.238448
0.189884
0.089017
0.068434
0.020805
0.060800
0.031621
0.021899
0.057096
0.023407
0.026168
0.038610
0.193495
0.116380
0.083297
0.175898
0.010861
0.033301
0.071102
0.104642
0.176320
0.015890
0.100184
0.066046
0.092236
0.102651
0.090591
0.092890
0.032942
0.136307
0.021156
0.017046
0.048115
0.046295
0.173590
0.022375
0.040658
0.061393
0.148208
0.128695
0.148231
0.124965
0.005572
0.046389
0.170286
0.114289
0.147385
0.129927
0.013391
0.023042
0.021057
0.039765
0.066647
0.104573
0.075529
0.228937
0.069333
0.103625
0.047709
0.011566
0.074662
0.056483
0.072499
0.063637
0.028700
0.018198
0.009913
0.039662
0.213012
0.066304
0.039411
0.085290
0.238043
0.094049
0.100594
0.104169
0.207531
0.165302
0.105294
0.046531
0.030388
0.316679
0.048881
0.477113
0.055673
0.035008
0.102755
0.256866
0.043229
0.050754
0.029487
0.015413
0.113910
0.171726
0.060974
0.057237
0.034839
0.023887
0.160123
0.119920
0.045287
0.063409
0.060631
0.078825
0.076356
0.098980
0.079442
0.052219
0.118735
0.052671
0.068598
0.009066
0.130158
0.124496
0.059828
0.017886
0.059763
0.122484
0.066737
0.081775
0.027450
0.014663
0.020978
0.023087
0.036169
0.034849
0.029551
0.127256
0.053412
0.009096
0.048808
0.041712
0.061517
0.085430
0.135429
0.023711
0.032130
0.029374
0.039232
0.093097
0.015109
0.014573
0.077639
0.064295
0.089190
0.146321
0.020536
0.007348
0.136069
0.056116
0.069656
0.081819
0.082405
0.245063
0.037768
0.044810
0.123357
0.054618
0.053496
0.044620
0.045249
0.136230
0.297411
0.072556
0.007945
0.020906
0.019770
0.039044
0.271264
0.144599
0.119679
0.021171
0.143720
0.062822
0.052178
0.140176
0.064062
0.095576
0.014167
0.154815
0.072351
0.037821
0.096048
0.008481
0.033558
0.074520
0.067710
0.089966
0.045485
0.282031
0.055754
0.061181
0.076043
0.048981
0.112517
0.014087
0.052909
0.034347
0.034246
0.082355
0.018355
0.088388
0.117576
0.053286
0.026511
0.010502
0.046946
0.085331
0.089210
0.129740
0.031171
0.155829
0.014522
0.242701
0.107735
0.040495
0.124943
0.023642
0.115728
0.133865
0.087568
0.183640
0.067546
0.034744
0.179737
0.142853
0.030265
0.170523
0.014066
0.031580
0.048400
0.273144
0.124577
0.106962
0.076932
0.072228
0.030397
0.029938
0.022279
0.041479
0.175200
0.078045
0.090955
0.047630
0.070636
0.087275
0.079114
0.105733
0.062143
0.064816
0.055301
0.066671
0.011555
0.050015
0.112522
0.236584
0.037989
0.560533
0.224716
0.019893
0.126618
0.042453
0.150292
0.019424
0.015345
0.009730
0.016457
0.197848
0.125853
0.038197
0.006537
0.113734
0.177046
0.044428
0.032987
0.125177
0.036224
0.062639
0.010180
0.106344
0.123985
0.199714
0.131688
0.026152
0.023473
0.067184
0.022990
0.107238
0.088749
0.082688
0.131163
0.013654
0.090998
0.168541
0.011608
0.021466
0.155467
0.050310
0.026862
0.026379
0.085430
0.032021
0.111186
0.019105
0.037720
0.215447
0.019774
0.027375
0.006937
0.026027
0.014819
0.105538
0.069786
0.046010
0.027703
0.089903
0.022852
0.014731
0.017240
0.060444
0.231773
0.190814
0.103712
0.280769
0.074585
0.014552
0.033196
0.034373
0.023024
0.021488
0.262571
0.065312
0.027871
0.042478
0.018826
0.038251
0.111592
0.059356
0.019930
0.142205
0.024927
0.017603
0.072596
0.046103
0.048037
0.264057
0.088513
0.022949
0.080797
0.042214
0.086247
0.009649
0.024525
0.134235
0.084017
0.042043
0.251055
0.050101
0.030687
0.165515
0.077945
0.295702
0.179975
0.218194
0.020312
0.033589
0.048818
0.234557
0.023958
0.039462
0.070756
0.107642
0.038236
0.044154
0.047817
0.100585
0.022556
0.097680
0.109853
0.034235
0.298144
0.054586
0.094497
0.112977
0.044357
0.121876
0.099823
0.138567
0.170096
0.033630
0.247842
0.004517
0.081674
0.014642
0.093198
0.078133
0.185835
0.089764
0.060468
0.306989
0.110518
0.049373
0.046212
0.036132
0.052624
0.039704
0.070775
0.043525
0.028831
0.062837
0.117501
0.011684
0.063649
0.023422
0.020727
0.012015
0.075473
0.148779
0.050447
0.051569
0.037406
0.027991
0.017924
0.056700
0.043289
0.136994
0.012543
0.011898
0.025136
0.094136
0.243760
0.026007
0.057828
0.067429
0.056196
0.144005
0.078368
0.048199
0.060456
0.013141
0.104832
0.281917
0.007844
0.028688
0.072586
0.039611
0.050885
0.054310
0.174166
0.082249
0.039861
0.015410
0.068112
0.052164
0.085047
0.032719
0.041582
0.006511
0.045542
0.098550
0.186600
0.050530
0.091546
0.045474
0.096638
0.052437
0.095190
0.147695
0.018443
0.101643
0.040887
0.034647
0.074037
0.006185
0.216738
0.026551
0.073687
0.024083
0.094070
0.135267
0.061614
0.089864
0.031526
0.013161
0.084679
0.042330
0.118909
0.154129
0.101084
0.129816
0.135290
0.025423
0.205758
0.129672
0.046694
0.156289
0.059001
0.085864
0.029766
0.229795
0.098272
0.015339
0.064948
0.041976
0.183967
0.127647
0.025427
0.090215
0.037437
0.035406
0.061203
0.143112
0.064272
0.051419
0.019543
0.041273
0.027066
0.036913
0.022802
0.052327
0.201042
0.035862
0.011383
0.136786
0.127645
0.175301
0.039384
0.047520
0.054290
0.086111
0.064121
0.077125
0.005588
0.025383
0.023379
0.291106
0.342857
0.027915
0.301318
0.015133
0.018297
0.098612
0.205429
0.031378
0.087431
0.135047
0.044708
0.296285
0.196044
0.029172
0.006044
0.315219
0.119645
0.017145
0.057688
0.017571
0.169751
0.046689
0.024049
0.043407
0.142859
0.082113
0.070073
0.095914
0.074465
0.321497
0.256962
0.048318
0.025692
0.029421
0.034109
0.274487
0.112860
0.032745
0.028245
0.018947
0.025550
0.134526
0.180837
0.014930
0.104412
0.033954
0.021986
0.049844
0.022088
0.221672
0.023121
0.031540
0.043787
0.053979
0.098722
0.028840
0.109035
0.075552
0.162682
0.049889
0.098685
0.170573
0.153493
0.226431
0.084332
0.020347
0.020795
0.041423
0.062947
0.019670
0.086825
0.043085
0.020912
0.250859
0.047957
0.038772
0.025310
0.170294
0.040703
0.036733
0.073517
0.026353
0.202910
0.118897
0.040689
0.018358
0.016813
0.026576
0.037978
0.162600
0.027365
0.006916
0.011067
0.079474
0.167366
0.178342
0.025494
0.063587
0.032262
0.287114
0.395790
0.056039
0.137672
0.045061
0.185531
0.072251
0.031494
0.033413
0.029482
0.036834
0.088411
0.113439
0.049180
0.246375
0.333511
0.094694
0.092420
0.124544
0.033563
0.117910
0.097199
0.048783
0.014831
0.084342
0.018595
0.426617
0.019355
0.028482
0.022062
0.062576
0.120224
0.085415
0.008281
0.008559
0.036201
0.054662
0.096736
0.081769
0.057402
0.008977
0.091563
0.109225
0.043603
0.010541
0.014614
0.045565
0.063628
0.151840
0.025793
0.029986
0.041298
0.072086
0.054830
0.048785
0.009746
0.023104
0.009456
0.161743
0.062450
0.136599
0.065772
0.150937
0.039389
0.016613
0.035351
0.042273
0.040235
0.099334
0.091760
0.073085
0.027189
0.031902
0.078893
0.119888
0.048031
0.041617
0.015712
0.571135
0.097663
0.010860
0.035825
0.109839
0.093167
0.031186
0.015714
0.340730
0.031993
0.220119
0.089282
0.072611
0.036474
0.031144
0.125696
0.026421
0.038147
0.030336
0.019753
0.066207
0.042263
0.237985
0.027753
0.054229
0.079218
0.031693
0.059871
0.195880
0.055334
0.137776
0.137259
0.136055
0.095196
0.058411
0.060538
0.056903
0.099064
0.010785
0.031520
0.054335
0.045227
0.067478
0.588751
0.056544
0.118552
0.033836
0.130615
0.068586
0.055586
0.033933
0.049484
0.106619
0.102658
0.094622
0.132471
0.060306
0.023450
0.062512
0.099477
0.016536
0.016960
0.064679
0.038707
0.044660
0.008950
0.025168
0.047140
0.046947
0.075751
0.191617
0.009891
0.033427
0.023220
0.073619
0.088790
0.014085
0.109588
0.259484
0.070027
0.022567
0.082190
0.225218
0.061963
0.069662
0.085334
0.047365
0.009867
0.022488
0.139202
0.044370
0.068944
0.048570
0.024309
0.011176
0.044243
0.040221
0.003448
0.072514
0.100807
0.039176
0.068796
0.243250
0.078753
0.032624
0.008814
0.193333
0.040245
0.234918
0.196955
0.035094
0.038279
0.146886
0.052969
0.055879
0.013685
0.010607
0.024281
0.012511
0.114483
0.086073
0.029583
0.056095
0.040559
0.012287
0.149008
0.121021
0.140277
0.065798
0.018434
0.087006
0.118339
0.022583
0.020835
0.060057
0.066268
0.181342
0.012813
0.085917
0.080036
0.015731
0.035773
0.034676
0.039337
0.092170
0.064592
0.012505
0.023880
0.088863
0.100073
0.038143
0.051674
0.167901
0.028709
0.016847
0.251367
0.014738
0.074528
0.078221
0.037289
0.050442
0.083658
0.057998
0.071882
0.157731
0.126025
0.059323
0.012877
0.010618
0.068294
0.051429
0.069330
0.011709
0.021074
0.026181
0.064997
0.037534
0.039678
0.229454
0.277753
0.158465
0.065646
0.035708
0.040547
0.219648
0.014790
0.150747
0.015732
0.213386
0.018996
0.020724
0.034527
0.039231
0.041342
0.125584
0.092580
0.136845
0.111577
0.072911
0.007508
0.073436
0.021932
0.137222
0.111378
0.154095
0.015554
0.057574
0.029555
0.059524
0.285453
0.022603
0.036327
0.118569
0.122849
0.123523
0.085266
0.017790
0.111387
0.089971
0.013183
0.033973
0.152941
0.187204
0.147408
0.149881
0.102247
0.013889
0.037875
0.031100
0.068049
0.031351
0.106242
0.019173
0.080559
0.107553
0.025379
0.025198
0.155788
0.013266
0.036090
0.170470
0.103544
0.082319
0.043882
0.137514
0.021912
0.072196
0.077448
0.083006
0.254886
0.086307
0.104214
0.178539
0.011798
0.069782
0.115085
0.017992
0.131589
0.100326
0.010983
0.048047
0.093647
0.057559
0.037093
0.137056
0.078910
0.027963
0.067059
0.035790
0.058848
0.093508
0.044466
0.022876
0.081085
0.041475
0.125159
0.096008
0.054577
0.032595
0.019208
0.174962
0.064006
0.032184
0.021784
0.053437
0.038682
0.012931
0.048795
0.050951
0.015582
0.025194
0.237393
0.108980
0.026426
0.090199
0.032063
0.014988
0.062088
0.043114
0.011163
0.062164
0.035063
0.148244
0.064957
0.070559
0.057265
0.076297
0.041791
0.070301
0.196242
0.065971
0.125137
0.053034
0.028716
0.126914
0.021424
0.181651
0.035085
0.024743
0.044029
0.032837
0.176686
0.021207
0.025075
0.030655
0.126215
0.184605
0.103084
0.157465
0.058562
0.131092
0.073090
0.054815
0.019308
0.028074
0.052001
0.381356
0.013707
0.028686
0.124733
0.038367
0.044887
0.061569
0.015525
0.011550
0.075612
0.022763
0.396755
0.038848
0.059965
0.083255
0.010658
0.040910
0.360585
0.226361
0.034885
0.014904
0.030084
0.102847
0.049977
0.228619
0.085441
0.020310
0.041752
0.052403
0.061736
0.100841
0.030468
0.038239
0.034636
0.035442
0.040610
0.120827
0.336266
0.010561
0.082219
0.027406
0.037362
0.067776
0.038570
0.036310
0.015239
0.302583
0.047131
0.056433
0.034958
0.323654
0.073581
0.057599
0.076995
0.218314
0.112788
0.070950
0.015257
0.140840
0.015903
0.015938
0.038115
0.097206
0.054390
0.060592
0.060849
0.101740
0.283920
0.059778
0.091715
0.116261
0.019524
0.033769
0.056210
0.044456
0.019237
0.084572
0.012393
0.053527
0.169942
0.008241
0.030145
0.007548
0.084628
0.154525
0.092333
0.022347
0.063535
0.175220
0.106422
0.073783
0.068920
0.052178
0.139464
0.122899
0.126420
0.089252
0.307194
0.018509
0.322595
0.024235
0.082251
0.032910
0.011939
0.026641
0.027388
0.026625
0.064670
0.030342
0.021412
0.161531
0.149225
0.044077
0.047982
0.016284
0.235448
0.097070
0.122618
0.048649
0.026360
0.038046
0.018594
0.036353
0.072890
0.012245
0.199627
0.105140
0.053558
0.018228
0.007108
0.034064
0.035880
0.303360
0.033997
0.023444
0.016646
0.146699
0.014483
0.024838
0.369863
0.123067
0.018498
0.174109
0.024607
0.056369
0.160283
0.113496
0.082116
0.047396
0.006461
0.133667
0.056279
0.173117
0.085642
0.030851
0.073537
0.294170
0.036286
0.018969
0.193765
0.151868
0.088703
0.029623
0.280415
0.049440
0.040163
0.064102
0.074355
0.015010
0.033933
0.113526
0.021990
0.094594
0.016106
0.048609
0.015042
0.140504
0.216349
0.053422
0.069401
0.049955
0.044910
0.022683
0.044646
0.025063
0.202792
0.038338
0.056168
0.105068
0.087170
0.110246
0.010237
0.092647
0.027022
0.045860
0.037203
0.022219
0.115121
0.019822
0.072105
0.030371
0.042257
0.033586
0.025668
0.012446
0.023225
0.046890
0.039684
0.101255
0.044280
0.028034
0.013685
0.029725
0.134797
0.175882
0.018727
0.171996
0.014992
0.182653
0.015744
0.053307
0.028916
0.273155
0.263936
0.040189
0.060342
0.079987
0.050036
0.106872
0.093420
0.035189
0.030126
0.024690
0.021646
0.005118
0.056935
0.149123
0.030292
0.106519
0.322888
0.076806
0.016908
0.021016
0.239455
0.026169
0.049506
0.030826
0.044571
0.033700
0.151068
0.258211
0.062982
0.081861
0.014233
0.038383
0.057312
0.021103
0.017668
0.107225
0.141962
0.121956
0.049525
0.017818
0.031327
0.032210
0.039770
0.107612
0.052880
0.159823
0.070248
0.125681
0.201115
0.022404
0.017778
0.018546
0.046279
0.053208
0.028415
0.095409
0.313649
0.008700
0.177683
0.232449
0.012318
0.019059
0.017200
0.122913
0.029716
0.080834
0.127264
0.055447
0.200080
0.062153
0.076840
0.081184
0.042428
0.096369
0.035053
0.046790
0.015383
0.013766
0.068969
0.335379
0.043763
0.027961
0.019570
0.076124
0.044345
0.007751
0.046991
0.033027
0.039423
0.067848
0.047930
0.011851
0.156178
0.046098
0.029733
0.054355
0.016820
0.044958
0.073292
0.005472
0.033326
0.030905
0.076362
0.242870
0.086176
0.011593
0.144840
0.016644
0.104228
0.060722
0.119627
0.017631
0.079250
0.317707
0.008400
0.031004
0.049150
0.029353
0.097797
0.023829
0.022940
0.117612
0.231528
0.039171
0.031745
0.084628
0.009032
0.039284
0.161767
0.276276
0.046557
0.132971
0.068357
0.117004
0.021385
0.058269
0.019695
0.050099
0.123962
0.027105
0.391868
0.013170
0.171889
0.090195
0.039695
0.060789
0.092795
0.041713
0.022949
0.154315
0.208844
0.070087
0.016185
0.057499
0.039865
0.011381
0.091837
0.008836
0.059747
0.054800
0.040633
0.231967
0.177214
0.008814
0.097607
0.060015
0.054680
0.144031
0.101883
0.236937
0.107892
0.208716
0.013581
0.189800
0.040089
0.008142
0.109038
0.372790
0.090380
0.087516
0.108934
0.060339
0.025928
0.070705
0.112370
0.009494
0.034508
0.224924
0.065295
0.019436
0.053241
0.029670
0.073235
0.022298
0.077660
0.013635
0.036100
0.048249
0.037353
0.024610
0.100200
0.042700
0.014001
0.007339
0.063620
0.018602
0.094594
0.193695
0.025417
0.096201
0.032615
0.246762
0.009775
0.006657
0.034955
0.012623
0.028401
0.074431
0.098402
0.021621
0.056706
0.030766
0.006074
0.256253
0.034998
0.015459
0.065269
0.028254
0.106004
0.016303
0.110886
0.065878
0.011556
0.009644
0.129578
0.030836
0.022027
0.049162
0.017339
0.047948
0.054386
0.017380
0.068072
0.034909
0.018930
0.080857
0.186061
0.138853
0.027790
0.221010
0.025660
0.038697
0.075233
0.026369
0.116545
0.093000
0.022045
0.167242
0.040514
0.071133
0.021061
0.103171
0.024274
0.030240
0.015595
0.041757
0.104964
0.096844
0.087332
0.251855
0.008505
0.089288
0.055741
0.167997
0.023293
0.018425
0.084295
0.064752
0.094438
0.323610
0.076008
0.009399
0.010121
0.202801
0.048325
0.088785
0.063540
0.023261
0.187725
0.015812
0.150666
0.018278
0.185294
0.082230
0.178403
0.051020
0.119099
0.051949
0.085225
0.045429
0.028349
0.024209
0.006326
0.035779
0.017633
0.027164
0.027430
0.053828
0.057541
0.039306
0.024628
0.028316
0.074103
0.082593
0.010839
0.172905
0.236157
0.040606
0.007284
0.022209
0.052015
0.220470
0.044794
0.046875
0.039842
0.040538
0.034464
0.291188
0.018718
0.047144
0.078043
0.043037
0.030240
0.073926
0.112116
0.028061
0.186691
0.054174
0.034261
0.154508
0.154654
0.048654
0.262450
0.055177
0.025317
0.198308
0.017892
0.018113
0.182264
0.018792
0.044132
0.093119
0.016854
0.021915
0.066700
0.035148
0.026179
0.065144
0.009684
0.045239
0.012815
0.011758
0.056285
0.040108
0.119180
0.190624
0.029906
0.072883
0.012471
0.055163
0.008187
0.071801
0.071120
0.059294
0.141387
0.043703
0.004102
0.059766
0.042829
0.016959
0.009460
0.068667
0.048086
0.032440
0.014217
0.020321
0.082034
0.042271
0.014197
0.023506
0.134167
0.046611
0.040951
0.115252
0.018576
0.127069
0.184722
0.037442
0.239940
0.014348
0.104458
0.030015
0.163097
0.110235
0.043717
0.251874
0.013912
0.200391
0.014687
0.035775
0.116763
0.097470
0.386314
0.220519
0.224842
0.080094
0.035665
0.165152
0.103378
0.054259
0.043653
0.061144
0.076462
0.176433
0.065383
0.045986
0.041341
0.087171
0.024467
0.027756
0.023547
0.145805
0.038769
0.055486
0.216544
0.038845
0.030816
0.068111
0.035405
0.018181
0.017691
0.185623
0.029107
0.176895
0.127250
0.037520
0.019209
0.127647
0.063309
0.206227
0.068732
0.039295
0.013620
0.380928
0.066719
0.031985
0.017213
0.132348
0.026719
0.024570
0.022433
0.092411
0.243070
0.058191
0.030668
0.145395
0.035373
0.041664
0.024333
0.041931
0.071842
0.051037
0.021825
0.156220
0.014791
0.035927
0.028515
0.046064
0.077881
0.043851
0.013680
0.119800
0.034902
0.232108
0.095389
0.150944
0.050241
0.016705
