2.798482
2.201359
2.280112
2.264977
2.330427
2.286520
2.210640
2.230515
2.324930
2.199761
2.214183
2.041806
2.001059
1.878915
2.096349
2.006819
1.721146
2.093582
1.918944
1.884856
1.467899
1.633886
1.518982
1.483269
1.325298
0.835980
0.807700
0.836134
1.057808
1.487091
0.875847
0.814352
0.924229
0.806163
0.705739
1.290987
0.694770
0.578308
0.494443
0.453944
0.461064
0.337013
0.463113
0.464359
0.361072
0.372522
0.479145
0.460948
0.755111
0.445819
0.305114
0.331518
0.376029
0.340183
0.312853
0.332568
0.246593
0.169237
0.404471
0.677273
0.254636
0.248096
0.486114
0.491192
0.551001
0.251139
0.431700
0.318928
0.511908
0.588767
0.494759
0.240237
0.447929
0.195991
0.286967
0.481987
0.509532
0.285351
0.459616
0.474067
0.375934
0.302793
0.252617
0.599006
0.372446
0.427310
0.245119
0.191705
0.703008
0.556927
0.251535
0.485090
0.223685
0.516714
0.188692
0.494500
0.588808
0.460689
0.381630
0.223364
0.224504
0.288099
0.114655
0.155069
0.526286
0.235129
0.357245
0.231939
0.138663
0.334302
0.290114
0.247180
0.481279
0.385142
0.427955
0.274604
0.374331
0.211959
0.337016
0.499451
0.241304
0.281259
0.179963
0.381354
0.342259
0.278313
0.427723
0.288231
0.542442
0.286367
0.260230
0.465645
0.442701
0.147891
0.114178
0.348343
0.380965
0.129856
0.124673
0.652646
0.222979
0.258956
0.583550
0.194373
0.382099
0.105624
0.277456
0.293121
0.564114
0.298470
0.212635
0.321605
0.528171
0.404304
0.382889
0.147076
0.078809
0.173540
0.055561
0.188369
0.189769
0.230756
0.148408
0.140888
0.374659
0.157584
0.501448
0.330657
0.548494
0.184013
0.114637
0.249604
0.276561
0.130931
0.207739
0.308146
0.377299
0.411975
0.155098
0.198673
0.257445
0.234794
0.058918
0.214339
0.236534
0.248092
0.341205
0.220682
0.094594
0.222851
0.046212
0.305828
0.097950
0.192298
0.311507
0.104334
0.368259
0.144673
0.293651
0.090826
0.066430
0.283351
0.383818
0.301778
0.186196
0.428613
0.094714
0.248317
0.418121
0.175556
0.134454
0.225738
0.281598
0.350940
0.096457
0.087092
0.115911
0.414098
0.125607
0.234768
0.155054
0.129335
0.243752
0.291385
0.029031
0.105628
0.214985
0.373142
0.103635
0.247449
0.273342
0.385228
0.155587
0.166215
0.367143
0.308100
0.160714
0.246190
0.254506
0.164318
0.089570
0.221042
0.095375
0.069386
0.147250
0.052342
0.198719
0.268221
0.382050
0.155153
0.151959
0.240031
0.174193
0.121211
0.111704
0.092753
0.096629
0.253775
0.104624
0.201165
0.219922
0.187357
0.192104
0.280909
0.241309
0.212199
0.241654
0.081073
0.367580
0.097182
0.123402
0.355016
0.200514
0.354048
0.216021
0.373093
0.429810
0.112336
0.122574
0.168332
0.306255
0.067392
0.063124
0.190644
0.281112
0.439917
0.280127
0.173902
0.146272
0.139618
0.324010
0.196963
0.195330
0.033633
0.239445
0.076783
0.055855
0.079678
0.431999
0.360412
0.117788
0.142553
0.478997
0.276512
0.277124
0.177243
0.227449
0.290799
0.184674
0.123188
0.417870
0.196221
0.077181
0.101309
0.566965
0.148292
0.109454
0.250770
0.253551
0.178046
0.206540
0.122407
0.518272
0.389969
0.059772
0.320181
0.337292
0.143380
0.104403
0.500696
0.364156
0.400249
0.129811
0.194303
0.232815
0.107779
0.134748
0.047528
0.199047
0.391831
0.218358
0.148058
0.160183
0.065982
0.112860
0.281375
0.187482
0.155192
0.095053
0.347787
0.116883
0.215478
0.040669
0.131298
0.366914
0.192948
0.613200
0.107165
0.244245
0.182192
0.083692
0.207045
0.151935
0.189387
0.082006
0.225898
0.145209
0.123678
0.138836
0.071378
0.146677
0.147429
0.355683
0.203307
0.210485
0.191737
0.104630
0.154850
0.029674
0.179152
0.123137
0.275522
0.298622
0.044095
0.059295
0.288345
0.041427
0.060242
0.295445
0.040999
0.129629
0.106553
0.085531
0.302357
0.152204
0.124022
0.295479
0.356500
0.136870
0.147869
0.395612
0.145189
0.039920
0.334380
0.108976
0.176821
0.216170
0.104982
0.119445
0.125965
0.115039
0.098984
0.129215
0.170426
0.103016
0.195182
0.043993
0.072900
0.144648
0.179624
0.103511
0.369173
0.179169
0.190503
0.171438
0.394845
0.141789
0.151628
0.047426
0.178223
0.153154
0.219236
0.190985
0.267217
0.359960
0.347564
0.086199
0.080376
0.152280
0.056518
0.186044
0.412677
0.119252
0.090825
0.032667
0.214795
0.146648
0.142289
0.190973
0.108166
0.266276
0.192383
0.167151
0.084720
0.468013
0.187072
0.303628
0.260315
0.275121
0.192709
0.279537
0.144206
0.140473
0.100836
0.200385
0.067699
0.355721
0.145617
0.108869
0.139897
0.236807
0.083411
0.050329
0.134634
0.214588
0.140221
0.044835
0.088344
0.104122
0.110335
0.145212
0.036372
0.096163
0.454168
0.193889
0.129966
0.080530
0.057565
0.167648
0.235870
0.121386
0.220793
0.029133
0.087298
0.118899
0.057235
0.219560
0.170608
0.117345
0.188455
0.069328
0.089509
0.154415
0.102587
0.055138
0.111855
0.056412
0.060840
0.121516
0.128316
0.149003
0.137793
0.315012
0.268504
0.086721
0.217271
0.072593
0.157171
0.105636
0.089585
0.160283
0.152687
0.494162
0.163177
0.150349
0.168459
0.094595
0.067767
0.074027
0.060820
0.048224
0.120000
0.086943
0.120812
0.206625
0.018759
0.065108
0.173548
0.152500
0.214783
0.115534
0.085869
0.103631
0.147075
0.307391
0.162830
0.280776
0.295971
0.201218
0.092290
0.059422
0.528611
0.385866
0.050710
0.213258
0.071134
0.180624
0.053020
0.192920
0.377817
0.047386
0.096191
0.126070
0.061563
0.205012
0.202663
0.113645
0.064075
0.067973
0.278046
0.225615
0.115156
0.239358
0.236953
0.213996
0.071317
0.090469
0.048383
0.041690
0.207142
0.257532
0.084938
0.084410
0.023372
0.328408
0.161309
0.165457
0.109449
0.102684
0.075050
0.145256
0.098571
0.059514
0.062709
0.097116
0.464468
0.197969
0.094685
0.178290
0.062289
0.109803
0.178432
0.293377
0.127788
0.282387
0.077144
0.241597
0.172737
0.115386
0.109459
0.094567
0.134025
0.225257
0.046768
0.055210
0.098677
0.397629
0.062063
0.105727
0.185716
0.082352
0.049552
0.262762
0.103873
0.076615
0.054460
0.093622
0.039228
0.262720
0.222598
0.377631
0.285657
0.093799
0.128889
0.241078
0.117661
0.237184
0.104669
0.063960
0.085813
0.380740
0.072914
0.079916
0.381314
0.161459
0.128283
0.190100
0.205644
0.242870
0.100141
0.148404
0.189134
0.123054
0.188676
0.049784
0.088135
0.030144
0.122688
0.126772
0.090694
0.355153
0.052997
0.165769
0.048286
0.088239
0.071806
0.141895
0.086352
0.136259
0.071330
0.176232
0.177538
0.034271
0.103197
0.107693
0.027280
0.098611
0.190730
0.091922
0.036572
0.088119
0.149860
0.132840
0.153694
0.310899
0.256374
0.156220
0.150969
0.142725
0.461674
0.033615
0.081471
0.151840
0.116058
0.217630
0.289160
0.101172
0.095425
0.157828
0.048289
0.149514
0.064310
0.092237
0.103936
0.030631
0.202139
0.137596
0.034997
0.254594
0.091314
0.067535
0.096654
0.135781
0.036578
0.376090
0.101445
0.110938
0.092993
0.309054
0.031209
0.086985
0.207814
0.044022
0.093221
0.305677
0.171929
0.281765
0.143459
0.115118
0.166429
0.196915
0.196066
0.185827
0.211176
0.300363
0.034342
0.021205
0.084031
0.098552
0.118277
0.115057
0.024426
0.049366
0.028505
0.144021
0.148263
0.054203
0.049062
0.058582
0.091974
0.074439
0.108742
0.308905
0.128775
0.373298
0.188484
0.151485
0.014047
0.136073
0.137643
0.058679
0.097352
0.163446
0.134185
0.160646
0.163348
0.072022
0.083249
0.078200
0.181074
0.112975
0.090764
0.256886
0.159673
0.103850
0.016489
0.517410
0.036552
0.103080
0.101383
0.088492
0.061440
0.058276
0.112320
0.160121
0.164912
0.053832
0.098637
0.319797
0.107856
0.386707
0.048129
0.202379
0.046955
0.223119
0.061692
0.138423
0.033558
0.117653
0.194711
0.198929
0.253923
0.027637
0.043765
0.080756
0.423837
0.059162
0.050429
0.138418
0.148497
0.061145
0.036818
0.035454
0.213411
0.068503
0.163461
0.075622
0.101846
0.112334
0.061152
0.078178
0.039810
0.191613
0.164704
0.116828
0.036647
0.195200
0.094933
0.097542
0.123883
0.033680
0.107523
0.064922
0.206957
0.249360
0.116043
0.084278
0.139269
0.366979
0.210401
0.212108
0.122980
0.088883
0.258642
0.217095
0.124225
0.110800
0.033988
0.118897
0.167641
0.094173
0.162139
0.161241
0.240987
0.141034
0.115517
0.081265
0.195571
0.086278
0.294362
0.066852
0.119217
0.065996
0.163793
0.109616
0.094013
0.031816
0.067097
0.142327
0.069103
0.126368
0.137627
0.225290
0.094491
0.106453
0.095202
0.024250
0.067526
0.172951
0.035416
0.142501
0.196108
0.252062
0.200746
0.210495
0.121637
0.048536
0.055202
0.201959
0.209751
0.079205
0.266485
0.103474
0.313533
0.297088
0.081660
0.291005
0.131145
0.097798
0.222579
0.166539
0.140501
0.101397
0.147530
0.181966
0.083306
0.326466
0.061727
0.054165
0.352187
0.200469
0.180388
0.066709
0.100177
0.110432
0.171897
0.089109
0.054971
0.068072
0.038432
0.025545
0.098970
0.105561
0.217548
0.173338
0.280380
0.112684
0.057124
0.046838
0.078659
0.178323
0.108101
0.068962
0.087875
0.106475
0.166324
0.172322
0.274062
0.031401
0.145271
0.178692
0.103306
0.054271
0.119037
0.068674
0.029810
0.038111
0.023686
0.201462
0.136065
0.218916
0.140115
0.157122
0.321098
0.155465
0.145982
0.047544
0.357900
0.123761
0.026445
0.119433
0.077124
0.050974
0.104595
0.111938
0.093376
0.154730
0.109004
0.279758
0.298543
0.089323
0.051276
0.126655
0.150281
0.077563
0.118651
0.114532
0.055166
0.064514
0.165433
0.041231
0.035258
0.088267
0.150497
0.018347
0.103507
0.093031
0.079577
0.078552
0.110822
0.073422
0.116060
0.441431
0.256972
0.140470
0.038006
0.057281
0.070482
0.278841
0.183736
0.066776
0.093629
0.135544
0.195738
0.107439
0.102216
0.044262
0.113591
0.122162
0.033724
0.068880
0.155373
0.101850
0.121388
0.177729
0.075241
0.089418
0.233973
0.167641
0.217955
0.129006
0.011498
0.029430
0.102032
0.215404
0.317684
0.249842
0.046434
0.064590
0.184653
0.277570
0.101390
0.161196
0.313616
0.081028
0.040449
0.058370
0.066446
0.063000
0.106244
0.025870
0.204586
0.023575
0.183782
0.095420
0.294588
0.059732
0.231266
0.049026
0.089360
0.108249
0.368307
0.137212
0.122668
0.115756
0.144210
0.270757
0.098812
0.132250
0.127993
0.061868
0.056331
0.074253
0.276032
0.116762
0.330316
0.125687
0.332384
0.117369
0.091390
0.145789
0.129804
0.219549
0.087649
0.064674
0.266578
0.055565
0.136402
0.052003
0.209270
0.064133
0.111591
0.042793
0.144049
0.072877
0.072411
0.343038
0.031842
0.019728
0.052924
0.266189
0.143174
0.058369
0.127287
0.172251
0.033897
0.027133
0.089858
0.066842
0.020780
0.046745
0.026623
0.205635
0.125811
0.090918
0.029886
0.083519
0.145686
0.143325
0.304186
0.031250
0.036565
0.080535
0.270494
0.055510
0.099684
0.236683
0.073636
0.068002
0.027016
0.107532
0.100047
0.105796
0.026296
0.155723
0.188027
0.068405
0.044244
0.178544
0.031116
0.052109
0.322141
0.130527
0.044299
0.064804
0.360392
0.038269
0.125146
0.079962
0.303321
0.206716
0.086189
0.061017
0.050580
0.145166
0.108240
0.146527
0.046184
0.244998
0.158846
0.062734
0.022741
0.015112
0.063099
0.069715
0.319662
0.072802
0.168210
0.103640
0.199897
0.228420
0.189734
0.033870
0.072359
0.125136
0.083602
0.075178
0.050928
0.229537
0.017867
0.055471
0.310750
0.168741
0.087020
0.045605
0.337358
0.123064
0.171056
0.051756
0.085386
0.021468
0.162584
0.170176
0.054406
0.238210
0.086717
0.118798
0.056661
0.113557
0.008124
0.105069
0.023256
0.016921
0.102871
0.044702
0.149656
0.158587
0.169164
0.036901
0.026118
0.034818
0.037157
0.072668
0.155545
0.226976
0.113996
0.041668
0.116544
0.104508
0.295413
0.044997
0.082843
0.112324
0.043490
0.084752
0.084589
0.344482
0.046071
0.125654
0.434948
0.229397
0.051099
0.111237
0.137373
0.131063
0.321791
0.055891
0.175081
0.043854
0.078645
0.079893
0.052402
0.064994
0.417652
0.213147
0.059235
0.201330
0.061640
0.129677
0.051501
0.062079
0.173914
0.075980
0.161481
0.169037
0.059346
0.142219
0.200727
0.151250
0.090593
0.035115
0.186968
0.044295
0.085489
0.116421
0.010977
0.103912
0.137024
0.029146
0.147002
0.139901
0.022238
0.028971
0.244764
0.115902
0.129006
0.050827
0.215178
0.013392
0.102347
0.044104
0.147513
0.219283
0.059528
0.041926
0.108605
0.094979
0.126459
0.239559
0.132074
0.051975
0.281595
0.123833
0.155197
0.014885
0.086318
0.079822
0.145325
0.439199
0.100981
0.118755
0.076904
0.049897
0.079215
0.073891
0.043718
0.107072
0.222217
0.079577
0.107904
0.613901
0.100850
0.044653
0.046046
0.114909
0.176870
0.124233
0.044637
0.104031
0.104619
0.111168
0.633306
0.162376
0.084719
0.208722
0.075889
0.072269
0.100889
0.060640
0.311918
0.112111
0.124413
0.237389
0.054143
0.181780
0.023286
0.045526
0.060922
0.072361
0.042187
0.161415
0.200674
0.149486
0.081943
0.031401
0.119811
0.285812
0.208530
0.131213
0.209796
0.070274
0.032210
0.292475
0.080159
0.164646
0.015320
0.123589
0.041038
0.037331
0.038698
0.017564
0.109893
0.034740
0.035223
0.035689
0.072799
0.041107
0.058599
0.054145
0.041733
0.133082
0.351165
0.044492
0.049351
0.008606
0.052312
0.181605
0.029532
0.042363
0.323066
0.044319
0.101599
0.056803
0.255126
0.182229
0.068911
0.074314
0.028181
0.046266
0.063493
0.058320
0.182396
0.060776
0.122236
0.311504
0.118441
0.095740
0.113297
0.015072
0.071196
0.149050
0.014550
0.134727
0.011508
0.212091
0.063716
0.168471
0.253702
0.081505
0.091850
0.033067
0.028787
0.085123
0.062464
0.148342
0.114933
0.088705
0.024329
0.229850
0.008295
0.200303
0.104824
0.024893
0.155665
0.098168
0.099376
0.058525
0.116014
0.063402
0.184450
0.168572
0.049571
0.197683
0.055644
0.120791
0.025659
0.118546
0.121414
0.064363
0.099615
0.019043
0.147657
0.339281
0.110341
0.022070
0.012583
0.108013
0.051382
0.037962
0.062383
0.060310
0.078014
0.213493
0.288324
0.136759
0.127908
0.075494
0.114888
0.084139
0.226801
0.122831
0.289223
0.026905
0.017376
0.074155
0.342894
0.097146
0.123888
0.093373
0.288833
0.130478
0.166283
0.473502
0.094227
0.051323
0.132866
0.040966
0.233462
0.240037
0.082176
0.048632
0.155771
0.078998
0.094597
0.070204
0.040984
0.026218
0.103598
0.133174
0.092714
0.130286
0.108796
0.104385
0.159525
0.107581
0.135950
0.033871
0.193887
0.026019
0.051308
0.031510
0.063951
0.217852
0.129810
0.343656
0.154564
0.047367
0.294132
0.067347
0.054199
0.050403
0.167586
0.040413
0.055431
0.098530
0.060091
0.205148
0.027225
0.093031
0.126674
0.106809
0.030977
0.077918
0.264043
0.035562
0.142980
0.039187
0.103149
0.098510
0.055577
0.247401
0.026132
0.030110
0.026849
0.044592
0.062881
0.110942
0.040610
0.049649
0.064095
0.350024
0.123262
0.264275
0.028731
0.037897
0.011196
0.144028
0.181310
0.132429
0.296050
0.056745
0.087327
0.017202
0.156154
0.034607
0.066877
0.053971
0.179707
0.066417
0.011107
0.037575
0.493284
0.097416
0.014219
0.047894
0.161077
0.044394
0.025743
0.114930
0.058768
0.103238
0.022822
0.065433
0.187548
0.080394
0.093734
0.498600
0.267188
0.042328
0.215534
0.054129
0.192529
0.029167
0.064519
0.009674
0.076363
0.037869
0.038714
0.059390
0.140910
0.029690
0.117228
0.018775
0.047514
0.038349
0.020910
0.057271
0.014848
0.060348
0.302291
0.137072
0.136028
0.104739
0.063662
0.249532
0.225810
0.225608
0.066234
0.027071
0.039280
0.138830
0.036647
0.042440
0.079595
0.160346
0.034545
0.273263
0.042502
0.021854
0.056623
0.035618
0.136744
0.118967
0.058805
0.049242
0.136480
0.052532
0.071954
0.101151
0.075836
0.338399
0.064272
0.182516
0.129251
0.073456
0.050105
0.050885
0.266356
0.030407
0.110853
0.147991
0.142076
0.130908
0.238121
0.105877
0.144952
0.050879
0.030372
0.155289
0.040596
0.133575
0.295368
0.073120
0.120872
0.103962
0.208691
0.118289
0.036280
0.036702
0.039345
0.202326
0.126670
0.187652
0.178310
0.014835
0.076183
0.127656
0.107789
0.112129
0.128890
0.031328
0.051618
0.210747
0.227144
0.221320
0.113283
0.219463
0.099046
0.093242
0.037296
0.164498
0.103391
0.091764
0.072143
0.079674
0.179899
0.053566
0.101901
0.075353
0.048052
0.189570
0.030068
0.093899
0.096046
0.070069
0.259783
0.129165
0.064704
0.101237
0.144420
0.188719
0.013896
0.243350
0.122983
0.096102
0.171445
0.021854
0.150400
0.073179
0.149760
0.038533
0.068951
0.080165
0.066712
0.050362
0.134039
0.117969
0.062963
0.029714
0.059319
0.202455
0.006906
0.027980
0.092324
0.326522
0.076795
0.089864
0.156335
0.246773
0.088399
0.092159
0.046865
0.079320
0.064529
0.032126
0.020046
0.074496
0.279549
0.010345
0.114566
0.343251
0.010666
0.034394
0.232570
0.170132
0.208455
0.029522
0.012405
0.053945
0.187280
0.107292
0.180644
0.045633
0.106472
0.269042
0.060760
0.027606
0.043465
0.042178
0.086508
0.196514
0.146068
0.098029
0.063538
0.131069
0.033358
0.102433
0.281295
0.139247
0.009835
0.059845
0.134381
0.138333
0.082144
0.083231
0.179686
0.035528
0.205564
0.114162
0.106352
0.042830
0.233485
0.272887
0.223760
0.035274
0.118746
0.164379
0.228410
0.062043
0.037556
0.094922
0.066548
0.035116
0.035815
0.052277
0.054644
0.082043
0.210944
0.103637
0.038568
0.138388
0.035952
0.155295
0.054757
0.057114
0.268402
0.030511
0.133285
0.040687
0.089763
0.050014
0.033628
0.030972
0.086279
0.145778
0.026402
0.051506
0.079573
0.064405
0.245239
0.094536
0.164292
0.045543
0.209108
0.007950
0.239859
0.033216
0.030233
0.024010
0.109827
0.079138
0.070933
0.140608
0.074952
0.109306
0.140273
0.107166
0.123974
0.180069
0.140267
0.319890
0.155648
0.019970
0.106515
0.081422
0.030648
0.044817
0.260110
0.083476
0.044898
0.033734
0.188151
0.059060
0.179357
0.058632
0.058167
0.146250
0.047461
0.031842
0.017158
0.046108
0.077127
0.224510
0.084270
0.182075
0.110727
0.078641
0.039239
0.071447
0.295718
0.505777
0.016738
0.151412
0.185599
0.009997
0.075287
0.150790
0.180012
0.022020
0.079325
0.085784
0.092048
0.071733
0.012939
0.339315
0.191829
0.054981
0.027613
0.139088
0.032503
0.195058
0.016458
0.064524
0.134602
0.026959
0.166316
0.039366
0.128246
0.250220
0.062673
0.084744
0.158756
0.117233
0.031616
0.045447
0.021611
0.060912
0.101021
0.052981
0.053443
0.021283
0.051837
0.097698
0.158374
0.030885
0.085771
0.139769
0.035052
0.092800
0.030339
0.012736
0.018368
0.063866
0.060687
0.064543
0.010394
0.053542
0.210724
0.303979
0.046955
0.081816
0.164020
0.029446
0.155201
0.049903
0.229859
0.053844
0.061470
0.058209
0.031874
0.028975
0.019176
0.065264
0.031926
0.174202
0.065116
0.062507
0.244857
0.304824
0.153881
0.121222
0.149284
0.019761
0.016993
0.051650
0.130268
0.082787
0.218211
0.249422
0.227133
0.135308
0.404295
0.084765
0.073890
0.036680
0.222842
0.101570
0.187377
0.148510
0.090792
0.218180
0.029761
0.035864
0.047810
0.207071
0.029791
0.037025
0.068155
0.065946
0.071454
0.179632
0.046058
0.144065
0.026885
0.071207
0.027532
0.207996
0.041764
0.174896
0.013901
0.148719
0.121805
0.061566
0.110073
0.029927
0.037309
0.096469
0.040449
0.128414
0.031577
0.027908
0.084531
0.188465
0.071542
0.006503
0.140751
0.120509
0.129671
0.020223
0.030588
0.043556
0.017870
0.081824
0.025766
0.028122
0.120426
0.040559
0.049238
0.205123
0.013467
0.034606
0.152307
0.198696
0.050460
0.022099
0.117663
0.025248
0.054565
0.059595
0.047176
0.101134
0.067514
0.097550
0.130162
0.024839
0.229135
0.033876
0.166160
0.163416
0.045952
0.069871
0.041793
0.152963
0.093219
0.035797
0.065609
0.050858
0.158201
0.026926
0.106364
0.031940
0.145538
0.054970
0.035669
0.071225
0.270782
0.042566
0.228702
0.151428
0.095784
0.066880
0.171813
0.114166
0.154019
0.076706
0.126364
0.025627
0.107599
0.024099
0.104209
0.335562
0.164564
0.229089
0.066517
0.180455
0.036200
0.058864
0.036632
0.037926
0.518604
0.087131
0.137715
0.237887
0.116639
0.042817
0.153927
0.027271
0.110736
0.027405
0.032553
0.063368
0.249900
0.083831
0.079479
0.034294
0.139548
0.175504
0.049597
0.079095
0.092265
0.197218
0.067813
0.043865
0.168535
0.079968
0.137680
0.463073
0.259961
0.106602
0.046834
0.081381
0.244602
0.100913
0.057321
0.196201
0.093704
0.064394
0.019264
0.249315
0.071673
0.080337
0.014512
0.044557
0.175081
0.045683
0.192799
0.037199
0.121596
0.021175
0.159308
0.024433
0.036914
0.153571
0.201441
0.013566
0.231556
0.136160
0.085494
0.057809
0.033231
0.255389
0.039144
0.184961
0.232365
0.063839
0.336220
0.213093
0.123341
0.012559
0.061027
0.148983
0.017308
0.095775
0.016502
0.149258
0.055170
0.193365
0.038334
0.262284
0.163352
0.085271
0.202833
0.053496
0.042366
0.134761
0.061890
0.224126
0.209534
0.282391
0.024059
0.107947
0.015544
0.096849
0.046649
0.037295
0.100585
0.235425
0.138548
0.053363
0.027189
0.014379
0.101881
0.117148
0.250157
0.027841
0.097426
0.134330
0.050644
0.191883
0.033466
0.206718
0.149582
0.122840
0.023241
0.071592
0.046760
0.140907
0.233728
0.081145
0.032099
0.065156
0.043975
0.031095
0.025304
0.077541
0.145142
0.093851
0.060359
0.085519
0.023359
0.088625
0.113571
0.020586
0.187588
0.221660
0.043379
0.125918
0.105230
0.018182
0.048785
0.069857
0.243536
0.098547
0.110131
0.102584
0.088195
0.071859
0.038552
0.030285
0.060234
0.044502
0.122285
0.088093
0.124200
0.304213
0.129299
0.164432
0.093319
0.061661
0.029381
0.020593
0.058550
0.061510
0.097320
0.017757
0.037961
0.014938
0.034785
0.024162
0.127440
0.019471
0.024132
0.106997
0.052838
0.134118
0.092793
0.148101
0.069404
0.134540
0.061558
0.110547
0.079439
0.016444
0.078621
0.144372
0.046420
0.075935
0.306604
0.185323
0.064695
0.083193
0.134930
0.063775
0.093277
0.027471
0.088592
0.057359
0.097967
0.053591
0.135591
0.305045
0.025522
0.087078
0.015600
0.013668
0.043484
0.040100
0.020012
0.015805
0.196837
0.045225
0.044000
0.165653
0.157225
0.093803
0.042920
0.008752
0.013992
0.021836
0.206840
0.102619
0.033926
0.073213
0.069872
0.381345
0.029110
0.026520
0.032942
0.047191
0.069853
0.074842
0.175444
0.243083
0.049016
0.119580
0.255507
0.011411
0.090671
0.085637
0.013949
0.261906
0.051084
0.068767
0.136699
0.234751
0.071022
0.059797
0.048066
0.082501
0.065059
0.075768
0.059083
0.165534
0.183735
0.226900
0.179059
0.142897
0.066577
0.103358
0.146028
0.010587
0.280697
0.166022
0.107395
0.144697
0.191301
0.055344
0.263922
0.088229
0.183794
0.034241
0.073556
0.016624
0.029423
0.135948
0.083653
0.057722
0.195504
0.055849
0.112356
0.083939
0.032834
0.048473
0.018117
0.227058
0.249974
0.115729
0.032464
0.176806
0.050334
0.081667
0.090806
0.011253
0.093558
0.041729
0.068253
0.038684
0.028477
0.284808
0.064619
0.258570
0.033156
0.064226
0.075586
0.032365
0.019345
0.027532
0.070987
0.173025
0.088600
0.065015
0.022410
0.103390
0.132355
0.144338
0.070821
0.291635
0.040220
0.025682
0.079110
0.009155
0.063070
0.146965
0.158885
0.061718
0.016731
0.252153
0.057735
0.064482
0.094355
0.214838
0.089616
0.072983
0.048984
0.035581
0.020431
0.025253
0.042654
0.164833
0.072517
0.021474
0.076963
0.074019
0.080967
0.076816
0.061454
0.117973
0.095538
0.108856
0.042836
0.231025
0.118858
0.029976
0.010799
0.249982
0.179877
0.004293
0.108650
0.297011
0.390111
0.060707
0.059522
0.037026
0.042798
0.179117
0.042136
0.064977
0.016550
0.359587
0.137413
0.063021
0.105108
0.120865
0.221521
0.220348
0.105423
0.239722
0.040196
0.057434
0.054892
0.025352
0.010361
0.070455
0.064448
0.339383
0.048286
0.232865
0.071078
0.076905
0.043138
0.034030
0.092987
0.056619
0.179579
0.080245
0.046993
0.128995
0.268202
0.189761
0.074368
0.234815
0.115529
0.025942
0.105420
0.020146
0.254505
0.045340
0.097137
0.082430
0.029226
0.058395
0.027318
0.055046
0.011645
0.150996
0.055825
0.146715
0.040721
0.129363
0.144610
0.061861
0.078059
0.052165
0.043613
0.036917
0.051197
0.130089
0.124356
0.050438
0.031355
0.021783
0.117136
0.188378
0.087464
0.089181
0.035269
0.077628
0.203267
0.031681
0.125623
0.042396
0.108695
0.040375
0.044938
0.071342
0.119445
0.032006
0.101095
0.230850
0.031940
0.025137
0.102790
0.025165
0.310676
0.093084
0.070868
0.079333
0.103328
0.081448
0.032136
0.058694
0.178650
0.010628
0.006859
0.254784
0.022922
0.080145
0.031948
0.167665
0.036230
0.138393
0.055107
0.008071
0.056777
0.121569
0.117272
0.066426
0.184824
0.014624
0.029658
0.014302
0.120517
0.255815
0.204625
0.058893
0.056869
0.095306
0.013298
0.063205
0.049352
0.147805
0.318769
0.033751
0.091251
0.117223
0.021333
0.019505
0.078510
0.036752
0.043256
0.061931
0.149526
0.065201
0.056343
0.075732
0.034536
0.230992
0.090140
0.047082
0.034375
0.192322
0.261215
0.218703
0.302432
0.126344
0.089885
0.104009
0.265468
0.108504
0.013895
0.041790
0.169520
0.042650
0.054205
0.044534
0.210016
0.031442
0.011261
0.082515
0.010964
0.025538
0.024472
0.143476
0.042924
0.101248
0.007020
0.118466
0.089159
0.087953
0.119386
0.019568
0.163143
0.040392
0.063762
0.065793
0.019349
0.062356
0.079098
0.039728
0.083931
0.195971
0.015847
0.232036
0.071885
0.020661
0.132619
0.031799
0.047081
0.095110
0.279548
0.106182
0.082913
0.041605
0.049828
0.142991
0.099381
0.143291
0.197675
0.252474
0.024753
0.081356
0.146920
0.134865
0.046976
0.107635
0.014010
0.102238
0.487566
0.062695
0.029706
0.378213
0.202082
0.158360
0.043488
0.073204
0.031614
0.053723
0.097940
0.019179
0.042191
0.138358
0.024751
0.037962
0.063394
0.019544
0.137014
0.069061
0.113393
0.036170
0.042787
0.018381
0.031658
0.125602
0.035789
0.110199
0.138761
0.056164
0.017191
0.007817
0.177972
0.094250
0.067341
0.054562
0.058559
0.109506
0.015240
0.431533
0.100037
0.043520
0.057337
0.030066
0.018333
0.067544
0.066365
0.069377
0.027306
0.194192
0.038116
0.366898
0.088038
0.089122
0.040216
0.078187
0.037898
0.014468
0.078327
0.116013
0.023529
0.231589
0.021204
0.051542
0.035707
0.057185
0.037600
0.105706
0.040804
0.194643
0.132912
0.021218
0.114066
0.056269
0.418515
0.306131
0.037054
0.143723
0.148966
0.261166
0.062806
0.210733
0.065448
0.043871
0.069965
0.110612
0.136262
0.189673
0.052863
0.035863
0.064616
0.089766
0.048850
0.070729
0.036534
0.063821
0.198984
0.070032
0.013525
0.032149
0.085164
0.037750
0.029529
0.012407
0.043440
0.168298
0.112482
0.052251
0.031992
0.036300
0.047630
0.090829
0.136301
0.016355
0.053810
0.178927
0.022017
0.155885
0.138768
0.064100
0.323451
0.102011
0.201709
0.101581
0.268309
0.051375
0.033182
0.040383
0.055203
0.159455
0.129232
0.060133
0.087886
0.048971
0.016985
0.018641
0.033506
0.074853
0.093107
0.019309
0.049442
0.019101
0.022057
0.200291
0.034926
0.055330
0.039337
0.025470
0.092660
0.054322
0.113749
0.289780
0.062013
0.048799
0.015297
0.022089
0.089529
0.091323
0.013708
0.092489
0.083906
0.170845
0.127388
0.032623
0.047046
0.028642
0.136399
0.260935
0.220995
0.086012
0.066306
0.071975
0.205570
0.191925
0.164830
0.171982
0.053858
0.018759
0.052206
0.052238
0.125973
0.031621
0.115829
0.224784
0.007452
0.199489
0.078464
0.110599
0.084860
0.091024
0.018022
0.057113
0.110219
0.031089
0.053359
0.056896
0.303183
0.207934
0.057892
0.039900
0.014920
0.041131
0.266910
0.023343
0.043289
0.102793
0.079223
0.019387
0.040461
0.197282
0.017319
0.228093
0.092732
0.140836
0.016972
0.042687
0.057735
0.023902
0.127572
0.138556
0.131023
0.294311
0.063746
0.069506
0.040626
0.109394
0.056803
0.102071
0.024077
0.043392
0.118861
0.131882
0.013641
0.159630
0.114701
0.100869
0.009278
0.086760
0.036864
0.041695
0.166241
0.093905
0.066069
0.059705
0.101775
0.376252
0.014485
0.021394
0.154329
0.154162
0.139455
0.080612
0.167207
0.122550
0.028360
0.069362
0.180247
0.148853
0.059997
0.061679
0.069708
0.035775
0.274820
0.112901
0.044493
0.066881
0.031989
0.168433
0.407571
0.019390
0.008089
0.067806
0.220245
0.136198
0.112588
0.127991
0.034189
0.027647
0.050291
0.018272
0.035409
0.090918
0.041714
0.046747
0.032811
0.021318
0.285275
0.120438
0.043638
0.024205
0.010299
0.106552
0.087649
0.023247
0.129001
0.014163
0.235040
0.020354
0.049034
0.066282
0.051528
0.033672
0.150931
0.098262
0.066378
0.034915
0.033926
0.046712
0.018412
0.194022
0.122058
0.021911
0.131030
0.006756
0.196785
0.033801
0.192598
0.112094
0.010866
0.037639
0.082389
0.026816
0.057186
0.136246
0.076681
0.123774
0.105637
0.030465
0.092310
0.043052
0.018678
0.070089
0.296196
0.088421
0.039261
0.177386
0.049859
0.046664
0.025552
0.100130
0.088616
0.098187
0.025900
0.098116
0.084673
0.013080
0.015746
0.030679
0.024404
0.123714
0.027598
0.072728
0.093781
0.013031
0.072704
0.037121
0.061488
0.232254
0.101086
0.079276
0.071896
0.010652
0.036618
0.071741
0.132816
0.198530
0.022434
0.039319
0.099219
0.014671
0.057039
0.124532
0.097724
0.009860
0.045778
0.018745
0.058693
0.078871
0.097734
0.518073
0.231298
0.036489
0.014404
0.020426
0.148492
0.023030
0.302745
0.094715
0.040320
0.054614
0.158232
0.077260
0.197092
0.069968
0.213234
0.013423
0.005308
0.008757
0.129399
0.099783
0.070577
0.025010
0.101153
0.066428
0.112660
0.059438
0.092679
0.025927
0.036974
0.053460
0.031363
0.059622
0.020385
0.115495
0.414687
0.139900
0.216060
0.007695
0.096220
0.082223
0.195076
0.017716
0.050835
0.106379
0.035667
0.044785
0.223734
0.027810
0.196325
0.076354
0.039459
0.026942
0.298572
0.096809
0.063276
0.038387
0.137817
0.034936
0.222990
0.008765
0.053796
0.059383
0.123658
0.034413
0.139231
0.260258
0.026725
0.076915
0.081968
0.197466
0.176346
0.082223
0.134694
0.072151
0.004710
0.121933
0.067691
0.146228
0.109270
0.021337
0.072761
0.090204
0.029876
0.093145
0.014878
0.095807
0.038116
0.215971
0.018750
0.089517
0.135409
0.023374
0.102592
0.010187
0.033223
0.163891
0.071647
0.089907
0.066238
0.132446
0.204084
0.233068
0.225363
0.110367
0.116536
0.152795
0.142732
0.059587
0.025017
0.042853
0.045712
0.021297
0.022732
0.062168
0.179090
0.092688
0.081583
0.184737
0.026274
0.009176
0.006953
0.206189
0.044611
0.150481
0.180975
0.179375
0.010737
0.082832
0.016633
0.111374
0.227431
0.017815
0.063167
0.094334
0.033588
0.190905
0.014516
0.112038
0.092680
0.021309
0.126603
0.046634
0.091967
0.415924
0.054277
0.127333
0.021671
0.119719
0.059450
0.025621
0.074881
0.099900
0.038024
0.007467
0.196591
0.089653
0.013381
0.373824
0.048051
0.143020
0.061353
0.022584
0.071294
0.146791
0.125832
0.035676
0.035580
0.096544
0.066558
0.064209
0.028898
0.134513
0.118673
0.053502
0.014238
0.065720
0.047618
0.033246
0.058417
0.054717
0.128154
0.097715
0.060607
0.022315
0.326554
0.090103
0.097699
0.028264
0.111101
0.035434
0.071814
0.239032
0.064083
0.080401
0.112275
0.032141
0.013051
0.039877
0.330134
0.019796
0.089620
0.017786
0.021774
0.040360
0.051046
0.053469
0.175946
0.193812
0.060922
0.052243
0.016800
0.065450
0.026981
0.040054
0.008763
0.182923
0.173934
0.016459
0.010524
0.066018
0.108004
0.036259
0.125164
0.027775
0.063128
0.069548
0.015033
0.071209
0.085369
0.065434
0.231388
0.070861
0.092898
0.052981
0.026967
0.047680
0.123606
0.061424
0.062132
0.035997
0.055462
0.041795
0.020412
0.185746
0.339644
0.027148
0.050450
0.016017
0.080193
0.047221
0.074540
0.130898
0.101418
0.203091
0.084604
0.008384
0.172014
0.102357
0.049301
0.321835
0.068501
0.053872
0.080538
0.041866
0.095760
0.076225
0.121521
0.122525
0.243823
0.049966
0.018493
0.056414
0.074203
0.015455
0.036831
0.025334
0.198956
0.069344
0.024086
0.170260
0.248502
0.091995
0.077522
0.136044
0.104638
0.049955
0.100876
0.041141
0.019893
0.123082
0.394027
0.040057
0.103000
0.133725
0.051129
0.058010
0.044244
0.166483
0.015495
0.058942
0.076067
0.144679
0.129399
0.031352
0.005341
0.096260
0.056736
0.029307
0.017278
0.069304
0.136908
0.085964
0.154458
0.198056
0.065291
0.115736
0.034366
0.038192
0.082933
0.027649
0.007565
0.146848
0.060997
0.041624
0.356017
0.031714
0.094742
0.095924
0.066412
0.053439
0.166330
0.006767
0.275683
0.146969
0.040589
0.105362
0.090683
0.062946
0.023320
0.046917
0.057929
0.034373
0.060463
0.047132
0.011532
0.198190
0.116717
0.060162
0.069086
0.215258
0.053746
0.087616
0.250502
0.104703
0.041182
0.024746
0.030311
0.020030
0.032872
0.057491
0.210017
0.230338
0.060764
0.005259
0.018101
0.044867
0.015509
0.065466
0.027685
0.012014
0.050100
0.048399
0.081791
0.050087
