2.312565
2.143569
3.521216
2.281367
2.253417
2.263689
1.040197
0.751226
0.924309
1.279955
0.819581
0.955929
1.034565
1.160130
0.806045
0.728878
0.534387
0.639003
0.521717
0.432793
0.401834
0.326698
0.352145
0.603306
0.339881
0.288223
1.068344
0.708624
0.898524
0.104964
0.210966
0.560107
0.560173
0.210186
0.366030
0.176199
0.471926
0.232858
0.463720
0.302183
0.786665
0.534561
0.186893
0.597198
0.249685
0.093420
0.224883
0.144498
0.261224
0.350236
0.238220
0.309562
0.184944
0.089911
0.242738
0.277154
0.146300
0.285038
0.114581
0.389659
0.227646
0.249391
0.185774
0.384698
0.370948
0.230946
0.148492
0.093974
0.164811
0.439838
0.259426
0.216873
0.250769
0.203099
0.301581
0.183083
0.252661
0.181069
0.110222
0.246670
0.287029
0.397842
0.049717
0.273764
0.187605
0.177446
0.101060
0.204162
0.101928
0.293445
0.253743
0.108341
0.353993
0.297423
0.171787
0.191362
0.124741
0.284213
0.164227
0.176200
0.361123
0.231583
0.335630
0.094458
0.178052
0.107885
0.251769
0.069268
0.193679
0.239883
0.212174
0.236991
0.134326
0.407629
0.277395
0.028421
0.177452
0.137818
0.102565
0.084888
0.334485
0.228236
0.246560
0.205443
0.273371
0.185529
0.159917
0.258480
0.139745
0.190319
0.128520
0.074354
0.063337
0.158124
0.304915
0.177568
0.227776
0.292507
0.189865
0.105429
0.136912
0.040406
0.170540
0.235447
0.041973
0.212702
0.162530
0.095694
0.290604
0.105154
0.172339
0.194993
0.100842
0.192171
0.138842
0.058490
0.109712
0.168463
0.331532
0.091421
0.128305
0.180003
0.140706
0.036634
0.186240
0.042596
0.377089
0.689729
0.077979
0.112390
0.114683
0.198008
0.104399
0.327090
0.268394
0.043527
0.072132
0.052766
0.203774
0.120487
0.099435
0.189447
0.237209
0.161193
0.099076
0.133425
0.154719
0.098472
0.106909
0.178424
0.208142
0.094600
0.400878
0.326828
0.068977
0.080663
0.124382
0.037087
0.286354
0.089710
0.136913
0.134430
0.171823
0.082020
0.117296
0.159627
0.082154
0.295076
0.156043
0.382503
0.216211
0.186904
0.200616
0.142466
0.229611
0.010346
0.146257
0.108688
0.093042
0.114488
0.163262
0.109335
0.165552
0.281449
0.083691
0.232050
0.177082
0.045411
0.246135
0.069964
0.091416
0.167594
0.115223
0.176696
0.056290
0.390249
0.074370
0.108445
0.238581
0.074016
0.174089
0.157019
0.043383
0.159927
0.113941
0.096645
0.258658
0.052666
0.118613
0.034602
0.089707
0.225191
0.161388
0.109079
0.160101
0.349554
0.175387
0.374181
0.138310
0.203783
0.187796
0.151982
0.151651
0.088245
0.085773
0.054217
0.077968
0.098395
0.173611
0.208815
0.284451
0.109831
0.058772
0.063252
0.206265
0.187365
0.107893
0.216648
0.038188
0.227630
0.265633
0.138928
0.083042
0.117365
0.205646
0.061761
0.149362
0.183037
0.057563
0.101172
0.150314
0.030847
0.054655
0.117091
0.058144
0.084708
0.083089
0.044929
0.069847
0.101371
0.116739
0.047987
0.100412
0.107246
0.018991
0.381755
0.070087
0.030436
0.109265
0.130309
0.099474
0.359509
0.025887
0.267262
0.178301
0.239926
0.146786
0.236277
0.224921
0.403470
0.145395
0.035727
0.163845
0.059810
0.088122
0.059976
0.206597
0.078622
0.094213
0.013688
0.064381
0.063851
0.127884
0.039011
0.027826
0.140089
0.106680
0.038318
0.122061
0.085486
0.074398
0.121801
0.074065
0.052286
0.075678
0.089776
0.040187
0.126423
0.086443
0.168947
0.066002
0.247526
0.421413
0.021530
0.080274
0.070704
0.155473
0.098791
0.140704
0.100498
0.052975
0.042580
0.057372
0.202209
0.060261
0.032449
0.334329
0.071052
0.094159
0.310188
0.199008
0.187103
0.032925
0.066689
0.055296
0.016644
0.115140
0.259065
0.114578
0.041245
0.070461
0.071238
0.030537
0.068859
0.206624
0.155097
0.037871
0.104943
0.240349
0.127184
0.058023
0.103315
0.147650
0.122937
0.052568
0.080443
0.016963
0.047583
0.020421
0.009207
0.208158
0.153510
0.230226
0.143747
0.221300
0.076781
0.026431
0.074859
0.026200
0.055995
0.193762
0.117104
0.124100
0.163579
0.152816
0.417171
0.184662
0.353487
0.057931
0.094433
0.144607
0.064440
0.061638
0.048532
0.134200
0.251182
0.097941
0.093761
0.044207
0.017187
0.223132
0.199131
0.102168
0.130758
0.182124
0.048303
0.049731
0.051347
0.114831
0.167173
0.207963
0.028561
0.052734
0.117222
0.095673
0.196146
0.152897
0.074324
0.127605
0.081840
0.065625
0.120575
0.082239
0.098487
0.076329
0.128034
0.131368
0.146670
0.076023
0.099837
0.076131
0.053814
0.041141
0.116305
0.071601
0.220888
0.122034
0.344458
0.027343
0.257766
0.047932
0.065710
0.126804
0.052716
0.111316
0.146363
0.070780
0.052463
0.060311
0.071699
0.116275
0.220585
0.303238
0.028033
0.115986
0.096061
0.087915
0.034253
0.045427
0.092996
0.013564
0.123104
0.122644
0.096309
0.085308
0.060927
0.021903
0.021664
0.188968
0.292877
0.198626
0.112544
0.070643
0.132285
0.057807
0.231074
0.056237
0.058367
0.044938
0.100738
0.009055
0.082294
0.063481
0.029332
0.339362
0.055834
0.057564
0.137084
0.148365
0.083837
0.092790
0.133750
0.282147
0.102080
0.139892
0.093537
0.389399
0.104777
0.027100
0.072349
0.308862
0.148451
0.032219
0.025568
0.020605
0.095992
0.194899
0.120139
0.015763
0.040255
0.143621
0.063921
0.164041
0.129548
0.108433
0.088965
0.090121
0.063247
0.137389
0.342945
0.058546
0.038474
0.182950
0.085129
0.053062
0.158781
0.161724
0.044569
0.027525
0.113076
0.122589
0.106034
0.052773
0.204533
0.031956
0.137920
0.110847
0.121488
0.060002
0.015386
0.079006
0.100118
0.093931
0.113556
0.044600
0.092411
0.131585
0.033351
0.021677
0.199243
0.168395
0.108281
0.244811
0.079768
0.071066
0.008625
0.035131
0.124321
0.164462
0.055016
0.094893
0.056598
0.055351
0.020947
0.163177
0.049465
0.033202
0.021638
0.295024
0.115025
0.088428
0.078358
0.060642
0.014457
0.156632
0.147340
0.044677
0.083828
0.105271
0.032813
0.064103
0.079819
0.066903
0.082909
0.229025
0.278532
0.108106
0.104695
0.093073
0.032383
0.108474
0.032592
0.025642
0.150835
0.039032
0.055097
0.033334
0.073679
0.098726
0.011070
0.052259
0.120146
0.375911
0.183342
0.010897
0.026702
0.081793
0.015611
0.104922
0.033623
0.051529
0.012368
0.021026
0.061471
0.048313
0.011485
0.063976
0.067899
0.269004
0.027092
0.112820
0.066844
0.042642
0.228877
0.084498
0.023950
0.084896
0.236123
0.026814
0.038058
0.202321
0.024209
0.099123
0.061694
0.122609
0.037417
0.131833
0.074265
0.063613
0.265068
0.009600
0.035555
0.060525
0.060945
0.014030
0.050980
0.090616
0.048882
0.030982
0.091632
0.087538
0.050740
0.055602
0.056959
0.069801
0.095364
0.098289
0.051593
0.155886
0.073070
0.018462
0.305387
0.175469
0.142634
0.048806
0.187557
0.044482
0.079578
0.264444
0.052946
0.174228
0.112469
0.195882
0.040998
0.255986
0.143344
0.059349
0.125156
0.070725
0.056915
0.020241
0.288898
0.028852
0.029815
0.059134
0.338987
0.047677
0.179270
0.446465
0.109679
0.074470
0.164752
0.106667
0.093291
0.121138
0.048914
0.128054
0.110722
0.047968
0.030043
0.171462
0.012288
0.020921
0.306358
0.047873
0.058249
0.046235
0.124878
0.142161
0.051591
0.175494
0.025885
0.103478
0.052726
0.057436
0.026808
0.052148
0.193735
0.036655
0.179950
0.010553
0.107586
0.028628
0.026875
0.017693
0.051384
0.004982
0.294427
0.020304
0.012051
0.021080
0.026982
0.039974
0.055492
0.081215
0.100139
0.367938
0.022200
0.066257
0.084152
0.051926
0.079498
0.027881
0.145927
0.138991
0.066327
0.027448
0.025359
0.148992
0.090068
0.059396
0.041240
0.079517
0.206706
0.051963
0.112481
0.053829
0.082874
0.056083
0.103082
0.035284
0.052428
0.077144
0.030685
0.011825
0.145834
0.022039
0.020541
0.144474
0.047100
0.038949
0.040447
0.053100
0.042118
0.312066
0.254295
0.024899
0.185225
0.201853
0.047627
0.078762
0.088649
0.059729
0.053905
0.077411
0.079264
0.027170
0.066974
0.016957
0.027294
0.193346
0.017950
0.042622
0.180826
0.138327
0.200503
0.153701
0.109643
0.060912
0.040878
0.098021
0.082750
0.143940
0.058036
0.067363
0.321914
0.012314
0.080842
0.113957
0.382297
0.025025
0.094543
0.063262
0.129394
0.195359
0.057931
0.108068
0.226924
0.224976
0.080045
0.122205
0.041985
0.128379
0.014908
0.042791
0.030816
0.143289
0.163418
0.346389
0.051082
0.052437
0.106384
0.046474
0.019909
0.046265
0.032995
0.494691
0.104716
0.206635
0.066592
0.020795
0.060519
0.119854
0.027025
0.134146
0.185665
0.202053
0.033951
0.035545
0.040525
0.038430
0.026359
0.033605
0.057429
0.150510
0.040932
0.039563
0.058156
0.020172
0.080714
0.020848
0.139137
0.116848
0.061513
0.165268
0.047062
0.012031
0.025679
0.290734
0.206806
0.045134
0.027943
0.094926
0.379979
0.133699
0.038884
0.027346
0.014713
0.064961
0.026596
0.094442
0.047420
0.079809
0.150207
0.030906
0.037403
0.043433
0.026617
0.020655
0.021641
0.168092
0.025765
0.105458
0.194921
0.148123
0.020445
0.113432
0.033047
0.006485
0.022028
0.084338
0.063255
0.061092
0.052465
0.054682
0.088635
0.052958
0.074280
0.146095
0.054229
0.050451
0.056786
0.100466
0.061096
0.114953
0.109363
0.125381
0.050454
0.052659
0.012274
0.021301
0.111775
0.015665
0.226265
0.057292
0.253374
0.021349
0.032451
0.035371
0.107983
0.049276
0.049624
0.030784
0.060670
0.231670
0.090211
0.209426
0.138933
0.242025
0.131623
0.138561
0.060628
0.008691
0.188347
0.140170
0.015733
0.055529
0.020995
0.237191
0.144739
0.069749
0.109566
0.066756
0.280083
0.121120
0.153353
0.129893
0.266170
0.008538
0.016651
0.019956
0.038200
0.160852
0.068901
0.133034
0.218783
0.071709
0.165774
0.170710
0.036013
0.236603
0.131898
0.080694
0.037665
0.037566
0.060182
0.070862
0.093339
0.096530
0.080506
0.036174
0.021952
0.119274
0.022978
0.019865
0.024478
0.051623
0.067705
0.041544
0.016553
0.052680
0.111295
0.121569
0.027386
0.008751
0.155282
0.034918
0.004895
0.039555
0.132070
0.108977
0.180657
0.052303
0.060651
0.135944
0.053988
0.080733
0.014160
0.064311
0.199538
0.103974
0.008196
0.047735
0.117673
0.074908
0.015682
0.207000
0.057172
0.010954
0.047914
0.200277
0.154082
0.011335
0.007353
0.050501
0.045720
0.144800
0.046595
0.013485
0.039448
0.047927
0.065452
0.192244
0.110063
0.038877
0.070350
0.054115
0.021632
0.114161
0.036405
0.037905
0.100924
0.037795
0.013130
0.201841
0.028971
0.099976
0.039821
0.039121
0.104747
0.034224
0.021034
0.040312
0.044414
0.133853
0.057040
0.210518
0.038068
0.024422
0.118226
0.046938
0.111387
0.097539
0.078701
0.183192
0.072512
0.057112
0.019924
0.044587
0.015895
0.014358
0.057420
0.033688
0.137534
0.133176
0.047958
0.034595
0.049842
0.037586
0.010402
0.085546
0.143129
0.016913
0.059398
0.040707
0.013361
0.069686
0.032229
0.038999
0.059088
0.148183
0.082883
0.042731
0.167171
0.068285
0.145994
0.081995
0.057030
0.094818
0.073363
0.166549
0.073861
0.098322
0.286739
0.072867
0.030126
0.169011
0.279721
0.014790
0.098041
0.021324
0.025698
0.039586
0.161999
0.018061
0.112663
0.030349
0.026630
0.055220
0.209211
0.037917
0.051914
0.189560
0.037458
0.113486
0.033001
0.027502
0.036578
0.080438
0.071765
0.017761
0.011316
0.111822
0.198909
0.045726
0.159352
0.160435
0.068209
0.040602
0.084015
0.044702
0.299593
0.105739
0.030440
0.080848
0.055379
0.121843
0.051993
0.257122
0.217745
0.241281
0.040561
0.439658
0.191881
0.075495
0.262132
0.079716
0.083564
0.044938
0.020895
0.009064
0.126864
0.047977
0.082744
0.303836
0.125113
0.032448
0.067871
0.128309
0.088330
0.226965
0.069724
0.163368
0.018791
0.191517
0.030258
0.018762
0.091190
0.016856
0.168401
0.012008
0.049880
0.014941
0.241880
0.045242
0.031833
0.195269
0.194026
0.018756
0.023802
0.070155
0.047313
0.290990
0.097955
0.221226
0.100592
0.048779
0.032433
0.166382
0.113170
0.027189
0.026867
0.066528
0.028950
0.359586
0.017984
0.304983
0.121261
0.027363
0.020506
0.018678
0.031317
0.177317
0.019509
0.009226
0.163306
0.271122
0.146156
0.112689
0.113958
0.076317
0.041308
0.040092
0.116054
0.043383
0.110578
0.038148
0.027667
0.064389
0.127909
0.015807
0.053214
0.015426
0.130112
0.081694
0.148059
0.032374
0.158948
0.006021
0.064548
0.112872
0.027206
0.017622
0.148367
0.031933
0.056926
0.057512
0.031472
0.019613
0.022233
0.038462
0.088836
0.076076
0.150970
0.058813
0.036602
0.089261
0.004875
0.033356
0.021373
0.034419
0.110871
0.083979
0.053832
0.018354
0.187621
0.021618
0.116532
0.191284
0.046614
0.032237
0.077484
0.036979
0.075580
0.023192
0.028019
0.052074
0.050565
0.056026
0.101379
0.055023
0.026655
0.172485
0.158716
0.115342
0.014663
0.073743
0.069898
0.035742
0.043353
0.019527
0.113330
0.219794
0.020782
0.038246
0.117519
0.032728
0.132442
0.056599
0.101318
0.133523
0.017127
0.116878
0.014024
0.085170
0.063706
0.015419
0.100330
0.046258
0.046774
0.026474
0.011049
0.015658
0.077039
0.017781
0.064549
0.181359
0.107157
0.085642
0.073874
0.041144
0.011537
0.071651
0.045721
0.022671
0.153090
0.098786
0.042415
0.239259
0.029582
0.186934
0.116525
0.033473
0.033360
0.054525
0.077057
0.235722
0.037994
0.078724
0.073284
0.119931
0.317077
0.129483
0.061210
0.126289
0.143059
0.029648
0.024374
0.056154
0.106876
0.237440
0.045271
0.037465
0.044004
0.028218
0.029975
0.031188
0.016934
0.041445
0.223264
0.034895
0.079271
0.033699
0.092439
0.064123
0.071194
0.085396
0.005988
0.045233
0.017013
0.049643
0.054243
0.031923
0.077690
0.053496
0.055577
0.054848
0.056240
0.071889
0.033990
0.050137
0.015894
0.039312
0.033777
0.028511
0.057356
0.055531
0.118669
0.036718
0.015805
0.077391
0.013672
0.017206
0.231327
0.071666
0.027897
0.199529
0.085678
0.074023
0.023548
0.018939
0.156230
0.149840
0.020549
0.013770
0.018387
0.207278
0.012201
0.111519
0.272126
0.083297
0.040768
0.017198
0.054091
0.047358
0.094573
0.026832
0.053541
0.079899
0.072095
0.030430
0.102011
0.022123
0.055857
0.019673
0.046145
0.141195
0.022090
0.087539
0.114898
0.062819
0.009022
0.009717
0.036332
0.049448
0.035692
0.014162
0.042879
0.083799
0.093468
0.059233
0.057870
0.163705
0.159323
0.172418
0.232282
0.099849
0.031398
0.064374
0.061317
0.027506
0.037864
0.143164
0.097114
0.049580
0.096692
0.086039
0.086946
0.035515
0.627499
0.059391
0.011020
0.014306
0.054797
0.039171
0.014103
0.056904
0.046515
0.082348
0.329899
0.043962
0.166172
0.231458
0.167845
0.164798
0.248897
0.144579
0.061145
0.163567
0.018627
0.038866
0.046212
0.049809
0.031702
0.039516
0.055123
0.053957
0.076062
0.036946
0.156876
0.059908
0.112448
0.023906
0.232706
0.042900
0.165222
0.021465
0.044022
0.092209
0.063531
0.070184
0.227322
0.009612
0.005993
0.085400
0.041852
0.044554
0.115468
0.044026
0.084760
0.095779
0.182430
0.036457
0.067415
0.031528
0.146644
0.015571
0.084733
0.133442
0.051721
0.091189
0.012318
0.043368
0.062348
0.040359
0.019164
0.019702
0.025344
0.124178
0.011415
0.027477
0.092040
0.122138
0.058982
0.054896
0.046580
0.049403
0.029403
0.011513
0.080022
0.115014
0.041036
0.030908
0.039928
0.062829
0.220436
0.070376
0.026540
0.111469
0.049364
0.148631
0.090514
0.167283
0.049511
0.043956
0.032846
0.165139
0.046604
0.098041
0.019935
0.173750
0.048766
0.084067
0.021304
0.022365
0.072103
0.139272
0.022678
0.033982
0.010917
0.063643
0.050568
0.036557
0.051009
0.087211
0.012280
0.103468
0.012414
0.062486
0.099616
0.058068
0.028595
0.073342
0.053540
0.074961
0.051471
0.402263
0.099381
0.062600
0.036229
0.087497
0.055540
0.090645
0.012723
0.051523
0.217386
0.050263
0.014230
0.037696
0.241825
0.033492
0.044471
0.010551
0.029828
0.034157
0.094243
0.141477
0.027624
0.109276
0.089930
0.103369
0.216087
0.010822
0.073337
0.173683
0.020862
0.083734
0.020196
0.021254
0.092884
0.118403
0.275101
0.010826
0.102035
0.019366
0.034669
0.009590
0.145342
0.017383
0.036134
0.058346
0.080955
0.044225
0.160245
0.023338
0.041116
0.031011
0.084256
0.012591
0.015332
0.009664
0.014440
0.056393
0.033777
0.140770
0.055308
0.064377
0.068190
0.047830
0.207551
0.030316
0.050333
0.032289
0.088060
0.030917
0.061700
0.216508
0.072035
0.022799
0.060192
0.045471
0.030452
0.256573
0.038770
0.020687
0.325789
0.014652
0.069941
0.025369
0.066880
0.102163
0.006659
0.141246
0.062394
0.067579
0.025624
0.143599
0.063473
0.037959
0.012476
0.018462
0.011902
0.209534
0.055088
0.024063
0.052850
0.038759
0.180486
0.134149
0.039277
0.150313
0.102466
0.029477
0.050105
0.068791
0.192495
0.210854
0.020179
0.091867
0.019453
0.051568
0.035566
0.010881
0.020862
0.053059
0.029958
0.079536
0.122400
0.026589
0.018853
0.012584
0.118410
0.082054
0.010789
0.006025
0.083015
0.105109
0.232055
0.037024
0.010664
0.061447
0.103386
0.031196
0.025909
0.124630
0.055374
0.187915
0.017544
0.063631
0.054511
0.097239
0.110175
0.082456
0.076785
0.017912
0.159532
0.031296
0.378738
0.021406
0.125508
0.245452
0.008340
0.012538
0.027378
0.024096
0.028721
0.031075
0.136700
0.055992
0.046269
0.017822
0.080157
0.009221
0.031317
0.122178
0.115964
0.031797
0.008855
0.034360
0.193740
0.014645
0.059392
0.248254
0.126003
0.021798
0.023683
0.138184
0.051867
0.006699
0.021326
0.051061
0.047859
0.042910
0.375197
0.055639
0.117632
0.226644
0.011690
0.079781
0.129724
0.120941
0.023960
0.074350
0.039797
0.070011
0.030134
0.273223
0.030318
0.075670
0.074226
0.077929
0.019414
0.152813
0.023620
0.005583
0.105057
0.137931
0.022067
0.023558
0.109071
0.016588
0.020324
0.029009
0.024432
0.030248
0.020841
0.148904
0.043489
0.221372
0.016037
0.086890
0.078931
0.072540
0.080796
0.025000
0.077302
0.062867
0.128151
0.060624
0.054969
0.051264
0.042748
0.017638
0.251693
0.138457
0.082487
0.218330
0.039990
0.022028
0.117921
0.053629
0.155516
0.065215
0.079613
0.031126
0.060289
0.060383
0.049535
0.083878
0.091244
0.029022
0.047073
0.203381
0.043110
0.062301
0.082091
0.101889
0.023644
0.042646
0.157722
0.085175
0.030050
0.047500
0.027814
0.012807
0.020453
0.112809
0.355007
0.015161
0.143015
0.089629
0.019515
0.039566
0.041258
0.028308
0.033294
0.043385
0.028076
0.020084
0.030913
0.030915
0.103303
0.111670
0.002467
0.146837
0.122756
0.138237
0.023216
0.027504
0.080182
0.022701
0.076238
0.115501
0.009815
0.023814
0.040566
0.013652
0.149847
0.070680
0.020965
0.010029
0.016801
0.016859
0.071200
0.070843
0.004534
0.112402
0.064856
0.072077
0.066880
0.028420
0.025708
0.078842
0.031712
0.058364
0.077445
0.043206
0.085888
0.025448
0.100572
0.023605
0.201231
0.059103
0.057665
0.118858
0.080499
0.146304
0.115126
0.048408
0.045300
0.050712
0.028601
0.012470
0.039765
0.062079
0.070640
0.033055
0.036649
0.205154
0.168734
0.172927
0.083827
0.024017
0.147398
0.018833
0.408200
0.010852
0.029023
0.037476
0.127887
0.079530
0.021729
0.027022
0.008419
0.161694
0.087375
0.065903
0.059983
0.097098
0.155010
0.012692
0.062244
0.033849
0.112325
0.033638
0.095650
0.028685
0.155105
0.012746
0.102216
0.088592
0.013259
0.045092
0.125641
0.013580
0.068203
0.068293
0.013330
0.145273
0.021685
0.033512
0.042344
0.106225
0.069491
0.029332
0.057920
0.068996
0.019754
0.064725
0.123635
0.169658
0.011988
0.062139
0.006625
0.047230
0.156258
0.084867
0.012433
0.017527
0.003733
0.137209
0.014031
0.140699
0.014858
0.032520
0.116051
0.020137
0.073981
0.046252
0.043445
0.003645
0.065945
0.149902
0.059643
0.062831
0.006158
0.038581
0.018781
0.076055
0.068821
0.006011
0.129235
0.086188
0.045285
0.053670
0.022638
0.137862
0.011995
0.059076
0.045960
0.249718
0.024963
0.021822
0.071514
0.141872
0.057729
0.064460
0.021080
0.107925
0.042996
0.031102
0.066876
0.210034
0.023995
0.021531
0.066464
0.021057
0.195442
0.075152
0.160732
0.073970
0.019358
0.051019
0.010159
0.069603
0.016944
0.190104
0.022695
0.024655
0.135754
0.065299
0.013171
0.020709
0.041165
0.022933
0.030499
0.019704
0.003124
0.014513
0.011756
0.081641
0.014914
0.041286
0.033812
0.053291
0.082962
0.099322
0.082567
0.106771
0.052171
0.020841
0.119758
0.028139
0.177608
0.091387
0.105474
0.025881
0.195398
0.084866
0.018410
0.049746
0.009373
0.006508
0.091069
0.107466
0.051439
0.022184
0.212616
0.052888
0.030119
0.012978
0.089772
0.379002
0.029584
0.043128
0.055070
0.025365
0.144626
0.035881
0.018325
0.010064
0.063067
0.184619
0.060887
0.107992
0.092140
0.022601
0.067208
0.132965
0.006171
0.101113
0.034902
0.060224
0.069846
0.192693
0.056042
0.078640
0.052589
0.033814
0.020762
0.028144
0.004071
0.015188
0.048720
0.109905
0.004891
0.034304
0.028667
0.012930
0.029093
0.024604
0.149853
0.011340
0.076168
0.058158
0.034000
0.033915
0.020195
0.167991
0.033409
0.034912
0.222044
0.041821
0.104881
0.012837
0.021545
0.077594
0.017690
0.128815
0.117962
0.148849
0.095018
0.081128
0.081796
0.046266
0.019174
0.129336
0.012981
0.031582
0.042999
0.177589
0.041593
0.042287
0.046848
0.070943
0.110347
0.011520
0.035334
0.238361
0.053746
0.164970
0.042363
0.103354
0.107693
0.027796
0.026533
0.084452
0.083965
0.326221
0.012404
0.090680
0.180205
0.023769
0.142824
0.084034
0.102318
0.042833
0.055141
0.042230
0.006282
0.033111
0.039381
0.126797
0.032213
0.030727
0.049733
0.041412
0.017902
0.039705
0.071298
0.025458
0.098364
0.029287
0.110469
0.029760
0.040461
0.041752
0.016640
0.025779
0.006912
0.114885
0.108218
0.054908
0.031451
0.079834
0.021490
0.056270
0.296355
0.042267
0.050413
0.015430
0.028937
0.347285
0.012243
0.050788
0.112300
0.012226
0.060963
0.065184
0.158008
0.091047
0.021345
0.212501
0.030853
0.179251
0.055960
0.010624
0.106943
0.020171
0.132158
0.036398
0.123488
0.016504
0.123452
0.020539
0.025666
0.105394
0.035486
0.029341
0.041741
0.004553
0.153604
0.044766
0.022330
0.028276
0.018772
0.073217
0.060803
0.096519
0.047933
0.148560
0.020520
0.043600
0.047548
0.020254
0.007467
0.060254
0.042942
0.015541
0.015738
0.089055
0.026828
0.243422
0.033223
0.024891
0.042810
0.154199
0.043603
0.020942
0.015190
0.125955
0.112914
0.139522
0.022925
0.022325
0.097573
0.097700
0.065553
0.114981
0.009431
0.056891
0.068819
0.009731
0.136234
0.013543
0.087485
0.038364
0.087420
0.087024
0.031759
0.188543
0.060487
0.075696
0.072021
0.173114
0.017102
0.013196
0.070518
0.020744
0.039601
0.018903
0.026280
0.012877
0.219338
0.030456
0.035539
0.037353
0.012695
0.055210
0.020428
0.064640
0.032750
0.036190
0.030883
0.225991
0.145137
0.013656
0.090673
0.067667
0.019564
0.092596
0.129062
0.004213
0.038958
0.015506
0.073214
0.169689
0.104280
0.029513
0.356099
0.082095
0.049775
0.018965
0.004034
0.089868
0.004012
0.006152
0.036507
0.022539
0.028593
0.113576
0.045927
0.154086
0.033318
0.032679
0.025617
0.082689
0.114217
0.007726
0.053198
0.140150
0.029741
0.036701
0.139078
0.044979
0.089671
0.048062
0.059373
0.087609
0.029160
0.205532
0.097913
0.079087
0.035738
0.216476
0.015140
0.015789
0.045835
0.226114
0.054720
0.028030
0.042584
0.029709
0.018465
0.063034
0.029896
0.021951
0.015102
0.017399
0.034443
0.164604
0.108095
0.043468
0.060019
0.046512
0.090994
0.119577
0.009469
0.045240
0.042239
0.131309
0.047403
0.033530
0.032106
0.058526
0.086391
0.025352
0.039932
0.139691
0.120438
0.211329
0.031302
0.037185
0.018164
0.047615
0.010169
0.103889
0.021569
0.028362
0.100733
0.058586
0.068892
0.067892
0.031004
0.048612
0.057670
0.064007
0.009502
0.044209
0.169276
0.007428
0.011919
0.064254
0.050756
0.010671
0.028348
0.014284
0.207944
0.026218
0.008635
0.022333
0.528388
0.064329
0.011688
0.063916
0.064375
0.020698
0.099568
0.004846
0.065230
0.026534
0.010856
0.045993
0.103619
0.032855
0.065044
0.109006
0.018956
0.013668
0.095842
0.088367
0.022592
0.055700
0.054298
0.119064
0.023537
0.010534
0.041079
0.032907
0.014744
0.051357
0.018029
0.209349
0.043609
0.057024
0.011152
0.179448
0.127367
0.045110
0.025284
0.081622
0.067576
0.035102
0.031948
0.047916
0.089847
0.059029
0.023687
0.117006
0.012868
0.010434
0.085938
0.021371
0.019130
0.166050
0.072356
0.010817
0.022152
0.045025
0.144694
0.131394
0.260413
0.058796
0.108422
0.116631
0.003596
0.040246
0.018205
0.020181
0.005410
0.140598
0.026097
0.052597
0.061444
0.036310
0.018909
0.063572
0.048631
0.154273
0.031978
0.072703
0.004586
0.011947
0.014143
0.111418
0.013784
0.078282
0.063758
0.045638
0.147934
0.020447
0.097407
0.065205
0.067916
0.198056
0.007638
0.015930
0.014071
0.081511
0.008136
0.051546
0.042182
0.013629
0.019197
0.017872
0.026690
0.009326
0.023705
0.055032
0.199323
0.192537
0.041570
0.365643
0.029163
0.036193
0.012020
0.259297
0.035960
0.056006
0.140635
0.014963
0.011243
0.034209
0.010312
0.049388
0.042745
0.079773
0.020514
0.028638
0.142446
0.187449
0.070822
0.014304
0.042997
0.121282
0.027578
0.161781
0.095938
0.132998
0.059779
0.014136
0.033177
0.140768
0.038968
0.053140
0.050907
0.192202
0.011482
0.051612
0.040249
0.143712
0.009499
0.042409
0.007849
0.058796
0.014947
0.010435
0.047837
0.012527
0.035520
0.012145
0.038147
0.016352
0.050066
0.015626
0.081347
0.040094
0.059393
0.019310
0.007264
0.185815
0.058594
0.017671
0.024022
0.058902
0.032086
0.006435
0.051976
0.018184
0.179133
0.079699
0.076817
0.007922
0.006263
0.016586
0.099082
0.010651
0.012442
0.076602
0.017842
0.100853
0.109772
0.039952
0.019624
0.185865
0.034742
0.018484
0.063481
0.025443
0.076708
0.064043
0.225098
0.194690
0.031712
0.215322
0.150331
0.051956
0.028290
0.090883
0.059620
0.242949
0.015622
0.052222
0.036667
0.030300
0.149886
0.039412
0.031868
0.120338
0.130315
0.089280
0.036543
0.221230
0.034858
0.038005
0.083736
0.123662
0.038577
0.025948
0.028823
0.013951
0.038763
0.006825
0.053801
0.081201
0.157997
0.151494
0.092745
0.031728
0.026489
0.106956
0.021607
0.020215
0.070236
0.091726
0.009538
0.123458
0.008994
0.076123
0.006644
0.017877
0.005661
0.015069
0.064819
0.065608
0.156320
0.046005
0.099545
0.037332
0.119748
0.008145
0.069023
0.109717
0.031512
0.024842
0.024683
0.111077
0.195123
0.025176
0.014598
0.125371
0.012362
0.391937
0.036964
0.352611
0.112449
0.013027
0.014224
0.189164
0.100619
0.161486
0.128110
0.044282
0.017615
0.153327
0.010360
0.019319
0.159916
0.031379
0.009714
0.012612
0.089234
0.077211
0.018497
0.014687
0.117460
0.074696
0.008753
0.184196
0.049301
0.036914
0.026501
0.018904
0.008581
0.014873
0.019107
0.010119
0.059963
0.073532
0.021045
0.005848
0.018591
0.172346
0.051169
0.161338
0.061369
0.030249
0.028087
0.109459
0.138533
0.004776
0.050110
0.060436
0.032567
0.008958
0.007419
0.071267
0.007493
0.054364
0.090626
0.047838
0.047289
0.083183
0.109226
0.030990
0.036430
0.055726
0.055782
0.059613
0.004149
0.155496
0.021859
0.055855
0.018305
0.039389
0.025790
0.057076
0.046801
0.035178
0.072322
0.006996
0.015916
0.093733
0.017038
0.069289
0.143431
0.012405
0.031506
0.021928
0.009043
0.022991
0.078914
0.104790
0.389720
0.006422
0.176840
0.064742
0.116969
0.081167
0.033354
0.003032
0.022927
0.221659
0.155239
0.159285
0.066335
0.017187
0.025746
0.115357
0.006979
0.019691
0.057421
0.126249
0.123699
0.056400
0.067237
0.061173
0.014314
0.212534
0.015402
0.016218
0.026699
0.046508
0.093581
0.071940
0.017527
0.063377
0.023703
0.105831
0.024702
0.050623
0.030292
0.029492
0.088320
0.061978
0.147875
0.058255
0.057463
0.009639
0.138605
0.010035
0.131055
0.054992
0.008335
0.051399
0.028184
0.009823
0.132626
0.022577
0.049075
0.013995
0.087311
0.055888
0.076296
0.073848
0.075803
0.017032
0.182501
0.022084
0.122826
0.056617
0.074145
0.043756
0.026198
0.012411
0.027588
0.027493
0.007140
0.038945
0.019652
0.028901
0.375679
0.161075
0.003704
0.101995
0.010556
0.001877
0.053817
0.014346
0.002814
0.003848
0.033484
0.024831
0.156354
0.050726
0.033253
0.036391
0.024142
0.008029
0.022457
0.005904
0.107278
0.077780
0.086622
0.051657
0.066345
0.070058
0.020310
0.003275
0.023672
0.011917
0.039327
0.114759
0.037192
0.007502
0.024313
0.020064
0.158647
0.039004
0.036291
0.020688
0.011705
0.102840
0.027408
0.082231
0.111291
0.040524
0.070123
0.084686
0.202036
0.017553
0.049319
0.026609
0.035592
0.025342
0.015023
0.028394
0.013183
0.214858
0.004364
0.015207
0.320118
0.007899
0.006086
0.024226
0.006919
0.089052
0.084191
0.029670
0.037883
0.074782
0.392787
0.025339
0.013791
0.006484
0.026586
0.109022
0.029911
0.073912
0.098541
0.044088
0.063336
0.035514
0.032922
0.018613
0.013013
0.100742
0.019673
0.031748
0.022316
0.036624
0.038412
0.011481
0.190340
0.063514
0.044661
0.207101
0.030755
0.218765
0.008961
0.014050
0.015451
0.207252
0.073905
0.110099
0.031746
0.061203
0.028577
0.014782
0.013493
0.015817
