2.294540
2.579156
2.378547
2.276417
2.246510
2.195773
2.193497
2.162531
1.976466
2.081816
1.924839
1.814911
1.413408
1.456387
2.871762
1.808148
1.332747
0.996151
1.029551
0.669550
1.135780
1.491156
1.312248
0.748881
1.051321
0.901175
0.617145
0.367545
0.323360
0.542433
0.742857
0.782422
0.658076
0.472643
0.465602
0.666795
0.514682
0.303265
0.209204
0.401713
0.453905
0.358292
0.284739
0.321064
0.258042
0.561090
0.390293
0.369781
0.342816
0.499234
0.393295
0.492366
0.318452
0.365646
0.395861
0.640912
0.257783
0.310389
0.139148
0.335635
0.218239
0.250621
0.266781
0.277762
0.726817
0.624576
0.483760
0.282273
0.180453
0.149287
0.126913
0.342424
0.349478
0.262311
0.238125
0.372016
0.124241
0.110005
0.408917
0.378005
0.256408
0.262274
0.110326
0.361927
0.253235
0.266893
0.206010
0.251819
0.206597
0.270298
0.244158
0.363457
0.221436
0.344078
0.164051
0.101979
0.283391
0.066892
0.205714
0.361376
0.246590
0.096831
0.326376
0.561715
0.215796
0.341629
0.333880
0.081051
0.197714
0.160095
0.142302
0.265623
0.267932
0.251937
0.350140
0.150385
0.425360
0.493954
0.232423
0.167626
0.183049
0.093325
0.171494
0.187909
0.143804
0.038042
0.115105
0.156937
0.136968
0.406322
0.640020
0.157180
0.218971
0.191308
0.395154
0.440351
0.291394
0.209484
0.233514
0.097401
0.199368
0.150747
0.126264
0.175758
0.099904
0.279503
0.289686
0.310934
0.113566
0.090961
0.197941
0.130435
0.162705
0.441524
0.134462
0.358213
0.242585
0.216663
0.282388
0.246396
0.022427
0.248821
0.100289
0.186502
0.388602
0.068907
0.502946
0.355502
0.054350
0.092580
0.129674
0.110778
0.420926
0.135227
0.016778
0.058371
0.071230
0.195332
0.209383
0.258271
0.136630
0.117862
0.480333
0.098797
0.323144
0.258649
0.043414
0.165232
0.057126
0.086351
0.315864
0.060881
0.040816
0.152417
0.136373
0.110777
0.124574
0.303803
0.038422
0.186581
0.092611
0.319197
0.101079
0.173078
0.243336
0.146411
0.038740
0.169458
0.234482
0.162932
0.159600
0.198364
0.193944
0.124709
0.070009
0.365560
0.392675
0.200010
0.180080
0.196269
0.152678
0.296734
0.298484
0.080019
0.216888
0.195723
0.439621
0.115508
0.073798
0.093113
0.126106
0.317704
0.233140
0.077459
0.059590
0.110518
0.247417
0.117109
0.140733
0.123410
0.271678
0.055895
0.115240
0.057950
0.155813
0.041320
0.062331
0.075383
0.140379
0.040558
0.274804
0.320441
0.075307
0.062321
0.037471
0.126448
0.083401
0.037024
0.427802
0.048959
0.235934
0.104100
0.236517
0.405966
0.150258
0.088552
0.111124
0.284722
0.384484
0.187480
0.125811
0.132108
0.085685
0.083806
0.089074
0.042319
0.090621
0.078695
0.138766
0.343141
0.114000
0.059781
0.033883
0.077679
0.181342
0.196109
0.447129
0.093334
0.022863
0.417251
0.254954
0.100774
0.140457
0.107700
0.083450
0.054293
0.085624
0.054653
0.241617
0.080861
0.035006
0.220021
0.150477
0.205512
0.102003
0.055455
0.034154
0.050834
0.117527
0.046856
0.069977
0.326839
0.168525
0.155943
0.127741
0.114443
0.168290
0.239770
0.067617
0.350372
0.058388
0.004943
0.131936
0.283181
0.033237
0.173252
0.133063
0.056382
0.080122
0.149498
0.154298
0.166160
0.222079
0.061674
0.031370
0.127502
0.016128
0.176746
0.084959
0.264378
0.120585
0.117442
0.083854
0.071501
0.074176
0.126689
0.068440
0.106469
0.172034
0.032266
0.306236
0.100317
0.108670
0.045092
0.091890
0.060825
0.152717
0.055226
0.125418
0.102782
0.277526
0.128713
0.347450
0.053202
0.098598
0.116242
0.066105
0.091283
0.101320
0.027844
0.032496
0.310335
0.120302
0.092391
0.064400
0.050309
0.126633
0.079366
0.127480
0.065317
0.034724
0.134012
0.086416
0.135952
0.071970
0.049569
0.021996
0.039191
0.081932
0.083156
0.032666
0.134278
0.476726
0.127154
0.127018
0.132140
0.505606
0.137741
0.112295
0.211325
0.182361
0.037396
0.054993
0.041703
0.113291
0.186942
0.026657
0.105200
0.052460
0.015864
0.121664
0.127546
0.242375
0.200422
0.103132
0.188118
0.258680
0.039626
0.049223
0.402022
0.050455
0.247055
0.116589
0.062891
0.063799
0.233462
0.097636
0.145350
0.197282
0.034855
0.105879
0.187193
0.068171
0.012033
0.066429
0.062818
0.225578
0.109725
0.122253
0.027206
0.110311
0.032966
0.303768
0.362079
0.157055
0.116853
0.153511
0.052514
0.075611
0.132317
0.212199
0.036931
0.180054
0.040947
0.083835
0.172876
0.052506
0.067730
0.075162
0.041103
0.026110
0.088676
0.231831
0.056592
0.061032
0.049590
0.249603
0.289108
0.106173
0.019718
0.292731
0.049527
0.133560
0.149349
0.565556
0.182341
0.174047
0.102323
0.049159
0.349002
0.106984
0.077312
2.403833
1.905225
0.965522
0.286997
0.282769
0.450406
0.627449
0.270989
0.035564
0.048385
0.052106
0.186459
0.188600
0.061579
0.042377
0.039404
0.040560
0.120396
0.111121
0.073745
0.084889
0.044515
0.035550
0.198459
0.085663
0.363189
0.015409
0.031871
0.018184
0.619622
0.052729
0.058518
0.133494
0.177120
0.051558
0.036093
0.195406
0.095480
0.152423
0.064326
0.096606
0.219918
0.025866
0.035610
0.054457
0.163526
0.102256
0.264266
0.121678
0.088375
0.048917
0.069091
0.138849
0.085901
0.121777
0.019870
0.048376
0.097506
0.054021
0.193306
0.092953
0.147919
0.075020
0.016947
0.104868
0.191625
0.060154
0.197568
0.090153
0.074434
0.082452
0.048963
0.272166
0.200553
0.022941
0.107021
0.107199
0.216158
0.028112
0.111154
0.065905
0.078510
0.222725
0.016954
0.048714
0.205702
0.124703
0.084759
0.297154
0.136448
0.256119
0.013119
0.192707
0.026146
0.217484
0.028697
0.079289
0.051344
0.098061
0.169453
0.088702
0.053877
0.030583
0.111159
0.197028
0.160010
0.074027
0.066203
0.097424
0.115692
0.254872
0.139365
0.105622
0.189337
0.238984
0.159037
0.070378
0.218730
0.176082
0.394051
0.172251
0.215147
0.273700
0.050008
0.126934
0.066019
0.112542
0.056689
0.120099
0.311938
0.069898
0.078444
0.192784
0.030489
0.057418
0.029273
0.038043
0.030668
0.219789
0.093574
0.343039
0.090297
0.048787
0.062130
0.116258
0.064395
0.056922
0.078674
0.126350
0.018567
0.018293
0.091229
0.131400
0.039469
0.308051
0.033426
0.007872
0.039364
0.022911
0.014869
0.074987
0.001296
0.053356
0.198695
0.057600
0.021453
0.213609
0.101601
0.026243
0.179869
0.045805
0.034366
0.075768
0.052195
0.070716
0.219411
0.045547
0.042283
0.031436
0.154819
0.207449
0.030141
0.175476
0.060910
0.011984
0.067829
0.060716
0.049256
0.162550
0.136673
0.047385
0.017727
0.088005
0.292809
0.035142
0.104512
0.106970
0.047799
0.068767
0.128052
0.519206
0.034200
0.166141
0.063656
0.358439
0.290293
0.055780
0.151187
0.039884
0.046835
0.041897
0.029941
0.190423
0.071392
0.035177
0.078818
0.088227
0.066929
0.020320
0.118366
0.207873
0.325214
0.065099
0.058814
0.495676
0.071353
0.232141
0.083209
0.029270
0.128544
0.036599
0.032488
0.032636
0.105234
0.041228
0.060623
0.023087
0.204572
0.015832
0.227788
0.194560
0.239341
0.062895
0.076484
0.013666
0.147646
0.160694
0.117651
0.125573
0.105692
0.028108
0.097066
0.047256
0.088158
0.120771
0.036556
0.116967
0.033749
0.046938
0.051967
0.250767
0.061769
0.169610
0.027361
0.059388
0.068852
0.042364
0.022876
0.157193
0.018413
0.119682
0.118618
0.021412
0.107265
0.032815
0.025735
0.038508
0.108592
0.028985
0.181745
0.127777
0.009895
0.021778
0.160082
0.023382
0.222677
0.084573
0.138669
0.038816
0.020734
0.025267
0.056455
0.090765
0.129802
0.122769
0.110762
0.141262
0.033483
0.338691
0.025906
0.074357
0.270647
0.248215
0.146249
0.152736
0.033277
0.017951
0.046415
0.126096
0.047130
0.182122
0.167092
0.145183
0.257633
0.092436
0.053699
0.202280
0.036228
0.271662
0.039377
0.042992
0.158519
0.003548
0.108505
0.046919
0.147870
0.034754
0.283492
0.192655
0.102160
0.013932
0.315900
0.033525
0.306610
0.057020
0.142058
0.105810
0.388370
0.099669
0.023035
0.034828
0.032308
0.060053
0.166006
0.024900
0.217835
0.039977
0.146658
0.010750
0.066194
0.034600
0.033808
0.242271
0.023664
0.075653
0.095771
0.087196
0.029031
0.076243
0.022186
0.042334
0.096462
0.168113
0.006581
0.036434
0.197111
0.061768
0.174051
0.158599
0.047242
0.085479
0.006654
0.173433
0.005477
0.124299
0.082893
0.194356
0.081830
0.047511
0.089041
0.013071
0.160699
0.035810
0.189732
0.088747
0.089813
0.090578
0.380016
0.061730
0.026898
0.252320
0.012404
0.025048
0.042943
0.074663
0.109576
0.271032
0.164560
0.092345
0.065915
0.059435
0.266825
0.079665
0.030253
0.079918
0.047871
0.172086
0.055470
0.055661
0.101118
0.144246
0.072586
0.045912
0.120776
0.113402
0.065460
0.185933
0.126365
0.120418
0.018908
0.012127
0.075957
0.120238
0.086080
0.082403
0.047414
0.236130
0.052482
0.053469
0.183222
0.094652
0.150809
0.093444
0.072640
0.037195
0.091935
0.104235
0.072037
0.041084
0.041843
0.232686
0.095899
0.115360
0.034030
0.046088
0.082603
0.151844
0.059205
0.313173
0.221355
0.091084
0.146285
0.042046
0.112975
0.018023
0.176372
0.073315
0.150957
0.155815
0.299731
0.113930
0.081364
0.042172
0.024754
0.264887
0.120120
0.051712
0.113616
0.033032
0.037208
0.055796
0.118041
0.014999
0.020414
0.013384
0.027022
0.093854
0.078001
0.027092
0.044748
0.105335
0.068004
0.128459
1.215216
0.231655
0.291972
0.137441
0.070861
0.223452
0.200858
0.074157
0.181954
0.035817
0.238230
0.428462
0.093488
0.057030
0.333006
0.030935
0.056668
0.034463
0.018181
0.043970
0.038661
0.178859
0.098387
0.032206
0.220970
0.181361
0.094936
0.059960
0.176766
0.039227
0.054272
0.084402
0.073006
0.058298
0.028585
0.128609
0.053091
0.029426
0.062991
0.038413
0.302984
0.070528
0.063945
0.193617
0.059977
0.027993
0.108357
0.094998
0.129559
0.038087
0.030781
0.058159
0.040030
0.031359
0.082090
0.029870
0.251726
0.039445
0.069351
0.418891
0.052431
0.051677
0.032837
0.092007
0.100799
0.025789
0.142742
0.044523
0.010733
0.252069
0.158058
0.051802
0.014589
0.205828
0.248036
0.102971
0.105716
0.117330
0.018177
0.020067
0.117102
0.077193
0.042511
0.109570
0.011095
0.073992
0.045807
0.055135
0.051271
0.103576
0.122238
0.262070
0.067581
0.022773
0.007007
0.152050
0.099159
0.032029
0.016957
0.273283
0.049805
0.014319
0.035124
0.088952
0.083793
0.049001
0.158731
0.169549
0.031493
0.105681
0.217050
0.008070
0.024720
0.021388
0.022903
0.037512
0.026211
0.112041
0.171283
0.115196
0.044949
0.137664
0.048928
0.052468
0.037813
0.151949
0.068383
0.034421
0.039857
0.143967
0.053202
0.020839
0.101012
0.056303
0.050260
0.009251
0.126860
0.095818
0.219924
0.104713
0.119096
0.127718
0.034735
0.154692
0.121535
0.100830
0.075507
0.031663
0.167698
0.165782
0.075878
0.445565
0.033084
0.012773
0.192094
0.077763
0.070662
0.034041
0.017392
0.166042
0.067305
0.021601
0.020108
0.100108
0.329895
0.014918
0.066164
0.121984
0.078888
0.149282
0.059211
0.113467
0.318535
0.030615
0.050581
0.059164
0.112156
0.028869
0.181532
0.306112
0.165655
0.149778
0.027622
0.122685
0.233602
0.092704
0.153890
0.055995
0.316683
0.016443
0.350412
0.012730
0.084553
0.103229
0.032648
0.026239
0.087239
0.015362
0.146243
0.131946
0.014376
0.059739
0.068274
0.019120
0.014331
0.040209
0.140479
0.024334
0.153694
0.056153
0.098446
0.008258
0.050118
0.041993
0.060252
0.044490
0.087737
0.057234
0.021646
0.038293
0.260507
0.025700
0.150672
0.019513
0.067361
0.035433
0.148629
0.027858
0.075766
0.048639
0.080923
0.027461
0.120845
0.254017
0.081177
0.178141
0.045877
0.126008
0.125236
0.113866
0.036178
0.059953
0.046000
0.063337
0.033304
0.104306
0.018596
0.133896
0.018291
0.015750
0.006239
0.198701
0.028225
0.032275
0.047467
0.067537
0.100772
0.185626
0.059488
0.116696
0.202408
0.012185
0.266102
0.040497
0.173131
0.310995
0.030521
0.067247
0.224022
0.082593
0.056497
0.005593
0.141742
0.114755
0.113194
0.057067
0.032244
0.031372
0.029874
0.101733
0.075233
0.021034
0.151020
0.346249
0.118264
0.103002
0.028892
0.034072
0.066479
0.043709
0.013274
0.286106
0.061041
0.089315
0.016259
0.028698
0.116452
0.031939
0.197820
0.135618
0.038660
0.051134
0.129466
0.027307
0.018653
0.033536
0.057694
0.093671
0.021798
0.094207
0.048454
0.206655
0.048045
0.093073
0.063742
0.067744
0.051549
0.199649
0.014772
0.014965
0.049873
0.044414
0.000377
0.332325
0.026696
0.068732
0.077279
0.012130
0.099606
0.025980
0.162360
0.059445
0.045224
0.033771
0.115925
0.083579
0.011581
0.067134
0.240067
0.215865
0.138426
0.075513
0.055445
0.069930
0.055269
0.193129
0.055528
0.041328
0.087547
0.113702
0.213637
0.031998
0.044945
0.153698
0.075766
0.039313
0.009686
0.020235
0.081851
0.387321
0.088255
0.026753
0.018578
0.082104
0.014609
0.147118
0.100921
0.261790
0.208414
0.060087
0.118993
0.126164
0.091353
0.085946
0.022073
0.095902
0.030708
0.017653
0.033691
0.031529
0.035033
0.118713
0.093785
0.050515
0.061168
0.115936
0.088151
0.198112
0.082254
0.033708
0.079344
0.023382
0.025622
0.020348
0.048661
0.161832
0.225125
0.072520
0.055319
0.066185
0.013425
0.012512
0.031557
0.064437
0.022039
0.038631
0.047293
0.123428
0.096196
0.020112
0.053165
0.084737
0.148833
0.035099
0.113686
0.098745
0.015185
0.016081
0.044091
0.057411
0.117456
0.092120
0.052968
0.185459
0.029697
0.043972
0.038274
0.037795
0.111748
0.109128
0.075781
0.274154
0.017340
0.056999
0.024352
0.202985
0.083180
0.055603
0.047550
0.154293
0.043000
0.110329
0.063133
0.059081
0.207965
0.136638
0.019601
0.095507
0.019764
0.054573
0.010535
0.157087
0.139103
0.023724
0.326633
0.138326
0.060595
0.045898
0.085105
0.074675
0.097611
0.034074
0.069125
0.034144
0.292336
0.037193
0.203956
0.202635
0.071005
0.011253
0.169997
0.110124
0.028989
0.253363
0.116728
0.040636
0.142391
0.083689
0.104812
0.102041
0.026228
0.031604
0.009997
0.650711
0.010354
0.009164
0.096595
0.011986
0.063335
0.035139
0.134947
0.035992
0.045866
0.055265
0.023891
0.074080
0.141263
0.038923
0.044484
0.038630
0.048120
0.024205
0.043823
0.049544
0.047102
0.044252
0.161922
0.109644
0.083628
0.146584
0.020680
0.032087
0.044844
0.288100
0.029762
0.050887
0.061723
0.089061
0.171403
0.051784
0.196398
0.033087
0.064265
0.055922
0.046692
0.052847
0.158226
0.077370
0.157376
0.058790
0.040564
0.095909
0.040990
0.054965
0.009970
0.012423
0.253549
0.072077
0.006484
0.247567
0.176516
0.212341
0.041983
0.088356
0.027227
0.334697
0.050838
0.010460
0.106351
0.120595
0.132084
0.186121
0.042367
0.022568
0.065447
0.155840
0.029824
0.051770
0.038619
0.163089
0.062239
0.069660
0.069875
0.037106
0.123134
0.255979
0.152780
0.216049
0.019824
0.027269
0.151838
0.048817
0.093055
0.069673
0.022056
0.201476
0.063133
0.078479
0.097913
0.036221
0.017212
0.017188
0.039709
0.016762
0.022560
0.073295
0.102884
0.075698
0.009128
0.030972
0.024146
0.019524
0.025104
0.039689
0.032021
0.124369
0.028238
0.047177
0.099903
0.070207
0.007909
0.079212
0.009388
0.307364
0.168513
0.021938
0.006041
0.354677
0.154728
0.024661
0.020906
0.006380
0.020352
0.040122
0.112933
0.037380
0.011126
0.222018
0.295003
0.142252
0.018680
0.167004
0.025074
0.079246
0.016033
0.023825
0.114457
0.061219
0.462652
0.015785
0.077963
0.144155
0.141068
0.035580
0.273874
0.087562
0.158841
0.005880
0.078886
0.063670
0.051744
0.114586
0.065489
0.144277
0.005688
0.099452
0.109951
0.096956
0.025635
0.243549
0.065297
0.044764
0.154756
0.084453
0.025259
0.015010
0.091347
0.023621
0.118347
0.036522
0.023250
0.275667
0.051855
0.045355
0.026864
0.022326
0.017955
0.054069
0.101338
0.136578
0.013758
0.013876
0.033084
0.113994
0.024594
0.344889
0.075983
0.069351
0.100766
0.030430
0.057915
0.008960
0.168813
0.023824
0.080923
0.019362
0.040835
0.061446
0.030898
0.193845
0.010415
0.055067
0.036708
0.014964
0.205067
0.199497
0.071844
0.035931
0.055813
0.078417
0.025944
0.020170
0.141593
0.070821
0.034905
0.185766
0.050205
0.052935
0.049221
0.066373
0.065767
0.038878
0.047032
0.106533
0.021053
0.207352
0.012671
0.019885
0.017690
0.045416
0.054376
0.092380
0.249733
0.072096
0.035252
0.113222
0.032944
0.136178
0.010106
0.211184
0.053223
0.118259
0.038112
0.044681
0.115098
0.016275
0.082686
0.165754
0.212257
0.023266
0.067698
0.092818
0.019475
0.011228
0.028834
0.017144
0.245414
0.067658
0.058104
0.050175
0.046200
0.054725
0.089697
0.015742
0.015715
0.033997
0.118275
0.016399
0.070823
0.054054
0.017752
0.318038
0.018193
0.074034
0.028747
0.042687
0.222112
0.115221
0.141628
0.127522
0.021885
0.192093
0.029196
0.077058
0.058070
0.088071
0.129125
0.085760
0.145204
0.069989
0.016623
0.117503
0.275097
0.171420
0.053819
0.036836
0.042934
0.034014
0.233758
0.413720
0.031875
0.057823
0.035867
0.014710
0.053215
0.073458
0.075851
0.061590
0.062342
0.201086
0.079920
0.198051
0.123019
0.067166
0.175761
0.003656
0.087966
0.032611
0.058039
0.080405
0.028255
0.249473
0.018040
0.181924
0.013962
0.038858
0.033331
0.039396
0.011813
0.066728
0.083558
0.043166
0.012558
0.014987
0.053676
0.013341
0.006211
0.023377
0.032546
0.100786
0.081164
0.061352
0.044752
0.129650
0.096639
0.099223
0.027092
0.091554
0.245214
0.234749
0.125708
0.050903
0.026996
0.071914
0.234750
0.048301
0.157024
0.168849
0.019987
0.412156
0.079208
0.153205
0.065627
0.068635
0.015318
0.047354
0.056940
0.057245
0.072125
0.068377
0.188853
0.077850
0.066099
0.081531
0.143140
0.031301
0.239138
0.027390
0.059030
0.026441
0.117156
0.024145
0.133642
0.211417
0.037610
0.165973
0.158924
0.091353
0.131917
0.021272
0.060563
0.192104
0.028050
0.049017
0.022396
0.018712
0.060106
0.034404
0.067973
0.127687
0.016656
0.006979
0.174616
0.017533
0.241189
0.071221
0.070018
0.177320
0.044316
0.033929
0.151733
0.035374
0.012321
0.025660
0.110963
0.079167
0.010213
0.029171
0.378332
0.054457
0.098971
0.106181
0.040591
0.086374
0.087071
0.007015
0.013079
0.101341
0.030492
0.008340
0.050019
0.016389
0.030736
0.226772
0.045622
0.035632
0.063023
0.143935
0.028292
0.014038
0.043933
0.031022
0.050152
0.019247
0.101062
0.018755
0.006038
0.016378
0.012691
0.148427
0.046321
0.113001
0.103972
0.072979
0.026072
0.288377
0.089240
0.005778
0.177825
0.066827
0.036024
0.290561
0.140968
0.076061
0.135342
0.091463
0.134638
0.064253
0.024360
0.013333
0.151623
0.049837
0.016022
0.055494
0.034323
0.016315
0.042959
0.012527
0.032096
0.056216
0.082462
0.092597
0.053269
0.107886
0.018249
0.009733
0.283525
0.026211
0.071082
0.043676
0.052483
0.024294
0.044784
0.100105
0.054131
0.024911
0.008221
0.019152
0.040687
0.160183
0.042404
0.110252
0.143885
0.084109
0.026477
0.011727
0.023200
0.022384
0.027761
0.065975
0.032541
0.133148
0.204369
0.118737
0.063033
0.046560
0.130166
0.057507
0.197208
0.118437
0.129367
0.055191
0.126705
0.071991
0.014979
0.163435
0.076976
0.054789
0.005514
0.086582
0.078430
0.114355
0.022116
0.054461
0.029306
0.154084
0.018122
0.049070
0.016034
0.028017
0.028684
0.017484
0.079878
0.037982
0.117316
0.112226
0.135086
0.023947
0.029483
0.054865
0.151805
0.008424
0.108873
0.100322
0.019917
0.050646
0.103869
0.054403
0.015054
0.212852
0.079465
0.010992
0.035755
0.106929
0.337998
0.023540
0.202585
0.060352
0.169997
0.093167
0.098907
0.104255
0.017617
0.034040
0.031216
0.115714
0.089511
0.064596
0.123267
0.028866
0.119914
0.020177
0.119728
0.031381
0.007059
0.012767
0.035739
0.197539
0.096171
0.114374
0.007329
0.107287
0.067962
0.176813
0.016593
0.126226
0.292389
0.059491
0.027751
0.008967
0.030492
0.376995
0.031820
0.020525
0.135521
0.054825
0.092307
0.134678
0.013370
0.054820
0.035760
0.048889
0.255686
0.264661
0.097299
0.010513
0.011031
0.167310
0.061748
0.017593
0.040217
0.017616
0.022317
0.041301
0.091192
0.078988
0.269384
0.050627
0.005482
0.171475
0.098016
0.014999
0.072090
0.020239
0.031791
0.022423
0.079526
0.000241
0.094200
0.008323
0.060042
0.158197
0.121542
0.012522
0.005635
0.017809
0.055210
0.048614
0.050235
0.080817
0.098726
0.114397
0.081044
0.033635
0.135680
0.043564
0.041835
0.156225
0.146237
0.056191
0.084817
0.032778
0.088186
0.060922
0.088724
0.027970
0.272039
0.011841
0.087960
0.027924
0.024626
0.024989
0.082696
0.063468
0.012883
0.029403
0.110908
0.048528
0.121095
0.045564
0.005972
0.243133
0.068771
0.022388
0.039845
0.019168
0.021649
0.063268
0.005086
0.043882
0.048361
0.103808
0.193885
0.091039
0.052783
0.076941
0.016146
0.115995
0.050268
0.033563
0.075996
0.151288
0.028447
0.131529
0.034513
0.021373
0.014193
0.205337
0.051163
0.019205
0.011230
0.088286
0.008912
0.171919
0.041177
0.045286
0.123087
0.013098
0.424485
0.104724
0.105380
0.031379
0.014236
0.013733
0.075986
0.019282
0.266936
0.028005
0.069632
0.035713
0.249374
0.024541
0.053232
0.094931
0.240344
0.050317
0.232447
0.038481
0.015140
0.056982
0.205706
0.074491
0.068594
0.122933
0.030419
0.142415
0.039113
0.176430
0.032930
0.011481
0.097097
0.074185
0.039246
0.037749
0.038406
0.088199
0.195813
0.081324
0.157887
0.041332
0.015939
0.019714
0.012273
0.030654
0.069855
0.016701
0.178949
0.038515
0.017575
0.010869
0.039376
0.040819
0.169089
0.031963
0.025244
0.089956
0.310663
0.059475
0.003035
0.024400
0.098777
0.137357
0.098255
0.108822
0.014508
0.017933
0.121101
0.064594
0.054107
0.048409
0.043395
0.039757
0.074794
0.070894
0.157616
0.020364
0.106889
0.254403
0.000077
0.018959
0.055226
0.050121
0.025384
0.037308
0.095369
0.028116
0.112201
0.011787
0.006232
0.078093
0.044966
0.151130
0.154603
0.160930
0.036566
0.299743
0.017834
0.038582
0.148616
0.118707
0.156727
0.086370
0.036688
0.150481
0.010643
0.033170
0.124531
0.033906
0.075299
0.185161
0.110354
0.199912
0.027822
0.131026
0.017930
0.020103
0.174928
0.075705
0.029266
0.064004
0.163917
0.050601
0.016618
0.091654
0.077629
0.099794
0.043543
0.018769
0.008242
0.098619
0.102037
0.021978
0.034344
0.232604
0.098796
0.034538
0.039416
0.055473
0.108361
0.019102
0.098491
0.087262
0.094921
0.102281
0.066353
0.006209
0.483876
0.082176
0.017562
0.145177
0.152593
0.060894
0.169158
0.072910
0.010735
0.020531
0.085351
0.059626
0.139269
0.057927
0.007896
0.017251
0.025767
0.072821
0.031213
0.126532
0.045142
0.070116
0.047735
0.027178
0.064615
0.092886
0.043334
0.026389
0.022179
0.012547
0.014224
0.043740
0.045825
0.023769
0.143913
0.011592
0.044044
0.071265
0.007324
0.017100
0.076725
0.227423
0.010883
0.020176
0.019490
0.146824
0.126725
0.051947
0.061182
0.047060
0.108974
0.041387
0.101065
0.041245
0.134839
0.089106
0.114270
0.034540
0.131596
0.142854
0.014204
0.161896
0.169710
0.147432
0.024567
0.027791
0.012204
0.118376
0.158394
0.021429
0.023483
0.039192
0.192075
0.017319
0.129926
0.096387
0.038773
0.036936
0.019811
0.027758
0.053841
0.148294
0.072759
0.015761
0.031682
0.069865
0.027624
0.042167
0.092397
0.092906
0.073015
0.031198
0.126830
0.000163
0.172346
0.024082
0.053290
0.031506
0.020615
0.055943
0.016500
0.173542
0.209950
0.081210
0.048800
0.041934
0.018620
0.029012
0.147810
0.093037
0.026992
0.043748
0.020690
0.086230
0.046221
0.131157
0.025209
0.047315
0.042752
0.039109
0.020315
0.061271
0.124521
0.009153
0.013108
0.146253
0.021595
0.097196
0.214819
0.043693
0.025301
0.198814
0.348034
0.005252
0.233578
0.011978
0.081063
0.030785
0.026195
0.017854
0.125784
0.116441
0.033951
0.064886
0.066057
0.009074
0.028556
0.010142
0.006502
0.006720
0.003987
0.018894
0.006075
0.113540
0.069089
0.038568
0.009764
0.015835
0.087622
0.056307
0.013162
0.078352
0.021440
0.012706
0.039568
0.073809
0.101459
0.059818
0.157535
0.060804
0.069066
0.087745
0.030890
0.074430
0.061503
0.046268
0.023962
0.028972
0.016910
0.178692
0.013573
0.019436
0.111728
0.015001
0.092261
0.018853
0.074383
0.055065
0.053122
0.119415
0.019106
0.009678
0.048491
0.050950
0.069320
0.175148
0.070992
0.015185
0.105776
0.068810
0.006838
0.219108
0.242683
0.078112
0.081122
0.042308
0.603682
0.019963
0.035544
0.041929
0.021804
0.030192
0.041109
0.379335
0.164676
0.069700
0.038037
0.012113
0.327253
0.170987
0.021888
0.016939
0.070101
0.185039
0.083488
0.061627
0.025574
0.018578
0.179728
0.090845
0.028332
0.026922
0.015086
0.016430
0.105906
0.033219
0.064566
0.075418
0.069208
0.009335
0.111450
0.099445
0.085552
0.028433
0.030433
0.128159
0.133677
0.004605
0.024807
0.070063
0.040000
0.076492
0.112915
0.118606
0.000149
0.012102
0.104275
0.095067
0.106896
0.045741
0.073724
0.026046
0.004908
0.021242
0.114033
0.079973
0.026093
0.033107
0.014416
0.032488
0.051676
0.126904
0.138477
0.339944
0.110794
0.006980
0.046121
0.050033
0.321223
0.174706
0.007132
0.145661
0.076211
0.042232
0.016662
0.054718
0.094565
0.099819
0.069950
0.093595
0.153415
0.059908
0.009464
0.008973
0.018762
0.128723
0.080672
0.028389
0.062749
0.086429
0.013345
0.028683
0.046302
0.042748
0.231067
0.333809
0.060323
0.258707
0.024452
0.037946
0.024162
0.036673
0.007414
0.043396
0.033827
0.081074
0.062493
0.059588
0.005101
0.135616
0.115566
0.116874
0.028576
0.040496
0.089146
0.025444
0.013954
0.111566
0.052165
0.211535
0.050953
0.008402
0.028484
0.023095
0.059100
0.052831
0.046924
0.028757
0.116026
0.023684
0.113681
0.007058
0.197459
0.041562
0.055425
0.050740
0.029751
0.051074
0.171069
0.341193
0.214057
0.148496
0.073781
0.062076
0.018766
0.147538
0.021087
0.022366
0.044990
0.015485
0.042992
0.035395
0.120820
0.017233
0.014453
0.071726
0.077912
0.108067
0.108470
0.082226
0.073389
0.011025
0.140367
0.330490
0.054349
0.100672
0.131767
0.003837
0.028089
0.043470
0.054526
0.099288
0.089881
0.010881
0.072912
0.029495
0.076262
0.063992
0.020989
0.019167
0.025758
0.042327
0.038006
0.041051
0.004620
0.138011
0.039157
0.109459
0.082471
0.086164
0.139900
0.024448
0.065503
0.022183
0.035646
0.063458
0.025062
0.063545
0.043963
0.018024
0.034399
0.014465
0.015049
0.082358
0.116651
0.034339
0.033351
0.073457
0.049162
0.023855
0.093496
0.013885
0.047351
0.211080
0.086415
0.307715
0.037854
0.081959
0.011481
0.154290
0.076084
0.013108
0.067171
0.068553
0.056190
0.068351
0.082807
0.035210
0.068420
0.070312
0.199127
0.014354
0.053006
0.044090
0.032715
0.064059
0.046165
0.135515
0.043321
0.019691
0.097554
0.059831
0.015063
0.103973
0.071270
0.040854
0.054907
0.040821
0.149903
0.012418
0.239229
0.096493
0.082893
0.053798
0.046722
0.126310
0.027780
0.025415
0.017249
0.032940
0.016681
0.237533
0.045609
0.220879
0.010207
0.101910
0.131375
0.016355
0.132040
0.015324
0.051788
0.049424
0.142979
0.026683
0.031810
0.087237
0.020829
0.020608
0.035794
0.026821
0.066542
0.005068
0.024821
0.197460
0.009694
0.047783
0.032169
0.100003
0.052601
0.012115
0.069831
0.042332
0.019521
0.029902
0.012874
0.064925
0.011639
0.051448
0.026784
0.170149
0.009424
0.015269
0.275445
0.032292
0.124899
0.056941
0.039302
0.033720
0.098323
0.061174
0.091615
0.104981
0.085241
0.151954
0.305067
0.325373
0.047235
0.009100
0.056304
0.244921
0.020003
0.042648
0.045654
0.050825
0.014529
0.008449
0.128266
0.030823
0.015105
0.057412
0.025094
0.178004
0.164176
0.087000
0.013805
0.086698
0.007508
0.007286
0.023220
0.284252
0.215447
0.087922
0.009026
0.038160
0.126529
0.029430
0.103058
0.050234
0.091121
0.016622
0.155146
0.051395
0.056823
0.019538
0.036847
0.018963
0.044253
0.024940
0.082704
0.023864
0.032843
0.034765
0.111841
0.036820
0.056683
0.197160
0.000888
0.003414
0.093333
0.015899
0.025977
0.066206
0.009790
0.189455
0.046268
0.116877
0.041108
0.083742
0.073641
0.042983
0.066181
0.027762
0.057464
0.045491
0.122443
0.038534
0.031788
0.138452
0.031986
0.099251
0.085645
0.045736
0.063352
0.019463
0.042002
0.069776
0.005776
0.005115
0.009136
0.034204
0.061442
0.049520
0.058494
0.078347
0.041446
0.070192
0.112053
0.134801
0.215342
0.041520
0.127740
0.028397
0.207286
0.013208
0.058672
0.073114
0.023118
0.259005
0.019031
0.017877
0.022850
0.018687
0.021110
0.025180
0.004371
0.018594
0.056203
0.023313
0.017231
0.017081
0.008047
0.043978
0.038877
0.017759
0.016587
0.007344
0.113195
0.109081
0.244724
0.073750
0.015735
0.034354
0.058711
0.014855
0.028356
0.015297
0.102145
0.011380
0.017137
0.002626
0.462645
0.175694
0.045561
0.038902
0.124020
0.108615
0.043576
0.041484
0.023767
0.035325
0.007891
0.045469
0.006053
0.174390
0.081054
0.012952
0.084089
0.014390
0.068269
0.135240
0.037887
0.068293
0.056026
0.147112
0.070215
0.007601
0.124581
0.041268
0.026534
0.222500
0.070389
0.084908
0.034761
0.125720
0.072009
0.147943
0.067177
0.017739
0.020738
0.042671
0.023719
0.024960
0.065063
0.052475
0.187161
0.136187
0.082332
0.069998
0.179460
0.009330
0.152168
0.051785
0.147347
0.096581
0.178101
0.043583
0.058583
0.094440
0.138228
0.129732
0.055959
0.191547
0.028476
0.049235
0.032903
0.057603
0.062967
0.095081
0.065748
0.133967
0.063567
0.141378
0.137597
0.170804
0.068334
0.017188
0.074296
0.005186
0.006807
0.031499
0.111146
0.130356
0.014654
0.034867
0.044241
0.059261
0.048803
0.268324
0.020101
0.130168
0.087916
0.019262
0.028892
0.038585
0.017488
0.035348
0.055151
0.008084
0.024350
0.011651
0.041230
0.083446
0.050430
0.073136
0.023268
0.027168
0.072159
0.015355
0.018921
0.030829
0.090666
0.010574
0.047740
0.006383
0.076210
0.165415
0.104316
0.004633
0.015704
0.134400
0.047904
0.101528
0.189657
0.045344
0.016667
0.101090
0.010003
0.081201
0.027502
0.039039
0.154866
0.009359
0.024851
0.012834
0.048337
0.348585
0.004943
0.076199
0.030551
0.025432
0.057512
0.240432
0.021406
0.012017
0.253229
0.046383
0.009171
0.017246
0.050735
0.123074
0.164303
0.188480
0.015885
0.057336
0.027099
0.076479
0.059415
0.055383
0.002801
0.135767
0.026532
0.023858
0.028982
0.036583
0.108632
0.045870
0.039711
0.007560
0.021327
0.010126
0.073983
0.008163
0.241100
0.182671
0.012590
0.130904
0.067612
0.013121
0.096300
0.097576
0.046219
0.120319
0.217209
0.100806
0.054433
0.290794
0.030797
0.033235
0.032669
0.084002
0.018389
0.139430
0.122108
0.071378
0.018792
0.016389
0.114239
0.070188
0.005106
0.035624
0.157322
0.024973
0.029244
0.273968
0.033026
0.024268
0.056305
0.032607
0.080688
0.013577
0.042614
0.036853
0.156966
0.042568
0.203407
0.004553
0.072964
0.039482
0.101550
0.017768
0.052276
0.187845
0.018740
0.053617
0.096740
0.064735
0.054942
0.084846
0.058326
0.054746
0.148566
0.165751
0.028381
0.080648
0.076598
0.056977
0.043777
0.011224
0.012718
0.016403
0.025562
0.031346
0.086291
0.025688
0.443746
0.029244
0.072574
0.036715
0.100724
0.086609
0.088645
0.107417
0.020622
0.015602
0.054430
0.059918
0.108115
0.324704
0.173988
0.011631
0.031313
0.025464
0.169848
0.040932
0.035286
0.126931
0.220665
0.075069
0.027495
0.043535
0.114210
0.073138
0.017396
0.066074
0.225114
0.050991
0.067947
0.095204
0.025465
0.036400
0.042964
0.018196
0.004621
0.006142
0.030240
0.079880
0.088784
0.007445
0.047282
0.010971
0.155022
0.005804
0.049987
0.036745
0.014171
0.096020
0.061030
0.021447
0.043646
0.004025
0.174382
0.133862
0.014479
0.019666
0.042851
0.013076
0.122439
0.060847
0.022641
0.021764
0.009803
0.094071
0.109814
0.075689
0.047772
0.079236
0.026782
0.036524
0.152862
0.051738
0.032941
0.054844
0.033762
0.231265
0.100606
0.048868
0.051433
0.025001
0.063122
0.019721
0.080001
0.008544
0.096547
0.042009
0.012651
0.106312
0.022193
0.017372
0.133334
0.113588
0.043647
0.045315
0.010040
0.157702
0.189612
0.032316
0.119672
0.034444
0.071939
0.056191
0.105893
0.085736
0.036670
0.084664
0.047991
0.010605
0.013953
0.127558
0.036806
0.007418
0.017227
0.169289
0.013192
0.133731
0.072120
0.011739
0.027659
0.063533
0.037741
0.055018
0.066407
0.046840
0.060344
0.120365
0.180540
0.023363
0.094544
0.020631
0.029140
0.084300
0.183862
0.023657
0.028942
0.085512
0.230762
0.005306
0.023389
0.012796
0.052762
0.015538
0.056418
0.023299
0.127099
0.042152
0.005747
0.142293
0.118143
0.024690
0.128761
0.004378
0.140794
0.048497
0.110063
0.043410
0.074837
0.087992
0.021010
0.013963
0.047666
0.102183
0.121236
0.054241
0.004656
0.014807
0.025234
0.078447
0.065140
0.017952
0.027877
0.146035
0.024802
0.018871
0.029766
0.121220
0.263311
0.063732
0.106745
0.055835
0.086057
0.442944
0.012844
0.001595
0.172542
0.113042
0.017984
0.021648
0.074435
0.016109
0.114649
0.093182
0.078372
0.122013
0.021987
0.029430
0.009045
0.092147
0.015806
0.014522
0.190076
0.197935
0.059598
0.050416
0.064537
0.046960
0.085052
0.092990
0.010049
0.073998
0.138417
0.041393
0.042492
0.012488
0.012936
0.020503
0.103721
0.016395
0.026086
0.154811
0.062259
0.017638
0.320676
0.024027
0.028391
0.040984
0.066255
0.030811
0.041922
0.187600
0.004758
0.083302
0.033448
0.145864
0.043146
0.025340
0.030659
0.105535
0.016795
0.055385
0.105120
0.064463
0.033631
0.021776
0.231287
0.057846
0.008947
0.174443
0.213856
0.014960
0.010452
0.065224
0.216469
0.040558
0.224973
0.002907
0.071986
0.010309
0.090010
0.074969
0.105198
0.010929
0.040751
0.029799
0.073076
0.036802
0.047958
0.018754
0.083532
0.014492
0.012693
0.065101
0.003349
0.118099
0.027751
0.049524
0.005429
0.088631
0.032061
0.024599
0.051741
0.009906
0.005077
0.115644
0.048831
0.006075
0.021952
0.049798
0.020369
0.081033
0.073691
0.033052
0.015461
0.047680
0.217578
0.009136
0.118861
0.008922
0.196020
0.073112
0.057753
0.013974
0.036987
0.155514
0.006093
0.031147
0.004026
0.006948
0.068805
0.019420
0.092107
0.031317
0.001105
0.034717
0.028032
0.142711
0.031389
0.169641
0.072332
0.027815
0.199854
0.130626
0.008469
0.009507
0.068827
0.005146
0.301358
0.081509
0.072446
0.266736
0.111836
0.059075
0.022074
0.039120
0.008772
0.154643
0.125181
0.045223
0.009490
0.180376
0.087981
0.132894
0.094593
0.033863
0.031877
0.123946
0.154769
0.178746
0.013276
0.021823
0.014671
0.080073
0.018703
0.107759
0.066277
0.005316
0.007906
0.059733
0.024793
0.015835
0.056764
0.027118
0.044792
0.062682
0.190058
0.004556
0.008996
0.016767
0.007071
0.056478
0.072047
0.123173
0.009093
0.029147
0.041900
0.151839
0.087350
0.018979
0.086363
0.030540
0.130722
0.047351
0.151707
0.036704
0.008511
0.022889
0.002374
0.059390
0.131874
0.114364
0.023891
0.018896
0.078973
0.163550
0.029248
0.055065
0.001871
0.042474
0.197883
0.017440
0.028089
0.103078
0.043739
0.051711
0.053735
0.068441
0.090877
0.032441
0.191116
0.006898
0.047025
0.047015
0.015737
0.132360
0.079730
0.020348
0.021307
0.212261
0.026342
0.016257
0.051147
0.190904
0.040438
0.006337
0.011936
0.025273
0.006260
0.034672
0.189990
0.006073
0.097095
0.087649
0.032372
0.049710
0.085074
0.034694
0.045649
0.012375
0.030466
0.057472
0.044247
0.224383
0.087341
0.017701
0.081608
0.017592
0.021352
0.035597
0.230264
0.013880
0.131262
0.009181
0.067333
0.033447
0.043160
0.055285
0.043546
0.034857
0.159930
0.044292
0.011226
0.048682
0.158792
0.156647
0.048801
0.022118
0.044327
0.058811
0.019561
0.047662
0.035862
0.027093
0.040415
0.009833
0.039489
0.036656
0.037788
0.045868
0.171314
0.068694
0.176944
0.257009
0.013915
0.069580
0.053413
0.051150
0.017547
0.105732
0.180328
0.032224
0.093575
0.094546
0.095389
0.007522
0.029487
0.028773
0.029061
0.021077
0.127236
0.037228
0.113065
0.005775
0.032699
0.006998
0.048503
0.046215
0.002061
0.011415
0.130045
0.018883
0.279686
0.016907
0.042656
0.005132
0.084653
0.039849
0.078551
0.037038
0.033615
0.031274
0.023426
0.206651
0.084532
0.150444
0.022922
0.005886
0.031329
0.099146
0.074905
0.170885
0.038755
0.023818
0.053695
0.091246
0.074678
0.005387
0.058805
0.040594
0.110325
0.082287
0.013054
0.203340
0.075396
0.034612
0.139601
0.067437
0.041893
0.159717
0.038383
0.020321
0.014517
0.018372
0.031775
0.008532
0.040076
0.012932
0.155435
0.082311
0.085469
0.037177
0.003628
0.013520
0.017747
0.022429
0.010115
0.083081
0.020565
0.019062
0.205459
0.125321
0.033081
0.011096
0.030631
0.166315
0.213249
0.098103
0.015043
0.051699
0.040873
0.031184
0.090348
0.016154
0.167562
0.021455
0.089700
0.101144
0.009809
0.017652
0.070255
0.009764
0.070188
0.025002
0.226635
0.011203
0.026644
0.013060
0.237344
0.100817
0.033229
0.079892
0.005329
0.025223
0.085069
0.144100
0.033866
0.015013
0.063158
0.018114
0.026181
0.029968
0.116456
0.051236
0.070083
0.080685
0.011956
0.146261
0.047051
0.093420
0.018041
0.023369
0.044756
0.142607
0.026867
0.167763
0.101377
0.002902
0.028794
0.014405
0.023802
0.021388
0.329528
0.070554
0.045568
0.040441
0.001284
0.126507
0.060290
0.021181
0.068745
0.012907
0.079910
0.190401
0.033387
0.129595
0.077716
0.012401
0.009165
0.066600
0.023233
0.014546
0.132971
0.089983
0.059616
0.043634
0.006890
0.254324
0.194705
0.049521
0.004365
0.023114
0.018861
0.027681
0.048496
0.015424
0.025477
0.018342
0.038804
0.022388
0.048293
0.031554
0.055676
0.044707
0.118055
0.003725
0.108364
0.110354
0.085991
0.025389
0.061225
0.014727
0.116419
0.027475
0.057940
0.023964
0.161123
0.112726
0.004520
0.405818
0.138252
0.014244
0.050156
0.043246
0.032568
0.011732
0.035688
0.117091
0.247365
0.017708
0.025172
0.010737
0.016350
0.018165
0.012851
0.014284
0.081614
0.129832
0.042251
0.125382
0.039529
0.031881
0.104030
0.128847
0.115029
0.151379
0.007065
0.032784
0.109718
0.026110
0.067362
0.125600
0.056644
0.095841
0.169787
0.026729
0.037913
0.056598
0.028880
0.027351
0.016822
0.129364
0.022210
0.154484
0.010321
0.047876
0.072720
0.015257
0.015886
0.045003
0.019620
