2.236670
1.499442
4.014763
2.125447
2.299246
2.226007
2.169334
2.071296
2.022586
2.217089
2.182161
2.158433
2.092557
1.961436
1.973773
1.868953
2.220689
2.151725
2.081938
1.997154
1.955096
2.021227
1.987906
1.892863
1.921147
2.208684
2.103971
2.086600
2.009522
2.066611
1.993154
1.908295
1.969689
2.007625
1.794985
1.832205
2.118125
2.075424
2.008699
2.031573
1.941567
1.884171
1.726054
1.680209
1.684512
1.345498
1.614622
1.471753
1.740701
2.044950
1.636206
1.503958
1.177510
1.556311
1.263619
1.233019
1.314534
1.245283
1.472895
1.244224
1.625257
1.245299
1.513139
1.405522
1.476002
1.109738
1.781535
1.005510
1.514332
1.355942
1.166572
1.473736
1.241372
1.242839
1.235705
1.184453
1.458304
1.246249
1.076378
0.967414
1.289718
1.052752
1.370349
1.090679
0.894115
1.896421
1.620021
1.192162
1.346572
1.048962
1.138321
1.019966
1.373099
1.178040
0.848521
0.838058
1.167183
0.936183
1.165573
1.366852
1.882650
1.739834
1.048566
1.230005
0.992875
1.179749
2.047121
0.805955
1.472138
1.195498
1.194593
0.977005
1.268309
0.956588
0.961562
1.027969
1.083433
0.905509
1.059437
0.857359
0.861071
0.778751
1.094915
0.917344
1.562099
1.459700
1.053071
0.669074
0.934035
1.730113
1.887302
0.718363
1.001725
0.861289
0.890672
0.802230
0.648652
0.877468
0.866691
0.608157
0.898190
0.504359
0.499913
0.661732
0.610792
0.712857
0.760305
0.707913
0.623748
0.644518
0.583756
0.566880
0.706442
0.446691
0.562116
0.549532
1.173058
1.035657
0.617671
0.825189
0.839882
0.449437
0.767492
0.597627
0.788241
0.687370
0.452129
0.455660
0.504615
0.599499
0.739809
0.575130
0.584365
0.803546
0.579224
0.747084
0.732666
0.780537
0.769683
0.528549
0.612884
0.629093
0.454132
0.648057
0.749454
0.768882
0.694444
0.728253
0.450474
0.841329
0.585075
0.609465
0.531616
0.417840
0.540268
0.622830
0.489083
0.488420
0.540183
0.642093
0.930648
0.686476
0.650833
0.593412
0.518200
0.499415
0.433659
0.474262
0.543896
0.334592
0.367911
0.530203
0.387182
0.579348
0.376629
0.448894
0.794372
0.488133
0.540004
0.499665
0.416021
0.453125
0.481337
0.268974
0.485289
0.354613
0.418875
0.453201
0.566165
0.558697
0.227097
0.243131
0.328214
0.565182
0.488472
0.574527
0.630527
0.366497
0.442080
0.442076
0.541643
0.560360
0.468619
0.268360
0.295128
0.293830
0.286524
0.367880
0.565146
0.406213
0.230699
1.133439
0.522009
0.375423
0.499523
0.383787
0.322467
0.643112
0.274753
0.331918
0.494290
0.579593
0.595776
0.368715
0.396909
0.257479
0.449497
0.363810
0.544159
0.178118
0.830965
0.744610
0.461310
0.393277
0.174351
0.281772
0.511139
0.463166
0.211228
0.370723
0.329252
0.231259
0.547585
0.362478
0.213715
0.450358
0.313361
0.556618
0.587144
0.242454
0.307823
0.148312
0.536891
0.526873
0.536247
0.381502
0.282809
0.381356
0.273806
0.277503
0.144170
0.265821
0.367757
0.425435
0.550279
0.589354
0.410656
0.420056
0.484366
0.470470
0.150935
0.167118
0.317005
0.375155
0.664933
0.308499
0.216665
0.310068
0.490106
0.417242
0.342875
0.351345
0.277719
0.201040
0.288824
0.506753
0.282573
0.609235
0.198280
0.491909
0.372106
0.270040
0.425084
0.189434
0.705701
0.686530
0.249044
0.693160
0.311630
0.387651
0.316166
0.191309
0.348265
0.345161
0.249349
0.190909
0.441851
0.322203
0.226967
0.156848
0.448684
0.419474
0.192190
0.308386
0.201737
0.355868
0.168455
0.496125
0.287778
0.176014
0.205868
0.175312
0.430665
0.320417
0.250301
0.298779
0.585492
0.280987
0.387633
0.157867
0.170837
0.434404
0.448791
0.137738
0.303581
0.302008
0.259174
0.255664
0.806521
0.363612
0.236680
0.366930
0.196012
0.263809
0.140603
0.153310
0.182185
0.192215
0.490631
0.493217
0.272321
0.146831
0.426267
0.470698
0.442045
0.261644
0.094345
0.177656
0.281862
0.182745
0.114588
0.245476
0.137051
0.216405
0.644139
0.251561
0.556081
0.410512
0.124987
0.225967
0.265275
0.778836
0.131642
0.287631
0.258013
0.137465
0.234556
0.199098
0.281307
0.122564
0.121494
0.050701
0.179587
0.262396
0.647698
0.235506
0.166348
0.075964
0.317938
0.491770
0.269860
0.265422
0.117639
0.086285
0.243245
0.238330
0.361767
0.379612
0.300713
0.312528
0.331038
0.430478
0.269477
0.224653
0.316632
0.210741
0.226304
0.280889
0.213525
0.141035
0.255486
0.180567
0.165339
0.327954
0.369904
0.208818
0.365280
0.343992
0.191633
0.192392
0.308367
0.452763
0.252706
0.465180
0.264055
0.230572
0.300589
0.099288
0.145882
0.147633
0.242594
0.224956
0.321158
0.152141
0.212157
0.079405
0.083923
0.197274
0.040424
0.074363
0.576471
0.169694
0.289469
0.143877
0.209989
0.145641
0.119611
0.385886
0.256438
0.217162
0.221006
0.407441
0.237421
0.215820
0.058405
0.285872
0.315370
0.392220
0.254249
0.506738
0.328442
0.223632
0.238413
0.329669
0.261042
0.125344
0.230281
0.218336
0.120891
0.266331
0.148975
0.149394
0.147063
0.219587
0.094038
0.127118
0.287898
0.310999
0.058389
0.195333
0.251239
0.098055
0.345040
0.757275
0.219200
0.356310
0.142875
0.135295
0.318373
0.130217
0.105820
0.225421
0.241153
0.161066
0.148418
0.291579
0.083702
0.215073
0.101326
0.168990
0.136240
0.086560
0.170295
0.353599
0.127368
0.440450
0.381982
0.087820
0.232529
0.364682
0.212020
0.070263
0.329372
0.128617
0.099666
0.067964
0.170656
0.206084
0.347845
0.381811
0.180855
0.283783
0.464042
0.268452
0.113287
0.344779
0.350994
0.171025
0.172161
0.246226
0.253256
0.141898
0.245171
0.059303
0.082569
0.183560
0.250418
0.143647
0.319056
0.158653
0.184480
0.132189
0.123351
0.097633
0.361123
0.152356
0.112496
0.160151
0.080022
0.382657
0.170723
0.110743
0.178923
0.098004
0.165602
0.114310
0.052837
0.297738
0.024976
0.109624
0.103331
0.129478
0.095038
0.218639
0.066357
0.128680
0.114604
0.314478
0.598460
0.136908
0.312498
0.210634
0.205209
0.597428
0.398456
0.146157
0.076446
0.141742
0.178102
0.221832
0.120594
0.335003
0.099887
0.115548
0.401268
0.201743
0.369598
0.197975
0.374543
0.135254
0.468745
0.364516
0.203629
0.131114
0.311097
0.218989
0.095888
0.114483
0.073709
0.157649
0.059183
0.062200
0.146176
0.314327
0.034166
0.146372
0.162404
0.393311
0.217321
0.125424
0.492226
0.184577
0.146843
0.392738
0.274564
0.081829
0.160064
0.120761
0.115139
0.153846
0.055020
0.230156
0.163827
0.150756
0.089051
0.140358
0.216316
0.226876
0.310521
0.196376
0.361331
0.166584
0.208497
0.207252
0.192009
0.225879
0.093583
0.213488
0.163971
0.100460
0.187025
0.101724
0.110441
0.095616
0.245043
0.148304
0.104434
0.556099
0.124301
0.129629
0.176350
0.291566
0.239260
0.448185
0.213003
0.260270
0.120600
0.111779
0.049874
0.324821
0.072341
0.309100
0.077609
0.374088
0.101722
0.175294
0.171235
0.644502
0.217348
0.061376
0.149956
0.051121
0.077444
0.244104
0.138462
0.152630
0.073886
0.391200
0.038521
0.302751
0.041210
0.195826
0.286575
0.051938
0.181330
0.139042
0.117825
0.065857
0.216058
0.277256
0.217822
0.186550
0.285593
0.124753
0.065771
0.253577
0.138886
0.044515
0.339778
0.228729
0.050147
0.281031
0.038973
0.072081
0.295905
0.173154
0.363217
0.143080
0.103454
0.386123
0.091983
0.194308
0.376948
0.197357
0.070346
0.285309
0.665866
0.031215
0.249586
0.115310
0.284181
0.254315
0.118869
0.166063
0.220366
0.209800
0.132612
0.084514
0.050848
0.069460
0.073564
0.268809
0.225984
0.140965
0.164401
0.258340
0.302844
0.095437
0.147073
0.082797
0.295486
0.354921
0.062337
0.183885
0.150572
0.083652
0.214036
0.113328
0.170453
0.042046
0.208956
0.086135
0.075075
0.475417
0.038103
0.138066
0.074484
0.122649
0.282488
0.113816
0.260193
0.105538
0.201685
0.129472
0.101300
0.270930
0.124521
0.172382
0.162408
0.134109
0.315517
0.178905
0.125189
0.409539
0.030275
0.336194
0.148301
0.101095
0.142037
0.239466
0.189217
0.108011
0.151781
0.058630
0.136363
0.201738
0.074417
0.173262
0.403806
0.201633
0.298816
0.217823
0.081071
0.352912
0.150192
0.090219
0.150717
0.190568
0.340734
0.186679
0.155776
0.179567
0.182885
0.084300
0.052455
0.263510
0.193610
0.163591
0.285639
0.200863
0.624994
0.140360
0.107387
0.030780
0.080034
0.035242
0.112554
0.296528
0.078349
0.103502
0.117222
0.126374
0.228149
0.291547
0.151311
0.157004
0.255392
0.464722
0.146672
0.207576
0.102878
0.078983
0.218188
0.266291
0.237347
0.068471
0.243132
0.126676
0.178634
0.163257
0.125282
0.210188
0.154838
0.149728
0.036690
0.131778
0.122710
0.215338
0.441185
0.250109
0.227819
0.180601
0.187616
0.293540
0.202764
0.394769
0.115225
0.146299
0.628367
0.147391
0.245220
0.062318
0.194638
0.193684
0.105495
0.138359
0.052855
0.033476
0.175016
0.224639
0.254806
0.124375
0.166761
0.380363
0.093342
0.158050
0.124594
0.071213
0.071436
0.114485
0.387966
0.027766
0.165366
0.090646
0.146193
0.217580
0.106367
0.227164
0.187963
0.213651
0.067664
0.160852
0.085390
0.174259
0.083316
0.473127
0.230953
0.141961
0.038882
0.072392
0.132030
0.262720
0.026294
0.095633
0.046484
0.392062
0.074018
0.070146
0.118890
0.112354
0.196057
0.206968
0.179794
0.107201
0.253474
0.076521
0.053820
0.191817
0.076139
0.374017
0.160865
0.026757
0.028020
0.021869
0.144117
0.231336
0.170699
0.603657
0.200488
0.032740
0.088107
0.193402
0.099668
0.160065
0.337749
0.141229
0.039295
0.168806
0.407189
0.123341
0.205656
0.184461
0.025156
0.246542
0.180323
0.069264
0.076235
0.178931
0.047008
0.188349
0.133368
0.105745
0.318641
0.069537
0.246618
0.079165
0.136217
0.370254
0.449249
0.208269
0.232626
0.135014
0.113698
0.051809
0.107818
0.140463
0.272343
0.118131
0.080128
0.075786
0.366336
0.428120
0.169930
0.133841
0.083686
0.046493
0.013548
0.193853
0.108110
0.030641
0.050619
0.093214
0.141803
0.185980
0.202595
0.147094
0.112284
0.251195
0.106950
0.314656
0.067620
0.049886
0.124170
0.096991
0.101078
0.140927
0.156501
0.150178
0.094972
0.152936
0.083728
0.022742
0.127992
0.100530
0.107005
0.240945
0.228980
0.035923
0.185746
0.143438
0.204848
0.227410
0.161889
0.387195
0.095189
0.153213
0.100443
0.061807
0.126024
0.213686
0.119857
0.180365
0.207686
0.373264
0.105629
0.083357
0.086106
0.106662
0.510627
0.268555
0.143691
0.078472
0.247410
0.023415
0.086968
0.185338
0.358978
0.109583
0.320154
0.150534
0.181129
0.184305
0.199276
0.074831
0.157922
0.126575
0.104170
0.279516
0.186373
0.180514
0.098830
0.217256
0.047404
0.145780
0.242384
0.080290
0.062675
0.229604
0.033232
0.036752
0.076683
0.051491
0.108381
0.185483
0.042818
0.132024
0.100880
0.347012
0.185253
0.053142
0.361946
0.087346
0.169683
0.074455
0.144985
0.173902
0.099143
0.103504
0.381113
0.093180
0.115209
0.107535
0.059661
0.163027
0.178395
0.124615
0.065530
0.057882
0.032662
0.035371
0.178404
0.249404
0.096366
0.207767
0.322849
0.373595
0.144667
0.181058
0.131866
0.117976
0.089996
0.104127
0.153461
0.089143
0.099991
0.072301
0.145252
0.138967
0.062145
0.175459
0.113332
0.118075
0.049146
0.550914
0.070594
0.026407
0.043564
0.155308
0.094900
0.108039
0.059668
0.052248
0.628685
0.530027
0.028115
0.119024
0.183378
0.141194
0.172790
0.033404
0.066354
0.042566
0.186624
0.054021
0.112924
0.179596
0.179628
0.124026
0.159705
0.195778
0.089318
0.026729
0.115444
0.095704
0.244575
0.087114
0.050625
0.086255
0.045727
0.043416
0.248071
0.179667
0.498430
0.068632
0.035130
0.042766
0.044612
0.041916
0.194037
0.068607
0.143793
0.186661
0.028884
0.386269
0.120750
0.141040
0.098623
0.074587
0.076409
0.124517
0.164500
0.134539
0.238631
0.169459
0.043509
0.050205
0.073609
0.034613
0.077301
0.311412
0.061742
0.030520
0.283561
0.194344
0.138066
0.463984
0.082260
0.069885
0.257594
0.021232
0.195620
0.087438
0.328345
0.180764
0.306848
0.108881
0.313735
0.069056
0.233835
0.120616
0.109948
0.062599
0.113369
0.029664
0.185131
0.024665
0.120469
0.099288
0.100435
0.083194
0.321157
0.134148
0.143635
0.070246
0.014050
0.329087
0.190470
0.293373
0.267228
0.149903
0.081357
0.371910
0.082403
0.092541
0.076796
0.022705
0.125454
0.115863
0.067452
0.355280
0.099794
0.150139
0.099019
0.046768
0.330167
0.052128
0.090984
0.212512
0.144260
0.112423
0.145773
0.278732
0.054804
0.098539
0.361913
0.101948
0.018923
0.056909
0.039643
0.105250
0.108685
0.054619
0.057259
0.055302
0.055804
0.081028
0.031696
0.215800
0.137371
0.148909
0.083741
0.122391
0.123262
0.335603
0.055584
0.052995
0.067458
0.218666
0.052749
0.253958
0.045082
0.031565
0.016612
0.058529
0.166941
0.258873
0.047042
0.041536
0.059860
0.178141
0.292350
0.169467
0.131486
0.185747
0.159058
0.485196
0.107612
0.190485
0.159067
0.086340
0.041464
0.082110
0.074144
0.193849
0.186585
0.049188
0.120194
0.080567
0.123954
0.150551
0.033447
0.210308
0.045219
0.296149
0.120735
0.027886
0.250962
0.038040
0.163340
0.109167
0.115018
0.146387
0.213202
0.041530
0.172623
0.056043
0.146550
0.084498
0.229080
0.096924
0.090143
0.296926
0.047791
0.073542
0.269608
0.081006
0.058139
0.141369
0.067516
0.048360
0.140002
0.119623
0.062178
0.057448
0.096902
0.100894
0.118344
0.121835
0.259668
0.048816
0.023635
0.051953
0.222537
0.078303
0.025552
0.035766
0.106230
0.012010
0.132073
0.227580
0.055523
0.145626
0.310992
0.096701
0.054030
0.130443
0.034929
0.045723
0.049360
0.013568
0.101369
0.333819
0.053078
0.289631
0.151518
0.780968
0.124812
0.350407
0.053451
0.091118
0.342469
0.099143
0.130295
0.133288
0.052108
0.212458
0.098469
0.087894
0.193586
0.313893
0.208668
0.160944
0.142089
0.065829
0.245157
0.075555
0.148818
0.139889
0.024795
0.186899
0.015834
0.055333
0.083176
0.132050
0.053401
0.043359
0.140270
0.130695
0.072909
0.376496
0.144826
0.101229
0.059916
0.167286
0.040085
0.190037
0.079025
0.102448
0.111683
0.092552
0.037036
0.131217
0.077726
0.040337
0.084928
0.044071
0.086658
0.125490
0.082439
0.112719
0.041783
0.101026
0.088696
0.388009
0.213460
0.147300
0.108337
0.072671
0.124580
0.085787
0.119018
0.164416
0.078294
0.183567
0.249218
0.208757
0.121987
0.165012
0.168985
0.287005
0.144579
0.180191
0.015858
0.053124
0.145392
0.080300
0.415367
0.144867
0.124736
0.111826
0.190796
0.154247
0.045462
0.037450
0.020523
0.102507
0.073523
0.067524
0.171814
0.091325
0.078456
0.246395
0.138287
0.046277
0.080115
0.170296
0.033931
0.074039
0.218411
0.303538
0.076781
0.142769
0.113318
0.408411
0.060542
0.213285
0.036803
0.099315
0.135721
0.277907
0.265741
0.119775
0.361158
0.049238
0.135023
0.178149
0.129195
0.077003
0.172662
0.096085
0.093283
0.162781
0.021968
0.165121
0.128602
0.027866
0.077213
0.121181
0.166576
0.135727
0.052783
0.057256
0.076491
0.177457
0.114381
0.259269
0.184337
0.032044
0.007521
0.145213
0.022695
0.083923
0.147561
0.105466
0.462610
0.151306
0.027693
0.038130
0.136099
0.091910
0.027268
0.070071
0.067987
0.055364
0.137320
0.052768
0.156567
0.164737
0.074024
0.044925
0.009177
0.067024
0.141747
0.171150
0.221978
0.181090
0.231009
0.092235
0.066267
0.130346
0.018480
0.048462
0.098549
0.141842
0.073282
0.250362
0.157486
0.151009
0.049772
0.087743
0.029688
0.057552
0.047690
0.080528
0.025595
0.160296
0.106565
0.041126
0.138837
0.084211
0.078002
0.045815
0.161836
0.027133
0.060076
0.051990
0.102420
0.180947
0.164795
0.099867
0.192849
0.369584
0.259660
0.117770
0.331375
0.138097
0.020530
0.167942
0.172156
0.118358
0.129705
0.035578
0.067098
0.120322
0.172106
0.515490
0.084591
0.065572
0.117837
0.147550
0.038201
0.034153
0.115954
0.147130
0.073663
0.154262
0.161186
0.101131
0.050225
0.125600
0.037436
0.226518
0.016789
0.136715
0.055907
0.039900
0.199319
0.119083
0.311608
0.275904
0.018883
0.129656
0.078458
0.337161
0.046839
0.112588
0.025159
0.074787
0.069641
0.093195
0.079382
0.328119
0.034028
0.055053
0.037212
0.010357
0.080583
0.032800
0.108070
0.083780
0.245955
0.016007
0.084631
0.295645
0.113811
0.019224
0.070271
0.110147
0.108667
0.044619
0.051599
0.018839
0.054732
0.038687
0.052788
0.062268
0.216880
0.025072
0.343389
0.116669
0.093818
0.120027
0.136393
0.012540
0.093410
0.239197
0.142566
0.181913
0.098015
0.286432
0.042051
0.054297
0.282682
0.222270
0.235604
0.053664
0.024802
0.122566
0.141290
0.069289
0.042405
0.079868
0.015646
0.029124
0.158873
0.090018
0.034375
0.032315
0.043381
0.055543
0.031063
0.147050
0.149452
0.070545
0.069482
0.138941
0.176009
0.246525
0.136078
0.111957
0.109006
0.104634
0.123709
0.200497
0.110429
0.226895
0.244538
0.133067
0.097765
0.099847
0.074932
0.142477
0.044616
0.076620
0.386394
0.030677
0.039643
0.021667
0.115174
0.088176
0.191471
0.020338
0.021210
0.072651
0.301832
0.072222
0.037053
0.104517
0.072567
0.043557
0.023004
0.082958
0.436876
0.084918
0.091981
0.077308
0.100700
0.098848
0.078621
0.197022
0.219261
0.127041
0.094629
0.127246
0.190357
0.020197
0.058423
0.127443
0.161159
0.104573
0.056433
0.027064
0.082196
0.026319
0.202466
0.103889
0.031979
0.096213
0.138738
0.081526
0.262038
0.388427
0.092843
0.206802
0.092225
0.040689
0.065247
0.081640
0.226370
0.080839
0.089652
0.057263
0.098677
0.150913
0.017858
0.043071
0.081647
0.020668
0.020322
0.156398
0.070178
0.125852
0.037194
0.033421
0.068887
0.090616
0.089053
0.300083
0.097209
0.048103
0.202962
0.140819
0.070114
0.008730
0.162815
0.027734
0.024251
0.062548
0.102928
0.111266
0.272923
0.049222
0.087430
0.072621
0.107208
0.107223
0.317846
0.187954
0.030566
0.084005
0.063810
0.114570
0.027664
0.295491
0.074238
0.208277
0.139557
0.151976
0.162886
0.061560
0.097661
0.252277
0.093911
0.155000
0.153609
0.087256
0.063868
0.021246
0.036415
0.101309
0.021017
0.086352
0.074801
0.091374
0.081190
0.093251
0.080497
0.352632
0.053240
0.198390
0.033358
0.072717
0.103370
0.106495
0.028653
0.294761
0.089114
0.075063
0.032899
0.118714
0.141497
0.077131
0.030174
0.021833
0.086340
0.120950
0.289956
0.037834
0.354070
0.054825
0.098462
0.036593
0.093986
0.102976
0.057287
0.059470
0.175927
0.136541
0.048463
0.029945
0.018464
0.060304
0.052083
0.024595
0.107543
0.101252
0.424955
0.098476
0.033311
0.049319
0.060233
0.021169
0.160465
0.109033
0.059876
0.132250
0.175171
0.347189
0.061597
0.038591
0.109806
0.049202
0.111285
0.028504
0.117237
0.076585
0.009834
0.101090
0.058003
0.021969
0.054434
0.026293
0.201785
0.075833
0.045621
0.061914
0.048516
0.045556
0.127577
0.048456
0.008912
0.065166
0.034486
0.094929
0.065817
0.328681
0.159423
0.332778
0.328404
0.149102
0.138120
0.042274
0.426864
0.092447
0.023187
0.150645
0.084179
0.096443
0.066121
0.040788
0.145249
0.122260
0.023818
0.182875
0.040681
0.142769
0.027694
0.041178
0.060226
0.129150
0.123749
0.027969
0.118504
0.017112
0.062425
0.011158
0.333246
0.397818
0.091942
0.083902
0.057080
0.226955
0.216600
0.025467
0.025076
0.106999
0.097199
0.042450
0.096602
0.251395
0.048790
0.097443
0.062473
0.070553
0.214567
0.138179
0.079934
0.037746
0.072562
0.063004
0.184505
0.092406
0.041498
0.067098
0.251830
0.033582
0.047499
0.036560
0.092586
0.051735
0.118069
0.118549
0.293650
0.178204
0.087712
0.106165
0.037235
0.063152
0.054957
0.123873
0.031266
0.026836
0.040672
0.038116
0.308122
0.037332
0.093015
0.139259
0.120205
0.044428
0.050147
0.223663
0.031147
0.067228
0.137221
0.233728
0.087982
0.095417
0.074495
0.206839
0.036708
0.161035
0.245978
0.056626
0.129192
0.052977
0.086187
0.058480
0.063203
0.057502
0.162177
0.117459
0.048593
0.111648
0.070032
0.056228
0.092838
0.036120
0.115380
0.181625
0.144894
0.045261
0.064806
0.095031
0.346892
0.021756
0.066225
0.109290
0.078878
0.096116
0.014822
0.106890
0.162150
0.206621
0.128251
0.023513
0.058406
0.080230
0.087216
0.031364
0.228418
0.145898
0.039661
0.099275
0.166495
0.098636
0.096170
0.207514
0.349335
0.084428
0.132993
0.150747
0.132500
0.016703
0.032832
0.047865
0.068854
0.115596
0.088005
0.011330
0.136375
0.056076
0.136402
0.102143
0.125273
0.011695
0.082438
0.066931
0.053693
0.195611
0.040492
0.029632
0.098755
0.156790
0.321178
0.114591
0.239282
0.152196
0.033705
0.044682
0.042244
0.067452
0.084065
0.056136
0.083639
0.088455
0.062776
0.051245
0.037016
0.033221
0.052921
0.058712
0.020223
0.028876
0.081267
0.077040
0.230161
0.048522
0.114849
0.170542
0.179307
0.067584
0.046588
0.182029
0.010028
0.193702
0.189772
0.070432
0.251128
0.171068
0.041075
0.031112
0.108928
0.045775
0.111923
0.157925
0.067000
0.273960
0.015428
0.188299
0.185912
0.081760
0.019614
0.087597
0.158302
0.014565
0.017176
0.096224
0.187023
0.070883
0.305215
0.094868
0.088943
0.010896
0.044952
0.100036
0.100047
0.046316
0.075977
0.067343
0.023474
0.020533
0.204120
0.056102
0.132618
0.046445
0.021076
0.113649
0.076880
0.117729
0.084057
0.050068
0.080843
0.067149
0.100747
0.020325
0.091112
0.119075
0.066783
0.133383
0.051197
0.055297
0.182401
0.024716
0.274497
0.087454
0.027784
0.037838
0.199084
0.092023
0.039691
0.123594
0.084202
0.196020
0.174915
0.105313
0.051705
0.201927
0.094830
0.449244
0.244672
0.100378
0.076793
0.249590
0.087563
0.048976
0.080164
0.113007
0.057467
0.137279
0.035102
0.029207
0.234171
0.097848
0.049626
0.024042
0.032342
0.188908
0.053269
0.091259
0.116105
0.103277
0.178543
0.177639
0.060050
0.106793
0.044003
0.145186
0.013559
0.114351
0.118035
0.016663
0.064925
0.084827
0.047985
0.015982
0.141751
0.127539
0.208331
0.088495
0.101865
0.026096
0.337264
0.034356
0.045176
0.090178
0.020461
0.089450
0.024852
0.058090
0.024902
0.064568
0.091377
0.056225
0.030111
0.228442
0.149678
0.045562
0.162314
0.070179
0.272892
0.138055
0.059666
0.144048
0.156683
0.082152
0.035668
0.072406
0.021872
0.014199
0.044287
0.034133
0.033179
0.113888
0.118150
0.268169
0.072007
0.134897
0.134972
0.119712
0.012044
0.266475
0.196991
0.150918
0.028321
0.035664
0.099972
0.039442
0.130042
0.143653
0.045422
0.025662
0.036088
0.124057
0.191691
0.340425
0.106372
0.098406
0.267997
0.066603
0.059487
0.111767
0.114762
0.122774
0.156635
0.042469
0.076235
0.038569
0.013004
0.091839
0.065653
0.050988
0.030787
0.049529
0.012291
0.295739
0.094348
0.110249
0.049506
0.037853
0.092285
0.099834
0.097011
0.139047
0.064895
0.244963
0.035067
0.107548
0.070608
0.026914
0.239653
0.016574
0.090283
0.168006
0.225776
0.033418
0.112131
0.078426
0.046336
0.041266
0.037193
0.046710
0.059754
0.104585
0.132037
0.091970
0.135565
0.077731
0.070722
0.093034
0.028561
0.109389
0.038100
0.084899
0.173508
0.036593
0.106450
0.022434
0.033421
0.036870
0.038238
0.124499
0.110829
0.124804
0.217487
0.025380
0.025025
0.259825
0.122691
0.096642
0.179325
0.054076
0.312990
0.062046
0.169484
0.063468
0.006133
0.108770
0.041800
0.114908
0.056876
0.095054
0.035763
0.106984
0.016738
0.072187
0.089292
0.024645
0.047827
0.133077
0.019992
0.066744
0.035214
0.070038
0.021673
0.292587
0.160051
0.060212
0.091907
0.118426
0.076617
0.050082
0.060054
0.212431
0.051717
0.055489
0.028992
0.059220
0.310711
0.082528
0.170434
0.288976
0.077046
0.228134
0.174977
0.040068
0.417014
0.102127
0.230334
0.051817
0.055404
0.030297
0.063676
0.048444
0.036231
0.048179
0.096193
0.075644
0.094450
0.286412
0.117075
0.090476
0.075999
0.071864
0.060148
0.027828
0.149261
0.024370
0.021844
0.012300
0.216348
0.186839
0.062306
0.230814
0.099501
0.099860
0.068717
0.032848
0.032846
0.047134
0.121381
0.145210
0.043908
0.178594
0.027612
0.008736
0.286647
0.129225
0.065098
0.043965
0.035154
0.041233
0.098133
0.083437
0.061254
0.119690
0.090925
0.099984
0.032534
0.083406
0.089374
0.111482
0.033787
0.093407
0.054351
0.040306
0.010077
0.061992
0.149529
0.018062
0.082129
0.255955
0.158628
0.266345
0.022575
0.039384
0.172188
0.055088
0.060354
0.433092
0.078955
0.064425
0.026034
0.074921
0.045975
0.014774
0.406170
0.031093
0.058557
0.104782
0.077199
0.092516
0.020312
0.115052
0.084920
0.014486
0.033499
0.038147
0.084993
0.016396
0.066945
0.011263
0.211817
0.037324
0.315553
0.132404
0.104867
0.111947
0.133913
0.016771
0.160691
0.130409
0.036470
0.026496
0.128829
0.103857
0.120633
0.089736
0.159563
0.070818
0.100540
0.106234
0.039599
0.028559
0.070476
0.070545
0.036821
0.101616
0.019435
0.068602
0.139759
0.065336
0.220846
0.024793
0.064646
0.179836
0.052871
0.051950
0.075200
0.040095
0.054318
0.048972
0.092972
0.280984
0.120657
0.070615
0.099508
0.076885
0.138419
0.037211
0.094032
0.060466
0.100310
0.134963
0.105722
0.238474
0.194444
0.178754
0.056102
0.045442
0.025052
0.028879
0.041872
0.069928
0.076829
0.030171
0.056413
0.066101
0.096089
0.039612
0.166629
0.061840
0.068418
0.021651
0.021927
0.095325
0.322206
0.050103
0.095499
0.197121
0.076406
0.046038
0.023832
0.188669
0.067093
0.068922
0.040005
0.056507
0.042101
0.023640
0.173514
0.062478
0.103474
0.146869
0.111283
0.341343
0.079882
0.129246
0.025252
0.054467
0.147002
0.119496
0.036421
0.009899
0.122398
0.017042
0.040008
0.120915
0.060285
0.035043
0.044097
0.139315
0.075214
0.017036
0.310198
0.098526
0.120359
0.025079
0.260183
0.042914
0.077900
0.068644
0.280544
0.061655
0.036663
0.045108
0.098989
0.119095
0.009848
0.177907
0.045135
0.032449
0.016860
0.040326
0.181314
0.013461
0.077617
0.095575
0.156636
0.147852
0.050563
0.077389
0.080335
0.059994
0.053814
0.407036
0.095576
0.050211
0.014613
0.131722
0.078056
0.074338
0.122624
0.042727
0.026330
0.063667
0.039202
0.267769
0.290527
0.124971
0.030135
0.209655
0.133898
0.108723
0.023020
0.024632
0.112894
0.094010
0.145624
0.039812
0.086010
0.344573
0.017198
0.072742
0.116529
0.219699
0.016109
0.089684
0.032486
0.087062
0.008245
0.059595
0.052391
0.107931
0.045677
0.071389
0.040213
0.045833
0.051003
0.133409
0.090022
0.058518
0.046287
0.038057
0.237979
0.064357
0.140008
0.091686
0.134612
0.042834
0.120567
0.092990
0.188050
0.021741
0.036008
0.180827
0.052301
0.058968
0.020470
0.048343
0.124573
0.076645
0.097027
0.131995
0.020921
0.074241
0.035376
0.426879
0.066844
0.031250
0.078295
0.058930
0.022979
0.029495
0.078819
0.033193
0.120538
0.074769
0.102237
0.111367
0.200060
0.159072
0.202855
0.090355
0.018569
0.009633
0.080541
0.092603
0.036875
0.046069
0.024973
0.207064
0.074599
0.120995
0.036346
0.025960
0.023477
0.031244
0.116862
0.360385
0.061457
0.078970
0.162699
0.084338
0.035861
0.111194
0.242330
0.084022
0.073104
0.039976
0.057822
0.046446
0.109461
0.016208
0.151088
0.028595
0.198582
0.122896
0.423001
0.193289
0.163733
0.070872
0.048614
0.053561
0.062938
0.050290
0.090396
0.068874
0.059373
0.038441
0.139760
0.018686
0.047046
0.020457
0.160826
0.036773
0.093025
0.059184
0.073159
0.073307
0.084410
0.146187
0.077533
0.076028
0.082423
0.164591
0.130233
0.048343
0.041674
0.142111
0.086392
0.128318
0.062749
0.052436
0.058585
0.050773
0.034324
0.014006
0.041015
0.041787
0.030697
0.312932
0.066763
0.222778
0.191913
0.040864
0.216249
0.104230
0.054442
0.040809
0.016195
0.104729
0.045118
0.219331
0.038023
0.103405
0.092392
0.181274
0.055950
0.058987
0.038133
0.008459
0.019445
0.021889
0.017215
0.049353
0.303850
0.017380
0.360204
0.048489
0.079753
0.151891
0.060803
0.035874
0.150605
0.028027
0.119896
0.028706
0.064058
0.119286
0.016004
0.058945
0.066827
0.034665
0.155901
0.179996
0.160342
0.396421
0.060730
0.064984
0.044545
0.056963
0.077166
0.123117
0.226898
0.090056
0.026447
0.166436
0.045804
0.047768
0.066598
0.050749
0.014617
0.060765
0.138060
0.095197
0.015974
0.183849
0.029814
0.097584
0.017718
0.023674
0.020866
0.047751
0.045288
0.058014
0.011519
0.191861
0.054317
0.078835
0.014640
0.088048
0.025350
0.056576
0.277064
0.064547
0.085749
0.084526
0.030421
0.222249
0.219367
0.103308
0.120558
0.040503
0.104400
0.103650
0.011823
0.221793
0.058506
0.054544
0.390946
0.097743
0.027221
0.032674
0.071372
0.122897
0.050401
0.037170
0.073819
0.054111
0.237364
0.059599
0.121596
0.085268
0.051259
0.073332
0.049216
0.018022
0.108916
0.020387
0.067189
0.096351
0.072593
0.148265
0.052975
0.103866
0.111958
0.066852
0.014818
0.021390
0.044667
0.144603
0.027620
0.088977
0.230655
0.040953
0.024755
0.293515
0.039094
0.023698
0.307640
0.084932
0.018551
0.164773
0.060079
0.014883
0.047980
0.104015
0.036593
0.167795
0.061695
0.080205
0.215069
0.105326
0.007347
0.010230
0.017831
0.059424
0.024992
0.194608
0.088571
0.034231
0.110477
0.078727
0.068001
0.228365
0.098090
0.015245
0.074018
0.054794
0.122978
0.046206
0.111818
0.018491
0.024208
0.067567
0.144228
0.078989
0.121740
0.010310
0.299163
0.019298
0.060301
0.024263
0.073939
0.013824
0.261861
0.063945
0.025606
0.165655
0.086110
0.090765
0.015467
0.031132
0.030534
0.211757
0.027545
0.058026
0.027389
0.240099
0.035797
0.031104
0.052765
0.156702
0.043308
0.053139
0.076886
0.045238
0.054728
0.012844
0.045192
0.050943
0.012227
0.038937
0.118548
0.028954
0.171604
0.142514
0.182792
0.041615
0.072770
0.259774
0.027037
0.035593
0.160404
0.174742
0.098165
0.193797
0.120479
0.045685
0.192254
0.052410
0.193568
0.036800
0.156357
0.294464
0.169013
0.264538
0.068932
0.105542
0.069584
0.045823
0.097780
0.076726
0.111873
0.041929
0.045269
0.035070
0.064899
0.023167
0.048957
0.036144
0.336477
0.096850
0.075274
0.028114
0.009284
0.014594
0.083045
0.030277
0.098255
0.030059
0.022186
0.025825
0.163940
0.064110
0.191673
0.014184
0.310764
0.091931
0.027978
0.048441
0.165959
0.049182
0.049105
0.090598
0.024925
0.023729
0.072352
0.089284
0.089932
0.054956
0.047287
0.179122
0.154083
0.081812
0.005820
0.050748
0.097423
0.059470
0.071622
0.190504
0.176670
0.062655
0.158653
0.020621
0.036746
0.182403
0.119952
0.016867
0.014844
0.043295
0.041463
0.026094
0.023645
0.183074
0.056297
0.168221
0.032322
0.051616
0.025546
0.033748
0.043773
0.064200
0.015580
0.075432
0.144225
0.012779
0.040108
0.226162
0.070716
0.026401
0.049518
0.144988
0.056156
0.144312
0.055070
0.053557
0.077364
0.093696
0.116006
0.276958
0.120691
0.031446
0.045211
0.007600
0.121602
0.048358
0.102517
0.023118
0.017083
0.079212
0.038247
0.023700
0.060245
0.135970
0.050708
0.122265
0.030040
0.313718
0.045678
0.010225
0.030074
0.028176
0.161271
0.137248
0.020600
0.022563
0.041231
0.077215
0.041917
0.053761
0.017046
