2.295443
2.289702
2.274105
2.343156
2.338844
2.403045
2.329441
2.362173
2.381873
2.377669
2.389312
2.311035
2.338714
2.330641
2.358077
2.308354
2.436654
2.275564
2.395690
2.403085
2.339196
2.301161
2.229901
2.282286
2.346921
2.288425
2.369729
2.327571
2.278205
2.335435
2.392100
2.270976
2.299159
2.311830
2.209975
2.445043
2.194804
2.377175
2.174297
2.076643
2.160651
2.090179
1.926902
2.082908
2.269215
2.068877
2.140978
2.144454
2.399117
2.341970
2.557468
2.283499
2.529280
2.614302
2.223297
2.369779
2.174503
2.129573
2.683218
2.358195
2.331358
2.346216
2.260446
2.230143
2.278724
2.479393
2.183418
2.258178
2.139700
2.225160
1.978763
2.058710
2.239484
1.861707
2.445435
2.612303
2.299409
2.097740
2.304274
2.157597
2.069785
2.093272
2.059531
2.282409
2.150634
2.235490
2.267333
2.061388
1.998159
2.253520
2.412176
2.165152
1.994252
2.448303
2.294236
2.599919
2.428356
2.008470
2.300141
1.924084
1.785915
1.953073
2.465658
2.439317
2.120071
2.300195
2.060791
2.171635
2.531854
2.098467
2.451504
2.092041
2.218364
2.341547
2.072318
2.634324
2.451958
2.183115
1.952628
2.162017
2.022864
2.193055
1.994358
2.570786
2.430131
2.381011
2.103435
2.677754
2.363055
2.221737
2.189879
2.006912
2.307034
2.291862
2.210913
2.387268
1.946218
2.331977
2.457511
2.356798
2.222646
2.308557
2.326353
2.412672
2.380030
2.596015
2.127599
1.772053
2.304773
2.352341
2.454314
2.392010
2.028621
2.199863
2.539006
2.489280
2.404607
1.967681
2.358189
2.241391
2.232612
2.220960
2.243631
2.026433
2.115358
2.127204
2.257945
2.155120
2.122265
2.692713
2.396889
2.083262
1.872210
2.149173
2.358000
2.131547
2.250240
2.206388
1.984556
2.280147
2.346146
2.680466
2.180928
2.168486
2.146923
2.204936
2.216647
2.381044
2.228783
2.140424
2.379977
2.531052
2.143626
2.343876
2.113952
2.340185
2.110227
2.125076
2.123235
2.110497
2.141312
2.083445
1.938515
2.731476
2.003959
2.087568
2.045116
2.358995
2.004970
2.266102
2.214902
2.163276
2.484864
2.099543
2.233482
1.996719
1.942869
2.238756
2.183573
2.074410
2.513819
2.073493
2.030000
2.206433
2.166800
2.180536
2.178390
2.375299
2.499560
2.219481
2.069098
2.259779
1.952609
2.123488
2.311214
2.223304
2.286090
2.304171
2.284422
2.378497
2.716080
1.894470
2.127726
2.254414
1.888031
1.924547
2.278037
2.341601
2.065878
1.864294
2.125736
2.382583
2.855478
2.209630
2.030741
1.949188
2.223637
2.220242
2.245545
1.919527
2.064037
2.665962
2.986725
2.233972
1.993010
2.052543
2.164055
1.968808
2.445145
2.125075
1.920835
2.272069
1.916611
2.270694
2.212973
2.164357
2.048846
2.185057
2.181399
2.058733
2.252162
2.033108
2.354834
1.947553
2.012143
2.204857
2.376701
2.042985
2.306816
2.291725
2.300110
2.141608
2.047209
1.969652
2.044198
3.778269
2.266459
2.116015
2.369847
2.459915
2.011709
2.189937
2.691170
2.238734
2.199090
2.236025
2.171340
2.166398
1.983214
2.149149
2.113845
2.088783
2.011813
2.011834
2.008573
1.961818
2.387884
2.011137
2.531753
2.079178
2.050029
1.982718
2.098577
1.850266
1.954192
2.068580
2.184028
2.148079
2.212165
2.111505
1.671541
2.338169
2.131529
2.145810
2.313963
2.067993
2.135149
1.834332
2.092918
2.790222
2.214479
2.207990
2.250392
2.241950
2.151606
2.246920
2.413576
2.114811
2.169247
2.144729
2.130140
2.007648
1.933287
2.096926
3.275822
2.238129
2.028445
2.105602
2.123110
2.238065
1.909058
2.549278
1.963060
1.982996
2.233053
1.861959
2.250510
2.167732
2.129468
2.622967
2.260739
2.203700
2.072881
2.203291
2.054645
2.010565
2.180411
2.013772
2.175127
1.897138
2.276101
2.009264
2.465824
2.036875
2.354474
2.235151
2.044491
2.043674
2.007154
2.128681
2.168653
2.156378
2.428252
2.356117
2.029659
2.006539
1.977496
2.067163
1.932929
1.998895
1.966259
2.231777
2.323159
1.985494
2.303334
2.260658
2.522397
1.936191
2.316434
2.821677
2.183979
2.131913
2.312170
1.957458
1.824948
2.365062
1.955662
2.158019
2.146178
2.029642
2.201074
2.188055
2.128127
1.913464
2.096474
2.350329
1.939683
1.972801
2.150093
2.221449
2.815968
2.152394
2.145359
2.060031
2.322330
2.206594
2.065274
2.079978
1.830832
1.925972
2.011129
2.363591
2.436404
2.735919
2.473546
2.281810
2.414668
2.127545
1.820299
2.119070
2.072374
2.324292
2.367263
1.950155
2.066384
2.194262
2.213708
1.932824
2.502602
2.416930
2.023979
2.219254
2.429426
2.516799
2.335873
2.417736
2.060502
2.149138
1.880484
1.980611
2.060708
1.967171
2.005347
2.199620
2.031927
2.497382
2.130745
2.039768
2.163220
2.494875
1.870243
2.191709
2.686562
2.237012
2.047158
1.911198
2.105294
2.279442
1.925096
2.043810
2.501824
2.588536
2.369954
2.300949
1.981264
1.874440
2.392410
2.109239
2.301849
2.103666
2.056527
3.374421
2.391144
2.065427
1.969026
2.123431
2.064665
2.055045
1.883476
2.536967
2.273817
1.992497
2.118441
1.952903
2.188884
2.154519
2.091310
2.598931
2.121630
1.993998
2.127464
2.432764
1.960196
2.232653
2.114659
2.066936
2.556593
2.150877
2.224725
1.904564
1.968675
2.388182
1.837096
2.392965
2.127505
2.184169
2.090671
2.140189
2.023804
1.771948
2.212262
1.932582
2.360535
2.053290
2.389793
2.030401
2.128452
2.117270
1.998829
2.234293
2.062475
2.528501
2.188303
2.054077
1.953746
1.696832
2.034860
1.815484
2.123076
2.755607
2.097797
2.108057
1.922187
1.934220
2.211771
2.095512
2.189260
2.490428
2.024048
2.468539
2.260028
2.040643
1.871315
2.486879
2.359057
2.816748
2.102886
2.095546
1.983292
2.040882
2.180374
2.073202
2.327896
2.207613
1.978267
2.238034
1.952095
2.566282
2.135336
2.071976
2.139413
3.303141
2.178922
2.289478
2.130264
1.986607
2.404732
2.224323
2.111252
2.225400
2.072450
2.401536
2.064011
2.276906
2.228782
2.363196
1.795175
2.604356
2.001334
1.931132
2.330131
2.105684
2.019926
2.233006
1.954684
2.940725
2.749629
2.174382
2.273430
2.015682
1.943827
2.272128
1.994626
1.938135
2.099763
2.181287
1.988187
2.301203
2.093965
2.239742
2.052852
2.145578
1.900416
2.137620
1.917193
2.305525
2.030928
2.185613
1.994632
2.194169
1.861714
1.803636
2.242536
2.311521
2.165046
2.037498
2.000573
2.016819
2.334538
2.425789
2.184635
2.187460
1.943725
2.225245
2.128300
2.175072
1.992889
2.201020
2.064428
2.326409
2.137116
2.304409
2.158379
2.048038
1.951367
2.097186
2.234834
1.996589
2.170956
1.852682
1.999142
2.153592
2.245942
2.301036
1.731855
2.648979
2.881025
2.361986
2.462802
2.569089
2.012415
1.931629
1.998082
2.000533
2.486057
3.040639
1.997198
2.087703
1.837375
1.940045
1.835135
1.976694
1.974221
1.883250
2.091617
2.112026
2.094768
2.054303
1.706317
3.004769
1.866805
2.120833
2.003291
2.047249
2.265690
2.057072
2.103387
2.084076
2.106357
2.389172
1.854000
2.372912
2.499778
2.010997
2.062641
2.071287
1.999547
2.141394
1.815030
1.904311
2.618553
2.252981
2.242115
2.058208
2.086301
1.841963
2.277051
2.752215
1.867226
1.966803
1.865520
2.150885
2.434033
2.111404
1.748454
2.001542
1.777778
2.328640
1.994419
1.920854
2.343613
2.869588
2.078941
2.152244
1.983319
2.458182
2.106910
2.023251
2.691790
2.108485
1.953683
1.993317
2.162005
1.616202
2.283882
2.107137
2.225358
2.215047
2.270984
2.510996
2.103698
2.007656
2.357974
2.159327
1.979872
2.140563
2.462826
2.003155
2.339121
2.183073
2.209884
2.026641
2.132828
1.861945
1.902882
2.589673
2.050674
2.117073
2.100907
1.939519
1.960325
2.243264
2.485267
2.178339
2.096030
1.850607
2.580302
2.561409
2.035922
1.962815
2.121012
2.278856
2.270671
2.078148
1.951870
2.229356
2.117022
2.209762
2.641050
2.530997
2.310462
2.044970
2.156182
2.281439
2.550537
2.191962
1.984541
2.072783
1.985445
2.164026
1.916981
2.108997
1.953247
2.564423
2.052562
1.819330
2.158909
2.397168
2.259814
2.664843
2.441080
1.999829
2.130933
1.977524
2.359368
2.191014
2.124510
3.256540
2.062564
2.094644
2.029043
1.562545
2.247519
2.117823
2.591389
2.292812
2.398616
1.885684
2.136422
2.409388
2.123613
1.984155
1.965207
2.008729
1.653972
2.468548
2.453512
1.922724
2.055470
1.939712
1.908070
2.467946
1.844065
2.263862
2.009145
2.268522
1.940630
2.268280
2.332816
2.021063
2.965352
1.828686
2.238695
2.015902
2.247280
2.100388
1.973959
2.094688
2.764829
2.207616
1.844305
1.971892
1.986580
2.021338
2.413308
2.186155
1.851924
2.401496
2.349651
2.168110
1.829487
1.681328
2.151047
2.306471
2.073403
2.216589
2.166608
2.117802
2.105690
2.264026
2.227813
1.972431
2.478282
2.199079
1.933571
2.090957
2.604455
2.071220
2.026118
2.009877
1.943440
1.856257
2.127744
2.421793
2.229235
1.934964
2.022088
1.904894
2.412666
2.669658
2.544956
2.180203
2.324040
1.840051
1.910900
2.340158
2.485109
2.858874
2.450681
2.110564
1.966134
2.077415
1.934539
2.238945
1.991499
2.166381
2.078091
2.058747
1.606306
2.155041
2.154993
2.066432
2.631454
1.990643
2.140999
1.907885
2.043833
1.881852
2.243524
2.219407
1.992010
1.966959
1.910792
1.978369
2.159441
2.376118
2.089757
1.867525
2.180717
2.017064
1.836751
2.109433
2.848168
2.232640
1.905365
2.136488
2.139189
1.828424
1.901966
1.879547
2.502786
2.368384
2.109544
1.912673
2.363413
2.042444
2.156459
2.075037
2.537166
2.127930
2.055970
2.391861
2.276675
1.869092
2.505978
2.698070
2.056266
2.168657
2.135570
1.865413
1.881475
1.927945
2.100346
2.148641
1.974620
2.476887
2.071256
2.189477
2.358561
1.962942
2.340046
2.051321
1.666864
2.199911
2.212142
1.818240
1.821956
2.039012
2.076853
2.298810
1.981428
2.536559
2.024738
1.845863
1.987185
2.355944
2.256594
2.461376
1.946998
2.119444
2.437575
2.055291
2.395625
2.274883
2.085914
1.954985
1.792194
2.134551
2.216339
2.424059
1.966793
2.278593
2.000125
2.118040
2.250343
2.254178
2.078701
2.359301
2.415031
1.893825
1.945202
1.940352
1.853105
2.134505
2.126449
1.372241
1.949599
2.123550
1.785006
1.917998
1.698284
2.536105
1.907359
1.973527
2.031870
2.208239
1.760090
2.015569
2.251306
1.946760
1.867143
2.249277
2.130739
2.382028
1.854658
1.751580
2.107301
2.006959
2.194397
2.387667
2.134107
2.178632
1.836740
2.099928
1.869267
2.302186
2.175840
2.357039
2.910701
2.309450
1.975323
1.987273
1.950343
2.017909
1.954168
1.658905
2.662058
2.210313
2.043407
2.052475
2.164184
2.146348
1.898355
2.053420
2.404086
1.907383
2.442447
2.218243
1.853955
1.816311
2.245500
2.090056
2.190495
1.742892
1.852524
2.067105
2.811351
2.252309
2.414639
1.856320
1.844733
2.427837
1.653959
2.312914
2.430764
1.883298
2.233960
2.073829
1.857061
2.169790
1.785870
2.060265
1.943619
2.266598
2.802677
2.515929
2.298544
2.245114
2.291369
1.870406
2.312263
2.086282
2.022215
1.994875
2.234198
2.430740
2.059824
1.988665
2.148439
2.134991
2.519350
2.055071
1.945346
2.055696
2.238802
2.228112
2.242392
2.077526
2.054868
1.826618
1.912051
2.092556
1.882441
2.262381
1.990989
2.208108
2.131108
2.244420
2.087447
2.626118
2.214643
1.923692
2.408648
1.816387
2.018359
1.741968
1.758507
1.946346
2.303282
1.943496
2.290524
2.065551
2.342205
2.144966
2.238384
2.384166
1.917126
2.105878
2.840718
2.145815
2.320733
2.107616
1.884594
1.999190
1.934276
1.905767
2.026282
2.042483
2.055469
1.767320
2.489811
2.180524
2.299415
1.787768
2.021377
2.311605
2.299351
2.106227
2.393266
2.111375
2.513117
2.155706
2.069939
2.203682
2.397964
1.822276
1.997441
1.932547
2.103622
3.000406
2.052775
2.720628
2.317171
1.812255
1.770815
2.031663
2.332874
1.823269
1.976609
2.356977
1.602211
2.430195
1.885320
1.987400
1.758805
1.571139
2.015710
1.530209
2.241780
2.339780
2.153409
2.252953
1.885701
1.945226
2.066296
1.772028
1.865951
2.134816
2.573018
2.610284
2.207416
2.128666
2.023933
1.931182
1.943413
2.065462
1.973194
1.942517
2.618367
2.112386
1.828121
1.711954
1.953613
1.707806
2.605095
2.814981
2.239587
1.893493
1.873492
1.867599
2.223746
1.936156
1.933561
1.902584
2.005116
2.049798
1.878735
4.269251
2.345356
2.305629
2.179571
2.220237
1.976653
1.760329
1.958213
2.030712
2.117460
1.878181
2.214755
1.881198
2.132180
1.969466
2.014060
2.092125
1.753685
1.794401
2.073063
1.803507
2.653854
1.926138
2.422954
1.922800
2.077315
1.811131
1.983227
2.435438
1.939838
2.276970
2.665308
2.267154
2.132582
2.116018
1.898337
2.155625
2.032232
1.815047
2.354002
1.968060
2.483958
2.051968
2.144606
1.819621
1.842128
1.899229
1.909801
1.907033
2.051752
2.141246
2.002725
2.109204
2.238138
2.129894
2.004077
1.871305
3.079228
2.254265
2.017864
2.107917
2.242819
2.192843
2.113034
2.196360
1.731437
1.829975
2.182636
1.967169
2.051316
2.290269
2.198255
1.765237
2.185649
2.651050
1.804962
2.128375
2.229272
2.089028
2.047857
2.205148
1.834905
1.916918
1.737077
1.967686
2.070041
2.156590
2.568981
1.661833
2.363021
2.279189
1.859974
1.965600
1.899292
2.410294
1.954434
1.931670
3.241974
2.323112
2.088800
1.885346
2.117668
2.029137
2.121485
2.029946
2.232186
2.179797
2.129774
2.119504
2.334029
1.973253
1.961929
1.862529
1.620893
2.203106
1.925856
1.852309
1.810656
2.316316
2.143509
2.246537
1.878597
2.157678
1.920966
1.746943
2.570225
2.473306
2.048763
1.741040
1.715772
1.876431
2.082849
1.951295
1.951642
1.895910
2.067927
2.235087
2.216840
2.114563
1.920468
1.788730
1.984961
1.945243
1.812254
1.977258
2.349370
1.868728
2.089805
2.008851
2.151380
2.071195
2.520487
2.095152
2.629948
2.084188
1.439935
2.400524
2.090728
2.264174
1.996561
1.760820
1.942060
1.523194
2.109198
1.815124
2.097500
2.155091
2.167188
1.996516
2.001793
2.080025
1.933020
1.672493
2.133729
2.170871
1.870641
2.285554
2.302320
2.487694
2.252169
2.222610
2.283927
1.636002
2.039068
2.038328
2.422691
2.107944
2.038614
1.996083
1.744472
2.009554
1.921835
2.173590
2.053745
2.517966
2.077262
2.117831
2.865368
2.316649
2.153272
2.094347
2.318796
1.964350
1.923741
2.184943
2.142200
1.828729
1.958773
2.127501
2.429403
1.964537
1.915525
2.344026
2.048413
1.973304
2.207743
2.162827
1.881368
2.196228
2.324003
2.214277
2.087332
1.643994
2.343156
2.330822
2.100170
2.011162
2.032652
2.118649
1.944701
1.804561
2.382988
2.050988
2.002848
2.027449
2.156326
2.085286
2.046474
2.384177
1.833223
1.841536
2.036866
2.067695
1.936393
2.416916
2.050303
2.052911
2.101944
2.130005
1.739236
2.173275
2.174915
1.869218
2.657535
1.865316
2.283235
2.375517
2.329588
1.994730
2.001694
1.972332
1.803733
1.736856
1.957418
2.127530
2.140273
2.644808
1.757389
1.684230
1.996910
1.676082
1.980340
1.839175
2.462112
2.189134
2.224174
2.164910
2.195995
2.436833
2.311522
2.061261
1.685374
2.167621
1.981866
2.101872
2.535044
1.983270
2.228928
2.481062
1.730922
2.115124
1.746685
2.087394
1.690006
2.483697
1.857679
2.276927
2.002856
2.227894
1.890388
2.210019
1.850363
2.127643
2.366568
1.970669
1.963143
1.893632
2.221900
2.332408
2.286306
2.006219
2.121435
2.063588
2.018174
2.606659
1.701605
1.988498
2.146578
2.195478
2.170729
2.022714
2.606190
2.158346
1.891645
2.223955
1.809219
2.007317
2.350852
2.420866
1.914036
1.951479
2.273712
2.121104
2.058726
2.070000
2.415336
1.604490
1.738230
1.909818
1.807891
2.660894
2.606473
1.854735
2.130772
1.645945
2.263436
2.326212
2.507903
2.304278
2.257393
1.813570
2.519670
2.134859
1.648190
1.638593
2.464540
2.026815
1.939072
1.830536
2.107257
1.691331
2.427910
2.486157
2.055615
2.119833
2.238196
2.045767
2.284367
2.001909
1.869047
2.125410
2.202607
1.982088
2.300399
1.959155
1.883409
2.172346
1.948543
2.748109
2.020803
2.030442
1.720286
2.174661
1.725029
2.130457
2.104127
1.945006
2.134870
1.944021
2.025326
2.171587
2.169634
2.542338
2.084561
2.582504
1.954798
1.845453
2.185148
2.220122
2.102593
1.808396
2.491485
2.153130
1.988904
1.864466
2.691057
2.968103
1.979710
1.835130
1.843818
2.051026
2.421104
2.015213
2.048136
1.995332
1.817242
2.043814
2.465940
2.100233
2.116402
2.538742
2.124450
1.861211
2.261517
2.275234
2.223577
1.902215
1.862522
1.897557
2.290755
1.957665
2.416166
2.692673
2.308795
2.062606
1.700454
2.169194
2.010391
2.249393
1.734856
1.821990
1.875531
2.141175
2.002382
1.881205
2.027221
1.985271
2.396632
2.028356
2.056357
2.287328
1.877764
2.145291
1.910640
2.081113
1.864470
2.204545
1.837616
2.171424
2.004350
2.318270
2.125069
1.792116
1.920630
1.768436
2.316177
1.720739
2.114015
2.152292
2.400828
2.110967
2.284762
2.195016
1.921089
1.962354
2.255314
2.959514
1.935927
1.981260
2.479132
1.969125
2.087384
2.110227
2.825115
2.097839
1.852832
1.941554
2.163123
2.897195
2.243811
1.937209
1.936396
1.895524
1.831190
2.468378
2.216272
2.170167
2.090570
2.152909
1.886762
1.998173
2.124033
1.560628
2.590453
1.813390
2.222046
2.097390
2.169405
2.331606
2.294026
1.823625
1.744831
1.877328
1.908341
1.718857
2.325096
2.489453
2.405476
1.578141
1.892038
1.999413
1.542677
2.089005
1.870775
2.033085
1.959320
1.962301
1.925824
2.043951
2.175809
1.975236
2.026089
2.071651
1.948276
1.659141
2.575921
1.920612
1.920702
2.270253
1.729195
2.537597
2.064992
1.878280
1.933207
2.108527
1.888216
1.764946
2.020110
2.262549
2.259896
1.939946
1.882398
2.000137
2.581103
1.797630
1.987924
2.443736
2.100703
2.111203
2.209127
2.411108
2.497011
2.159325
1.830233
2.381220
2.121894
2.003539
1.906280
2.053529
1.944178
2.387856
1.839896
1.705403
2.191935
2.199613
2.132924
2.185901
2.192601
1.913297
2.128673
2.035061
2.253525
2.260674
1.990846
1.993764
1.724520
2.193506
2.029851
2.054987
2.097242
2.041900
1.945155
1.604330
2.143850
1.743433
2.810291
2.284348
2.024543
1.987174
2.006440
1.779588
2.145012
1.725272
2.020152
1.787524
2.759807
3.535638
2.292964
2.153554
2.914723
2.370240
2.212604
2.057751
1.913315
2.090466
2.501212
1.799525
1.711001
1.931273
2.168673
1.784425
1.925486
2.685253
2.069511
2.119144
2.887089
2.030479
2.049267
2.311435
2.032661
1.957647
1.848176
1.931478
1.914893
1.989440
1.945269
3.108126
1.963861
1.974284
1.819272
2.170720
1.626384
2.047298
1.960682
1.836826
2.158450
2.251879
1.804237
2.325480
2.611634
2.103259
1.909968
2.044333
1.861837
1.894690
1.594142
2.307359
1.676798
2.061605
2.133543
2.004821
2.074806
2.214246
2.240996
2.107582
2.163138
2.276143
1.889133
1.732637
1.741162
2.462571
1.749590
2.518685
2.083609
2.293426
1.828328
2.217284
2.532555
1.756301
2.186742
2.483733
1.935145
1.935602
2.260442
2.073218
1.558826
1.876010
1.831878
1.822438
3.163913
2.436474
1.893022
2.087013
1.943195
1.857135
2.390623
1.977356
1.943224
2.268746
2.593255
2.198994
1.971857
2.345451
1.990117
2.066343
2.325178
2.064831
2.017002
2.241317
2.037649
2.357333
1.816997
1.901862
2.373188
1.852147
2.573464
2.521822
2.255473
2.221197
1.905268
2.002916
2.154305
2.014804
2.026174
2.117631
1.800632
2.424786
1.699264
2.851002
2.131458
1.979479
1.789622
2.204955
1.776048
1.856460
2.204717
1.728869
2.126427
2.200390
1.900649
1.968856
1.742272
2.917536
1.841719
2.202156
2.426212
1.758773
2.305909
2.158623
2.102113
2.289934
2.044848
2.111658
2.028663
1.821921
2.259998
1.620668
2.306257
2.134705
1.860858
2.112827
1.816059
2.167616
2.432829
1.697875
2.115655
1.893951
1.976640
1.858641
2.279153
2.082984
1.941363
1.968577
2.444964
2.597836
2.030430
1.691855
1.777198
1.928968
2.726189
2.302917
1.882751
1.869423
1.934789
1.566825
2.008462
1.826153
1.929730
2.444235
1.808733
2.007384
1.737882
1.916746
2.265147
2.312808
1.961172
1.887154
2.075369
1.583245
1.962138
1.852479
1.882063
2.058370
2.443143
2.164423
2.091924
2.320527
1.897175
2.110534
1.921865
1.983299
2.003601
2.362039
2.658789
1.603313
2.174489
2.278415
2.157821
1.749711
2.137529
2.350026
2.381246
2.002951
2.117127
2.004905
1.825659
1.915065
1.870831
2.220395
1.587081
2.232074
1.947932
1.939749
2.225278
2.585372
3.565332
2.222900
1.751764
2.225486
1.973264
2.048464
1.965829
1.968312
2.023579
2.161458
2.200339
1.806853
2.175960
1.868060
2.061683
2.824849
2.559249
1.944299
1.878414
2.012616
2.347454
2.098251
2.027354
1.697920
1.919636
2.183470
1.889423
2.008654
1.640507
2.989088
2.278125
2.131846
2.040827
2.098471
1.790920
2.352703
1.934236
1.826585
2.479906
1.857689
2.333464
2.006116
2.833443
2.672207
1.905642
1.692989
2.040247
1.964751
2.257302
1.946001
1.610988
2.074207
2.249539
1.681374
2.378380
2.275812
1.810923
1.710938
2.139893
2.020301
1.786991
1.998692
1.839744
1.794140
2.145163
2.343760
1.878907
1.863231
2.178216
1.868026
1.937555
1.893937
1.867604
2.541253
2.054787
1.797484
1.682535
1.722915
2.104334
2.158933
4.153122
2.548695
2.334066
2.162428
2.305422
2.061640
2.103904
2.220227
1.994095
1.943026
2.071840
2.381721
2.819952
2.003519
2.056334
1.895225
2.073200
1.693164
2.214027
2.007638
1.894683
1.909684
2.111109
2.093918
2.242525
2.236529
1.916358
1.927639
2.234625
2.139481
2.000964
1.898180
1.967413
2.012852
1.749937
2.250633
2.212619
1.805753
1.667795
3.257287
2.085401
2.151462
2.804817
1.902902
1.916878
2.703401
2.436016
2.184211
2.224020
1.812403
2.452645
1.665774
2.091538
2.135236
1.963789
2.343126
2.306939
1.727707
1.802283
1.916611
1.778650
1.892290
1.800589
1.549963
2.167465
2.035033
2.028996
1.862120
1.901880
2.220671
1.862472
2.247081
1.762894
2.492527
1.832625
1.754361
2.359805
2.233764
2.034402
1.712636
2.003303
2.025931
2.116940
2.393035
1.984545
2.387287
2.135139
1.895410
2.112592
1.996559
2.161174
2.238420
2.113638
1.954972
2.221411
2.033771
1.717746
1.609590
2.463111
1.901393
1.674067
1.838807
2.296377
2.832034
2.185691
1.830867
2.350516
2.474507
2.004581
2.252804
1.834125
2.270937
2.101505
1.931706
1.763729
2.169538
1.616328
3.508103
2.302565
2.064173
1.836651
1.902133
1.936169
1.742177
2.288324
1.775422
1.862559
2.009942
2.239837
2.167975
1.800731
2.038266
1.913797
2.281395
1.904858
1.777426
2.417819
2.496927
2.427408
2.065530
2.046581
2.507298
1.554205
2.426740
1.920339
1.840714
1.748924
1.584492
2.354907
2.005876
2.460133
1.807793
2.105884
2.181271
1.986526
2.017038
2.250007
1.892784
1.856820
1.874673
1.964235
2.456707
3.419851
2.341257
2.194543
2.390404
1.961530
1.922488
1.964010
1.787641
1.964488
2.000824
2.032146
2.611825
2.162812
1.941355
1.837413
2.506432
1.749859
2.013776
2.499193
2.052640
1.911612
2.097017
2.353415
2.145822
1.910380
1.778534
2.077054
1.946020
1.922003
1.908763
2.456410
1.930054
1.950993
1.404499
1.960664
1.721364
1.862417
1.698707
2.027184
1.757429
2.219123
2.676472
1.929708
1.977766
2.064738
1.908197
2.536231
2.205348
2.014552
1.949872
1.792897
1.846588
2.017791
1.616158
2.071043
1.889808
2.190189
2.200945
2.112301
1.952314
1.626915
2.068203
2.097076
2.019410
2.091657
2.651268
1.684635
2.225998
2.001717
1.794740
1.958166
2.192150
1.931112
1.887649
2.078151
2.757856
3.144132
2.621609
2.693796
3.000714
2.052307
2.036414
2.380565
1.907702
2.099066
1.889490
1.868916
1.717169
2.103289
2.232185
2.241434
2.006474
2.020848
2.138414
1.804875
2.863269
2.543324
2.156845
1.952850
1.956136
2.214550
1.936705
2.274648
2.049902
2.248149
2.117000
1.853418
1.992836
1.779314
2.431690
2.339147
1.944719
1.602369
2.128313
1.895483
1.814971
2.096371
1.578946
2.115280
1.719175
1.833113
1.759892
2.046488
2.691577
1.979093
2.164473
1.860875
1.358713
2.554043
1.970928
1.858150
1.907745
2.504455
1.810256
2.000944
2.055551
1.704676
1.636647
2.090716
2.513291
2.002625
1.713928
1.672745
1.883831
1.776959
1.759863
2.020163
1.883860
2.316894
2.293612
1.781862
1.778346
2.195237
2.005418
2.295734
1.913983
1.772097
1.758476
2.104977
2.006397
2.082406
2.710960
2.355093
1.969066
1.921221
2.067597
2.385113
1.668951
2.285256
1.909552
1.804043
1.709886
2.636455
1.924671
1.808819
1.911747
2.056438
2.644929
2.723865
1.950023
1.823239
2.248035
2.304985
2.071184
2.268632
1.854557
1.792399
1.704069
1.629009
2.228288
1.805254
1.734597
2.714643
2.703637
2.501266
2.320212
2.133246
1.839248
2.159000
2.081903
1.930410
2.064267
2.230236
2.176082
1.995388
1.849611
1.871759
2.070425
1.882726
2.321629
1.998149
3.082556
1.910065
1.921999
2.081048
1.978096
2.238018
2.228663
1.886436
2.121864
1.898706
2.060699
1.959369
2.090346
2.371228
1.973596
2.171179
2.173750
1.750589
2.697172
2.119225
2.162219
1.898849
2.306618
2.146540
2.568779
2.211915
1.974693
1.926790
1.839483
1.892467
2.159396
2.142079
1.643622
2.352384
1.757827
1.745053
1.960326
1.831053
2.194622
1.815284
1.578357
2.148423
1.977636
2.029265
1.786511
1.956442
1.857727
2.142048
3.110955
2.407682
2.290339
1.919843
1.805356
1.934849
2.254869
1.891496
1.858104
2.743179
2.405080
1.774000
1.827170
1.724779
1.852651
1.950489
1.881878
2.356946
2.199672
2.101372
1.765468
1.986593
1.699152
2.276501
2.157767
2.590958
2.064003
1.660955
2.481201
2.196438
2.065226
2.170965
2.126491
1.949566
1.956491
1.633470
1.738683
1.707509
2.711205
2.594223
1.908782
1.957198
1.902834
2.155506
2.132671
2.088228
1.878979
2.037268
1.825510
2.016237
2.140406
2.149805
1.608135
1.935235
1.810551
1.934873
2.501964
2.430898
1.985165
1.791662
2.438816
2.166957
1.795680
2.127621
2.232392
2.222493
1.856908
2.078224
2.051760
2.131692
2.527040
1.768218
1.837268
2.024704
2.014095
1.786697
2.294517
2.420756
1.949207
2.012461
1.729149
1.825328
2.051913
2.202896
2.185009
2.076936
2.159102
1.778969
1.790635
1.741913
2.840258
1.767311
2.023108
2.165661
2.064571
2.195135
1.819436
2.128651
1.730689
1.909448
1.896157
1.758041
1.689992
1.610019
1.752212
1.847000
2.309360
1.849878
1.820162
1.868868
2.061923
1.677000
1.795237
2.006488
3.061375
2.352499
2.070415
1.749302
1.980473
1.841782
1.696035
2.293512
2.023022
1.773894
2.173132
2.260759
2.644076
2.133951
1.813636
1.790877
1.921233
1.901927
1.861851
2.122809
2.344026
1.731631
2.490847
2.026788
2.027111
1.859429
1.840277
1.939295
2.127885
2.443718
2.017015
1.739717
1.588892
2.244531
2.475653
2.419449
1.897367
1.755030
1.735935
2.217424
1.594217
1.742512
2.248817
2.105249
2.930929
2.252271
2.147173
1.907388
2.194660
2.087718
2.880390
2.267046
1.671085
2.156113
2.069304
2.015907
1.736855
1.834167
2.201792
1.831546
2.248975
1.787165
1.929775
1.979116
2.086559
1.886791
2.317085
1.884750
2.022168
2.158496
2.644880
2.475223
2.067525
2.267920
2.136168
1.805404
2.002942
1.971669
1.916204
1.955196
1.974113
2.182475
1.733363
1.826029
1.926299
2.305051
2.220805
2.087734
1.941744
1.979416
2.170445
1.927936
1.940389
1.927369
2.126222
1.729891
2.030407
1.879560
2.813601
1.944584
2.040508
1.933397
1.735004
2.290531
1.732561
2.313121
2.445699
1.769744
2.066724
2.289853
1.710308
2.066379
1.895360
2.184340
2.102317
2.045853
2.038728
1.892614
2.105008
1.888940
2.062120
1.782914
2.808039
2.238087
2.313110
2.189278
2.180101
2.164110
1.764915
1.876360
1.623181
2.037373
2.094039
1.557114
2.367302
2.083934
1.751158
1.934656
2.109669
2.054129
2.011674
2.438480
2.016472
2.432747
1.770186
2.035470
2.370913
1.881695
2.624318
1.973195
1.936885
1.793490
2.501796
1.991555
2.125940
2.255188
1.649098
2.344326
2.081853
1.762207
2.367100
2.159029
1.664318
2.225003
1.958839
2.962039
1.895710
1.998036
1.991168
1.697081
1.644753
1.985891
1.832723
2.009493
1.833610
1.886487
1.960038
2.225697
1.752434
2.085411
1.961283
1.789425
1.822208
2.615601
2.391138
2.073383
1.987144
1.932802
2.288413
1.839734
1.931659
1.988383
2.191138
1.970307
1.882187
1.685917
1.763522
2.960842
1.981536
1.832440
1.777713
2.048382
2.120132
2.158377
2.057127
1.965512
1.992167
1.930990
2.077766
1.949676
2.200040
2.136109
2.194553
1.924453
1.619456
2.528182
2.374321
2.265112
1.908365
2.233268
1.937682
1.855116
2.053846
2.605486
2.165375
1.863644
1.873282
1.591906
1.889508
1.953725
1.757568
2.630517
2.763017
2.497592
2.039461
1.897620
2.054565
2.139286
2.457335
2.083615
1.925431
2.225646
2.300827
2.391720
2.255689
2.049934
1.936131
1.575257
2.194651
2.114613
1.945671
1.856695
2.031657
2.085436
2.683188
1.738594
2.098919
1.672989
1.774595
2.593764
1.744636
1.962993
2.130371
1.569549
1.622233
2.276178
1.791980
2.033241
1.975823
1.587685
1.859067
2.958565
2.493967
2.219449
1.803134
1.936700
2.429340
1.798735
2.035199
2.111174
2.070491
2.040517
1.731939
2.694472
2.154268
2.065244
1.960640
1.840749
2.116635
2.049088
1.997057
1.502107
2.247821
1.880588
1.869516
1.741093
2.108867
1.777901
2.361957
2.111379
1.838871
2.053038
2.802938
2.500238
2.164649
1.884114
2.507720
1.888540
2.002166
2.458261
2.032296
1.855726
2.067409
1.932783
1.933644
2.651206
1.775923
2.335771
1.809334
1.825247
2.262789
1.798945
1.734647
1.836724
2.492247
1.983136
1.802202
2.402340
2.324607
2.312482
1.835672
1.898276
1.929549
2.144290
1.644056
2.322440
1.536422
1.716334
1.782175
2.182999
1.935213
2.170039
2.113022
2.850968
2.297960
1.752622
1.684218
2.102918
1.860542
2.047992
2.267355
2.507544
2.358362
1.834600
1.913527
2.095619
2.055127
1.687356
1.541962
2.010099
2.221491
2.453104
1.900622
2.191787
1.868905
1.960166
1.956846
1.937025
1.859806
2.622528
1.956287
1.683853
2.187722
2.270536
1.764313
1.782604
1.843641
2.082530
2.284067
2.231415
2.542962
2.086290
1.922988
1.885682
1.836976
2.452290
1.992867
1.872836
2.104699
2.698395
2.367929
1.878164
1.747251
2.130700
1.876992
1.802865
1.974440
1.688220
2.587745
1.733020
1.834409
2.057511
2.208794
2.883693
2.140418
1.836111
2.581672
1.909440
2.425199
1.717962
2.196612
1.926514
1.918636
1.815890
1.768217
2.292470
2.115273
1.613474
1.975238
2.503081
1.859040
1.743667
1.887062
2.084762
1.867078
1.795630
2.236415
2.158664
2.194802
2.247819
2.085676
1.504670
2.008066
2.341889
1.803383
2.349247
1.920366
1.557668
2.074367
1.830871
1.746922
2.332493
2.161032
2.250851
1.814911
2.155724
1.541667
2.084078
1.927939
1.822509
2.130580
2.107454
1.709886
2.041533
2.117348
2.315773
2.013889
1.725166
2.056481
2.102965
1.956970
2.170799
1.943728
1.874953
1.934519
1.748534
1.760859
2.162575
2.155806
2.620417
2.140795
1.835322
1.879446
1.954583
2.079721
1.801599
1.794959
2.011108
2.195918
2.569149
2.297184
2.867303
2.148330
1.954164
1.659011
2.150274
1.984127
2.170550
3.262977
2.189769
2.190586
1.981167
2.122085
2.061794
1.959818
1.991973
1.935272
1.905725
2.068237
1.794327
2.804271
2.473113
1.712839
1.822299
1.722274
1.706318
2.906613
2.023541
1.815889
1.679388
2.383106
2.336628
1.904629
1.905193
1.647449
2.104512
1.800539
2.022997
2.179729
2.341324
2.069239
2.568559
1.859788
2.658890
2.963959
2.109457
1.901375
1.871921
1.885341
2.083986
2.101266
3.154194
2.224181
1.717976
2.398458
1.971488
1.827888
2.238698
1.902231
2.246139
1.885430
2.611364
2.190188
1.940335
1.876584
1.645756
1.833666
1.679105
1.203502
1.970717
1.666914
2.002207
1.700055
2.088950
2.770454
2.293158
1.763151
1.802646
2.067866
2.164894
1.863758
2.607422
2.704044
2.074272
1.617605
2.053961
2.404081
1.762721
1.831146
1.963034
2.861885
2.174578
2.010598
2.371364
1.972271
1.804633
1.885163
2.095265
1.989548
1.601856
2.179224
2.183935
1.844916
1.819712
1.931967
1.743283
1.973631
2.931262
1.674315
1.974258
1.750089
1.711059
1.845185
1.762566
1.755806
2.053220
2.337997
2.141500
2.226469
2.159912
1.875773
1.774740
2.061680
1.818538
1.969560
2.085432
2.016965
2.214141
1.834757
2.117115
1.977080
2.508893
2.048820
1.974492
1.939988
2.067793
2.162399
2.125331
2.079740
2.319335
2.313049
1.986041
1.969537
2.406889
1.830643
1.964790
2.226161
2.040090
1.952814
2.281002
1.979502
2.032964
1.978643
1.930433
1.764327
2.665859
1.840133
1.714107
2.205722
1.828576
1.712404
1.660512
2.168917
2.226601
1.875750
1.945867
2.555699
2.006202
2.236004
2.357857
1.695470
1.776078
1.995119
2.037429
1.845858
1.903526
3.471369
2.613423
2.364740
2.061748
2.048391
2.286636
1.846404
2.407738
2.074750
1.682580
2.105421
1.731806
1.906048
2.046326
1.934667
2.303172
2.399096
2.122136
1.782706
1.737299
1.682884
1.743711
1.945114
2.156093
1.999444
2.123076
1.885491
1.735221
1.719927
2.412115
2.003772
2.094481
1.612978
2.000127
1.703868
1.982623
3.367352
2.078044
2.061185
1.699097
1.883284
1.886569
1.927508
1.999111
2.036656
2.088938
2.725946
2.229955
1.839667
1.735915
1.872279
2.323229
2.033401
2.143862
1.700375
1.780506
1.964708
1.994091
1.802856
1.791206
2.279233
1.717082
1.881821
1.810172
2.752903
1.770453
2.023399
1.977004
1.954335
1.718784
1.948651
1.949203
1.900627
1.852293
2.389698
2.015153
2.426562
2.029515
1.808533
1.907388
1.645993
1.689417
1.725201
2.191808
1.856945
2.009458
3.734336
2.574386
2.621271
2.140285
2.219810
1.816496
2.097963
2.620101
2.161347
2.050812
2.059255
2.474448
2.260096
1.782827
2.019811
1.902056
1.859372
1.983611
1.766133
1.806917
1.972229
2.309934
2.737964
2.326085
2.408974
2.082972
1.772237
1.868595
1.961094
2.163204
2.011048
2.209898
2.893458
2.202310
1.977110
1.872227
1.689546
1.853430
3.155220
2.534721
2.015136
1.678373
1.833599
2.026072
2.093297
2.241757
2.783168
2.214003
2.045922
1.724247
1.828636
2.008626
1.560226
2.410356
2.473642
2.399781
1.863302
2.076088
2.079618
2.068210
2.557944
2.238735
1.849536
2.267686
1.962780
2.902822
2.019665
1.976392
1.615511
2.224441
2.586974
2.129797
2.769146
1.835887
2.041005
2.169843
1.588782
1.934315
1.945121
2.186641
2.106256
1.727646
1.970909
1.900992
2.283805
2.187106
2.806744
2.346634
1.999418
1.842006
3.536858
2.316637
2.286622
2.091454
