-0.010529
-0.071339
-0.132421
-0.145113
-0.150359
-0.140264
-0.146166
-0.140519
-0.127085
-0.106774
-0.103050
-0.095583
-0.090605
-0.083623
-0.084163
-0.075799
-0.072661
-0.070293
-0.067661
-0.066087
-0.059707
-0.059641
-0.053541
-0.053057
-0.051563
-0.047068
-0.045394
-0.044779
-0.043090
-0.042444
-0.040193
-0.038401
-0.037070
-0.034431
-0.033594
-0.032759
-0.032143
-0.031221
-0.030791
-0.030315
-0.028807
-0.027299
-0.027296
-0.026576
-0.025732
-0.025438
-0.024473
-0.023725
-0.022998
-0.022872
-0.022836
-0.022145
-0.021828
-0.021347
-0.021369
-0.020985
-0.020114
-0.019734
-0.019620
-0.019252
-0.019278
-0.018844
-0.018789
-0.018598
-0.018248
-0.018240
-0.017701
-0.017944
-0.017717
-0.017177
-0.017060
-0.016972
-0.016610
-0.016532
-0.016281
-0.015821
-0.015696
-0.015641
-0.015578
-0.015213
-0.015236
-0.015295
-0.014733
-0.014749
-0.014765
-0.014598
-0.014272
-0.014245
-0.014277
-0.014148
-0.014181
-0.014152
-0.013743
-0.013836
-0.013552
-0.013422
-0.013392
-0.013292
-0.013285
-0.013108
-0.013049
-0.012879
-0.012723
-0.012759
-0.012663
-0.012583
-0.012489
-0.012482
-0.012252
-0.012318
-0.012187
-0.012175
-0.012205
-0.012080
-0.011922
-0.011885
-0.011641
-0.012539
-0.012162
-0.012111
-0.011945
-0.011726
-0.011621
-0.011295
-0.011134
-0.011175
-0.011051
-0.010990
-0.010937
-0.010481
-0.010948
-0.010566
-0.010567
-0.010409
-0.010212
-0.010269
-0.010114
-0.010095
-0.010092
-0.009962
-0.010084
-0.009729
-0.009887
-0.009634
-0.009522
-0.009490
-0.009442
-0.009416
-0.009407
-0.009457
-0.009280
-0.009337
-0.009182
-0.009165
-0.009142
-0.009135
-0.009116
-0.009189
-0.009056
-0.009022
-0.008908
-0.009005
-0.008836
-0.008956
-0.008840
-0.008883
-0.008810
-0.008821
-0.008672
-0.008738
-0.008674
-0.008562
-0.008591
-0.008469
-0.008532
-0.008316
-0.008353
-0.008334
-0.008297
-0.008224
-0.008031
-0.008075
-0.008171
-0.008086
-0.008011
-0.007966
-0.008017
-0.007947
-0.007954
-0.007933
-0.007915
-0.007886
-0.007811
-0.007795
-0.007812
-0.007842
-0.007767
-0.007710
-0.008268
-0.008286
-0.008129
-0.008133
-0.008101
-0.007943
-0.007922
-0.007950
-0.007848
-0.007776
-0.007777
-0.007809
-0.007695
-0.007563
-0.007501
-0.007701
-0.007517
-0.007523
-0.007337
-0.007335
-0.007336
-0.007326
-0.007288
-0.007257
-0.007260
-0.007232
-0.007202
-0.007238
-0.007162
-0.007107
-0.007147
-0.007143
-0.007144
-0.006988
-0.006903
-0.007155
-0.007073
-0.007051
-0.007026
-0.006893
-0.006964
-0.006803
-0.006834
-0.006873
-0.006878
-0.006873
-0.006764
-0.006747
-0.006708
-0.006716
-0.006707
-0.006669
-0.006700
-0.006682
-0.006625
-0.006613
-0.006604
-0.006577
-0.006591
-0.006629
-0.006545
-0.006456
-0.006384
-0.006469
-0.006431
-0.006461
-0.006445
-0.006430
-0.006419
-0.006388
-0.006394
-0.006358
-0.006334
-0.006312
-0.006229
-0.006266
-0.006230
-0.006235
-0.006199
-0.006267
-0.006202
-0.006150
-0.006157
-0.006122
-0.006102
-0.006196
-0.006052
-0.006124
-0.006115
-0.006508
-0.006479
-0.006341
-0.006347
-0.006300
-0.006322
-0.006241
-0.006210
-0.006179
-0.006150
-0.006119
-0.006105
-0.006025
-0.005991
-0.006008
-0.005872
-0.005849
-0.005778
-0.005816
-0.005845
-0.005873
-0.005805
-0.005870
-0.005829
-0.005827
-0.005795
-0.005822
-0.005788
-0.005776
-0.005739
-0.005829
-0.005687
-0.005718
-0.005672
-0.005664
-0.005606
-0.005636
-0.005655
-0.005638
-0.005668
-0.005619
-0.005534
-0.005553
-0.005565
-0.005578
-0.005492
-0.005512
-0.005442
-0.005496
-0.005472
-0.005461
-0.005508
-0.005456
-0.005374
-0.005429
-0.005427
-0.005380
-0.005345
-0.005406
-0.005366
-0.005362
-0.005402
-0.005381
-0.005342
-0.005315
-0.005320
-0.005302
-0.005312
-0.005335
-0.005253
-0.005236
-0.005221
-0.005222
-0.005214
-0.005199
-0.005156
-0.005151
-0.005162
-0.005192
-0.005175
-0.005177
-0.005471
-0.005503
-0.005507
-0.005415
-0.005434
-0.005357
-0.005370
-0.005339
-0.005331
-0.005257
-0.005205
-0.005232
-0.005247
-0.005124
-0.005183
-0.005139
-0.005041
-0.005083
-0.005075
-0.005041
-0.005092
-0.005043
-0.004988
-0.004990
-0.004989
-0.004979
-0.004923
-0.004908
-0.004890
-0.004885
-0.004879
-0.004890
-0.004854
-0.004873
-0.004842
-0.004790
-0.004795
-0.004806
-0.004821
-0.004812
-0.004779
-0.004772
-0.004798
-0.004779
-0.004713
-0.004744
-0.004725
-0.004678
-0.004735
-0.004741
-0.004667
-0.004712
-0.004763
-0.004725
-0.004737
-0.004720
-0.004623
-0.004581
-0.004670
-0.004625
-0.004660
-0.004664
-0.004639
-0.004647
-0.004574
-0.004595
-0.004562
-0.004559
-0.004603
-0.004595
-0.004567
-0.004543
-0.004568
-0.004568
-0.004559
-0.004571
-0.004514
-0.004789
-0.004652
-0.004684
-0.004647
-0.004643
-0.004603
-0.004622
-0.004597
-0.004577
-0.004585
-0.004552
-0.004487
-0.004489
-0.004460
-0.004478
-0.004472
-0.004461
-0.004463
-0.004454
-0.004425
-0.004447
-0.004412
-0.004438
-0.004403
-0.004381
-0.004404
-0.004364
-0.004421
-0.004397
-0.004406
-0.004374
-0.004352
-0.004296
-0.004249
-0.004339
-0.004344
-0.004311
-0.004321
-0.004345
-0.004298
-0.004245
-0.004284
-0.004239
-0.004194
-0.004250
-0.004262
-0.004297
-0.004258
-0.004228
-0.004250
-0.004224
-0.004216
-0.004243
-0.004275
-0.004250
-0.004230
-0.004202
-0.004194
-0.004209
-0.004203
-0.004170
-0.004207
-0.004160
-0.004180
-0.004133
-0.004161
-0.004100
-0.004151
-0.004138
-0.004149
-0.004112
-0.004097
-0.004101
-0.004086
-0.004153
-0.004096
-0.004109
-0.004074
-0.004078
-0.004118
-0.004052
-0.004030
-0.004326
-0.004319
-0.004287
-0.004255
-0.004117
-0.004151
-0.004094
-0.004079
-0.004088
-0.004128
-0.004098
-0.004108
-0.004055
-0.004082
-0.004033
-0.004017
-0.003986
-0.003988
-0.003980
-0.003993
-0.003988
-0.003964
-0.003946
-0.003925
-0.003893
-0.003906
-0.003947
-0.003897
-0.003915
-0.003931
-0.003890
-0.003884
-0.003897
-0.003862
-0.003891
-0.003889
-0.003835
-0.003895
-0.003862
-0.003867
-0.003837
-0.003847
-0.003813
-0.003825
-0.003816
-0.003792
-0.003785
-0.003814
-0.003743
-0.003815
-0.003787
-0.003796
-0.003796
-0.003810
-0.003747
-0.003778
-0.003759
-0.003772
-0.003728
-0.003752
-0.003755
-0.003763
-0.003784
-0.003690
-0.003745
-0.003700
-0.003717
-0.003732
-0.003740
-0.003685
-0.003823
-0.003728
-0.003730
-0.003708
-0.003686
-0.003722
-0.003716
-0.003700
-0.003709
-0.003680
-0.003678
-0.003685
-0.003656
-0.003647
-0.003623
-0.003658
-0.003607
-0.003625
-0.003617
-0.003618
-0.003556
-0.003610
-0.003526
-0.003582
-0.003588
-0.003567
-0.003557
-0.003546
-0.003541
-0.003573
-0.003592
-0.003568
-0.003537
-0.003564
-0.003569
-0.003544
-0.003527
-0.003523
-0.003580
-0.003550
-0.003519
-0.003548
-0.003507
-0.003525
-0.003533
-0.003494
-0.003520
-0.003469
-0.003483
-0.003491
-0.003499
-0.003508
-0.003555
-0.003474
-0.003498
-0.003461
-0.003471
-0.003441
-0.003447
-0.003458
-0.003444
-0.003437
-0.003433
-0.003436
-0.003428
-0.003414
-0.003401
-0.003391
-0.003706
-0.003657
-0.003584
-0.003530
-0.003553
-0.003543
-0.003528
-0.003530
-0.003519
-0.003528
-0.003420
-0.003502
-0.003416
-0.003418
-0.003431
-0.003416
-0.003410
-0.003382
-0.003394
-0.003412
-0.003387
-0.003398
-0.003415
-0.003375
-0.003354
-0.003354
-0.003355
-0.003384
-0.003375
-0.003317
-0.003357
-0.003311
-0.003351
-0.003352
-0.003340
-0.003323
-0.003332
-0.003331
-0.003337
-0.003319
-0.003294
-0.003299
-0.003332
-0.003280
-0.003310
-0.003277
-0.003297
-0.003294
-0.003288
-0.003253
-0.003250
-0.003261
-0.003286
-0.003275
-0.003286
-0.003250
-0.003286
-0.003264
-0.003292
-0.003264
-0.003233
-0.003239
-0.003271
-0.003261
-0.003232
-0.003268
-0.003242
-0.003251
-0.003199
-0.003241
-0.003233
-0.003179
-0.003228
-0.003184
-0.003210
-0.003211
-0.003210
-0.003242
-0.003171
-0.003240
-0.003208
-0.003372
-0.003393
-0.003389
-0.003383
-0.003365
-0.003341
-0.003322
-0.003285
-0.003291
-0.003291
-0.003250
-0.003265
-0.003243
-0.003244
-0.003225
-0.003189
-0.003162
-0.003238
-0.003164
-0.003163
-0.003192
-0.003202
-0.003148
-0.003115
-0.003145
-0.003129
-0.003121
-0.003132
-0.003109
-0.003112
-0.003102
-0.003127
-0.003128
-0.003202
-0.003071
-0.003151
-0.003085
-0.003146
-0.003116
-0.003128
-0.003098
-0.003068
-0.003116
-0.003007
-0.003100
-0.003117
-0.003117
-0.003086
-0.003075
-0.003098
-0.003092
-0.003069
-0.003067
-0.003041
-0.003034
-0.003024
-0.003060
-0.003012
-0.003026
-0.003044
-0.003046
-0.003053
-0.003034
-0.003041
-0.003053
-0.003034
-0.003007
-0.002988
-0.003001
-0.002974
-0.002972
-0.003032
-0.002997
-0.003028
-0.003228
-0.003170
-0.003143
-0.003166
-0.003188
-0.003139
-0.003125
-0.003105
-0.003070
-0.003094
-0.003059
-0.003054
-0.003062
-0.003065
-0.003042
-0.003024
-0.002994
-0.002953
-0.003000
-0.002951
-0.002963
-0.002936
-0.002957
-0.002946
-0.002935
-0.002949
-0.002899
-0.002923
-0.002949
-0.002933
-0.002913
-0.002881
-0.002906
-0.002910
-0.002914
-0.002937
-0.002980
-0.002894
-0.002907
-0.002882
-0.002866
-0.002914
-0.002920
-0.002885
-0.002880
-0.002870
-0.002882
-0.002890
-0.002863
-0.002870
-0.002886
-0.002900
-0.002877
-0.002869
-0.002818
-0.002863
-0.002876
-0.002869
-0.002817
-0.002876
-0.002884
-0.002826
-0.002876
-0.002881
-0.003091
-0.003059
-0.003003
-0.002981
-0.002942
-0.002957
-0.002925
-0.002938
-0.002892
-0.002915
-0.002893
-0.002897
-0.002903
-0.002895
-0.002892
-0.002876
-0.002848
-0.002912
-0.002887
-0.002860
-0.002811
-0.002812
-0.002830
-0.002797
-0.002839
-0.002839
-0.002811
-0.002800
-0.002775
-0.002810
-0.002777
-0.002785
-0.002800
-0.002796
-0.002768
-0.002792
-0.002786
-0.002773
-0.002771
-0.002782
-0.002774
-0.002774
-0.002756
-0.002771
-0.002756
-0.002748
-0.002760
-0.002776
-0.002752
-0.002785
-0.002748
-0.002741
-0.002735
-0.002736
-0.002730
-0.002736
-0.002742
-0.002730
-0.002719
-0.002726
-0.002721
-0.002758
-0.002739
-0.002711
-0.002730
-0.002697
-0.002736
-0.002713
-0.002732
-0.002699
-0.002728
-0.002710
-0.002717
-0.002708
-0.002704
-0.002731
-0.002715
-0.002676
-0.002709
-0.002713
-0.002711
-0.002910
-0.002850
-0.002861
-0.002822
-0.002774
-0.002798
-0.002844
-0.002776
-0.002791
-0.002755
-0.002711
-0.002785
-0.002720
-0.002706
-0.002714
-0.002665
-0.002699
-0.002718
-0.002691
-0.002675
-0.002676
-0.002710
-0.002668
-0.002670
-0.002685
-0.002634
-0.002655
-0.002637
-0.002659
-0.002649
-0.002637
-0.002659
-0.002633
-0.002612
-0.002622
-0.002657
-0.002653
-0.002631
-0.002652
-0.002635
-0.002635
-0.002615
-0.002622
-0.002635
-0.002616
-0.002638
-0.002624
-0.002602
-0.002621
-0.002619
-0.002613
-0.002611
-0.002610
-0.002608
-0.002612
-0.002627
-0.002589
-0.002588
-0.002575
-0.002583
-0.002583
-0.002601
-0.002588
-0.002595
-0.002586
-0.002605
-0.002565
-0.002578
-0.002757
-0.002745
-0.002728
-0.002718
-0.002722
-0.002689
-0.002515
-0.002686
-0.002629
-0.002646
-0.002611
-0.002619
-0.002595
-0.002632
-0.002589
-0.002608
-0.002586
-0.002584
-0.002540
-0.002570
-0.002587
-0.002562
-0.002539
-0.002560
-0.002569
-0.002562
-0.002533
-0.002538
-0.002554
-0.002531
-0.002535
-0.002540
-0.002532
-0.002518
-0.002539
-0.002565
-0.002482
-0.002545
-0.002535
-0.002529
-0.002511
-0.002524
-0.002498
-0.002517
-0.002525
-0.002514
-0.002500
-0.002504
-0.002510
-0.002475
-0.002506
-0.002506
-0.002468
-0.002490
-0.002483
-0.002496
-0.002500
-0.002511
-0.002474
-0.002486
-0.002464
-0.002469
-0.002476
-0.002493
-0.002491
-0.002465
-0.002478
-0.002486
-0.002455
-0.002473
-0.002457
-0.002498
-0.002487
-0.002656
-0.002605
-0.002626
-0.002607
-0.002581
-0.002555
-0.002526
-0.002535
-0.002521
-0.002504
-0.002497
-0.002460
-0.002488
-0.002463
-0.002462
-0.002463
-0.002435
-0.002465
-0.002460
-0.002447
-0.002453
-0.002445
-0.002442
-0.002442
-0.002469
-0.002450
-0.002438
-0.002433
-0.002438
-0.002432
-0.002421
-0.002418
-0.002441
-0.002438
-0.002409
-0.002415
-0.002401
-0.002417
-0.002385
-0.002414
-0.002411
-0.002399
-0.002417
-0.002413
-0.002401
-0.002403
-0.002412
-0.002398
-0.002398
-0.002389
-0.002398
-0.002377
-0.002392
-0.002397
-0.002372
-0.002367
-0.002369
-0.002384
-0.002380
-0.002376
-0.002379
-0.002374
-0.002355
-0.002411
-0.002349
-0.002357
-0.002391
-0.002386
-0.002364
-0.002545
-0.002528
-0.002531
-0.002485
-0.002488
-0.002440
-0.002464
-0.002452
-0.002441
-0.002452
-0.002403
-0.002400
-0.002404
-0.002404
-0.002412
-0.002371
-0.002376
-0.002388
-0.002367
-0.002361
-0.002382
-0.002312
-0.002356
-0.002350
-0.002341
-0.002332
-0.002348
-0.002340
-0.002351
-0.002349
-0.002303
-0.002325
-0.002310
-0.002289
-0.002352
-0.002335
-0.002340
-0.002320
-0.002329
-0.002335
-0.002317
-0.002311
-0.002319
-0.002315
-0.002321
-0.002300
-0.002327
-0.002295
-0.002319
-0.002307
-0.002327
-0.002297
-0.002298
-0.002287
-0.002301
-0.002294
-0.002311
-0.002294
-0.002291
-0.002286
-0.002306
-0.002284
-0.002302
-0.002293
-0.002299
-0.002273
-0.002299
-0.002294
-0.002289
-0.002283
-0.002281
-0.002445
-0.002433
-0.002395
-0.002394
-0.002383
-0.002383
-0.002390
-0.002363
-0.002346
-0.002375
-0.002340
-0.002325
-0.002332
-0.002288
-0.002310
-0.002302
-0.002283
-0.002292
-0.002311
-0.002299
-0.002294
-0.002278
-0.002279
-0.002274
-0.002261
-0.002251
-0.002271
-0.002263
-0.002251
-0.002254
-0.002259
-0.002240
-0.002245
-0.002261
-0.002234
-0.002268
-0.002249
-0.002264
-0.002259
-0.002228
-0.002248
-0.002207
-0.002206
-0.002240
-0.002262
-0.002256
-0.002251
-0.002271
-0.002210
-0.002247
-0.002238
-0.002196
-0.002228
-0.002235
-0.002217
-0.002190
-0.002233
-0.002194
-0.002202
-0.002242
-0.002209
-0.002184
-0.002199
-0.002366
-0.002351
-0.002328
-0.002305
-0.002260
-0.002253
-0.002251
-0.002250
-0.002190
-0.002225
-0.002216
-0.002208
-0.002204
-0.002205
-0.002209
-0.002204
-0.002185
-0.002206
-0.002170
-0.002193
-0.002180
-0.002191
-0.002188
-0.002170
-0.002178
-0.002186
-0.002191
-0.002180
-0.002186
-0.002182
-0.002175
-0.002159
-0.002169
-0.002175
-0.002178
-0.002182
-0.002189
-0.002128
-0.002103
-0.002168
-0.002167
-0.002154
-0.002138
-0.002150
-0.002145
-0.002158
-0.002141
-0.002135
-0.002147
-0.002154
-0.002148
-0.002134
-0.002138
-0.002137
-0.002140
-0.002124
-0.002141
-0.002144
-0.002130
-0.002141
-0.002142
-0.002143
-0.002134
-0.002113
-0.002130
-0.002279
-0.002248
-0.002262
-0.002262
-0.002184
-0.002184
-0.002194
-0.002172
-0.002179
-0.002136
-0.002162
-0.002120
-0.002173
-0.002125
-0.002139
-0.002133
-0.002129
-0.002094
-0.002153
-0.002102
-0.002134
-0.002118
-0.002092
-0.002105
-0.002102
-0.002095
-0.002107
-0.002092
-0.002105
-0.002122
-0.002108
-0.002096
-0.002070
-0.002067
-0.002089
-0.002082
-0.002063
-0.002072
-0.002080
-0.002100
-0.002086
-0.002069
-0.002076
-0.002087
-0.002065
-0.002077
-0.002082
-0.002059
-0.002074
-0.002079
-0.002108
-0.002047
-0.002076
-0.002089
-0.002093
-0.002105
-0.002075
-0.002090
-0.002086
-0.002066
-0.002060
-0.002080
-0.002207
-0.002183
-0.002172
-0.002166
-0.002134
-0.002132
-0.002126
-0.002119
-0.002073
-0.002111
-0.002088
-0.002083
-0.002083
-0.002084
-0.002065
-0.002068
-0.002068
-0.002066
-0.002050
-0.002045
-0.002062
-0.002073
-0.002047
-0.002061
-0.002071
-0.002050
-0.002042
-0.002048
-0.002033
-0.002039
-0.002053
-0.002065
-0.002024
-0.002031
-0.002038
-0.002031
-0.002037
-0.002045
-0.002025
-0.002025
-0.002048
-0.002047
-0.002040
-0.002039
-0.002062
-0.002011
-0.002000
-0.002015
-0.002019
-0.002032
-0.002040
-0.002019
-0.001994
-0.002023
-0.002014
-0.002049
-0.002040
-0.002020
-0.002039
-0.002002
-0.001973
-0.002036
-0.001989
-0.002015
-0.002014
-0.002005
-0.002125
-0.002091
-0.002086
-0.002068
-0.002069
-0.002068
-0.002059
-0.002057
-0.002045
-0.002056
-0.002052
-0.002044
-0.002025
-0.002009
-0.002027
-0.002020
-0.002009
-0.002011
-0.001995
-0.001996
-0.002005
-0.002012
-0.001979
-0.001992
-0.002001
-0.001984
-0.001991
-0.001972
-0.001984
-0.001980
-0.001982
-0.001977
-0.001972
-0.001995
-0.001973
-0.001956
-0.001990
-0.002007
-0.001979
-0.001978
-0.001967
-0.001963
-0.001974
-0.001975
-0.001971
-0.001990
-0.001996
-0.001955
-0.001965
-0.001978
-0.001956
-0.001978
-0.001956
-0.001959
-0.001965
-0.001950
-0.001952
-0.001946
-0.001963
-0.001927
-0.001966
-0.001927
-0.001979
-0.001939
-0.001929
-0.001931
-0.001944
-0.001949
-0.001961
-0.001948
-0.001947
-0.001939
-0.001932
-0.002049
-0.002045
-0.002039
-0.002044
-0.002013
-0.001992
-0.002018
-0.001991
-0.001997
-0.001991
-0.001989
-0.001965
-0.001963
-0.002002
-0.001951
-0.001940
-0.001950
-0.001940
-0.001970
-0.001914
-0.001936
-0.001955
-0.001956
-0.001954
-0.001914
-0.001946
-0.001926
-0.001929
-0.001927
-0.001920
-0.001929
-0.001922
-0.001917
-0.001929
-0.001926
-0.001914
-0.001914
-0.001929
-0.001915
-0.001926
-0.001908
-0.001917
-0.001911
-0.001914
-0.001907
-0.001901
-0.001911
-0.001914
-0.001905
-0.001908
-0.001908
-0.001920
-0.001905
-0.001905
-0.001882
-0.001897
-0.001884
-0.001883
-0.001895
-0.001888
-0.001901
-0.001860
-0.001884
-0.001861
-0.002023
-0.002011
-0.001998
-0.001983
-0.001968
-0.001970
-0.001961
-0.001953
-0.001954
-0.001945
-0.001938
-0.001936
-0.001912
-0.001923
-0.001931
-0.001901
-0.001895
-0.001898
-0.001892
-0.001896
-0.001917
-0.001892
-0.001899
-0.001891
-0.001884
-0.001888
-0.001880
-0.001888
-0.001895
-0.001882
-0.001884
-0.001889
-0.001869
-0.001876
-0.001868
-0.001885
-0.001881
-0.001869
-0.001870
-0.001863
-0.001887
-0.001852
-0.001863
-0.001868
-0.001876
-0.001873
-0.001882
-0.001862
-0.001872
-0.001842
-0.001831
-0.001844
-0.001840
-0.001861
-0.001861
-0.001839
-0.001847
-0.001869
-0.001867
-0.001850
-0.001847
-0.001851
-0.001843
-0.001852
-0.001855
-0.001846
-0.001831
-0.001854
-0.001849
-0.001847
-0.001866
-0.001831
-0.001828
-0.001978
-0.001983
-0.001955
-0.001943
-0.001929
-0.001902
-0.001906
-0.001912
-0.001890
-0.001885
-0.001906
-0.001875
-0.001866
-0.001843
-0.001848
-0.001873
-0.001866
-0.001859
-0.001847
-0.001852
-0.001850
-0.001854
-0.001843
-0.001838
-0.001836
-0.001855
-0.001845
-0.001863
-0.001814
-0.001838
-0.001810
-0.001811
-0.001797
-0.001839
-0.001831
-0.001816
-0.001827
-0.001826
-0.001823
-0.001824
-0.001841
-0.001805
-0.001800
-0.001810
-0.001827
-0.001811
-0.001819
-0.001808
-0.001807
-0.001816
-0.001808
-0.001811
-0.001827
-0.001810
-0.001804
-0.001798
-0.001812
-0.001819
-0.001771
-0.001801
-0.001807
-0.001793
-0.001819
-0.001810
-0.001814
-0.001795
-0.001792
-0.001801
-0.001822
-0.001823
-0.001803
-0.001815
-0.001863
-0.001871
-0.001890
-0.001883
-0.001853
-0.001855
-0.001855
-0.001837
-0.001822
-0.001839
-0.001834
-0.001813
-0.001830
-0.001822
-0.001817
-0.001819
-0.001804
-0.001789
-0.001811
-0.001795
-0.001784
-0.001793
-0.001804
-0.001803
-0.001782
-0.001775
-0.001786
-0.001790
-0.001790
-0.001791
-0.001784
-0.001774
-0.001767
-0.001799
-0.001779
-0.001755
-0.001769
-0.001785
-0.001759
-0.001769
-0.001766
-0.001754
-0.001751
-0.001757
-0.001784
-0.001755
-0.001760
-0.001763
-0.001737
-0.001781
-0.001776
-0.001755
-0.001759
-0.001753
-0.001765
-0.001771
-0.001761
-0.001760
-0.001766
-0.001763
-0.001771
-0.001761
-0.001762
-0.001788
-0.001755
-0.001779
-0.001860
-0.001883
-0.001883
-0.001864
-0.001836
-0.001826
-0.001811
-0.001827
-0.001808
-0.001807
-0.001789
-0.001787
-0.001805
-0.001786
-0.001782
-0.001749
-0.001768
-0.001763
-0.001760
-0.001767
-0.001765
-0.001756
-0.001747
-0.001753
-0.001751
-0.001745
-0.001753
-0.001751
-0.001722
-0.001768
-0.001753
-0.001738
-0.001738
-0.001717
-0.001729
-0.001715
-0.001726
-0.001747
-0.001725
-0.001719
-0.001728
-0.001729
-0.001717
-0.001717
-0.001723
-0.001718
-0.001722
-0.001721
-0.001727
-0.001724
-0.001727
-0.001734
-0.001729
-0.001715
-0.001708
-0.001735
-0.001723
-0.001751
-0.001714
-0.001716
-0.001728
-0.001718
-0.001709
-0.001846
-0.001840
-0.001813
-0.001829
-0.001802
-0.001796
-0.001763
-0.001798
-0.001779
-0.001780
-0.001778
-0.001789
-0.001756
-0.001753
-0.001746
-0.001766
-0.001733
-0.001755
-0.001728
-0.001726
-0.001727
-0.001742
-0.001733
-0.001717
-0.001720
-0.001722
-0.001719
-0.001715
-0.001695
-0.001714
-0.001711
-0.001728
-0.001716
-0.001710
-0.001707
-0.001712
-0.001708
-0.001702
-0.001695
-0.001709
-0.001700
-0.001695
-0.001689
-0.001686
-0.001684
-0.001702
-0.001719
-0.001688
-0.001698
-0.001687
-0.001672
-0.001690
-0.001695
-0.001684
-0.001690
-0.001681
-0.001688
-0.001696
-0.001688
-0.001675
-0.001695
-0.001691
-0.001685
-0.001681
-0.001676
-0.001688
-0.001682
-0.001676
-0.001677
-0.001675
-0.001668
-0.001670
-0.001680
-0.001670
-0.001687
-0.001707
-0.001822
-0.001760
-0.001759
-0.001758
-0.001756
-0.001748
-0.001727
-0.001737
-0.001708
-0.001724
-0.001700
-0.001717
-0.001699
-0.001699
-0.001699
-0.001693
-0.001687
-0.001701
-0.001681
-0.001689
-0.001665
-0.001682
-0.001669
-0.001687
-0.001688
-0.001668
-0.001664
-0.001652
-0.001672
-0.001652
-0.001680
-0.001656
-0.001653
-0.001679
-0.001649
-0.001662
-0.001663
-0.001658
-0.001662
-0.001662
-0.001648
-0.001631
-0.001645
-0.001647
-0.001643
-0.001651
-0.001642
-0.001653
-0.001656
-0.001648
-0.001649
-0.001641
-0.001645
-0.001614
-0.001651
-0.001647
-0.001649
-0.001649
-0.001665
-0.001641
-0.001636
-0.001642
-0.001648
-0.001652
-0.001743
-0.001754
-0.001738
-0.001709
-0.001680
-0.001705
-0.001692
-0.001706
-0.001686
-0.001665
-0.001655
-0.001651
-0.001647
-0.001637
-0.001633
-0.001643
-0.001655
-0.001657
-0.001668
-0.001638
-0.001635
-0.001631
-0.001629
-0.001647
-0.001626
-0.001632
-0.001635
-0.001624
-0.001615
-0.001636
-0.001620
-0.001630
-0.001638
-0.001638
-0.001638
-0.001626
-0.001646
-0.001617
-0.001613
-0.001632
-0.001642
-0.001613
-0.001616
-0.001619
-0.001612
-0.001587
-0.001606
-0.001615
-0.001611
-0.001623
-0.001632
-0.001628
-0.001609
-0.001627
-0.001614
-0.001613
-0.001619
-0.001608
-0.001616
-0.001625
-0.001608
-0.001613
-0.001600
-0.001613
-0.001605
-0.001746
-0.001678
-0.001679
-0.001707
-0.001672
-0.001664
-0.001656
-0.001647
-0.001660
-0.001646
-0.001660
-0.001600
-0.001636
-0.001615
-0.001605
-0.001613
-0.001607
-0.001598
-0.001589
-0.001594
-0.001622
-0.001591
-0.001588
-0.001598
-0.001602
-0.001608
-0.001600
-0.001594
-0.001594
-0.001607
-0.001603
-0.001606
-0.001580
-0.001600
-0.001588
-0.001591
-0.001588
-0.001603
-0.001593
-0.001597
-0.001593
-0.001611
-0.001577
-0.001582
-0.001598
-0.001593
-0.001593
-0.001585
-0.001590
-0.001599
-0.001594
-0.001576
-0.001598
-0.001553
-0.001589
-0.001586
-0.001573
-0.001581
-0.001576
-0.001571
-0.001582
-0.001577
-0.001580
-0.001579
-0.001586
-0.001568
-0.001581
-0.001585
-0.001579
-0.001573
-0.001684
-0.001680
-0.001686
-0.001657
-0.001666
-0.001636
-0.001613
-0.001624
-0.001615
-0.001622
-0.001609
-0.001604
-0.001595
-0.001585
-0.001577
-0.001592
-0.001590
-0.001577
-0.001581
-0.001585
-0.001583
-0.001574
-0.001575
-0.001589
-0.001573
-0.001572
-0.001563
-0.001540
-0.001562
-0.001571
-0.001580
-0.001572
-0.001570
-0.001572
-0.001566
-0.001563
-0.001577
-0.001571
-0.001565
-0.001568
-0.001549
-0.001555
-0.001560
-0.001555
-0.001548
-0.001563
-0.001562
-0.001567
-0.001543
-0.001561
-0.001553
-0.001554
-0.001561
-0.001554
-0.001538
-0.001548
-0.001565
-0.001548
-0.001564
-0.001562
-0.001529
-0.001563
-0.001554
-0.001561
-0.001538
-0.001532
-0.001551
-0.001536
-0.001541
-0.001540
-0.001556
-0.001669
-0.001630
-0.001625
-0.001623
-0.001625
-0.001613
-0.001603
-0.001588
-0.001581
-0.001580
-0.001568
-0.001580
-0.001583
-0.001562
-0.001550
-0.001555
-0.001534
-0.001553
-0.001551
-0.001551
-0.001535
-0.001531
-0.001513
-0.001533
-0.001551
-0.001549
-0.001562
-0.001516
-0.001516
-0.001549
-0.001529
-0.001524
-0.001535
-0.001556
-0.001534
-0.001522
-0.001533
-0.001531
-0.001550
-0.001506
-0.001541
-0.001533
-0.001534
-0.001514
-0.001529
-0.001552
-0.001522
-0.001536
-0.001517
-0.001521
-0.001532
-0.001506
-0.001530
-0.001512
-0.001530
-0.001513
-0.001526
-0.001519
-0.001535
-0.001510
-0.001516
-0.001518
-0.001507
-0.001523
-0.001621
-0.001597
-0.001602
-0.001589
-0.001588
-0.001574
-0.001574
-0.001577
-0.001571
-0.001541
-0.001546
-0.001530
-0.001532
-0.001536
-0.001533
-0.001538
-0.001508
-0.001518
-0.001526
-0.001533
-0.001518
-0.001511
-0.001528
-0.001513
-0.001515
-0.001510
-0.001514
-0.001519
-0.001521
-0.001493
-0.001509
-0.001522
-0.001512
-0.001513
-0.001510
-0.001521
-0.001513
-0.001497
-0.001481
-0.001519
-0.001512
-0.001499
-0.001501
-0.001502
-0.001510
-0.001504
-0.001503
-0.001512
-0.001492
-0.001506
-0.001496
-0.001490
-0.001498
-0.001514
-0.001501
-0.001504
-0.001498
-0.001487
-0.001499
-0.001510
-0.001485
-0.001494
-0.001478
-0.001503
-0.001506
-0.001484
-0.001509
-0.001507
-0.001491
-0.001479
-0.001494
-0.001490
-0.001491
-0.001491
-0.001590
-0.001569
-0.001574
-0.001552
-0.001536
-0.001549
-0.001528
-0.001523
-0.001539
-0.001492
-0.001523
-0.001504
-0.001515
-0.001497
-0.001502
-0.001485
-0.001511
-0.001502
-0.001498
-0.001485
-0.001495
-0.001505
-0.001489
-0.001495
-0.001501
-0.001490
-0.001489
-0.001485
-0.001488
-0.001486
-0.001470
-0.001478
-0.001486
-0.001471
-0.001470
-0.001485
-0.001473
-0.001466
-0.001470
-0.001478
-0.001483
-0.001464
-0.001476
-0.001486
-0.001473
-0.001470
-0.001475
-0.001468
-0.001459
-0.001465
-0.001470
-0.001469
-0.001473
-0.001471
-0.001459
-0.001477
-0.001458
-0.001471
-0.001469
-0.001473
-0.001466
-0.001455
-0.001474
-0.001466
-0.001464
-0.001553
-0.001545
-0.001548
-0.001498
-0.001522
-0.001488
-0.001521
-0.001532
-0.001497
-0.001508
-0.001479
-0.001481
-0.001481
-0.001486
-0.001481
-0.001487
-0.001462
-0.001472
-0.001468
-0.001482
-0.001463
-0.001480
-0.001472
-0.001465
-0.001469
-0.001455
-0.001460
-0.001460
-0.001469
-0.001469
-0.001430
-0.001467
-0.001461
-0.001443
-0.001458
-0.001461
-0.001453
-0.001449
-0.001447
-0.001444
-0.001462
-0.001450
-0.001445
-0.001451
-0.001449
-0.001438
-0.001449
-0.001449
-0.001429
-0.001439
-0.001463
-0.001447
-0.001435
-0.001442
-0.001440
-0.001444
-0.001455
-0.001447
-0.001436
-0.001438
-0.001454
-0.001445
-0.001447
-0.001444
-0.001505
-0.001520
-0.001501
-0.001498
-0.001497
-0.001490
-0.001484
-0.001483
-0.001479
-0.001459
-0.001462
-0.001475
-0.001465
-0.001461
-0.001458
-0.001442
-0.001460
-0.001453
-0.001456
-0.001445
-0.001453
-0.001453
-0.001440
-0.001440
-0.001448
-0.001434
-0.001444
-0.001426
-0.001430
-0.001436
-0.001425
-0.001415
-0.001433
-0.001421
-0.001438
-0.001422
-0.001427
-0.001428
-0.001422
-0.001437
-0.001419
-0.001431
-0.001433
-0.001420
-0.001426
-0.001424
-0.001432
-0.001430
-0.001427
-0.001416
-0.001430
-0.001436
-0.001415
-0.001413
-0.001430
-0.001422
-0.001419
-0.001427
-0.001420
-0.001420
-0.001415
-0.001434
-0.001404
-0.001415
-0.001429
-0.001411
-0.001416
-0.001496
-0.001503
-0.001500
-0.001494
-0.001497
-0.001492
-0.001487
-0.001464
-0.001440
-0.001440
-0.001433
-0.001432
-0.001426
-0.001432
-0.001416
-0.001428
-0.001435
-0.001434
-0.001410
-0.001430
-0.001409
-0.001416
-0.001428
-0.001414
-0.001422
-0.001415
-0.001411
-0.001411
-0.001400
-0.001390
-0.001410
-0.001401
-0.001407
-0.001402
-0.001386
-0.001376
-0.001398
-0.001404
-0.001401
-0.001392
-0.001410
-0.001390
-0.001385
-0.001389
-0.001395
-0.001402
-0.001404
-0.001394
-0.001409
-0.001392
-0.001388
-0.001396
-0.001395
-0.001394
-0.001393
-0.001394
-0.001390
-0.001399
-0.001484
-0.001480
-0.001450
-0.001468
-0.001454
-0.001440
-0.001444
-0.001442
-0.001417
-0.001426
-0.001423
-0.001416
-0.001410
-0.001415
-0.001408
-0.001405
-0.001396
-0.001400
-0.001387
-0.001396
-0.001395
-0.001391
-0.001379
-0.001390
-0.001413
-0.001397
-0.001384
-0.001387
-0.001406
-0.001377
-0.001390
-0.001388
-0.001390
-0.001360
-0.001385
-0.001389
-0.001380
-0.001393
-0.001371
-0.001390
-0.001383
-0.001364
-0.001384
-0.001377
-0.001375
-0.001369
-0.001375
-0.001379
-0.001375
-0.001382
-0.001387
-0.001381
-0.001365
-0.001381
-0.001374
-0.001368
-0.001378
-0.001374
-0.001377
-0.001370
-0.001447
-0.001453
-0.001463
-0.001428
-0.001432
-0.001427
-0.001416
-0.001405
-0.001390
-0.001394
-0.001387
-0.001382
-0.001392
-0.001390
-0.001368
-0.001369
-0.001376
-0.001392
-0.001376
-0.001365
-0.001371
-0.001388
-0.001375
-0.001374
-0.001368
-0.001373
-0.001372
-0.001342
-0.001367
-0.001369
-0.001368
-0.001338
-0.001347
-0.001352
-0.001350
-0.001350
-0.001353
-0.001355
-0.001356
-0.001356
-0.001354
-0.001361
-0.001353
-0.001353
-0.001348
-0.001357
-0.001351
-0.001351
-0.001342
-0.001346
-0.001351
-0.001352
-0.001346
-0.001354
-0.001352
-0.001352
-0.001428
-0.001433
-0.001419
-0.001407
-0.001392
-0.001386
-0.001387
-0.001388
-0.001384
-0.001384
-0.001357
-0.001358
-0.001355
-0.001361
-0.001363
-0.001344
-0.001353
-0.001342
-0.001350
-0.001341
-0.001349
-0.001343
-0.001331
-0.001338
-0.001344
-0.001350
-0.001341
-0.001349
-0.001339
-0.001337
-0.001339
-0.001336
-0.001339
-0.001341
-0.001337
-0.001336
-0.001338
-0.001317
-0.001332
-0.001355
-0.001333
-0.001342
-0.001335
-0.001338
-0.001355
-0.001328
-0.001315
-0.001317
-0.001325
-0.001335
-0.001337
-0.001333
-0.001349
-0.001395
-0.001409
-0.001393
-0.001384
-0.001352
-0.001369
-0.001379
-0.001365
-0.001353
-0.001353
-0.001344
-0.001348
-0.001354
-0.001339
-0.001344
-0.001326
-0.001343
-0.001327
-0.001336
-0.001340
-0.001343
-0.001328
-0.001318
-0.001328
-0.001325
-0.001329
-0.001315
-0.001339
-0.001304
-0.001305
-0.001330
-0.001310
-0.001311
-0.001331
-0.001304
-0.001290
-0.001315
-0.001305
-0.001322
-0.001315
-0.001318
-0.001313
-0.001301
-0.001324
-0.001324
-0.001319
-0.001337
-0.001312
-0.001308
-0.001310
-0.001329
-0.001314
-0.001305
-0.001307
-0.001313
-0.001309
-0.001320
-0.001305
-0.001393
-0.001394
-0.001395
-0.001363
-0.001382
-0.001350
-0.001345
-0.001349
-0.001351
-0.001351
-0.001321
-0.001337
-0.001321
-0.001324
-0.001326
-0.001319
-0.001328
-0.001313
-0.001313
-0.001310
-0.001305
-0.001312
-0.001310
-0.001308
-0.001306
-0.001303
-0.001297
-0.001302
-0.001295
-0.001300
-0.001308
-0.001314
-0.001321
-0.001286
-0.001289
-0.001309
-0.001304
-0.001294
-0.001311
-0.001297
-0.001294
-0.001299
-0.001284
-0.001290
-0.001289
-0.001297
-0.001296
-0.001295
-0.001301
-0.001287
-0.001293
-0.001300
-0.001288
-0.001293
-0.001306
-0.001292
-0.001295
-0.001306
-0.001293
-0.001296
-0.001290
-0.001292
-0.001276
-0.001386
-0.001381
-0.001382
-0.001346
-0.001378
-0.001349
-0.001365
-0.001338
-0.001332
-0.001340
-0.001336
-0.001320
-0.001326
-0.001313
-0.001309
-0.001312
-0.001297
-0.001310
-0.001291
-0.001292
-0.001304
-0.001302
-0.001286
-0.001304
-0.001271
-0.001303
