2.296216
2.268127
1.837322
2.255148
2.115662
2.149698
2.094921
1.971842
1.859640
1.994834
2.113481
1.828675
1.414905
1.753764
2.124802
1.730688
1.261499
1.085010
0.702603
1.106826
1.370460
0.986845
1.143150
0.891583
0.776093
0.571226
0.974080
1.480918
0.733933
0.475050
0.454125
0.419042
0.867980
0.705562
0.689548
0.780854
0.400711
0.635335
0.500196
0.361461
1.146488
0.563844
0.290441
0.473185
0.504932
0.634148
0.569447
0.673887
0.245504
0.889845
0.601126
0.298441
0.661275
0.347455
0.713534
0.349259
0.479607
0.611395
0.562470
0.631797
0.599362
0.441620
0.347444
0.166900
0.284905
0.977094
0.290344
0.518292
0.328867
0.697246
0.531963
0.346769
0.311000
0.224513
0.266598
0.360390
0.054652
0.664399
0.664596
0.892455
0.407599
0.450605
0.349901
0.245355
0.349412
0.411020
0.299437
0.223335
0.135945
0.577707
0.300440
0.718831
0.490543
0.311610
0.627118
0.291295
0.161917
0.533041
0.576449
1.965894
0.446482
0.554271
0.327390
0.166398
0.397620
0.354178
0.181396
0.271916
0.249542
0.407998
0.400991
0.511495
0.304127
0.450402
0.480328
0.284856
0.759266
0.744830
0.258438
0.271509
0.515219
0.409757
0.522730
0.503316
0.698705
0.271483
0.686612
0.314217
0.531529
0.346870
0.621592
0.458039
0.339695
0.432188
0.397723
0.279289
0.247370
0.263692
0.076051
0.330282
0.391728
0.407192
0.444373
0.470303
0.384049
0.685862
0.247628
0.332775
0.199970
0.426291
0.161107
0.734336
1.583461
0.343287
0.485279
0.454689
0.215975
0.245953
0.245300
0.205469
0.321289
0.718173
0.461257
0.506204
0.249768
0.386799
0.314309
0.213692
0.398268
0.261181
0.208258
0.313598
0.503073
0.952183
0.626577
0.367116
0.277020
0.451202
0.444666
0.207595
0.420801
0.151232
0.383386
0.699971
0.285844
0.255752
0.313302
0.211099
0.270799
0.267604
0.362610
0.151554
0.219770
0.386440
0.517391
0.281863
0.229180
0.307227
0.234307
0.763631
0.885851
0.235720
0.300177
0.266975
0.196564
0.303683
0.417709
0.689474
0.332529
0.294293
0.485270
0.464297
0.210182
0.535456
0.217354
0.560747
0.362409
0.204659
0.060878
0.270025
0.566870
0.236509
0.453970
0.306584
0.808723
0.307081
0.435815
0.239777
0.297347
0.422525
0.344376
0.169578
0.238939
0.214977
0.349194
0.449774
0.227397
1.332109
0.356817
0.507209
0.328368
0.135524
0.501750
0.194155
0.340996
0.223337
0.625268
1.624974
0.794546
0.499397
0.277912
0.298723
0.199876
0.346794
0.164353
0.404003
0.318890
0.335071
0.338929
0.976718
0.617004
0.247128
0.208255
0.512293
0.187902
0.179944
0.385828
0.190616
0.162179
0.243804
0.059828
0.833818
0.586718
1.408167
1.461946
0.779365
0.577343
0.442901
0.556799
0.183777
0.169807
0.191585
0.490089
0.214210
0.468002
0.610295
0.305932
0.584457
0.570929
0.298011
0.159471
0.297210
0.164702
0.187330
0.121400
0.439003
0.276169
0.195458
0.211206
0.260940
0.254901
0.254126
0.130866
0.225533
0.141296
0.307025
0.318688
0.195456
0.220654
0.148644
0.233364
0.256768
0.282658
0.492984
0.359160
0.323637
0.152460
0.421364
0.280259
0.424877
0.218306
0.514040
0.126286
0.256890
0.277117
0.307802
0.198979
0.126188
0.143558
0.186886
0.882584
0.373961
0.608801
0.557065
0.333410
0.161138
0.221854
0.100675
0.338311
0.476100
0.208017
0.862442
0.284191
0.146746
0.374079
0.422766
0.183843
0.250000
0.110844
0.142540
0.184905
0.197127
0.250417
0.271967
0.396435
0.456442
0.318028
0.153852
0.270412
0.367161
0.565591
1.823341
0.571509
0.392183
0.821347
0.605444
0.412311
1.308947
0.312641
0.152647
1.012041
0.302053
0.302285
0.206819
0.519854
0.337291
0.413404
0.174466
0.122999
0.387252
0.211197
0.163187
0.091351
0.153379
0.340120
0.527533
0.341025
0.344640
0.723555
0.443484
0.347443
0.392411
0.335178
0.370619
0.210205
0.174234
0.260751
0.228123
0.421953
0.217810
0.316877
0.446114
0.231220
0.251861
0.328033
0.195957
0.072965
0.084994
0.280425
0.663866
0.549965
0.136930
0.186460
0.158301
0.150463
0.174877
0.338277
0.499161
0.607957
0.240035
0.331463
0.310153
0.431814
0.166701
0.387763
0.179201
0.366149
0.771709
0.160336
0.247271
0.136084
0.255458
0.597118
1.173305
0.521855
0.291147
0.546295
0.252113
0.453676
0.125961
0.246839
0.360248
0.337284
0.210660
0.275892
0.203538
0.516769
0.807668
0.286553
0.241911
0.189758
0.245727
0.130893
0.061818
0.151441
0.515756
0.367648
0.473884
0.184973
0.779390
0.357728
1.151136
0.246140
0.307600
0.239912
0.193789
0.137661
0.247282
0.463770
0.488063
0.749689
0.933540
0.380752
0.325152
0.189952
0.212231
0.491694
0.271038
0.258346
0.190328
0.208860
0.138462
0.202234
0.116418
0.505123
0.806844
0.524523
0.369235
0.156394
0.320178
0.339033
0.101296
0.343308
0.209689
0.333455
0.284262
0.180599
0.655842
0.884352
0.636885
0.352315
0.207583
0.281782
0.155581
0.143134
0.353833
0.088401
0.130643
0.219040
0.166038
0.408537
0.634746
0.374067
0.364063
1.009533
0.106526
0.311751
0.205929
0.185043
0.069361
0.116079
0.256865
0.126343
0.528125
0.293422
0.907645
0.499800
0.434425
0.359397
0.203761
0.200606
0.470467
0.114371
0.349059
0.130721
0.168840
0.294541
0.268276
0.656631
0.729361
0.879866
0.337869
0.366027
0.547280
0.434144
0.185671
0.302270
0.157528
0.226546
0.293208
0.256266
1.092015
0.293744
0.180121
0.599950
0.308169
0.086535
0.247306
0.116994
0.280766
0.215612
0.463858
0.164294
0.353346
0.132761
0.231215
0.337712
0.335090
0.536565
0.625362
0.247485
0.526044
0.132640
0.321274
0.363733
0.300931
0.410434
0.494169
0.711398
0.439307
0.350878
0.209476
0.237675
0.066622
0.200492
0.643812
0.440029
0.170491
0.164385
0.317680
0.152388
0.387693
0.348403
0.562007
0.092879
0.216262
0.195954
0.383481
0.748039
2.304376
1.088536
0.854385
0.913114
0.254505
0.376547
0.487520
0.332271
0.272745
0.253818
0.212339
0.127928
0.132589
0.324507
0.246395
0.367055
0.104870
0.190727
0.116256
0.195068
0.302842
0.157215
0.284201
0.124736
0.175812
0.192873
0.231096
0.291063
0.248320
0.120221
0.469196
0.520402
0.139443
0.150757
0.400430
0.316341
0.203531
0.347135
0.770515
0.249313
0.334080
0.252668
0.328005
0.188774
0.279224
0.352130
0.696852
0.276013
0.479010
0.152161
0.432446
0.097944
0.229354
0.098786
0.264298
0.256290
0.535327
0.895617
0.217277
0.219345
0.236508
0.168397
0.374698
0.212761
0.339970
0.359650
0.489509
0.107331
0.355597
0.159125
0.378217
0.309551
0.225379
0.204312
0.134416
0.444073
0.159170
0.135532
0.238409
0.251675
0.230614
1.033167
1.056109
0.540794
0.263676
0.436353
0.209686
0.255226
0.299884
0.162232
0.126491
0.119200
0.204517
0.206422
0.341435
0.148101
0.155030
0.163187
0.326665
0.227358
0.251406
0.180732
0.192321
0.347496
0.224025
0.389216
0.260400
0.357373
0.464304
0.356811
0.379059
0.271766
0.326983
0.163140
0.442932
0.508587
0.328734
0.330371
0.162554
0.244807
0.218209
0.392362
0.150466
0.109213
0.278617
0.317363
0.270901
0.809991
0.262368
0.500321
0.147029
0.410624
0.470327
0.129379
0.260487
0.302487
0.145557
0.308685
0.636987
0.151578
0.137210
0.336693
0.208556
0.326321
0.142968
0.284529
0.121887
0.236586
0.271968
0.354221
0.467943
0.427290
0.450717
0.427121
0.162795
0.174198
0.089537
0.495520
0.203272
0.177008
0.137724
0.184027
0.332947
0.274973
0.235936
1.314533
0.234977
0.279124
0.106754
0.402568
0.117213
0.141806
0.134745
0.257024
0.301189
0.257949
0.754056
0.432664
0.372894
0.410563
0.169046
0.411384
0.154106
0.264062
0.145953
0.200080
0.350294
0.354991
0.335543
0.134524
0.273591
0.450935
0.575581
0.321610
0.135373
0.158178
0.296450
0.367506
0.109483
0.286469
0.188436
0.470202
0.153602
0.262948
0.490194
0.307323
0.254597
0.216860
0.235062
0.313436
0.204117
0.304598
0.289717
0.137186
0.252695
0.265988
0.174211
0.224145
0.532276
1.289051
0.608100
0.572708
0.208784
0.160281
0.247326
0.156085
0.184911
0.262662
0.163331
0.150967
0.293831
0.732298
0.317465
0.324355
0.165871
0.253530
0.363467
0.209822
0.167838
0.433213
0.158756
0.242985
0.239678
0.407671
0.209803
0.214034
0.420912
0.523494
0.573915
0.900616
0.445174
0.206651
0.131822
0.171742
0.260344
0.258653
0.198371
0.255752
0.276535
0.446569
0.323554
0.125181
0.175894
0.399264
0.363160
0.469042
0.480544
0.344674
0.223627
0.294578
0.681578
0.829261
0.236254
0.317576
0.168752
0.194500
0.308747
0.154269
0.245246
0.301642
0.241004
0.233779
0.597777
0.821937
0.253356
0.133690
0.167746
0.100967
0.162077
0.224042
0.226229
0.097680
0.111615
0.180888
0.263193
0.325405
0.665420
0.240409
0.275906
0.635840
0.762845
0.311449
0.192853
0.274263
0.310146
0.158394
0.294754
0.337121
0.345492
0.865942
0.263781
0.474579
0.146012
0.275288
0.160177
0.203033
0.183294
0.160927
0.068089
0.468609
0.247230
0.087055
0.294630
0.150157
0.207067
0.386002
0.141682
0.187503
0.207297
0.318095
0.414703
0.203129
0.265619
0.376766
0.449694
0.188811
0.205922
0.248027
0.204406
0.456212
0.348546
0.454804
0.287025
0.214205
0.265114
0.143122
0.324062
0.324347
0.219975
0.487587
0.352987
0.164944
0.214149
0.263143
0.480486
0.136540
0.275284
0.223910
0.528690
0.510505
0.587551
0.369161
0.323555
0.539112
0.544753
0.305574
0.233560
0.406624
0.161310
0.235141
0.129552
0.281404
0.242321
0.373177
0.088798
0.230269
0.274108
0.091122
0.394974
0.366156
0.211158
0.304024
0.181321
0.283767
0.254190
0.144572
0.147070
0.438056
0.182028
0.088668
0.220122
0.425137
0.415444
0.369712
0.229283
0.160087
0.221387
0.369012
0.253605
0.381292
0.265612
0.149633
0.367945
0.287846
0.099705
0.360186
0.376808
0.177308
0.301265
0.444382
0.440448
0.969405
0.257255
0.174600
0.227376
0.193485
0.136169
0.389914
0.293304
0.320317
0.203439
0.466789
0.182496
0.525800
0.291985
0.109674
0.354115
0.142557
0.606797
1.209756
0.985927
0.907174
0.227255
0.221029
0.400547
0.245233
0.354260
0.127154
0.229771
0.193730
0.538202
0.104057
0.455741
0.184397
2.212332
0.521788
0.187624
0.437770
0.875883
0.759866
0.737696
0.409675
0.187660
0.269063
0.180778
0.227115
0.118163
0.181905
0.128660
0.188821
0.206838
0.185183
0.221031
0.098653
0.580284
0.432464
1.050200
0.717949
0.354434
0.206958
0.248442
0.314220
0.232033
0.243311
0.065783
0.156869
0.145719
0.376859
0.266304
0.299997
0.289051
0.332566
0.079128
0.465696
0.118221
0.206536
0.246357
0.485802
0.364143
0.083975
0.234775
0.154857
0.283422
0.560259
0.449855
0.568655
0.128849
0.288495
0.237845
0.562339
0.491835
1.385912
0.286366
0.309874
0.114730
0.505722
0.232728
0.462117
0.341124
0.309867
0.307793
0.130452
0.226117
0.307437
0.320640
0.270923
0.313569
0.330860
0.211669
0.143256
0.197462
0.310282
0.282196
0.118515
0.126452
0.174138
0.231451
0.169530
0.461854
0.366485
0.680858
0.305312
0.320133
0.150321
0.118433
0.408754
0.269613
0.216497
0.123216
0.242684
0.235245
0.112908
0.455152
0.471486
1.187025
0.960438
0.237862
0.187386
0.214623
0.167212
0.176728
0.149980
0.672418
0.205347
0.467410
0.285671
0.502814
0.182197
0.088001
0.154784
0.184007
0.286551
0.692648
0.072583
1.474024
0.170487
0.188360
0.192630
0.061290
0.364227
0.167476
0.391640
0.129533
0.422676
0.156083
0.763097
0.310262
0.449255
0.605740
0.452315
0.476254
0.269805
0.294153
0.275601
0.281222
0.474552
0.250548
0.348684
0.339280
0.116956
0.223313
0.085631
0.134592
0.253697
0.315627
0.204045
0.218230
0.467479
0.354486
0.137590
0.148238
0.374194
0.422994
0.115827
0.237259
0.156385
0.203294
0.287023
0.179457
0.465611
0.736126
0.344579
0.242960
0.318984
0.259556
0.107297
0.549784
0.190746
0.251036
0.134521
0.346342
0.345253
0.727970
0.839302
0.482623
0.431899
0.410140
0.073717
0.197515
0.296420
0.113543
0.221434
0.350439
0.196799
0.231399
0.679912
0.209183
0.286262
0.286138
0.078160
0.320609
0.285690
0.263873
0.308499
0.159690
0.156303
0.357423
0.205779
0.092056
0.118585
0.482437
0.646129
0.193424
0.457736
0.292406
0.402784
0.372139
0.217503
0.141869
0.435666
0.195226
0.154510
0.097465
0.662903
0.373316
0.342898
0.262088
0.259267
0.176791
0.376085
0.148673
0.235917
0.319610
0.682884
0.412778
0.770296
0.594710
1.011443
0.278367
0.156989
0.423719
0.261649
0.306203
0.397603
0.460580
0.656391
0.541016
0.145544
0.211420
0.297894
0.075595
0.284512
0.363422
0.295705
0.406982
0.176889
0.149837
0.159794
0.124800
0.171260
0.384422
0.649673
0.175501
0.724300
0.245148
0.380254
0.383821
0.211255
0.196460
0.312389
0.124065
0.238106
0.179831
0.779528
0.451620
0.893348
0.435557
0.206902
0.347783
0.459750
0.253504
0.244333
0.158054
0.264771
0.274992
0.499301
0.234118
0.402709
0.300167
0.216860
0.104406
0.149107
0.158922
0.229298
0.404186
0.161734
0.054932
0.418288
0.759913
0.428365
0.357166
0.135424
0.172666
0.390285
0.447800
0.312994
0.375575
0.210167
0.142899
0.275365
0.410844
0.390471
0.537680
0.227755
0.462584
0.152347
0.144579
0.295280
0.186152
0.214280
0.238235
0.475591
0.271898
0.160292
0.202024
0.300413
0.198754
0.170092
0.244925
0.256303
0.247385
0.147899
0.261217
0.499262
0.194224
0.424753
0.628730
0.155243
0.304853
0.162054
0.117999
0.461153
0.116325
0.275292
0.296743
0.104133
0.333536
0.186636
0.206489
0.351352
0.418719
0.124060
0.290874
0.324269
0.393986
0.534128
1.296986
0.724169
0.700182
0.180540
0.220153
0.218856
0.294747
0.102479
0.132721
0.190964
0.282150
0.302987
0.439387
0.494361
0.154830
0.202777
0.133265
0.230831
0.241996
0.278416
0.403979
0.349405
0.621717
1.007902
1.455954
0.278013
0.212244
0.184945
0.316462
0.326677
0.193694
0.152040
0.350381
0.110500
0.325607
0.119059
0.321929
0.236757
0.255819
0.273151
0.224471
0.147844
0.139981
0.177965
0.300818
0.255571
0.324922
0.263593
0.488860
0.497318
0.393428
0.568736
0.197859
0.268994
0.331606
0.280338
0.213544
0.126135
0.096215
0.181280
0.170122
0.218753
0.432844
0.152027
0.123795
0.820093
0.605603
0.430360
0.311929
0.093153
0.160219
0.175547
0.256386
0.196786
0.303944
0.528328
0.256486
0.192104
0.347300
0.399293
0.342675
0.271397
0.153513
0.231967
0.228665
0.462102
0.251708
0.366599
1.125026
0.915047
0.195821
0.308894
0.181364
0.450582
0.226796
0.201466
0.158384
0.332218
0.401154
0.336800
0.305438
0.291524
0.244223
0.129225
0.415035
0.541590
0.312598
0.390730
0.335189
0.229633
0.129849
0.318283
0.228497
0.231354
0.260561
0.181590
0.137778
0.143304
0.237366
0.187621
0.262775
0.371529
0.135946
0.355958
0.315225
0.212373
0.114887
0.186622
0.189265
0.584249
0.098202
0.075718
0.227710
0.114132
0.164708
0.121818
0.682643
0.613728
0.373423
0.164504
0.159780
0.223879
0.226035
0.140201
0.290367
0.305354
0.268718
0.354853
0.277175
0.174261
0.104770
0.209009
0.377904
0.434868
0.417397
0.292306
0.237896
0.345462
0.601502
0.594728
0.177947
0.221418
0.645736
0.274087
0.303311
0.096059
0.158736
0.149561
0.250214
0.340167
0.140670
0.476513
0.446885
0.076479
0.399732
0.263788
0.270399
0.281344
0.090711
0.470664
0.378035
0.290501
0.333327
0.171479
0.192294
0.316275
0.159134
0.180210
0.179306
0.360083
0.601490
0.332103
0.219937
1.248760
0.861119
0.346185
0.255975
0.139124
0.134097
0.249318
0.251537
0.090693
0.226843
0.185392
0.260431
0.103931
0.207703
0.392970
0.221730
0.309162
0.199057
0.147775
0.137212
0.113019
0.628562
0.168404
0.310192
0.403309
0.396867
0.683343
1.370632
0.676559
0.597387
0.457490
0.254195
0.229481
0.347134
0.144540
0.234263
0.211186
0.381639
0.296761
0.294215
0.179969
0.372835
0.294937
0.146818
0.047490
0.446835
0.643111
0.305969
0.274061
0.506876
0.177508
0.284990
0.302784
0.237751
0.330896
0.261152
0.237110
0.429661
0.235182
0.369311
0.345235
0.351778
0.340574
0.116500
0.299271
0.325901
0.355797
0.150437
0.275968
0.443909
0.280391
0.137664
0.120637
0.321020
0.122935
0.118754
0.308637
0.325671
0.880548
0.363159
0.304470
0.113758
0.364254
0.309301
0.335101
0.259735
0.324650
0.524469
1.876917
0.549980
0.437805
0.323426
0.223817
0.156345
0.292798
0.167346
0.158256
0.345540
0.208327
0.106680
0.264811
0.053114
0.194745
0.202549
0.441836
0.184029
0.160722
0.340164
0.087377
0.398051
0.323012
0.226871
0.492150
0.504246
0.181511
0.255198
0.104479
0.312202
0.256944
0.287501
0.267264
0.193374
0.253986
0.278209
0.644642
0.934685
0.593025
0.396015
0.308647
0.224972
0.204498
0.197947
0.119893
0.144945
0.197871
0.124441
0.158649
0.157372
0.280172
0.282943
0.439383
0.154880
0.259800
0.455551
0.429584
0.517000
0.382365
0.133587
0.179452
0.383345
0.185339
0.183876
0.146807
0.296718
0.085931
0.224071
0.266411
0.154520
0.203947
0.246142
0.123495
0.205993
0.317087
0.336267
0.181181
0.198613
0.330232
0.161787
0.227218
0.308009
1.085363
0.329895
0.337237
0.275278
0.142934
0.157979
0.311331
0.243656
0.104782
0.250010
0.411899
0.147137
0.223147
0.122711
0.583708
0.512339
0.252435
0.105527
0.490150
0.128507
0.187621
0.399973
0.074322
0.422590
0.533962
1.689688
0.803441
0.356332
0.247182
0.546038
0.176038
0.156782
0.424187
0.306311
0.450806
0.188293
0.314551
0.147719
0.506555
0.253293
1.203348
1.097000
0.617588
0.208601
0.242868
0.147263
0.360289
0.215239
0.238596
0.189670
0.156434
0.169009
0.177024
0.299914
0.194539
0.259874
0.173017
0.388757
0.096673
0.225259
0.208440
0.193547
0.142805
0.361654
0.557555
0.294089
0.287318
0.248661
0.279046
0.163363
0.147739
0.301584
0.245834
0.253981
0.096631
0.443143
0.167620
0.333146
0.130419
0.232963
0.311040
0.172720
0.301812
0.710560
0.449375
0.971138
0.106530
0.276034
0.147517
0.173223
0.314689
0.338187
0.169638
0.378378
0.231613
2.100556
0.837953
0.647055
1.056523
0.754744
0.467595
0.306008
0.812956
0.507870
0.350688
0.261765
0.741103
0.240214
0.201792
0.205703
0.280241
0.132881
0.274553
0.390328
0.189771
0.231426
0.439520
0.113245
0.262302
0.227165
0.303754
0.345222
0.251856
0.184430
0.232676
0.384710
0.119659
0.183223
0.193844
0.614805
0.165495
0.970818
0.335723
0.300435
0.148494
0.125459
0.233749
0.428945
0.323352
0.101550
0.167572
0.234235
0.261291
0.284578
0.349605
0.413405
0.870946
0.238063
0.238148
0.150536
0.289712
0.268564
0.593464
0.103871
0.200519
0.442023
0.121388
0.272353
0.285059
0.436783
0.127754
0.361869
0.141605
0.628655
0.107648
0.565152
0.097085
0.565995
0.543319
0.710637
0.234394
0.161025
0.217880
0.286796
0.497405
0.268918
0.300110
0.200282
0.142000
0.229922
0.114366
0.197866
0.220238
0.217878
0.217040
0.289231
0.334177
0.407816
0.631255
0.197261
0.527710
0.308116
0.242783
0.142411
0.116653
0.323061
0.394440
0.147474
0.120816
0.163776
0.190581
0.211046
0.142420
0.261631
0.363404
0.284253
0.197680
0.168203
0.213210
0.243612
0.483154
0.151600
0.336007
0.273868
0.130106
0.148146
0.271844
0.228488
0.437974
2.826919
0.519043
0.809164
1.007576
0.527968
0.275984
0.422500
0.650519
0.495722
0.568501
0.406843
0.282226
0.302358
0.259531
0.400092
0.164749
0.129083
0.126272
0.376022
0.284783
0.096567
0.096153
0.203577
0.178165
0.308348
0.439335
0.459010
0.184443
0.299832
0.363309
0.288528
0.134258
0.234768
0.194204
0.460034
0.115611
0.242263
0.251167
0.589108
0.274815
0.390766
0.583741
0.156280
0.324570
0.171428
0.180419
0.348817
0.286904
0.432119
0.498015
0.228653
0.578381
0.208298
0.227545
0.308891
0.208388
0.153343
0.153481
0.216140
0.237159
0.217092
0.309861
0.168852
0.259256
0.317957
0.185004
0.149964
0.366525
0.556617
0.536613
0.346036
0.212983
0.087743
0.192742
0.326572
0.368022
0.147360
0.366703
0.134806
0.172993
0.343745
0.186757
0.139579
0.331186
0.192875
0.921946
0.261089
0.389068
0.163536
0.240099
0.195922
0.102551
0.341568
0.193994
0.305993
0.351915
0.489721
0.369594
0.489215
0.333953
0.309464
0.157956
0.209879
0.289776
0.166091
0.252556
0.218938
0.272353
0.298392
0.526655
0.246096
0.547772
0.293239
0.407095
0.474891
0.539838
0.496306
0.410933
0.145450
0.287340
0.214130
0.363641
0.421274
0.318144
0.259011
0.171371
0.202930
0.127920
0.253736
0.375758
0.202217
0.165088
0.115535
0.254396
0.415631
0.590350
0.401031
0.355008
0.127795
0.313979
0.197856
0.394019
0.220355
0.354452
0.335573
0.139967
0.429626
0.133769
0.204181
0.109970
0.203556
0.169229
0.286971
0.335460
1.027245
0.727456
0.387442
0.271260
0.248806
0.124220
0.394621
0.249315
0.108395
0.277075
0.097629
0.208077
0.206477
0.162573
0.158497
0.135303
0.338090
2.511229
0.537918
0.313821
0.325620
0.196170
0.247363
0.156603
0.114363
0.148992
0.667613
0.387420
0.373477
0.185351
0.555235
0.386619
0.725565
0.436733
0.511498
0.310673
0.103291
0.225610
0.203638
0.062621
0.279267
0.519777
0.384782
0.532597
0.416408
0.445293
0.461190
0.311799
0.249023
0.155771
0.525986
0.341525
0.426504
0.148451
0.316548
0.401874
0.490142
0.489972
0.225682
0.087151
0.128133
0.075701
0.176977
0.220089
0.349610
0.153907
0.351558
0.373476
0.565121
0.234084
0.476041
0.282832
0.069842
0.355515
0.105273
0.373392
0.222296
0.554106
0.407922
0.567371
0.373004
0.199137
0.326890
0.066503
0.250038
0.187043
0.346325
0.540938
0.431813
0.267079
0.305840
0.195669
0.150245
0.340018
0.241920
0.343535
0.239408
0.967902
0.345524
0.149091
0.208451
0.279030
0.243356
0.287968
0.141013
0.173995
0.635245
0.264749
0.699385
3.721461
1.037697
0.375975
0.333291
0.190465
0.182142
0.105674
0.135378
0.186562
0.107192
0.242852
0.334998
0.173755
0.171269
0.131815
0.188793
0.296709
0.174508
0.299176
0.166317
0.320926
0.085892
0.382339
0.307811
0.087394
0.207635
0.313561
0.125550
0.292175
0.269383
0.144969
0.161918
0.141801
0.324961
0.579728
0.264649
0.243910
0.269228
0.243409
0.184770
0.153097
0.370669
0.321679
0.107988
0.211267
0.071484
0.144522
0.176157
0.279108
0.163024
0.833488
0.354145
0.344839
0.254155
0.265752
0.200472
0.110622
0.366207
0.340820
0.422179
0.787520
0.235207
0.271184
0.404886
0.100072
0.309575
0.164792
0.170146
0.311894
0.164741
0.192595
0.274287
0.374731
0.471085
0.229120
0.311249
0.365086
0.276572
0.410761
1.259280
0.669412
0.287668
0.120004
0.175275
0.332313
0.295083
0.188276
0.085495
0.092788
0.392466
0.181943
0.255694
0.398914
0.409758
0.573160
1.523796
0.903091
1.006957
0.353393
0.248451
0.304419
0.417251
0.151987
0.211036
0.110017
0.580199
0.156831
0.215505
0.236231
0.246049
0.296676
0.371844
0.101168
0.178405
0.332569
0.187989
0.236892
0.586530
0.866838
0.663610
0.575583
0.292244
0.272435
0.070234
0.377728
0.163412
0.193075
0.221592
0.215501
0.273389
0.316287
0.252550
0.481097
0.108948
0.342404
0.137221
0.163445
0.198279
0.193585
0.253207
0.584626
0.317746
0.220388
0.119270
0.120183
0.348464
0.216122
0.204256
0.219022
0.421049
0.208061
0.295172
0.191223
0.231748
0.224449
0.329817
0.372121
0.198081
0.273480
0.452149
0.380880
0.169797
0.361056
0.139353
0.196136
0.275331
0.206422
0.161770
0.190671
0.349551
0.223490
0.762952
0.316381
0.425752
0.692823
0.386301
0.193931
0.214429
0.267880
0.460937
0.454373
0.265577
0.263998
0.131004
0.083213
0.127124
0.070943
0.184949
0.080067
0.284164
0.465553
0.839725
0.282156
0.118886
0.144654
0.218523
0.160915
0.317508
0.260959
0.323465
0.128432
0.128572
0.297537
0.105219
0.455760
0.307820
0.376356
0.264239
0.184610
0.350716
1.261440
0.687499
0.322885
0.255285
0.205884
0.312496
0.286529
0.205972
0.161243
0.118081
0.245207
0.326790
0.133646
0.364951
0.209029
0.179452
0.267438
0.318806
0.720429
0.475900
1.227110
0.264427
0.180556
0.198326
0.172193
0.064968
0.201404
0.131815
0.259039
0.400417
0.443862
0.572879
0.715833
0.381870
0.152924
0.279939
0.136576
0.134682
0.247306
0.177794
0.204249
0.105474
0.245947
0.319609
2.812623
0.803447
0.343813
0.126795
0.332433
0.312532
0.371329
0.147074
0.327196
0.251252
0.124293
0.269334
0.118084
0.197355
0.335130
0.337299
0.108715
0.326781
0.263426
0.107277
0.463651
0.366231
0.403413
0.659392
0.485179
0.331921
0.357304
0.224856
0.316731
0.270960
0.093623
0.152875
0.239385
0.093729
0.114756
0.322683
0.094411
1.157904
0.218214
0.225963
0.345824
0.224451
0.098863
0.083523
0.167335
0.184305
0.230695
0.347719
0.258098
0.075362
0.365837
0.159545
0.300584
0.279417
0.455968
0.965511
0.475930
0.145971
0.209199
0.135214
0.260191
0.143766
0.346751
0.214838
0.175090
0.369996
0.562859
0.308613
0.081785
0.336650
0.389429
0.659751
0.661123
0.539644
0.272594
0.216151
0.471548
0.102506
0.335819
0.371833
0.270026
0.419811
0.398548
0.377445
0.226535
0.461635
0.155353
0.274767
0.205646
0.597679
0.410939
0.181904
0.383148
0.141027
0.194902
0.211175
0.261951
0.223114
0.287762
0.165220
0.653131
0.265161
0.199397
0.256569
0.159979
0.070207
0.149924
0.165365
0.197871
0.281810
0.920318
0.499400
0.548979
0.494226
0.286023
0.432270
0.167029
0.201178
0.149788
0.224263
0.147102
0.383477
0.291795
0.283944
0.337069
0.183477
0.101513
0.233057
0.207122
0.303793
0.396020
0.797260
0.369007
0.171644
0.379545
0.237052
0.315007
0.444974
0.277070
0.139700
0.065179
0.198873
0.264264
0.296278
0.285135
0.523110
0.784483
0.639475
0.367448
0.219461
0.285556
0.131484
0.113662
0.168544
0.321654
0.434766
0.163184
0.467677
0.232002
0.257786
0.365294
0.055827
0.276612
0.211339
0.368160
0.263851
0.774428
0.471973
0.177852
0.147098
0.289342
0.171267
0.175908
0.621843
0.326749
0.225165
0.238545
0.324681
0.239264
0.288046
0.313088
0.328675
0.124434
0.484763
0.299250
0.375000
0.223507
0.416724
0.211621
0.636168
0.468211
0.440666
0.143421
0.066861
0.245234
0.121160
0.342168
0.300608
0.147460
0.205120
0.317603
0.131828
0.116771
0.521434
0.294807
0.127851
0.172843
0.305896
0.989903
0.129319
0.380291
0.224177
0.184744
0.284912
0.692424
0.108998
0.298234
0.292369
0.302188
0.288051
0.666808
0.428809
0.223363
0.304503
0.473424
0.273951
0.254746
0.232265
0.099060
0.197806
0.310269
0.144544
0.227838
0.353261
0.482079
0.494384
0.729974
0.299282
0.376313
0.264116
0.290996
0.249548
0.282660
0.432169
0.276034
0.151371
0.184638
0.386173
0.422191
0.176970
0.085579
0.253950
0.270841
0.633892
0.403511
0.160625
0.745242
0.656229
0.187597
0.353904
0.276030
0.184132
0.190498
0.283519
0.410109
0.131958
0.219412
0.173424
0.385884
0.488451
0.422903
0.321809
0.268321
0.373819
0.323165
0.270307
0.122400
0.158663
0.178436
0.202803
0.147880
0.249182
0.124320
0.255647
0.502132
0.392310
1.519109
0.456345
0.249086
0.309614
0.520140
0.193321
0.142780
0.205382
0.285368
0.250582
0.215523
0.152640
0.467752
0.171529
0.121033
0.270627
0.181897
0.255791
0.272803
0.140714
0.261913
0.443046
0.335083
0.228843
0.242384
0.719521
0.135728
0.194181
0.181794
0.157330
0.149563
0.229001
0.068050
0.179995
0.432881
0.182591
0.279060
0.364212
0.468984
0.156882
0.305339
0.167298
0.190376
0.565988
0.780675
0.487045
0.168356
0.094836
0.237379
0.188561
0.198160
1.602260
0.798397
0.446631
0.622685
0.130614
0.238870
0.196546
0.325912
0.203744
0.213770
0.200926
0.064786
0.656678
0.192394
0.097492
0.199826
0.277577
0.162459
0.099719
0.376557
0.211190
0.185420
0.231999
0.444676
0.595706
1.304393
1.222260
0.625369
0.435037
0.348891
0.172993
0.248709
0.190480
0.294756
0.319657
0.191348
0.141390
0.431596
0.332660
0.196354
0.155422
0.163009
0.133791
0.328775
0.140761
0.199850
0.286581
0.329515
0.250969
0.343035
0.335829
0.215206
0.296228
0.213666
0.154879
0.075983
0.167979
0.207633
0.092808
0.268345
0.325853
0.242216
0.188599
0.606135
0.289771
0.517407
1.896425
0.751197
0.382236
0.405474
0.163173
0.160339
0.330604
0.225067
0.228208
0.139459
0.166728
0.098259
0.080914
0.287301
0.120603
0.206887
0.129486
0.358135
0.386916
0.215072
0.317509
0.380096
0.448309
0.412797
0.258644
0.245578
0.121231
0.092283
0.099610
0.241401
0.562413
0.280722
0.364762
0.250941
0.222743
0.347827
0.319621
0.670250
0.273444
0.090156
0.195595
0.423202
0.642867
0.838875
0.382642
0.128024
0.185676
0.177064
0.443904
0.138337
0.171593
0.286756
0.248329
0.387787
0.170018
0.663676
0.294740
0.169162
0.424079
0.518572
0.660435
2.124850
0.593246
0.341448
0.192239
0.387185
0.185825
0.288813
0.226192
0.202731
0.378182
0.502883
0.078099
0.397451
0.259834
0.331848
0.244819
0.221719
0.228899
0.109403
0.854302
0.469681
0.235230
0.343158
0.196832
0.257988
0.179000
0.092496
0.332581
0.332481
0.300020
0.413846
0.477294
0.367380
0.097816
0.126946
0.312958
0.123410
0.229951
0.428270
0.174303
0.538071
0.555617
0.252198
0.270339
0.191860
0.179224
0.300933
0.278483
0.272538
0.288150
0.451487
0.181367
0.259799
0.344864
0.131001
0.477556
0.201494
0.284550
0.453250
0.244333
0.297217
0.489081
0.298155
0.226213
0.206175
0.273388
0.241767
0.223741
0.060392
0.478823
0.221654
0.158911
0.317156
0.404086
0.199642
0.374936
0.203588
0.226222
0.358495
0.602359
0.095828
0.378022
0.187470
0.114030
0.282408
0.108557
0.380527
0.273153
0.264929
0.319063
0.157780
0.389416
0.308110
0.277488
0.356009
0.619554
0.700045
0.381427
1.086631
0.441575
0.368178
0.258814
0.149963
0.233294
0.295480
0.239381
0.436931
0.193730
0.331510
0.271949
0.223255
0.112502
0.220994
0.191554
0.136838
0.209885
0.217528
0.074841
0.290526
0.721746
0.090443
0.208444
0.274789
0.317363
0.183527
0.150796
0.138260
0.196879
0.505960
0.396978
0.376363
0.496310
0.154518
0.495613
0.322010
0.238033
0.263300
0.141846
1.094361
0.310197
0.186730
0.109164
0.177524
0.098288
0.220240
0.248518
0.103444
0.239889
0.314315
0.214349
0.905510
0.501362
0.427221
0.220946
0.144731
0.206092
0.172337
0.138734
0.193270
0.163601
0.417108
0.631464
0.455585
0.533107
0.349831
0.167390
0.266311
0.238939
0.358169
0.479113
0.227835
0.121324
0.118696
0.342362
0.325484
0.335187
0.140998
0.209265
0.154913
0.202113
0.219780
0.150602
0.112792
0.382072
1.403527
0.183882
0.184047
0.315952
0.219247
0.264575
0.165588
0.318564
0.194583
0.230302
0.243451
0.247730
0.151082
0.177215
0.619313
0.183966
1.090924
0.424858
0.408115
0.598820
0.256748
0.076526
0.137708
0.246294
0.129643
0.298766
0.208621
0.355497
0.601341
0.392954
0.879931
0.286518
0.313616
0.195669
0.194350
0.341389
0.391985
0.175809
0.395184
0.301754
0.745926
0.108505
0.244847
0.225300
0.163905
0.363139
0.611361
0.232652
0.407237
0.157989
0.112409
0.334271
0.552238
0.223611
0.129046
0.053319
0.101892
0.210701
0.332986
0.183976
0.346468
0.304148
0.305260
0.255457
0.294914
0.307931
0.101940
0.379221
0.106202
0.159819
0.166398
0.543726
0.794794
0.105258
0.258571
0.417013
0.739048
0.617679
0.221843
0.097582
0.106586
0.533925
0.524318
0.232529
0.333250
0.266219
0.133350
1.776196
0.162259
0.188910
0.279930
0.288768
0.360542
0.109762
0.154913
0.750747
0.202800
0.497329
0.183898
0.414260
0.264613
0.175863
0.189513
0.133462
0.100758
0.167405
0.197106
0.134368
0.253288
0.388165
0.156471
0.295471
0.288992
0.103658
0.350447
0.099928
0.597321
0.154019
0.659836
2.827263
0.801577
0.904930
0.480582
0.254486
0.476563
0.441392
0.386819
0.189447
0.143489
0.248787
0.138516
0.242607
0.320679
0.561685
0.119200
0.336014
0.171677
0.302367
0.287671
0.288909
0.207521
0.256607
0.720445
0.805048
0.361058
0.148708
0.182724
0.249287
0.087050
0.189641
0.305975
0.132020
0.558913
0.635591
0.425607
0.104539
0.172639
0.277602
0.185246
0.238929
0.313597
0.298065
0.529763
0.406124
0.541869
0.220066
0.142938
0.243062
0.513400
0.120319
0.111628
0.580100
0.120037
0.196960
0.136605
0.191871
0.144738
0.293296
0.891428
0.657994
0.308965
0.451766
0.251107
0.294304
0.266227
0.337181
0.478983
0.445867
0.322712
0.293138
0.395466
0.407694
0.070102
0.421858
0.232853
0.459609
1.517941
0.405479
0.258251
0.055533
0.170350
0.246975
0.243292
0.163546
0.179714
0.249875
0.294744
0.349929
0.145992
0.236964
0.245913
0.229496
0.390300
1.133657
0.929304
0.306808
0.209811
0.144371
0.072361
0.197959
0.389746
0.223043
0.463623
0.128079
0.245891
0.115842
0.354876
0.102911
0.274819
0.339705
0.211506
0.290366
0.395474
0.240395
0.305292
0.091316
0.315443
0.124957
0.160400
0.470173
0.099228
0.128157
0.067588
0.191580
0.353770
0.185608
0.879354
0.165281
0.049579
0.352640
0.203157
0.085235
0.213436
0.397896
0.210213
0.490383
0.293386
0.108940
0.132155
0.269307
0.328703
0.351240
0.315837
0.395849
0.354255
0.190564
0.157501
0.369572
0.708429
0.863061
0.212957
0.116021
0.185741
0.240799
0.166153
0.257052
0.276514
0.118124
0.143429
0.363857
0.163755
0.268024
0.163418
0.215536
0.140367
0.109507
0.336330
0.142874
0.185960
0.097798
0.410336
0.156397
0.256139
0.920490
0.592210
0.386233
0.155733
0.176176
0.179491
0.269102
0.326484
0.155057
0.194543
0.147135
0.121211
0.163736
0.184207
0.346640
0.274950
0.295644
0.156319
0.425235
0.395923
0.486282
0.293286
0.314398
0.282025
0.094202
0.206763
0.433329
0.387320
0.185156
0.225129
0.182609
0.170938
0.258317
0.231439
0.433732
0.465832
0.516777
0.184031
0.420304
0.268954
0.162079
0.135956
0.123795
0.263383
0.286723
0.349925
0.186498
0.578260
0.526913
0.472991
0.718585
0.329565
0.224031
0.394633
0.381489
0.614095
0.182029
0.211056
0.168410
0.121747
0.075380
0.276445
0.418110
0.461710
0.505114
0.229409
0.299045
0.301536
0.315018
0.159289
1.691086
0.634707
1.506143
0.660093
0.211749
0.335498
0.419010
0.187158
0.150506
0.119654
0.141743
0.171301
0.056811
0.192327
0.236383
0.241178
0.246298
0.265059
0.337360
1.902424
0.816439
0.928230
0.818927
0.519578
0.595912
0.641720
0.245793
0.348050
0.565730
0.184897
0.216988
0.092919
0.204113
0.231620
0.316953
0.269794
0.173703
0.189318
0.111707
0.092087
0.363053
0.112679
0.324095
0.196539
0.364240
0.491774
0.425418
0.822881
0.352705
0.265151
0.419169
0.265440
0.200056
0.196725
0.294937
0.137616
0.079381
0.227385
0.134975
0.175709
0.302569
0.317770
0.230174
0.218499
0.359710
0.330866
0.167905
0.262379
0.092578
0.140232
0.395727
1.682561
0.683151
0.226333
0.229531
0.169640
0.268488
0.166191
0.415504
0.036263
0.270568
0.239782
0.110122
0.486726
0.216669
0.426982
0.211655
0.554160
0.268248
0.347359
0.174712
0.154780
0.132975
0.303594
0.202305
0.250037
0.313142
0.211134
0.252497
0.238887
0.356716
0.376908
0.172398
0.133937
0.283313
0.314413
0.114327
0.200830
0.231297
0.229822
0.389641
0.340115
0.502181
0.179355
0.279471
0.182916
0.136942
0.111316
0.328198
0.544525
0.187777
0.511080
0.291357
0.385238
0.795395
0.518965
0.485272
0.212736
0.311550
0.125563
0.167067
0.299645
0.304186
0.408123
0.116375
0.151507
1.269021
0.349690
0.313564
0.246506
0.397927
0.378103
0.336289
0.338725
0.237319
0.238067
0.202413
0.187362
0.393747
0.300381
0.340671
0.509460
0.458241
0.187111
0.200205
0.180427
0.226584
0.162736
0.332370
0.260166
0.171819
0.216483
0.466809
0.333427
0.217576
0.271674
0.424991
0.258664
0.165924
0.281675
0.156162
0.487673
0.461428
0.600109
0.139735
0.155963
0.155515
0.088852
0.069623
0.591927
0.314840
0.140209
0.311069
0.372351
0.214220
0.201856
0.360954
0.191773
0.540079
0.399593
0.436824
0.150860
0.459411
0.182326
0.363436
0.406812
0.441151
0.319940
0.182228
0.135251
0.251984
0.174841
0.296232
0.249389
0.183984
0.317602
0.500665
0.161070
0.954079
0.332303
0.475052
0.519723
0.241174
0.220218
0.286213
0.221084
0.209909
0.140897
0.180839
0.152304
0.703185
0.410501
0.224528
0.447651
0.572253
0.171815
0.312066
0.186193
0.210404
0.074651
0.233890
0.416608
0.176601
0.250901
0.133099
0.326237
0.257312
0.240942
0.181319
1.037563
0.816420
0.255746
0.209073
0.165207
0.377288
0.145826
0.259361
0.134131
0.236516
0.338131
1.012740
0.247033
0.098461
0.225883
0.203617
0.231344
0.278854
0.332343
1.552007
0.785516
0.785154
0.677194
0.376432
0.430957
0.293450
0.272924
0.125315
0.197844
0.198889
0.179247
0.173865
0.146777
0.147425
0.194506
0.352313
0.269188
0.275684
0.431051
0.088599
0.429380
0.513559
0.150663
0.263296
0.384208
0.119043
0.169927
0.219498
0.352856
0.264271
0.321420
0.179078
0.144759
0.215618
0.149713
0.389699
0.910719
0.228633
0.365153
0.497473
0.256062
0.411756
0.086561
0.223600
0.263882
0.170314
0.398886
0.367264
0.137909
0.637418
0.158504
0.358904
0.338360
0.159540
0.322288
0.087726
0.153024
0.255775
0.256146
0.213335
0.149477
0.259854
0.178290
0.117885
0.835688
1.026470
0.353012
0.234976
0.216471
0.151458
0.268675
0.257062
0.186484
0.498601
0.735223
0.255909
0.386821
0.176384
0.553927
0.294570
0.338989
0.159206
0.203155
0.196352
0.387975
0.261520
0.674825
0.657411
0.223184
0.224453
0.528448
0.357397
0.242169
0.221909
0.089634
0.245971
0.099445
0.420778
0.113345
0.509146
0.556944
0.354363
0.459758
0.429938
0.555355
0.196947
0.272750
0.280362
0.229676
0.276898
0.235352
0.235165
0.194015
0.184439
0.297851
0.180300
0.137378
0.137438
0.288027
0.180537
0.214092
0.401376
0.254296
0.388068
0.462619
0.130415
0.298130
0.297985
0.183992
0.058894
0.303988
0.181100
0.226108
0.414388
2.019552
0.932074
0.605761
0.505952
0.211080
0.154357
0.393685
0.136211
0.277361
0.248316
0.208265
0.212924
0.292227
0.107677
0.283979
0.133967
0.164029
0.100314
0.178626
0.328724
0.130960
0.129320
0.194428
0.168413
0.341600
0.345177
0.155042
0.282774
0.570075
2.287006
0.763487
0.221642
0.221986
0.221177
0.236456
0.243327
0.244816
0.112854
0.494789
0.356139
0.173253
0.352349
0.332871
0.107829
0.214314
0.364063
0.114229
0.163884
0.127094
0.102169
0.295751
0.270760
0.169144
0.105303
0.367411
0.078080
0.263049
0.380403
0.420597
0.764352
0.272972
0.476864
0.305944
0.160429
0.247899
0.115257
0.256440
0.255936
0.158173
0.435639
0.456083
0.339822
0.133400
0.126105
0.274042
0.250809
0.224957
0.066280
0.350059
0.411993
0.545016
0.494705
0.278902
0.127858
0.268975
0.178614
0.500141
0.104471
1.008902
0.411933
0.359580
0.405943
0.528812
0.197215
0.339923
0.153164
0.180782
0.255243
0.448992
0.234286
0.103657
0.360877
0.237944
0.095246
0.425288
0.258544
0.442483
0.565756
0.563321
0.458331
0.228766
0.200376
