2.305197
2.282727
2.087187
2.295978
2.278231
2.226674
2.135854
2.117036
2.127898
1.950420
2.326017
1.642006
1.907280
1.565126
2.290413
1.686064
1.488827
1.337468
1.390754
1.435458
1.294099
2.267172
1.519698
1.208862
0.936315
1.280975
0.833965
2.719163
0.859956
0.831935
0.761817
0.437700
0.831040
0.704018
1.227954
0.815961
0.953928
0.719247
0.532705
0.479427
0.469140
0.512455
0.433328
1.257803
1.198920
0.781744
0.621450
0.685391
0.647122
0.559064
0.693168
0.531709
0.558350
0.686206
0.632301
0.381497
0.468559
0.285189
0.314787
1.054382
0.452015
0.863973
0.889357
0.528485
0.650578
0.778682
0.751455
1.616457
0.725922
0.651099
0.683107
0.665280
0.265199
0.427208
0.339406
0.601539
0.284855
0.655728
0.903758
0.535523
0.578186
0.435114
0.381550
0.187384
0.301926
0.332327
0.243866
0.481754
0.378324
0.531435
0.890918
0.330861
0.657525
0.576292
0.425995
0.550920
0.374474
0.425688
0.309196
0.371873
0.535952
0.292437
0.254299
0.289963
0.658715
0.641748
0.281829
0.259476
0.254291
0.182489
0.243880
0.298783
0.337092
1.157860
1.196870
0.609144
0.741089
0.452935
0.438763
0.280701
0.505211
0.194734
0.433313
0.394358
0.701962
0.806370
0.417166
0.373955
0.226633
0.434014
0.474695
0.649284
0.881467
1.199553
0.290702
0.206477
0.379733
0.372303
0.522496
0.431087
0.588346
0.297139
0.361295
0.560628
0.944270
0.397496
0.638993
0.307816
0.488240
0.449314
0.612268
0.462794
0.334177
0.371161
0.371178
0.203515
0.344678
0.683243
1.123540
0.288912
0.517567
0.350464
0.361559
0.374900
0.292640
0.328621
0.412016
0.405600
0.824775
0.427181
0.308693
0.312578
0.326993
0.265388
0.160775
0.235910
0.350103
0.388401
0.295450
0.593365
0.914631
0.814590
0.427784
0.317562
0.312728
0.350980
0.310216
0.389826
0.135142
0.574725
1.317981
1.697348
0.304561
0.288976
0.338833
0.160827
0.162083
0.391031
0.423212
0.486745
0.423778
0.453659
0.673283
0.500215
0.366315
0.250794
0.285199
0.243260
0.219142
0.274356
0.398284
0.480892
0.729530
0.580268
0.263890
0.247538
0.384335
0.380522
0.388531
0.160588
0.764958
0.383864
0.276359
0.277777
0.086704
0.244603
0.200115
0.417279
0.309281
0.727397
0.647704
0.300361
0.464099
0.335482
0.270480
0.163411
0.414166
0.440913
0.606441
0.339766
0.416653
0.169427
0.350041
0.239883
0.357231
0.204339
0.629126
0.451549
0.368255
0.419964
0.219692
0.323661
0.222657
0.170663
0.731154
0.372133
0.136180
0.370885
0.757227
3.017452
1.503810
1.135657
0.453615
0.156792
0.268849
0.168259
0.336097
0.233261
0.581296
0.214879
0.362424
0.275280
0.371916
0.265493
0.908150
0.385520
0.379095
0.159329
0.172417
0.198627
0.253728
0.273396
0.302329
0.423846
0.219830
0.350622
1.574354
1.162661
0.899760
0.651379
0.506723
0.343132
0.313282
0.122963
0.313307
0.266275
0.261213
0.201933
0.274957
0.419745
0.349558
0.256675
0.174065
0.954153
0.276058
0.339560
0.268700
0.305649
0.544827
0.655663
0.566906
0.193608
0.159613
0.300076
0.367665
0.359569
0.318689
0.436156
0.742278
0.399287
0.699320
0.305870
0.364141
0.282911
0.383190
0.621993
0.216225
0.421312
0.124039
0.336137
0.425596
0.292430
0.414953
0.796661
0.374137
0.153252
0.376389
0.556358
0.782729
0.236375
0.192598
0.148107
0.388476
0.234324
0.365546
0.377312
0.569275
0.382697
0.359714
0.333767
0.378320
0.230191
0.369717
0.273207
0.190430
0.888380
0.502180
0.322818
0.337778
0.228897
0.470139
0.584321
0.252730
0.223809
0.179198
0.526898
0.214070
0.253846
0.151090
0.299520
0.242480
0.489424
0.752049
1.815862
1.329113
1.181098
1.715550
1.161618
1.558120
0.818768
1.092310
1.116525
0.496274
0.441442
1.121857
0.562132
0.264830
0.474251
0.775523
0.709941
0.538777
0.647750
0.544416
0.310963
0.285046
0.364253
0.258144
0.261176
0.123279
0.446928
0.385934
0.355348
0.627455
1.220687
1.039017
0.219939
0.551123
0.242807
0.214282
0.251702
0.371610
0.165453
0.114276
0.133238
0.375089
0.290631
0.261725
0.312001
0.484487
0.496355
0.869831
0.335713
0.199188
0.309128
0.190555
0.240265
0.225760
0.458318
0.335847
1.048286
0.751780
0.191762
0.326376
0.636066
0.412823
0.563138
0.337270
0.295679
0.162013
0.343420
0.227383
0.229985
0.653000
0.559581
0.534061
0.494703
0.388597
0.248006
0.212985
0.232691
0.259397
0.787956
0.665770
1.105937
0.438620
0.422653
0.190084
0.216474
0.275759
0.298093
0.396967
0.198096
0.771852
0.875345
0.461475
0.546692
0.211288
0.233163
0.288244
0.389503
0.137378
0.286244
0.498769
0.130435
0.250474
0.606895
0.249302
0.702881
0.696294
1.125149
0.493576
0.336600
0.395653
0.294787
0.271623
0.190074
0.146124
0.164187
0.678978
0.332182
0.520925
0.279674
0.166913
0.464878
0.402263
0.183873
0.206024
0.126186
0.345458
0.382203
0.174759
0.205516
0.382602
0.766320
0.974498
0.752751
0.324769
0.226431
0.267759
0.360929
0.261031
0.306633
0.164802
0.401930
0.438394
0.875527
0.758272
0.396546
0.351269
0.605533
0.413875
0.129512
0.180185
0.424567
0.192653
0.196067
0.231841
0.200909
0.483185
0.269593
0.444986
0.402306
0.437423
1.131352
0.623135
0.384553
0.500178
0.291090
0.369203
0.312393
0.475386
0.261592
0.561876
0.673918
1.101595
0.430031
0.366610
0.138461
0.196647
0.171817
0.342534
0.382170
0.382472
0.310847
0.442960
0.376062
0.561211
0.489618
0.403785
0.517776
0.377947
0.159702
0.292547
0.195474
0.474676
0.208371
0.380489
0.415211
0.530713
0.331882
0.299794
0.297151
0.127586
0.103880
0.173401
0.275701
0.298878
0.807917
0.293716
0.808482
0.181971
0.233199
0.204689
0.271690
0.186437
0.351759
0.961684
0.499989
0.370025
0.328388
0.252052
0.239053
0.356598
0.237916
0.760043
0.742893
0.423504
0.354118
0.352218
0.292227
0.223016
1.031448
0.446720
0.338544
0.258411
0.276272
0.329821
0.197490
0.187840
0.137587
0.299724
0.993071
1.765798
1.116961
0.945413
1.421553
0.627970
1.383349
0.686896
0.800965
0.440404
0.312004
0.379032
0.397424
0.297302
0.158868
0.327136
0.382377
0.342283
0.500041
0.267139
0.185963
0.134999
0.204427
0.268333
0.415814
0.114208
0.150095
0.266590
0.159583
0.212559
0.215994
0.320532
0.393487
0.208632
0.514346
0.345661
0.199808
0.312401
0.576622
0.403030
0.659846
0.270843
0.176110
0.159635
0.097040
0.242646
0.477158
0.983423
0.655458
0.211597
0.258196
0.142077
0.279226
0.280078
0.278014
0.178102
0.247418
1.027441
0.772375
0.136328
0.124984
0.270964
0.317229
0.393748
0.217608
0.287585
0.172370
0.344449
0.332232
0.312333
0.295887
0.297797
0.822901
0.862813
0.332223
0.480118
0.558982
0.277975
0.169570
0.227715
0.289747
0.314547
0.314212
0.137206
0.356294
0.167839
0.256594
0.291968
0.350377
0.185539
0.268469
0.435547
0.517126
0.749650
0.403941
0.362923
0.196403
0.296650
0.521572
0.115071
0.610401
0.865403
1.363014
0.162251
0.287851
0.278427
0.197164
0.311045
0.249417
0.694358
0.331842
0.657105
2.648858
0.333503
0.256155
0.253293
0.187825
0.355539
0.253572
0.252758
0.223939
0.348805
0.381416
0.306155
0.341534
0.627473
0.297194
0.325985
0.239506
0.327336
0.200787
0.254415
0.257622
0.313558
1.269477
0.410666
0.726992
0.363774
0.219568
0.437474
0.502981
0.350548
0.418023
0.303475
0.107785
0.237769
0.304599
0.355571
0.383504
0.418527
0.876720
1.176287
0.660774
0.585734
0.535972
0.542731
0.246450
0.377563
0.254049
0.252269
0.258030
0.240674
0.230381
0.387427
0.631678
0.202483
0.801425
0.278489
0.478356
0.280802
0.230104
0.179195
0.211524
0.154998
0.289400
0.334452
0.786364
1.100922
0.502743
0.607828
0.257247
0.293124
0.186153
0.222972
0.396671
0.140078
0.403294
0.220875
0.142417
0.331193
0.531286
0.321831
0.172245
0.371941
0.146629
0.389291
0.158441
0.404397
0.622753
0.693869
0.587168
0.233692
0.541726
1.164797
0.479407
0.320754
0.410717
0.265546
0.616242
0.287054
0.260744
0.178957
0.199175
0.660717
0.473259
0.293835
0.292985
0.264085
0.221697
0.191600
0.280762
0.264340
0.313265
0.403405
0.317263
0.156277
0.262780
0.208933
0.254984
0.286746
0.368928
0.405481
1.541090
0.412851
0.287435
0.297468
0.335651
0.301926
0.272963
0.541039
0.432640
0.686552
1.617168
0.925628
0.917235
0.448108
0.228701
0.286931
0.254322
0.192144
0.211387
0.241404
0.317765
0.103992
0.093664
0.228328
0.296121
0.232113
0.312684
0.120722
0.652612
0.280832
0.233345
0.271808
0.243277
0.276252
0.749327
0.282820
0.511981
0.616900
1.350170
0.453116
0.572174
0.372727
0.221109
0.220145
0.382424
0.145536
0.229966
0.128149
0.168452
0.186079
0.491662
0.494538
0.160563
0.224034
0.201518
0.259242
0.478695
0.742570
0.191759
0.431398
0.331188
0.170835
0.346999
0.168701
0.136951
0.440432
0.602148
0.312777
1.147641
0.252598
0.225739
0.207580
0.176015
0.086010
0.275219
0.330129
0.494186
0.636142
0.978240
0.144225
0.233574
0.244506
0.204039
0.426058
0.370162
0.130692
0.358695
0.442613
0.221053
0.256747
0.290773
0.435140
0.995429
0.400224
0.386325
0.274593
0.302587
0.273088
0.129268
0.394512
0.114323
0.748253
0.323667
0.241411
0.164067
0.251450
0.209044
0.260980
0.295601
0.112263
0.352091
0.249338
0.364410
0.216186
0.173302
0.366177
1.740513
1.612041
1.289084
1.164687
0.657167
0.978268
0.863434
0.342884
0.368680
0.122454
0.208530
0.202176
0.199802
0.365006
0.283887
0.149168
0.407323
0.142610
0.274047
0.159267
0.138204
0.205293
0.470947
0.969396
0.461699
0.458778
0.296882
0.493962
0.197394
0.142763
0.334383
0.217318
0.307543
0.189485
0.167323
0.185166
0.264000
0.213000
0.413849
0.694363
0.999441
0.339602
0.218597
0.348518
0.171615
0.238668
0.238991
0.243826
0.274545
0.360308
0.342486
0.274726
0.287178
0.240997
0.250599
0.182492
0.227352
0.426534
0.654137
0.401080
0.403978
0.248399
0.513412
0.309201
0.177475
0.299723
0.159285
0.163698
0.374744
0.335831
0.130344
0.248847
0.397158
0.577837
0.283720
0.731627
0.540814
0.806196
0.471936
0.364630
0.260434
0.117901
0.224439
0.131368
0.317160
0.329010
0.477180
0.269892
0.196192
0.416000
0.231704
0.224652
0.206595
0.340269
0.549470
1.099364
0.796958
1.758509
1.828921
1.919608
1.904467
0.751439
0.788429
0.657969
0.218408
0.251753
0.176482
0.243894
0.222546
0.278429
0.252385
0.139995
0.398519
0.217015
0.241071
0.292281
1.195558
0.892167
0.461247
0.329845
0.302440
0.316722
0.155743
0.132134
0.412765
0.080195
0.201778
0.269138
0.380868
0.226605
0.294543
0.334135
0.278192
0.233579
0.154353
0.904870
0.477617
0.368576
0.187112
0.645141
0.219232
0.215169
0.302534
0.329218
0.333094
0.191034
0.186368
0.412672
0.281444
0.173265
0.415193
1.016549
0.456615
0.282282
0.292203
0.318580
0.235137
0.180992
0.391227
0.111665
0.438735
0.336525
0.250982
0.315308
0.380997
0.165775
0.308890
0.194298
0.353044
0.307932
0.831081
0.557869
0.519697
1.268425
0.199050
0.213237
0.176440
0.250315
0.367412
0.226322
0.192582
0.200867
0.346043
0.408640
0.764529
0.620030
0.443973
0.381683
0.251911
0.212085
0.434464
0.185042
0.259367
0.140708
0.239855
0.223677
0.178924
0.388002
0.300659
0.279513
0.148522
0.971527
0.471890
0.157779
0.450879
0.259659
0.223816
0.173948
0.500543
0.267732
0.198007
0.333755
0.395594
0.162874
1.079649
0.337542
0.667856
0.279598
0.164820
0.177244
0.252476
0.316545
0.267925
0.220219
0.268511
0.120818
0.282954
1.075383
0.725776
0.605187
0.422831
0.308188
0.224995
0.425874
0.256667
0.595064
0.733007
0.650054
0.220266
0.258095
0.237973
0.381871
0.297709
0.108964
0.219082
0.105346
0.367034
0.341475
0.347340
0.181016
0.417938
0.236397
0.508724
0.213319
0.488389
0.197090
0.142536
0.261004
0.160508
0.104147
0.472856
0.310939
0.777030
0.618486
0.309483
0.315747
0.242112
0.218985
0.194569
0.503205
0.365399
0.193215
0.265022
0.362022
0.436144
0.329099
0.338459
0.669981
0.185670
0.241715
0.248720
0.192140
0.133726
0.604651
0.493638
0.383922
0.578831
0.492201
0.740351
0.401116
0.295645
0.119803
0.202812
0.238717
0.323189
0.141657
0.238599
0.278020
0.369424
0.423280
0.368092
0.350995
0.487618
0.473447
0.188283
0.363087
0.309728
0.432145
0.281156
0.464903
0.196266
0.244776
0.201171
0.172246
0.203786
1.544426
0.811878
0.412784
0.296100
0.206693
0.489978
0.138071
0.143401
0.280156
0.478925
0.483672
0.542161
0.447701
0.576620
0.232400
0.445181
0.219224
0.322111
0.302121
0.214486
0.339346
0.454699
1.460166
0.678789
0.377564
0.112987
0.345898
0.261350
0.201748
0.140733
0.307167
0.133169
0.237945
0.314526
0.361117
1.260663
0.409904
0.389393
0.287185
0.268125
0.233600
0.103130
0.132607
0.292163
0.280875
0.333157
0.335356
0.522050
0.220356
0.319584
0.213425
0.277287
0.393664
0.337398
0.500162
0.438346
1.229479
0.327917
0.739118
0.253747
0.542052
0.210802
0.198992
0.318984
0.196369
0.228972
0.310072
0.165795
0.685563
1.813945
0.261706
0.274211
0.450412
0.589467
0.701777
0.403071
0.225896
0.181449
0.174363
0.217220
0.295473
0.334114
0.216732
1.192848
0.484170
0.413794
0.276717
0.400660
0.945670
1.190603
0.431130
0.272332
0.243647
0.163984
0.079713
0.281339
0.248816
0.309945
0.237900
0.316248
0.447834
0.248886
0.395417
0.416880
0.362900
0.333777
0.255836
0.407295
0.481861
0.356950
0.431619
0.310538
0.156497
0.110589
0.239026
0.381619
0.371756
0.465736
2.217530
0.795538
0.488615
0.280028
0.216379
0.240326
0.301169
0.179611
0.389089
0.267439
0.303988
0.350013
0.419076
0.387270
0.133750
0.153782
0.214908
0.776703
0.291948
0.345440
0.250445
0.677356
0.313656
0.827475
0.536434
0.459979
0.524822
0.349115
0.306912
0.234442
0.322296
0.255944
0.682269
0.234143
0.363261
0.589687
0.503518
0.079838
0.210296
0.343973
0.281452
0.281339
0.383966
0.463749
0.767161
0.320651
0.488245
0.367570
0.369060
0.373751
0.353705
0.263429
0.209307
0.181954
0.159564
0.276122
0.125911
0.480841
0.446856
0.722286
0.432684
0.431227
0.345176
0.214344
0.249350
0.105511
0.305078
0.285173
0.185776
0.384406
0.337021
0.385095
0.296751
0.164923
0.386619
0.211556
0.376975
0.355996
0.155146
0.173475
0.203973
0.274508
0.244412
0.395047
0.597746
0.454432
0.539867
0.827460
0.744857
0.321361
0.230309
0.435031
0.344426
0.294666
0.239832
0.118189
0.244227
0.136980
0.543250
0.372677
0.271849
0.207765
0.373917
0.381007
0.184008
0.282567
0.155531
0.460037
0.477179
2.304344
0.647665
0.553187
0.324904
0.228139
0.250103
0.222434
0.129208
0.194364
0.209825
0.150605
0.230635
0.800841
0.336189
0.287370
0.312714
0.224439
0.342787
0.162038
0.213084
0.331902
0.217905
0.206245
0.151255
0.419170
0.644788
0.224302
1.579535
0.503390
0.431981
0.394705
0.348683
0.252368
0.241324
0.156258
0.147126
0.320697
0.232761
0.475792
0.336671
0.302485
0.593124
0.208859
0.372597
0.109714
0.588667
0.275688
0.279469
0.299308
0.131734
0.178192
0.201894
0.266831
0.286042
0.209177
0.223287
0.228247
0.691597
0.389765
0.261166
0.294861
0.339130
0.826382
1.049837
0.205112
0.519406
0.318653
0.253229
0.151502
0.189771
0.170347
0.316225
0.276710
0.332691
0.472422
1.005340
0.664511
0.528854
0.213258
0.220033
0.154260
0.334513
0.327395
0.319035
0.224506
0.238453
0.344374
1.145072
0.227178
0.184053
0.303609
0.288333
0.179409
0.358122
0.154050
0.330827
0.342777
0.228128
0.371532
0.428376
0.566433
0.160968
0.298448
0.544079
2.253062
0.799807
0.652863
0.609989
0.763129
0.437007
0.271021
0.281980
0.393422
0.332434
0.355241
0.276938
0.235881
0.331203
0.204736
0.453952
0.593387
0.326512
0.915890
0.193606
0.351669
0.419707
0.568143
0.444925
0.207880
0.187135
0.206852
0.499031
0.330741
0.132208
0.186720
0.378209
0.446925
1.099328
0.448821
0.273826
0.166310
0.257603
0.311570
0.257769
0.250971
0.468181
0.433462
0.368846
0.293633
0.240235
0.210404
0.233173
0.135041
0.194297
0.630151
0.414386
0.671029
0.207672
0.425009
0.330403
0.220481
0.316051
0.176196
0.134060
0.206647
0.234407
0.925788
0.341886
0.991797
0.323507
0.483252
0.238889
0.168447
0.388572
0.331014
0.201295
0.232786
0.245584
0.405838
0.209843
0.137827
0.260415
0.173023
0.510917
0.323823
0.523851
0.420860
0.070418
0.344923
0.496689
0.496216
0.220977
0.320986
0.227759
0.428541
0.371961
0.150684
0.217608
0.281020
0.289922
1.350893
1.863078
0.850106
0.497477
0.439755
0.364017
0.315568
0.219602
0.436128
0.272596
0.267156
0.329721
0.141537
0.145970
0.283274
0.378479
0.933071
0.278751
0.353410
0.174370
0.211657
0.238881
0.131012
0.187385
0.287451
0.291835
0.212193
0.385042
0.308686
0.149128
0.358514
0.269196
0.212394
0.143559
0.388537
0.154698
0.492167
0.730842
0.097637
0.163159
0.217123
0.293775
0.219897
0.545030
0.628545
0.698787
1.256478
1.076623
0.494396
0.506237
0.270352
0.417866
0.200853
0.070021
0.469333
0.364091
0.348748
0.163495
0.390270
0.193023
0.157877
0.117867
0.240277
0.026318
0.294273
0.683564
0.286727
0.534667
0.208320
0.139274
0.339154
0.505974
0.159459
0.385451
0.576833
0.369295
0.495715
0.415933
0.254870
0.230506
0.262120
0.814899
2.728299
0.621948
0.441322
0.188972
0.131922
0.501094
0.350785
0.166374
0.221788
0.163188
0.166593
0.085920
0.196407
0.275314
0.234268
0.256194
0.376010
0.496672
1.755016
0.951046
0.748248
0.337276
0.313574
0.265525
0.240876
0.378937
0.470749
0.462801
0.257947
0.413723
0.338363
0.190937
0.165391
0.171310
0.108000
0.306624
0.158373
0.166683
0.206721
0.191592
0.358732
0.506854
0.346817
0.100724
0.314989
0.182692
0.241230
0.199563
0.372808
0.334176
0.279808
0.361181
0.197965
0.138015
0.504947
0.317408
1.163757
0.325892
0.319016
0.338237
0.260798
0.212607
0.232933
0.411767
0.471520
0.401179
0.737947
0.515837
0.407993
0.577317
0.244390
0.388923
0.301247
0.178389
0.298132
0.193653
0.270307
0.317638
0.178380
0.454555
1.798587
1.750567
1.260643
1.063938
0.458027
1.161268
0.510090
1.283782
0.686594
1.175957
0.362257
0.614013
0.439255
0.552978
0.472107
0.273182
0.221687
0.299335
0.156543
0.244181
0.410153
0.169418
0.252506
0.397957
0.253981
0.180183
0.205165
0.365819
0.248608
0.291886
0.238648
0.203791
0.165790
0.214530
0.185940
0.122826
0.374866
0.313644
0.580592
0.217759
0.443329
1.073077
0.817029
0.740622
0.121808
0.180608
0.371457
0.129322
0.220095
0.399143
0.211561
0.367743
0.381385
0.583515
0.232213
0.628654
0.504558
0.538541
1.375765
0.534829
0.746692
0.369569
0.283273
0.242569
0.383052
0.521867
0.274640
0.458734
0.190294
0.224391
0.212657
0.226718
0.342091
0.427855
0.170557
0.324083
0.228753
0.299703
0.093136
0.279460
0.551310
1.201658
0.536146
0.334590
0.095362
0.101498
0.273289
0.178456
0.237140
0.155106
0.369181
0.218623
0.322297
0.394715
0.395112
0.543765
0.181972
0.484073
0.642482
0.537871
0.651580
0.252597
0.496878
0.410481
0.221562
0.964612
0.197495
0.365039
0.310183
0.395562
0.189971
0.287716
0.186624
0.266163
0.261142
0.476731
0.262024
0.189052
0.288025
0.297116
0.168776
0.273775
0.164584
0.189141
0.286928
0.140214
0.207660
0.243795
0.215463
0.495037
0.558246
0.420330
2.139177
1.985790
1.292568
1.700764
1.554526
0.784670
1.011529
1.522341
0.552568
0.743175
0.792313
0.473936
0.143348
0.187571
0.500605
0.236151
0.200276
0.413111
0.049107
0.523242
0.267982
0.339377
0.351138
0.225861
0.410468
0.166812
0.464846
0.378656
0.162215
0.265815
0.132560
0.351536
0.367911
0.354532
0.240972
0.213232
0.272684
0.492229
0.141168
0.756269
0.605374
0.146635
0.362559
0.300494
0.278291
0.385111
0.102172
0.316820
0.171665
0.185442
0.223265
0.230578
0.551311
0.327428
0.537030
0.274209
0.278646
0.347447
0.203395
0.327868
0.328784
0.170384
0.167118
0.332793
0.239247
0.360893
0.126741
0.261217
0.091132
0.239998
0.071204
0.598228
0.663418
1.257632
1.102334
0.603544
0.221470
0.296247
0.262263
0.211870
0.290319
0.108290
0.124264
0.275649
0.326467
0.291910
0.124958
0.307226
0.439450
0.278561
0.682846
0.304220
0.374282
0.375643
0.329017
0.325819
0.371059
0.202016
0.228582
0.311268
0.226918
0.204225
1.243351
0.332222
0.642385
0.415191
0.315672
0.175236
0.248598
0.109508
0.579567
0.337643
0.462024
0.173447
0.394904
1.140991
0.348101
0.236408
0.262179
0.223831
0.168349
0.177309
0.203551
0.138950
0.239395
0.291243
0.158418
0.248022
0.490054
0.656713
0.540373
0.312300
0.502015
0.098642
0.331748
0.165652
0.297868
0.234735
0.463430
0.134374
0.251035
0.161392
0.119395
0.409281
0.446572
0.401092
3.648532
0.697899
0.365172
0.551362
0.377240
0.273547
0.305900
0.155725
0.386455
0.325107
0.115034
0.142295
0.196426
0.323174
0.257543
0.168054
0.596289
0.892980
0.278276
0.193352
0.399961
0.282838
0.220299
0.192056
0.300862
0.206879
0.359643
0.309199
0.640286
0.244880
1.043646
0.107535
0.438630
0.349092
0.210243
0.127921
0.764136
0.402022
0.977062
0.485331
0.311455
0.520943
0.529463
0.292983
0.268738
0.195886
0.453535
0.534432
0.470492
0.253596
0.189890
0.203704
0.278670
0.150157
0.140205
0.258466
0.153979
0.222614
0.608797
0.309695
0.102079
0.290273
0.209039
0.267071
0.110143
0.362124
0.236517
0.417819
0.735193
0.619478
0.427716
0.207941
0.501289
0.315658
0.251473
0.393220
0.204623
0.227504
0.207128
0.937060
0.511693
0.212250
0.323323
0.255930
0.314174
0.376627
0.243275
0.546922
0.313537
0.084309
0.154769
0.301503
0.098787
0.279156
0.274305
0.431583
0.383674
0.594936
0.585400
1.543875
0.313802
0.340992
0.171666
0.146247
0.186524
0.307906
0.090457
0.137683
0.707518
0.519774
0.308269
0.397116
0.310503
0.250629
0.427403
0.306604
0.291771
0.229830
0.392719
0.312905
0.164258
0.278286
0.320733
0.432988
0.345744
0.301072
0.253203
0.553120
0.520082
0.510554
0.642748
0.248468
0.321931
0.209757
0.377895
0.113106
0.263912
0.081719
0.188921
0.307256
0.469846
0.395706
0.176547
0.282897
0.299628
0.451509
0.117344
0.290414
0.251793
0.580579
0.565124
0.472532
1.237985
0.389558
0.338054
0.208342
0.131811
0.244075
0.106678
0.428472
0.133503
0.206165
0.723871
0.485618
1.158583
0.276141
0.170478
0.242358
0.202766
0.151116
0.261090
0.195198
0.259152
0.233085
0.236371
0.171636
0.317373
0.256176
0.086614
0.564819
0.119528
0.960624
1.141724
0.336100
0.246049
0.346627
0.198515
0.193175
0.293340
0.382353
0.458159
0.253319
0.332531
0.271318
0.291700
0.276966
0.558577
1.414992
7.095944
0.826815
0.628174
0.784267
0.459071
0.232195
0.261251
0.216173
0.318180
0.251764
0.442828
0.200964
0.133045
0.348415
0.196847
0.293898
0.225972
0.164666
0.381677
0.963262
0.849598
1.825492
0.673273
0.510014
0.238980
0.245261
0.253875
0.343665
0.274969
0.203254
0.275827
0.328559
0.167182
0.222488
0.349206
0.269678
0.305985
0.169849
0.216897
0.083483
0.450002
0.404024
0.291970
0.256307
0.552622
0.150441
0.305739
0.291193
0.165949
0.526291
0.734572
0.226217
0.336270
0.275049
0.218330
0.412374
0.172889
0.315105
0.239903
0.151254
0.709782
0.524120
0.400236
0.611839
0.765598
0.875898
0.559301
0.232333
0.197873
0.245172
0.236069
0.137194
0.125470
0.425095
0.325426
0.496247
0.381965
0.386637
0.347058
0.548559
0.181359
0.270728
0.208141
0.281627
0.342360
0.117479
0.381681
0.152627
0.188207
0.432250
0.250887
0.240686
0.244507
0.510597
2.732953
0.797263
0.477047
0.245311
0.244438
0.177151
0.279560
0.365901
0.220580
0.096701
0.300056
0.226251
0.185045
0.396386
0.306773
0.260559
0.422470
0.493755
1.417709
0.999243
0.758471
0.436587
0.295272
0.357889
0.163434
0.132328
0.345228
0.277195
0.271955
0.399226
0.311193
0.528724
0.914943
0.233415
0.280054
0.224940
0.470711
0.612400
0.298475
0.303490
0.314733
0.162598
0.190794
0.148187
0.261441
0.151540
0.218099
0.947367
0.263381
0.962962
0.174740
0.331638
0.162301
0.379110
0.261059
0.312182
0.355898
0.346088
0.362335
0.257703
0.407416
0.435144
1.143561
0.456217
0.313803
0.338708
0.211283
0.440168
0.214803
0.252410
0.103673
0.206047
0.224647
0.297605
0.332044
0.351380
0.518772
0.200363
0.098174
0.273538
0.251368
0.222796
0.590416
0.448367
0.501297
0.150926
0.278578
0.189342
0.275901
0.120793
0.264675
0.270421
0.097465
0.150897
0.250504
0.193810
1.331005
0.236178
0.365437
0.559118
0.338633
0.199544
0.262785
0.059497
0.333301
0.371428
0.300807
0.144065
0.337208
0.297011
0.501105
0.466254
1.475816
0.399803
0.184129
0.202845
0.262767
0.244606
0.232861
0.104841
0.294895
0.254585
0.109081
0.406868
0.375716
0.217932
0.392277
0.590931
0.326604
0.237851
0.278712
0.266483
0.518390
0.257356
0.251797
0.458105
0.134395
0.171664
0.311848
0.383555
0.452973
0.289021
0.647503
0.348894
0.151511
0.242203
0.228126
0.756130
0.319140
0.132914
0.392202
0.413367
0.424039
0.458374
0.486013
0.202632
0.250963
0.349062
0.342525
0.185139
0.299841
0.302383
0.175757
0.144567
1.549306
0.593882
0.547933
0.284990
0.272611
0.234339
0.230020
0.182755
0.291932
0.254419
0.473295
0.931255
1.526382
1.793924
0.543814
0.824700
0.662022
1.483167
0.456792
0.342748
0.226765
0.145078
0.330700
0.224578
0.116958
0.145022
0.149593
0.342984
0.290948
0.128186
0.449918
0.372118
0.627696
0.263736
0.353241
0.303197
0.118490
0.356339
0.193288
0.415665
0.241002
0.428635
0.228311
0.221230
0.274039
0.541373
1.221484
0.648970
1.126608
0.353502
0.200760
0.378143
0.225764
0.293631
0.150306
0.348874
0.109629
0.176633
0.231989
0.416096
0.283869
0.252864
0.217610
0.374598
0.471907
0.209109
0.171342
0.325523
0.242985
0.117423
0.219233
0.500909
0.326082
0.472913
0.272166
0.321769
0.465424
0.554023
0.402846
0.214791
0.190600
0.165579
0.275863
0.162655
0.301973
0.132798
0.358111
0.159176
0.332121
0.251986
0.275572
0.220971
0.329784
0.254547
0.452114
0.152890
0.492496
0.392654
0.162445
0.504859
0.222879
0.197703
0.172921
0.293713
0.205397
0.191816
0.363573
0.407901
0.573199
0.379129
0.493247
0.164663
0.107983
0.152867
0.167267
0.148749
0.298285
0.266199
0.418517
0.616815
0.386803
0.331261
0.322351
0.359657
0.339994
0.215988
0.264516
0.288812
0.251206
0.155936
0.335209
0.302242
1.020378
0.507135
0.608660
1.004066
0.242751
0.328975
0.357487
0.448283
0.459129
0.175972
0.324926
0.190792
0.238268
0.421682
0.217981
0.362785
0.263274
0.349747
0.333936
0.224020
0.656036
0.335673
0.255659
0.343682
0.163732
0.332513
0.214102
0.197553
0.126470
0.320992
0.332412
0.224638
0.485496
0.200309
0.274888
0.699779
0.460736
0.348706
0.309594
0.370319
0.203599
0.285984
0.093921
0.173367
0.612209
0.327165
0.120672
0.180029
0.195727
0.181104
0.158566
0.479585
1.749791
1.319654
1.876314
0.700711
0.458742
0.364152
0.323654
0.279273
0.159725
0.182422
0.106651
0.254383
0.146097
0.233133
1.256764
0.381484
0.353091
0.201027
0.261072
0.208257
0.278254
0.167116
0.341348
0.232602
0.262671
0.300687
0.374052
0.693354
0.293143
0.238212
0.259953
0.262891
0.235972
0.370830
0.135215
0.122960
0.867214
0.374221
0.481623
0.259973
0.287572
0.411987
0.429090
0.439929
0.377966
0.323709
0.235551
0.512154
0.589275
0.220049
0.467862
0.332837
0.109954
0.909238
2.274453
1.210722
0.744903
0.974892
0.138224
0.474650
0.206232
0.269667
0.237268
0.177490
0.368834
0.295473
0.238641
0.175905
0.194257
0.268953
0.478830
0.431143
0.149247
0.320820
0.227539
0.150265
0.372245
0.128603
1.111182
1.893751
0.559671
0.236928
0.545737
0.199009
0.347192
0.353674
0.367581
0.197993
0.199178
0.157420
0.329716
0.305383
0.258125
0.681534
0.447430
0.274199
0.227858
0.293283
0.243957
0.187600
0.364572
0.296158
0.206523
0.205767
0.112321
0.299797
0.258210
0.227004
0.350432
0.228235
0.210982
0.300442
0.187211
0.540152
0.446567
0.259528
1.850700
1.158148
0.746931
0.637493
0.607044
0.344741
0.209608
0.397878
0.411242
0.155222
0.205424
0.162155
0.278072
0.198673
0.243982
0.308258
0.414356
0.305266
0.342078
0.126082
0.165666
0.382467
0.114733
0.097148
0.489863
0.560591
0.276765
0.155167
0.130180
0.227065
0.269555
0.287158
0.167768
0.238446
0.153287
0.356326
0.451323
0.316543
0.349158
0.324113
0.547417
0.244173
0.764916
0.283950
1.399873
0.328817
0.246560
0.406963
0.123289
0.262615
0.147398
0.272225
0.564350
0.220188
0.391987
1.447615
0.480381
0.286882
0.244184
0.249931
0.308389
0.217191
0.241818
0.524250
0.124716
0.249395
0.113883
0.284326
0.264379
0.245043
0.515428
0.458200
0.081887
0.358124
0.561887
0.314640
0.417525
0.157611
0.226812
0.100634
0.253668
0.142065
0.236835
0.265675
0.463891
0.217423
0.339227
0.213862
0.347450
0.326395
0.264773
1.033514
0.373643
0.623440
0.193762
0.382928
0.226100
0.258675
0.323931
0.185334
0.514566
0.689127
1.696635
0.501218
0.401968
0.176737
0.292546
0.253708
0.137266
0.162419
0.209088
0.245393
0.203057
0.461334
0.400164
0.290490
1.046614
0.308017
0.357636
0.285992
0.202519
0.264875
0.178202
0.207170
0.156819
0.350422
0.187261
0.151952
0.276423
0.356624
0.274132
0.294302
0.408983
0.300651
0.479030
0.371149
0.489696
0.312557
0.317222
0.302144
0.333967
0.723623
0.217264
0.364892
0.292985
0.187471
0.323096
0.236911
0.156357
0.267639
0.232485
0.472219
0.110423
0.307635
0.454975
0.221491
0.228956
0.368973
0.240656
0.215954
0.488724
0.173942
0.183803
0.463567
0.248220
0.193331
0.545859
0.305767
0.195303
0.335672
0.414538
0.213093
0.415166
0.284504
0.677675
0.175475
0.193656
0.501379
0.269948
0.283537
0.261124
0.210661
0.181824
0.271868
0.320097
0.495963
0.691708
0.281367
0.462272
0.241831
0.483880
0.299321
1.024169
0.449008
0.359607
0.198922
0.224681
0.129139
0.261845
0.185221
0.307153
0.182738
0.177374
0.357483
0.226058
0.330610
0.591363
0.230422
0.451008
0.140535
0.157858
0.292668
0.153453
0.230972
0.307313
0.272872
0.180069
0.481520
0.627048
0.166205
0.160462
0.420018
0.139797
0.522054
0.344367
0.676715
0.481993
0.325655
0.209420
0.175431
0.436691
0.505879
0.197669
0.146660
0.311739
0.459413
0.318424
0.360873
0.462077
0.240584
0.429203
0.521595
1.139981
0.270176
0.251475
0.215176
0.320834
0.573219
0.339924
0.249202
0.080476
0.218705
0.439495
0.449890
0.820400
1.348705
0.640360
0.284820
0.174105
0.260926
0.206953
0.289229
0.229993
0.284268
0.211228
0.385119
0.348703
0.282929
0.373117
0.912424
0.284418
0.423581
0.336747
0.257740
0.560461
0.109221
0.197807
0.263880
0.115675
0.188661
0.985931
0.439960
0.279943
0.165131
0.591531
0.270192
0.239835
0.263511
0.292739
0.236057
0.107846
0.161233
0.125448
0.344683
0.501059
0.235437
0.379616
0.347778
0.371740
0.327416
0.163307
0.561720
0.514542
0.230479
0.376134
0.229891
0.439744
0.431190
0.423960
0.218177
0.158761
0.165896
0.515291
0.093947
0.175167
0.195863
0.279501
0.338242
0.408205
0.667365
0.203471
0.137503
0.204939
0.312215
0.439779
0.173839
0.218538
0.174149
0.398158
0.304883
0.246136
0.173165
0.458872
0.238281
0.856415
0.256849
0.353215
0.210011
0.362363
0.336907
0.154413
0.213775
0.279818
0.286901
0.166326
0.234925
0.140665
0.338296
0.358256
0.187141
0.271164
0.259479
0.219289
0.292865
0.863376
1.543515
2.101832
1.393744
0.925467
0.868499
0.854302
0.549227
0.445834
0.452526
0.366026
0.524486
0.205913
0.360549
0.265736
0.190138
0.280718
0.220887
0.097392
0.309793
0.317392
0.183449
0.151683
0.338706
0.418470
0.166890
0.190090
0.195268
0.259300
0.554783
0.578343
1.420929
0.380991
0.461132
0.145931
0.231702
0.131396
0.503241
0.167880
0.202878
0.236469
0.367611
0.206890
0.424861
0.349483
0.262635
0.154358
0.250189
0.363857
0.545948
0.459010
0.251152
0.297392
0.113398
0.250094
0.410732
0.146757
0.496222
0.116082
0.344177
0.311347
0.204891
0.179575
1.446654
0.634890
0.254761
0.209267
0.217736
0.394877
0.328600
0.208874
0.278095
0.203971
0.231869
0.228281
0.312368
0.500621
0.314073
0.243222
0.486752
0.198724
0.799395
0.520559
1.182877
0.626231
0.298269
0.220557
0.223128
0.380646
0.284524
0.157118
0.194495
0.158861
0.240642
0.114381
0.249192
0.257706
0.250366
0.410733
0.579951
1.059767
0.178289
0.085828
0.241666
0.205779
0.166473
0.154842
0.402225
0.121475
0.465560
0.215794
0.696747
0.381756
0.491484
0.197789
0.331242
0.307061
0.207060
0.781244
0.275158
0.403559
0.345536
0.376467
0.279182
0.131708
0.310665
0.231577
0.399194
0.635157
0.354103
0.273921
0.440101
0.683008
0.364170
0.340865
0.391093
0.312154
0.329179
0.217929
0.328839
0.568467
0.258030
0.162338
0.316093
0.207138
0.194411
0.249774
0.396315
0.583604
0.926526
0.176932
0.178896
0.168893
0.343417
0.370032
0.346969
0.203371
0.766026
0.422820
0.774441
0.425458
0.282131
0.151172
0.203988
0.238973
0.336554
0.282795
0.237964
0.168202
0.229655
0.192896
1.226349
1.467045
0.647282
0.565600
0.231135
0.419842
0.340661
0.279986
0.184618
0.201821
0.160080
0.149729
0.452806
0.262289
0.203611
0.352572
0.229629
0.440249
0.422412
1.112400
0.379858
0.339547
0.237620
0.353479
0.432227
0.274485
0.570540
0.296844
0.488763
0.283305
0.300226
0.342168
0.569051
0.497087
0.274107
0.741879
0.575220
0.182543
0.469558
0.228752
0.210804
0.169304
0.210750
0.232065
0.439891
0.489842
0.360823
0.226705
0.228373
0.357502
0.285520
0.617992
0.290712
0.544022
0.275442
0.367172
0.646249
0.405813
0.290206
0.233739
0.220014
0.163963
0.188310
0.287835
0.226849
0.188567
0.340780
0.327378
0.108704
0.171747
0.458369
0.449683
0.376633
0.163689
0.424756
0.180344
0.145196
0.237356
0.128482
0.236734
0.134418
0.583119
0.259856
0.261897
0.305700
0.172529
0.152462
0.261099
0.279175
0.540797
1.184259
1.351617
1.154888
0.846106
1.217572
0.820750
0.677857
0.555161
0.808040
0.258632
0.270399
0.212710
0.506451
0.373157
0.189910
0.481484
0.161210
0.144035
0.191524
0.315437
0.229763
0.175408
0.390735
0.194641
0.375726
0.776721
1.680301
2.390055
1.122710
0.383347
0.240586
0.154983
0.239622
0.184599
0.281933
0.201918
0.257322
0.289037
0.135401
0.095365
0.354992
0.345759
0.280826
0.159385
0.378004
0.254490
0.211806
0.201302
0.229256
0.391091
0.716251
0.419764
0.239721
0.290036
0.133486
0.238978
0.225101
0.114804
0.232751
0.249449
0.345533
0.139015
0.335224
0.563379
0.886662
0.166889
0.135118
0.127719
0.405172
0.218572
0.166631
0.331584
0.155016
0.340284
0.347299
0.437155
0.233081
0.330021
0.269171
0.475239
0.280891
0.264202
0.224001
0.507657
0.341581
0.604831
0.161438
0.254342
0.244906
0.282394
0.192996
0.711241
0.314058
0.327413
0.360436
0.436997
0.133217
0.090081
0.223407
0.429970
0.380533
0.544377
0.384718
1.104653
0.544031
0.368744
0.098449
0.270906
0.167922
0.278580
0.234610
0.242429
0.299135
0.489026
0.404223
0.245302
0.268303
0.295420
0.224776
0.626166
0.323180
0.762212
0.802317
0.919516
0.485753
0.340527
0.374343
0.150408
0.240910
0.178719
0.338739
0.150223
0.554748
0.406277
1.630512
0.617713
0.686122
0.266708
0.211469
0.189149
0.139168
0.126593
0.453525
0.367993
0.298804
0.176539
0.273044
0.103794
0.267201
0.289530
0.160768
0.274807
0.077708
0.228523
0.335845
0.439842
0.432628
0.155547
0.489386
0.214027
0.756432
0.454603
0.587695
0.457032
0.397896
0.188279
0.141019
0.211446
0.460959
0.446114
0.191959
0.169526
0.272945
0.383489
0.425518
0.342031
0.369237
0.186788
0.583980
0.340410
0.154897
0.226811
0.211399
0.282176
0.406099
0.488726
0.296859
0.538173
0.420691
0.405811
0.239187
0.257580
0.248798
0.202660
0.227588
0.275014
0.193236
0.463728
0.431602
0.927718
0.738085
0.308200
0.292833
0.149239
0.234302
0.286391
0.300274
0.178363
0.116132
0.140425
0.280787
0.324052
0.180108
0.326900
0.205819
0.262674
0.339158
0.393197
0.141671
0.163454
0.236758
0.288515
0.099626
0.236437
0.263360
0.305440
0.757552
0.359654
0.249063
0.182726
0.249672
0.311615
1.304628
0.819910
1.657653
0.772084
0.226899
0.233002
0.351943
0.370269
0.195015
0.174197
0.453541
1.156373
0.428971
0.386426
0.502283
0.220834
0.157018
0.208343
0.263616
0.847543
1.420684
0.954308
0.761406
0.666794
0.637910
0.846970
0.791702
0.635287
0.317905
0.269654
0.294683
0.261909
0.249542
0.394504
0.128553
0.588346
0.137194
0.234392
0.249170
0.303798
0.202393
0.099189
0.191514
0.183619
0.368195
0.918096
0.233490
0.331472
0.566788
0.244197
0.212570
0.342773
0.322370
0.401355
0.332623
0.172100
0.237771
0.496118
0.349866
0.399334
0.400803
0.224703
0.265638
0.202122
0.369468
0.355371
0.288656
0.129443
0.210580
0.428541
0.141410
0.317721
0.280600
1.322398
0.488286
0.397208
0.202287
0.145119
0.253313
0.191177
0.134268
0.204598
0.384748
0.194199
0.246541
0.199864
0.299417
0.201413
0.353706
1.197718
1.117836
0.712150
0.305510
0.384073
0.436080
0.135489
0.258683
0.185256
0.280910
0.299674
0.473048
0.186857
0.249118
0.292176
0.323090
0.254880
0.261347
0.597966
0.536388
0.846503
1.222904
0.769475
0.246020
0.127342
0.246206
0.296318
0.259288
0.194231
0.289314
0.230059
0.156074
0.101561
0.206697
0.106433
0.168831
0.456107
0.408773
0.265250
0.826471
0.492447
0.142883
0.180350
0.352155
0.270061
0.288886
0.297410
0.202588
0.311329
0.236801
0.365800
0.193822
0.322628
0.467267
0.318651
0.325300
0.444903
0.371873
0.936163
0.402292
0.556471
0.342889
0.331841
0.408480
0.361380
0.153303
0.143374
0.135168
0.159502
0.126236
0.385685
1.365541
1.076794
0.453293
0.791850
0.526623
0.272363
0.144051
0.269438
0.302931
0.243867
0.437906
0.210849
0.355308
0.356000
0.355916
0.366202
0.280586
0.455089
0.288084
0.258126
0.140755
0.286978
0.186744
0.125754
0.280706
0.197637
0.489498
0.227837
0.698817
0.815342
0.346260
0.708560
0.373376
0.107216
0.307533
0.336110
0.344201
0.133466
0.115299
0.181624
0.107125
0.431929
0.368719
0.361498
0.140020
0.403815
0.130908
0.065697
0.092692
0.249950
0.349157
0.106354
0.658933
0.738072
0.725512
0.591238
0.266133
0.178668
0.243688
0.324597
0.363321
0.125653
0.185106
0.170356
0.212097
0.581194
0.408355
0.652815
0.627426
0.330304
0.283542
0.373771
0.438066
0.143408
0.428342
0.177813
0.255289
0.172470
0.158152
0.256207
0.404012
0.298565
0.135260
0.590462
0.188311
0.623306
1.084995
1.098015
0.420787
0.386369
0.284438
0.495990
0.464036
0.305641
0.237409
0.360671
0.216024
0.283599
0.253110
0.188481
0.380200
0.175704
0.300467
0.150453
