2.508055
1.942371
1.279688
226.616791
77.701462
56.440144
33.442554
2.489903
2.423190
2.824919
3.188221
2.898845
2.797682
2.739470
2.774847
2.921474
2.880932
2.839454
2.839593
2.771490
2.733525
2.480617
2.546575
2.307047
2.221112
2.393975
2.483315
2.450760
2.401201
2.512837
2.502090
2.485388
2.501761
2.433923
2.488566
2.470920
2.389438
2.373679
2.324505
2.371425
2.263891
2.460559
2.351715
2.440298
2.551711
2.532523
2.414756
2.461877
2.392843
2.378068
2.394383
2.379080
2.448144
2.436975
2.282198
2.514395
2.388538
2.428268
2.442682
2.542676
2.626596
2.438193
2.347228
2.446648
2.367720
2.455508
2.558136
2.412723
2.545761
2.434649
2.474678
2.631792
2.409722
2.546866
2.567358
2.390475
2.558347
2.532635
2.375566
2.496237
2.493716
2.555656
2.643397
2.644222
2.652034
2.639776
2.603534
2.572603
2.616755
2.497808
2.417708
2.687588
2.522301
2.626154
2.730484
2.487605
2.459002
2.560671
2.579198
2.488257
2.529276
2.445484
2.348320
2.435021
2.472908
2.335754
2.398096
2.482599
2.462578
2.492061
2.305315
2.420533
2.349188
2.301258
2.257737
2.342851
2.362487
2.454233
2.390893
2.343990
2.388631
2.454733
2.364029
2.440421
2.545331
2.574968
2.474640
2.534330
2.541689
2.608451
2.567273
2.427913
2.475106
2.331046
2.589691
2.617267
2.562226
2.544763
2.430573
2.416740
2.392639
2.395806
2.377618
2.462429
2.484491
2.486931
2.231156
2.457330
2.412865
2.417296
2.482753
2.383543
2.407783
2.364395
2.326196
2.496823
2.400883
2.498755
2.480693
2.487472
2.478491
2.451511
2.598698
2.590884
2.427072
2.524129
2.429360
2.263425
2.424825
2.575406
2.496749
2.607156
2.458584
2.471307
2.470647
2.448901
2.444100
2.293366
2.323375
2.373706
2.362954
2.389527
2.506240
2.435658
2.505270
2.398171
2.441900
2.450420
2.537416
2.532723
2.377390
2.437887
2.488355
2.472820
2.448240
2.368733
2.354084
2.352584
2.275538
2.325005
2.213875
2.304992
2.212438
2.309535
2.320475
2.287841
2.274801
2.174732
2.342900
2.366701
2.440751
2.411952
2.434900
2.408804
2.471764
2.389303
2.458401
2.432362
2.425366
2.439568
2.044919
2.442960
2.446607
2.218305
2.316404
2.330291
2.390221
2.385867
2.387460
2.332813
2.365926
2.337237
2.440727
2.482443
2.461976
2.439066
2.389126
2.357347
2.366024
2.361834
2.420379
2.329966
2.404922
2.334828
2.332020
2.226765
2.391294
2.478917
2.339015
2.473103
2.383086
2.443030
2.597943
2.447498
2.285508
2.305063
2.197519
2.386885
2.245588
2.153723
2.213825
2.263674
2.108196
2.240259
2.243020
2.221569
2.295014
2.175025
2.210040
2.203125
2.313818
2.238941
2.355164
2.240178
2.209601
2.338114
2.502249
2.309825
2.400723
2.376407
2.374976
2.390751
2.295962
2.238549
2.368712
2.262293
2.261885
2.208817
2.217988
2.266189
2.158617
2.166356
2.263937
2.208780
2.185865
2.355258
2.212532
2.227838
2.272400
2.286234
2.303770
2.319351
2.393490
2.304045
1.912259
2.284635
2.314004
2.290773
2.290202
2.336864
2.396173
2.298859
2.369476
2.379228
2.351103
2.241776
2.241969
2.293156
2.253449
2.342938
2.249487
2.321200
2.253321
2.341158
2.297869
2.463002
2.342340
2.275906
2.242828
2.387741
2.391478
2.336093
2.439523
2.329337
2.231703
2.199936
2.266323
2.127791
2.182146
2.182932
2.129348
2.085978
2.226258
2.307855
2.245798
2.239418
2.316121
2.226710
2.234611
2.282479
2.246011
2.360021
2.215577
2.248504
2.095866
2.148937
2.177833
2.226468
2.161860
2.054815
2.015187
2.130640
2.177905
2.113656
2.183553
2.124431
2.170751
2.197538
2.197101
2.207987
2.183124
2.229979
2.308900
2.154766
2.076649
2.094230
2.107677
2.077594
2.052225
2.088672
2.113626
2.045968
2.149292
2.151917
2.212685
2.282118
2.284720
2.148167
2.202312
2.313394
2.353874
2.308207
2.427032
2.264757
2.233768
2.450359
2.382995
2.406251
2.317441
2.441347
2.289603
2.281619
2.346488
2.208986
2.170379
2.278594
2.212575
2.283624
2.332081
2.320484
2.294875
2.493023
2.350550
2.296031
2.193313
2.227432
2.241264
2.223247
2.144672
2.182027
2.232863
2.108684
2.107178
2.132463
2.148420
2.190138
2.293103
2.290616
2.355056
2.159678
2.232891
2.304009
2.316712
2.288254
2.099891
2.253330
2.240082
2.204782
2.223813
2.245353
2.242717
2.148436
2.179140
2.101970
2.056294
2.155445
2.170356
2.122161
2.114670
2.245845
2.239150
2.190938
2.220458
2.280764
2.265019
2.419111
2.404354
2.285166
2.256796
2.204235
2.331144
2.354468
2.262502
2.329662
2.273455
2.372633
2.295339
2.333129
2.292032
2.304112
2.338194
2.220026
2.182892
2.062002
2.030398
2.082966
2.281843
2.183914
2.126292
2.101102
2.267741
2.114187
2.156991
2.124136
2.054476
2.142565
2.095452
2.103561
2.148992
2.129263
2.175208
2.148284
2.153050
2.116104
2.082015
2.049661
2.072104
2.099988
2.038582
2.087724
2.128685
2.107203
2.103636
2.088142
2.084267
2.109197
2.069969
2.080154
2.063103
2.025433
2.141404
2.195044
2.143573
2.191704
2.175969
2.305823
2.206786
2.184947
2.182189
2.295675
2.265688
2.207863
2.327519
2.289828
2.336160
2.393175
2.285890
2.359931
2.288221
2.217899
2.311357
2.187967
2.222045
2.219250
2.367729
2.269993
2.272699
2.236308
2.208586
2.215083
2.222910
2.189395
2.259678
2.189188
2.175777
2.226800
2.174545
2.290696
2.255754
2.030943
2.152688
2.157478
2.215187
2.117160
2.094528
2.180834
2.146554
2.021328
2.166816
2.106641
2.163931
2.097024
2.085548
2.141687
2.135837
2.081275
2.183797
2.089168
2.141172
2.102949
2.052642
2.064956
2.058676
2.072895
2.124717
2.091298
2.183664
2.219482
2.170815
2.205054
2.160971
2.125234
2.272194
2.177155
2.244797
2.188821
2.248688
2.146126
2.215592
2.226571
2.022970
2.025975
2.274369
2.203877
2.219872
2.177688
2.207873
2.171971
2.112140
2.142760
2.212486
2.275206
2.211960
2.300435
2.285827
2.217352
2.230437
2.094023
2.148367
2.105302
1.902469
1.989494
2.093493
2.046966
2.064070
1.971383
2.077278
2.104528
2.097052
1.988621
2.076049
2.081016
2.034144
2.048673
2.057243
2.035732
1.902149
1.960909
2.092615
1.814239
2.164908
2.112946
2.146887
2.067970
2.156540
2.057452
2.136856
2.131673
2.044826
2.095598
2.081270
2.094307
2.050100
2.130523
2.108102
2.107773
2.113408
2.146789
2.265730
2.194491
2.031717
2.031641
2.089658
2.134721
2.030006
2.032079
2.024898
1.997743
2.051148
2.049640
2.043764
2.042871
2.143052
2.060467
2.015346
2.044942
2.076065
2.058262
2.135450
2.057952
2.129655
2.016856
2.040347
2.122209
2.044754
2.011664
1.995290
2.076266
2.000170
2.052092
1.984898
1.970224
2.132437
2.128244
2.021422
2.198249
2.178745
2.110820
2.229309
2.054508
2.207794
2.131462
2.227046
2.193508
2.210067
2.094965
2.104161
2.120306
2.058938
2.210354
2.136521
2.058494
2.088737
2.157205
2.130488
2.193257
2.258291
2.346995
2.286835
2.258102
2.232185
2.220033
2.223326
2.168413
2.126825
2.083498
2.228818
2.221844
2.239672
2.187203
2.325729
2.263127
2.246312
2.328075
2.233211
2.231934
2.247323
2.242189
2.184445
2.253803
2.221940
2.262781
2.253836
2.219701
2.191831
2.185444
2.231367
2.203653
2.142251
2.067939
2.104232
2.123812
2.266576
2.211881
2.175375
2.213443
2.188002
2.052847
2.179704
2.040074
2.272798
2.139068
2.172117
2.201218
2.108762
2.185462
2.047206
2.169088
2.150159
2.139786
2.197309
2.098584
2.090195
2.107439
2.126701
2.160648
2.088333
2.060198
1.999630
2.083264
2.217336
2.232353
2.205904
2.184597
2.197435
2.176748
2.232690
2.149021
2.087935
2.103040
1.852060
2.148018
2.083396
2.075158
2.102238
2.124242
2.006483
2.116330
2.264750
2.196730
2.213188
2.113544
1.970803
2.110331
2.015304
1.944045
1.965948
2.025844
2.016112
2.023621
2.038954
2.133257
2.177383
2.144974
2.105869
2.118140
2.117947
2.161745
2.225008
2.108921
2.223845
2.123620
2.218758
2.271562
2.265474
2.254215
2.174863
2.218055
2.155330
2.224720
2.213992
2.178790
2.137678
2.227998
2.224740
2.168823
2.229228
2.313206
2.186303
2.199258
2.237576
2.228211
2.311621
2.244186
2.203644
2.108929
2.284294
2.307145
2.131738
2.204440
2.209203
2.047614
2.107571
2.131145
2.143088
2.118132
2.173359
2.043914
2.161422
2.091091
2.035296
2.029628
2.025583
2.052922
2.122322
1.813545
2.055748
1.967518
2.184492
2.039833
2.152398
2.107432
2.017132
2.137651
2.045569
1.963276
1.885650
2.008156
2.134748
2.055691
2.006286
2.061481
1.999742
1.937584
2.020933
2.115549
2.108556
2.264534
2.176104
2.066598
2.030580
2.040921
2.023792
2.053337
2.011981
2.058899
2.046009
2.067875
2.056931
2.085804
2.253704
2.181575
2.162475
2.232466
2.282578
2.080796
2.113736
2.026659
1.988313
2.095887
1.965637
1.939543
1.869148
1.977224
2.017710
2.064851
1.989348
1.955096
2.092582
2.056026
1.987603
1.983615
2.024782
2.059242
2.004369
1.908608
1.967409
1.954285
1.986238
2.028342
2.003671
2.013523
2.151666
2.054093
2.199163
2.108976
1.988697
2.005355
2.119893
2.071482
2.054808
2.064133
2.051739
2.073682
2.074033
2.196082
2.128683
2.047515
2.044403
2.079853
2.059985
2.029428
2.091294
2.113908
2.050343
2.078093
2.069943
2.002484
1.883314
2.027427
1.976758
2.116603
2.112942
2.131769
2.156878
2.151789
2.103699
2.147187
2.092862
2.145925
2.149655
2.203359
2.114814
2.112927
2.205674
2.223294
2.105637
2.069160
2.069408
2.199254
2.183617
2.125258
2.119411
2.204425
2.117318
2.263055
2.227100
2.259436
2.005570
2.196000
2.113344
2.008647
2.135501
2.076915
2.183551
2.122913
2.145257
2.062201
2.133975
2.112520
2.128680
2.106805
2.076937
2.146019
1.995670
2.256165
2.191459
2.215292
2.305599
2.254002
2.192147
2.156272
2.261119
2.255333
2.137070
2.297885
2.135769
2.116732
2.228579
2.296872
2.274124
2.234283
2.214714
2.237527
2.244332
2.286883
2.126618
2.180358
2.082672
2.132848
2.161968
2.151502
2.126570
2.058596
1.993038
2.081192
2.229449
2.137735
2.038354
2.063274
1.951691
1.946544
1.894891
1.943463
1.968011
1.881517
2.174215
2.039366
2.108091
2.158119
2.172712
2.178260
2.169148
2.169432
2.256590
2.148796
2.192065
2.153461
2.028958
2.025996
2.032944
2.104478
2.090736
2.090597
2.040315
2.021241
2.235677
2.214394
2.165329
1.847061
2.084538
2.110782
2.182680
2.112583
2.182979
2.166189
2.235329
2.211477
2.221431
2.169454
2.185661
2.102984
2.135586
2.196907
2.083550
2.174701
2.153854
2.070505
2.071126
2.070267
2.090450
2.121937
2.112570
2.086404
2.031374
2.064051
2.009666
2.087375
1.968653
2.015657
1.912114
1.982859
2.073693
2.092794
2.063391
2.025167
2.045171
1.976175
2.035607
2.113939
2.043074
2.042607
1.986833
2.031854
1.993903
2.035645
2.060415
2.104841
2.111359
2.116887
2.109324
2.032493
2.094918
2.117008
2.047199
1.993583
1.982030
1.843504
1.995755
1.930972
2.020367
1.997880
2.013330
2.071278
2.028079
2.048014
2.093395
2.062260
2.045396
2.095872
1.784894
2.081177
1.999784
2.049733
2.096019
2.036128
2.042818
2.134718
2.126055
2.037340
2.040695
2.073941
2.174171
2.122816
2.147042
2.062631
2.125586
1.983958
2.320254
2.223513
2.264781
2.351624
2.240307
2.244321
2.221778
2.277807
2.170188
2.111740
2.203635
2.086911
2.076557
2.318891
2.261297
2.225287
2.208642
2.229692
2.185374
2.275247
2.227443
2.290350
2.222392
2.239501
2.196182
2.134857
2.028863
2.087452
2.150669
2.027066
2.075129
2.058066
2.198776
2.140886
2.346017
2.246723
2.226411
2.310861
2.261181
2.316346
2.222380
2.096536
2.141710
2.152080
2.202523
2.309540
2.276167
2.221220
2.121568
2.208122
2.174894
2.148586
2.166918
2.179615
2.177139
2.224772
2.335183
2.270135
2.269186
2.267117
2.197775
2.178641
2.220148
2.100983
2.219170
2.033701
2.085038
2.090248
2.290519
2.166747
2.330258
2.208923
2.145783
2.228813
2.194179
2.175910
2.144648
2.222753
2.135481
2.049030
2.036380
2.094808
2.049753
2.040592
2.045313
2.054150
1.984702
2.005638
2.031525
2.050767
2.090430
1.973570
2.001493
1.991110
1.984865
1.921450
1.912986
1.916666
1.859011
1.908038
1.939865
1.905355
1.925062
2.190245
2.166651
2.114443
2.165871
2.158370
2.118729
2.086572
2.076394
2.042147
2.063557
2.023871
2.041852
2.086746
2.042114
2.017097
2.182407
2.101083
2.171261
1.844471
2.210807
2.254603
2.241970
2.226380
2.199571
2.131644
2.259453
2.186963
2.185220
2.159549
2.143224
1.965449
2.147161
2.120701
2.161648
2.134291
2.151943
2.124164
2.274917
2.290518
2.136043
2.187995
2.162142
2.141856
2.199031
2.131791
2.158973
2.217373
2.093074
2.208701
2.237947
2.083784
2.057236
2.191070
2.144135
2.092588
2.188090
2.194597
2.189388
2.233625
2.118434
2.252791
2.224539
2.114413
2.174309
2.163644
2.153722
2.145936
2.061544
2.149578
2.146001
2.157508
2.150872
2.211785
2.199059
2.161745
2.113741
2.095945
1.975740
1.928423
2.063581
2.014301
1.964508
1.966938
1.868569
1.940346
1.984956
1.740804
2.039595
1.995689
2.082908
2.039549
2.069191
2.073276
2.058104
2.038399
1.995425
2.044865
2.027019
1.995101
2.022001
2.058173
2.032236
2.125458
2.133656
2.137547
2.169644
2.113649
2.017744
2.053977
2.025554
2.046257
2.035482
2.059187
2.004814
2.036232
1.984945
1.986346
1.984410
1.910480
1.981012
1.916086
1.934747
1.880440
1.968923
1.876684
1.956113
1.965589
1.935413
2.065755
1.965194
1.953470
2.009612
2.005852
2.022838
2.045927
2.054856
2.019348
1.939407
2.011553
2.001524
1.962022
2.082662
2.059440
2.099883
2.004019
2.029437
2.054343
2.088155
2.052611
2.026600
2.022119
1.986997
2.067351
2.047121
2.065934
2.071247
2.030061
2.096472
2.109267
2.116364
2.088999
1.989662
2.108726
2.009859
2.000558
1.970402
1.945471
2.082652
2.083658
2.024691
1.994213
1.994557
1.952868
1.962081
2.034071
2.014252
2.173665
1.977823
2.002917
2.112634
2.115504
2.071504
2.033986
2.122126
2.044118
2.044790
2.000388
2.029578
2.138328
2.119361
2.109881
2.038138
2.184135
2.122326
2.074401
2.076494
2.268466
2.208336
2.177743
2.098859
1.953756
2.100212
2.071670
2.101525
2.087301
2.060082
2.079272
2.134843
2.094496
2.038229
2.071085
2.152905
2.032936
2.006391
2.139914
2.062161
1.949220
2.016268
2.076431
1.999524
2.031401
1.981923
2.085463
2.082652
2.017181
1.996876
2.010072
2.030951
2.005620
2.042038
2.122262
2.046987
1.929070
2.041985
1.996990
2.063753
1.949665
1.964013
1.961216
2.044475
1.946462
1.949940
1.864391
1.843774
1.874983
1.845208
1.928629
1.976375
1.968519
2.091043
2.008549
1.925957
1.907860
1.944264
1.808530
2.033825
2.011643
2.012290
1.922609
2.051653
2.112658
2.099102
2.046148
1.996315
2.055008
2.035880
2.073115
2.034179
2.077843
2.075510
2.090008
2.126905
2.052097
2.023376
2.023746
1.972218
1.991806
2.189482
2.122303
2.189867
2.220809
2.283336
2.126974
2.139886
2.219311
2.188274
2.163177
2.164878
2.210663
2.130009
2.118722
2.073689
2.106916
2.075800
2.087340
2.094362
2.062176
2.075775
1.995437
2.103945
1.969269
1.913121
1.980558
2.075646
2.027122
2.030234
2.067282
2.041232
2.141446
2.087695
2.103567
2.086886
2.144511
1.982682
2.034795
2.102485
2.087865
2.022092
1.962622
1.996673
2.084312
2.140878
2.059895
1.908650
2.139412
2.102722
2.041108
2.041244
2.065825
1.921475
1.955588
1.977914
2.003592
2.010412
1.982838
2.049633
2.054046
1.980222
2.005913
2.037888
2.219881
2.215406
2.158077
2.294542
2.149357
2.075058
2.118528
2.153098
2.038554
2.141474
2.088885
2.097082
2.077644
2.063997
2.099699
2.059082
2.032026
2.043983
2.093945
1.984262
1.980302
1.956104
1.963619
2.226520
2.145204
2.210955
1.906262
2.210876
2.066681
2.120648
2.080292
2.144606
2.135972
2.132731
2.073804
2.130409
2.061027
2.084922
2.115102
2.150115
2.036613
2.085580
2.001566
2.020261
2.078842
2.027315
2.253823
2.132845
2.154525
2.410774
2.379277
2.262727
2.259774
2.316106
2.254541
2.271699
2.212323
2.207610
2.239868
2.170072
2.172666
2.153255
2.223244
2.137230
2.078370
2.088780
2.041939
2.059176
2.228558
2.150286
2.175891
2.285874
2.147384
2.123754
2.132628
2.192488
2.058156
1.966022
2.200368
2.082563
2.029937
1.999525
1.951636
1.980277
2.047272
2.092078
2.102896
2.110583
2.059792
2.011660
2.099711
2.050285
2.028966
2.088771
2.087008
2.171603
2.092267
2.072119
2.016076
2.187907
2.169643
2.119122
2.149854
1.971231
2.045387
2.041003
2.075565
2.080084
2.116085
2.247793
2.114808
2.031632
1.972938
2.069678
1.973857
1.954891
1.994127
2.006349
2.050632
2.097174
2.033164
2.114510
2.110134
2.067614
2.081020
2.067747
2.111022
2.043014
2.052805
1.975573
2.035553
2.036353
2.054000
2.045425
2.054409
2.099492
2.018753
2.076679
2.033652
2.062605
2.033387
2.083075
2.053296
2.088489
2.012789
2.060649
2.128952
2.074279
2.011666
2.044884
1.965106
2.047841
1.989964
1.959471
1.973575
1.873453
1.882638
1.834786
1.891778
1.831231
1.966668
1.897337
1.934915
1.663059
1.878741
1.870302
2.031849
2.083300
2.091359
2.108186
2.093761
2.110125
2.123878
2.146076
2.183802
2.088296
2.196537
2.139062
2.046903
2.101869
2.160671
2.128180
2.067469
2.066591
2.029447
2.051304
2.078727
2.144240
2.119286
2.092339
2.088036
2.127332
2.119294
2.124565
2.130579
2.107125
2.069755
2.152045
2.180668
2.165913
2.139781
2.081844
2.000208
2.104317
1.985564
1.980945
2.013767
2.005585
1.987948
2.010627
2.063561
2.083485
2.012834
2.026546
2.050743
2.097541
2.082924
2.174625
2.061986
2.123236
2.134255
2.140346
2.136973
2.198766
2.131858
2.046368
2.126748
2.145010
2.229125
2.090524
2.126298
2.179558
2.242070
2.226094
2.228447
2.250345
2.210362
2.371932
2.359609
2.398811
2.252064
2.209633
2.213973
2.170801
2.076966
2.079407
2.161495
2.172724
2.211919
2.236560
2.214525
2.183434
2.284946
2.197878
2.222957
2.251065
2.250469
2.315515
2.224271
2.209279
2.259318
2.183554
2.125525
2.135324
2.181092
2.116493
2.181750
2.149021
2.106500
2.071514
2.136396
2.046474
2.051422
2.058832
2.000369
2.169817
2.060936
2.046201
2.055180
2.037240
2.026494
1.983774
1.916654
2.039848
1.965712
1.977138
1.894700
1.969395
1.944300
1.990041
1.905949
1.739897
1.881018
1.947220
1.953361
1.972650
1.971133
1.960906
1.967915
1.969194
2.098002
2.032454
2.048679
2.065235
2.087249
1.965822
2.011855
2.041481
2.118049
2.052977
2.067840
2.041523
1.987709
2.012456
1.984873
2.091513
2.017393
2.067225
2.120034
2.140984
2.120249
2.160782
2.180000
2.216780
2.144454
2.198700
2.105596
2.135569
2.143551
2.071956
2.023091
2.090862
2.078113
2.005639
2.010162
1.993525
1.934332
1.996963
2.048580
2.009162
1.984666
2.037136
1.945117
2.113843
1.997696
1.981858
2.047138
1.971277
1.945122
1.985546
1.881372
1.883440
1.881755
1.920722
1.893942
1.958106
1.970503
2.047009
1.993352
2.048164
2.067548
2.050238
2.032835
2.108358
2.082623
2.037980
1.935352
2.037699
2.063796
2.133356
2.049474
2.018769
1.967791
1.973445
1.990999
2.012913
2.002726
1.927054
1.979868
2.082658
2.074463
2.044359
2.095844
2.035134
2.085590
2.180291
2.143727
2.119317
2.104525
2.110437
2.096995
2.124619
2.145367
2.212235
2.182533
2.159388
2.118893
2.079520
2.154329
2.111728
2.059280
2.102180
2.175894
2.179703
2.096310
2.170186
2.107795
2.120497
2.136532
2.088600
2.146177
2.112365
2.106239
2.133197
2.088144
1.994799
2.160932
2.236483
2.140202
2.202533
2.083973
2.046386
2.126840
1.916878
1.986690
2.032687
2.029806
2.144718
2.007003
2.093404
2.092590
2.110766
2.125130
2.059329
2.094651
2.002224
2.096596
2.017877
2.024926
2.101374
1.999620
2.066857
2.037717
1.975216
2.036468
1.985171
1.973503
2.000076
1.963737
1.967985
1.964539
1.953221
1.998583
2.046012
2.009134
1.937409
1.935532
1.907980
1.928407
1.905188
1.912301
1.943316
1.964068
1.942436
2.003340
2.015716
1.928575
1.944032
1.871560
1.870373
1.920162
1.917805
1.909775
1.852589
1.897697
1.953434
2.013123
1.904635
1.984851
1.957307
1.911140
1.987654
2.035548
2.033761
1.950506
2.120581
2.098916
2.121135
2.072737
2.068167
2.076082
2.094206
2.076288
2.031769
2.040606
1.828918
2.050529
2.091859
2.109584
2.117664
2.040927
2.057999
2.045071
2.000724
1.974089
1.974041
1.980724
2.100662
2.167714
2.097481
2.129783
2.086114
2.054878
1.988183
1.951231
1.918338
1.987521
1.966956
2.213573
2.101174
2.163888
2.033938
2.121582
2.063251
2.160066
2.125219
1.962401
2.011457
2.089942
2.070513
2.031322
2.038252
1.977044
2.040024
2.033274
2.114820
2.049929
2.127151
2.126294
2.087574
2.043388
2.004581
2.016288
2.061806
2.078685
2.035771
2.048960
2.038078
2.014028
2.041184
1.970819
2.008298
1.917028
1.998775
2.015865
1.992481
1.986709
2.002901
1.996914
2.139682
2.118221
2.176582
2.049672
1.834850
2.012944
2.042904
2.045511
2.067207
2.086586
2.118442
2.126687
2.109834
2.182307
2.200495
2.125295
2.134080
2.097793
2.095277
2.033367
2.046684
2.028307
2.056128
2.082824
1.967197
2.029889
1.948418
2.111172
1.970607
1.952816
2.000983
2.064110
2.177446
2.196419
2.091660
2.137673
2.146927
2.134110
2.130418
2.090526
2.026728
2.011096
1.981023
2.007422
2.047635
2.077158
2.055287
2.251444
2.106438
2.159375
2.075329
2.071743
2.182371
2.223625
2.296993
2.220830
2.167348
2.187422
2.178844
2.248080
2.175664
2.220704
2.250531
2.284791
2.254918
2.301473
2.187567
2.174127
2.179373
2.123229
2.183475
1.984417
2.186215
2.172602
2.061611
2.046185
2.066711
1.995275
2.069995
2.073442
2.001908
2.042278
2.051490
2.051693
1.980428
2.074062
1.944024
1.910368
2.122912
2.081274
2.065413
2.186645
2.079196
2.154916
2.092173
2.028494
2.031949
1.968344
2.039638
2.068363
2.036534
2.038855
2.053082
2.069108
1.883652
1.904613
1.950287
2.008134
2.008266
2.043229
2.090532
2.093187
2.172153
2.033319
2.053723
2.089568
2.009201
2.175961
2.065452
2.101147
2.053678
2.124235
2.033576
2.090959
2.126301
2.066910
2.060539
2.120260
2.101163
1.965470
1.771558
2.044127
2.067856
2.071568
2.081340
2.121559
2.067967
2.122087
1.985471
2.123139
2.205850
2.012161
2.002067
1.913539
1.929037
2.019711
1.977385
2.104942
2.064057
2.045899
2.093844
2.162634
2.149989
2.176477
2.087753
2.126023
2.196192
2.147633
2.151086
2.090822
2.020769
2.214519
2.133908
2.230015
2.128564
2.137425
2.263666
2.267430
2.256624
2.299459
2.178819
2.276036
2.282920
2.257754
2.236347
2.172178
2.180680
2.158822
2.206102
2.147432
2.141342
2.144999
2.071817
2.070296
1.836306
2.091813
2.064302
1.988053
2.066311
2.116910
2.051505
2.075757
2.105860
2.120650
2.048863
2.087866
2.014815
2.232879
2.163562
2.171737
2.141725
2.096545
2.183939
2.147791
2.176813
2.251585
2.132837
2.168304
2.140969
2.166307
2.222390
2.216643
2.155612
2.228565
2.066548
2.119663
2.106957
2.124552
2.062101
2.125816
2.046931
2.178104
2.125829
2.217852
2.213398
2.234154
2.217460
2.109649
2.155477
2.251914
2.267904
2.254035
2.326628
2.274215
2.251774
2.339392
2.374933
2.335024
2.276907
2.257483
2.170256
2.206717
2.222994
1.901880
2.226552
2.230233
2.250900
2.177073
2.147873
2.110008
2.092824
2.025703
2.028234
2.076618
2.133085
2.062390
1.996050
1.869753
2.064959
1.944531
2.014903
2.018553
2.108287
2.060636
2.164428
2.208179
2.144644
2.082645
2.156505
2.190458
2.200814
2.136624
2.124403
2.043995
2.082520
2.107800
2.082412
2.007206
2.004366
2.019684
1.924826
2.055282
2.019890
1.996643
2.029458
2.076622
1.993211
2.034052
2.011005
2.076177
2.058341
1.987452
2.046561
2.102796
2.060506
2.037748
2.033576
1.984730
2.015599
2.069959
2.015762
2.090053
2.043103
2.085780
2.008728
1.920252
1.909291
1.875761
2.015371
1.724536
2.033502
2.142200
2.232836
2.226308
2.134897
2.079257
2.166382
2.111112
2.169705
2.062052
1.964348
2.080917
2.011631
2.047566
2.046131
2.067912
2.124535
2.177389
2.251966
2.151926
2.266565
2.250090
2.220438
2.177523
2.230481
2.124800
2.196182
2.275458
2.257524
2.203445
2.194250
2.103654
2.049799
2.193478
2.094451
2.112761
2.066053
2.142511
2.072859
2.051708
2.074431
2.306605
2.135545
2.125292
2.123914
2.089593
2.084369
2.032463
2.011732
2.021066
2.024569
2.075552
2.094187
2.034583
2.042706
2.086674
2.023261
2.001138
1.927634
1.749573
2.058538
1.975277
1.900487
2.051187
2.124003
2.157945
2.009043
2.041731
1.964891
2.106887
2.140302
2.018429
2.026592
2.148233
1.995251
2.069553
2.087451
2.059146
2.097672
2.033441
2.097851
2.082676
2.055052
2.040774
2.014230
2.025715
2.127632
2.065641
1.991699
2.127226
2.202220
2.095899
2.018019
2.023068
2.048787
2.053354
1.978772
2.036652
2.013100
2.015052
1.950270
1.965603
1.959693
1.961943
1.949859
1.936405
1.922640
1.935521
2.027453
1.983882
1.998126
1.999584
2.033462
1.950874
2.110873
2.004875
2.015184
2.162063
2.095262
2.068015
2.128606
2.124134
2.100157
2.135422
2.210351
2.163424
2.113696
1.871535
2.071709
2.188917
2.117614
2.124921
2.141169
2.129769
2.100401
2.076143
2.018580
2.145528
2.103544
2.020677
2.115650
2.138238
2.111411
2.116271
2.119014
2.152108
2.202765
2.150233
2.189990
2.142040
2.107888
2.042967
2.013053
2.059333
2.051630
2.006531
2.067971
2.007884
1.950193
2.045338
2.088275
2.025799
1.976260
2.036725
2.100657
2.055295
2.059787
2.082766
2.094799
2.101340
2.102417
2.101429
2.004030
2.030379
1.978285
2.001591
1.974738
1.989838
1.977367
2.001346
1.911120
1.915605
1.965332
2.001842
1.896160
2.065530
2.017140
1.996929
1.988358
1.923610
1.988501
1.908709
1.865169
1.960987
1.910686
1.942125
1.732355
1.957330
1.904969
2.104834
2.148418
2.137258
2.046133
2.077575
1.993742
1.951495
2.041336
1.947887
1.998765
1.958460
1.973810
2.022779
1.967149
1.906775
2.029800
2.042121
2.090622
2.063526
2.043444
2.096723
2.158303
2.180869
2.039833
2.024094
2.057855
1.981651
2.030317
1.979752
1.995683
2.118935
2.057549
2.105137
2.089453
2.114258
2.028582
2.069950
2.072817
2.032425
2.080729
2.127836
2.106062
2.094094
1.996159
2.082606
2.067588
2.015543
1.978657
1.960320
1.957474
1.920255
2.001242
2.010949
1.922242
1.922272
1.885975
1.827150
1.856672
1.853233
1.912241
1.899389
2.022891
2.049197
2.022132
2.026883
1.951126
1.978050
1.722859
1.921691
2.014559
1.963478
1.912377
1.948494
1.973696
1.936459
1.918749
1.972204
1.961978
1.882336
2.017955
2.012494
2.009001
1.946083
2.013533
1.967780
1.927535
1.967898
1.849926
1.935532
1.966898
1.958195
1.930610
1.907485
1.953618
1.941381
1.875525
1.914852
1.833608
1.873768
1.964744
1.930896
1.963799
1.920218
1.957856
1.853047
1.996634
2.049128
2.091637
2.036241
2.067898
2.005423
2.154327
2.262896
2.080019
2.045275
2.024828
1.936438
1.989227
2.104577
2.176870
2.098989
2.186347
2.107248
2.167284
2.112973
2.196054
2.152920
2.176077
2.131693
2.076882
2.095804
2.122035
2.092618
2.039629
2.013331
2.100554
2.167742
2.006377
1.821304
2.069011
2.065568
2.047759
1.924199
1.975808
2.147625
2.069006
2.147230
2.023937
2.125063
2.102115
2.150262
2.137210
2.071117
2.100936
2.168183
2.062258
2.110626
2.030913
2.099708
1.991749
2.036358
1.947895
1.978351
2.007573
2.015775
2.149352
2.194193
2.030961
2.113079
2.075005
2.077199
1.991576
2.110961
2.091740
2.014569
2.194040
2.234415
2.217026
2.099291
2.022785
2.084640
2.098373
2.036788
2.135203
2.106966
2.208477
2.146089
2.144105
2.048664
2.102209
2.053510
2.039392
2.017770
2.033827
2.050241
1.997758
1.988243
1.918591
1.987556
2.049705
2.174660
2.243044
2.115958
2.026919
2.083377
2.099056
2.067118
2.087107
2.120897
2.103505
2.039964
2.080961
2.018826
1.987269
1.951315
2.007109
1.999031
1.964568
2.070704
2.027106
2.111913
2.149342
2.113608
2.007208
2.007948
2.181941
2.099360
2.129474
2.132924
2.116264
2.056016
1.995736
2.034645
2.006806
1.902461
1.942005
2.020541
1.955204
1.948761
2.002199
2.039992
2.017519
1.999233
2.012984
1.991839
1.869189
2.112761
2.001285
1.965913
1.887767
2.020429
1.893575
1.936378
1.898766
1.842686
1.859868
1.878362
2.007432
2.058587
2.079689
2.036635
2.037152
2.138931
2.175398
2.180235
2.132049
2.155786
1.870461
2.078836
2.131272
2.089089
2.025337
2.043939
2.044568
2.038243
2.056643
1.989097
1.956861
2.101544
2.083689
2.112396
2.110131
2.108166
1.896874
2.037902
2.059549
2.058221
2.138264
2.168417
2.047400
2.086148
2.034584
2.084585
2.132454
2.027663
2.036360
2.010577
1.981828
2.005162
2.119824
2.045029
2.018736
1.983175
2.030189
2.131586
2.092180
2.099043
2.071826
1.997847
1.928156
1.984101
2.022632
1.956555
2.019675
1.971951
2.005802
2.105989
2.110750
2.075261
2.090853
2.065859
1.998381
1.989302
2.021055
1.961158
1.977266
1.952189
2.044533
1.949705
2.059863
2.002911
2.134909
1.982023
2.078792
2.161414
2.176652
2.319674
2.153467
2.226959
2.247396
2.170505
2.103953
2.089109
2.072676
1.977299
2.012252
1.920238
1.947239
1.940686
1.935232
1.987591
1.960537
1.995238
2.088550
2.206989
