2.279424
2.297645
2.192333
2.312433
2.211783
1.919891
1.515959
1.247975
2.015347
1.944864
1.886880
1.551622
1.262995
0.888538
0.963185
0.727996
0.658713
1.380304
0.823129
0.972114
0.815606
0.682811
0.731159
0.855365
0.380701
0.599882
0.545335
0.439150
0.235843
0.233855
0.297420
0.288501
0.242348
0.349495
0.209250
0.655535
0.290452
0.197128
0.150542
0.699059
0.535810
0.241796
0.209421
0.440285
0.185659
0.072241
0.364875
0.167240
0.357330
0.410985
0.418071
0.257786
0.101698
0.223278
0.129276
0.341628
0.237178
0.204132
0.117629
0.253825
0.116060
0.091956
0.263834
0.736862
0.349952
0.147348
0.207019
0.310475
0.157005
0.221468
0.428781
0.262796
0.201443
0.164932
0.705640
0.623710
0.409732
0.220260
0.097765
0.428328
0.312342
0.116363
0.121049
0.186242
0.042956
0.399929
0.264709
0.072873
0.143753
0.350152
0.233312
0.126102
0.177217
0.190512
0.300132
0.029384
0.395647
0.078008
0.478027
0.096144
0.230344
0.361426
0.130799
0.025915
0.184897
0.259247
0.175148
0.058918
0.127031
0.163637
0.227067
0.126261
0.327250
0.847583
2.452380
1.085783
0.765110
0.266238
0.446318
0.443793
0.332328
0.227401
0.093357
0.272517
0.228784
0.329237
0.513175
0.221367
0.398484
0.296556
0.198975
0.094043
0.562426
0.116119
0.207008
0.067983
0.058749
0.162131
0.125978
0.356497
0.208595
0.179848
0.101361
0.399292
0.199735
0.181489
0.022567
0.063651
0.136773
0.329520
0.233770
0.267363
0.111845
0.590627
0.251922
0.068526
0.105222
0.122712
0.047879
0.166440
0.169328
0.363668
0.353499
0.061917
0.277238
0.319829
0.168125
0.089287
0.289222
0.139412
0.120485
0.156663
0.338082
0.105471
0.220457
0.162385
0.296159
0.118081
0.011413
0.086994
0.044012
0.376238
0.121184
0.557256
0.503026
0.331270
0.605163
0.198409
0.552629
0.497364
0.111154
0.273100
0.039787
0.049364
0.015291
0.361168
0.348361
0.081247
0.241558
0.113009
0.226174
0.502066
0.208890
0.292364
0.592540
0.052545
0.207314
0.091755
0.079859
0.028011
0.137155
0.501125
0.117440
0.036289
0.049568
0.106690
0.388635
0.132765
0.612544
0.338696
0.427090
1.439981
0.902281
1.928289
0.939846
0.237344
0.238381
0.430725
0.351305
0.231686
0.033001
0.355526
0.180519
0.231144
0.234597
0.188608
0.025384
0.259370
0.184330
0.066921
0.120861
0.176368
0.105851
0.205276
0.110480
0.062276
0.072812
0.248162
0.030022
0.053639
0.181212
0.143444
0.132680
0.185188
0.152985
0.380470
0.132187
0.097118
0.102671
0.110302
0.171337
0.110619
0.066236
0.065787
0.156969
0.196831
0.235195
0.122895
0.258133
0.268435
0.331318
0.038418
0.096251
0.081484
0.055000
0.409479
0.174340
0.131083
0.064766
0.265387
0.215871
0.036244
0.137042
0.194599
0.261566
0.348873
0.112717
0.042328
0.076984
0.326178
0.078790
0.161053
0.056674
0.130143
0.118914
0.090452
0.113067
0.104311
0.065405
0.085291
0.285724
0.121934
0.197184
0.068864
0.119286
0.229148
0.172923
0.191187
0.084170
0.163032
0.042096
0.010239
0.207500
0.057653
0.399489
0.052310
0.556193
0.095238
0.282131
0.021718
0.280801
0.087410
0.285858
0.018056
0.016985
0.199008
0.455047
0.305963
0.053654
0.284899
0.390085
0.507379
0.206912
0.094836
0.167609
0.225864
0.412593
0.164417
0.199575
0.352562
0.238280
0.076343
0.269560
0.454882
0.033916
0.063512
0.228966
0.051079
0.134076
0.037563
0.047455
0.058889
0.058258
0.420080
0.338867
0.142324
0.200967
0.031389
0.020654
0.004009
0.182039
0.115976
0.024501
0.150787
0.090536
0.024167
0.095967
0.229806
0.106787
0.130558
0.088725
0.227301
0.060777
0.132581
0.326780
0.086312
0.430221
0.008135
0.140729
0.654417
0.233894
0.036254
0.058241
0.024099
0.268643
0.217784
0.152510
0.323601
0.291356
0.379846
1.333131
2.017775
1.436472
0.357401
1.633206
0.190176
0.274519
0.252423
0.048606
0.210650
0.136390
0.119963
0.122637
0.135296
0.041664
0.015739
0.009044
0.193165
0.360943
0.051339
0.322945
0.038433
0.049045
0.091068
0.083104
0.050847
0.360727
0.104379
0.235097
0.094940
0.238623
0.388054
0.266649
0.083960
0.060468
0.039533
0.121180
0.295586
0.108523
0.042457
0.020808
0.073673
0.058872
0.215197
0.393595
0.461796
0.144886
0.036046
0.040406
0.293278
0.034025
0.176642
0.421678
0.017380
0.041733
0.364137
0.051872
0.266781
0.060153
0.120183
0.500949
0.233453
0.017083
0.191185
0.103340
0.004673
0.073662
0.214816
0.090451
0.030171
0.290919
0.720825
0.159238
0.497160
0.563084
1.246945
1.800970
1.405120
0.751948
0.018467
0.023443
0.157739
0.048310
0.033360
0.192553
0.101667
0.154657
0.057432
0.072023
0.033118
0.176455
0.092210
0.014002
0.079648
0.187402
0.073997
0.026171
0.155196
0.099119
0.494113
0.168819
0.319511
0.025526
0.152757
0.042452
0.082722
0.052520
0.331022
0.114939
0.163046
0.332266
0.166029
0.321132
0.200951
0.006007
0.388823
0.073347
0.041785
0.328158
0.127914
0.039921
0.271952
0.183351
0.084918
0.157619
0.221394
0.251372
0.075214
0.063527
0.259097
0.155366
0.070192
0.280868
0.310237
0.591720
0.195306
0.175960
0.122142
0.009699
0.354791
0.051900
0.177396
0.269223
0.067804
0.110578
0.027881
0.078165
0.141392
0.050519
0.071070
0.115568
0.037847
0.101046
0.031855
0.110766
0.318176
0.057297
0.049616
0.060335
0.153408
0.221905
0.012301
0.057847
0.053424
0.039597
0.567186
0.137159
0.103001
0.257757
0.243426
0.138264
0.571499
0.203978
0.192518
0.114932
0.118072
0.179519
3.645431
1.957635
1.729650
2.778357
0.214627
0.282973
0.007928
0.058247
0.051543
0.158566
0.050919
0.044275
0.019812
0.324756
0.067568
0.041908
0.309571
0.096820
0.077447
0.071175
0.052897
0.259037
0.070312
0.042539
0.089021
0.064964
0.035562
0.049843
0.132247
0.306434
0.200484
0.050491
0.032498
0.075363
0.016900
0.310864
0.215796
0.462553
0.472032
0.358133
0.042946
0.279798
0.186880
0.033905
0.190599
0.081990
0.049673
0.202495
0.142655
0.377023
0.052943
0.063391
0.238448
0.059746
0.219898
0.142496
0.181001
0.075444
0.477471
0.212833
0.176508
0.253480
0.262593
0.019757
0.099376
0.097548
0.055845
0.057303
0.029503
0.056940
0.005956
0.153692
0.024780
0.039037
0.069668
0.090499
0.104627
0.026851
0.190538
0.353808
0.016405
0.105344
0.063832
0.166634
0.298259
0.024858
0.035582
0.139753
0.022807
0.084526
0.154577
0.103204
0.175379
0.130121
0.146065
0.015906
0.031320
0.466012
0.109823
0.151058
0.388278
0.162642
0.059768
0.130531
0.157384
0.302263
0.139539
0.034656
0.121521
0.156840
0.100320
0.259278
0.080278
0.308906
0.725081
0.172561
0.063449
0.327689
0.051665
0.069678
0.007534
0.136581
0.081196
0.010089
0.042788
0.198073
0.748433
0.208131
0.017549
0.267714
0.053378
0.089712
0.009613
0.490726
0.046701
0.217620
0.054242
0.015500
0.154699
0.494672
0.033689
0.055607
0.134765
0.111865
0.052119
0.020353
0.053950
0.024133
0.332590
0.068377
0.102313
0.390717
0.080009
0.123454
0.383852
0.057594
0.023772
0.099781
0.014577
0.234720
0.080427
0.244525
0.130984
0.010320
0.417668
0.101381
0.128606
0.011762
0.062559
0.177963
0.010827
0.006424
0.019975
0.055159
0.041025
0.024882
0.048087
0.129938
0.036495
0.351924
0.359209
0.689257
0.616425
0.231275
0.165404
0.149680
0.065835
0.013055
0.150124
0.019012
0.210055
0.010670
0.265393
0.021635
0.171717
0.021452
0.215334
0.377615
0.290674
0.179137
0.224596
0.305274
0.120224
0.003795
0.036514
0.019058
0.039250
0.025760
0.178241
0.360580
0.074064
0.059961
0.066305
0.144507
0.101046
0.180509
0.069744
0.207579
0.095433
0.008903
0.119743
0.111933
0.260679
0.506919
0.047855
0.017081
0.270422
0.241681
1.185870
1.131982
4.549439
8.134390
0.836816
0.406886
0.369324
0.142170
0.016603
0.090684
0.026319
0.088070
0.095563
0.025030
0.233250
0.057099
0.257287
0.019058
0.141488
0.127646
0.250552
0.029544
0.106494
0.363359
0.130006
0.870927
0.048009
0.150717
0.052015
0.027820
0.012482
0.035462
0.026537
0.012324
0.590598
0.246649
0.163590
0.160257
0.056039
0.120700
0.078024
0.011706
0.054458
0.170049
0.017062
0.211863
0.041099
0.022567
0.087990
0.042266
0.276179
0.089582
0.070714
0.163823
0.178419
0.227969
0.098569
0.073432
0.035135
0.029951
0.293375
0.198282
0.298140
0.116409
0.058333
0.204958
0.157807
0.077540
0.069963
0.263622
0.089992
0.024520
0.412404
0.117983
0.094399
0.016711
0.285499
0.187977
0.129977
0.030395
0.197506
0.103208
0.068626
0.175642
0.274743
0.114953
0.238091
0.042650
0.061664
0.044682
0.170059
0.255461
0.087149
0.121093
0.083295
0.193917
0.225103
0.065342
0.445402
0.020007
0.072612
0.287724
0.134346
0.026564
0.152942
0.243591
0.083989
0.020009
0.083649
0.032533
0.066876
0.036345
0.138342
0.104684
0.080512
0.039872
0.029610
0.150655
0.048008
0.050437
0.015986
0.119106
0.014179
0.080687
0.008092
0.017739
0.006067
0.129343
0.115286
0.297652
0.045459
0.308915
0.063439
0.151865
0.216217
0.124309
0.304913
0.127101
0.086509
0.011703
0.112646
0.054599
0.026009
0.028575
0.342598
0.120948
0.064338
0.120425
0.251382
0.006026
0.014206
0.314565
0.381748
0.030709
0.157903
0.274535
0.202109
0.016862
0.429468
0.081267
0.019425
0.069312
0.168515
0.062952
0.035360
0.479138
0.039319
0.095844
0.070373
0.400942
0.004745
0.112341
0.011739
0.120257
0.134359
0.024967
0.251368
0.094039
0.073092
0.380696
0.130828
0.140725
0.056376
0.055177
0.048560
0.128371
0.209256
0.006293
0.402204
0.045058
0.538302
0.018579
0.148224
0.042249
0.133147
0.236635
0.114536
0.280423
0.004819
0.324658
0.236252
0.272572
0.077551
0.063449
0.013595
0.015290
0.127575
0.153873
0.463391
0.218884
0.149777
0.506957
0.155658
0.406537
0.125477
0.006587
0.086195
0.011803
0.026913
0.232719
0.072044
0.174774
0.031456
0.215045
0.947254
0.223112
0.381711
0.118150
0.217168
0.005051
0.144599
0.102665
0.118946
0.220059
0.208920
0.702345
0.204517
1.338575
1.004174
2.523899
1.292360
0.432374
0.236340
0.090269
0.110934
0.004752
0.004333
0.151983
0.127906
0.086684
0.060321
0.046121
0.081560
0.011975
0.105356
0.114464
0.135556
0.032169
0.013608
0.051561
0.093271
0.184456
0.115999
0.089744
0.019168
0.303501
0.196338
0.006901
0.041113
0.168793
0.028516
0.287074
0.024496
0.015741
0.097864
0.008577
0.381980
0.291362
0.030159
0.077380
0.244488
0.072300
0.051996
0.031773
0.158642
0.014939
0.168842
0.381856
0.016302
0.012458
0.078222
0.188266
0.065848
0.010118
0.124118
0.017618
0.143158
0.098717
0.152612
0.005469
0.047005
0.188676
0.043165
0.035591
0.344120
0.105117
0.251852
0.210985
0.040229
0.152288
0.212358
0.227475
0.115575
0.026634
0.124075
0.200909
0.234490
0.061224
0.273197
0.219372
0.188127
0.023588
0.042994
0.362178
0.027188
0.269472
0.109322
0.037251
0.067084
0.105253
0.125482
0.492092
0.222063
0.125890
0.594946
0.319152
0.175501
0.244974
0.079448
0.039124
0.062624
0.402594
0.099848
0.758632
0.201271
0.064291
0.090209
1.056003
0.160793
0.150242
0.109873
0.250340
0.064843
0.161744
0.048265
0.009561
0.075003
0.022628
0.021674
0.262966
0.003615
0.168077
0.305136
0.339141
0.271259
0.128794
0.008776
0.322972
0.114905
0.238329
0.198389
0.073237
0.046688
0.380674
0.123135
0.014836
0.043526
0.392849
0.049431
0.008491
0.220711
0.388144
0.017051
0.118971
0.170358
0.321121
0.014083
0.194469
0.016310
0.134925
0.191446
0.051312
0.010852
0.075341
0.011580
0.029960
0.002962
0.009271
0.020476
0.256865
0.118056
0.008069
0.020541
0.392651
0.479087
0.237472
0.149121
0.147233
0.077341
0.223105
0.010321
0.049458
0.011256
0.093521
0.521352
0.101232
0.352620
0.107675
2.468922
5.008735
5.130839
3.590466
1.331813
0.467077
0.175260
0.289449
0.038619
0.232645
0.301426
0.179071
0.037404
0.053020
0.024142
0.313526
0.106109
0.216092
0.011548
0.308947
0.014092
0.180069
0.158427
0.110851
0.051164
0.038401
0.017094
0.189368
0.024928
0.015281
0.084859
0.095417
0.056022
0.078765
0.142961
0.010665
0.037877
0.026264
0.018188
0.014593
0.116255
0.101669
0.008618
0.020562
0.011105
0.373916
0.217434
0.029141
0.190862
0.030231
0.206398
0.156001
0.015757
0.265400
0.111545
0.087137
0.195347
0.128975
0.071420
0.052566
0.019301
0.038074
0.369714
0.282052
0.166292
0.222445
0.124468
0.030828
0.121634
0.022406
0.120242
0.038941
0.306459
0.004457
0.366605
0.231031
0.026778
0.264041
0.088705
0.114410
0.009277
0.384303
0.020069
0.011737
0.026993
0.070978
0.103554
0.154259
0.282346
0.109339
0.031079
0.067951
0.110794
0.038312
0.062700
0.034534
0.168712
0.025019
0.081884
0.146089
0.604617
0.053860
0.512886
0.019590
0.150674
0.243987
0.010826
0.025008
0.022587
0.033706
0.243197
0.027655
0.012207
0.026237
0.072563
0.087050
0.137237
0.078370
0.072256
0.034167
0.046716
0.164871
0.134978
0.025899
0.291669
0.007113
0.050771
0.032645
0.039553
0.299193
0.018916
0.340960
0.618263
0.005532
0.106699
0.029770
0.028870
0.174387
0.018204
0.062368
0.020397
0.055229
0.052175
0.060994
0.115248
0.246287
0.623389
0.130023
0.040852
0.083390
0.064190
0.088608
0.002546
0.006517
0.106499
0.053020
0.020146
0.022429
0.088906
0.317113
0.012363
0.226452
0.097091
0.160220
0.168109
0.069465
0.288603
0.091263
0.010046
0.077702
0.098302
0.032761
0.059823
0.069718
0.057643
0.053418
0.079768
0.008982
0.018922
0.242005
0.009378
0.049552
0.149739
0.155199
0.010189
0.265543
0.022686
0.220323
0.029105
0.008826
0.103208
0.057270
0.038094
0.127992
0.031835
0.402366
0.060088
0.287681
0.057937
0.040707
0.290176
0.015284
0.043521
0.024095
0.005410
0.123093
0.046224
0.135413
0.007931
0.092946
0.011993
0.058309
0.044929
0.027398
0.005197
0.185157
0.064960
0.246236
0.012825
0.177488
0.034744
0.008970
0.098725
0.059534
0.123698
0.572791
0.056194
0.071587
0.017895
0.134010
0.187497
0.175266
0.575885
0.197181
0.125214
0.049703
0.077135
0.008656
0.017315
0.026745
0.404748
0.250920
0.329292
0.167210
3.388730
15.678968
9.468525
6.106559
4.290403
3.446708
1.509676
1.308249
0.945507
0.924280
1.656488
0.746140
1.284216
1.018878
0.578784
0.495417
0.946096
0.859120
0.679136
0.628616
0.267663
0.945737
0.640703
0.238371
0.535025
0.295314
0.292170
0.230831
0.243079
0.261478
0.197408
0.163369
0.161690
0.286311
0.189183
0.216285
0.196032
0.153850
0.458977
0.390100
0.171353
0.161947
0.109537
0.236997
0.098236
0.093156
0.088599
0.243174
0.104927
0.042522
0.027262
0.304732
0.069222
0.220716
0.120086
0.161015
0.105522
0.120509
0.220736
0.161183
0.074928
0.248573
0.072841
0.172310
0.080148
0.040210
0.054982
0.306410
0.054161
0.067199
0.092795
0.031046
0.061353
0.154736
0.049891
0.039752
0.021006
0.033217
0.083036
0.060228
0.050051
0.244145
0.046018
0.159231
0.160085
0.109041
0.032747
0.183162
0.036655
0.105352
0.013869
0.156907
0.025143
0.264187
0.015774
0.068375
0.195661
0.056162
0.156323
0.122104
0.298124
0.061746
0.067430
0.569935
0.251577
0.030007
0.155704
0.173622
0.378806
0.111962
0.038108
0.182444
0.047154
0.334649
0.083877
0.020649
0.031880
0.167169
0.302145
0.190922
0.111249
0.051228
0.202269
0.022114
0.014791
0.045781
0.270871
0.148619
0.086964
0.113950
0.195172
0.291146
0.027744
0.048115
0.229239
0.130486
0.084274
0.095529
0.014902
0.177931
0.011112
0.016120
0.054911
0.116739
0.094514
0.210612
0.011965
0.085159
0.019999
0.003841
0.295060
0.012153
0.058684
0.214629
0.191820
0.051907
0.099705
0.040327
0.187064
0.016328
0.050250
0.131925
0.318977
0.103381
0.190206
0.345714
0.021489
0.111517
0.167676
0.046241
0.082870
0.068711
0.309683
0.029439
0.057546
0.056396
0.409539
0.232467
0.107372
0.107095
0.003504
0.285065
0.106642
0.140614
0.101378
0.140824
0.102979
0.286812
0.038475
0.036657
0.278970
0.016310
0.101118
0.095904
0.030280
0.292754
0.041203
0.025043
0.044477
0.006826
0.035564
0.106820
0.017103
0.276682
0.062498
0.042512
0.049113
0.008203
0.058540
0.039383
0.133267
0.057304
0.254487
0.088112
0.053499
0.122019
0.024394
0.171977
0.213571
0.337147
0.311717
0.030576
0.134058
0.035176
0.172277
0.044412
0.064036
0.135801
0.042422
0.212274
0.025013
0.044103
0.050511
0.034430
0.034526
0.094449
0.050422
0.152441
0.064131
0.014113
0.088724
0.323794
0.285519
0.046195
0.009866
0.067283
0.079396
0.002000
0.011048
0.030184
0.064883
0.011001
0.009341
0.303038
0.079000
0.065005
0.294771
0.346507
0.099364
0.017565
0.052864
0.002744
0.074266
0.023029
0.020641
0.005198
0.038373
0.308172
0.102967
0.116609
0.017509
0.024048
0.030073
0.667916
0.069777
0.035410
0.019565
0.047475
0.018514
0.059367
0.138283
0.468401
0.025735
0.022649
0.042374
0.116273
0.186701
0.152689
0.027129
0.009334
0.089762
0.021165
0.403072
0.097220
0.093628
0.138604
0.009319
0.150567
0.080934
0.068250
0.025591
0.079465
0.050899
0.068214
0.069692
0.062948
0.325947
0.056767
0.119780
0.091657
0.044156
0.022121
0.018262
0.132371
0.246119
0.339419
0.024971
0.308865
0.027167
0.051182
0.084757
0.143868
0.001942
0.207022
0.105623
0.063809
0.164720
0.001755
0.641359
0.004650
0.026125
0.133856
0.447994
0.064186
0.012903
0.175848
0.035690
0.004327
0.193565
0.017967
0.149098
0.000615
0.070954
0.881524
0.142392
0.071791
0.076862
0.257640
0.053719
0.012857
0.014463
0.166643
0.231974
0.202907
0.127894
0.510816
0.025793
0.111437
0.047262
0.196042
0.152672
0.021160
0.316486
0.003944
0.182063
0.032233
0.108598
0.386274
0.006099
0.020125
0.132809
0.010337
0.017730
0.178541
0.256521
0.111788
0.237813
0.041554
0.233925
0.130096
0.140134
0.400949
0.241711
0.090401
0.257693
0.083200
0.134176
0.147482
0.424760
0.069999
0.056767
0.071821
0.011838
0.283910
0.014893
0.018139
0.066305
0.050043
0.104972
0.159184
0.221225
0.099054
0.149342
0.212147
1.050754
0.236333
0.401622
0.866520
3.929503
5.767133
3.407139
0.021244
0.093259
0.030813
0.060990
0.051960
0.096434
0.026083
0.749980
0.032729
0.006864
0.194823
0.050889
0.436317
0.088379
0.012338
0.193882
0.072648
0.098703
0.264707
0.098872
0.106511
0.089141
0.013933
0.011191
0.088224
0.061207
0.137786
0.060272
0.082319
0.015576
0.003060
0.065609
0.024093
0.003543
0.174154
0.173456
0.087978
0.099978
0.205276
0.035924
0.090408
0.013333
0.077883
0.419301
0.019536
0.012407
0.210667
0.030103
0.191324
0.007407
0.034860
0.046250
0.026851
0.365082
0.193880
0.147272
0.282211
0.051078
0.013356
0.453736
0.010081
0.162890
0.057445
0.022259
0.057448
0.014950
0.009557
0.010388
0.298718
0.039921
0.065144
0.077623
0.037319
0.117824
0.030484
0.265825
0.393777
0.276498
0.268211
0.025577
0.023411
0.240546
0.050071
0.012623
0.006790
0.305061
0.158737
0.061134
0.020591
0.324071
0.164684
0.139229
0.005344
0.072323
0.161127
0.047167
0.164964
0.100952
0.016572
0.017216
0.175055
0.010966
0.201134
0.036593
0.349275
0.032426
0.349594
0.258562
0.005226
0.127451
0.017150
0.309695
0.041203
0.025090
0.005718
0.284428
0.072201
0.309610
0.065368
0.012154
0.448601
0.284368
0.150665
0.090883
0.069505
0.093034
0.193883
0.195017
0.003021
0.059679
0.070270
0.018373
0.186928
0.405280
0.446536
0.346217
0.003787
0.055711
0.274843
0.200295
0.028837
0.063292
0.007064
0.111581
0.367236
0.345935
0.008441
0.100445
0.217183
0.199497
0.236467
0.004096
0.076362
0.379643
0.152736
0.149014
0.545441
0.276316
0.237800
0.019029
0.166024
0.112544
0.104809
0.062316
0.291798
0.019959
0.015528
0.035022
0.495706
0.028071
0.128987
0.181136
0.200859
0.520359
0.001486
0.248813
0.009982
0.204719
0.082793
0.050994
0.144562
0.040367
0.155754
0.023518
0.091917
0.042486
0.229470
0.065314
0.069617
0.043895
0.053096
0.029368
0.003986
0.053400
0.014985
0.028411
0.311002
0.178475
0.020646
0.009257
0.022801
0.073478
0.094768
0.019038
0.012049
0.249910
0.027848
0.373865
0.081454
0.046079
0.094978
0.381974
0.234743
0.003673
0.145462
0.243880
0.638376
0.171806
5.917450
7.602022
2.147763
0.466034
1.635166
2.667740
0.008349
0.529971
0.020393
0.698647
0.074558
0.042140
0.031974
0.193375
0.007557
0.079813
0.035401
0.020704
0.079636
0.340863
0.032435
0.011353
0.014389
0.151326
0.056680
0.517563
0.044428
0.433815
0.021300
0.050891
0.019578
0.569620
0.192000
0.014738
0.057552
0.045882
0.225896
0.009426
0.094854
0.006835
0.156070
0.174292
0.023667
0.064899
0.023594
0.200185
0.060727
0.038976
0.053175
0.008306
0.029375
0.009391
0.064910
0.421788
0.159485
0.021646
0.166754
0.072661
0.098518
0.045051
0.030637
0.067685
0.009825
0.061349
0.444896
0.184672
0.418652
0.003202
0.159757
0.028831
0.038429
0.117927
0.151307
0.087621
0.002574
0.156503
0.022152
0.241761
0.007495
0.072214
0.304790
0.059654
0.385429
0.076018
0.061287
0.112536
0.131142
0.053987
0.095385
0.052336
0.027338
0.190663
0.012387
0.013299
0.199296
0.007946
0.085425
0.124923
0.545935
0.416806
0.029503
0.037734
0.150059
0.379520
0.286096
0.120489
0.352061
0.030128
0.165746
0.010534
0.137986
0.350855
0.107458
0.309203
0.167045
0.150192
0.031733
0.020877
0.062761
0.079121
0.012774
0.027354
0.137834
0.005136
0.095220
0.120412
0.554443
1.587648
11.951815
7.920049
4.121391
2.767573
1.661861
0.475536
0.762112
0.462064
0.332286
0.380673
0.205909
0.086202
0.077126
0.075538
0.125133
0.059204
0.048832
0.410362
0.039543
0.024792
0.050091
0.125452
0.029043
0.062806
0.073494
0.054229
0.022884
0.127709
0.025348
0.126037
0.097884
0.016552
0.154201
0.271052
0.072796
0.013995
0.030911
0.006623
0.210133
0.013325
0.109275
0.463169
0.303523
0.209561
0.309636
0.026921
0.123534
0.122985
0.088122
0.114812
0.109680
0.267540
0.558429
0.051512
0.100121
0.251358
0.091178
0.034555
0.107486
0.166709
0.160423
0.449358
0.057908
0.022932
0.048429
0.055095
0.013156
0.058574
0.035194
0.043892
0.008829
0.011947
0.107940
0.043176
0.074991
0.014728
0.070725
0.046734
0.184580
0.150904
0.014586
0.015960
0.449166
0.062766
0.016440
0.255219
0.137664
0.029990
0.106009
0.047257
0.060863
0.095105
0.381747
0.075154
0.226583
0.332030
0.013685
0.035213
0.237168
0.029035
0.170291
0.051721
0.340899
0.008782
0.005023
0.129951
0.005360
0.127939
0.066403
0.003476
0.098250
0.007756
0.183936
0.242001
0.002179
0.016907
0.042281
0.035155
0.075863
0.032220
0.012472
0.193329
0.090950
0.010749
0.232264
0.005199
0.032977
0.198788
0.055628
0.032974
0.033352
0.147978
0.256868
0.079620
0.073137
0.023907
0.078324
0.088236
0.422247
0.054526
0.032971
0.312425
0.013909
0.115538
0.164670
0.016539
0.310001
0.158327
0.042009
0.029063
0.238611
0.052800
0.017229
0.348885
0.053413
0.140465
0.665891
0.009001
0.078724
0.095199
0.387635
0.039084
0.040862
0.070136
0.054571
0.163962
0.008466
0.026578
0.225898
0.057182
0.001563
0.014971
0.162191
0.006054
0.073415
0.109539
0.015460
0.345047
0.055668
0.056991
0.233043
0.256677
0.002242
0.068571
0.112130
0.163259
0.013175
0.015828
0.107418
0.227571
0.138069
0.027014
0.030607
0.004198
0.029242
0.031043
0.292159
0.063281
0.038167
0.139882
0.148210
0.097949
0.032856
0.295566
0.023459
0.202301
0.024232
0.032882
0.023305
0.094992
0.149320
0.115521
0.099354
0.130805
0.175272
0.017958
0.306845
0.120756
0.170936
0.067716
0.223130
0.055453
0.011583
0.010738
0.124572
0.157390
0.219941
0.049245
0.024805
0.118307
0.193351
0.029916
0.001327
0.020564
0.047355
0.009206
0.065626
0.011010
0.284385
0.089988
0.089931
0.128643
0.019797
0.047920
0.744338
0.139953
0.049953
0.582726
0.177214
0.269006
0.392032
0.031146
0.042015
0.021820
0.191124
0.013286
0.172801
0.010558
0.039380
0.077002
0.024136
0.001719
0.154567
0.180414
0.011742
0.003199
0.226092
0.026839
0.007224
0.011937
0.303125
0.046544
0.003767
0.044655
0.155336
0.015117
0.016199
0.114568
0.007090
0.189284
0.013688
0.101217
0.018600
0.080553
0.203253
0.117643
0.042179
0.016001
0.010363
0.446816
0.067211
0.622187
0.041466
0.024984
0.365830
0.025512
0.015039
0.146016
0.085801
0.319724
0.207402
0.031625
0.011150
0.006370
0.005081
0.062251
0.080193
0.205725
0.180782
0.128046
0.094921
0.097294
0.866737
0.015377
0.161140
0.072406
0.057275
0.183503
0.028162
0.098194
0.040456
0.152664
0.041459
0.265288
0.007319
0.164136
0.014701
0.051644
0.098753
0.014542
0.221467
0.170314
0.017598
0.008041
0.124979
0.268885
0.290899
0.033123
0.004013
0.080409
0.201057
0.011161
0.357821
0.350345
0.642871
0.704173
3.639022
15.182892
26.663918
7.917266
4.752574
5.159741
1.657361
1.509938
1.208005
0.627566
0.484373
0.338668
0.161529
0.300138
0.303727
0.311309
0.100037
0.173486
0.419784
0.197338
0.124027
0.194838
0.424588
0.094517
0.159998
0.244670
0.102681
0.133701
0.215552
0.128402
0.091041
0.021457
0.067078
0.106580
0.050754
0.047004
0.063344
0.036853
0.127107
0.098658
0.052254
0.042672
0.176151
0.261891
0.073979
0.197208
0.066257
0.149033
0.048561
0.067562
0.075304
0.053505
0.177321
0.192949
0.139788
0.133275
0.153186
0.197528
0.260634
0.097532
0.329944
0.129959
0.044495
0.205407
0.100155
0.030101
0.368721
0.259990
0.090690
0.169116
0.374439
0.322922
0.135915
0.186493
0.018147
0.021767
0.096784
0.117174
0.069914
0.170624
0.016781
0.164573
0.072397
0.157367
0.050385
0.155822
0.020000
0.050985
0.012183
0.021796
0.321232
0.294696
0.021495
0.015886
0.251649
0.214981
0.172766
0.021638
0.079110
0.053577
0.006586
0.016097
0.333688
0.011100
0.090491
0.058860
0.200307
0.174111
0.155524
0.002771
0.069746
0.052120
0.011471
0.039644
0.039958
0.008186
0.098816
0.042295
0.039114
0.021611
0.183075
0.001846
0.086018
0.041058
0.041721
0.125207
0.376127
0.039548
0.065143
0.165495
0.037170
0.035925
0.101419
0.310514
0.155131
0.106118
0.141725
0.116193
0.072799
0.114521
0.132650
0.134123
0.105233
0.094544
0.016173
0.289570
0.047841
0.273448
0.215804
0.083202
0.032948
0.007756
0.405925
0.241233
0.184497
0.145615
0.108386
0.025581
0.015502
0.038797
0.097391
0.002309
0.045090
0.098740
0.042754
0.057438
0.014131
0.053497
0.118890
0.076703
0.014060
0.023904
0.015090
0.061603
0.036834
0.004846
0.023256
0.002533
0.081341
0.099647
0.103637
0.196932
0.282197
0.043463
0.035973
0.013335
0.128117
0.013862
0.337627
0.047218
0.023916
0.160949
0.112006
0.172457
0.176553
0.020818
0.323560
0.282486
0.143181
0.108823
0.002793
0.235460
0.025623
0.016802
0.104965
0.036441
0.019838
0.326513
0.090275
0.072607
0.274848
0.068064
0.043660
0.102730
0.082122
0.109484
0.051454
0.027127
0.385487
0.005214
0.172154
0.004487
0.007592
0.171248
0.026470
0.104921
0.125070
0.094425
0.005295
0.036380
0.124655
0.039866
0.002024
0.015283
0.022109
0.013700
0.030151
0.073561
0.005206
0.014543
0.011467
0.347935
0.010828
0.303234
0.238937
0.015461
0.013149
0.040881
0.024108
0.301761
0.053971
0.084240
0.048915
0.019000
0.004649
0.012180
0.076423
0.096844
0.010792
0.052743
0.004261
0.042399
0.221748
0.004693
0.044782
0.045234
0.062632
0.056807
0.177384
0.010870
0.010947
0.033683
0.299881
0.164384
0.292747
0.040475
0.133840
0.060208
0.076899
0.216185
0.117862
0.035530
0.018161
0.023367
0.170074
0.005693
0.020337
0.328828
0.059675
0.013315
0.184048
0.172280
0.040658
0.080031
0.818513
0.037457
0.016199
0.003992
0.041116
0.160403
0.079575
0.041727
0.008659
0.301689
0.254405
0.001064
0.085688
0.171562
0.127557
0.546036
0.266711
0.150387
0.029350
0.021702
0.013759
0.045899
0.319066
0.131579
0.036400
0.105612
0.530470
0.181203
0.378558
0.033292
0.090155
0.037481
0.065229
0.190823
0.085727
0.154993
0.121402
0.008261
0.023222
0.012084
0.053692
0.191207
0.017463
0.119440
0.210894
0.086027
0.111232
0.016168
0.131521
0.155070
0.074008
0.018744
0.124310
0.208622
0.251949
0.018861
0.022386
0.040537
0.088499
0.018404
0.022835
0.122195
0.095075
0.095665
1.262151
0.722084
9.282586
2.573368
0.038178
0.014050
0.315107
0.063860
0.047668
0.063398
0.028153
0.025203
0.328310
0.109378
0.069847
0.207457
0.026210
0.087918
0.056725
0.084655
0.035955
0.006835
0.492782
0.193821
0.002716
0.027110
0.026794
0.062397
0.039762
0.004409
0.135672
0.157456
0.323626
0.148611
0.205606
0.013592
0.051248
0.119644
0.170468
0.006749
0.375358
0.448277
0.046739
0.019444
0.134546
0.060908
0.340538
0.010495
0.081891
0.041878
0.002688
0.010539
0.064046
0.024966
0.030535
0.035181
0.123874
0.118666
0.010169
0.291264
0.131179
0.013759
0.045521
0.002234
0.015340
0.084858
0.002724
0.691885
0.148402
0.038004
0.075660
0.115073
0.189670
0.215768
0.030902
0.037863
0.155427
0.202263
0.008186
0.066666
0.481864
0.017956
0.172796
0.039172
0.004654
0.175572
0.134425
0.133419
0.050252
0.057977
0.890041
0.014253
0.116674
0.584948
0.152189
0.161956
0.156052
0.083659
0.257399
0.417790
0.064544
0.005204
0.012146
0.053270
0.285021
0.010395
0.002466
0.066363
0.217392
0.156647
0.302909
0.876837
1.772276
0.773710
0.313824
0.786184
0.098851
0.037858
0.103978
0.084896
0.017860
0.039275
0.440820
0.171457
0.280444
0.048306
0.151307
0.004010
0.181974
0.010265
0.429652
0.098701
0.114531
0.098174
0.257931
0.002173
0.085535
0.102987
0.129204
0.110231
0.024584
0.059653
0.027581
0.082449
0.047471
0.047869
0.211640
0.161265
0.003598
0.005755
0.089859
0.035550
0.287384
0.062585
0.027134
0.022716
0.051613
0.155179
0.005832
0.217297
0.149162
0.045408
0.089717
0.058537
0.201859
0.058572
0.026895
0.031528
0.028615
0.026883
0.320737
0.070883
0.037872
0.010219
0.001226
0.082633
0.453993
0.405367
0.010493
0.216831
0.112296
0.144296
0.102743
0.196345
0.002789
0.359737
0.227248
0.114626
0.024018
0.163655
0.088927
0.203091
0.081787
0.495392
0.114695
0.003863
0.028285
0.003420
0.055509
0.064742
0.131368
0.003538
0.152294
0.007046
0.119221
0.008214
0.015941
0.007300
0.080960
0.062760
0.151121
0.396310
0.007838
0.012010
0.172945
0.376135
0.057315
0.257073
0.024449
0.016608
0.001995
0.003480
0.152227
0.149309
0.706429
0.012104
0.121477
0.190661
0.006026
0.104328
0.219908
0.114473
0.053048
0.005030
0.345241
0.169120
0.103749
0.009667
0.141528
0.160049
0.366168
0.440964
0.006668
0.045733
0.008863
0.088889
0.043294
0.010366
0.039483
0.271877
0.119186
0.321024
0.338660
0.060393
0.218374
0.037817
0.228306
0.052595
0.012790
0.137673
0.148490
0.071136
0.194510
0.062327
0.332185
0.080053
0.272232
1.867708
16.656818
1.071985
0.475352
0.147388
0.171840
0.507940
0.233075
0.555663
0.141332
0.039587
0.013791
0.378766
0.016826
0.331608
0.295107
0.092990
0.077140
0.028920
0.062534
0.191797
0.206321
0.029059
0.074162
0.251761
0.051637
0.015197
0.008058
0.151175
0.087935
0.043293
0.021018
0.146594
0.006358
0.011830
0.218348
0.003657
0.077812
0.023353
0.013562
0.157186
0.021068
0.012846
0.069354
0.136663
0.060549
0.185942
0.039324
0.006357
0.012026
0.097036
0.076037
0.096208
0.052283
0.054910
0.220864
0.128119
0.046522
0.011411
0.023808
0.086894
0.244890
0.124315
0.007447
0.148458
0.081908
0.179670
0.090041
0.090240
0.071265
0.161132
0.007212
0.138723
0.218413
0.023732
0.221559
0.493132
0.126479
0.013940
0.159133
0.003448
0.107901
0.318585
0.064923
0.134435
0.078664
0.031759
0.079492
0.046795
0.418643
0.110866
0.022315
0.039392
0.090873
0.019782
0.073104
0.188732
0.125228
0.218462
0.040055
0.008281
0.181668
0.396981
0.101888
0.107832
0.062291
0.297702
0.023774
0.015055
0.011774
0.070182
0.087666
0.090292
0.244324
0.129772
0.083951
0.025313
0.004858
0.054724
0.197979
0.024880
0.016392
0.250620
0.017629
0.001870
0.034861
0.240824
0.190439
0.018390
0.130939
0.150434
0.023325
0.010989
0.025140
0.021914
0.257001
0.028061
0.327964
0.133131
0.175433
0.006878
0.001081
0.177284
0.377509
0.064849
0.055338
0.071382
0.029955
0.029069
0.055490
0.001021
0.003602
0.149638
0.024148
0.057214
0.348031
0.016474
0.007614
0.206375
0.038065
0.143180
0.048835
0.049756
0.094004
0.063508
0.069395
0.006830
0.288475
0.072193
0.094860
0.169290
0.284692
0.200540
0.027790
0.075282
0.078903
0.147483
0.063908
0.205205
0.105093
0.014630
0.021593
0.036962
0.030891
0.029091
0.012064
0.041167
0.007872
0.005874
0.034899
0.086596
0.275775
0.181870
0.002754
0.368008
0.019993
0.004944
0.024962
0.010075
0.303619
0.086253
0.048442
0.217428
0.135425
0.141325
0.003641
0.132778
0.132223
0.011147
0.292175
0.005039
0.015856
0.684753
0.045441
0.439711
0.038662
0.013220
0.108915
0.154424
0.006040
0.136478
0.047510
0.151946
0.090260
0.218529
0.195844
0.008235
0.066693
0.048355
0.001080
0.037558
0.093398
0.071287
0.671824
0.082939
0.022379
0.020200
0.015425
0.002193
0.034353
0.026720
0.140243
0.120041
0.068627
0.009905
0.026524
0.208718
0.001245
0.032481
0.229315
0.117760
0.101518
0.040913
0.026067
0.261525
0.086421
0.005226
0.008600
0.228229
0.003395
0.008899
0.499276
0.191945
0.035619
0.255899
0.129857
0.099878
0.001315
0.279842
0.039684
0.027879
0.008423
0.128119
0.035278
0.016395
0.237474
0.001865
0.416738
0.293807
0.252994
0.026887
0.334441
0.061819
0.005343
0.063343
0.065827
0.253086
0.002135
0.001826
0.157761
0.013218
0.266916
0.011807
0.146311
0.196197
0.029250
0.189591
0.011178
0.070035
0.024688
0.028387
0.051823
0.105670
0.011515
0.214456
0.374422
0.151795
0.239600
0.007761
0.009201
0.034082
0.140339
0.265363
0.091543
0.041605
0.025056
0.039093
0.014396
0.001362
0.045976
0.009133
0.023535
0.279564
0.280358
0.014574
0.118864
0.010644
0.073379
0.029604
0.220523
0.179874
0.015483
0.115577
0.805942
0.110070
0.002953
0.040166
0.260676
0.386412
0.791604
1.932368
8.671766
10.897240
7.424171
4.298618
0.891226
2.588111
3.451104
1.682019
4.914768
2.199933
1.619229
1.589738
0.977697
1.611369
1.502932
0.773726
0.469335
0.891057
1.190345
0.941945
0.641850
0.330514
0.484261
0.378902
0.489351
0.171734
0.345194
0.278891
0.391757
0.387618
0.069610
0.251025
0.152512
0.105515
0.151089
0.071860
0.339393
0.153478
0.308847
0.148303
0.311047
0.156760
0.215613
0.110785
0.118949
0.186635
0.149111
0.058116
0.294015
0.101053
0.173787
0.253922
0.151086
0.207785
0.209904
0.073008
0.252197
0.097993
0.150841
0.109617
0.162414
0.106834
0.243869
0.115097
0.078812
0.049755
0.087795
0.100178
0.092698
0.010917
0.139622
0.071207
0.086471
0.157872
0.019190
0.054129
0.080880
0.045527
0.025939
0.033648
0.175485
0.273728
0.067436
0.129749
0.119890
0.192193
0.002689
0.068555
0.251448
0.030838
0.025833
0.048679
0.161247
0.053962
0.162942
0.028437
0.061316
0.046519
0.065639
0.036032
0.008450
0.181582
0.241676
0.291289
0.060739
0.146901
0.022356
0.056113
0.026038
0.015260
0.114531
0.244611
0.062448
0.112804
0.028040
0.257249
0.206896
0.007626
0.113239
0.047995
0.091382
0.039868
0.086266
0.048507
0.024244
0.082815
0.095101
0.097232
0.023023
0.145681
0.220322
0.026563
0.055470
0.074101
0.060662
0.289243
0.144937
0.085416
0.027650
0.024963
0.008943
0.007702
0.046487
0.100052
0.046992
0.014643
0.311073
0.179035
0.044958
0.030153
0.218760
0.057122
0.017798
0.037012
0.123118
0.359185
0.080920
0.179141
0.359122
0.007045
0.164123
0.031443
0.254167
0.188255
0.140106
0.057335
0.309436
0.071535
0.098815
0.002098
0.369141
0.017593
0.047275
0.037794
0.039075
0.015126
0.061339
0.057621
0.010497
0.323179
0.024766
0.009680
0.039178
0.084976
0.336598
0.167733
0.008860
0.010424
0.017828
0.045725
0.003909
0.200097
0.008526
0.052167
0.307572
0.177196
0.005995
0.019239
0.112299
0.036208
0.037468
0.035725
0.089359
0.030472
0.015459
0.058942
0.008802
0.031988
0.201448
0.038323
0.107203
0.170412
0.018586
0.410346
0.003385
0.013220
0.023351
0.006464
0.068154
0.077774
0.141227
0.005063
0.274579
0.315084
0.004536
0.013466
0.007955
0.065429
0.041142
0.052134
0.191221
0.027354
0.137790
0.135523
0.007052
0.026986
0.415722
0.100891
0.245881
0.329213
0.279887
0.254171
0.017541
0.157263
0.034664
0.009449
0.053132
0.062760
0.002753
0.279520
0.030834
0.099747
0.001347
0.026050
0.052616
0.018682
0.046108
0.073501
0.163503
0.143527
0.007648
0.161124
0.043663
0.315258
0.008108
0.023271
0.079048
0.013454
0.049960
0.029050
0.024246
0.105756
0.381268
0.178995
0.007464
0.301055
0.007403
0.008322
0.347559
0.016997
0.127981
0.002699
0.158024
0.016388
0.020177
0.209767
0.012773
0.022252
0.285054
0.006388
0.189455
0.150167
0.084213
0.036053
0.282082
0.065243
0.234195
0.038307
0.284451
0.003612
0.080730
0.345114
0.037197
0.027683
0.558142
0.374465
0.146293
0.225814
0.020062
0.055708
0.165234
0.045040
0.029676
0.327606
0.002511
0.009422
0.058818
0.047661
0.034878
0.218342
0.157338
0.043176
0.013703
0.020122
0.088198
0.005693
0.162484
0.036488
0.224707
0.187605
0.022276
0.061445
0.018177
0.010087
0.035652
0.205554
0.004780
0.001238
0.469295
0.052635
0.211080
0.099039
0.024713
0.015331
0.022477
0.248214
0.004842
0.295076
0.130259
0.002830
0.255221
0.583237
0.143876
0.042608
0.017082
0.016731
0.283745
0.094553
0.007101
0.068030
0.089270
0.146195
0.012569
0.095981
0.001977
0.008876
0.010633
0.189932
0.078858
0.001372
0.039360
0.115065
0.032105
0.513622
0.143916
0.001179
0.006758
0.071929
0.093287
0.038236
0.042914
0.022760
0.319508
0.127034
0.014079
0.098552
0.180027
0.139354
0.013845
0.347093
0.022651
0.107419
0.027656
0.193184
0.002897
0.020635
0.022015
0.051405
0.005436
0.011726
0.067929
0.005757
0.005624
0.030125
0.003501
0.003552
0.045816
0.020465
0.032681
0.024186
0.633409
0.014208
0.398441
0.512085
0.700437
0.038661
0.022567
0.201325
0.185224
0.176899
0.169740
0.119965
0.078898
0.139621
0.004672
0.060168
0.120259
0.007657
0.315132
0.179282
0.013006
0.258103
0.042477
0.060382
0.103870
0.057915
0.493116
0.071844
0.110447
0.341866
0.433914
0.010647
0.231060
0.182641
0.070228
0.019019
0.183581
0.006689
0.078640
0.456998
0.013862
0.014568
0.238631
0.030137
0.018245
0.127650
0.083389
0.057874
0.142113
0.060631
0.011680
0.212683
0.072955
0.073856
0.142607
0.289781
0.039550
0.030029
0.001975
0.020693
0.181028
0.010905
0.395987
0.179542
0.180303
0.087240
0.136166
0.003962
0.352217
1.260332
5.480055
1.689453
0.055187
0.213251
0.051796
0.021280
0.016064
0.713965
0.122167
0.165036
0.020162
0.004838
0.001521
0.012888
0.295054
0.094691
0.094927
0.003628
0.051948
0.076358
0.008652
0.079299
0.092548
0.042369
0.038266
0.001748
0.018409
0.005965
0.161209
0.025406
0.144266
0.011127
0.157295
0.026336
0.004281
0.078366
0.057547
0.398710
0.014982
0.002382
0.235690
0.012065
0.298294
0.089576
0.005644
0.053251
0.128737
0.077559
0.241382
0.022250
0.341678
0.001799
0.381077
0.100310
0.211165
0.108708
0.095828
0.219831
0.009528
0.016758
0.626552
0.175179
0.251582
0.204967
0.042417
0.014859
0.158007
0.034384
0.060420
0.020703
0.004640
0.242038
0.140751
0.063328
0.008143
0.146385
0.233889
0.049096
0.120989
0.035179
0.150152
0.008648
0.143071
0.165678
0.469795
0.059628
0.101203
0.232848
0.059756
0.038648
0.403167
0.074006
0.210946
0.040100
0.008817
0.006596
0.389344
0.399691
5.484716
1.726247
2.627728
1.247190
0.273542
0.027131
0.066545
0.184306
0.066336
0.057081
0.017595
0.001168
0.024337
0.047533
0.093421
0.402439
0.047219
0.116205
0.199141
0.022595
0.096407
0.636737
0.040980
0.007896
0.075952
0.119755
0.204274
0.111573
0.212382
0.047680
0.009520
0.013977
0.209055
0.031281
0.024357
0.018406
0.008654
0.223943
0.015005
0.004668
0.050471
0.164864
0.062380
0.193331
0.002742
0.003235
0.085258
0.187819
0.050017
0.010775
0.010814
0.045112
0.001046
0.172958
0.002494
0.029121
0.034413
0.043972
0.007606
0.270464
0.003147
0.185473
0.002761
0.045845
0.053761
0.006776
0.097912
0.005556
0.209479
0.026007
0.242326
0.007500
0.008846
0.016312
0.231707
0.000592
0.022375
0.067150
0.038834
0.023959
0.004189
0.068280
0.014924
0.321266
0.292223
0.090497
0.002920
0.002522
0.263647
0.008517
0.034070
0.254722
0.327701
0.033999
0.135714
0.014567
0.035220
0.107074
0.011807
0.094778
0.004246
0.002524
0.055883
0.018597
0.232902
0.101115
0.371104
0.140367
0.075541
0.171357
0.001531
0.140819
0.363902
0.019862
0.014616
0.013420
0.107782
0.079888
0.000221
0.008194
0.315884
0.018666
0.030708
0.040110
0.036001
0.158391
0.022895
0.039018
0.014447
0.119943
0.001468
0.095231
0.003499
0.065844
0.341317
0.146846
0.024864
0.065176
1.095845
0.320944
0.039866
0.187749
0.038124
0.168209
0.147013
0.192200
0.028577
0.004663
0.035856
0.100706
0.009806
0.028389
0.005316
0.067296
0.029202
0.039715
0.000932
0.001528
0.023886
0.514346
0.139740
0.002064
0.088747
0.037639
0.031247
0.080566
0.197652
0.137790
0.639106
0.048434
0.002468
0.281351
0.045068
0.012705
0.070407
0.494711
0.011791
0.006664
0.037874
0.692133
0.008632
0.248914
0.112232
0.086867
0.070797
0.229322
0.119616
0.034154
0.044536
0.124315
0.128597
0.238362
0.195851
0.085894
0.002650
0.015884
0.012707
0.105287
0.169372
0.004079
0.006603
0.299899
0.076282
0.008353
0.006994
0.101457
0.056813
0.002353
0.036313
0.036515
0.300918
0.854470
0.132870
0.110974
0.064329
0.111569
0.002546
0.006503
0.053496
0.034167
0.059396
0.011698
0.019015
0.016636
0.029450
0.022527
0.036417
0.074150
0.064821
0.007968
0.222848
0.648560
0.330261
0.881808
0.207290
1.121129
4.111957
2.255994
0.848940
0.046230
0.100029
0.018279
0.126469
0.009341
0.006216
0.001753
0.109473
0.158429
0.003290
0.011183
0.043125
0.204474
0.090862
0.256035
0.159371
0.063490
0.032390
0.065641
0.362601
0.044343
0.005822
0.114444
0.073263
0.022525
0.001376
0.001029
0.145222
0.240451
0.335094
0.083614
0.002822
0.206159
0.005557
0.038330
0.002874
0.000797
0.067057
0.078342
0.009112
0.229393
0.372700
0.142696
0.032970
0.370589
0.215784
0.018086
0.031332
0.155755
0.092025
0.101760
0.091299
0.245191
0.110920
0.024927
0.164829
0.000145
0.244891
0.005509
0.065167
0.272534
0.008253
0.057416
0.077306
0.034831
0.002762
0.012222
0.056633
0.112011
0.038954
0.404696
0.410064
0.005696
0.007345
0.103399
0.002266
0.243265
0.124620
0.433328
0.054958
0.014252
0.058596
0.265991
0.279524
0.470182
0.100749
0.136299
0.003373
0.028505
0.018534
0.280942
0.000499
0.009783
0.101689
0.111009
0.007376
0.026868
0.756595
0.016182
0.090147
0.272392
0.035411
0.116293
0.037866
0.021226
0.033623
0.053649
0.009938
0.262961
0.237992
0.139583
0.102165
0.082030
0.537553
0.007174
0.432155
0.128195
0.346786
0.116539
0.133728
0.034293
0.076024
0.154075
0.114005
0.146122
0.046256
0.056835
0.040069
0.469694
0.001553
0.045735
0.023987
0.006670
0.007283
0.024788
0.051636
0.024187
0.026945
0.005063
0.045259
0.016116
0.342923
0.077952
0.015271
0.278941
0.933277
3.796031
19.955456
10.591177
4.165898
4.043868
3.860663
3.338263
0.817867
1.075483
0.723960
1.267342
1.596416
0.653790
0.489441
0.328125
0.208857
0.222047
0.508871
0.330104
0.379130
0.108675
0.062872
0.067900
0.244025
0.112321
0.091359
0.309422
0.128005
0.111097
0.211799
0.160564
0.120464
0.084861
0.131996
0.039295
