2.323691
2.242976
1.842860
1.698676
2.276366
1.904164
2.004197
2.045132
1.981550
1.864120
1.615897
1.345045
1.370619
1.787378
1.861115
1.410925
0.444934
0.318498
0.245446
0.456661
0.815658
0.470313
0.695089
0.738070
0.551026
0.608788
0.355814
0.607294
0.867699
0.662370
0.355344
0.311783
0.216938
0.415005
0.277477
0.296187
0.338107
0.230096
0.359994
0.523230
0.701565
0.985984
0.782153
0.435780
0.469248
0.366232
0.334166
0.345653
0.427523
0.402727
0.395942
0.642118
0.753702
0.567366
0.413019
0.424149
0.298376
0.491875
0.914841
1.697711
0.764807
0.775533
0.767333
0.602879
0.343669
0.362982
0.365366
0.406528
0.263008
0.389988
0.195707
0.451391
0.543804
0.187584
0.448849
0.220214
0.286743
0.339285
0.554280
0.454142
0.580603
0.241184
0.419520
0.178251
0.342183
0.241809
0.201659
0.267878
0.603320
0.227175
0.323747
0.371742
0.598846
0.296549
0.401504
0.306337
0.292787
0.442027
0.565899
0.290044
0.158406
0.411627
0.236527
0.240558
0.292390
0.361388
0.209779
0.263191
0.298715
0.565987
0.331629
0.281943
0.159135
0.129489
0.377175
0.342095
0.288532
0.292119
0.356712
0.242737
0.424577
0.823072
0.889636
1.558870
0.801490
0.618213
0.247161
0.144516
0.341120
0.376590
0.489037
0.318132
0.284537
0.257328
0.339002
0.240493
0.385045
0.210841
0.268859
0.328922
0.456978
0.159928
0.233214
0.277035
0.201574
0.308977
0.205797
0.432925
0.681680
0.377871
0.088461
0.354021
0.319595
0.241297
0.362187
0.993095
0.538448
0.422956
0.380013
0.423650
0.256597
0.466236
0.314844
0.299654
0.526203
0.389035
0.484150
0.322934
0.386222
0.218943
0.526703
0.322671
0.252236
0.268262
0.277232
0.309507
0.187097
0.125338
0.189425
0.888280
0.148040
0.255967
0.328451
0.261586
0.197656
0.392421
0.322123
0.309361
0.194190
0.258766
0.320656
0.395409
0.353096
0.207227
0.248335
0.237194
0.369411
0.447973
0.301499
0.210870
0.420078
0.388781
0.283279
0.336400
0.266654
0.449290
0.349461
0.175386
0.209873
0.382540
0.134331
0.547738
0.336411
0.168986
0.168617
0.375159
0.158099
0.176507
0.250808
0.247701
0.199507
0.262387
0.341044
0.458500
0.552696
0.517154
0.264688
0.277573
0.347489
0.298943
0.428379
0.370976
0.416611
0.188787
0.444002
0.284272
0.176073
0.398960
0.297073
0.114192
0.350692
0.362673
0.308510
0.228404
0.155948
0.286808
0.357078
0.336564
0.305650
0.309260
0.606517
0.355029
0.176005
0.211730
0.297801
0.221488
0.220327
0.192244
0.315930
0.432509
0.544596
0.398909
0.188515
0.211867
0.197249
0.344354
0.456880
0.086629
0.454838
0.222645
0.271749
0.143225
0.307577
0.579558
0.309650
0.222409
0.375860
0.480185
0.256237
0.229121
0.308629
0.326707
0.255202
0.236734
0.466137
0.194653
0.212840
0.479734
0.322004
0.258272
0.322424
0.276063
0.297107
0.303026
0.268202
0.412342
0.449646
0.191251
0.480620
0.406905
0.153188
0.299777
0.370541
0.245751
0.208843
0.302528
0.241103
0.300089
0.264428
0.233476
0.469096
0.661688
0.360473
0.363387
0.198166
0.349441
0.161252
0.242670
0.158577
0.151660
0.125771
0.172604
0.330067
0.362965
0.183227
0.171693
0.178861
0.116627
0.386458
0.253759
0.425744
0.561895
0.672456
0.414567
0.179636
0.211805
0.399368
0.396359
0.249599
0.166595
0.391926
0.324024
0.389922
0.416146
0.346768
0.401475
0.146131
0.247561
0.230710
0.476707
0.218282
0.528745
0.423769
0.333921
0.410575
0.271952
0.318194
0.252159
0.328207
0.310305
0.419378
0.437361
0.227721
0.178930
0.275257
0.228297
0.173656
0.346379
0.263230
0.191114
0.221383
0.439612
0.272273
0.200519
0.318302
0.319672
0.482712
0.360320
0.172540
0.573525
0.209397
0.150372
0.264052
0.450338
0.185929
0.321974
0.709443
0.618343
0.310956
0.186976
0.277279
0.096487
0.215173
0.122632
0.163605
0.223692
0.167605
0.376153
0.277035
0.185226
0.266982
0.422434
0.605725
0.802574
0.817455
0.485814
0.218345
0.251665
0.341648
0.272941
0.245090
0.316641
0.192848
0.208366
0.148940
0.185357
0.210704
0.501623
0.741208
0.381323
0.271125
0.322405
0.287320
0.317911
0.604733
0.528802
0.440811
0.396865
0.375414
0.200540
0.176943
0.317508
0.203003
0.320412
0.400549
0.296594
0.501576
0.264397
0.436616
0.241923
0.188252
0.195726
0.219513
0.197977
0.224625
0.376942
0.775052
0.363635
0.135265
0.218305
0.165046
0.244204
0.219653
0.278134
0.165616
0.163990
0.159153
0.134995
0.220862
0.465644
0.213706
0.306712
0.247372
0.316151
0.304758
0.159175
0.273651
0.425761
0.338448
0.341013
0.372354
0.155037
0.114058
0.235525
0.200606
0.120730
0.223902
0.287643
0.292303
0.242528
0.361521
0.134527
0.193484
0.166541
0.196778
0.275341
0.121335
0.220435
0.220909
0.345451
0.461279
0.624464
0.419743
0.256694
0.110656
0.416125
0.148016
0.170621
0.294835
0.179946
0.211464
0.392881
0.297412
0.336210
0.189554
0.323658
0.258283
0.203885
0.306724
0.236776
0.138620
0.233917
0.291001
0.386618
0.457626
0.158382
0.565657
0.392293
0.218779
0.453695
0.560657
0.162529
0.255865
0.169886
0.346464
0.409626
0.340045
0.322454
0.459964
0.502930
0.471466
0.210404
0.279843
0.398626
0.237287
0.338311
0.549956
0.313220
0.952572
0.302814
0.460739
0.492922
0.374892
0.219374
0.240957
0.421783
0.504775
0.209062
0.329646
0.255312
0.183472
0.210561
0.298072
0.323842
0.210181
0.295952
0.243272
0.207818
0.281972
0.317379
0.196213
0.196594
0.311268
0.462173
0.280535
0.200741
0.424256
0.228877
0.383347
0.404559
0.314628
0.182967
0.270242
0.263981
0.346293
0.111205
0.182074
0.217555
0.309277
0.230420
0.256166
0.678106
0.317391
0.236338
0.199926
0.121088
0.184779
0.102475
0.361064
0.473291
0.358810
0.214217
0.329908
0.434605
0.417588
0.282750
0.443874
0.310660
0.290352
0.295593
0.409402
0.118119
0.566117
0.358324
0.257970
0.231088
0.236027
0.221938
0.204374
0.137789
0.393624
0.261500
0.251658
0.246554
0.240460
0.288158
0.188976
0.360713
0.293000
0.337917
0.243084
0.068970
0.186594
0.339170
0.150744
0.314150
0.225357
0.199644
0.216902
0.121186
0.194967
0.449557
0.174010
0.337502
0.341703
0.183053
0.168768
0.246716
0.145914
0.151887
0.225857
0.222781
0.483325
0.542698
0.492859
0.149019
0.203210
0.275853
0.271177
0.262541
0.296912
0.224166
0.261116
0.142709
0.353387
0.239234
0.128646
0.356779
0.292692
0.228954
0.456880
0.580061
0.312286
0.248867
0.360021
0.293751
0.286125
0.230820
0.316643
0.538588
0.417943
0.216282
0.234533
0.296066
0.327665
0.503598
0.388020
0.264271
0.238731
0.273975
0.249928
0.275396
0.175780
0.210978
0.202858
0.398856
0.201982
0.348186
0.408743
0.205112
0.217662
0.601536
0.290555
0.322635
0.247063
0.341596
0.431713
0.158325
0.201005
0.107508
0.234048
0.259680
0.132504
0.514067
0.240166
0.218061
0.412258
0.323235
0.251023
0.432317
0.248903
0.290016
0.183229
0.142153
0.232885
0.348652
0.237635
0.139034
0.453891
0.302037
0.311999
0.383679
0.318245
0.607989
0.800024
0.613834
0.392635
0.321571
0.249663
0.338324
0.481865
0.344937
0.294803
0.202946
0.287213
0.222262
0.260730
0.114106
0.460629
0.484676
0.258256
0.385109
0.272219
0.246417
0.216932
0.304281
0.336571
0.205005
0.304899
0.253973
0.220770
0.189025
0.341632
0.182698
0.288080
0.359971
0.341603
0.119353
0.231560
0.321975
0.191825
0.303270
0.259589
0.230562
0.296867
0.244394
0.118924
0.196148
0.185065
0.270709
0.312687
0.424497
0.366418
0.442700
0.144507
0.271064
0.178074
0.232440
0.203701
0.227821
0.178918
0.296983
0.215385
0.212277
0.234638
0.126147
0.095297
0.215115
0.492858
0.235740
0.190757
0.692157
0.349052
0.175342
0.267176
0.246948
0.314284
0.277405
0.716414
0.486854
0.510598
0.287339
0.196614
0.174887
0.231184
0.238145
0.162011
0.306437
0.293347
0.163201
0.145897
0.613143
0.200883
0.343108
0.439898
0.324927
0.123384
0.266799
0.333582
0.341055
0.275928
0.236283
0.234277
0.396047
0.277437
0.081750
0.327488
0.331719
0.323119
0.255951
0.176444
0.423486
0.153017
0.337768
0.287024
0.200446
0.380593
0.204180
0.162036
0.310307
0.280287
0.134717
0.284922
0.446843
0.440210
0.180647
0.235553
0.143199
0.188924
0.326541
0.353604
0.508110
0.267897
0.167892
0.525549
0.254114
0.103466
0.281751
0.185093
0.113784
0.183029
0.168874
0.246593
0.225798
0.290934
0.170153
0.368668
0.234992
0.303800
0.261171
0.169842
0.526936
0.588810
0.323615
0.291156
0.269681
0.195596
0.280907
0.243473
0.371053
0.471100
0.297921
0.302910
0.087540
0.151289
0.210910
0.162678
0.151270
0.172546
0.415510
0.328212
0.157255
0.215319
0.263581
0.208898
0.244796
0.316187
0.181516
0.525014
0.440675
0.248141
0.274591
0.314909
0.217841
0.231337
0.314632
0.233127
0.249665
0.135693
0.319232
0.424104
0.673208
0.908700
0.468298
0.307049
0.209831
0.315781
0.359943
0.236630
0.253305
0.121029
0.267415
0.269929
0.317439
0.215902
0.129968
0.165779
0.343940
0.291351
0.180024
0.071112
0.238541
0.344648
0.288964
0.214534
0.682056
0.520876
0.635740
0.254730
0.204589
0.271101
0.398430
0.280408
0.291508
0.293482
0.312950
0.198270
0.371111
0.381571
0.397201
0.248070
0.205640
0.173466
0.396901
0.217643
0.281997
0.422067
0.190571
0.252974
0.271032
0.359217
0.294747
0.139995
0.380330
0.293919
0.266156
0.075262
0.329646
0.226910
0.161083
0.219825
0.396134
0.180759
0.264822
0.486734
0.278839
0.329086
0.178651
0.168900
0.257005
0.481098
0.210259
0.372455
0.471754
0.225404
0.079199
0.140815
0.289428
0.290801
0.397667
0.252644
0.386383
0.461547
0.194484
0.242816
0.196116
0.082562
0.237572
0.181368
0.195637
0.112690
0.558005
0.368978
0.447386
0.215548
0.293138
0.368004
0.277684
0.202114
0.279300
0.156151
0.181152
0.228537
0.384358
0.542656
0.355696
0.321187
0.380026
0.228957
0.149202
0.152972
0.370235
0.346714
0.271431
0.303950
0.145812
0.229419
0.151585
0.493499
0.161451
0.214373
0.210227
0.242439
0.265567
0.427737
0.197376
0.221945
0.118020
0.172898
0.119301
0.178924
0.157651
0.332004
0.522423
0.305192
0.260819
0.211422
0.216993
0.269361
0.167896
0.371040
0.246996
0.167046
0.102656
0.371955
0.297643
0.425517
0.335082
0.361947
0.460457
0.261978
0.213835
0.130738
0.156436
0.241130
0.417827
0.358130
0.134463
0.230010
0.308821
0.327834
0.253649
0.226293
0.306592
0.144832
0.402986
0.266843
0.192639
0.084862
0.775975
0.374434
0.190379
0.274694
0.330342
0.302317
0.229456
0.239283
0.192738
0.241671
0.227574
0.193294
0.232467
0.165389
0.381417
0.328328
0.367157
0.288314
0.237639
0.218799
0.270217
0.245456
0.089998
0.340046
0.292945
0.288109
0.191360
0.205485
0.251198
0.224862
0.265852
0.185831
0.231117
0.167836
0.199905
0.323849
0.215043
0.220767
0.465494
0.355591
0.206229
0.200544
0.240282
0.279519
0.246372
0.524777
0.228749
0.091171
0.416850
0.155461
0.255525
0.227798
0.209164
0.282845
0.400826
0.247804
0.481017
0.280753
0.440865
0.316643
0.333906
0.354051
0.132973
0.280372
0.202652
0.314132
0.271014
0.347853
0.183515
0.497400
0.385836
0.376875
0.276069
0.175659
0.273261
0.354221
0.259094
0.658060
0.552606
0.162005
0.143607
0.360215
0.401657
0.431496
0.711246
1.114057
0.415204
0.306516
0.269103
0.429001
0.224078
0.248434
0.410012
0.417013
0.226980
0.214157
0.294282
0.303103
0.296451
0.223472
0.418411
0.339912
0.319810
0.079567
0.177604
0.197067
0.104932
0.374214
0.276030
0.105341
0.124759
0.343416
0.339740
0.313392
0.229604
0.355969
0.120935
0.255090
0.175598
0.352100
0.381286
0.300025
0.133216
0.415509
0.314849
0.209851
0.489286
0.318494
0.452160
0.538490
0.430053
0.377635
0.267454
0.271386
0.409586
0.237684
0.193224
0.306996
0.299194
0.429096
0.428119
0.458162
0.182970
0.335263
0.317416
0.305406
0.265369
0.191106
0.149152
0.207768
0.169615
0.267545
0.267905
0.159131
0.108135
0.242196
0.226748
0.215455
0.174927
0.150085
0.222079
0.321455
0.217935
0.260819
0.371442
0.132133
0.405031
0.371161
0.164139
0.297684
0.269761
0.330349
0.131476
0.068240
0.225226
0.382262
0.243406
0.273250
0.419281
0.199655
0.397431
0.507240
0.207420
0.210504
0.199529
0.174623
0.134306
0.189487
0.231304
0.289312
0.256434
0.213557
0.350691
0.171099
0.160194
0.089199
0.210919
0.234629
0.198198
0.225315
0.209155
0.165012
0.319633
0.301248
0.225242
0.288817
0.237038
0.177940
0.191893
0.173405
0.337429
0.277696
0.315860
0.408238
0.355758
0.183571
0.386180
0.212246
0.183125
0.227615
0.206886
0.199822
0.265518
0.367640
0.166882
0.303032
0.347745
0.323279
0.366224
0.563587
0.266404
0.285547
0.231796
0.226525
0.081801
0.181552
0.154270
0.228994
0.415173
0.221801
0.266600
0.232076
0.212716
0.145608
0.382144
0.374754
0.421222
0.306424
0.272601
0.240898
0.212140
0.186087
0.284366
0.445107
0.096366
0.141992
0.181095
0.367743
0.161678
0.179545
0.272585
0.219540
0.186740
0.353841
0.229950
0.506132
0.284662
0.334127
0.271189
0.304402
0.457083
0.510557
0.237816
0.184522
0.297545
0.241797
0.417810
0.438607
0.572487
0.231507
0.244313
0.144158
0.221478
0.207187
0.246603
0.421867
0.164154
0.362910
0.278495
0.256634
0.263988
0.596851
0.906566
0.258596
0.319573
0.633489
0.290201
0.415366
0.379120
0.233659
0.250007
0.171541
0.336686
0.351503
0.154113
0.125507
0.269375
0.392162
0.406751
0.437433
0.600242
0.699248
0.364787
0.146122
0.213296
0.126408
0.138545
0.281209
0.346221
0.288299
0.306907
0.193048
0.318596
0.224081
0.168423
0.077565
0.100460
0.165074
0.097790
0.363469
0.118613
0.239833
0.417807
0.144634
0.255472
0.148158
0.127612
0.105344
0.123330
0.172826
0.250238
0.226252
0.391319
0.238703
0.109736
0.093893
0.093940
0.241651
0.265948
0.299495
0.234069
0.268341
0.432759
0.368461
0.654567
0.275960
0.770236
0.174933
0.313631
0.401618
0.141426
0.156433
0.357929
0.225872
0.135431
0.238111
0.272768
0.539287
0.370923
0.190902
0.168190
0.165110
0.277153
0.187892
0.205394
0.299744
0.223715
0.320703
0.246779
0.222856
0.166058
0.224299
0.149735
0.146249
0.168448
0.306806
0.335018
0.349761
0.266483
0.290975
0.190445
0.198027
0.313291
0.156152
0.232256
0.184452
0.362731
0.210663
0.279689
0.231854
0.219005
0.337375
0.313892
0.286576
0.467099
0.199673
0.292554
0.327129
0.314765
0.221060
0.351808
0.325699
0.560606
0.259961
0.234881
0.355733
0.383222
0.151796
0.228247
0.328056
0.262725
0.155530
0.272531
0.165811
0.253307
0.432694
0.263338
0.243311
0.068970
0.246306
0.450695
0.248521
0.317428
0.308428
0.195015
0.247813
0.135192
0.146839
0.153009
0.169569
0.222238
0.370409
0.344789
0.137925
0.209731
0.264426
0.576463
0.244788
0.199010
0.158190
0.241244
0.227975
0.429382
0.367714
0.372484
0.556080
0.640297
0.238367
0.270126
0.215457
0.232474
0.319234
0.169240
0.142970
0.209173
0.317440
0.400766
0.366134
0.276040
0.306853
0.189024
0.170500
0.125468
0.192121
0.288928
0.349645
0.533937
0.286910
0.251554
0.164866
0.214083
0.199191
0.202768
0.130092
0.300626
0.288899
0.200425
0.370250
0.237562
0.135394
0.396260
0.218147
0.166150
0.237303
0.167197
0.240029
0.417117
0.328482
0.365618
0.219448
0.183690
0.172468
0.186298
0.369072
0.205297
0.561585
0.733532
0.326366
0.143705
0.337626
0.417245
0.196113
0.152693
0.229187
0.174027
0.259856
0.351097
0.232330
0.231134
0.271279
0.143425
0.179143
0.235518
0.162694
0.230114
0.172049
0.467682
0.292316
0.135523
0.217332
0.344682
0.989447
1.526959
0.598642
0.618449
0.325116
0.313282
0.292809
0.153961
0.208610
0.467215
0.269792
0.211586
0.258952
0.162012
0.203347
0.322029
0.274376
0.308613
0.231092
0.152017
0.267798
0.158623
0.216760
0.177156
0.274167
0.345701
0.213290
0.380367
0.323182
0.145242
0.137216
0.244645
0.229678
0.309640
0.449047
0.237033
0.246593
0.280013
0.385697
0.342367
0.470764
0.202787
0.139507
0.229759
0.385788
0.569497
0.487582
0.519496
0.309107
0.283703
0.151807
0.173312
0.287825
0.404623
0.202503
0.312249
0.171504
0.148387
0.449145
0.715823
0.284808
0.201632
0.304341
0.349951
0.247427
0.203950
0.576282
0.539932
0.409653
0.336490
0.166491
0.178642
0.227014
0.420251
0.243064
0.411004
0.232635
0.232103
0.086266
0.229059
0.382178
0.259201
0.217430
0.287195
0.237447
0.094665
0.260624
0.448269
0.369179
0.467659
0.137240
0.223663
0.099409
0.291083
0.350536
0.338974
0.228385
0.252676
0.181431
0.153858
0.426269
0.379154
0.281200
0.252578
0.225273
0.181152
0.318107
0.257336
0.202303
0.396140
0.326631
0.444025
0.518676
0.246452
0.329292
0.401583
0.398142
0.290924
0.202628
0.182037
0.216981
0.320554
0.312139
0.073489
0.633501
0.201999
0.153304
0.278533
0.240817
0.163999
0.268650
0.425574
0.107095
0.352719
0.261050
0.264943
0.198003
0.168742
0.092238
0.247708
0.142409
0.431752
0.301236
0.205222
0.193159
0.269400
0.130576
0.159176
0.366439
0.348816
0.303483
0.358566
0.287034
0.367500
0.237491
0.196500
0.119900
0.347961
0.344117
0.156783
0.193385
0.095986
0.189581
0.338169
0.329823
0.175381
0.220478
0.163218
0.266438
0.313654
0.177971
0.276629
0.224982
0.345095
0.166622
0.191547
0.132469
0.192856
0.424804
0.185974
0.236342
0.188846
0.120826
0.151329
0.310891
0.263205
0.360490
0.434112
0.386430
0.626997
0.306884
0.275646
0.424249
0.146526
0.319926
0.154843
0.285345
0.249317
0.167874
0.179753
0.224084
0.161918
0.214901
0.207869
0.157154
0.214260
0.196872
0.090455
0.226842
0.152953
0.145823
0.131868
0.325088
0.250755
0.226166
0.464175
0.232411
0.418500
0.127948
0.260107
0.268781
0.394517
0.091546
0.144727
0.515683
0.302691
0.208050
0.175742
0.213595
0.397648
0.414052
0.279134
0.277506
0.420514
0.190137
0.345634
0.312666
0.233907
0.206783
0.383219
0.551369
0.399596
0.246611
0.256522
0.260785
0.197197
0.153514
0.224286
0.341813
0.389003
0.154291
0.120745
0.412793
0.244612
0.305768
0.328397
0.217793
0.153800
0.263595
0.267756
0.343530
0.209760
0.239414
0.267225
0.341169
1.161130
1.764589
0.687761
0.547314
0.504081
0.329709
0.464153
0.506448
0.484898
0.120794
0.269471
0.338941
0.365528
0.327782
0.267601
0.379557
0.409606
0.297565
0.239068
0.351661
0.277140
0.313451
0.282679
0.289747
0.242618
0.310086
0.225528
0.227052
0.182789
0.402260
0.295835
0.192357
0.271022
0.217173
0.176260
0.327322
0.337698
0.215347
0.290250
0.160606
0.395559
0.402945
0.297586
0.206424
0.150618
0.234592
0.469637
0.294212
0.168670
0.179572
0.160530
0.433416
0.268937
0.238004
0.222278
0.340084
0.349435
0.171739
0.119281
0.147026
0.368680
0.132376
0.361685
0.403545
0.248733
0.202366
0.248651
0.230809
0.359845
0.152733
0.199831
0.191065
0.279623
0.324047
0.392446
0.267047
0.284225
0.167052
0.152273
0.103096
0.319078
0.218977
0.299421
0.275711
0.327954
0.402916
0.207955
0.187332
0.235748
0.218813
0.316784
0.293003
0.254754
0.204554
0.179726
0.178882
0.247942
0.220339
0.228258
0.625293
0.650629
0.474946
0.444038
0.282652
0.182949
0.224000
0.220579
0.236794
0.196980
0.258650
0.265426
0.221070
0.206210
0.161250
0.146689
0.333633
0.330356
0.198838
0.266421
0.241377
0.357467
0.349213
0.423249
0.126106
0.384972
0.117941
0.263456
0.222713
0.667074
0.417795
0.232163
0.174122
0.130934
0.246435
0.239570
0.290395
0.407050
0.370700
0.562489
0.403849
0.292540
0.303579
0.291466
0.232412
0.170665
0.325261
0.219185
0.151034
0.341317
0.211062
0.208686
0.209693
0.390162
0.367250
0.171393
0.332839
0.478463
0.457649
0.221083
0.261510
0.426782
0.437895
0.330945
0.172808
0.280912
0.143753
0.122701
0.347048
0.277435
0.504734
0.407102
0.175761
0.140074
0.273685
0.246730
0.343971
0.292366
0.489831
0.130256
0.109596
0.265030
0.158627
0.182495
0.249691
0.207301
0.303857
0.137113
0.281992
0.253109
0.300218
0.243420
0.159729
0.276746
0.332937
0.097446
0.222085
0.224519
0.144574
0.310654
0.457833
0.189940
0.242734
0.234029
0.209874
0.149760
0.225706
0.207893
0.198760
0.248688
0.274511
0.485301
0.380474
0.138272
0.318726
0.254304
0.374658
0.372653
0.247159
0.238418
0.187401
0.202937
0.443806
0.228929
0.102642
0.251661
0.282636
0.195965
0.182083
0.341424
0.554662
0.334534
0.214593
0.177574
0.167501
0.171696
0.251673
0.333565
0.271837
0.323320
0.178600
0.314826
0.358662
0.139617
0.285077
0.206696
0.149556
0.184544
0.208756
0.129922
0.213749
0.226066
0.369375
0.229110
0.415954
0.311994
0.164384
0.235569
0.280057
0.341662
0.266542
0.151589
0.260807
0.251144
0.163592
0.244381
0.430076
0.218240
0.102058
0.239682
0.270377
0.396604
0.156266
0.351706
0.344932
0.256159
0.243805
0.351496
0.352948
0.197136
0.318022
0.567767
0.354029
0.331221
0.166088
0.322937
0.330100
0.341802
0.134639
0.140647
0.244673
0.210684
0.196524
0.457306
0.504583
0.331653
0.415934
0.249994
0.185973
0.206357
0.220452
0.198656
0.188317
0.286074
0.414324
0.382895
0.256194
0.121808
0.294637
0.352982
0.304387
0.206206
0.330651
0.339220
0.262953
0.137519
0.472615
0.399626
0.375452
0.395177
0.499349
0.221930
0.417989
0.181526
0.127856
0.447773
0.136380
0.245686
0.239319
0.181487
0.222811
0.266156
0.428107
0.193857
0.258298
0.217765
0.108694
0.363178
0.546127
0.543452
0.154944
0.263564
0.129903
0.152332
0.344083
0.328260
0.275007
0.235322
0.203021
0.195795
0.283620
0.489217
0.319257
0.226063
0.214035
0.211487
0.182657
0.218508
0.438649
0.191795
0.484428
0.272469
0.238813
0.255430
0.252485
0.181206
0.373662
0.329893
0.204991
0.212097
0.207136
0.218651
0.365564
0.302526
0.412029
0.661962
0.366591
0.207602
0.303884
0.136199
0.148508
0.171665
0.246567
0.303515
0.248294
0.297336
0.233710
0.444824
0.320021
0.243523
0.189792
0.071121
0.149141
0.266768
0.185935
0.253863
0.526430
0.274023
0.409172
0.180235
0.209251
0.155964
0.110422
0.191843
0.147741
0.204380
0.230918
0.329210
0.373683
0.342881
0.142013
0.348170
0.347281
0.159745
0.229755
0.284143
0.190103
0.073242
0.266595
0.265039
0.363441
0.594665
0.515499
0.275628
0.363038
0.207218
0.276879
0.100477
0.219777
0.160353
0.218606
0.303107
0.210095
0.273814
0.247151
0.251588
0.418998
0.116353
0.383960
0.307110
0.287012
0.187572
0.334331
0.408944
0.333140
0.180901
0.286659
0.371397
0.188990
0.232042
0.202426
0.230077
0.139204
0.268632
0.327236
0.270752
0.236762
0.307995
0.210971
0.249115
0.224002
0.265959
0.370455
0.259806
0.157767
0.174781
0.337668
0.305688
0.262088
0.143670
0.275748
0.081955
0.226197
0.401350
0.141847
0.341099
0.291535
0.172648
0.329159
0.266028
0.177150
0.461525
0.414113
0.231296
0.243206
0.208538
0.265704
0.221807
0.079389
0.313317
0.190888
0.247308
0.213052
0.178829
0.210164
0.233457
0.292986
0.378507
0.204913
0.201475
0.159356
0.249602
0.114352
0.139356
0.289556
0.218586
0.222932
0.077702
0.255899
0.388002
0.181823
0.293616
0.305294
0.176151
0.343594
0.432040
0.675616
0.345218
0.212692
0.256863
0.387574
0.161625
0.271121
0.090887
0.323694
0.486563
0.179298
0.295056
0.538213
0.140013
0.266050
0.240978
0.238212
0.293443
0.117919
0.112363
0.178285
0.221748
0.244847
0.311222
0.366931
0.483662
0.363619
0.156949
0.425586
0.315177
0.174334
0.236297
0.206368
0.347325
0.091823
0.148361
0.388435
0.344089
0.195982
0.197560
0.170668
0.136180
0.165505
0.146131
0.224723
0.250808
0.281903
0.205056
0.074647
0.347116
0.225947
0.195769
0.124831
0.253427
0.188615
0.193710
0.168830
0.466032
0.332717
0.285635
0.226491
0.233046
0.285100
0.212045
0.259701
0.340669
0.463738
0.385422
0.288036
0.233824
0.235483
0.347446
0.184906
0.436323
0.508456
0.282303
0.209536
0.264402
0.295786
0.314437
0.373536
0.300278
0.357377
0.693278
0.623527
0.332908
0.412970
0.480680
0.222747
0.395468
0.178592
0.310980
0.186660
0.167781
0.116459
0.175234
0.369775
0.370921
0.496579
0.180819
0.167474
0.282522
0.201234
0.339316
0.207854
0.293248
0.232727
0.284867
0.331228
0.376581
0.383644
0.233218
0.180387
0.222539
0.282902
0.258833
0.504846
0.150166
0.444176
0.338804
0.300697
0.306904
0.246744
0.495532
0.201530
0.366615
0.240340
0.279742
0.262464
0.265753
0.254899
0.244487
0.284490
0.160140
0.180254
0.253159
0.361553
0.171351
0.228198
0.378471
0.500546
0.279818
0.113901
0.238299
0.091802
0.190866
0.333364
0.176950
0.255654
0.224678
0.211340
0.247512
0.174186
0.155045
0.375767
0.354298
0.393717
0.237045
0.140451
0.331663
0.218301
0.272658
0.174497
0.257701
0.362344
0.269992
0.331200
0.124984
0.187049
0.366769
0.352782
0.163079
0.323231
0.141025
0.141649
0.342533
0.328072
0.172969
0.128127
0.342282
0.398158
0.311136
0.297822
0.466231
0.425538
0.408745
0.192458
0.312549
0.326554
0.245150
0.193785
0.335859
0.291950
0.269294
0.411680
0.241169
0.359324
0.484205
0.843985
0.541425
0.543901
0.254716
0.188283
0.245060
0.250722
0.309770
0.272441
0.198353
0.200710
0.169833
0.081350
0.235173
0.267795
0.213056
0.343831
0.210727
0.568765
0.235818
0.379265
0.246152
0.400477
0.093650
0.207886
0.146026
0.139879
0.254546
0.219238
0.294718
0.326957
0.086810
0.317438
0.430151
0.358802
0.169297
0.454870
0.209813
0.091539
0.244885
0.256128
0.422610
0.289874
0.189271
0.153386
0.534905
0.485710
0.549273
0.314602
0.177216
0.321119
0.303058
0.372812
0.210435
0.306883
0.355640
0.215410
0.199023
0.086441
0.118944
0.177090
0.163734
0.121971
0.292412
0.183092
0.111759
0.126693
0.214365
0.147707
0.191345
0.187684
0.251121
0.212048
0.336408
0.123594
0.095857
0.325919
0.472230
0.255059
0.237271
0.308188
0.258105
0.059439
0.274022
0.162474
0.419849
0.401610
0.346532
0.291198
0.383089
0.347074
0.347969
0.101652
0.225464
0.244043
0.298925
0.383979
0.322863
0.320036
0.568462
0.153861
0.129925
0.354160
0.160702
0.307420
0.423269
0.134785
0.141083
0.119480
0.413270
0.236614
0.300738
0.312737
0.164298
0.136802
0.225271
0.402940
0.160591
0.157102
0.301766
0.257482
0.201594
0.301020
0.252124
0.289368
0.305231
0.456678
0.253722
0.201836
0.309512
0.268134
0.093477
0.294097
0.344206
0.145383
0.329550
0.301722
0.078107
0.427484
0.148714
0.227959
0.459394
0.340750
0.162276
0.189497
0.346082
0.155593
0.177218
0.203298
0.474082
0.147144
0.172136
0.101041
0.203643
0.179002
0.266602
0.196547
0.366016
0.157981
0.259133
0.502457
0.208197
0.123379
0.285554
0.365879
0.171526
0.223850
0.262034
0.350684
0.446622
0.358264
0.177901
0.456132
0.373370
0.340353
0.641846
0.481357
0.211017
0.232797
0.264780
0.308954
0.351362
0.262863
0.318165
0.590153
0.374878
0.312297
0.346874
0.163427
0.336127
0.197673
0.310280
0.324795
0.420249
0.533436
0.382567
0.403746
0.204476
0.105694
0.251655
0.267428
0.249137
0.208151
0.355472
0.359020
0.220849
0.361225
0.264927
0.306688
0.130815
0.322141
0.450970
0.333180
0.377512
0.354052
0.267949
0.245355
0.235880
0.183256
0.259791
0.362812
0.193942
0.377034
0.339562
0.333766
0.194598
0.277800
0.203610
0.178227
0.339067
0.380697
0.420535
0.275187
0.331761
0.227978
0.159908
0.215788
0.351726
0.338915
0.133559
0.227457
0.264206
0.225373
0.149355
0.293531
0.239623
0.230430
0.238314
0.101006
0.258721
0.261273
0.363239
0.440706
0.312637
0.436410
0.434261
0.764724
0.650493
0.170729
0.270491
0.316314
0.367469
0.217111
0.327877
0.336690
0.260785
0.200040
0.263721
0.479773
0.472086
0.295599
0.188364
0.133015
0.280320
0.194867
0.165580
0.166679
0.218621
0.290100
0.396277
0.221673
0.261244
0.380218
0.142113
0.388540
0.324608
0.268498
0.242973
0.310174
0.224651
0.193851
0.190193
0.150947
0.486039
0.364380
0.293446
0.180638
0.124834
0.105990
0.151674
0.449155
0.230717
0.332645
0.447918
0.316077
0.405832
0.303133
0.281538
0.079929
0.173891
0.280714
0.174676
0.225935
0.183952
0.402377
0.149608
0.147560
0.165509
0.220699
0.181036
0.345792
0.115813
0.305173
0.255261
0.216980
0.179435
0.254459
0.187631
0.372391
0.183419
0.134027
0.437434
0.210457
0.263535
0.233409
0.357870
0.350677
0.178889
0.168196
0.208518
0.136095
0.278280
0.238683
0.187468
0.225977
0.281356
0.230641
0.154113
0.292667
0.387858
0.133693
0.201740
0.160726
0.086019
0.123784
0.283485
0.226325
0.194490
0.281166
0.279993
0.301034
0.283868
0.217086
0.232450
0.533669
0.270931
0.378944
0.231692
0.357356
0.359271
0.492427
0.318500
0.408611
0.253503
0.531016
0.526478
0.481574
0.391736
0.321315
0.386661
0.475361
0.156474
0.283258
0.182113
0.276231
0.198246
0.112268
0.142362
0.214636
0.148023
0.300123
0.325414
0.325039
0.114609
0.123622
0.169396
0.106629
0.288342
0.442278
0.242851
0.221750
0.298688
0.201386
0.160547
0.278361
0.409924
0.380720
0.552593
0.236928
0.200399
0.197945
0.257888
0.150490
0.348293
0.255307
0.326854
0.318356
0.353390
0.072084
0.215079
0.246646
0.294477
0.336638
0.242726
0.251842
0.310081
0.280380
0.328216
0.240780
0.209407
0.162801
0.323296
0.378619
0.364800
0.399496
0.508690
0.239905
0.478282
0.260438
0.238968
0.548517
0.182740
0.270861
0.231652
0.275578
0.279818
0.258489
0.285612
0.361590
0.245502
0.252661
0.318691
0.430571
0.372298
0.194806
0.217011
0.192738
0.190400
0.105130
0.147500
0.167067
0.180536
0.217727
0.265451
0.189325
0.471250
0.510248
0.314680
0.178134
0.150463
0.169820
0.403841
0.363281
0.184526
0.402941
0.229427
0.170925
0.396744
0.260224
0.217682
0.253272
0.233420
0.285198
0.288002
0.262762
0.167895
0.432848
0.228222
0.272779
0.284242
0.129518
0.343965
0.622094
0.539815
0.250681
0.321760
0.196573
0.097879
0.255590
0.227730
0.204702
0.227238
0.413863
0.177864
0.287479
0.158083
0.222750
0.297571
0.226461
0.257764
0.179197
0.431751
0.203322
0.149686
0.189411
0.201835
0.332502
0.217843
0.242720
0.307368
0.232821
0.195165
0.240610
0.303476
0.240293
0.368641
0.450576
0.274359
0.263222
0.311129
0.228599
0.286060
0.671658
0.307659
0.258408
0.214144
0.150360
0.114791
0.164982
0.166540
0.194668
0.347116
0.210170
0.320916
0.536149
0.754718
0.265839
0.246249
0.431744
0.282623
0.233634
0.173782
0.235674
0.307860
0.402205
0.526434
0.296786
0.452109
0.251312
0.271053
0.205227
0.156402
0.230761
0.224715
0.413406
0.113096
0.498183
0.393830
0.377528
0.456860
0.304910
0.308008
0.166260
0.398022
0.396895
0.425712
0.260933
0.216799
0.302792
0.458870
0.291202
0.278302
0.096192
0.201863
0.258293
0.258832
0.215325
0.208074
0.352242
0.222540
0.206430
0.384210
0.386781
0.278974
0.319804
0.338692
0.331263
0.354065
0.337586
0.272539
0.287807
0.221075
0.197180
0.441962
0.310002
0.278636
0.228274
0.234480
0.302452
0.237352
0.168964
0.305377
0.181770
0.323056
0.173280
0.272879
0.330341
0.133287
0.176892
0.281075
0.480463
0.723286
0.753376
0.586306
0.491532
0.289871
0.175611
0.348946
0.337721
0.131926
0.372477
0.131501
0.327050
0.268335
0.242770
0.191694
0.189210
0.307765
0.062493
0.155770
0.358361
0.298877
0.122719
0.224238
0.313472
0.159508
0.299084
0.191976
0.258402
0.331679
0.352014
0.276743
0.314734
0.358458
0.366910
0.275810
0.271578
0.233925
0.151414
0.260732
0.329783
0.487996
0.185985
0.106182
0.349725
0.095348
0.203093
0.127164
0.265556
0.357851
0.237831
0.169041
0.126262
0.228256
0.178469
0.259419
0.140787
0.313028
0.276740
0.240319
0.191077
0.236792
0.394279
0.367946
0.324189
0.165435
0.162074
0.392315
0.425909
0.298731
0.192052
0.255442
0.233747
0.289668
0.367085
0.804504
0.621218
0.333723
0.175730
0.310371
0.196252
0.157378
0.277681
0.365070
0.492165
0.290688
0.268669
0.291138
0.254244
0.132152
0.373795
0.258048
0.480844
0.160392
0.384328
0.286426
0.176171
0.244827
0.238391
0.222453
0.310301
0.560313
0.396475
0.267928
0.111116
0.169186
0.510444
0.290951
0.508995
0.217076
0.232714
0.200190
0.210474
0.188187
0.253326
0.453315
0.168608
0.160658
0.265761
0.143117
0.121401
0.273874
0.349500
0.269601
0.310028
0.253930
0.335946
0.152143
0.117151
0.265151
0.318117
0.197859
0.164322
0.222206
0.209871
0.144997
0.202790
0.305128
0.121410
0.261881
0.188374
0.193974
0.400858
0.259960
0.150610
0.582103
0.195433
0.215042
0.247882
0.099125
0.345497
0.345463
0.347362
0.161473
0.324690
0.211700
0.135645
0.221530
0.200752
0.319961
0.240340
0.264644
0.249954
0.300140
0.418895
0.464520
0.197717
0.108019
0.147207
0.306646
0.174297
0.324328
0.530520
0.330645
0.429912
0.270366
0.373979
0.218277
0.209747
0.268031
0.325730
0.136301
0.179972
0.304373
0.130220
0.296166
0.257437
0.228602
0.197111
0.270194
0.305638
0.534589
0.531262
0.278116
0.342093
0.184649
0.117636
0.288593
0.379591
0.095877
0.127260
0.452197
0.353638
0.421488
0.251520
0.307866
0.310046
0.199413
0.100057
0.289178
0.196014
0.221635
0.354101
0.279428
0.288012
0.275551
0.183536
0.224353
0.273329
0.338596
0.223966
0.156741
0.389685
0.227946
0.341950
0.207028
0.238706
0.346972
0.357703
0.196863
0.149026
0.224789
0.352304
0.214214
0.325363
0.199408
0.476088
0.123152
0.240495
0.173121
0.161652
0.145660
0.283567
0.116322
0.231508
0.277026
0.096931
0.275377
0.182162
0.146217
0.270974
0.271754
0.502005
0.251417
0.179512
0.211799
0.191105
0.129118
0.147564
0.384441
0.288456
0.233522
0.282945
0.239207
0.194769
0.178384
0.051725
0.084718
0.362227
0.359489
0.185360
0.291858
0.245842
0.385847
0.536201
0.228353
0.270741
0.353464
0.301674
0.237785
0.100067
0.241305
0.158062
0.348609
0.208168
0.151072
0.238372
0.278055
0.316014
0.305096
0.425260
0.284194
0.270115
0.103203
0.231979
0.270015
0.243047
0.195547
0.160409
0.182823
0.259728
0.155008
0.265483
0.221501
0.224081
0.310083
0.363273
0.283685
0.123901
0.240297
0.177555
0.142977
0.451788
0.218830
0.235565
0.201577
0.219102
0.461260
0.442839
0.191805
0.221596
0.322801
0.416198
0.421681
0.500808
0.237909
0.084853
0.221162
0.194381
0.288621
0.372793
0.130362
0.194309
0.220875
0.281248
0.262804
0.160102
0.370710
0.251029
0.319142
0.299795
0.330432
0.487304
0.563883
0.209675
0.198435
0.381595
0.180548
0.258624
0.265474
0.195759
0.150906
0.160516
0.265401
0.174543
0.413849
0.150299
0.287693
0.259695
0.255562
0.415995
0.124199
0.183285
0.319515
0.175559
0.164994
0.099457
0.327211
0.150630
0.329741
0.348724
0.226672
0.255637
0.129778
0.304701
0.198093
0.332504
0.400459
0.420189
0.273226
0.311525
0.219072
0.655380
0.309458
0.168015
0.139499
0.269389
0.185086
0.281218
0.294368
0.385559
0.387287
0.366256
0.444841
0.222063
0.249659
0.267100
0.323314
0.194661
0.359855
0.112307
0.233225
0.242568
