2.325763
2.200116
2.164513
2.022655
1.766611
2.078168
1.836192
1.407729
1.377780
2.392911
1.501332
0.952201
0.897139
0.764502
0.452836
0.886935
1.450261
0.719062
0.571948
0.708169
0.420518
0.545563
0.727554
0.952645
0.555735
0.404241
0.667421
0.461116
0.425818
0.375067
0.127121
0.560093
0.506273
0.692948
0.611964
0.243008
0.405413
0.346857
0.233196
0.201440
0.081733
0.291990
0.594124
0.152776
0.170326
0.159222
0.227732
0.499265
0.357077
0.417861
0.259018
0.600208
0.505627
0.233714
0.112374
0.191994
0.124323
0.137242
0.448958
0.085472
0.076440
0.208374
0.124933
0.390577
0.281148
0.476588
0.170778
0.388259
0.339257
0.177401
0.434878
0.227318
0.580853
0.165819
0.097401
0.143180
0.509536
0.109216
0.054341
0.185533
0.194481
0.165382
0.102016
0.176729
0.399576
0.290067
0.205189
0.243624
0.096783
0.108760
0.277100
0.312301
0.280019
0.161224
0.159780
0.657410
0.379571
0.306521
0.651032
0.104538
0.213612
0.164821
0.046199
0.046915
0.184728
0.352266
0.288922
0.150947
0.300910
0.129330
0.055916
0.185339
0.301449
0.359899
0.208600
0.256298
0.060444
0.206272
0.129399
0.110849
0.240609
0.240687
0.288391
0.077633
0.124917
0.222212
0.122722
0.381779
0.314854
0.243580
0.393639
0.193176
0.090476
0.256240
0.135286
0.056094
0.150663
0.363470
0.530463
0.251779
0.162990
0.242384
0.137504
0.200316
0.055256
0.238387
0.263807
0.047217
0.000972
0.091689
0.087045
0.101031
0.097100
0.168388
0.252086
0.234518
0.085344
0.188151
0.196298
0.239892
0.388790
0.253691
0.406266
0.026003
0.102610
0.094214
0.170295
0.262851
0.112702
0.146160
0.045461
0.152624
0.077004
0.232887
0.221659
0.063977
0.205035
0.070435
0.076199
0.051101
0.085846
0.087298
0.273994
0.060682
0.476410
0.027957
0.052751
0.165955
0.094892
0.059196
0.091541
0.071336
0.076409
0.107604
0.035268
0.224079
0.354545
0.228718
0.260610
0.212646
0.127871
0.162258
0.168316
0.063003
0.230551
0.528863
0.057954
0.136866
0.668115
0.284643
0.164498
0.204145
0.116755
0.061048
0.140352
0.086522
0.064068
0.028074
0.086259
0.042120
0.094530
0.085161
0.371840
0.256481
0.289881
0.114913
0.321961
0.044956
0.105062
0.322735
0.160796
0.129008
0.077578
0.037096
0.086937
0.059720
0.387769
0.074929
0.107255
0.086876
0.036784
0.095797
0.104137
0.289568
0.045126
0.019588
0.062590
0.127851
0.262292
0.114518
0.112048
0.093624
0.356082
0.189820
0.168845
0.165846
0.056948
0.119527
0.110631
0.213185
0.024042
0.161247
0.334186
0.080536
0.049288
0.161701
0.178315
0.130270
0.082620
0.142571
0.172970
0.281139
0.094534
0.106196
0.098463
0.053872
0.137101
0.146646
0.405512
0.413976
0.137291
0.550939
0.094946
0.138987
0.187406
0.038807
0.346740
0.247438
0.087878
0.077818
0.214058
0.327606
0.072563
0.097637
0.054975
0.058242
0.156221
0.006911
0.194620
0.040494
0.060932
0.063851
0.075668
0.237502
0.040813
0.132752
0.084691
0.025508
0.056717
0.065323
0.066321
0.144376
0.069089
0.133312
0.174114
0.019738
0.049939
0.033999
0.338810
0.086922
0.143722
0.060265
0.255942
0.031955
0.437020
0.123513
0.453115
0.018615
0.047205
0.130676
0.066791
0.178924
0.061551
0.170168
0.105622
0.181288
0.147487
0.071034
0.116578
0.093774
0.117726
0.076301
0.181223
0.033921
0.174513
0.157417
0.147723
0.215879
0.047443
0.031450
0.068931
0.270057
0.101065
0.183960
0.203633
0.081030
0.064977
0.047748
0.097227
0.060201
0.121443
0.052949
0.030853
0.073027
0.177631
0.179143
0.238056
0.625782
0.056465
0.093476
0.040312
0.097003
0.228742
0.153408
0.138565
0.117547
0.025225
0.052495
0.162030
0.052539
0.366486
0.064585
0.299118
0.042350
0.078010
0.109326
0.114801
0.014469
0.189921
0.110869
0.248004
0.227832
0.217147
0.215717
0.027024
0.116723
0.069068
0.093490
0.035483
0.085131
0.082330
0.029635
0.131400
0.105534
0.076870
0.064674
0.158509
0.155010
0.052385
0.164166
0.063211
0.661382
0.192917
0.191705
0.109282
0.421120
0.111512
0.085778
0.036704
0.196735
0.226368
0.118316
0.110651
0.019695
0.091645
0.188881
0.110633
0.099547
0.230081
0.091529
0.269898
0.179110
0.131604
0.206607
0.159897
0.184562
0.139123
0.053869
0.094805
0.028051
0.132295
0.100214
0.224564
0.030739
0.060283
0.120229
0.010397
0.096677
0.247044
0.134324
0.117420
0.233773
0.414828
0.012296
0.191672
0.215789
0.041689
0.058037
0.060251
0.108728
0.059238
0.162020
0.247111
0.102418
0.092332
0.228626
0.222752
0.097190
0.028319
0.049230
0.065742
0.105444
0.346086
0.155256
0.044105
0.069860
0.114495
0.084660
0.090935
0.113831
0.416428
0.049843
0.259803
0.138483
0.172661
0.054916
0.112802
0.261271
0.057974
0.084186
0.208879
0.294904
0.061919
0.150757
0.069336
0.178383
0.142137
0.088642
0.095658
0.030620
0.124626
0.021146
0.117693
0.272655
0.015999
0.223451
0.026845
0.116681
0.153831
0.108088
0.121931
0.213113
0.048102
0.151554
0.052289
0.081124
0.188782
0.050466
0.213550
0.136040
0.099254
0.068141
0.028974
0.058683
0.052467
0.049069
0.066438
0.290213
0.035708
0.153239
0.045542
0.162010
0.078293
0.207037
0.022720
0.042144
0.072524
0.116657
0.384554
0.081342
0.117790
0.060169
0.196626
0.138030
0.033591
0.226403
0.164208
0.017914
0.078871
0.113953
0.018598
0.155105
0.041175
0.068715
0.061796
0.021024
0.206867
0.086369
0.114206
0.063089
0.174638
0.066816
0.173916
0.058397
0.016191
0.122949
0.010825
0.037498
0.156217
0.239342
0.122120
0.624335
0.056995
0.030432
0.182226
0.119971
0.038612
0.009419
0.030252
0.066601
0.051030
0.027942
0.047248
0.074419
0.083473
0.072140
0.030682
0.029832
0.115865
0.019236
0.193656
0.036705
0.344866
0.096695
0.085557
0.000026
0.057543
0.246134
0.071254
0.030765
0.009197
0.182355
0.059912
0.201472
0.053551
0.079798
0.096559
0.052312
0.064506
0.189140
0.043056
0.067901
0.077167
0.115883
0.189480
0.111666
0.102550
0.128427
0.017979
0.131212
0.028936
0.017717
0.030795
0.194416
0.096595
0.125553
0.025075
0.441348
0.115667
0.018361
0.599099
0.026568
0.071369
0.146383
0.030179
0.210051
0.039906
0.065257
0.308299
0.014421
0.160513
0.116175
0.058870
0.094721
0.052426
0.157027
0.025777
0.056527
0.073783
0.216770
0.018772
0.055059
0.041839
0.082968
0.073542
0.197090
0.021020
0.076754
0.165075
0.037772
0.060185
0.221150
0.033546
0.076902
0.085831
0.063546
0.036923
0.070725
0.165189
0.071732
0.274706
0.219841
0.097635
0.031927
0.220922
0.079212
0.113952
0.020717
0.154826
0.034877
0.085701
0.091143
0.081289
0.033490
0.168732
0.034389
0.018301
0.203982
0.074294
0.019169
0.031838
0.105077
0.058702
0.020376
0.021622
0.024693
0.097059
0.098906
0.237460
0.165095
0.143295
0.117851
0.258363
0.094108
0.194972
0.369866
0.081198
0.031650
0.047652
0.149528
0.021753
0.313319
0.024235
0.078750
0.087710
0.109320
0.106331
0.149937
0.209498
0.087712
0.025415
0.020131
0.028325
0.109842
0.014307
0.205603
0.294397
0.155302
0.213158
0.237453
0.313278
0.042345
0.109471
0.026937
0.101761
0.129608
0.046763
0.095354
0.050811
0.109357
0.076673
0.021313
0.117338
0.187788
0.046315
0.117738
0.027599
0.168763
0.063566
0.148054
0.028628
0.104041
0.012629
0.027141
0.027277
0.053401
0.044065
0.116764
0.113286
0.030218
0.063302
0.027462
0.109270
0.100321
0.172019
0.089987
0.602564
0.034094
0.026408
0.272847
0.036691
0.181858
0.052639
0.182542
0.028867
0.105854
0.020755
0.013129
0.019247
0.037171
0.054379
0.011968
0.208909
0.016820
0.103362
0.063447
0.130706
0.149905
0.068333
0.208236
0.054625
0.034418
0.060063
0.130385
0.124103
0.095328
0.114412
0.175749
0.209311
0.033835
0.106702
0.166508
0.022781
0.183475
0.090548
0.056536
0.166032
0.152765
0.022914
0.193083
0.033211
0.095675
0.054779
0.025388
0.154779
0.210216
0.023205
0.064565
0.051300
0.219892
0.101061
0.189813
0.152850
0.110527
0.216867
0.061005
0.056744
0.084308
0.038967
0.026196
0.091391
0.044642
0.034782
0.043381
0.064106
0.206989
0.012116
0.117907
0.011100
0.078643
0.188884
0.031174
0.226208
0.212895
0.106513
0.040046
0.385060
0.118062
0.013970
0.223084
0.091705
0.012886
0.134448
0.030392
0.078608
0.103352
0.067498
0.177152
0.111070
0.061605
0.037848
0.211163
0.216625
0.110644
0.054601
0.010210
0.035144
0.047832
0.059376
0.246501
0.068627
0.084318
0.027099
0.068144
0.052852
0.034357
0.089168
0.100680
0.183778
0.087944
0.094445
0.185467
0.146865
0.079839
0.051612
0.049941
0.016479
0.170076
0.116602
0.041638
0.074692
0.290730
0.201956
0.036098
0.020207
0.244959
0.072834
0.018495
0.061062
0.063095
0.024936
0.027962
0.069387
0.072045
0.053615
0.082189
0.034178
0.011091
0.059530
0.017269
0.007140
0.019069
0.060895
0.098377
0.052252
0.141766
0.060236
0.038374
0.217522
0.058937
0.056889
0.157720
0.023168
0.214323
0.062106
0.050443
0.052530
0.230213
0.154233
0.875748
0.023840
0.224670
0.047813
0.096160
0.096311
0.044435
0.192491
0.081902
0.043316
0.040102
0.033378
0.024346
0.076008
0.103940
0.037985
0.105018
0.134331
0.045461
0.271746
0.061336
0.052041
0.191715
0.212433
0.209395
0.059404
0.055347
0.092409
0.061171
0.070695
0.071257
0.106462
0.134461
0.030090
0.074459
0.087512
0.025620
0.092177
0.066732
0.093992
0.026621
0.069602
0.153049
0.014879
0.028715
0.052762
0.111099
0.101048
0.236871
0.009448
0.212811
0.041386
0.090369
0.088658
0.054245
0.061854
0.095084
0.025400
0.149861
0.048403
0.234737
0.091893
0.019015
0.047367
0.210089
0.181679
0.211094
0.113916
0.346618
0.035879
0.092883
0.061609
0.255736
0.068325
0.112034
0.027422
0.033710
0.037388
0.173717
0.130836
0.009409
0.125546
0.080913
0.066564
0.057329
0.193897
0.177592
0.121943
0.144160
0.031027
0.033400
0.014832
0.221775
0.113404
0.051965
0.030290
0.012312
0.135749
0.063104
0.105521
0.068976
0.057947
0.060176
0.068368
0.066713
0.047840
0.047791
0.031422
0.032638
0.244774
0.099629
0.096607
0.022349
0.006517
0.063838
0.092720
0.109730
0.013881
0.116795
0.020829
0.013801
0.146929
0.134398
0.022389
0.072807
0.085409
0.032648
0.037547
0.029898
0.065221
0.023268
0.050230
0.090994
0.034353
0.010144
0.056711
0.245345
0.024804
0.084302
0.065434
0.112504
0.109705
0.072534
0.120836
0.071448
0.349597
0.059842
0.016166
0.005406
0.023646
0.047147
0.208771
0.194331
0.142014
0.028153
0.029982
0.143855
0.074453
0.091179
0.011151
0.155906
0.028625
0.046720
0.150598
0.236686
0.122596
0.044458
0.105679
0.140964
0.048174
0.024512
0.158842
0.108851
0.084630
0.072761
0.011079
0.168597
0.216180
0.121388
0.036160
0.154958
0.231855
0.022498
0.081229
0.163778
0.024470
0.088420
0.051248
0.146551
0.089030
0.068411
0.072778
0.231517
0.170459
0.107389
0.140680
0.057553
0.037527
0.066356
0.195974
0.013180
0.144166
0.098159
0.284473
0.182383
0.175100
0.030102
0.119446
0.023643
0.025935
0.055461
0.011728
0.035866
0.041545
0.047483
0.028984
0.020574
0.031581
0.075662
0.072987
0.005994
0.056129
0.059910
0.033122
0.015984
0.008296
0.105646
0.099615
0.037667
0.426181
0.040267
0.113221
0.069623
0.049177
0.028664
0.209309
0.087688
0.068850
0.144708
0.079619
0.099524
0.050991
0.076281
0.064762
0.151077
0.088086
0.029531
0.088516
0.077331
0.038467
0.006161
0.073569
0.170834
0.026672
0.045121
0.045586
0.056583
0.107022
0.778400
0.094150
0.069580
0.023969
0.011496
0.339943
0.026486
0.042457
0.046507
0.018984
0.222716
0.053171
0.065155
0.093253
0.008613
0.064748
0.040021
0.112668
0.014722
0.080209
0.041765
0.112751
0.118514
0.007669
0.121540
0.046639
0.046137
0.248556
0.221261
0.126730
0.084607
0.058687
0.072358
0.008187
0.131313
0.020844
0.029098
0.065596
0.052108
0.077492
0.063033
0.063081
0.059293
0.153203
0.068475
0.039677
0.063292
0.295629
0.011465
0.214351
0.199900
0.008854
0.694460
0.098471
0.039920
0.016737
0.094724
0.013827
0.089592
0.117869
0.201054
0.317700
0.061310
0.023624
0.038001
0.092735
0.015856
0.090867
0.113903
0.008402
0.052023
0.012951
0.012318
0.047265
0.111069
0.026033
0.139059
0.054613
0.030276
0.012630
0.082979
0.159539
0.003504
0.189879
0.067866
0.083977
0.063921
0.121215
0.103709
0.055830
0.040125
0.081395
0.049601
0.016916
0.166104
0.102322
0.049949
0.045258
0.032490
0.051254
0.021280
0.104022
0.097208
0.080981
0.030042
0.287486
0.102220
0.036266
0.088124
0.018328
0.030466
0.025275
0.008531
0.032984
0.231789
0.084937
0.024171
0.170775
0.045572
0.038716
0.052826
0.144283
0.066259
0.032126
0.104483
0.013243
0.037307
0.049041
0.137991
0.180789
0.033165
0.133425
0.085350
0.152050
0.016352
0.055426
0.024424
0.067791
0.010011
0.381382
0.014617
0.103792
0.141997
0.120810
0.049802
0.046869
0.062719
0.131528
0.138589
0.076653
0.025977
0.087662
0.286882
0.002528
0.104125
0.032595
0.051417
0.056147
0.136835
0.057028
0.096701
0.013199
0.244756
0.069512
0.019770
0.059406
0.190833
0.061192
0.024697
0.087164
0.038432
0.023229
0.058529
0.230962
0.077859
0.093245
0.218302
0.095690
0.016618
0.067788
0.151086
0.033283
0.026935
0.011680
0.023323
0.064868
0.059480
0.065313
0.085431
0.048744
0.224412
0.038473
0.025871
0.049637
0.079622
0.157564
0.011913
0.200277
0.121059
0.054313
0.069319
0.015723
0.012681
0.011837
0.156176
0.051186
0.060418
0.216442
0.032465
0.072697
0.044347
0.059060
0.068620
0.109146
0.147004
0.036725
0.038444
0.035409
0.130415
0.552547
0.087988
0.112862
0.006169
0.045742
0.024404
0.116378
0.055063
0.017818
0.046545
0.013108
0.007339
0.057343
0.036426
0.128812
0.034656
0.244122
0.022844
0.084719
0.059217
0.248877
0.264724
0.776116
0.087100
0.052362
0.025115
0.061080
0.169566
0.025514
0.148595
0.202653
0.006354
0.109134
0.045578
0.025704
0.094936
0.011176
0.036132
0.040419
0.014529
0.459810
0.111859
0.059274
0.072692
0.024670
0.086388
0.043958
0.017337
0.141765
0.063824
0.016092
0.017663
0.169972
0.113270
0.033099
0.061535
0.023969
0.013714
0.003350
0.053582
0.034122
0.283320
0.158544
0.076077
0.027138
0.078458
0.106866
0.023820
0.031519
0.028252
0.172575
0.067762
0.015574
0.018256
0.139912
0.060034
0.032369
0.061507
0.034558
0.071307
0.010771
0.025290
0.033545
0.208174
0.043581
0.310768
0.024406
0.063960
0.006306
0.038312
0.058838
0.096655
0.024991
0.072559
0.026270
0.024800
0.051705
0.024931
0.063285
0.022115
0.045936
0.028883
0.037776
0.061141
0.197208
0.059587
0.053334
0.116048
0.035330
0.064732
0.084036
0.025358
0.213473
0.063371
0.051918
0.153271
0.029889
0.062666
0.024341
0.042611
0.047529
0.038366
0.069605
0.268856
0.040497
0.025177
0.044657
0.041897
0.172162
0.030093
0.060727
0.147432
0.093881
0.030981
0.095837
0.049106
0.108242
0.003428
0.195652
0.067110
0.019453
0.041177
0.010206
0.106301
0.079199
0.150068
0.007830
0.051774
0.031571
0.122812
0.081411
0.221989
0.074805
0.053030
0.123774
0.155902
0.075846
0.026827
0.082333
0.023753
0.014612
0.072262
0.022478
0.244043
0.080087
0.157360
0.075975
0.049836
0.180052
0.255173
0.212563
0.058391
0.118116
0.103554
0.070937
0.015143
0.030727
0.029988
0.018898
0.052205
0.036920
0.003905
0.030447
0.081221
0.022954
0.015281
0.764697
0.036145
0.126819
0.046951
0.108027
0.065372
0.037578
0.034697
0.056717
0.084306
0.078003
0.104696
0.433807
0.349146
0.055247
0.032927
0.082227
0.081520
0.053144
0.400283
0.030903
0.027888
0.015178
0.071419
0.032900
0.011672
0.031812
0.009400
0.130139
0.009873
0.025730
0.076453
0.085113
0.131492
0.014668
0.152432
0.047920
0.010044
0.044222
0.117548
0.145745
0.161122
0.108769
0.043046
0.099168
0.005329
0.000033
0.040039
0.045670
0.010613
0.069548
0.035703
0.041759
0.050871
0.028192
0.061002
0.023665
0.044772
0.011111
0.009178
0.068253
0.084483
0.076133
0.071175
0.054116
0.044531
0.031523
0.073533
0.048033
0.014623
0.011502
0.031782
0.020432
0.329661
0.033510
0.040145
0.083143
0.041505
0.016648
0.025259
0.137137
0.069552
0.151720
0.032886
0.023932
0.085279
0.068620
0.012246
0.110154
0.012828
0.024011
0.033209
0.009339
0.012605
0.035443
0.118519
0.145982
0.160806
0.047693
0.082628
0.015834
0.040662
0.016835
0.017018
0.065725
0.096644
0.017145
0.061648
0.023810
0.017014
0.167344
0.066956
0.110982
0.037211
0.161099
0.038459
0.168668
0.047422
0.022888
0.036666
0.022219
0.047083
0.197690
0.300613
0.017579
0.009711
0.092694
0.113756
0.090468
0.177799
0.039952
0.015172
0.443467
0.156142
0.025280
0.013859
0.166616
0.051185
0.036029
0.116968
0.035408
0.052158
0.185901
0.090071
0.060328
0.297650
0.018220
0.030128
0.022769
0.022108
0.006186
0.039281
0.037788
0.054217
0.081271
0.104038
0.011867
0.646266
0.079243
0.081464
0.083042
0.010725
0.156923
0.021576
0.136140
0.061433
0.042087
0.073486
0.253527
0.033946
0.153748
0.065821
0.088208
0.060280
0.150330
0.059654
0.121578
0.145650
0.065785
0.149338
0.160787
0.029215
0.059882
0.064954
0.008887
0.141442
0.016113
0.114455
0.062945
0.093167
0.301554
0.260430
0.176045
0.018423
0.024185
0.000418
0.046618
0.029146
0.037024
0.070378
0.011090
0.123358
0.047472
0.124641
0.032326
0.337180
0.033045
0.677522
0.095821
0.070465
0.119139
0.012326
0.005891
0.020976
0.140005
0.104579
0.079230
0.014356
0.051697
0.152825
0.011667
0.005290
0.229998
0.056817
0.206400
0.055345
0.065805
0.022125
0.312559
0.020862
0.081928
0.031593
0.100543
0.146184
0.008656
0.027048
0.092198
0.009349
0.034005
0.009556
0.069419
0.076858
0.156666
0.025138
0.175568
0.005194
0.026731
0.015195
0.031471
0.229766
0.017237
0.062913
0.046778
0.031968
0.058153
0.017560
0.008244
0.064910
0.043021
0.054043
0.163387
0.350431
0.110246
0.028178
0.005950
0.121498
0.032631
0.018680
0.037752
0.050020
0.199817
0.074344
0.080166
0.060189
0.052008
0.077179
0.193075
0.093699
0.052045
0.026329
0.045797
0.017763
0.182554
0.014570
0.040451
0.128346
0.232204
0.065578
0.010834
0.115715
0.112371
0.040850
0.012932
0.029919
0.050800
0.063581
0.153690
0.076808
0.065273
0.148478
0.005174
0.121696
0.011536
0.068389
0.221349
0.063612
0.070712
0.052233
0.123919
0.095590
0.053750
0.022188
0.046441
0.013333
0.038915
0.006292
0.033605
0.056936
0.030832
0.085394
0.058041
0.041200
0.082703
0.047605
0.009329
0.086810
0.115898
0.008001
0.047082
0.209245
0.139143
0.127713
0.020362
0.012539
0.018652
0.211439
0.138143
0.075792
0.048506
0.121258
0.012973
0.038655
0.059569
0.052934
0.000260
0.015766
0.040064
0.090624
0.027157
0.032084
0.019813
0.166741
0.059862
0.047978
0.090834
0.015038
0.013094
0.047053
0.032621
0.103533
0.056161
0.113333
0.005585
0.033763
0.141961
0.105861
0.014033
0.106944
0.034284
0.052129
0.005328
0.067154
0.036331
0.132117
0.016839
0.015872
0.067332
0.074224
0.073740
0.113487
0.045297
0.035228
0.151755
0.596067
0.278046
0.054786
0.205486
0.104994
0.015982
0.027672
0.061122
0.101903
0.045285
0.059536
0.013476
0.049450
0.111199
0.030993
0.011175
0.115422
0.047206
0.012600
0.143477
0.025282
0.177217
0.015556
0.020238
0.289403
0.124977
0.047397
0.031282
0.052605
0.017589
0.091239
0.023792
0.034289
0.061461
0.059636
0.180257
0.066260
0.076774
0.039688
0.032269
0.159566
0.008029
0.078184
0.056860
0.149167
0.050495
0.034120
0.005662
0.056437
0.067716
0.122811
0.124735
0.156019
0.059061
0.068090
0.035183
0.038093
0.351228
0.012161
0.171006
0.045836
0.022589
0.149927
0.002069
0.088838
0.139541
0.335639
0.028155
0.030071
0.012290
0.100458
0.011043
0.151984
0.049068
0.070051
0.015760
0.220945
0.020431
0.025786
0.041813
0.035881
0.037637
0.122451
0.007599
0.043770
0.106631
0.276543
0.186510
0.012464
0.013832
0.022644
0.051415
0.048378
0.011376
0.046434
0.040706
0.026658
0.059249
0.054365
0.112337
0.006229
0.082196
0.048494
0.047229
0.102699
0.098103
0.057787
0.224099
0.027903
0.104804
0.001106
0.141884
0.007362
0.024299
0.031960
0.052510
0.026703
0.301306
0.089284
0.189677
0.027373
0.110635
0.048027
0.013091
0.009014
0.015897
0.214461
0.119202
0.377402
0.047334
0.110796
0.102442
0.058921
0.152846
0.032302
0.011383
0.023913
0.139573
0.006504
0.046535
0.087152
0.042329
0.013629
0.022946
0.179164
0.052168
0.019114
0.134503
0.100745
0.060048
0.184978
0.087646
0.012466
0.051649
0.046548
0.100395
0.051867
0.168489
0.019446
0.043983
0.029461
0.018699
0.057176
0.005292
0.004992
0.043876
0.070152
0.014102
0.037716
0.164117
0.004928
0.175316
0.008841
0.056571
0.071037
0.056631
0.044853
0.252624
0.006770
0.148771
0.074578
0.047440
0.052091
0.046308
0.103698
0.047266
0.013349
0.029955
0.146485
0.105638
0.049224
0.097024
0.019939
0.010586
0.007258
0.085926
0.063303
0.084646
0.007000
0.014699
0.087464
0.046788
0.100155
0.060378
0.083149
0.015316
0.013846
0.046364
0.049502
0.111357
0.007621
0.313737
0.024714
0.074435
0.026059
0.063053
0.013701
0.018172
0.025577
0.165323
0.091525
0.115601
0.055594
0.170673
0.030770
0.043797
0.006080
0.134461
0.018990
0.020328
0.046156
0.024871
0.027141
0.187094
0.370359
0.029170
0.055018
0.193867
0.005787
0.048424
0.024624
0.026523
0.015224
0.099371
0.013274
0.245037
0.154802
0.025139
0.019501
0.059846
0.633472
0.019130
0.034267
0.022339
0.038791
0.074754
0.079694
0.076602
0.131588
0.000689
0.112598
0.037393
0.147831
0.048865
0.030833
0.135694
0.045850
0.087232
0.027857
0.016658
0.036173
0.178115
0.111148
0.170227
0.174449
0.037412
0.120700
0.028631
0.163411
0.061739
0.027355
0.007389
0.022754
0.065172
0.020051
0.124973
0.022432
0.045210
0.031023
0.039532
0.207113
0.010300
0.021252
0.014651
0.004927
0.030103
0.041135
0.263559
0.063985
0.142847
0.075971
0.044338
0.100373
0.014350
0.171733
0.046633
0.014541
0.049076
0.015589
0.019653
0.070375
0.026192
0.178938
0.037440
0.031649
0.054449
0.256670
0.091862
0.006341
0.019391
0.080959
0.043727
0.019266
0.029976
0.088322
0.152446
0.127451
0.022016
0.104278
0.037933
0.059678
0.004063
0.064773
0.259295
0.028825
0.030182
0.040903
0.021527
0.097012
0.142400
0.018527
0.013242
0.159443
0.027434
0.164942
0.100271
0.163719
0.032359
0.091162
0.142072
0.059400
0.068392
0.019353
0.008225
0.023201
0.073390
0.398085
0.018607
0.028189
0.004627
0.038348
0.090729
0.024576
0.015169
0.084308
0.026581
0.089071
0.015538
0.029066
0.104239
0.025827
0.302993
0.035780
0.057128
0.022913
0.029595
0.002875
0.024958
0.029775
0.275493
0.037531
0.029782
0.019315
0.017681
0.137737
0.032958
0.020340
0.061589
0.020214
0.071437
0.097230
0.087829
0.250329
0.007731
0.006322
0.009767
0.049945
0.144087
0.012620
0.086353
0.067212
0.085541
0.065119
0.129210
0.018260
0.037332
0.626551
0.043591
0.000469
0.166860
0.226591
0.017558
0.043611
0.017107
0.036054
0.129164
0.027558
0.008784
0.366112
0.011784
0.038951
0.063734
0.355962
0.024061
0.091611
0.014586
0.627123
0.094429
0.146875
0.030083
0.031662
0.103396
0.060375
0.009495
0.038585
0.019228
0.040435
0.016147
0.125843
0.033792
0.102045
0.249226
0.093133
0.020795
0.056908
0.034351
0.045133
0.010691
0.260143
0.047369
0.018330
0.212298
0.016090
0.022037
0.035889
0.116850
0.014404
0.082623
0.099797
0.082293
0.089065
0.324924
0.036760
0.006409
0.017657
0.078572
0.018357
0.012792
0.029025
0.076835
0.111863
0.045431
0.066561
0.004857
0.058503
0.082417
0.012581
0.051176
0.048347
0.013451
0.037645
0.135996
0.040146
0.043037
0.028077
0.037680
0.265132
0.002934
0.018190
0.031690
0.016264
0.053580
0.049192
0.050901
0.021303
0.081704
0.086956
0.020465
0.090880
0.009656
0.014522
0.157369
0.045774
0.186574
0.022655
0.334812
0.008804
0.012245
0.141843
0.056738
0.104449
0.010882
0.005027
0.012917
0.017105
0.046682
0.007132
0.146081
0.170903
0.018670
0.166467
0.011181
0.237658
0.032282
0.056998
0.009894
0.095581
0.100042
0.085293
0.164664
0.079457
0.020585
0.038996
0.038792
0.090761
0.032147
0.062963
0.039323
0.124886
0.021014
0.030344
0.023223
0.021010
0.007087
0.009136
0.044347
0.007252
0.102853
0.003730
0.025169
0.031283
0.070049
0.017263
0.121343
0.103598
0.107192
0.071676
0.000512
0.042712
0.056923
0.027082
0.047158
0.007370
0.052791
0.067622
0.011935
0.040622
0.008025
0.039170
0.022605
0.035271
0.073546
0.084302
0.034819
0.053388
0.059469
0.049139
0.072024
0.066755
0.001809
0.009118
0.023300
0.031791
0.003942
0.107339
0.014075
0.152943
0.088470
0.204798
0.276178
0.025077
0.037318
0.013637
0.104952
0.084281
0.027780
0.125389
0.242836
0.075901
0.087578
0.023904
0.201302
0.173347
0.063857
0.108737
0.228373
0.031086
0.063136
0.022502
0.080035
0.072640
0.049261
0.004972
0.006080
0.156381
0.013195
0.049044
0.007185
0.110155
0.027767
0.024068
0.151253
0.053780
0.593477
0.036714
0.008220
0.057796
0.102839
0.003101
0.201106
0.043814
0.026180
0.249558
0.010559
0.080448
0.146340
0.018906
0.007100
0.082542
0.048511
0.069209
0.215262
0.080177
0.032018
0.032440
0.045919
0.016147
0.107626
0.159493
0.008720
0.330646
0.018750
0.016739
0.005244
0.036632
0.026114
0.180919
0.012372
0.095592
0.050324
0.037643
0.021165
0.043885
0.093621
0.013256
0.045218
0.046084
0.110431
0.013993
0.009130
0.014721
0.053899
0.009940
0.062763
0.023202
0.051448
0.086174
0.037588
0.008766
0.087524
0.078034
0.202681
0.007962
0.105511
0.094232
0.028738
0.334329
0.021379
0.162794
0.057227
0.009569
0.017754
0.010598
0.011302
0.131639
0.140721
0.013906
0.054160
0.075881
0.107615
0.028124
0.067242
0.104458
0.029838
0.053991
0.050840
0.002896
0.010253
0.028518
0.106303
0.087041
0.129786
0.008416
0.074055
0.135903
0.065459
0.065315
0.011034
0.085027
0.276967
0.009769
0.022710
0.006761
0.074930
0.049617
0.070819
0.008289
0.010965
0.053535
0.060414
0.024176
0.152841
0.033497
0.028884
0.018723
0.234934
0.074125
0.120302
0.366825
0.074016
0.175448
0.021324
0.079475
0.068482
0.027744
0.013556
0.200039
0.077770
0.017293
0.009589
0.088496
0.016784
0.119676
0.048240
0.067260
0.033153
0.041678
0.057244
0.057797
0.030399
0.038723
0.052409
0.175616
0.040415
0.091856
0.025745
0.589658
0.149915
0.046341
0.008323
0.122460
0.209839
0.012078
0.057418
0.017604
0.143839
0.020055
0.023139
0.042558
0.041160
0.026073
0.005564
0.009920
0.143033
0.015290
0.133553
0.018286
0.022623
0.062270
0.035310
0.015291
0.037335
0.143846
0.028861
0.034339
0.029458
0.136675
0.132376
0.097320
0.028429
0.189104
0.159487
0.014455
0.041040
0.114663
0.040523
0.193349
0.046702
0.084683
0.033150
0.020578
0.025328
0.063220
0.037202
0.024587
0.113053
0.043118
0.112585
0.036822
0.204245
0.007617
0.045118
0.068147
0.037914
0.067779
0.054749
0.021333
0.018675
0.034302
0.045993
0.016146
0.019910
0.113441
0.040503
0.030027
0.077642
0.037062
0.011893
0.030664
0.103538
0.100831
0.032925
0.117596
0.069484
0.034863
0.041619
0.099648
0.027509
0.033577
0.042492
0.054797
0.036190
0.200694
0.015163
0.015187
0.000053
0.087101
0.021563
0.018044
0.078153
0.098268
0.298453
0.053554
0.235053
0.052612
0.055011
0.157088
0.026082
0.028132
0.053927
0.017974
0.390624
0.024152
0.013517
0.025983
0.028320
0.025944
0.006970
0.109246
0.008468
0.009611
0.020575
0.035296
0.141910
0.196269
0.059010
0.048759
0.029550
0.015599
0.010688
0.008099
0.125310
0.131023
0.040998
0.071704
0.058856
0.045728
0.066417
0.034024
0.120037
0.036926
0.067058
0.080237
0.010660
0.034587
0.247233
0.059815
0.051738
0.010706
0.028348
0.195477
0.027306
0.143820
0.008104
0.150638
0.037276
0.104657
0.083625
0.063530
0.079084
0.101439
0.061422
0.067902
0.041749
0.023024
0.065426
0.105151
0.009865
0.054573
0.020306
0.038102
0.044536
0.047975
0.020132
0.073729
0.269157
0.083456
0.081787
0.019182
0.013214
0.077778
0.014392
0.033681
0.003444
0.189416
0.028482
0.002228
0.049392
0.059664
0.035330
0.094461
0.032503
0.010028
0.021098
0.118113
0.009267
0.028432
0.036264
0.017194
0.315212
0.169475
0.031158
0.017002
0.284615
0.034579
0.006927
0.015374
0.128881
0.608201
0.004025
0.021662
0.019223
0.163393
0.006764
0.130532
0.058511
0.127517
0.008333
0.048159
0.062301
0.046076
0.002704
0.044495
0.118350
0.020606
0.041210
0.008212
0.016611
0.161205
0.087560
0.011783
0.068461
0.056074
0.016891
0.081901
0.048445
0.027956
0.028323
0.088890
0.054339
0.011178
0.058716
0.114911
0.022456
0.003997
0.049900
0.010157
0.151626
0.184210
0.068433
0.046329
0.100300
0.002901
0.086346
0.020306
0.010101
0.088175
0.098753
0.034796
0.015134
0.031680
0.008781
0.118626
0.016279
0.042172
0.231131
0.013241
0.107578
0.235420
0.009365
0.289763
0.018762
0.033424
0.073944
0.268482
0.046073
0.012010
0.364919
0.056165
0.018699
0.064276
0.115166
0.077796
0.009171
0.040792
0.003880
0.009317
0.054903
0.077564
0.004445
0.127019
0.120426
0.003302
0.018607
0.149588
0.180958
0.087048
0.041090
0.009445
0.041743
0.011417
0.041191
0.150806
0.034984
0.014076
0.066341
0.036511
0.022309
0.010956
0.006926
0.008117
0.072534
0.041838
0.072643
0.035371
0.009066
0.055689
0.051295
0.013706
0.014632
0.018210
0.603121
0.020487
0.095279
0.123672
0.024157
0.010480
0.024346
0.091961
0.110904
0.006424
0.118255
0.023319
0.089027
0.061704
0.128788
0.044873
0.026084
0.036397
0.010147
0.018877
0.006131
0.020816
0.056050
0.223039
0.107134
0.049235
0.129584
0.011578
0.143085
0.038262
0.089120
0.233031
0.030064
0.040572
0.058089
0.038680
0.013657
0.008155
0.025654
0.038804
0.003995
0.026051
0.033419
0.022746
0.075787
0.045722
0.018783
0.181654
0.036997
0.036305
0.112193
0.029537
0.082169
0.082615
0.043618
0.086828
0.008408
0.154198
0.055835
0.061544
0.223190
0.005736
0.007033
0.041734
0.010798
0.088858
0.027721
0.030644
0.070839
0.057438
0.233379
0.071610
0.007460
0.035819
0.007329
0.012750
0.060582
0.263614
0.028265
0.089760
0.169359
0.047711
0.017310
0.292166
0.007634
0.184835
0.014548
0.022467
0.048569
0.044642
0.010184
0.034898
0.145474
0.051733
0.064659
0.004252
0.025836
0.017711
0.103274
0.173792
0.044162
0.017857
0.043393
0.017605
0.236296
0.173580
0.005024
0.008838
0.010957
0.004469
0.090770
0.287578
0.008603
0.231247
0.032222
0.243296
0.047920
0.040422
0.616248
0.104267
0.042490
0.014914
0.036579
0.029146
0.008773
0.145647
0.058028
0.069182
0.237664
0.080445
0.016059
0.041665
0.057513
0.018529
0.039848
0.040800
0.023338
0.010003
0.024737
0.065321
0.007555
0.076052
0.029674
0.025291
0.083286
0.035773
0.005675
0.039962
0.026284
0.077192
0.284245
0.063346
0.027827
0.064231
0.015051
0.034907
0.040477
0.025867
0.051894
0.110282
0.277599
0.070933
0.025405
0.018792
0.193871
0.019647
0.032678
0.060203
0.136031
0.038992
0.074100
0.087684
0.014465
0.036141
0.007813
0.025460
0.084155
0.064448
0.102327
0.021994
0.039746
0.040186
0.020298
0.093563
0.083613
0.036316
0.016927
0.026485
0.027977
0.092908
0.023760
0.033888
0.012781
0.118437
0.033772
0.007503
0.034858
0.140972
0.085400
0.058015
0.025768
0.035932
0.022584
0.019612
0.061379
0.070147
0.084243
0.008160
0.125385
0.038418
0.059346
0.050403
0.088871
0.054902
0.006619
0.128663
0.069273
0.021150
0.021603
0.015952
0.028495
0.036171
0.011633
0.046696
0.024359
0.049796
0.031143
0.117728
0.011497
0.024340
0.118620
0.024909
0.048266
0.009600
0.083346
0.069090
0.012241
0.007234
0.010879
0.023108
0.024889
0.022360
0.037091
0.049095
0.075407
0.036820
0.007150
0.020229
0.047163
0.246262
0.105311
0.055789
0.039671
0.177707
0.008288
0.032407
0.041361
0.017749
0.021688
0.070227
0.209313
0.107184
0.010445
0.625338
0.022959
0.029996
0.052521
0.042914
0.048519
0.011879
0.017979
0.022386
0.053797
0.018101
0.020168
0.015532
0.055309
0.019358
0.006137
0.098883
0.131037
0.035770
0.162561
0.066111
0.259552
0.034797
0.033970
0.037089
0.140700
0.002762
0.009685
0.019372
0.011981
0.118302
0.011010
0.026715
0.101967
0.025168
0.067463
0.052601
0.147347
0.015739
0.107846
0.244469
0.004465
0.074993
0.013967
0.033239
0.007482
0.035132
0.061339
0.002401
0.089349
0.023826
0.071025
0.039578
0.069328
0.084860
0.140829
0.009655
0.332597
0.023561
0.032379
0.058283
0.031763
0.045690
0.220740
0.035557
0.043526
0.248234
0.134382
0.007504
0.063483
0.014385
0.028590
0.029314
0.014982
0.064040
0.024324
0.018542
0.041055
0.105436
0.038873
0.035938
0.022521
0.034069
0.062161
0.028842
0.042034
0.033401
0.106389
0.224582
0.020379
0.073996
0.026595
0.124571
0.004414
0.035843
0.040065
0.045369
0.229593
0.047962
0.029762
0.028715
0.151027
0.149180
0.340675
0.041418
0.141450
0.065740
0.032390
0.058111
0.293735
0.013046
0.013264
0.149338
0.144848
0.052677
0.028508
0.015926
0.017001
0.030719
0.025219
0.028904
0.027117
0.007782
0.013976
0.002534
0.029398
0.085848
0.716440
0.024703
0.016536
0.093060
0.026168
0.015385
0.089851
0.025544
0.024051
0.098931
0.024742
0.031547
0.016481
0.182906
0.006603
0.040900
0.108550
0.140570
0.077904
0.022491
0.007624
0.023574
0.015992
0.035422
0.186587
0.044155
0.217441
0.047083
0.075048
0.015848
0.058299
0.013583
0.026758
0.063848
0.155914
0.121508
0.013455
0.242904
0.140379
0.028181
0.008878
0.197866
0.024886
0.023280
0.004816
0.103793
0.060123
0.010180
0.018248
0.017536
0.026927
0.183808
0.043262
0.066757
0.022767
0.071763
0.022800
0.036942
0.006951
0.029759
0.033057
0.270718
0.158553
0.060951
0.080213
0.192939
0.130978
0.110977
0.186655
0.010572
0.056542
0.070631
0.092578
0.033236
0.197807
0.102957
0.007371
0.030803
0.017919
0.011481
0.075637
0.045252
0.011595
0.046277
0.124100
0.019962
0.120967
0.009920
0.102567
0.128407
0.034629
0.022946
0.029701
0.012438
0.046149
0.013446
0.029397
0.035975
0.007299
0.011436
0.125241
0.009365
0.079453
0.062025
0.024512
0.019795
0.002278
0.031311
0.099436
0.011846
0.091458
0.013990
0.036460
0.042931
0.023790
0.031208
0.062470
0.031635
0.041897
0.018418
0.058857
0.015694
0.098241
0.039171
0.056054
0.141198
0.020570
0.005013
0.124090
0.001287
0.020248
0.029794
0.167919
0.012196
0.083784
0.447804
0.026837
0.026953
0.032679
0.010578
0.117782
0.031490
0.022541
0.084485
0.693574
0.021616
0.033750
0.009883
0.107473
0.033075
0.013676
0.008174
0.008072
0.018813
0.029512
0.014593
0.052398
0.114359
0.043368
0.033083
0.111003
0.022208
0.078727
0.014303
0.022251
0.131970
0.008005
0.099361
0.156415
0.034878
0.007063
0.013630
0.142125
0.011752
0.100737
