2.481441
2.201864
2.260816
2.228380
1.889119
1.989691
2.002072
1.868722
1.923340
1.895269
1.826832
1.715926
1.874637
1.826934
1.835641
1.854277
1.594342
1.851338
1.818998
1.820806
1.782673
1.784625
1.677984
1.675921
1.795167
1.882326
1.931344
1.693236
1.976574
1.899121
1.744449
1.737093
1.671626
1.798300
1.527677
1.815050
1.572256
1.780539
1.584569
1.716663
1.775261
1.695102
1.670462
1.735780
1.697097
1.900259
1.601732
1.734643
1.676345
1.604022
1.763394
1.660681
1.580096
1.560336
1.620355
1.615279
1.581524
1.556569
1.656880
1.732230
1.747269
1.587284
1.626855
1.802528
1.768624
1.525194
1.501081
1.476427
1.603116
1.586646
1.567146
1.400294
1.538373
1.657781
1.574612
1.702882
1.555162
1.800759
1.603481
1.621345
1.597473
1.567597
1.686146
1.601267
1.611196
1.587626
1.375713
1.849505
1.474539
1.621802
1.797986
1.678331
1.722030
1.737872
1.422846
1.494336
1.628345
1.666667
1.546282
1.593599
1.768383
1.543880
1.436486
1.703976
1.535302
1.397705
1.478042
1.643457
1.728298
1.703420
1.566452
1.599681
1.566946
1.564343
1.605484
1.424280
1.536155
1.664065
1.327257
1.516659
1.534018
1.329420
1.468984
1.543986
1.616310
1.638678
1.635383
1.478885
1.475201
1.497742
1.471254
1.705323
1.459067
1.438989
1.305251
1.685966
1.300583
1.415918
1.680259
1.625941
1.687943
1.434976
1.558563
1.480099
1.820810
1.621771
1.744135
1.754499
1.405493
1.681105
1.603414
1.601035
1.432142
1.528584
1.583340
1.642662
1.577984
1.455342
1.530672
1.617949
1.505252
1.487188
1.599599
1.517918
1.647027
1.358302
1.468296
1.345365
1.537370
1.552837
1.463158
1.562158
1.658198
1.586589
1.651310
1.648704
1.516755
1.488498
1.501997
1.379297
1.469547
1.439077
1.338374
1.491588
1.480423
1.491149
1.643202
1.850375
1.367384
1.483175
1.414623
1.451420
1.531741
1.634850
1.396066
1.478829
1.612810
1.551831
1.450503
1.397338
1.398771
1.432384
1.522754
1.491592
1.482176
1.580611
1.388887
1.347932
1.419177
1.420401
1.562134
1.378252
1.486700
1.389277
1.538779
1.504485
1.552499
1.369603
1.497924
1.749246
1.590441
1.514850
1.441685
1.636926
1.470227
1.566475
1.337786
1.500728
1.420547
1.527527
1.337861
1.562171
1.370621
1.417648
1.385271
1.636348
1.351560
1.272494
1.418226
1.466553
1.365278
1.610276
1.339570
1.334311
1.412119
1.345390
1.520458
1.393311
1.438264
1.505628
1.445299
1.480996
1.178001
1.424909
1.358422
1.437181
1.313163
1.740925
1.498893
1.430349
1.533202
1.310326
1.339902
1.187317
1.699380
1.706128
1.666956
1.503667
1.343053
1.331270
1.610570
1.692473
1.479994
1.440497
1.344877
1.241903
1.363459
1.373554
1.386762
1.521688
1.438970
1.462434
1.380176
1.461274
1.407980
1.290078
1.638151
1.646589
1.473928
1.283062
1.257839
1.342972
1.484295
1.239733
1.458285
1.401675
1.314114
1.401090
1.326182
1.373819
1.353893
1.524322
1.460522
1.523390
1.325451
1.558560
1.585381
1.449035
1.358402
1.495375
1.389205
1.352396
1.356925
1.341353
1.447267
1.336649
1.391021
1.367100
1.598966
1.361204
1.457044
1.453164
1.626923
1.394288
1.440003
1.478509
1.477818
1.359558
1.225058
1.457120
1.521566
1.307961
1.579405
1.246953
1.313930
1.351852
1.728917
1.417971
1.454026
1.456321
1.379962
1.509348
1.493738
1.473539
1.398648
1.401055
1.393349
1.502714
1.347316
1.214866
1.479048
1.515699
1.468162
1.325495
1.307377
1.415498
1.367970
1.176821
1.476599
1.412460
1.439579
1.478365
1.613845
1.431491
1.645766
1.413976
1.385422
1.347025
1.221403
1.441936
1.419485
1.324905
1.361762
1.435180
1.549706
1.412369
1.507017
1.402186
1.272726
1.182783
1.263174
1.418828
1.438335
1.796778
1.301762
1.394157
1.537373
1.235779
1.381685
1.648357
1.397483
1.363912
1.275477
1.202263
1.692147
1.398477
1.215043
1.264400
1.253433
1.315081
1.427090
1.432457
1.317385
1.294978
1.242127
1.369415
1.277753
1.418934
1.653016
1.380609
1.396181
1.365475
1.598090
1.374667
1.721400
1.347982
1.446503
1.339067
1.510014
1.370815
1.458068
1.224230
1.605986
1.386362
1.530595
1.360119
1.271244
1.363202
1.333148
1.336676
1.421978
1.421246
1.423192
1.303252
1.468946
1.406739
1.089246
1.344077
1.300281
1.298840
1.284557
1.081393
1.369207
1.311496
1.401997
1.403956
1.302056
1.512486
1.385410
1.238180
1.458575
1.418864
1.360103
1.431876
1.167280
1.263489
1.396990
1.376902
1.552269
1.469886
1.396376
1.288764
1.549763
1.412831
1.445129
1.312369
1.318969
1.274597
1.387520
1.323360
1.411535
1.485756
1.418691
1.423156
1.219886
1.443468
1.295022
1.187119
1.395267
1.119933
1.671064
1.343351
1.470320
1.373070
1.217962
1.353844
1.355659
1.196797
1.281368
1.220777
1.394526
1.201500
1.401865
1.196919
1.398233
1.338993
1.344808
1.184163
1.268013
1.398306
1.144504
1.441383
1.275818
1.410156
1.390824
1.473432
1.406690
1.350398
1.257499
1.249000
1.640651
1.508918
1.445910
1.481318
1.289266
1.390768
1.268707
1.397893
1.378016
1.306861
1.450166
1.403126
1.474179
1.678953
1.248641
1.578192
1.205238
1.222528
1.382114
1.372018
1.643287
1.182864
1.380895
1.129295
1.247782
1.418517
1.124935
1.280652
1.361614
1.254673
1.339071
1.521566
1.502584
1.241430
1.271580
1.347115
1.423147
1.348464
1.571604
1.333596
1.234476
1.293456
1.327045
1.593962
1.302552
1.540345
1.393546
1.549879
1.306243
1.585313
1.464065
1.424016
1.340717
1.348476
1.363169
1.396269
1.394506
1.429705
1.333477
1.126447
1.392256
1.333690
1.300533
1.435571
1.277459
1.323378
1.344341
1.539297
1.215208
1.622976
1.435786
1.454985
1.439535
1.374827
1.376846
1.043990
1.255762
1.270378
1.306367
1.175111
1.460390
1.413819
1.354459
1.385379
1.281894
1.311232
1.360147
1.273043
1.197897
1.498383
1.331087
1.357030
1.337049
1.326207
1.233580
1.168959
1.476388
1.323160
1.152884
1.328988
1.331115
1.211352
1.516237
1.372237
1.523335
1.428974
1.436880
1.315956
1.524725
1.320652
1.365839
1.097692
1.406975
1.352810
1.543584
1.220134
1.191190
1.328499
1.180752
1.205816
1.297368
1.240035
1.246301
1.355850
1.292431
1.289008
0.996983
1.327973
1.252705
1.320704
1.158641
1.200549
1.307052
1.345028
1.302404
1.253798
1.113040
1.588560
1.300192
1.144598
1.229201
1.212817
1.400105
1.161634
1.325235
1.205377
1.277133
1.406642
1.437336
1.077467
1.374546
1.195884
1.481022
1.383428
1.494750
1.410858
1.348949
1.424376
1.401623
1.385263
1.398001
1.398479
1.469682
1.421800
1.355502
1.345435
1.394109
1.441326
1.293813
1.350812
1.358955
1.183180
1.559734
1.290989
1.326702
1.306329
1.121337
1.370669
1.385780
1.272561
1.361936
1.230189
1.325299
1.206687
1.424595
1.408636
1.306895
1.509485
1.312359
1.254803
1.413894
1.085268
1.273501
1.254406
1.222155
1.374392
1.349578
1.289331
1.276002
1.358536
1.413379
1.455634
1.166029
1.391147
1.353120
1.368429
1.351702
1.042407
1.160396
1.533554
1.374905
1.442437
1.119410
1.225323
1.308726
1.381177
1.183555
1.708371
1.453771
1.215883
1.401262
1.349154
1.300047
1.205704
1.265346
1.372700
1.307556
1.164792
1.241938
1.476398
1.182641
1.019832
1.281582
1.211255
1.553889
1.583256
1.204040
1.162449
1.284955
1.293527
1.176251
1.219885
1.246408
1.462579
1.403897
1.065613
1.308640
1.197272
1.502190
1.351050
1.153708
1.345778
1.162202
1.225726
1.192010
1.233999
1.269393
1.284276
1.427393
1.312479
1.188959
1.296889
1.256427
1.579485
1.207428
1.333766
1.377538
1.386169
1.555403
1.191622
1.495270
1.607066
1.224057
1.254923
1.160577
1.315885
1.184690
1.159201
1.202070
1.338360
1.182694
1.148540
1.308735
1.361212
1.388592
1.269994
1.637560
1.294361
1.271310
1.260594
1.406367
1.346439
1.536685
1.363221
1.279038
1.328376
1.279588
1.295655
1.288840
1.280612
1.433724
1.235185
1.560857
1.381864
1.206984
1.257244
1.422392
1.194408
1.205373
1.462726
1.318043
1.122869
1.311317
1.208255
1.204003
1.129436
1.346650
1.230287
1.372239
1.468371
1.206566
1.191792
1.230722
1.349164
1.380561
1.399360
1.364273
1.318597
1.348566
1.499982
1.352838
1.407220
1.472888
1.379839
1.290031
1.318115
1.139574
1.148257
1.268803
1.206207
1.307799
1.478834
1.133138
1.314842
1.464336
1.269670
1.457518
1.171348
1.394943
1.167248
1.288505
1.258818
1.281666
1.242737
1.285489
1.070894
1.258166
1.200492
1.318860
1.187156
1.265658
1.232515
1.417839
1.202966
1.092116
1.297389
1.167425
1.366711
1.533169
1.243663
1.158710
1.261164
1.253023
1.535743
1.205940
1.315106
1.336940
1.201360
1.280959
1.593572
1.373352
1.242866
1.196522
1.205882
1.245358
1.238520
1.022933
1.249802
1.324160
1.444347
1.459087
1.325528
1.365447
1.358978
1.411022
1.405624
1.128237
1.118529
1.291106
1.304139
1.280786
1.287349
1.176312
1.243671
1.228272
1.122300
1.302198
1.221206
1.167307
1.242082
1.279341
1.150432
1.548972
1.361459
1.176164
1.234469
1.614921
1.064921
1.424048
1.104948
1.363168
1.470983
1.162303
1.297406
1.350408
1.150789
1.267875
1.415549
1.357506
1.446828
1.247007
1.355833
1.173021
1.167749
1.029635
1.284833
1.293875
1.167433
1.254920
1.176631
1.264225
1.265645
1.136806
1.378925
1.284987
1.465404
1.316826
1.219438
1.387975
1.206125
0.991212
1.173692
1.132154
1.003770
1.152174
1.275954
1.263597
1.220375
1.258762
1.377140
1.458795
1.241503
1.608980
1.393861
1.337659
1.092741
1.390903
1.333049
1.403327
1.366580
1.327927
1.234983
1.216280
1.441787
1.442149
1.151108
1.392482
1.184234
1.198020
1.454292
1.243626
1.153359
1.234245
1.235624
1.195372
1.194010
1.181951
1.162178
1.330033
1.198615
1.484441
1.467547
1.356603
1.314124
1.370441
1.148818
1.356736
1.308870
1.253449
1.142254
1.393936
1.469249
1.236030
1.396458
1.216202
1.160496
1.275074
1.563384
1.225670
1.122343
1.264229
1.223305
1.282708
1.455166
1.150433
1.215709
1.111008
0.878525
1.407249
1.055755
1.358801
1.149149
1.038654
1.211851
1.361667
1.237399
1.282742
1.226810
1.201130
1.295670
1.259140
1.306090
1.232556
1.102477
1.255856
1.171702
1.039564
1.148443
1.441635
1.274747
1.199109
1.274393
1.247318
1.173458
1.335602
1.140877
1.274613
1.155384
1.289840
1.245244
1.032055
1.144058
1.277945
1.174099
1.253924
1.201798
1.363551
1.504922
1.419911
1.412247
1.486418
1.337956
1.214525
1.340623
1.237383
1.341267
1.351765
1.276248
1.406559
1.254616
1.097846
1.309514
1.335494
1.117039
1.180381
1.184514
1.358463
1.264486
1.220309
1.278429
1.495039
1.218980
1.142250
1.362496
1.208937
1.200448
1.656371
1.296063
1.192044
1.258531
1.272566
1.128569
1.273689
1.096869
1.269367
1.429883
1.349937
1.101500
1.272693
1.249007
1.400317
1.171990
1.415786
1.509098
1.127866
1.285413
1.263805
1.393551
1.196551
1.089947
1.333326
1.376829
1.358929
1.078278
1.394956
1.186225
1.141005
1.101304
1.304000
1.154657
1.402982
1.591349
1.069270
1.228604
1.254255
1.460690
1.302985
1.512930
1.185058
2.176503
1.789698
1.669552
1.651452
1.495876
1.204214
1.308007
1.446518
1.385997
0.959378
1.327455
1.269688
1.190447
1.050887
1.329173
1.386658
1.468628
1.269166
1.429664
1.177322
1.058086
1.328515
1.398164
1.201228
1.199076
1.456703
1.284921
1.352403
1.367146
1.403134
1.289593
1.477286
1.432234
1.342616
1.396803
1.263731
1.128202
1.227358
1.450900
1.182395
1.178117
1.183903
1.077582
1.181373
1.500288
1.359054
1.369072
1.294454
1.213433
1.248171
1.470254
1.199803
1.305719
1.182506
1.283849
1.237797
1.294525
1.409691
1.320005
1.108238
1.160067
1.378403
1.250931
1.307013
1.354793
1.281618
1.320618
1.415121
1.296791
1.111195
1.388749
1.050231
1.201806
1.461237
1.332208
1.247357
1.371335
1.164815
1.078038
1.069278
1.460785
1.185646
1.237912
1.108301
1.307440
1.248262
0.997001
1.080868
1.190506
1.170872
1.422601
1.239500
1.263901
1.077539
1.094214
1.331716
1.454911
1.202602
1.480367
1.406497
1.180373
1.240663
1.229037
1.256878
1.241483
1.290277
1.353472
1.161656
1.174353
1.212448
1.167945
1.176683
1.265097
1.242718
1.129704
1.288872
1.097129
1.313861
1.172925
1.599509
1.399404
1.297174
1.297994
1.313872
1.208214
1.354875
1.192538
1.134800
1.322702
1.281378
1.086744
1.403363
1.367797
1.293849
1.172680
1.339672
1.280324
1.282388
1.125760
1.539407
1.248856
1.319734
1.380468
1.062337
1.282242
1.122097
1.250803
1.202195
1.526467
1.416642
1.172974
1.093392
1.459587
1.311276
1.416122
1.209581
1.296096
1.209250
1.221330
1.278940
1.190348
1.239161
1.241719
1.112880
1.238216
1.394752
1.169515
1.072729
1.348078
1.453158
1.225664
1.382839
1.283383
1.322437
1.093440
1.110412
1.405257
1.196692
1.202772
1.396236
1.046740
1.260890
1.017507
1.279704
1.419656
1.194093
1.342962
1.527456
1.435893
1.310912
1.106684
0.955447
1.225039
1.224763
1.171227
1.155727
1.153584
1.117984
1.085899
1.254096
1.394429
1.152752
1.046401
1.255573
1.221369
1.168363
1.169778
1.440690
1.307969
1.109540
1.526237
1.272885
1.320403
1.182590
1.268002
1.329411
1.320316
1.372100
1.249264
1.164528
1.255586
1.092316
1.316464
1.242965
1.182592
1.276381
1.051119
1.271098
1.551834
1.468252
1.095148
1.251552
1.255006
1.170715
1.312853
1.237453
0.980564
1.225677
1.301706
1.336919
1.342764
1.209264
1.273095
1.108255
1.190314
1.245595
1.361391
1.515294
1.491184
1.110885
1.316317
1.319928
1.176361
1.067819
1.273492
1.264967
1.292649
1.199854
1.392107
1.401121
1.288539
1.332527
1.299672
1.091540
1.230793
1.255086
1.184956
1.214201
1.183770
1.082457
1.360041
1.410349
1.393884
1.404156
0.772445
1.308409
1.196426
1.113241
1.356251
1.453550
1.249652
1.089061
1.594324
1.400138
1.324523
1.114087
1.157888
1.154857
1.026504
1.381546
1.275969
1.379526
1.375978
1.338613
1.386485
1.293351
1.162013
1.194733
1.428058
1.290251
1.049960
1.110669
1.291862
1.376261
1.238957
1.356410
1.410789
1.103147
1.375762
1.210900
1.366021
1.157511
1.118304
1.202005
1.110821
1.411401
1.201010
1.195110
1.210398
1.069990
1.300772
1.147303
1.178826
1.319843
1.263846
1.289215
1.110951
1.351008
1.121702
1.224502
1.307933
1.214905
1.088240
1.193048
1.368986
1.191581
1.316887
1.424237
1.322870
1.272599
1.412657
1.254628
1.287402
1.246211
1.396288
1.450230
1.190477
1.169166
1.191167
1.167362
1.179882
1.252388
1.258642
1.316560
1.231520
1.145059
1.124363
1.494500
1.586373
1.325516
1.196592
1.367871
1.343449
1.214713
1.197538
1.128523
1.309075
1.236824
1.311655
1.430371
1.363334
1.265128
1.186183
1.083364
1.000226
1.102127
1.395413
1.211449
1.254928
1.179535
1.062320
1.291436
1.319023
1.171866
1.100061
1.385353
0.941133
1.326879
1.324374
1.411712
1.409006
1.152140
1.375539
1.212622
1.370559
1.221522
1.234313
1.199323
1.318874
1.248961
1.224566
1.228455
1.345096
1.273249
1.012753
1.225679
1.318240
1.130260
1.343305
1.258002
1.141426
1.305266
1.086331
1.174533
1.187400
1.311342
1.116075
1.185674
1.263316
1.179196
1.654832
0.936345
1.142733
1.293771
1.309385
1.253594
1.296627
1.535169
1.344437
1.108825
1.260690
1.346470
1.052133
1.496865
1.264078
1.179128
1.454892
1.375007
1.494660
1.279275
1.364251
1.146737
1.409308
1.188577
1.161229
1.357427
1.162567
1.223188
1.164639
1.134841
1.234939
1.285903
1.126008
1.081160
1.170339
1.123942
1.080942
1.053128
1.224606
1.184164
1.162525
1.294218
1.335117
1.327827
1.330085
1.147746
1.114836
1.266251
1.122031
1.313190
1.182973
0.979458
1.318208
1.296647
1.453561
1.279807
1.355333
1.323248
1.290257
1.334328
1.134175
1.321832
1.343737
1.215410
1.203683
1.388435
1.120359
1.425262
1.176748
1.290423
1.182265
1.454360
1.067414
1.136780
1.299212
1.214098
1.100880
1.296020
1.003214
1.046486
1.274544
1.494327
1.596084
1.223594
1.177374
0.993500
1.402733
1.529159
1.297596
1.205009
1.175642
1.120272
1.152342
1.298868
1.269211
1.131545
1.413931
1.260509
1.424581
1.194779
1.162160
1.333895
1.174321
1.287904
1.125375
1.506180
0.915665
1.220882
1.264709
1.193162
1.257674
1.148551
1.277820
1.089992
1.095622
1.090256
1.395370
1.225314
1.232326
1.098659
1.073785
1.315949
1.123457
1.445920
1.162993
1.221100
1.112211
1.311307
1.106599
1.068349
1.487595
1.288223
1.585892
1.322426
1.110766
1.180407
1.405115
1.062470
1.476580
1.169137
1.306742
1.297852
1.161019
1.151819
1.452252
1.144592
1.216790
1.015746
1.303757
1.201068
1.286993
1.191569
1.461398
1.098103
1.381433
1.237377
1.239928
1.193472
1.187525
1.083400
1.253197
1.387587
1.371523
1.014486
1.140708
1.138181
1.198795
1.223040
1.241511
1.389904
1.156500
1.190156
1.330519
1.146561
1.321692
1.307263
1.266929
1.464630
1.362238
1.292694
1.224542
1.244201
1.132250
1.212843
1.448167
1.018777
1.466521
1.212429
1.074214
1.025768
1.285987
1.421766
1.249933
1.150630
1.353753
1.372586
1.108553
1.221354
1.278401
1.128770
1.353562
1.229811
0.968071
1.067400
1.510631
1.310903
1.240818
1.224279
1.303485
1.062430
1.144190
1.128829
1.216500
1.364785
1.301128
1.338022
1.259454
1.438893
1.033272
1.123453
1.345043
1.137252
1.356326
1.316880
1.208559
1.649346
1.257664
1.478473
1.249070
1.129016
1.069813
1.154943
1.186922
1.306283
1.337086
1.051805
1.045952
1.303524
1.144728
1.369081
1.069177
1.272199
1.039165
1.265703
1.081208
1.285527
1.402296
1.287720
1.376849
1.142285
1.322571
1.207149
1.322317
1.194087
1.322619
1.511598
1.230343
1.371134
1.491470
1.098321
1.220403
1.299725
1.132241
1.103274
1.046106
1.317964
1.145328
1.167722
1.324594
1.102262
0.921484
1.301513
1.297704
1.314378
1.324654
1.339282
1.267086
1.218982
1.276018
1.534432
1.149629
1.216012
1.354643
0.879774
1.271512
1.150728
1.221629
1.365938
1.301908
1.101290
1.164889
1.092915
1.241667
1.299153
1.150901
1.170743
1.173488
0.996852
1.233446
1.462541
1.251076
1.289534
1.341077
1.401107
1.443151
1.347971
1.160648
0.910656
1.288328
1.198196
1.143499
1.096990
1.137568
1.330887
1.368746
1.287334
1.076844
1.192435
1.078583
1.207017
1.314188
1.118973
1.273787
1.318973
1.460057
1.140991
1.186188
1.183682
1.047866
1.019134
1.228624
1.137961
1.481648
1.188189
1.169300
1.248340
1.418487
1.262715
1.154892
1.104920
1.061935
1.165007
1.406990
1.227851
1.446030
1.227922
1.098753
1.284263
1.258611
1.194434
1.323874
1.158178
1.231176
1.139081
1.131834
1.242222
1.386653
1.195658
1.260952
1.111703
1.258568
1.311307
1.030189
1.173110
1.111190
1.132995
1.215713
1.303764
1.120424
1.515855
1.424881
1.366244
1.283565
1.292212
1.146057
1.409614
0.998673
1.148415
1.337821
1.269873
1.148048
1.223113
1.129910
1.252050
1.106658
1.124604
1.225419
1.214355
1.254937
1.311883
1.504518
1.060922
1.186658
1.207039
1.222869
1.326947
1.077549
1.405558
1.376539
1.202695
1.274236
1.215149
1.172305
1.496999
1.318872
1.147229
1.254982
1.489862
1.190929
1.138394
1.234740
1.225211
1.432456
1.319779
1.075141
1.342891
1.079355
1.397789
0.952571
0.998828
1.161898
1.179284
1.098478
1.381399
1.154434
1.037786
1.191279
1.177910
1.450503
1.366730
0.987941
1.089768
1.188480
1.284345
1.097741
1.333059
1.151042
1.478613
1.037638
1.106935
1.330900
1.204055
1.307539
1.132177
1.141915
1.292152
1.089221
0.996518
1.325152
1.455521
1.224692
1.085066
1.238210
1.285221
1.047072
1.309568
1.398770
1.174699
1.388661
1.318296
1.384470
1.183145
1.089412
1.144098
1.085631
1.023501
1.444846
1.288239
1.186630
1.384133
1.242362
1.264346
1.019004
1.135759
1.133792
1.449909
1.188719
1.137593
1.288640
1.217991
1.240352
1.289675
1.282789
1.313342
1.395721
1.258563
1.510620
1.154929
1.193121
1.127945
1.024452
1.282937
1.217519
1.237009
1.438922
1.294095
1.269229
1.225193
1.231638
1.285306
1.082298
1.162995
1.136286
1.379508
1.031226
1.238532
1.327444
1.341111
1.120651
1.427503
1.168881
1.052302
1.437069
1.274522
1.060382
1.157368
1.175926
1.056108
1.227598
1.171292
0.977638
1.354505
1.326233
1.232332
1.035294
1.095664
1.384798
1.143106
1.409112
1.165916
1.261263
1.076527
1.293222
1.196112
1.236847
1.230488
1.272358
1.135154
1.359931
1.167721
1.488757
1.035480
1.317910
1.089596
1.227915
1.370001
1.290984
1.207232
1.093780
1.142920
1.217628
1.233570
1.168563
0.932414
1.168077
1.200787
1.009240
0.928813
1.210182
1.408595
1.255165
1.290170
1.393501
0.982564
1.091154
1.154797
1.260805
1.265267
1.569442
1.171727
1.351406
1.134774
1.220833
1.405856
1.080644
1.080544
1.125447
1.392248
1.549464
1.201872
1.052389
1.185767
1.410798
1.256076
1.311457
1.156196
0.957228
1.173781
1.328420
1.159759
1.172053
1.044129
1.042893
1.234825
1.482791
1.324646
1.238941
1.290362
1.248972
1.447602
1.270591
1.231077
1.270872
1.386697
1.449511
1.078870
1.165964
1.050294
1.123972
1.251763
1.320101
1.097741
1.066735
1.250639
1.246317
1.225205
1.057241
1.171626
1.041057
1.192106
1.353569
1.251490
1.238962
1.145381
1.166518
1.326519
1.143383
1.048573
1.258127
1.226690
1.164370
1.142413
1.385756
1.390371
1.253853
1.268119
1.149363
1.077776
1.029830
1.319007
1.197551
1.414346
1.157936
1.380425
1.175077
1.236393
1.107839
1.249339
1.168701
1.303688
1.342643
1.175577
1.197093
1.370085
1.216491
1.390859
1.204249
1.272278
1.449409
0.978572
1.162688
1.268283
1.155777
1.095417
1.031318
1.122746
1.167929
1.052749
1.197832
1.131777
1.242105
1.149579
1.038397
1.230799
1.127704
1.184642
1.181942
1.325085
1.305641
1.430225
1.216280
1.233483
1.168435
1.078692
1.177675
1.145443
1.298465
0.983879
1.279902
1.245313
1.087386
1.360136
1.313357
1.206050
1.008484
1.306300
1.054753
1.213140
1.281578
1.051088
1.137503
1.266576
1.247339
1.355806
1.165582
1.043556
1.019311
1.095570
1.353716
1.266475
1.577459
1.140692
1.141626
1.215899
1.105139
1.202539
1.179325
1.140846
1.169716
1.143240
1.324975
1.366042
1.365245
1.295340
1.254935
1.049377
1.229500
1.196473
1.360445
1.056428
1.239517
1.361820
1.034920
1.369551
1.363135
1.024928
1.162928
1.148464
1.263428
1.172464
1.152893
1.349729
1.125552
1.142206
1.138677
1.234035
1.108725
1.275410
1.430067
0.971792
1.116450
1.203627
1.113729
1.363066
1.091384
0.955915
1.277053
1.087436
1.114417
1.114317
1.328020
1.289163
1.172035
0.922117
1.098515
1.205918
1.063429
1.306957
1.199194
1.378499
1.065452
1.143541
0.994171
1.324116
1.371483
1.163434
1.332804
1.375212
1.025750
1.095340
1.090521
1.233395
1.266244
1.178170
1.183265
1.195522
1.254905
1.408203
1.216877
1.114189
1.398953
1.194223
1.118787
1.072739
0.994025
1.619050
1.209734
1.146049
1.121484
1.071355
1.403089
0.998932
1.597502
1.640978
1.290697
1.203119
1.229396
1.958384
1.365285
1.120475
1.027280
1.017598
1.167746
1.047673
1.177427
1.054133
1.396165
1.202650
1.055765
1.103021
1.099662
1.308774
1.121110
1.166168
1.225922
1.015586
1.278480
1.119853
1.114476
1.106641
1.193320
1.202078
1.338018
1.022190
1.516681
1.180886
1.137423
1.166403
1.150115
1.333655
1.218742
0.963090
1.270854
1.082493
1.197351
1.229196
1.215088
1.089695
1.250890
0.985324
1.248825
1.287422
1.384143
1.262549
1.239517
1.080935
1.110774
1.275155
1.422494
1.212732
1.450909
1.099863
1.243905
1.098471
1.241554
1.110878
1.081254
1.278812
1.011246
1.396264
1.242276
1.200486
1.065759
1.045785
1.332244
1.089250
1.194117
1.038082
1.076672
1.417246
1.303185
1.150021
1.206535
1.171782
1.106487
1.145360
1.280734
1.195155
1.211519
1.251539
1.022675
1.291995
1.343405
1.312283
1.231139
1.366903
1.126326
1.095170
1.671521
1.143132
1.143402
1.058623
0.964675
1.339767
1.403519
1.242377
1.132637
1.148132
1.515574
1.195186
1.165446
1.166581
1.045250
0.937942
1.148984
1.322752
1.103422
1.149445
0.976188
1.283022
1.033454
1.197466
1.022582
1.219077
1.090243
0.985203
1.173098
1.038099
1.215940
1.152994
1.268575
1.255157
1.055703
1.181287
1.235379
1.043988
1.125763
1.154276
1.176065
1.024775
0.958976
1.209928
1.333139
1.356307
1.318025
1.247044
1.277404
1.377749
1.482160
1.132076
1.110884
1.246645
1.042275
0.860563
1.250855
1.574409
1.199515
1.053468
1.153633
1.242363
1.229308
1.254947
1.154326
1.193718
1.147400
1.390613
1.053033
1.051195
1.169949
1.263052
1.217772
1.311308
1.137255
1.040500
1.224397
1.107874
1.429357
1.210212
1.171922
0.961647
1.226999
1.431792
1.072804
0.942585
1.264075
1.380613
1.403033
1.403413
1.316044
1.415118
1.076597
1.170408
1.341336
1.247261
1.103898
1.167757
1.343565
1.210464
1.134611
1.240270
1.157328
1.133119
1.094694
1.345643
1.052162
0.919248
1.206835
1.305791
1.310895
1.275147
1.293882
1.236038
1.216809
0.986271
1.060672
1.317666
1.236307
1.064908
1.212592
1.162132
1.062294
1.167732
1.138337
1.255244
1.120731
1.283271
1.017488
1.097245
1.134339
1.302517
1.119518
1.399519
1.205517
1.169859
1.250800
1.322940
1.087291
1.267275
1.435806
1.021280
1.267148
1.384345
0.979439
1.035332
1.080901
1.142609
1.404649
1.452901
1.164357
1.163651
1.120593
1.154969
1.183677
1.241171
1.377402
1.452779
1.047911
1.057282
1.186214
1.152931
1.155898
1.016106
1.268233
1.203138
1.191908
1.112601
1.253946
1.050474
1.172454
1.246042
1.146472
1.473122
1.236026
1.350437
1.175951
1.050784
0.884044
1.096811
1.147377
1.199333
1.118841
1.270936
1.073961
1.356433
1.107529
0.962759
1.236800
1.053893
1.268426
1.354362
1.380726
1.226835
1.127121
1.373016
1.241552
1.123807
1.237715
1.346202
1.260300
1.285357
1.304155
1.290201
1.298049
1.196633
1.142808
0.995514
1.160495
1.461232
1.181741
1.300431
1.052185
1.178659
1.082868
1.154006
1.051680
1.090814
1.009743
1.243358
1.235114
1.170916
1.132084
1.320921
1.489201
1.274896
1.382482
1.054738
1.182738
1.046584
1.171629
1.394949
1.418530
1.243005
1.289670
1.166359
1.142673
1.199722
0.931920
1.104833
1.302797
1.321929
1.131454
1.178580
1.043375
1.159534
1.186258
1.249585
1.016973
1.208734
1.231137
1.194260
1.105263
1.124786
1.182885
1.097434
1.149009
1.033560
1.128644
1.056308
1.430168
1.262219
1.002295
1.250140
1.281891
1.050603
1.307890
1.386446
1.120170
0.961018
1.249225
1.089097
1.363022
1.230887
0.971360
1.190591
0.991021
1.267961
1.231737
1.079801
1.420787
1.081376
1.244264
1.122337
1.193936
1.265458
1.173479
1.197698
1.068952
1.340192
1.431956
1.175286
0.960898
1.078952
1.316220
1.255392
1.094796
1.359429
1.328794
1.187303
1.295563
1.103875
1.135612
1.122694
1.064999
1.136190
1.003916
1.235997
1.462478
1.345080
1.240443
1.231477
1.312803
1.032087
1.154062
1.169773
1.028683
1.016237
1.187865
1.228599
1.314371
1.202971
1.096580
1.102062
1.185613
1.230631
0.987334
1.056015
1.327328
1.081864
1.151502
1.584052
1.290598
1.071769
1.104411
1.054626
1.035305
1.128779
1.307760
1.100290
1.269825
1.239542
1.133144
1.169761
1.158831
1.077484
1.173971
1.142839
1.091556
1.208744
1.417693
1.476287
1.135991
1.207003
1.162566
0.949309
1.309494
1.014858
1.352612
1.075072
1.130805
1.089425
1.556601
0.950690
0.837840
1.122421
1.365729
1.125990
1.175925
1.071872
1.207211
1.479642
1.144893
1.297070
1.243451
1.131641
1.116674
1.045782
1.321634
1.066916
1.284120
1.458076
1.253370
1.388055
1.206538
1.053488
1.095506
1.189141
1.172049
1.328134
1.382052
1.260039
1.027474
1.103249
1.344777
1.107454
1.132268
1.249317
1.121671
1.329630
1.306764
1.175311
1.135368
1.065257
1.228648
1.426977
1.179540
1.197466
1.315880
1.129993
1.222731
1.185078
1.189969
1.210501
1.177428
0.950120
1.343795
1.065843
1.281617
1.098610
1.258075
1.242950
1.070003
1.143233
1.418041
1.188175
1.296817
1.282761
1.131389
1.218573
1.045545
1.376386
1.043871
1.490168
1.178818
1.153605
1.191395
1.249504
1.065156
0.933544
1.031492
1.034356
1.402896
1.182633
1.043802
0.974070
1.158482
1.152524
1.187090
1.149106
1.257169
1.230167
1.207806
1.162044
1.091954
1.346712
1.232774
1.130982
1.154952
1.170293
1.081491
1.114566
1.557748
1.083885
1.169382
1.482233
1.122205
1.174008
1.383973
1.279527
1.204395
1.077795
1.217117
1.096856
0.972302
1.021476
1.471881
1.436772
1.182809
1.338403
1.129541
1.147916
1.210035
1.457530
1.228538
1.076850
1.138162
1.146439
1.248077
1.209226
1.095897
1.338090
1.258449
1.295530
1.105634
1.035539
1.366524
1.080643
1.044496
1.088449
1.015692
1.151689
1.009538
1.219182
1.357360
1.189341
1.065067
1.147995
1.076585
1.131332
1.143822
1.277231
1.112413
1.208699
1.276326
1.205992
1.281259
1.231297
1.299001
1.130972
1.231563
1.480213
1.174843
1.255209
1.107673
1.237674
1.154476
1.257513
1.086166
1.298938
1.046561
1.136035
1.066000
1.178116
1.138838
1.316510
1.225241
1.162228
1.231108
1.260883
1.226414
1.078837
1.089169
1.085286
1.171293
1.283926
1.204810
1.204141
1.156682
1.136837
1.328237
1.164430
0.974761
1.263864
1.253644
1.147032
1.085817
1.313228
1.270659
1.283081
1.228458
1.296005
1.112697
1.203462
1.284907
1.107679
1.163389
1.014198
1.193397
1.326922
1.036053
1.027996
1.218840
1.100673
1.433608
1.216947
1.191306
1.100954
1.290709
1.095588
1.118803
1.234856
1.311078
1.277815
1.226382
1.233230
1.012374
1.160705
1.155922
0.962391
1.044890
1.390887
1.116477
1.187216
0.923875
1.013547
0.924498
1.373966
1.503329
1.325879
1.168529
1.505710
1.266544
1.340128
1.120316
1.198183
1.281915
1.238546
1.059963
1.106482
1.140306
1.497772
1.309944
1.228719
1.173683
1.172539
1.232798
1.188863
0.960476
1.169570
1.151815
1.033640
1.082404
1.236688
1.460577
1.266883
1.212208
1.157337
1.231460
1.162706
1.296054
1.098439
1.119621
1.036500
1.391591
1.129880
1.321002
1.374039
1.170261
1.132604
1.132591
1.130031
1.071722
1.052230
1.197812
1.301052
1.240003
1.162074
1.081341
1.227551
1.095271
1.167316
1.398395
1.031480
1.376349
1.167437
1.144238
1.282790
1.224849
1.202126
1.157499
1.103621
1.374560
1.513155
1.313294
1.303691
1.251750
1.176241
1.315317
1.172892
1.436584
1.055086
1.132143
0.927258
0.973655
1.107947
1.185209
1.420829
1.146618
0.896521
1.007102
1.240323
1.217129
1.035350
1.194039
1.390168
1.460547
0.935811
1.071318
1.221761
1.312543
0.955896
1.241007
1.038460
1.184574
1.171886
1.043756
1.255534
1.216761
1.094687
1.206203
1.128700
1.219925
1.244740
1.192815
1.361185
1.137390
1.179585
1.315786
1.175274
1.139015
1.125386
1.160027
1.300431
1.140683
1.087929
1.364646
1.002044
1.312896
1.129696
1.309891
1.201456
1.174623
1.062322
1.113631
1.123815
1.111956
1.055379
1.184963
1.287755
1.175389
1.132941
1.425529
1.357866
1.339934
1.207918
1.030769
1.107234
1.300067
1.178824
1.066664
1.382432
1.303168
1.133645
1.061066
1.260353
1.010441
1.120549
0.942157
1.294122
1.127116
1.247452
0.959925
1.119019
1.101530
1.370579
1.255901
1.286895
1.136384
1.217893
0.934589
1.204123
1.248794
1.303748
1.317551
1.410529
0.930081
1.152212
0.984791
1.375774
1.168708
1.129862
1.187809
1.304133
1.189805
1.240181
1.181796
1.253404
1.213003
1.134009
1.305217
1.123755
1.201038
1.342455
1.117062
1.110135
1.113251
1.265974
1.245438
1.221948
1.068679
1.113838
1.278434
1.412441
1.169512
1.179776
1.154774
1.088653
1.237062
1.227844
1.099022
1.194595
1.258436
1.012633
1.489240
1.075408
1.030634
1.067626
1.215316
0.997848
1.172119
1.171456
1.220964
1.507661
1.077981
1.098909
1.044819
1.394955
1.090952
1.325778
0.944491
1.242734
1.304860
1.230148
1.239603
1.211754
1.173720
1.334791
1.206025
0.947284
1.128718
1.304971
1.009141
1.441185
1.254605
1.322225
1.284339
1.110553
1.172014
1.527713
0.866864
1.247756
1.137499
0.938485
1.022027
1.202387
0.982195
1.116235
1.295799
1.247604
1.333875
1.119410
0.708089
1.277042
1.154560
1.118860
1.261203
1.261211
1.017768
1.301855
1.120064
1.247466
1.182249
1.214816
1.280946
1.280710
1.034653
1.086578
1.101100
1.157884
1.034575
1.169126
1.309334
1.038842
1.054457
1.108104
1.112538
1.241129
1.288541
1.146708
1.348222
1.205296
1.461143
1.254396
1.241198
1.172071
1.345373
1.288521
0.883725
1.129205
1.436976
1.082734
1.275902
1.286301
1.153162
1.036270
0.986905
1.009269
1.171197
1.274842
1.026045
1.196780
1.098281
1.062902
1.395908
1.203106
1.195074
1.169137
1.255984
1.369322
1.140552
1.250080
1.068259
1.093430
1.314854
1.074021
1.191483
1.358196
1.120335
1.039263
1.094355
0.965606
1.268038
1.519194
1.045762
1.116201
1.041978
1.253141
0.842089
0.980201
1.183193
1.238320
1.445112
1.052990
1.291118
1.440964
1.030634
0.946077
1.309960
1.101668
1.205295
1.288579
1.193694
1.114255
1.185109
1.097618
1.190008
1.318273
0.999956
1.065086
1.119959
1.386776
1.177928
1.103450
1.167726
1.136015
1.219278
1.180747
1.454248
1.618337
1.260798
1.230188
1.179733
1.234650
1.241826
1.062023
1.312021
0.897105
1.322467
0.968453
1.282761
1.225818
1.157436
1.053141
1.119834
1.046269
1.322067
1.190750
1.025039
1.148127
0.950971
1.276317
1.046512
1.216274
1.331335
1.210006
1.385303
1.328413
1.025827
1.226505
1.338083
1.120848
1.077096
1.311676
1.262454
1.197072
1.277381
1.296802
1.181286
1.178947
1.115484
1.198830
1.395224
1.197423
1.124081
1.252857
1.038133
1.213747
1.200218
1.226604
1.146504
1.172863
1.088446
1.142116
1.033837
1.176727
1.042813
0.961488
1.086062
1.027877
1.110776
1.276411
1.393152
1.290915
1.245239
1.093639
1.146508
1.293502
1.247715
1.075216
1.234558
1.050612
1.187548
1.089712
1.158476
1.156059
1.277310
1.152551
1.293380
1.024622
1.465691
1.234799
1.266375
1.596009
1.299490
1.107668
0.969335
1.283311
1.101739
1.076237
1.140602
1.096789
1.147063
1.034545
0.983093
1.009359
1.182021
1.126194
1.154420
1.107602
1.084802
1.093570
1.115844
1.213103
1.313622
1.052819
1.002592
1.349149
1.230521
1.190346
1.095481
1.120533
1.073805
1.063579
1.475150
1.190381
1.103185
1.309221
1.205356
1.018256
1.310095
1.345425
1.500964
1.161964
1.073625
1.448077
0.902746
1.234560
1.194447
1.236384
1.261282
1.169950
1.102638
1.297542
1.046067
1.161311
1.049669
1.125003
0.967493
1.301208
1.096974
1.304488
0.985163
0.965579
1.251440
1.116280
1.204413
1.185495
1.296063
1.198678
1.480642
1.275235
1.244126
1.094279
1.190913
1.115020
1.241484
1.222152
1.221214
1.202418
1.116092
1.270982
1.086967
0.956170
1.223159
1.240242
1.171503
1.216357
1.289447
1.228995
1.218623
0.983526
1.037892
1.373450
1.139663
1.077288
1.123785
1.158330
1.014335
1.314885
1.332573
1.181051
1.011403
1.244315
1.213611
1.281172
1.251202
1.516896
1.342084
1.288201
1.010117
1.128598
0.884691
1.144694
0.950906
1.133657
1.062280
1.251800
1.329444
1.317088
1.205886
1.127700
1.405388
1.263247
1.380651
1.153868
1.226796
1.157098
1.054312
0.900201
1.093045
1.210071
1.063565
0.988052
1.086222
1.255155
1.126804
1.256264
1.036854
1.380272
1.339523
1.232306
1.301036
1.307632
1.252663
1.197592
1.296906
1.230664
1.184056
1.075542
1.167647
1.081162
1.133077
1.178318
1.165964
1.305140
1.103642
1.112324
1.176270
1.066074
1.128237
1.140787
1.135198
1.141834
1.268652
1.120745
1.215798
1.175540
1.027245
1.401823
1.008105
1.086931
1.050860
0.978916
1.322295
1.150326
0.986828
0.986902
1.120351
1.342690
1.194747
1.300014
1.066037
1.196252
1.113076
0.986385
1.389479
1.295388
0.992384
1.199825
1.233698
1.163315
1.196023
1.025876
0.941556
1.087020
1.580368
1.302905
0.984030
1.231622
1.544555
1.257360
1.257637
1.015929
1.177596
1.064018
1.180405
1.167403
1.092922
1.250388
1.315124
1.112172
1.133294
1.268266
0.906677
1.166604
1.173642
1.187458
1.247256
1.136424
1.111548
1.082593
1.216783
1.208119
1.341263
1.066296
1.212850
1.159783
1.337069
1.081460
1.130494
1.179729
0.984435
1.239690
1.212328
1.113497
1.088687
1.319874
1.201484
1.343068
1.020883
1.127532
0.974630
1.351006
1.032279
0.923770
1.204314
0.953952
1.109828
1.264866
1.296597
1.060702
1.161515
1.185591
1.174320
1.244411
0.860328
1.183878
1.096186
1.429397
1.319703
1.078326
1.185514
1.211963
1.115202
1.162467
1.055276
1.067261
1.237374
1.097414
1.340529
1.141143
1.192044
1.042092
1.328414
1.237965
1.274383
1.256146
1.172563
1.075684
1.263017
1.467471
1.104939
1.243783
1.237699
1.129986
1.159205
1.208851
1.131135
1.186925
1.175617
1.077720
1.333624
1.109531
1.149301
1.170775
1.193812
0.974598
1.302518
1.183068
1.319226
1.010271
1.223962
1.202274
1.175726
1.173771
1.281863
1.280466
1.148872
1.268270
1.070642
1.263039
1.239730
1.073439
1.063880
1.246210
1.232009
0.998177
1.122824
1.055411
1.253022
1.106710
1.232190
1.227945
1.308132
1.094649
1.180566
1.238124
1.001405
1.124203
1.360620
1.174045
1.273494
1.205050
1.168607
1.140487
1.231135
1.063213
1.057456
1.173297
1.242839
1.253893
1.188739
1.125938
1.505286
1.385705
1.070369
1.438139
1.233004
1.155645
1.049014
1.165399
1.134494
1.007093
1.105797
1.180407
1.023160
1.060156
1.084470
1.232545
1.227789
1.028596
1.405777
1.071731
1.037575
1.275844
1.041409
1.089876
1.108495
1.228831
1.314974
1.378140
1.370817
1.139001
1.114522
1.050001
1.130946
1.057301
1.078653
1.044267
1.187417
1.011817
1.198078
1.148226
0.907869
1.019553
1.177698
1.258404
1.028760
1.126386
1.016260
0.966891
0.964857
0.924954
1.356607
1.145867
1.298595
1.434154
1.367267
0.997700
1.409458
1.381335
1.196620
1.272470
1.041503
1.282017
1.321139
1.490419
1.512323
1.159777
1.154240
1.194000
1.094671
1.062381
1.119653
1.208674
1.124183
1.394616
1.135745
1.098099
1.201152
1.288260
1.260136
1.228777
0.834152
1.179966
1.037105
1.113608
1.256764
1.149034
1.099850
1.276590
1.217263
1.147673
1.040906
1.478000
1.139906
1.089974
1.273519
1.173587
1.167136
1.393233
1.317744
1.457591
0.966094
1.101124
1.174053
1.013796
1.098880
0.892053
1.359467
1.444872
1.120104
1.130812
1.042225
1.268264
1.162171
1.336395
1.360110
1.283885
1.182582
1.171355
1.150589
0.966110
1.312702
1.205852
1.149359
1.236744
1.237067
1.188693
1.233569
1.171986
1.435977
1.101416
1.229752
1.010109
1.138160
1.189616
1.148222
1.280473
1.312392
1.075436
1.362832
1.234017
0.930593
1.356739
1.184126
1.267712
1.009288
1.133203
1.248958
1.335144
0.821984
1.253743
1.252821
1.326633
1.155510
1.198454
1.249481
1.243342
1.106555
1.130270
1.129911
1.313272
1.107802
1.386317
1.332116
1.105246
1.152641
1.283640
0.985847
1.121241
1.510122
1.313715
1.211370
0.969938
1.017625
1.055360
1.240952
1.276007
1.063902
1.197311
1.230132
1.238473
0.997908
1.082605
1.059446
1.199723
1.014513
1.049280
1.341259
1.353464
1.139439
1.152100
1.265812
1.032554
1.061260
1.282735
1.113718
1.167376
1.176207
1.049396
1.274668
1.295445
1.103341
1.204085
1.032569
1.222776
1.220758
1.286032
1.558830
1.296694
1.161742
1.194798
1.282666
1.144730
1.066885
1.026044
1.047870
1.091611
1.230394
1.193550
1.203499
1.410033
1.200998
1.129096
1.157349
1.181706
1.050891
1.056962
1.059791
1.300988
1.007782
1.139303
0.849226
1.184518
0.928774
1.289041
1.060577
1.083775
1.266152
1.135231
1.259615
1.263763
1.165499
1.201183
1.240820
1.304421
1.197562
1.300236
1.171415
1.118272
1.188939
1.349605
0.952747
1.227423
1.248307
1.118443
1.232729
1.094920
1.288744
1.051185
1.145388
1.142904
1.088070
1.342736
1.266369
1.087572
1.093889
0.960260
1.249224
0.951744
1.043576
1.078767
1.298009
1.273610
1.067152
1.205775
1.061070
1.222097
1.066912
1.330461
0.993085
1.168165
1.222930
1.183167
1.343318
1.176735
1.350159
1.025777
1.428980
1.119916
1.178680
1.248104
1.163243
0.978598
1.164761
1.179885
0.897218
1.181040
1.301170
1.225759
1.066342
1.223514
1.142917
1.428037
1.262820
1.046576
1.052810
1.147212
1.288909
1.010587
1.090532
1.038359
1.033624
1.207433
1.159305
1.079762
1.072662
1.154021
1.472827
1.026767
1.203841
1.123340
1.194381
1.277842
1.333866
1.060283
1.184817
1.154012
1.095649
1.260507
1.163414
1.067221
1.436390
1.275617
1.071305
1.285858
1.206773
1.022166
0.883130
1.133766
1.160084
1.142098
1.359420
1.331986
1.112751
1.338434
1.039840
1.191514
1.197515
1.283753
1.132724
1.075007
1.034524
1.461125
1.306431
1.155142
1.310606
1.246811
1.004237
0.942773
1.142554
1.186459
1.285591
1.168250
1.334306
1.253506
1.292131
1.272171
1.094003
1.143832
1.090957
0.934369
1.113006
1.253040
1.046113
1.368721
1.184987
1.112991
1.196823
1.271478
1.091592
1.098499
1.146976
1.197477
1.217871
0.943817
1.164810
1.309019
1.140679
1.330431
1.160173
1.196838
1.130890
1.146029
1.170429
0.967481
1.125094
1.121511
1.145304
1.008983
1.202724
1.097225
1.266100
1.208774
1.256494
0.959098
1.192980
1.305889
0.959022
1.164078
1.051009
1.105086
1.031092
1.186687
1.188713
1.099129
1.138790
1.129428
1.142709
1.456564
1.248525
1.037182
1.184790
0.963155
1.139745
1.158673
1.168915
1.034691
1.178422
1.344415
1.254665
1.261212
1.301669
1.155159
1.154012
1.526568
1.263003
1.111554
1.220384
1.273591
1.070718
1.001722
1.150707
1.201777
1.114015
1.267475
1.242069
1.057717
1.189379
1.353617
1.003711
1.313568
1.085492
1.138812
1.127971
1.168880
1.189587
1.213058
1.167542
1.153021
1.186432
1.135048
1.207550
1.008353
1.226750
1.354302
1.344328
1.266406
1.195918
1.193576
1.161356
1.065505
1.358418
1.173941
1.088100
0.988663
1.323165
1.120763
1.165366
1.056684
1.005819
1.361802
0.996226
1.341530
1.254193
1.123652
1.249926
1.069127
1.287679
1.280044
1.192335
1.127662
1.107880
1.141896
1.224704
1.124734
1.019066
1.332379
1.183036
1.181497
0.895382
1.155648
1.389728
0.961995
1.356122
1.164442
1.086419
1.312433
1.320107
1.108423
1.048699
1.105506
1.104995
1.268831
1.184809
1.081960
1.279354
1.216958
1.228108
0.967926
1.120114
1.052813
1.107759
1.179179
1.257607
1.365454
1.069814
0.948431
1.053230
1.090300
1.378181
0.962423
1.202578
1.491528
1.025334
1.294295
1.287468
1.297399
1.116959
1.338302
0.968579
1.153926
1.045209
1.066743
1.193640
1.065455
1.172342
1.137717
0.956844
1.331278
1.103255
1.228550
1.340576
1.144374
1.161311
1.196818
1.212141
1.340357
0.901421
1.096194
1.460248
1.267645
1.158417
1.345041
1.044889
1.258041
1.181346
0.986049
1.126163
1.087860
1.291950
1.059061
1.163971
1.205575
1.205933
1.042588
1.389025
1.037623
1.263066
1.359068
0.984200
1.191819
1.006558
1.347866
1.212210
1.140464
1.306756
1.190611
1.089338
1.160272
1.148952
1.057825
1.165891
1.146511
1.059949
1.178236
1.082150
0.946933
1.100683
1.193648
1.295065
1.393127
1.046198
1.142568
1.290620
1.094616
1.301969
1.401265
1.276668
1.294622
1.378942
1.156561
1.234932
0.974893
1.009323
1.250735
1.256892
1.167666
1.173751
1.079173
0.980112
1.105587
1.180109
1.249131
1.201216
1.104808
1.035697
1.125051
0.877011
1.020342
1.178262
1.169621
1.049213
1.312415
1.221990
1.298572
1.168458
1.138391
1.016356
1.092045
1.090772
0.885115
1.021405
1.005076
1.154233
1.053902
1.010337
1.077005
1.284516
1.110268
1.292504
0.973485
1.122018
1.029531
1.184774
1.235142
1.224930
1.450791
1.447597
1.396062
1.123437
1.011396
1.192948
1.052580
1.050056
1.094488
1.209324
1.030412
1.226911
0.912093
1.267186
1.130551
1.204244
1.116631
1.315411
1.204366
1.360222
1.268983
1.211414
1.259861
1.301574
1.172211
1.194539
0.985958
1.261346
1.157971
1.005691
1.311113
1.175794
1.125530
1.139737
1.137229
1.107888
1.131094
1.320029
1.261944
1.072025
1.225523
0.983991
1.343544
1.112779
1.392313
1.238999
1.412550
0.933503
1.294988
1.080885
1.293573
1.212874
1.078586
1.166529
1.213581
1.268717
1.319452
0.947538
1.205115
1.152847
1.133175
1.222833
1.202512
1.071318
0.974599
1.235594
0.946151
1.314788
1.013624
0.945505
1.198837
1.009148
1.324537
1.077339
1.189121
1.315059
0.964197
1.333576
1.190111
1.215200
1.282201
1.026644
1.125458
1.132696
1.223350
0.968062
1.003459
1.016262
1.106819
1.358583
1.004825
1.296461
1.398406
1.446638
1.233815
1.371078
1.101036
1.237101
1.135384
1.173914
1.007240
1.333545
1.135695
1.020158
1.214869
0.954390
1.444944
1.327478
1.155563
1.141592
0.979676
1.033145
0.998264
1.140151
1.014556
1.105316
1.061068
1.113316
0.999103
1.446622
1.318900
0.986713
1.235098
1.007123
1.026227
1.115842
0.958406
1.237505
1.247972
1.152268
1.341141
1.062393
1.135118
1.408877
1.149775
1.076360
1.118493
1.249488
1.119921
1.362978
1.450817
1.119804
1.223140
1.204734
1.363782
1.392999
1.195960
0.996496
1.027438
1.303991
0.890996
1.197559
0.965026
1.279805
1.149704
1.146466
1.427049
1.021653
1.248352
1.175364
1.234133
1.202810
1.169090
1.007496
1.186457
1.209763
1.192430
0.995445
1.141518
1.196920
1.118901
1.212783
1.165211
1.116859
