2.341733
2.369173
2.216786
2.101238
2.055752
1.942057
1.956116
1.932700
1.924349
1.849268
1.762562
1.904324
1.822979
1.880378
1.742888
1.958153
1.829469
1.874162
1.810444
1.836462
1.845281
1.847639
1.765932
1.781478
1.751770
1.796242
1.754794
1.911955
1.717073
1.771419
1.892927
1.723251
1.726261
1.811629
1.724771
1.918162
1.737072
1.834699
1.667890
1.689103
1.650441
2.270290
1.727809
1.684218
1.636914
1.635031
1.679137
1.726763
1.619727
1.764476
1.677483
1.632346
1.825366
1.619387
1.768690
1.693799
1.649962
1.813041
1.789460
1.595192
1.900835
1.747297
1.775911
1.548922
1.631188
1.708813
1.740855
1.834951
1.787642
1.693168
1.610789
1.890720
1.625112
1.765043
1.639435
1.496589
1.776634
1.863573
1.842914
1.677112
1.799176
1.775315
1.480539
1.600825
1.849756
1.782229
1.506436
1.708815
1.657076
1.610872
1.722264
1.598979
1.700808
1.640064
1.827257
1.667011
1.656514
1.612646
1.789371
1.672691
1.526705
1.503686
1.583840
1.717663
1.782424
1.740983
1.771025
1.710009
1.555289
1.590337
1.798869
1.625744
1.581856
1.746440
1.646790
1.636002
1.713633
1.538892
1.728480
1.552925
1.658850
1.533794
1.568957
1.619889
1.640673
1.599159
1.649687
1.623423
1.703515
1.734221
1.734147
1.700974
1.730834
1.683118
1.702645
1.729050
1.587680
1.494940
1.527197
1.644094
1.572050
1.576510
1.700475
1.632389
1.695314
1.722326
1.674893
1.724666
1.838825
1.541019
1.512786
1.672445
1.691491
1.685939
1.646024
1.455961
1.595119
1.726683
1.527483
1.694773
1.578554
1.763447
1.606506
1.602013
1.611983
1.598557
1.601200
1.791743
1.630174
1.711712
1.549077
1.611297
1.769088
1.569644
1.648720
1.461091
1.528462
1.810195
1.794840
1.568707
1.464014
1.633220
1.559666
1.451094
1.606204
1.628658
1.591749
1.509663
1.431167
1.636692
1.565370
1.651597
1.652260
1.562719
1.703521
1.576481
1.657121
1.593099
1.721426
1.636595
1.890036
1.443395
1.618118
1.445388
1.676833
1.520984
1.646747
1.556670
1.653717
1.480964
1.705203
1.498918
1.685165
1.614808
1.416285
1.647577
1.614381
1.655485
1.485673
1.572667
1.569442
1.490210
1.754273
1.713857
1.621948
1.504436
1.534607
1.728408
1.714324
1.643561
1.480884
1.490144
1.405324
1.578728
1.613905
1.571651
1.517871
1.473887
1.536985
1.450982
1.909712
1.495522
1.742545
1.649462
1.632302
1.483474
1.723143
1.529089
1.496485
1.954578
1.421494
1.848559
1.707407
1.614536
1.605963
1.502312
1.579921
1.787889
1.593553
1.541667
1.460269
1.544194
1.505066
1.743918
1.775340
1.463734
1.440088
1.392793
1.712850
1.656307
1.499031
1.631477
1.587428
1.504220
1.656311
1.615839
1.532933
1.630472
1.535942
1.713643
1.643327
1.630486
1.497319
1.739490
1.673160
1.504399
1.436346
1.670424
1.654855
1.560499
1.528286
1.710557
1.618263
1.119114
1.658320
1.501906
1.656677
1.670660
1.502332
1.556638
1.404658
1.492679
1.533721
1.494420
1.671290
1.557239
1.578059
1.576788
1.674777
1.596211
1.428706
1.631336
1.749211
1.684647
1.720212
1.695139
1.718056
1.648698
1.758746
1.486423
1.593075
1.624260
1.697767
1.582700
1.591753
1.492697
1.847752
1.584181
1.501802
1.400943
1.458214
1.381642
1.527576
1.490517
1.657780
2.141426
1.451892
1.518619
1.583158
1.612793
1.577456
1.708551
1.476542
1.658021
1.673235
1.442018
1.648933
1.584152
1.517672
1.494629
1.570681
1.448839
1.599760
1.502242
1.526943
1.389189
1.602042
1.663317
1.598739
1.696048
1.537207
1.587500
1.525185
1.477035
1.746429
1.572033
1.604345
1.678055
1.651626
1.480530
1.469000
1.639017
1.516905
1.500075
1.477182
1.638128
1.480217
2.188441
1.782665
1.508379
1.771862
1.627715
1.608682
1.584939
1.596431
1.543673
1.434959
1.524183
1.660002
1.418556
1.423143
1.480729
1.629224
1.570315
1.463418
1.418025
1.677131
1.673714
1.567074
1.569011
1.704496
1.486544
1.779836
1.735755
1.388388
1.519140
1.588914
1.544255
1.511577
1.569876
1.396364
1.699683
1.435781
1.577578
1.515776
1.446218
1.617185
1.510933
1.505488
2.335460
1.570965
1.475146
1.687902
1.387619
1.576210
1.481145
1.384601
1.666075
1.709093
1.570252
1.583699
1.838731
1.611642
1.497779
1.744494
1.490808
1.392975
1.691492
1.571415
1.662523
1.475026
1.515536
1.651269
1.553109
1.677435
1.483560
1.352949
1.561729
1.431622
1.586970
1.510799
1.384070
1.602841
1.298713
1.523262
1.505673
1.529551
1.669412
1.598349
1.517246
1.519286
1.178384
1.588866
1.442172
1.590885
1.510796
1.636268
1.625518
1.459183
1.448792
1.470307
1.433218
1.484407
1.491714
1.497267
1.528564
1.628902
1.452744
1.655971
1.421910
1.474140
1.578597
1.405885
1.603190
1.441275
1.599033
1.291094
1.723311
1.380753
1.612521
1.648913
1.723808
1.391321
1.672132
1.666715
1.434236
1.601051
1.509177
1.699657
1.502298
1.615390
1.665170
1.738732
2.573820
1.626346
1.454061
1.759194
1.539311
1.644693
1.538235
1.611589
1.873713
1.542060
1.461457
1.691118
1.604124
1.586652
1.544153
1.495082
1.387679
1.614736
1.443579
1.480420
1.401361
1.346116
1.299321
1.547327
1.410803
1.606207
1.605325
1.656554
1.406195
1.724427
1.496145
1.637297
1.625699
1.444068
1.549563
1.643548
1.609136
1.518980
1.529898
1.629209
1.559946
1.597848
1.397114
1.674438
1.372384
1.730307
1.551997
1.652421
1.380840
1.465942
1.545066
1.428884
1.555132
1.495311
1.614423
1.658538
1.685935
1.492046
1.567714
1.482524
1.490229
1.564509
1.483693
1.459647
1.371320
1.641471
1.522935
1.717603
1.564029
1.641741
1.447423
1.331018
1.505137
1.572421
1.664531
1.624880
1.774693
1.507200
1.347165
1.441648
1.449877
1.426799
1.442918
1.594167
1.137828
1.569188
1.431592
1.498363
1.487410
1.578744
1.609050
1.720614
1.609367
1.409855
1.414792
1.533177
1.383996
1.576701
1.512645
1.497103
1.608341
1.616031
1.628722
1.279164
1.479855
1.580961
1.424920
1.637495
1.690631
1.683664
1.570683
1.435896
1.459534
1.464098
1.604027
1.364399
1.495400
1.470944
1.559891
1.419515
1.524084
1.429998
1.695972
1.472245
1.836088
1.565563
2.493640
1.674207
1.698466
1.617428
1.530200
1.442941
1.494706
1.574207
1.438088
1.565155
1.460834
1.323180
1.522021
1.375700
1.601599
1.440952
1.615537
1.419191
1.426364
1.570085
1.606908
1.564305
1.701238
1.622101
1.535405
1.461182
1.344735
1.447119
1.505921
1.411317
1.404334
1.542638
1.302114
1.594145
1.515234
1.577696
1.324326
1.749925
1.647709
1.609320
1.496188
1.482627
2.320577
1.361894
1.646377
1.512162
1.575671
1.445705
1.561783
1.445059
1.515085
1.476699
1.684050
1.377039
1.504791
1.517592
1.580970
1.625400
1.542865
1.419256
1.415949
1.487344
1.530864
1.442306
1.586075
1.639115
1.669210
1.456971
1.621292
1.329448
1.758368
1.525527
1.412998
1.378157
1.554162
1.594819
1.829996
1.323914
1.827121
1.541872
1.501762
1.631981
1.392524
1.525485
1.982623
1.708539
1.663627
1.559637
1.610282
1.526201
1.588200
1.708629
1.629761
1.359904
1.504264
1.386840
1.497056
1.597502
1.664043
1.640472
1.256373
1.423479
1.506112
1.513907
1.341805
1.488836
1.819572
1.515580
1.425962
1.295485
1.547574
1.724815
1.340670
1.526708
1.471063
1.571028
1.603937
1.550313
1.632002
1.426019
1.643876
1.380587
1.458136
1.327011
1.599842
1.370034
2.180453
1.418543
1.477645
1.507021
1.378183
1.414423
1.705509
1.440626
1.521405
1.523796
1.527604
1.453876
1.385958
1.304599
1.377951
1.507985
1.588577
1.562357
1.570241
1.591378
1.408053
1.477983
1.515323
1.586205
1.607956
1.455987
1.598967
1.445695
1.414575
1.426359
1.652040
1.532612
1.448287
1.616010
1.655003
1.500334
1.633969
1.474590
1.478553
1.421903
1.470970
1.698365
2.837790
1.436655
1.595651
1.457908
1.471426
1.576921
1.520269
1.682779
1.603368
1.433547
1.592864
1.717824
1.481716
1.603185
1.479855
1.616359
1.415686
1.499646
1.530596
1.507418
1.533777
1.376974
1.599394
1.438484
1.462471
1.416908
1.544535
1.616323
1.472502
1.599084
1.481851
1.525693
1.595718
1.516491
1.558627
1.505688
1.435576
1.352612
1.612719
1.396539
1.571423
1.505135
1.131932
1.442413
1.699298
1.451948
1.491755
1.469565
1.792568
1.449540
1.416322
1.325732
1.456101
1.401002
1.475270
1.421137
1.336608
1.486817
1.514786
1.512660
1.478904
1.509904
1.477322
1.421202
1.501921
1.485457
1.495659
1.419291
1.461190
1.418729
1.558694
1.504856
1.572210
1.585708
1.546690
1.614573
1.567609
1.472093
1.553252
1.614935
1.544268
1.645748
1.494469
1.399776
1.775937
1.504385
1.592793
1.403607
1.566146
1.485049
1.581636
1.556257
1.555948
1.447161
1.607964
1.497963
1.463772
1.488427
1.541149
1.497312
1.494718
1.755044
1.483625
1.542226
1.505452
1.489459
1.756010
1.318939
1.504375
1.623305
1.311328
1.645277
1.470984
1.468832
1.611705
1.475400
1.297745
1.572086
1.636947
1.332118
1.322514
1.418236
1.407181
1.584266
1.481975
1.590843
1.871583
1.388916
1.477385
1.514867
1.555423
1.377426
1.584126
1.493863
1.386269
1.559440
1.615364
1.640086
1.537671
1.418489
1.555173
1.513834
1.441064
1.516754
1.523917
1.499688
1.547385
1.408077
1.459246
1.594998
1.574641
1.611593
1.361141
1.292718
1.418235
1.587371
1.554663
1.545184
1.471944
1.614202
1.640482
1.713643
1.646259
1.560502
1.510145
1.552545
1.547977
1.473692
2.789431
1.684534
1.401002
1.266731
1.417147
1.652545
1.633613
1.655614
1.486943
1.555969
1.605217
1.454924
1.615340
1.420473
1.483615
1.324909
1.453549
1.425407
1.519887
1.387728
1.482719
1.483946
1.457784
1.525878
1.442286
1.297662
1.329603
1.557499
1.701061
1.523485
1.592585
1.418427
1.568378
1.697365
1.696736
1.531926
1.424767
1.757275
1.615491
1.459383
1.350281
1.536323
1.803892
1.508470
1.431074
1.257133
1.571997
1.502117
1.590836
1.352083
1.677944
1.598021
1.568703
1.531375
1.449613
1.770592
1.506154
1.337658
1.479470
1.404336
1.503694
1.373175
1.479192
1.340510
1.392680
1.319910
1.396781
1.461564
1.625387
1.562964
1.501283
1.327966
1.569144
1.441325
1.543454
1.604484
1.630279
1.428323
1.557288
1.522283
1.517503
1.555267
1.539207
1.407860
2.731578
1.733024
1.461272
1.542976
1.474296
1.559269
1.344820
1.421564
1.456620
1.444703
1.681154
1.510406
1.464530
1.552757
1.540519
1.466332
1.549632
1.499277
1.535728
1.679696
1.371704
1.469116
1.430240
1.481829
1.402827
1.409904
1.381073
1.475570
1.591071
1.487514
1.398426
1.473682
1.478582
1.311426
1.530085
1.402617
1.596563
1.596048
1.369905
1.628902
1.551941
1.354915
1.470071
1.547325
1.651636
1.537079
1.575776
1.653842
1.654798
1.546143
1.403702
1.437590
1.476540
1.501817
1.525292
1.478276
1.647822
1.548310
1.344908
1.446237
1.433653
1.645441
1.425884
1.248739
1.654523
1.554303
1.496482
1.476814
1.357070
1.475744
1.447633
1.408002
1.489841
1.589781
1.525725
1.278208
1.605109
1.377035
1.534565
1.361568
1.603998
1.474246
1.401261
1.516037
1.505840
1.465327
1.400428
1.419585
1.474589
1.379232
1.687400
1.567183
1.585104
1.272998
1.483357
1.400791
1.531740
1.364505
1.562246
1.291893
1.354103
1.427611
1.623867
1.525843
1.537252
1.493235
1.427801
1.438040
1.362190
1.401914
1.747653
1.400465
1.572187
1.627219
1.488158
1.541230
1.333379
1.581962
1.583205
1.646809
1.445894
1.530137
1.653062
1.441465
1.405573
1.694804
1.708289
1.431105
1.554938
1.364593
1.530780
1.542663
1.506277
1.597299
1.429638
1.409715
1.451680
1.559217
1.503865
1.436541
1.636323
1.495567
1.460815
1.372044
1.348073
1.546585
1.415994
1.499954
1.527789
1.442430
1.473514
1.608473
1.469556
1.409260
1.472240
1.542919
1.513922
1.384648
1.589728
1.341241
1.321377
1.541831
1.489838
1.527669
1.548247
1.423464
1.345684
1.635736
1.433569
1.597726
1.436676
1.249789
1.504422
1.426431
1.395774
1.577566
1.511163
1.543423
1.523270
1.563070
1.794464
1.499215
1.617498
1.324260
1.412358
1.371355
1.410392
1.546806
1.647996
1.478764
1.619522
1.475912
1.618088
1.670443
1.457457
1.531771
1.630180
1.434012
1.381937
1.449215
1.592825
1.366608
1.381361
1.327087
1.567393
1.336792
1.330744
1.314176
1.491935
1.353827
1.653992
1.405430
1.428633
1.584916
1.324269
1.852863
1.379897
1.320312
1.566385
1.556357
1.336543
1.473815
1.484517
1.446420
1.311559
1.636982
1.389397
1.689347
1.404691
1.662610
1.421592
1.447433
1.429171
1.615814
1.646360
1.434895
1.565771
1.387983
1.390349
1.522570
1.454801
1.587929
1.388027
1.650855
1.337334
1.608750
1.483523
1.540760
1.413579
1.410167
1.343498
1.491823
1.458691
1.461718
1.498866
1.557771
1.509954
1.373540
1.705121
1.389832
1.496748
1.460792
1.249837
1.489581
1.430465
1.326311
1.447343
1.545445
1.423935
1.639280
1.387395
1.654735
1.442017
1.354487
1.519693
1.530556
1.463291
1.508061
1.575409
1.385309
1.536501
1.505469
1.548722
1.605517
1.515150
1.297024
1.366878
1.630210
1.277036
1.352480
1.514514
1.560015
1.578998
1.411554
0.650895
1.346874
1.477857
1.488563
1.447272
1.331693
1.438829
1.443025
1.413535
1.454815
1.540787
1.522343
1.238730
1.299559
1.421276
1.627118
1.353540
1.504647
1.438863
1.499512
1.555924
1.558586
1.491424
1.645639
1.405566
1.376756
1.671752
1.509917
1.315714
1.561132
1.429301
1.586861
1.509897
1.607963
1.367189
1.488649
1.418889
1.694531
1.460749
1.271488
1.551957
1.436537
2.095734
1.392995
1.447360
1.327870
1.233541
1.382743
1.354164
1.466663
1.541790
1.519272
1.456160
1.472646
1.244974
1.624989
1.202587
1.518465
1.507235
1.653183
1.547640
1.395857
1.331641
1.634605
1.437493
1.621033
1.458017
1.610113
1.486465
1.437271
1.463655
1.411374
1.521404
1.419307
1.427213
1.548246
1.480233
1.592206
1.520208
1.620588
1.537609
1.521200
1.420434
1.690524
1.842192
1.639075
1.514271
1.483118
1.591194
1.479244
1.407292
1.348345
1.381293
1.660555
1.413566
1.268547
1.365994
1.408320
1.451365
1.334847
1.399106
1.605199
1.491709
1.434881
1.622116
1.524349
1.611502
1.501795
1.533619
1.568045
1.419876
1.505458
1.656016
1.434634
1.395719
1.405415
1.635168
1.461765
1.495940
1.276237
1.500186
1.544565
1.436862
1.563170
1.456851
1.388389
1.435540
1.526381
1.417344
1.622824
1.515015
1.455417
1.307295
1.633265
1.570163
1.454137
1.375023
1.447857
1.501581
1.621828
1.411229
1.271465
1.300524
1.613981
1.429364
1.517249
1.484843
1.347935
1.325478
1.738411
1.541417
1.368692
1.347931
1.370567
1.672730
1.354208
1.529026
1.557706
1.649305
1.464491
1.317213
1.506040
1.325854
1.607557
1.412984
1.441532
1.644726
1.574019
1.316895
1.483209
1.365516
1.359957
1.528431
1.583527
1.343832
1.420114
1.528951
1.317418
1.477892
1.464228
1.346046
1.556127
1.573951
1.385470
1.598753
1.549427
1.630249
1.605433
1.392577
1.496783
1.398443
1.282593
1.400257
1.524235
1.241915
1.501295
1.423418
1.650110
1.482788
1.463426
1.537459
1.535467
1.650614
1.321682
1.512675
1.663906
1.337746
1.395083
1.544578
1.538364
1.276460
1.365231
1.459500
1.386064
1.514505
1.542279
1.341361
1.534671
1.603004
1.389715
1.455071
1.480695
1.400996
1.417801
1.494116
1.529513
1.434868
1.533042
1.512765
1.413960
1.484084
1.579091
1.298704
1.409775
1.795173
1.299967
1.444285
1.715302
1.342257
1.453166
1.653581
1.351396
1.577358
1.520198
1.620727
1.441433
1.320829
1.441835
1.418067
1.562276
1.392752
1.520530
1.908531
1.585638
1.587848
1.723170
1.349844
1.589813
1.409264
1.576554
1.490355
1.452688
1.272293
1.539186
1.389437
1.453908
1.570376
1.521122
1.297310
1.465883
1.411793
1.473593
1.536722
1.458257
1.387442
1.454282
1.413039
1.516159
1.253714
1.541972
1.348893
1.584138
1.687751
1.400317
1.520255
1.413316
1.336574
1.449783
1.384716
1.426107
1.445279
1.482503
1.633086
1.476863
2.043437
1.304524
1.449007
1.514938
1.528240
1.661360
1.587194
1.804083
1.505609
1.496978
1.362371
1.571700
1.410279
1.354909
1.422731
1.566327
1.572786
1.626108
1.386323
1.457914
1.385972
1.217693
1.431978
1.587300
1.334588
1.568342
1.773072
1.592538
1.485565
1.524599
1.295773
1.545152
1.397125
1.326635
1.369705
1.489687
1.460644
1.474298
1.348126
1.416197
1.542810
1.451501
2.829698
1.387402
1.458240
1.536076
1.468592
1.385901
1.594027
1.398411
1.449078
1.474083
1.582347
1.214938
1.415053
1.394851
1.584802
1.457951
1.620596
1.553239
1.594582
1.355813
1.382771
1.395702
1.557262
1.446323
1.313133
1.555188
1.432276
1.722238
1.392390
1.421753
1.199406
1.570742
1.443794
1.359357
1.436165
1.432623
1.745958
1.462340
1.603424
1.280492
1.567084
1.662468
1.313560
1.346893
1.385250
1.596229
1.593033
1.457651
1.477694
1.312153
1.658926
1.472996
1.383620
1.381576
1.370197
1.510183
1.295688
1.684870
1.558763
1.414275
1.460937
1.455610
1.558955
1.394642
1.537569
1.507993
1.283611
1.276502
1.499817
1.323053
1.595055
1.468571
1.517437
1.438643
1.564932
1.387458
1.353811
1.536819
1.392109
1.484900
1.512082
1.368304
1.444180
1.273780
1.571781
1.220970
1.430265
1.423348
1.435645
1.417638
1.482869
1.512667
1.447721
1.582673
1.442340
1.477780
1.436347
1.193121
1.532944
1.438617
1.665524
1.446993
1.272049
1.264936
1.329225
1.559213
1.477750
1.444751
1.578861
1.333877
1.665808
1.634462
1.554045
1.407504
1.489511
1.595991
1.357397
1.383540
1.434576
1.429013
1.484680
1.477121
1.629213
1.525090
1.410933
1.339953
1.560393
1.539622
1.335200
1.357741
1.449889
1.480199
1.615267
1.381495
1.638088
1.368870
1.275564
1.559032
1.317681
1.422276
1.373424
1.217819
1.616380
1.636027
1.304127
1.543257
1.382443
1.427665
1.430328
1.361390
1.504342
1.606009
1.590171
1.476249
1.592058
1.623400
1.416615
1.450955
1.472338
1.502258
1.465151
1.536119
1.468872
1.534181
1.287672
1.669485
1.425570
1.475546
1.194136
1.319965
1.529764
1.420782
1.212340
1.598624
1.477319
1.529545
1.388780
1.568452
1.434430
1.523025
1.293535
1.586711
1.410271
1.537144
1.519796
1.531183
1.655465
1.252298
1.437306
1.354743
1.457235
1.563975
1.334703
1.469138
1.357942
1.299104
1.522621
1.657028
1.331910
1.493991
1.483437
1.533192
1.381703
1.520180
1.631983
1.557439
1.376698
1.480380
1.592550
1.502836
0.967973
1.504436
1.583055
1.423133
1.398457
1.425619
1.502248
1.339807
1.528075
1.516771
1.476562
1.345696
1.493333
1.529761
1.313129
1.336961
1.560369
1.399003
1.536885
1.468277
1.523134
1.510584
1.381438
1.574428
1.412225
1.357122
1.253109
1.412454
1.708645
1.423143
1.377617
1.593938
1.423100
1.611214
1.411839
1.546486
1.462999
1.450633
1.638082
1.477902
1.315648
1.408030
2.436427
1.542325
1.413018
1.487062
1.407674
1.330336
1.428814
1.791851
1.380857
1.396500
1.529163
1.379405
1.462824
1.466474
1.331372
1.527213
1.453211
1.629037
1.703443
1.443484
1.565769
1.388846
1.526767
1.291313
1.298045
1.494887
1.523799
1.353412
1.634233
1.344871
1.480582
1.442909
1.474899
1.411530
1.483820
1.298353
1.620540
1.316290
1.621705
1.383997
1.384226
1.600982
1.343150
1.453141
1.433706
1.450889
1.340595
1.507673
1.332721
1.425665
1.535029
1.567081
1.480906
1.581447
1.423781
1.421783
1.411070
1.597625
1.372484
1.456924
1.434716
1.286652
1.295659
1.428232
1.561836
1.571989
1.487130
1.552937
1.406786
1.418747
1.514017
1.609462
1.599605
1.458765
1.391742
1.455949
1.526526
1.305987
1.383073
1.481610
1.461390
1.441815
1.680406
1.343387
1.677508
1.499997
1.406761
1.253883
1.494626
1.474288
1.541720
1.749957
1.581116
1.651596
1.472399
1.490140
1.365477
1.424436
1.274137
1.237585
1.332631
1.353830
1.726324
1.189741
1.608040
1.360680
1.413037
1.437358
1.378886
1.235672
1.279096
1.513915
1.577541
1.502476
1.432057
1.567756
1.512219
1.471489
1.735268
1.660750
1.426390
1.431967
1.532792
1.402851
1.391299
1.476914
1.019270
1.459866
1.444525
1.481725
1.427447
1.719222
1.554334
1.571678
1.491567
1.367368
1.463629
1.576430
1.432501
1.415462
1.482124
1.672822
1.425762
1.369661
1.559137
1.366147
1.469145
1.391725
1.343262
1.236542
1.463425
1.503128
1.460973
1.323182
1.383994
1.389077
1.506037
1.506451
1.289580
1.503245
1.656994
1.469537
1.557374
1.490017
1.344238
1.490469
1.380712
1.517072
2.014117
1.416328
1.643622
1.553646
1.333062
1.339662
1.470105
1.444840
1.368254
1.275148
1.606377
1.503915
1.393313
1.440784
1.625587
1.347750
1.403365
1.502277
1.348796
1.563152
1.713933
1.500077
1.473353
1.496068
1.760880
1.498503
1.366077
1.599750
1.466693
1.278418
1.447061
1.435350
1.453663
1.441107
1.332170
1.611272
1.465791
1.325697
1.333959
1.573958
1.320054
1.401155
2.039311
1.453336
1.414782
1.441115
1.444576
1.379847
1.611354
1.504168
1.516466
1.363873
1.737520
1.527995
1.591475
1.345807
1.309693
1.417470
1.413663
1.520164
1.408544
1.561007
1.479744
1.338290
1.394054
1.436190
1.362124
1.370878
1.332960
1.342220
1.375168
1.498203
1.567526
1.468419
1.640161
1.494467
1.413535
1.486513
1.360096
1.440220
1.329054
1.400749
1.421305
1.393483
1.215094
1.439412
1.745488
1.330009
1.352272
1.716400
1.225965
1.460785
1.690847
1.553386
1.430166
1.398971
1.360967
1.452090
1.539976
1.344566
1.445347
1.374309
1.516368
1.501946
1.387580
1.592926
1.241059
1.610732
1.424674
1.462179
1.322352
1.584961
1.440755
1.443466
1.320665
1.472281
1.365101
1.463840
1.282867
1.374252
1.333390
1.489929
1.782721
1.659170
1.504257
1.246015
2.086462
1.389423
1.551877
1.337547
1.419538
1.294406
1.535157
1.509635
1.648578
1.404419
1.379927
1.588797
1.405891
1.486353
1.412713
1.448015
1.546888
1.508304
1.392029
1.411855
1.263920
1.649429
1.446964
1.392716
1.359766
1.513940
1.599170
1.411566
1.432765
1.527902
1.613561
1.469211
1.455570
1.304604
1.512872
1.462489
1.466150
1.681618
1.318933
1.382356
1.255823
1.347939
1.516653
1.324434
1.585439
1.539940
1.424517
1.325509
1.311765
1.414451
1.477672
1.228928
1.420843
1.523697
1.401561
1.580655
1.361092
1.490867
1.610751
1.355099
1.592741
1.356874
1.310775
1.682183
1.398262
1.375085
1.431517
1.554934
1.216645
1.533058
1.452776
1.353400
1.385981
1.523637
1.421657
1.450740
1.463464
1.356428
1.467540
1.340087
1.635697
1.493377
1.491048
1.556304
1.898828
1.500886
1.758724
1.299435
1.372421
1.311467
1.310440
1.495072
1.316900
1.464669
1.551683
1.354285
1.752372
1.407551
1.386081
1.328961
1.343849
1.372662
1.555130
1.333886
1.698110
1.480664
1.418891
1.446587
1.277745
1.345456
1.468409
1.553060
1.530980
1.343657
1.531086
1.299977
1.461754
1.496089
1.595109
1.395170
1.589130
1.530881
1.554067
1.555637
1.571019
1.277497
2.246972
1.478005
1.274213
1.484064
1.404733
1.248791
1.619199
1.973784
1.270274
1.582678
1.597674
1.357460
1.389078
1.543362
1.420553
1.481057
1.209283
1.404456
1.286863
1.258025
1.665871
1.457954
1.413553
1.484045
1.499554
1.570417
1.588146
1.352598
1.291620
1.475360
1.382348
1.494919
1.694717
1.460600
1.363437
1.245525
1.312284
1.422212
1.206666
1.445091
1.316934
1.456906
1.666862
1.473586
1.395742
1.599096
1.434490
1.443794
1.537201
1.547794
1.414854
1.575197
1.488999
1.394711
1.168909
1.538328
1.443632
1.528313
1.520386
1.265642
1.499916
1.379983
1.575737
1.390509
1.378297
1.412857
1.454789
1.478742
1.417349
1.345814
1.297040
1.270425
1.478528
1.505839
1.615867
1.535823
1.448689
1.475975
1.530128
1.234876
1.533829
1.463518
1.336870
1.373034
1.952141
1.634982
1.437440
1.380333
1.391397
1.390314
1.413963
1.353125
1.524770
1.354435
1.824977
1.478317
1.599441
1.333147
1.539052
1.445325
1.495439
1.223014
1.456294
1.358672
1.454112
1.445209
1.432479
1.274740
1.350588
1.511274
1.452666
1.464507
1.429892
1.414963
1.344470
1.331832
1.304842
1.526456
1.688417
1.458836
1.470860
1.577209
1.417925
1.404372
1.422221
1.465804
2.464233
1.599219
1.527503
1.494461
1.406706
1.473691
1.337233
1.507666
1.455054
1.432898
1.463238
1.438323
1.325609
1.368537
1.493335
1.425527
1.542798
1.538871
1.505205
1.517501
1.385038
1.410594
1.477654
1.413017
1.675547
1.541646
1.450398
1.268316
1.391798
1.539323
1.304829
1.334394
1.245690
1.240864
1.484455
1.551438
1.347033
1.555048
1.569045
1.568293
1.527847
1.488213
1.453772
1.556940
1.612014
1.447691
1.337100
1.278019
1.566250
1.405805
1.483744
1.362548
1.406553
1.384310
1.649301
1.369865
1.559591
1.441090
1.291883
1.446837
1.339891
1.345445
1.480291
1.354660
1.410089
1.365638
1.277548
1.506253
1.548334
1.487830
1.549468
1.415272
1.489603
1.330367
1.373906
1.368247
1.440284
1.477600
1.571045
1.529017
1.423567
1.576448
1.308655
1.523140
1.993531
1.500911
1.498289
1.611670
1.592488
1.362530
1.276378
1.588232
1.444782
1.608703
1.285572
1.346623
1.515659
1.496664
1.371140
1.753920
1.417481
1.660946
1.470456
1.328200
1.410211
1.336897
1.447733
1.328184
1.490375
1.602710
1.193998
1.483960
1.392052
1.415231
1.604652
1.375299
1.424410
1.342595
1.482370
1.411599
1.367216
1.388728
1.436111
1.246861
1.312858
1.426998
1.170202
1.545694
1.366482
1.396198
1.457322
1.710389
1.447940
1.249130
1.377581
1.479651
1.321557
1.347413
1.535789
1.522737
1.383309
1.454565
1.597738
1.431521
1.553706
1.492912
1.289440
1.380677
1.391779
1.562959
1.295960
1.353314
1.449256
1.459893
1.570658
1.365222
1.467040
1.613837
1.293420
1.356341
1.365059
1.507118
1.487829
1.477596
1.400270
1.369360
1.579890
1.520118
1.459335
1.369234
1.289726
1.306615
1.266026
1.507607
1.619202
1.476537
1.420057
1.496435
1.274944
1.210537
1.445831
1.361349
1.460269
1.512014
1.514266
1.506807
1.466582
1.308610
1.244344
1.397452
1.727113
1.678678
1.472931
1.647186
1.414685
1.444902
1.479315
1.452410
1.444840
1.400336
1.266056
1.597640
1.425453
1.464438
1.463737
1.539242
1.543205
1.451093
1.316344
1.308665
1.076930
1.388065
1.484847
1.412225
1.624955
1.278979
1.376579
1.538311
1.262286
1.348836
1.450265
1.390756
1.330478
1.473066
1.476017
1.380799
1.655382
1.472801
1.311797
1.713289
1.481833
1.403790
1.337469
1.563321
1.295503
1.518057
1.336260
1.514662
1.643721
1.416121
1.393544
1.456989
1.357303
1.423248
1.442955
1.463535
1.377142
1.294506
1.574406
1.439218
1.436535
1.419668
2.597466
1.459669
1.341842
1.497282
1.432320
1.513682
1.419060
1.539231
1.234974
1.322901
1.561129
1.467815
1.476928
1.472234
1.360993
1.568628
1.556210
1.359886
1.357775
1.253022
1.318249
1.563801
1.335297
1.467817
1.396829
1.497791
1.301878
1.525271
1.362953
1.647497
1.683933
1.557156
1.574727
1.311444
1.340196
1.360719
1.667353
1.411278
1.640696
1.183563
1.544989
1.341065
2.504944
1.441157
1.277801
1.464428
1.538830
1.439410
1.245788
1.514675
1.457688
1.638947
1.285684
1.354417
1.533417
1.374117
1.434840
1.536192
1.637515
1.462573
1.312347
1.456326
1.309403
1.543782
1.535325
1.308426
1.221965
1.547781
1.541230
1.359911
1.231861
1.362457
1.513773
1.497456
1.310805
1.528740
1.480773
1.434557
1.587193
1.562714
1.707584
1.272814
1.499824
1.473648
1.387795
1.599486
1.444781
1.445502
1.386996
1.502923
1.512222
1.213917
1.247451
1.349267
1.517747
1.453831
1.455253
1.452960
1.620896
1.346179
1.483359
1.371135
1.427719
1.497342
1.507139
1.516600
1.529204
1.322570
1.506225
1.283130
1.571916
1.494701
1.330658
1.622763
1.521051
1.297320
1.424024
1.468784
1.264471
1.453303
1.444238
1.147638
1.505818
1.251956
1.487352
1.444704
1.148281
1.338161
1.359069
1.500119
1.685444
1.463605
1.429610
1.340647
1.482751
1.394299
1.606904
1.395119
1.557103
1.755105
1.721553
1.375739
1.265258
1.634218
1.410433
1.447740
1.403184
1.578726
1.458864
1.503194
1.542708
1.211035
1.228673
1.486395
1.243331
1.396754
1.403760
1.519031
1.565528
1.368596
1.361517
1.316949
1.598145
1.350289
1.564466
1.436576
1.149356
1.335818
1.952636
1.694682
1.716867
1.575823
1.490796
1.599545
1.374134
1.589973
1.240323
1.323636
1.418060
1.452631
1.294246
1.518996
1.504496
1.367929
1.306428
1.235972
1.504473
1.721884
1.401305
1.669753
1.455724
1.492973
1.346188
1.379661
1.361208
1.482745
1.373604
1.311776
1.360618
1.432644
1.406755
1.399823
1.398539
1.568044
1.267174
1.495761
1.290717
1.305460
1.338091
1.552250
1.588615
1.390071
1.525171
1.521561
1.417352
1.411752
1.210787
1.449667
1.421634
1.439417
1.468340
1.278718
1.423807
1.584220
1.234313
1.304152
1.751662
1.456715
1.496050
1.391597
1.330349
1.426519
1.557342
1.605307
1.351597
1.337206
1.347134
1.380321
1.353745
1.376556
1.602771
1.292828
1.473793
1.457787
1.666137
1.375695
1.485936
1.382185
1.565494
1.415153
1.525695
1.495568
1.449617
1.427233
1.457052
1.534233
1.364139
1.470393
1.635668
1.394238
1.418729
1.253460
1.464832
1.493271
1.456018
1.506535
1.393728
1.496459
1.517784
1.423512
1.559759
1.200797
1.461040
1.332730
1.287801
1.314372
1.266056
1.475103
1.521284
1.447787
1.390606
1.472503
1.421017
1.334612
1.390972
1.349193
1.561516
1.357392
1.557921
1.486837
1.509672
1.493641
1.247128
1.407155
1.611830
1.175054
1.391794
1.416275
1.476590
1.367908
1.473408
1.413130
1.435972
1.523212
1.491773
1.433072
1.637070
1.471135
1.375369
1.283828
1.512608
1.532429
1.580810
1.388674
1.381575
1.471077
1.482829
1.590156
1.522325
1.406310
1.332085
1.364802
1.435820
1.368917
1.217441
1.283172
1.491078
1.500177
1.372788
1.654563
1.430960
1.461555
1.511933
1.400610
1.376410
1.436934
1.648283
1.471293
1.531872
1.229073
1.403975
1.305631
1.358525
1.305222
1.594728
1.519132
1.529641
1.390994
1.613676
1.439644
1.362423
1.472131
1.256577
1.442168
1.404024
1.419141
1.598202
1.315464
1.324174
1.317739
1.583646
1.393690
1.436861
1.331178
1.353330
1.579653
1.336023
1.364841
1.229233
1.450364
1.407307
1.489560
1.420431
1.455904
1.547807
1.355246
1.408906
1.370625
1.414324
1.254391
1.353419
1.443120
1.399637
1.421052
1.557886
1.450579
1.590503
1.195619
1.426119
1.550748
1.483038
1.278407
1.441858
1.301596
1.318324
1.486983
1.318004
1.586489
1.364779
1.466491
1.313057
1.292474
1.554193
1.509157
1.365703
1.389529
1.501806
1.544059
1.645034
1.466853
1.706502
1.481194
1.361477
1.274535
1.654111
1.278086
1.301698
1.516234
1.498199
1.346137
1.993944
1.453480
1.249431
1.552467
1.358881
1.544586
1.420654
1.737391
1.442487
1.412218
1.175514
1.296632
1.409272
1.255274
1.366637
1.569833
1.417512
1.426924
1.472607
1.581911
1.487564
1.546604
1.528518
1.406257
1.377455
1.557165
1.361506
1.310868
1.466539
1.456554
1.432850
1.288892
1.484487
1.538522
1.553746
1.327492
1.461960
1.454968
1.317612
1.404457
1.421589
1.339734
1.835595
1.363558
1.332145
1.294327
1.569170
1.369234
1.497042
1.271102
1.241605
1.344925
1.418182
1.484728
1.449401
1.462969
1.550486
1.275173
1.425209
1.275944
1.446032
1.445696
1.343482
1.488399
1.563568
1.527431
1.396247
1.551386
1.470715
1.445141
1.469066
1.514344
1.539675
1.517473
1.387550
1.314237
1.322256
1.465356
1.429629
1.321456
1.562624
1.537433
1.396621
1.562056
2.973458
1.448535
1.486761
1.665237
1.262203
1.346421
1.457465
1.355678
1.499079
1.496223
1.272144
1.675526
1.560011
1.619396
1.410794
1.345600
1.423840
1.219558
1.497618
1.569735
1.309407
1.462059
1.487115
1.562127
1.403045
1.598224
1.245942
1.399520
1.426803
1.518342
1.274922
1.438450
1.847571
1.400434
1.276363
1.478595
1.436064
1.593758
1.476328
1.331920
1.235314
1.257199
1.035031
1.481029
1.568380
1.212595
1.527218
1.639891
1.638278
1.443817
1.449364
1.483105
1.484303
1.329601
1.493340
1.490474
1.344991
1.461246
1.338814
1.346815
1.404267
1.363544
1.449934
1.456613
1.424343
1.438531
1.477780
1.336251
1.266661
1.430240
1.432695
1.431962
1.276344
1.359167
1.272421
1.401957
1.290095
1.383266
1.604262
1.546456
1.529151
1.286009
1.519534
1.424149
1.497262
1.382025
1.412125
1.437047
1.704071
1.491720
1.358983
1.278737
1.388332
1.495696
1.375194
1.699640
1.433272
1.318789
1.333381
1.329520
1.432318
1.471900
1.444154
1.472054
1.443541
1.315465
1.473719
1.413713
1.387636
1.284641
1.557717
1.448779
1.550750
1.267534
1.406699
1.321099
1.474400
1.267587
1.294832
1.533741
1.491437
1.222383
1.391918
1.451385
1.524227
1.565504
1.420428
1.332156
1.611300
1.415410
1.671742
1.369465
1.588773
1.416682
1.569796
1.448360
1.344204
1.636408
1.287446
1.410617
1.488654
1.331786
1.431857
1.392891
1.340510
1.557362
1.234356
1.195024
1.513713
1.583697
1.366871
1.361729
1.499079
1.229876
1.560078
1.614160
1.568191
1.467834
1.391529
1.509317
1.239245
1.352013
1.341637
1.415836
1.472559
1.288577
1.514169
1.539212
1.492839
1.335537
1.493082
1.347735
1.464720
1.276298
1.293718
1.463457
1.257379
1.307834
1.320533
1.643961
1.403255
1.334661
1.758051
1.570600
1.570509
1.469998
1.481126
1.353816
1.628337
1.635488
1.272123
1.377050
1.506526
1.326469
1.478652
1.403939
1.394032
1.458937
1.453332
1.310670
1.474720
1.527717
1.547782
1.382972
1.631274
1.315670
1.511485
1.439313
1.414288
1.308860
1.044578
1.331477
1.393721
1.587122
1.400681
1.586268
1.303715
1.454748
1.280062
1.421471
1.572157
1.397547
1.327982
1.391783
1.504768
1.573954
1.411690
1.408908
1.398156
1.461649
1.564061
1.455481
1.287449
1.566090
1.517861
1.213534
1.408098
1.364666
1.249529
1.140102
1.457572
1.586161
1.542734
1.474617
1.528506
1.539661
1.482264
1.359508
1.492157
1.432097
1.361270
1.373776
1.971708
1.345214
1.293095
1.300808
1.343715
1.426403
1.273410
1.402641
1.570644
1.325509
1.273542
1.429156
1.647331
1.664678
1.401948
1.567372
1.404453
1.527133
1.320514
1.402070
1.477766
1.459992
1.413765
1.293583
1.449049
1.427484
1.559458
1.409824
1.389162
1.302933
1.474728
1.332891
1.253784
1.554850
1.216457
1.476129
1.442921
1.336623
1.448400
1.242217
1.213699
1.537423
1.673030
1.371671
1.523677
1.461866
1.476129
1.254396
1.537145
1.387538
1.315396
1.561214
1.432014
1.388278
1.341158
1.490405
1.311363
1.457379
1.572639
1.632673
1.490336
1.556119
1.325917
1.506778
1.535830
1.386427
1.126437
1.411673
1.552010
1.436391
1.435274
1.336027
1.354083
1.337547
1.299850
1.424011
1.337479
1.552259
1.530286
1.338247
1.607316
1.353260
1.322875
1.367047
1.168490
1.421650
1.635186
1.408013
1.461464
1.416821
1.415933
1.392187
1.412977
1.550030
1.461421
1.260809
1.299297
1.460322
1.498757
1.415715
1.246109
1.568226
1.652419
1.452919
1.595472
1.411220
1.447544
1.348724
1.406579
1.374547
1.300699
1.074182
1.492286
1.476461
1.510328
1.530488
1.503590
1.334508
1.414828
1.339433
1.400223
1.304434
1.561153
1.391603
1.578514
1.450035
1.131399
1.590965
1.259799
1.346216
1.533423
1.527482
1.516007
1.569145
1.398668
1.536878
1.298852
1.444392
1.267992
1.297836
1.376506
1.286111
1.544735
1.576712
1.270951
1.652307
1.458755
1.215280
1.445464
1.603143
1.470677
1.260471
1.475011
1.441204
1.389755
1.510939
1.501163
1.530888
1.484283
1.229660
1.364616
1.405131
1.380093
1.431212
1.398766
1.376294
1.265747
1.429239
1.524854
1.376574
1.265296
1.303271
1.413436
1.336516
1.511965
1.297525
1.460465
1.672515
1.392213
1.382115
1.398397
1.305262
1.380095
1.565745
1.427273
1.330557
1.455352
1.331530
1.300267
1.470032
1.199860
1.296628
1.481577
1.511979
1.294755
1.384715
1.327889
1.365723
1.502310
1.370453
1.424873
1.441855
1.474560
1.407749
1.515685
1.372873
1.568601
1.445225
1.469011
1.457198
1.611470
1.302047
1.488550
1.273283
1.515697
1.412206
1.431307
1.348989
1.444413
1.517990
1.662537
1.441214
1.229769
1.413768
1.576544
1.493852
1.291210
1.453524
1.300684
1.478679
1.343297
1.361993
1.417816
1.286602
1.311519
1.371966
1.397239
1.340906
1.577924
1.354500
1.483179
1.525636
1.447931
1.597112
1.554332
1.317681
1.266756
1.477852
1.604172
1.350576
1.537065
1.550166
1.865177
1.462600
1.413287
1.521222
1.350579
1.274669
1.320494
1.574470
1.343747
1.330755
1.294959
1.500998
1.297718
1.441619
1.390005
1.405336
1.572638
1.445977
1.393601
1.534606
1.499626
1.385265
1.316797
1.509181
1.347323
1.455369
1.440409
1.280172
1.255270
1.337613
1.375599
1.520032
1.398960
1.446918
1.436385
1.609686
1.572376
1.458435
1.427926
1.408034
1.429327
1.575917
1.280473
1.431851
1.451348
1.219898
1.343477
1.397014
1.407547
1.404403
1.495374
1.110250
1.528256
1.536375
1.391614
1.510617
1.355001
1.519963
1.295408
1.643054
1.349557
1.619610
1.517628
1.364761
1.437196
1.641363
1.525924
1.245386
1.463720
1.412827
1.434999
1.139038
1.479729
1.509125
1.330748
1.316656
1.229459
1.311804
1.658744
1.567529
1.477016
1.369139
1.429389
1.412475
2.608769
1.495077
1.433658
1.350957
1.281333
1.524049
1.494164
1.375643
1.519071
1.541462
1.267872
1.479428
1.480568
1.486229
1.281246
1.195915
1.471814
1.451610
1.230355
1.297632
1.519935
1.787645
1.436228
1.312285
1.354539
1.589502
1.337373
1.553708
1.393791
1.378104
1.261679
1.533604
1.654786
1.235136
1.404941
1.486758
1.316739
1.491436
1.505217
1.522052
1.427671
1.307244
1.617743
1.417256
1.393999
1.374686
1.114815
1.424391
1.562424
1.590086
1.407205
1.544141
1.375310
1.483520
1.267618
1.751846
1.371453
1.337560
1.488004
1.333142
1.433494
1.409759
1.593061
1.393148
1.346125
1.542814
1.563700
1.276326
1.545956
1.403081
1.481033
1.277768
1.408442
1.233448
1.425552
1.282179
1.412212
1.415159
1.393023
1.334219
1.435192
1.340576
1.448873
1.471930
1.493727
1.174677
1.527237
1.355133
1.615896
1.491206
1.377612
1.465343
1.422505
1.343080
1.398765
1.565917
1.607023
1.438674
1.434528
1.409934
1.366419
1.360676
1.422667
1.568110
1.332266
1.459455
1.497204
1.586789
1.252495
1.262528
1.372034
1.435389
1.516787
1.430115
1.299487
1.551399
1.451186
1.477340
1.366766
1.647871
1.345438
1.395757
1.322072
1.351535
1.213758
1.554480
2.638258
1.395327
1.623321
1.353081
1.348739
1.384889
1.193896
1.583234
1.352533
1.464629
1.447939
1.482118
1.430113
1.407369
1.402333
1.242582
1.395661
1.431622
1.393169
1.348382
1.417172
1.508624
1.461329
1.459092
1.426520
1.540830
1.490421
1.258902
1.254024
1.599527
1.211785
1.517724
1.595133
1.450639
1.327257
1.337149
1.438287
1.435332
1.500310
1.327343
1.311034
1.456601
1.999290
1.378682
1.310633
1.524977
1.469201
1.407454
1.593543
1.334102
1.359393
1.366176
1.249054
1.282248
1.618362
1.364205
1.419845
1.425410
1.508126
1.415750
1.387506
1.363148
1.460346
1.517681
1.544711
1.504419
1.304133
1.414292
1.308528
1.473845
1.362929
1.624591
1.342217
1.358634
1.473131
1.462865
1.522736
1.432193
1.434465
1.380222
1.505418
1.314593
1.417358
1.536640
1.711051
1.633081
1.439258
1.471105
1.349121
1.451476
1.305072
1.549919
1.326119
1.516823
1.336239
1.302782
1.490554
1.353057
1.370634
1.392357
1.249328
1.446090
1.376882
1.310488
1.308179
1.589209
1.406379
1.446776
1.637060
1.347476
1.546205
1.532284
1.499334
1.435913
1.596282
1.484802
1.357614
1.231930
1.591668
1.388883
1.307468
1.449569
1.157417
1.349734
1.368983
1.412886
0.942292
1.491166
1.490928
1.280907
1.469111
1.520204
1.330063
1.396395
1.349029
1.191393
1.301169
1.624329
1.267863
1.336033
1.513778
1.153260
1.325797
1.664572
1.501414
1.371396
1.334463
1.599653
1.498805
1.285609
1.582371
1.571361
1.461872
1.354417
1.373709
1.200227
1.465346
1.383451
1.545262
1.413844
1.489423
1.326748
1.273690
1.405585
1.376693
1.631209
1.550100
1.504684
1.441540
1.480288
1.365060
1.590315
1.542596
1.585573
1.186934
1.255365
1.386798
1.314724
1.321838
1.372960
1.557374
1.321843
1.453720
1.313450
1.437664
1.363628
1.555668
1.299735
1.386075
1.334192
1.363611
1.440076
1.299325
1.406461
1.459618
1.328887
1.571110
1.305335
1.580407
1.314219
1.440566
1.420504
1.429843
1.626731
1.387366
1.376472
1.411494
1.377020
1.781084
1.618700
1.740256
1.621810
1.586542
1.487598
1.606341
1.644857
1.254246
1.203476
1.536007
1.511557
1.560988
1.272428
1.566014
1.216146
1.331442
1.255094
1.317057
1.697108
1.629369
1.454827
1.420534
1.453027
1.377452
1.296619
1.481595
1.317064
1.322428
1.418309
1.433757
1.445614
1.436409
1.348021
1.378273
1.387422
1.316116
1.456571
1.491313
1.382694
1.266070
1.296821
1.431513
1.494363
1.472674
1.405249
1.201548
1.428407
1.343868
1.329138
1.403700
1.277926
1.463655
1.431845
1.505740
1.296555
1.344940
1.427711
1.542585
1.495007
1.489633
1.254786
1.547055
1.389216
1.385419
1.447113
1.376938
1.340298
1.590565
1.262146
1.575185
1.467496
1.365967
1.482700
1.503057
1.403575
1.489376
1.452834
1.429674
1.432269
1.708439
1.662187
1.296265
1.329156
1.271549
1.424729
1.343257
1.352641
1.470441
1.709491
1.557501
1.415445
1.296179
1.421255
1.504367
1.555150
1.334223
1.467132
1.398017
1.553231
1.321582
1.363799
1.460076
1.399114
1.473087
1.437630
1.470108
1.390141
1.398876
1.217821
1.448646
1.514405
1.622497
1.415136
1.296006
1.217337
1.479941
1.417942
1.410360
1.401156
1.387941
1.225416
1.346616
1.328189
1.390448
1.331221
1.707596
1.384635
1.428971
1.348556
1.617932
1.365588
1.366189
1.525008
1.415154
1.404998
1.263011
1.375875
1.305928
1.495825
1.607892
1.420345
1.382109
1.646460
1.579982
1.299107
1.457880
1.379197
1.172408
1.483122
1.397290
1.557471
1.453084
1.480296
1.561857
1.532392
1.591122
1.569826
1.317203
1.357884
1.355826
1.545348
1.396941
1.309510
1.401969
1.211643
1.383667
1.362884
1.331307
1.350272
0.989065
1.343961
1.456398
1.299683
1.371186
1.418794
1.298540
1.748484
1.271766
1.489570
1.591479
1.371559
1.455413
1.309398
1.605168
1.487947
1.468207
1.481686
1.583397
1.472133
1.539113
1.552240
1.331813
1.330744
1.434113
1.357018
1.382879
1.305027
1.143707
1.429190
1.433696
1.528959
1.112884
1.471392
1.423205
1.320001
1.452560
1.620444
1.592329
1.408643
1.557567
1.382119
2.008133
1.254509
1.593152
1.359508
1.452754
1.643646
1.475378
1.299915
1.560816
1.620733
1.385608
1.546360
1.282351
1.381133
1.316662
1.391080
1.273198
1.272092
1.344975
1.440873
1.359792
1.450123
1.341320
1.368445
1.427431
1.185891
1.284301
1.407186
1.493915
1.398518
1.426703
1.444373
1.239177
1.230435
1.394495
1.294729
1.456897
1.481240
1.302944
1.428568
1.501469
1.549459
1.707916
1.333995
1.367699
1.458859
1.283180
1.519961
1.390376
1.336202
1.345917
1.354671
1.208286
1.407598
1.790439
1.269192
1.565407
1.529048
1.593238
1.303201
1.565698
1.251566
1.268162
1.485211
1.344064
1.271355
1.325444
1.406628
1.541012
1.318363
1.300127
1.518166
1.423453
1.419566
1.482794
1.258745
1.263541
1.588260
1.393070
1.328449
1.308210
1.240830
1.711431
1.691245
1.703913
1.444392
1.424195
1.386732
1.521837
1.395425
1.474314
1.602155
1.405004
1.530328
1.295703
1.422456
1.489141
1.269351
1.445935
1.471650
1.428367
1.245842
1.342562
1.536941
1.339078
1.286664
1.569485
1.689611
1.193174
1.282889
1.377121
1.409499
1.408759
1.185918
1.238496
1.551122
1.296685
1.326746
1.389315
1.445663
1.373992
1.416799
1.401903
1.456460
1.498174
1.313854
2.370467
1.336722
1.352168
1.219035
1.618872
1.302832
1.333730
1.500268
1.409569
1.432659
1.560370
1.600495
1.497964
1.413815
1.311242
1.414861
1.583736
1.353987
1.378204
1.510076
1.399334
1.426313
1.405431
1.362979
1.365219
1.446129
1.330802
1.513752
1.431275
1.301873
1.385782
1.333071
1.466928
1.296059
1.404751
1.429841
1.542933
1.323360
1.421769
1.422762
1.459514
1.339810
1.266073
1.346020
1.339649
1.292663
1.454874
1.237963
1.296620
1.391722
1.624333
1.625836
1.481151
1.212134
1.401885
1.416702
1.394035
1.383873
1.371032
1.527579
1.399692
1.387568
1.562107
1.453455
1.637845
1.477871
1.463543
1.489847
1.247126
1.324030
1.528916
1.448394
1.298671
1.457291
1.362462
1.401632
1.334673
1.485747
1.430902
1.241381
1.477671
1.651721
1.248556
1.387290
1.404140
1.281526
1.340358
1.590382
1.704856
1.276764
1.348838
1.381969
1.576446
1.498338
1.457571
1.293341
1.321692
1.337795
1.355307
1.423698
1.359468
1.271031
1.562912
1.431262
1.622279
1.520177
1.498971
1.288650
1.462270
1.355113
1.438966
1.428344
1.511293
1.424144
1.218841
1.383933
1.325982
1.440015
1.472321
1.397605
1.229824
1.320727
1.396928
1.301814
1.625746
1.535907
1.183337
1.403717
1.242363
1.407773
1.391472
1.228452
1.470240
1.467104
1.348716
1.344922
1.548032
1.367809
1.490293
1.361546
1.337166
1.569255
1.258400
1.282096
1.338408
1.527258
1.436346
1.457837
1.230139
1.602743
1.653741
1.351863
1.221827
1.241681
1.362778
1.468344
1.225540
1.669515
1.305559
1.492869
1.379807
1.522533
1.633510
1.446938
1.392069
1.393744
1.381693
1.383515
1.140547
1.316864
1.523969
1.502400
1.408621
1.336222
1.352135
1.241316
1.537276
1.492317
1.286977
1.428918
