2.489259
2.239370
2.179872
1.340741
1.405334
1.619379
1.346614
1.395880
1.036038
1.527121
1.262069
0.829643
0.848548
1.293142
0.716487
1.018726
0.741206
0.740134
0.658890
0.277808
0.475423
0.303770
0.356440
0.602657
0.609774
0.665860
0.319747
0.474934
0.432165
0.414103
0.187376
0.246828
0.199734
0.618380
0.466395
0.284362
0.178673
0.413323
0.396782
0.422703
0.517250
0.304307
0.557790
0.272027
0.297861
0.588511
0.371793
0.218985
0.292501
0.315532
0.293316
0.150387
0.103896
0.324315
0.221505
0.303151
0.367864
0.250758
0.577661
0.724154
0.397088
0.327741
0.364697
0.226869
0.090000
0.211761
0.255032
0.108179
0.056350
0.184126
0.264438
0.532856
0.291397
0.302731
0.240438
0.049413
0.225190
0.142764
0.170512
0.076942
0.241909
0.240398
0.066498
0.207263
0.504790
0.110259
0.127864
0.248802
0.127949
0.050335
0.293253
0.205470
0.216677
0.134015
0.439083
0.088748
0.298826
0.229137
0.111691
0.248700
0.082298
0.202523
0.182374
0.101129
0.159241
0.281334
0.114136
0.131460
0.108639
0.222240
0.182329
0.065358
0.274810
0.241588
0.100437
0.129316
0.254740
0.136799
0.469546
0.211988
0.148240
0.209953
0.120917
0.133009
0.146045
0.411386
0.228917
0.113742
0.096541
0.106740
0.184407
0.045192
0.527550
0.207549
0.120378
0.079319
0.369267
0.061648
0.215963
0.155023
0.191863
0.124980
0.080055
0.389240
0.400382
0.191152
0.450381
0.098011
0.089510
0.178086
0.311713
0.188264
0.135635
0.056299
0.307358
0.034181
0.228347
0.106168
0.074492
0.140700
0.257451
0.168183
0.185606
0.115215
0.223003
0.088112
0.054541
0.262484
0.063843
0.076508
0.079205
0.034795
0.056693
0.156851
0.321645
0.065152
0.116818
0.124308
0.142088
0.058331
0.100213
0.087790
0.097164
0.098521
0.355851
0.218054
0.427514
0.243179
0.120964
0.145638
0.148056
0.090136
0.058916
0.268178
0.081410
0.240693
0.136421
0.183456
0.399622
0.280511
0.062379
0.464432
0.148235
0.048512
0.167023
0.086005
0.165968
0.049149
0.216107
0.048499
0.533510
0.317744
0.119055
0.247562
0.051688
0.332871
0.130222
0.203140
0.075928
0.075149
0.212008
0.065934
0.135860
0.236376
0.223100
0.055184
0.166311
0.130851
0.261514
0.053607
0.066022
0.032360
0.057415
0.236074
0.054621
0.087700
0.074070
0.102840
0.028216
0.293692
0.112337
0.083518
0.188279
0.075169
0.167995
0.016731
0.081282
0.278667
0.300082
0.054628
0.122641
0.136834
0.180365
0.217768
0.116102
0.088779
0.145736
0.093460
0.049795
0.081424
0.169958
0.036742
0.068980
0.044811
0.188682
0.076424
0.086724
0.264000
0.108288
0.356430
0.237292
0.322189
0.040200
0.181592
0.093735
0.118430
0.254608
0.036917
0.183197
0.122165
0.208420
0.300096
0.099821
0.027590
0.103810
0.093799
0.065952
0.299720
0.015681
0.313618
0.097406
0.106750
0.496848
0.146867
0.183232
0.208741
0.114388
0.052476
0.059754
0.095821
0.037370
0.254104
0.132261
0.161714
0.106320
0.126312
0.065517
0.215703
0.154129
0.070944
0.038253
0.142639
0.042805
0.110543
0.064527
0.127019
0.133326
0.126364
0.048831
0.150285
0.248921
0.173060
0.199453
0.179315
0.110948
0.031374
0.158047
0.163134
0.238920
0.028362
0.316026
0.119849
0.114337
0.103912
0.245085
0.060717
0.016257
0.034354
0.230958
0.137297
0.053795
0.042464
0.266232
0.197895
0.200984
0.027538
0.180074
0.212841
0.057359
0.035231
0.039811
0.283782
0.117369
0.174347
0.159558
0.127631
0.020472
0.156769
0.112499
0.027857
0.191469
0.110034
0.133240
0.037497
0.071816
0.209933
0.170887
0.101635
0.181190
0.127426
0.052220
0.225634
0.034211
0.095329
0.015916
0.033143
0.140627
0.221849
0.203992
0.139975
0.097657
0.040494
0.092907
0.129236
0.215421
0.097318
0.133160
0.037767
0.327443
0.187004
0.225592
0.167872
0.084187
0.211365
0.070182
0.073267
0.054452
0.033135
0.174833
0.290652
0.035110
0.155862
0.077048
0.152290
0.107298
0.268875
0.247166
0.220188
0.234135
0.091050
0.027192
0.060973
0.299619
0.241839
0.038417
0.167983
0.110638
0.084278
0.061556
0.168261
0.339669
0.049622
0.045245
0.027569
0.103427
0.074859
0.276470
0.244196
0.102741
0.187025
0.043336
0.121546
0.053143
0.034223
0.182648
0.220531
0.097969
0.065407
0.047876
0.102830
0.073064
0.124214
0.052221
0.255926
0.252521
0.203476
0.026940
0.225302
0.051748
0.358161
0.078605
0.080086
0.113624
0.031077
0.123519
0.051439
0.057611
0.050696
0.280376
0.030372
0.063953
0.190276
0.076989
0.105014
0.039873
0.236275
0.067716
0.136696
0.024418
0.055205
0.089323
0.147364
0.104246
0.124858
0.151880
0.205453
0.113736
0.061401
0.028952
0.230114
0.067546
0.374985
0.037729
0.191202
0.097880
0.271502
0.099412
0.241712
0.092224
0.357611
0.012892
0.042487
0.581410
0.123515
0.202928
0.058212
0.264170
0.047448
0.193399
0.030677
0.085485
0.051531
0.041844
0.208878
0.096260
0.114827
0.046444
0.177273
0.107219
0.214566
0.205506
0.078143
0.286284
0.038986
0.217508
0.172256
0.198224
0.043796
0.260007
0.207407
0.104733
0.197959
0.028893
0.040896
0.341331
0.214431
0.020369
0.076647
0.056984
0.119570
0.098699
0.036559
0.208332
0.040814
0.094509
0.223942
0.099649
0.053025
0.062642
0.044768
0.249155
0.090591
0.155108
0.089553
0.058226
0.265525
0.045496
0.141227
0.038571
0.231407
0.015043
0.043337
0.108261
0.212177
0.296571
0.050171
0.048544
0.029985
0.031711
0.131224
0.016242
0.058726
0.096312
0.102923
0.261236
0.075916
0.124385
0.057093
0.036762
0.077360
0.231990
0.049630
0.017359
0.194113
0.183300
0.062220
0.074501
0.081835
0.207015
0.075301
0.026808
0.090422
0.179504
0.173643
0.128101
0.054875
0.066816
0.062324
0.257154
0.084411
0.019553
0.154376
0.105112
0.196033
0.165777
0.035587
0.168304
0.170035
0.060669
0.088182
0.148063
0.056614
0.097226
0.084525
0.184306
0.021448
0.021335
0.119324
0.042934
0.051161
0.062452
0.153836
0.145377
0.199837
0.138243
0.052145
0.184237
0.005336
0.127792
0.014276
0.013272
0.077933
0.061424
0.099956
0.128694
0.026912
0.153853
0.029557
0.269730
0.042818
0.028871
0.256921
0.010304
0.128613
0.083898
0.059034
0.102815
0.044361
0.035305
0.110854
0.341136
0.046113
0.050197
0.102100
0.115247
0.158018
0.290680
0.028881
0.078981
0.086197
0.081921
0.029656
0.070188
0.092794
0.023635
0.007518
0.124759
0.262604
0.031302
0.058806
0.081774
0.061425
0.048663
0.153036
0.077212
0.150559
0.014486
0.202313
0.079126
0.112907
0.378410
0.108166
0.118912
0.015478
0.145009
0.123515
0.044796
0.093919
0.094915
0.263385
0.036964
0.009391
0.165611
0.087552
0.130375
0.305405
0.066217
0.025533
0.321686
0.145948
0.217309
0.230629
0.073103
0.093886
0.023013
0.051410
0.286378
0.113609
0.055064
0.162376
0.042371
0.115048
0.036739
0.038543
0.109308
0.102403
0.025197
0.246176
0.037840
0.231034
0.280650
0.219693
0.055526
0.105941
0.115750
0.060526
0.155750
0.020898
0.174702
0.075977
0.016263
0.081885
0.212128
0.213185
0.176029
0.134769
0.163923
0.077458
0.108558
0.241716
0.066948
0.192735
0.266261
0.113998
0.010066
0.174966
0.097295
0.043175
0.141029
0.027766
0.071353
0.246089
0.213400
0.070026
0.083262
0.056956
0.280925
0.200079
0.104398
0.116899
0.062016
0.042144
0.130184
0.177089
0.177442
0.097248
0.040284
0.123239
0.091271
0.297644
0.332266
0.090746
0.104342
0.167115
0.187747
0.058539
0.121365
0.104287
0.055327
0.121735
0.023337
0.110828
0.096401
0.209055
0.196403
0.019681
0.185899
0.169265
0.059807
0.028306
0.107795
0.034582
0.147382
0.127043
0.037677
0.240230
0.281198
0.080488
0.048056
0.348850
0.039797
0.036283
0.051355
0.236031
0.242466
0.043895
0.112445
0.018959
0.131850
0.374448
0.051841
0.043978
0.087340
0.059744
0.246058
0.086625
0.317451
0.023197
0.168862
0.068292
0.020175
0.078251
0.026790
0.164894
0.233119
0.072756
0.098814
0.094419
0.082886
0.025360
0.024591
0.119896
0.124274
0.073400
0.041326
0.101075
0.050467
0.080374
0.074998
0.045351
0.114787
0.199285
0.092247
0.336581
0.084311
0.077530
0.043754
0.019899
0.170408
0.015343
0.144945
0.076556
0.056672
0.043218
0.099555
0.064136
0.046448
0.077515
0.203793
0.226119
0.178188
0.128748
0.122128
0.103627
0.204908
0.241500
0.032607
0.045587
0.073950
0.038803
0.202093
0.091457
0.107304
0.058594
0.013250
0.078549
0.190678
0.052122
0.015112
0.089687
0.054445
0.058244
0.129495
0.038118
0.143091
0.033735
0.045497
0.193275
0.060848
0.038397
0.114130
0.022451
0.085450
0.022816
0.161014
0.045024
0.011035
0.006596
0.051376
0.033480
0.138113
0.069755
0.016926
0.069887
0.100562
0.080871
0.074396
0.073723
0.240667
0.198107
0.070772
0.143784
0.163473
0.016735
0.170775
0.254995
0.022769
0.015540
0.036648
0.089819
0.055655
0.120875
0.031790
0.041390
0.132352
0.285329
0.016201
0.089562
0.075898
0.090443
0.174344
0.059536
0.086452
0.125714
0.113096
0.018040
0.203456
0.194477
0.185850
0.059873
0.102835
0.035510
0.067660
0.184672
0.201576
0.064921
0.180084
0.073108
0.195974
0.046551
0.052690
0.090879
0.134625
0.053671
0.089461
0.072089
0.073380
0.076232
0.038500
0.142680
0.062814
0.076718
0.071915
0.073337
0.033229
0.284743
0.177031
0.041414
0.083426
0.113119
0.158114
0.053553
0.135478
0.245580
0.055025
0.024730
0.037668
0.010821
0.124250
0.122749
0.071422
0.099126
0.124696
0.054525
0.161644
0.156358
0.048795
0.292044
0.167007
0.030803
0.010235
0.117621
0.097575
0.235201
0.297951
0.066099
0.013970
0.081470
0.127980
0.031902
0.090064
0.021763
0.047002
0.163555
0.033753
0.021402
0.011268
0.090507
0.089058
0.031684
0.047158
0.028716
0.116787
0.122125
0.008473
0.030404
0.059618
0.057207
0.063632
0.108681
0.172355
0.215192
0.173036
0.046684
0.098218
0.105847
0.029626
0.097695
0.208318
0.035963
0.061067
0.463529
0.036050
0.039951
0.163208
0.096170
0.048138
0.027747
0.081415
0.014845
0.035836
0.047746
0.099893
0.329852
0.044101
0.165464
0.094316
0.058289
0.017648
0.242241
0.036807
0.066048
0.175690
0.160516
0.242304
0.096443
0.025524
0.023909
0.053367
0.054591
0.048143
0.066488
0.017060
0.095598
0.241338
0.205109
0.089648
0.100827
0.092919
0.127525
0.027454
0.057859
0.025245
0.048840
0.066896
0.124737
0.326624
0.090210
0.022197
0.024991
0.094689
0.049116
0.050919
0.119086
0.041603
0.045687
0.031483
0.009979
0.118683
0.042346
0.131119
0.045611
0.048544
0.199840
0.019039
0.075466
0.014249
0.174625
0.187996
0.023191
0.016966
0.222214
0.141538
0.049359
0.110507
0.248973
0.141897
0.073227
0.074540
0.112257
0.167044
0.159416
0.140907
0.179014
0.109748
0.192363
0.043508
0.014267
0.074037
0.010894
0.112749
0.108630
0.020839
0.034354
0.074069
0.079421
0.239109
0.017003
0.029995
0.023058
0.087116
0.020705
0.050983
0.037363
0.009666
0.090172
0.061787
0.054653
0.025344
0.109914
0.187543
0.127007
0.171131
0.021419
0.026385
0.045027
0.093605
0.083094
0.139878
0.026795
0.052918
0.060534
0.037975
0.075253
0.061658
0.134043
0.086970
0.041314
0.014034
0.023104
0.038122
0.099577
0.401519
0.017571
0.151117
0.010725
0.135809
0.123848
0.214504
0.090765
0.040067
0.092511
0.015482
0.170318
0.197922
0.205152
0.035618
0.103080
0.037399
0.065367
0.060817
0.110505
0.329868
0.165330
0.101614
0.055341
0.040831
0.022945
0.054945
0.293965
0.012481
0.067541
0.056502
0.208965
0.018481
0.219142
0.078613
0.043270
0.014838
0.019478
0.027764
0.297971
0.144546
0.044391
0.141906
0.052182
0.044114
0.078752
0.178829
0.054026
0.274903
0.163447
0.148297
0.085673
0.086080
0.209532
0.064656
0.124157
0.188930
0.169526
0.038839
0.335267
0.042634
0.217731
0.039974
0.042690
0.109413
0.074248
0.073573
0.047337
0.137757
0.045689
0.013791
0.116223
0.011793
0.392192
0.087404
0.013420
0.028919
0.316223
0.068331
0.016790
0.054274
0.304301
0.103119
0.119974
0.043703
0.017250
0.031455
0.006667
0.022962
0.076815
0.025901
0.282571
0.031921
0.051388
0.117310
0.115875
0.074193
0.189070
0.133965
0.179756
0.006789
0.173991
0.029063
0.137882
0.054319
0.035301
0.016577
0.015433
0.106255
0.040103
0.097610
0.133550
0.028693
0.026235
0.023752
0.169851
0.105476
0.101149
0.070476
0.115119
0.037761
0.029070
0.024454
0.022799
0.029905
0.082149
0.066286
0.031242
0.087959
0.073488
0.025365
0.099379
0.130913
0.120935
0.041739
0.064357
0.120204
0.068469
0.075605
0.134794
0.065840
0.075298
0.059418
0.020928
0.174022
0.128060
0.062450
0.201440
0.061455
0.096952
0.310551
0.018291
0.031766
0.048821
0.203915
0.124825
0.049037
0.046960
0.081525
0.019389
0.176544
0.176641
0.198337
0.075920
0.086510
0.129297
0.022638
0.027894
0.070556
0.073428
0.068746
0.076349
0.011726
0.016952
0.028854
0.278675
0.208535
0.010596
0.036764
0.006422
0.154232
0.104229
0.126672
0.055653
0.101685
0.081852
0.029351
0.005100
0.050791
0.145031
0.048256
0.014341
0.087941
0.132917
0.068819
0.065042
0.214934
0.067313
0.013835
0.149870
0.073683
0.149401
0.194579
0.038151
0.051377
0.091905
0.050086
0.086498
0.070835
0.014902
0.017755
0.053195
0.037118
0.113204
0.118017
0.025225
0.010506
0.078204
0.050159
0.131903
0.007638
0.014012
0.011373
0.006932
0.119834
0.098131
0.030424
0.175167
0.107905
0.064299
0.008001
0.337948
0.051337
0.204043
0.031170
0.155008
0.066403
0.010789
0.040329
0.151563
0.055150
0.174618
0.055262
0.163910
0.226814
0.179701
0.137284
0.099173
0.183378
0.046764
0.178305
0.209244
0.141168
0.019815
0.123313
0.073615
0.024790
0.153012
0.096721
0.104139
0.069373
0.037169
0.072240
0.015685
0.072018
0.064047
0.030379
0.172347
0.006205
0.062287
0.122865
0.261595
0.011461
0.091294
0.088767
0.059254
0.137153
0.060633
0.028867
0.051393
0.177664
0.021960
0.011918
0.222620
0.294269
0.038496
0.030792
0.074430
0.037467
0.067983
0.055663
0.023261
0.140850
0.026777
0.092245
0.020691
0.130667
0.093372
0.053364
0.042561
0.146839
0.104173
0.101195
0.052562
0.055280
0.067728
0.086428
0.079059
0.045084
0.049179
0.010805
0.039589
0.486526
0.109106
0.060791
0.027632
0.040516
0.041740
0.051043
0.147796
0.018880
0.075762
0.045321
0.036864
0.008410
0.253974
0.108319
0.064405
0.078854
0.054691
0.037830
0.097559
0.113983
0.086450
0.070252
0.281356
0.178521
0.079201
0.055943
0.195925
0.019594
0.180244
0.037996
0.059315
0.047232
0.010608
0.091642
0.045197
0.038922
0.035896
0.038065
0.004524
0.112273
0.019477
0.285946
0.080094
0.098743
0.007182
0.025663
0.087917
0.070154
0.062738
0.032633
0.042375
0.009548
0.002845
0.133658
0.085269
0.225655
0.051647
0.039410
0.064340
0.117760
0.025907
0.056047
0.246681
0.124161
0.015852
0.251814
0.044034
0.012097
0.040527
0.193647
0.023210
0.137066
0.069520
0.057964
0.094023
0.027543
0.155831
0.338287
0.047882
0.098907
0.132868
0.160496
0.017231
0.045401
0.028343
0.171010
0.208692
0.022617
0.023449
0.030279
0.028582
0.045690
0.016398
0.235063
0.276924
0.092748
0.068489
0.035269
0.020418
0.038674
0.138965
0.010904
0.014740
0.029681
0.041335
0.128068
0.030963
0.055284
0.135664
0.449929
0.016972
0.193538
0.013010
0.033381
0.052452
0.031070
0.085612
0.038901
0.015855
0.055741
0.070698
0.015612
0.262033
0.131742
0.045359
0.106324
0.069359
0.096010
0.131236
0.095044
0.195973
0.068464
0.014530
0.018189
0.013490
0.072239
0.070893
0.034900
0.089983
0.026326
0.093273
0.216813
0.061762
0.033821
0.004857
0.173802
0.073909
0.098170
0.053918
0.027449
0.056257
0.122762
0.079245
0.072292
0.131199
0.060525
0.115978
0.037518
0.137930
0.091816
0.049761
0.216651
0.019042
0.030287
0.022141
0.023356
0.080925
0.028939
0.149540
0.037277
0.146915
0.010845
0.160996
0.068037
0.040041
0.090258
0.077433
0.202164
0.257382
0.168448
0.029889
0.017755
0.014384
0.023166
0.054772
0.093009
0.003983
0.105142
0.013473
0.007807
0.062576
0.040747
0.121014
0.039241
0.265844
0.075206
0.028091
0.167931
0.163654
0.031986
0.013710
0.046097
0.024570
0.049548
0.044502
0.132030
0.093298
0.080992
0.005410
0.071377
0.029320
0.097920
0.055166
0.044956
0.026073
0.047343
0.022847
0.059245
0.025329
0.068388
0.010532
0.031143
0.055744
0.282405
0.070047
0.045353
0.060477
0.038978
0.102076
0.083992
0.080840
0.126004
0.039450
0.063988
0.067113
0.016821
0.149750
0.044524
0.024109
0.163113
0.302290
0.046340
0.055461
0.068519
0.150962
0.047471
0.132709
0.047886
0.148769
0.044637
0.004538
0.006591
0.133196
0.028636
0.043793
0.086109
0.262665
0.139524
0.034060
0.461413
0.043849
0.017499
0.298208
0.006421
0.035428
0.061092
0.016820
0.159810
0.010000
0.019795
0.056090
0.126384
0.060071
0.068219
0.008769
0.057942
0.023971
0.019275
0.069086
0.043740
0.077833
0.049297
0.140553
0.015233
0.056862
0.037346
0.056123
0.364515
0.054538
0.014455
0.016822
0.052422
0.015954
0.006349
0.026255
0.252927
0.037757
0.096010
0.045662
0.090253
0.089136
0.148639
0.104657
0.024841
0.076904
0.022201
0.115759
0.015908
0.106658
0.058713
0.177674
0.020047
0.034735
0.139901
0.096757
0.045913
0.017285
0.055986
0.095688
0.221399
0.135411
0.037880
0.010564
0.063126
0.021204
0.091615
0.145895
0.158289
0.035793
0.196493
0.030962
0.029035
0.058463
0.181315
0.112723
0.022968
0.087047
0.006358
0.229534
0.115845
0.004848
0.460691
0.128308
0.037619
0.123260
0.054253
0.029118
0.177808
0.025517
0.070024
0.042255
0.021601
0.024540
0.036663
0.076031
0.111797
0.007585
0.031429
0.216159
0.045723
0.073965
0.039309
0.037353
0.088428
0.024618
0.139227
0.034186
0.017342
0.053510
0.029313
0.146543
0.013552
0.107239
0.058813
0.071574
0.063089
0.105570
0.116144
0.266201
0.228737
0.058894
0.109307
0.018827
0.010291
0.046790
0.060601
0.009714
0.015748
0.053889
0.085568
0.007690
0.036329
0.043768
0.155890
0.066367
0.054277
0.029998
0.010558
0.111076
0.131437
0.258588
0.220210
0.042117
0.124364
0.151894
0.060529
0.082923
0.068517
0.047942
0.040780
0.005758
0.051943
0.018181
0.021418
0.035510
0.070151
0.125535
0.295306
0.099233
0.026046
0.088983
0.049950
0.155111
0.247248
0.187669
0.051098
0.008165
0.135419
0.049568
0.056494
0.015319
0.062282
0.057952
0.048293
0.005005
0.023247
0.113991
0.076411
0.045521
0.137589
0.186200
0.275657
0.086331
0.046543
0.037748
0.050032
0.026017
0.117675
0.029606
0.127598
0.042095
0.031310
0.050530
0.042467
0.126799
0.012727
0.073087
0.009264
0.016811
0.059595
0.023520
0.007861
0.004229
0.059472
0.015303
0.034844
0.136463
0.328846
0.004828
0.068746
0.251537
0.014124
0.014151
0.216683
0.262303
0.109829
0.093885
0.084180
0.081287
0.098284
0.087663
0.006977
0.019541
0.111339
0.076255
0.021289
0.004925
0.069370
0.380628
0.084639
0.114619
0.025053
0.018185
0.037797
0.040225
0.080590
0.041405
0.046654
0.023594
0.084671
0.044416
0.135853
0.025844
0.046209
0.069957
0.098185
0.208671
0.208703
0.045504
0.021727
0.080618
0.077078
0.228331
0.215005
0.081888
0.024403
0.055742
0.046520
0.179576
0.022343
0.044457
0.008708
0.077959
0.022375
0.102087
0.005615
0.029643
0.032191
0.069150
0.165658
0.048118
0.009171
0.016281
0.075917
0.017232
0.061082
0.035504
0.030776
0.105774
0.062188
0.190751
0.088297
0.028122
0.007400
0.056300
0.023354
0.069531
0.015582
0.010207
0.003420
0.041805
0.013192
0.046779
0.005975
0.064237
0.040369
0.011465
0.078427
0.145602
0.008439
0.054610
0.244957
0.020954
0.013591
0.014164
0.028307
0.162317
0.051422
0.035223
0.120088
0.075401
0.047550
0.094000
0.028884
0.120586
0.027577
0.182233
0.026639
0.019844
0.187375
0.038345
0.258723
0.020299
0.029196
0.071002
0.232499
0.008198
0.031887
0.018515
0.010968
0.042090
0.085107
0.010189
0.048987
0.038280
0.088358
0.098643
0.074643
0.180319
0.005412
0.022684
0.072127
0.157689
0.523269
0.064811
0.048947
0.039013
0.108574
0.241098
0.012621
0.057101
0.035873
0.160018
0.051618
0.039160
0.093280
0.038193
0.052109
0.063453
0.070883
0.090006
0.131156
0.043679
0.014393
0.203080
0.050027
0.106862
0.017831
0.340542
0.073409
0.157882
0.007300
0.198205
0.099542
0.011114
0.055216
0.089678
0.025934
0.054040
0.072453
0.020021
0.106058
0.013295
0.046692
0.105758
0.012893
0.192232
0.088476
0.040090
0.188063
0.018753
0.142419
0.075404
0.092819
0.023411
0.116933
0.013297
0.149659
0.058089
0.031264
0.090829
0.026685
0.026688
0.019913
0.047625
0.068929
0.043486
0.008581
0.037484
0.024850
0.150340
0.045580
0.045035
0.090462
0.054808
0.076791
0.036076
0.113462
0.007619
0.258371
0.028988
0.214737
0.019209
0.064750
0.185251
0.014386
0.009548
0.120710
0.041349
0.043171
0.072933
0.030291
0.072323
0.036519
0.052953
0.087596
0.048362
0.005979
0.152209
0.237208
0.142966
0.067251
0.024377
0.003671
0.033262
0.049269
0.006124
0.071385
0.116906
0.015089
0.046253
0.054037
0.019213
0.044384
0.063840
0.073253
0.060128
0.111522
0.060469
0.146149
0.112252
0.043826
0.047570
0.030089
0.116883
0.106108
0.054078
0.156515
0.021061
0.178306
0.013061
0.017973
0.156544
0.025976
0.068445
0.017425
0.012497
0.019152
0.011635
0.139350
0.079722
0.027146
0.055409
0.058731
0.068154
0.040063
0.018049
0.060497
0.095726
0.007802
0.244315
0.015400
0.121698
0.172694
0.059138
0.038132
0.058970
0.083628
0.094373
0.084154
0.039733
0.054809
0.017539
0.079975
0.035110
0.011646
0.068503
0.047353
0.132752
0.153681
0.071250
0.098246
0.022585
0.047460
0.044035
0.008340
0.105744
0.301755
0.041029
0.039354
0.114973
0.216683
0.190825
0.019699
0.096289
0.127636
0.119338
0.011679
0.070368
0.094404
0.085515
0.025922
0.102517
0.016115
0.033961
0.074063
0.025426
0.135851
0.158795
0.004767
0.045258
0.092218
0.011420
0.057370
0.038905
0.070341
0.043490
0.026748
0.030722
0.109774
0.044680
0.027193
0.119840
0.142667
0.014941
0.024277
0.229646
0.014765
0.059241
0.014374
0.055456
0.082517
0.038004
0.147359
0.235143
0.204371
0.013783
0.093689
0.056649
0.005946
0.031929
0.085746
0.076018
0.082276
0.127654
0.032310
0.057673
0.034290
0.002367
0.267570
0.107670
0.087603
0.089477
0.074393
0.013846
0.063973
0.169777
0.078786
0.112751
0.047782
0.014658
0.123991
0.003426
0.073364
0.176137
0.015565
0.121921
0.299970
0.056601
0.059824
0.015952
0.092454
0.025221
0.075409
0.013368
0.018021
0.006785
0.079612
0.129789
0.014538
0.005492
0.031111
0.138217
0.079625
0.035137
0.050994
0.169348
0.316141
0.112001
0.192818
0.013677
0.071377
0.060509
0.006328
0.016162
0.016675
0.032647
0.061615
0.204941
0.043361
0.047524
0.051939
0.050285
0.191068
0.074199
0.060813
0.033227
0.005011
0.140559
0.010500
0.050678
0.051982
0.093756
0.248391
0.101023
0.092620
0.122243
0.021288
0.083957
0.012909
0.016506
0.108152
0.207052
0.205648
0.023057
0.043269
0.047479
0.022155
0.263885
0.030140
0.220748
0.034860
0.021115
0.023528
0.012602
0.032277
0.064344
0.050479
0.006297
0.012433
0.025100
0.009726
0.036491
0.072158
0.026498
0.017353
0.049808
0.083475
0.107288
0.059705
0.013639
0.036863
0.332418
0.015670
0.014387
0.069133
0.048576
0.016311
0.009169
0.014651
0.038867
0.015999
0.058466
0.104222
0.019797
0.034832
0.006297
0.327712
0.046038
0.014690
0.073465
0.093443
0.038354
0.018645
0.114518
0.010656
0.097707
0.131993
0.069702
0.036184
0.037358
0.046164
0.014159
0.044035
0.155866
0.046714
0.112862
0.121217
0.018838
0.074013
0.023291
0.075847
0.032666
0.158588
0.086743
0.040618
0.092702
0.047783
0.016979
0.107268
0.030021
0.028512
0.009209
0.074199
0.234577
0.061303
0.034434
0.056126
0.047347
0.043243
0.024387
0.066503
0.121845
0.024752
0.024297
0.173689
0.071512
0.039543
0.083096
0.014263
0.053922
0.146408
0.054635
0.070772
0.078300
0.054494
0.189171
0.070860
0.096324
0.050735
0.077010
0.029877
0.008248
0.027562
0.099499
0.029425
0.074492
0.040556
0.101891
0.049601
0.019910
0.072694
0.047010
0.007541
0.029807
0.235819
0.031162
0.279605
0.045089
0.061300
0.017982
0.038731
0.245674
0.078261
0.037199
0.009271
0.005206
0.065942
0.075305
0.051222
0.098842
0.022732
0.078711
0.196542
0.096045
0.082818
0.040463
0.003003
0.022768
0.146140
0.127675
0.026767
0.027989
0.050002
0.111554
0.125510
0.021312
0.047526
0.032852
0.106881
0.034249
0.034516
0.020928
0.277249
0.017137
0.019653
0.094035
0.044662
0.032956
0.021671
0.018883
0.121651
0.094112
0.124889
0.019091
0.018140
0.016636
0.140446
0.133248
0.055058
0.062960
0.103328
0.014324
0.022197
0.005996
0.270790
0.083216
0.140344
0.087076
0.018716
0.189686
0.094592
0.008623
0.115049
0.011555
0.066414
0.030145
0.146139
0.009357
0.305261
0.079572
0.045887
0.087840
0.029550
0.031155
0.026012
0.022913
0.022825
0.034175
0.020733
0.063341
0.220190
0.172197
0.045560
0.026194
0.013998
0.076807
0.014227
0.064574
0.069124
0.032210
0.049982
0.013508
0.026450
0.030031
0.010350
0.010464
0.047338
0.050864
0.012923
0.006059
0.055297
0.003296
0.047462
0.020914
0.042939
0.011264
0.033525
0.046785
0.011942
0.045659
0.061776
0.038514
0.006364
0.053625
0.140611
0.027258
0.079403
0.056483
0.039212
0.290033
0.063597
0.092967
0.027621
0.050517
0.073328
0.038411
0.176699
0.123578
0.081767
0.147725
0.079754
0.072550
0.043311
0.054252
0.063944
0.182898
0.044144
0.022351
0.194387
0.022304
0.156035
0.033895
0.017276
0.143413
0.079024
0.012770
0.052383
0.022532
0.045654
0.199335
0.079999
0.075514
0.045844
0.020815
0.135015
0.040676
0.016448
0.091639
0.095774
0.012043
0.055217
0.032963
0.107503
0.494177
0.062891
0.211435
0.037567
0.023463
0.143016
0.107047
0.063410
0.114713
0.043095
0.025167
0.344841
0.034665
0.073952
0.145128
0.112097
0.029934
0.067210
0.257353
0.081391
0.023907
0.088974
0.060334
0.147624
0.014904
0.011699
0.047778
0.023201
0.068051
0.027927
0.013577
0.045209
0.017106
0.109231
0.016025
0.037759
0.036214
0.123309
0.104117
0.105925
0.044186
0.093627
0.111292
0.014144
0.119514
0.013607
0.043316
0.010571
0.075120
0.039626
0.186368
0.028646
0.095120
0.182158
0.011465
0.072645
0.019657
0.013774
0.015797
0.071252
0.030752
0.041454
0.059223
0.191788
0.034822
0.017473
0.109015
0.205630
0.045294
0.004476
0.011629
0.010287
0.082842
0.088628
0.154203
0.006758
0.087724
0.019317
0.059136
0.048053
0.036024
0.034574
0.031957
0.038130
0.107264
0.219005
0.018867
0.038963
0.073851
0.029285
0.009696
0.209347
0.139860
0.076932
0.003165
0.294337
0.073357
0.137685
0.190316
0.006574
0.018782
0.043616
0.011845
0.202815
0.005491
0.086516
0.052656
0.035134
0.144902
0.105335
0.224031
0.206034
0.037007
0.005024
0.038244
0.097734
0.017373
0.004818
0.023729
0.052642
0.059653
0.019215
0.090129
0.144373
0.124458
0.037991
0.020994
0.204784
0.004488
0.027680
0.004012
0.048738
0.008296
0.109848
0.012338
0.050413
0.064861
0.019804
0.009214
0.009112
0.121555
0.048313
0.035070
0.078470
0.053773
0.073299
0.014017
0.129598
0.101461
0.103638
0.033248
0.051214
0.137545
0.200341
0.186959
0.040240
0.046281
0.009585
0.072738
0.072808
0.013287
0.049801
0.059226
0.075327
0.039365
0.041249
0.020961
0.009349
0.006079
0.301188
0.039582
0.021086
0.043263
0.129721
0.025133
0.062805
0.020886
0.152259
0.053769
0.078885
0.090738
0.005636
0.250357
0.010401
0.063778
0.048655
0.030772
0.232756
0.135191
0.045789
0.057638
0.010112
0.053872
0.121579
0.016003
0.006622
0.014962
0.072863
0.020232
0.020759
0.035289
0.016868
0.020947
0.016959
0.033422
0.054778
0.155267
0.009040
0.168585
0.048593
0.012817
0.015313
0.007661
0.165807
0.048699
0.144771
0.052304
0.078302
0.038884
0.041117
0.069044
0.068834
0.044614
0.235189
0.064727
0.027498
0.023254
0.004076
0.074183
0.003002
0.094897
0.041499
0.103682
0.065752
0.091759
0.031821
0.021188
0.103464
0.027409
0.030127
0.107492
0.010738
0.025704
0.234468
0.031411
0.212316
0.005522
0.127937
0.004076
0.025632
0.011361
0.011914
0.051499
0.122934
0.111114
0.003594
0.120974
0.048624
0.052334
0.011708
0.009540
0.039088
0.110294
0.021369
0.337011
0.030171
0.006364
0.046901
0.040293
0.098129
0.150008
0.042393
0.054086
0.058451
0.009152
0.098331
0.053540
0.040678
0.243768
0.016098
0.185305
0.147597
0.104432
0.257300
0.029540
0.010699
0.025176
0.045627
0.014946
0.011419
0.029231
0.095232
0.017207
0.019976
0.079995
0.034104
0.063046
0.100128
0.029862
0.185946
0.023264
0.019965
0.105746
0.013285
0.107400
0.003411
0.011703
0.015611
0.142572
0.002087
0.131416
0.171364
0.062831
0.186861
0.070328
0.019695
0.019917
0.056351
0.029234
0.021246
0.070004
0.025771
0.072055
0.006517
0.093050
0.198530
0.130434
0.048827
0.027822
0.006781
0.041926
0.067489
0.077960
0.218474
0.028558
0.028529
0.065270
0.015459
0.059615
0.016485
0.197513
0.224879
0.113491
0.010112
0.016160
0.083650
0.029764
0.179857
0.030922
0.036697
0.106804
0.152836
0.038413
0.086123
0.030274
0.022219
0.014072
0.044210
0.028973
0.045592
0.048091
0.022749
0.059564
0.060145
0.029433
0.119601
0.005038
0.233602
0.100360
0.117671
0.016555
0.084943
0.006433
0.041616
0.129042
0.008403
0.077166
0.211124
0.143544
0.046015
0.012784
0.117099
0.018230
0.004596
0.032970
0.038996
0.048063
0.190548
0.007333
0.027707
0.078079
0.063475
0.016028
0.065451
0.065078
0.134906
0.020259
0.054141
0.262257
0.118117
0.052684
0.005003
0.015106
0.042306
0.118205
0.061796
0.049353
0.066481
0.014791
0.037580
0.007638
0.006417
0.030015
0.024275
0.189200
0.023246
0.018933
0.042916
0.074898
0.232500
0.036607
0.048685
0.045380
0.070754
0.008622
0.005000
0.088085
0.087837
0.008476
0.013067
0.061945
0.185254
0.035325
0.134815
0.048552
0.065863
0.054166
0.075294
0.171040
0.025856
0.016938
0.049581
0.006187
0.160303
0.037857
0.068669
0.103403
0.015536
0.168096
0.010911
0.076097
0.027924
0.015932
0.036695
0.336346
0.071998
0.009884
0.138727
0.011981
0.019731
0.210149
0.016943
0.188723
0.142916
0.026137
0.046076
0.073545
0.109800
0.016368
0.029649
0.056934
0.039822
0.006223
0.081268
0.067116
0.175140
0.035369
0.030270
0.145009
0.043541
0.078404
0.156127
0.007232
0.031802
0.066051
0.056421
0.014679
0.083602
0.060203
0.088670
0.043889
0.196676
0.102036
0.136191
0.061541
0.132189
0.020789
0.007357
0.030938
0.003526
0.038200
0.096289
0.093729
0.005122
0.008754
0.010934
0.004841
0.032369
0.063947
0.112191
0.015767
0.227520
0.092837
0.011497
0.064790
0.200984
0.007789
0.058901
0.161879
0.106799
0.015186
0.003409
0.026501
0.084122
0.047151
0.122435
0.205064
0.012005
0.046676
0.042597
0.025508
0.043819
0.036519
0.253908
0.043473
0.016080
0.102211
0.163931
0.028117
0.117675
0.054979
0.067580
0.165200
0.104219
0.019343
0.228532
0.012684
0.018906
0.005278
0.006892
0.007641
0.015684
0.007100
0.023467
0.036524
0.011482
0.005957
0.051845
0.015724
0.040792
0.112109
0.054570
0.052368
0.043549
0.016160
0.019617
0.042273
0.049757
0.080442
0.069983
0.065981
0.071084
0.067923
0.120504
0.014837
0.183705
0.287064
0.027312
0.005700
0.012576
0.055664
0.039298
0.112436
0.063513
0.005583
0.048782
0.043368
0.016698
0.026916
0.032007
0.042263
0.046116
0.146151
0.012310
0.030885
0.118765
0.022189
0.193739
0.142948
0.099432
0.037126
0.042287
0.013441
0.045865
0.033453
0.169744
0.029621
0.006802
0.028096
0.264237
0.059354
0.076613
0.077807
0.015865
0.100032
0.041754
0.070304
0.106722
0.098411
0.081115
0.027932
0.118030
0.213042
0.018186
0.032647
0.093967
0.014977
0.026765
0.015885
0.048960
0.123187
0.007181
0.035757
0.018788
0.090265
0.110519
0.085229
0.025156
0.099710
0.014327
0.024792
0.029606
0.075357
0.155152
0.187010
0.016661
0.053065
0.193646
0.078132
0.155968
0.025936
0.011058
0.019064
0.018229
0.095726
0.038918
0.043666
0.048612
0.031342
0.106601
0.101967
0.015174
0.092251
0.033223
0.009830
0.036206
0.033333
0.012949
0.017672
0.152507
0.050286
0.018568
0.023218
0.008803
0.042510
0.077748
