2.357226
2.284921
2.242451
2.312586
1.997282
1.919348
1.937934
1.827903
1.927495
1.659681
1.555769
1.409467
1.404284
2.332356
1.976251
1.532011
1.689919
1.492493
1.505761
1.387661
0.859231
1.102081
1.185364
1.630875
1.274117
0.978772
0.990139
1.012752
0.785880
0.856606
1.005221
0.764596
0.949881
0.843686
0.910010
1.193107
0.919068
1.110356
0.809721
0.706712
0.741876
0.783825
0.737856
1.006801
0.471346
0.443598
0.491458
0.846655
1.451755
0.896367
0.907732
0.701511
0.554665
0.493912
0.486608
0.286547
0.555734
0.710157
0.536854
0.573161
0.550150
0.490617
0.285806
0.745666
0.543642
0.506823
0.678331
0.362485
0.647752
0.760170
0.745149
0.681425
0.612030
0.371925
0.742523
0.500613
0.484084
0.466734
0.442933
0.596172
0.689481
0.652423
0.417125
0.558740
0.647828
1.182682
0.585472
0.525435
0.398274
0.334026
0.309959
0.312258
0.289849
0.628371
0.715236
0.226320
0.260405
0.268283
0.317336
0.476921
0.743431
0.626579
0.392013
0.489764
0.527415
0.587754
0.316302
0.470038
0.404065
0.238512
0.464969
0.541639
0.729756
0.428484
0.681836
0.678354
0.433638
0.513745
0.452981
0.304886
0.370946
0.273166
0.546565
0.588091
0.502231
0.226268
0.285372
0.259442
0.263932
0.333495
0.499415
0.675892
0.442294
0.280101
0.311873
0.325211
0.507647
0.696126
0.641922
0.335867
0.419401
0.519205
0.408211
0.289530
0.543095
0.530106
0.595869
0.284869
0.346273
0.487786
0.544741
0.377617
0.680266
0.592483
0.555544
0.391303
0.301260
0.433506
0.401574
0.413674
0.410154
0.420730
0.380816
0.475415
0.386810
0.325783
0.250175
0.384122
0.464998
0.405361
0.230790
0.489225
0.434130
0.462881
0.573997
0.380191
0.304953
0.294358
0.341589
0.405183
0.628315
0.575294
0.744716
0.471103
0.238545
0.202422
0.251899
0.218315
0.773382
0.213040
0.192329
0.187576
0.218528
0.259906
0.232716
0.336214
0.297847
0.494047
0.626694
0.689915
0.344130
0.251920
0.334557
0.349571
0.424304
0.420989
0.312251
0.341988
0.328210
0.287733
0.287674
0.398047
0.312970
0.460408
0.600241
0.177176
0.304783
0.321622
0.206722
0.185747
0.285227
0.317509
0.490832
0.203684
0.357557
0.268633
0.481780
0.540183
0.254128
0.273525
0.348432
0.477416
0.477596
0.762462
0.662349
0.265999
0.328405
0.328168
0.462919
0.622709
0.526057
0.675416
0.385984
0.718088
0.322288
0.439664
0.478359
0.337362
0.325762
0.312870
0.455558
0.448073
0.388529
0.416703
0.246340
0.308482
0.330972
0.287072
0.368435
0.203895
0.383047
0.390083
0.439136
0.224736
0.369887
0.306499
0.202451
0.508785
0.586206
0.579445
0.258241
0.224433
0.318812
0.448499
0.398774
0.187931
0.195452
0.257359
0.235641
0.621857
0.296169
0.441903
0.242319
0.265211
0.384261
0.247066
0.492364
0.331256
0.562287
0.463772
0.293617
0.212343
0.204161
0.339940
0.303222
0.309443
0.902309
0.255256
0.404642
0.287804
0.299518
0.348086
0.644956
0.403038
0.259890
0.183570
0.194257
0.208270
0.174812
0.315364
0.247627
0.349466
0.242449
0.439871
0.351909
0.458186
0.336953
0.345025
0.303148
0.552456
0.459142
1.020028
0.421230
0.187181
0.354936
0.235707
0.212801
0.281937
0.265328
0.438405
0.164474
0.141476
0.185525
0.147537
0.159411
0.348084
0.179337
0.111769
0.375168
0.286819
0.283033
0.379584
0.420341
0.495878
0.619633
0.421566
0.337940
0.357957
0.208964
0.283724
0.421064
0.456653
0.614630
0.612698
0.374443
0.252877
0.265036
0.192814
0.323991
0.335576
0.215963
0.286600
0.239794
0.334211
0.233766
0.237015
0.254984
0.314742
0.238530
0.422340
0.274206
0.533331
0.298928
0.234219
0.283409
0.224945
0.187969
0.261278
0.258047
0.402435
0.277279
0.368568
0.282131
0.523774
0.715586
0.153153
0.290658
0.344220
0.234289
0.227348
0.386372
0.437791
0.249946
0.309554
0.299967
0.108058
0.571688
0.336325
0.486045
0.448423
0.656626
0.849907
0.460078
0.238511
0.588146
0.513133
0.853802
0.356218
0.419258
0.226757
0.461796
0.307353
0.309452
0.403925
0.318406
0.386475
0.249973
0.198257
0.520199
0.313918
0.513146
0.315946
0.380611
0.430133
0.371629
0.280851
0.229315
0.246216
0.409683
0.684383
0.313587
0.290051
0.283313
0.235109
0.353880
0.378910
0.510942
0.421979
0.260756
0.358522
0.439667
0.109097
0.325060
0.264463
0.234002
0.321021
0.370526
0.499614
0.369817
0.297986
0.211602
0.242593
0.184703
0.218666
0.302662
0.397033
0.440669
0.465799
0.292919
0.356825
0.238981
0.324522
0.282827
0.428487
0.357042
0.306324
0.308186
0.134070
0.221720
0.378251
0.652802
0.276856
0.405809
0.342048
0.403990
0.336286
0.213448
0.254504
0.291313
0.444516
0.127608
0.229482
0.244226
0.233082
0.432403
0.596585
0.351848
0.318127
0.277713
0.238750
0.258115
0.124676
0.422134
0.229091
0.400875
0.363021
0.401391
0.480730
0.151105
0.456962
0.438713
0.312880
0.505797
0.264616
0.340098
0.432926
0.221894
0.208867
0.197489
0.286658
0.443762
0.300212
0.325087
0.356223
0.244510
0.363253
0.323702
0.342616
0.343639
0.169557
0.179008
0.270612
0.338967
0.155384
0.196017
0.326177
0.357778
0.825621
0.571180
0.313733
0.346193
0.366043
0.619099
0.396199
0.438028
0.238734
0.286507
0.300921
0.410674
0.476910
0.182914
0.214232
0.171437
0.222436
0.441347
0.509326
0.396734
0.347853
0.173509
0.304449
0.365990
0.306102
0.301129
0.289264
0.297645
0.254321
0.239831
0.275467
0.210388
0.309416
0.178569
0.243173
0.290217
0.629039
0.302475
0.214383
0.294478
0.360309
0.422699
0.306666
0.177380
0.360029
0.325222
0.299517
0.448379
0.531611
0.265271
0.232295
0.306422
0.221076
0.303331
0.179368
0.246267
0.315739
0.396532
0.283685
0.388549
0.206421
0.312386
0.302255
0.297228
0.217117
0.210116
0.413964
0.291777
0.082789
0.245023
0.351590
0.319904
0.375528
0.399248
0.307307
0.372035
0.477493
0.571087
0.362738
0.310257
0.353759
0.334830
0.464359
0.162933
0.296345
0.232719
0.381487
0.411193
0.202222
0.256402
0.317450
0.186135
0.170259
0.231253
0.359900
0.236737
0.116142
0.213583
0.297377
0.250656
0.389120
0.459246
0.375134
0.337446
0.425540
0.283892
0.440742
0.193535
0.245930
0.318747
0.201086
0.254153
0.486378
0.341212
0.316476
0.190145
0.353825
0.227219
0.417046
0.452796
0.307770
0.380068
0.314325
0.428302
0.459145
0.250648
0.237757
0.165369
0.127337
0.230893
0.407395
0.329007
0.379651
0.252711
0.377378
0.393311
0.477935
0.256418
0.188301
0.221346
0.208931
0.357247
0.249273
0.374033
0.347005
0.404948
0.425527
0.434446
0.181193
0.416848
0.226177
0.329521
0.209529
0.351105
0.357744
0.419459
0.435883
0.380385
0.128548
0.652015
0.349237
0.530557
0.223574
0.296004
0.380948
0.412083
0.381198
0.384002
0.315475
0.389196
0.115755
0.516927
0.239646
0.196026
0.289872
0.413425
0.219372
0.293910
0.257311
0.234805
0.301747
0.469149
0.247011
0.279225
0.273147
0.222798
0.331464
0.278110
0.598569
0.218166
0.196567
0.248774
0.190357
0.297744
0.252366
0.327242
0.207687
0.331835
0.526221
0.415152
0.307593
0.242973
0.228323
0.180596
0.336594
0.294199
0.283526
0.324384
0.234619
0.412984
0.394411
0.348453
0.416516
0.236478
0.278307
0.309965
0.266449
0.647802
1.030014
1.179045
0.639121
0.484145
0.378262
0.506816
0.387051
0.300255
0.232355
0.341793
0.163523
0.341746
0.315199
0.430035
0.238481
0.317291
0.339460
0.129540
0.205958
0.267589
0.325203
0.137265
0.411722
0.270349
0.226612
0.149976
0.235979
0.316381
0.185167
0.124287
0.193925
0.611476
0.514815
0.704448
0.788731
0.466245
0.489927
0.149756
0.397863
0.201211
0.184156
0.339344
0.295078
0.344857
0.260422
0.323466
0.224950
0.315051
0.101630
0.406342
0.277614
0.137927
0.194912
0.302027
0.190271
0.288949
0.230627
0.354709
0.282389
0.489130
0.361084
0.225623
0.329576
0.156222
0.358218
0.183194
0.191087
0.189223
0.192737
0.305279
0.153269
0.292907
0.416803
0.578469
0.234555
0.203145
0.304248
0.252188
0.302440
0.278958
0.212278
0.246895
0.153778
0.209269
0.356312
0.256272
0.254960
0.276836
0.310182
0.354069
0.419024
0.483423
0.203598
0.213318
0.225342
0.350850
0.533613
0.444086
0.206989
0.134951
0.196308
0.187383
0.299834
0.146434
0.292973
0.487697
0.441323
0.234348
0.526898
0.285029
0.414488
0.250044
0.224762
0.203784
0.243740
0.269940
0.655470
0.602735
0.377251
0.175530
0.195311
0.402716
0.240530
0.339384
0.175272
0.145410
0.245475
0.384569
0.255337
0.292582
0.119653
0.388668
0.315982
0.281855
0.381924
0.422045
0.307332
0.416851
0.290223
0.238450
0.254852
0.554840
0.729084
0.955574
0.543142
0.440452
0.316877
0.478855
0.329594
0.536753
0.366761
0.467108
0.208725
0.267075
0.311493
0.209325
0.259656
0.190003
0.275860
0.246126
0.263515
0.206392
0.373734
0.410226
0.417908
0.309196
0.305033
0.253648
0.245621
0.140701
0.460050
0.568433
0.303611
0.342695
0.319052
0.360284
0.338130
0.279231
0.302164
0.310236
0.394993
0.166124
0.214186
0.256487
0.425604
0.280069
0.222845
0.240010
0.219423
0.165192
0.244746
0.418522
0.401776
0.314982
0.221991
0.202109
0.251044
0.318227
0.424714
0.194176
0.257747
0.319932
0.311557
0.426982
0.460627
0.570267
0.592458
0.320434
0.268548
0.571693
0.330492
0.237134
0.365546
0.399353
0.284565
0.221213
0.184684
0.217220
0.135093
0.173979
0.345533
0.265249
0.138883
0.182243
0.249178
0.207347
0.193369
0.236784
0.179991
0.224689
0.271468
0.638738
0.382099
0.319812
0.432302
0.269489
0.138614
0.435178
0.538030
0.238780
0.276052
0.198051
0.260380
0.247145
0.285128
0.302670
0.611967
0.334812
0.295873
0.223497
0.340168
0.230057
0.117101
0.260801
0.469338
0.467535
0.274812
0.381683
0.567254
0.255670
0.423422
0.332343
0.233193
0.518323
0.333919
0.266002
0.190486
0.362384
0.257709
0.328222
0.379340
0.442313
0.202496
0.247061
0.155346
0.270248
0.163131
0.368869
0.290357
0.437362
0.630437
1.014811
0.500348
0.227442
0.278894
0.233866
0.158565
0.214227
0.143947
0.242276
0.345796
0.161110
0.532545
0.150533
0.530678
0.381112
0.259878
0.207259
0.156932
0.103255
0.282993
0.466284
0.769786
0.403284
0.231542
0.266879
0.114902
0.434133
0.384569
0.414438
0.265777
0.300930
0.226608
0.272231
0.395690
0.314730
0.278585
0.252709
0.259806
0.416070
0.285224
0.208369
0.408485
0.227424
0.330996
0.278315
0.236779
0.274072
0.266494
0.278747
0.164457
0.243037
0.354713
0.313342
0.284111
0.105292
0.538108
0.341466
0.240142
0.268664
0.278959
0.166866
0.173238
0.363803
0.449989
0.311570
0.250373
0.576248
0.564189
0.328041
0.233099
0.327023
0.183165
0.213120
0.279595
0.297019
0.230885
0.241959
0.069598
0.203114
0.198162
0.324184
0.152539
0.237645
0.126175
0.108716
0.319910
0.270218
0.126558
0.325149
0.226614
0.152444
0.301818
0.302592
0.397159
0.323534
0.293969
0.339659
0.497358
0.240591
0.236717
0.203821
0.251445
0.309458
0.238083
0.431909
0.289329
0.435344
0.391804
0.179623
0.224095
0.332740
0.357217
0.317277
0.645926
0.439821
0.156344
0.232871
0.258071
0.201419
0.196960
0.159601
0.235771
0.274054
0.238733
0.309409
0.356124
0.637367
0.512139
0.501813
0.656227
0.330099
0.287944
0.271291
0.288400
0.163259
0.143439
0.296147
0.264073
0.322020
0.345708
0.413860
0.180138
0.239250
0.209747
0.196365
0.228996
0.414977
0.364130
0.260534
0.162883
0.259828
0.321238
0.302932
0.258912
0.492845
0.420389
0.187359
0.326101
0.304498
0.275396
0.553431
0.402227
0.350006
0.418437
0.278191
0.039595
0.367965
0.442880
0.455258
0.351591
0.400050
0.386198
0.273968
0.166815
0.251209
0.281574
0.356660
0.284851
0.276637
0.382536
0.564465
0.364998
0.143531
0.362065
0.248936
0.357560
0.219621
0.324337
0.473039
0.501379
0.658957
0.311415
0.240820
0.189101
0.458102
0.172673
0.134382
0.274964
0.205078
0.208301
0.227930
0.233063
0.158204
0.289814
0.307195
0.189945
0.206005
0.238118
0.241988
0.311119
0.325659
0.354868
0.314370
0.265718
0.185720
0.166593
0.377870
0.546109
0.505787
0.295905
0.287749
0.344104
0.252791
0.425369
0.255744
0.095470
0.334939
0.248654
0.390094
0.183794
0.391945
0.321264
0.271953
0.152881
0.316075
0.180038
0.275852
0.234527
0.258539
0.308080
0.240170
0.244209
0.352422
0.386384
0.364922
0.304019
0.331135
0.143975
0.162587
0.196168
0.202554
0.540842
0.554924
0.331082
0.254855
0.245859
0.212755
0.362520
0.229508
0.248012
0.240034
0.197460
0.172502
0.322919
0.314983
0.240641
0.199133
0.395451
0.275423
0.223814
0.421828
0.292830
0.391778
0.195895
0.528741
0.281509
0.378095
0.393337
0.307900
0.077978
0.257124
0.503198
0.381776
0.281987
0.294447
0.306003
0.360640
0.277903
0.336406
0.401923
0.213625
0.435180
0.266094
0.216655
0.353625
0.374653
0.328923
0.342051
0.223589
0.269426
0.265999
0.613332
0.199644
0.340280
0.304046
0.343534
0.263244
0.457649
0.318681
0.344998
0.318567
0.298071
0.404995
0.256638
0.515850
0.635568
0.675368
0.235424
0.152657
0.403929
0.190416
0.550420
0.235985
0.097215
0.248244
0.232822
0.243234
0.307505
0.176897
0.356890
0.394021
0.460934
0.191745
0.147155
0.403344
0.229335
0.231573
0.125870
0.206083
0.549149
0.192182
0.177291
0.600017
0.467166
0.407706
0.491015
0.192470
0.317707
0.274534
0.247383
0.349095
0.351563
0.286695
0.231984
0.192002
0.198455
0.244476
0.375464
0.182530
0.390782
0.242998
0.382288
0.423546
0.271448
0.274736
0.323258
0.405281
0.378288
0.207181
0.526595
0.234675
0.485716
0.230135
0.363912
0.205581
0.373981
0.444809
0.229410
0.185118
0.374606
0.493699
0.241121
0.191770
0.260694
0.374065
0.400330
0.608916
0.637688
0.590287
0.329640
0.294004
0.255736
0.278822
0.220803
0.251957
0.492926
0.338115
0.207690
0.273421
0.297470
0.231300
0.269189
0.233049
0.317954
0.419094
0.330714
0.323491
0.268475
0.502452
0.078968
0.186277
0.374453
0.384281
0.176472
0.290234
0.118294
0.195502
0.274243
0.248153
0.204146
0.290362
0.257110
0.219908
0.536550
0.252834
0.468310
0.353314
0.221320
0.171116
0.354617
0.286182
0.381158
0.396161
0.441487
0.202215
0.260652
0.459911
0.305543
0.531417
0.367881
0.265025
0.286889
0.557437
0.429218
0.288449
0.284326
0.400405
0.356791
0.279705
0.158330
0.321700
0.137600
0.215734
0.171438
0.313018
0.297715
0.318262
0.363481
0.257264
0.190487
0.139768
0.230688
0.538938
0.049972
0.216581
0.246864
0.402143
0.297843
0.291416
0.235906
0.144568
0.502982
0.356396
0.261465
0.268162
0.404779
0.223497
0.341690
0.297690
0.307614
0.268046
0.412300
0.230332
0.241050
0.194101
0.194062
0.168657
0.268097
0.287538
0.321597
0.345200
0.332522
0.188572
0.395946
0.422869
0.178150
0.178306
0.083954
0.237789
0.298801
0.391673
0.376604
0.509044
0.468763
0.350872
0.318234
0.237500
0.213667
0.524082
0.341628
0.167200
0.311604
0.334181
0.270180
0.230328
0.157776
0.367232
0.208518
0.151674
0.104721
0.130989
0.226538
0.264660
0.170655
0.113438
0.086339
0.551953
0.510923
0.394661
0.367825
0.281632
0.214710
0.198611
0.168793
0.217306
0.222976
0.308937
0.146047
0.213366
0.171049
0.180007
0.284212
0.390183
0.414736
0.352205
0.268428
0.403767
0.167540
0.259584
0.233929
0.286820
0.207702
0.125740
0.475727
0.381658
0.749697
0.649048
0.297484
0.379209
0.517615
0.510118
0.261757
0.257282
0.226301
0.361481
0.350497
0.195637
0.396607
0.267636
0.117726
0.322786
0.380880
0.286978
0.190858
0.212462
0.348754
0.277243
0.246156
0.273347
0.247429
0.191679
0.124126
0.220204
0.266620
0.287718
0.217532
0.243214
0.305755
0.360653
0.128174
0.183354
0.136511
0.218584
0.488777
0.426589
0.287329
0.346990
0.332574
0.461613
0.552319
0.310045
0.217194
0.327359
0.284430
0.432616
0.269798
0.173258
0.370439
0.341607
0.257900
0.441643
0.308803
0.189567
0.323843
0.483450
0.393256
0.318987
0.248521
0.441395
0.411212
0.360791
0.313504
0.343690
0.285105
0.175198
0.446600
0.422013
0.406545
0.347302
0.297332
0.277298
0.316121
0.302117
0.299483
0.307057
0.267799
0.250069
0.220180
0.391813
0.246819
0.253092
0.207829
0.356178
0.352503
0.291934
0.294834
0.194614
0.220242
0.143610
0.119977
0.258232
0.230308
0.304467
0.268694
0.805700
1.173531
0.495172
0.551735
0.232973
0.276100
0.411353
0.391583
0.308553
0.154704
0.351719
0.136837
0.431731
0.369584
0.340989
0.396117
0.288117
0.568361
0.367484
0.305961
0.256291
0.285036
0.119739
0.241548
0.271698
0.307527
0.616212
0.378873
0.264464
0.144798
0.302138
0.165342
0.284122
0.166155
0.175421
0.355005
0.298527
0.212212
0.392434
0.287974
0.308583
0.204836
0.211647
0.203123
0.233254
0.134178
0.172298
0.416722
0.263984
0.159757
0.352593
0.610234
0.507927
0.512467
0.361241
0.407786
0.289906
0.348708
0.260710
0.475773
0.475201
0.327082
0.291007
0.164783
0.391306
0.291629
0.426414
0.286297
0.178981
0.163481
0.113567
0.329293
0.276352
0.181329
0.208020
0.307109
0.288446
0.296686
0.449562
0.342728
0.366405
0.338222
0.251987
0.262697
0.302931
0.300883
0.425521
0.372010
0.530943
0.261243
0.183477
0.265364
0.396587
0.296294
0.224926
0.401153
0.349537
0.393979
0.430137
0.463219
0.256024
0.336062
0.277794
0.499948
0.254042
0.303054
0.324775
0.369437
0.451289
0.278708
0.202873
0.273139
0.178529
0.251791
0.163843
0.189934
0.445299
0.413775
0.282989
0.275765
0.231315
0.402830
0.213588
0.330005
0.280719
0.257811
0.339507
0.339070
0.657533
0.166108
0.249568
0.411147
0.288869
0.193194
0.350379
0.290229
0.231079
0.355817
0.373865
0.375849
0.151832
0.303679
0.352081
0.283675
0.215378
0.297784
0.373783
0.408318
0.399378
0.405108
0.348396
0.257625
0.279902
0.161188
0.178782
0.166224
0.127338
0.367978
0.329355
0.229503
0.445964
0.467795
0.284541
0.239300
0.113788
0.197625
0.289935
0.202420
0.225630
0.200868
0.294756
0.165014
0.566874
0.190580
0.536114
0.486927
0.270390
0.301235
0.278767
0.325323
0.285986
0.298896
0.169217
0.146427
0.260753
0.201725
0.171598
0.624836
0.324596
0.167498
0.206280
0.307500
0.232911
0.170860
0.228498
0.399705
0.223168
0.189778
0.257999
0.132469
0.452722
0.168796
0.419780
0.211052
0.378900
0.422207
0.347315
0.348758
0.399309
0.199316
0.302462
0.369934
0.266251
0.295848
0.154586
0.198688
0.193625
0.358562
0.202962
0.193710
0.358813
0.168425
0.284589
0.241237
0.141505
0.264107
0.212105
0.470560
0.342160
0.267951
0.323025
0.281286
0.180834
0.134411
0.336393
0.337563
0.284943
0.303389
0.217263
0.323206
0.302189
0.325847
0.364676
0.367588
0.437869
0.205643
0.178290
0.536784
0.630032
0.243951
0.284764
0.629247
0.265957
0.324584
0.208104
0.346666
0.288094
0.394850
0.210939
0.174691
0.362302
0.439530
0.287173
0.198065
0.226700
0.248726
0.251776
0.362542
0.365353
0.213664
0.324215
0.230752
0.379348
0.366199
0.480329
0.129908
0.155354
0.319919
0.230758
0.386482
0.285682
0.325109
0.161701
0.142530
0.289508
0.253753
0.509297
0.350426
0.306704
0.284417
0.281410
0.180069
0.257711
0.379927
0.223598
0.221171
0.133820
0.402122
0.471834
0.310353
0.535883
0.301203
0.370583
0.425994
0.327631
0.277036
0.204057
0.320479
0.262130
0.368418
0.266505
0.228203
0.256453
0.346056
0.288678
0.323239
0.167203
0.072603
0.270894
0.337092
0.425698
0.304496
0.241196
0.103737
0.169501
0.371382
0.385920
0.426728
0.265982
0.254666
0.345734
0.355875
0.364593
0.222071
0.182426
0.488180
0.196870
0.386190
0.378698
0.198538
0.146491
0.410186
0.440479
0.136338
0.191845
0.187811
0.132647
0.199675
0.358247
0.484671
0.252261
0.473732
0.417259
0.319211
0.409018
0.263867
0.171087
0.329684
0.579539
0.437765
0.429722
0.387697
0.225496
0.285598
0.120428
0.196493
0.155398
0.301546
0.214731
0.265466
0.310652
0.263145
0.512127
0.292587
0.350004
0.258924
0.398640
0.160830
0.429953
0.495752
0.311843
0.300847
0.131643
0.211411
0.423184
0.328299
0.139891
0.356749
0.166304
0.404893
0.381032
0.433925
0.520396
0.442881
0.313741
0.377759
0.325137
0.218402
0.297277
0.313872
0.239869
0.126378
0.435692
0.385118
0.262509
0.277186
0.298890
0.127981
0.201667
0.249041
0.114210
0.162109
0.192808
0.173276
0.227285
0.164891
0.450782
0.291692
0.593391
0.384464
0.309377
0.335572
0.148597
0.197159
0.387336
0.160284
0.439059
0.320868
0.219993
0.270282
0.468296
0.368557
0.206243
0.375459
0.329522
0.230801
0.169723
0.311317
0.460106
0.453314
0.340951
0.199651
0.291318
0.344997
0.286433
0.212887
0.486796
0.265671
0.218917
0.287753
0.273330
0.356074
0.263701
0.326987
0.384833
0.245929
0.216330
0.236305
0.218708
0.176328
0.219549
0.306008
0.222457
0.267896
0.280507
0.164388
0.393599
0.301400
0.302344
0.526162
0.492833
0.482158
0.194211
0.164447
0.275389
0.122422
0.301647
0.327361
0.343046
0.319258
0.184217
0.267615
0.173224
0.174050
0.478978
0.353923
0.241229
0.252950
0.219173
0.259447
0.298912
0.144936
0.204892
0.244412
0.232691
0.400695
0.151228
0.266046
0.269196
0.234395
0.346376
0.199969
0.317658
0.153158
0.293002
0.308065
0.172035
0.237008
0.219190
0.192346
0.456570
0.500331
0.361040
0.180098
0.308830
0.255553
0.369440
0.178185
0.224868
0.567681
0.568417
0.721966
0.204909
0.337131
0.312538
0.158674
0.352937
0.278581
0.523702
0.420542
0.469321
0.199682
0.371656
0.310776
0.291833
0.231021
0.361245
0.232814
0.188994
0.173234
0.316157
0.243302
0.206730
0.265966
0.233714
0.263280
0.226004
0.606890
0.323039
0.322863
0.264804
0.282624
0.562563
0.605261
0.964829
0.641445
0.952814
0.350511
0.493233
0.668295
0.490780
0.339828
0.243151
0.190399
0.364043
0.321743
0.208487
0.465184
0.182210
0.313633
0.354443
0.220420
0.221076
0.240832
0.226845
0.289593
0.236257
0.283199
0.171955
0.296819
0.156745
0.205555
0.220998
0.259515
0.185163
0.190664
0.160528
0.218066
0.462837
0.347091
0.322714
0.266510
0.238598
0.233086
0.198148
0.402751
0.256655
0.301734
0.555197
0.743773
0.644053
0.547188
0.281039
0.211824
0.232587
0.297719
0.235197
0.277211
0.199876
0.087912
0.304628
0.219545
0.389521
0.347221
0.264052
0.229188
0.356167
0.464324
0.566885
0.153046
0.346777
0.314644
0.314849
0.345988
0.178178
0.255560
0.282405
0.427200
0.366507
0.387604
0.268956
0.302488
0.205593
0.141551
0.258927
0.229398
0.234058
0.384094
0.380590
0.182657
0.203507
0.240017
0.186009
0.213654
0.558119
0.268735
0.440868
0.402333
0.659274
0.360347
0.229682
0.354071
0.603226
0.333767
0.300252
0.372414
0.344529
0.184178
0.193716
0.230834
0.316622
0.487083
0.481257
0.478058
0.283999
0.239166
0.231899
0.205567
0.147737
0.361769
0.138211
0.110634
0.157935
0.264770
0.228571
0.262142
0.195353
0.178860
0.127404
0.240696
0.192651
0.340836
0.230217
0.206753
0.210665
0.470258
0.179771
0.363531
0.409275
0.145836
0.410309
0.250631
0.274501
0.263376
0.239530
0.219706
0.123459
0.267363
0.517740
0.723547
0.738759
0.922250
0.480676
0.127321
0.239653
0.269532
0.230554
0.237998
0.227266
0.217085
0.128647
0.339748
0.212226
0.344838
0.249323
0.213237
0.373394
0.446580
0.296646
0.243431
0.246490
0.567069
0.267783
0.196155
0.286492
0.177569
0.289991
0.169306
0.301654
0.313042
0.341072
0.327221
0.462792
0.468801
0.271937
0.347242
0.259376
0.223767
0.217605
0.138614
0.423287
0.396596
0.309301
0.334121
0.351600
0.162454
0.184887
0.164465
0.251483
0.153349
0.129527
0.210436
0.250143
0.337020
0.345575
0.347273
0.232982
0.630577
0.263402
0.216837
0.410016
0.579941
0.573024
0.230797
0.261690
0.188801
0.304460
0.275466
0.350344
0.456692
0.471689
0.436921
0.228244
0.321126
0.259145
0.215842
0.186206
0.303399
0.293389
0.258439
0.247626
0.204281
0.413923
0.360067
0.383579
0.213691
0.285113
0.369566
0.343606
0.224340
0.375845
0.347929
0.542363
0.459270
0.633263
0.310629
0.159328
0.405838
0.152804
0.241926
0.273145
0.327942
0.231840
0.276309
0.343359
0.522614
0.569038
0.933277
0.251102
0.394439
0.328845
0.275259
0.297064
0.303898
0.154573
0.181370
0.112816
0.162230
0.187550
0.196412
0.172622
0.138353
0.350998
0.262728
0.325193
0.446447
0.276170
0.128055
0.329508
0.167254
0.268265
0.206019
0.299987
0.243297
0.197469
0.500429
0.330508
0.205467
0.395255
0.331582
0.269626
0.272666
0.310780
0.314130
0.252201
0.363758
0.291635
0.230508
0.154971
0.289573
0.326130
0.342232
0.091808
0.175872
0.187659
0.284324
0.277028
0.203053
0.339117
0.623422
0.306058
0.372305
0.275816
0.307852
0.385325
0.151963
0.306322
0.182610
0.338562
0.171231
0.359902
0.199002
0.346595
0.401323
0.411214
0.251998
0.320864
0.250662
0.272399
0.237601
0.170887
0.293529
0.247627
0.446863
0.210948
0.405634
0.268885
0.245955
0.252790
0.303523
0.166825
0.288963
0.203149
0.253285
0.285678
0.227885
0.345649
0.247919
0.233778
0.144629
0.325622
0.305133
0.264427
0.214624
0.220219
0.128537
0.221788
0.344479
0.670582
0.288077
0.183577
0.240308
0.246944
0.476867
0.381715
0.175621
0.366037
0.241623
0.173421
0.359230
0.406547
0.350011
0.366649
0.513565
0.547196
0.334727
0.764971
0.356492
0.174147
0.126635
0.222764
0.139423
0.282364
0.292424
0.142287
0.210464
0.265270
0.239308
0.403294
0.271229
0.155714
0.245332
0.188123
0.296345
0.471379
0.260134
0.394913
0.142459
0.261805
0.248025
0.254529
0.274838
0.203530
0.494774
0.247923
0.202699
0.261703
0.239446
0.384718
0.424858
0.270531
0.286422
0.306417
0.296703
0.188850
0.372728
0.375482
0.364750
0.283593
0.283460
0.191646
0.185487
0.281214
0.317337
0.286868
0.284495
0.339225
0.321413
0.550977
0.877642
0.322459
0.542118
0.230957
0.175380
0.217287
0.274635
0.298652
0.573812
0.413847
0.193738
0.145093
0.132267
0.215292
0.173400
0.230463
0.250065
0.243948
0.182071
0.121680
0.315228
0.233046
0.611217
0.650237
0.951860
0.709033
0.381872
0.591401
0.336869
0.274677
0.247634
0.273288
0.350483
0.386344
0.252406
0.287905
0.312153
0.246290
0.411456
0.279708
0.376012
0.428249
0.321300
0.286916
0.288593
0.251926
0.196492
0.159816
0.283214
0.208275
0.231477
0.241246
0.361064
0.281729
0.348667
0.275080
0.260553
0.404525
0.304732
0.341614
0.371738
0.238608
0.402619
0.182066
0.201000
0.225379
0.143360
0.269704
0.229458
0.334143
0.212184
0.415488
0.238586
0.236155
0.221760
0.271416
0.291818
0.299898
0.204305
0.325304
0.233869
0.148974
0.495673
0.253006
0.442911
0.203708
0.191551
0.349433
0.142915
0.427903
0.282295
0.613197
0.389861
0.399127
0.249601
0.187769
0.271164
0.320119
0.210495
0.249784
0.179222
0.346038
0.227841
0.208975
0.181304
0.384262
0.240006
0.301561
0.189380
0.178702
0.321560
0.226746
0.260946
0.286809
0.349463
0.225241
0.420746
0.249290
0.359223
0.315026
0.126417
0.187823
0.415044
0.629369
0.378792
0.193735
0.161972
0.295733
0.314634
0.174620
0.285842
0.266892
0.430811
0.256092
0.252142
0.295293
0.398375
0.371707
0.152737
0.172023
0.444667
0.745282
0.360145
0.310802
0.143122
0.123037
0.408593
0.404508
0.244657
0.173414
0.143167
0.290580
0.430776
0.453355
0.341593
0.364789
0.355360
0.137747
0.232897
0.255554
0.262239
0.230988
0.206848
0.175721
0.172124
0.248692
0.275843
0.297452
0.149876
0.227210
0.442295
0.161524
0.513559
0.191212
0.242891
0.413061
0.232011
0.179943
0.118660
0.197853
0.289325
0.235953
0.247302
0.286785
0.360408
0.421870
0.327506
0.302436
0.192428
0.152485
0.197126
0.238775
0.365022
0.273488
0.125365
0.347051
0.235684
0.341752
0.149315
0.136329
0.204048
0.158505
0.392886
0.429788
0.217481
0.254099
0.410751
0.359365
0.322797
0.479514
0.328760
0.463664
0.324182
0.254893
0.206933
0.246707
0.294716
0.327648
0.295846
0.768142
0.253327
0.190679
0.270314
0.272939
0.103115
0.221208
0.275891
0.170832
0.158807
0.308722
0.215147
0.213272
0.265853
0.574944
0.528649
0.359074
0.196467
0.165734
0.197519
0.152341
0.323687
0.162542
0.233547
0.154960
0.179406
0.244959
0.251751
0.266781
0.399557
0.773366
0.846789
0.763013
0.325574
0.197099
0.178021
0.283325
0.312134
0.386222
0.240502
0.198584
0.409796
0.366509
0.227584
0.314578
0.174586
0.122331
0.232412
0.239875
0.344686
0.423271
0.297534
0.289356
0.293679
0.270653
0.182060
0.354696
0.307653
0.191699
0.181975
0.346175
0.364859
0.221333
0.150879
0.200882
0.331324
0.200804
0.261124
0.258255
0.413351
0.476836
0.285438
0.226005
0.220871
0.500839
0.243460
0.285542
0.271076
0.217266
0.370298
0.548659
0.271981
0.402792
0.247984
0.453177
0.429218
0.282800
0.383089
0.338376
0.148016
0.276820
0.288738
0.219530
0.253603
0.314027
0.225163
0.182544
0.115767
0.245457
0.277079
0.250897
0.845440
0.420633
0.296173
0.424025
0.526593
0.379383
0.460767
0.349844
0.437886
0.132385
0.278857
0.357364
0.205025
0.342574
0.380769
0.255576
0.293704
0.270569
0.233314
0.291755
0.396341
0.292951
0.291984
0.200525
0.158638
0.308989
0.263521
0.411104
0.597711
0.326431
0.225315
0.438806
0.414101
0.471960
0.281664
0.177925
0.291053
0.339095
0.241495
0.284328
0.191092
0.605198
0.237318
0.216893
0.186571
0.348883
0.222709
0.273457
0.226163
0.415638
0.223041
0.217439
0.179309
0.303620
0.256618
0.204639
0.167498
0.367718
0.227538
0.394768
0.323184
0.263134
0.207149
0.298179
0.271473
0.158903
0.174101
0.367782
0.529697
0.499584
0.221262
0.284905
0.199865
0.178033
0.155048
0.390568
0.380202
0.251626
0.216848
0.161761
0.111314
0.129238
0.207036
0.144305
0.146841
0.422839
0.475938
0.317383
0.171468
0.200773
0.281275
0.652619
0.262909
0.379271
0.351294
0.365363
0.327750
0.268134
0.336339
0.449946
0.225855
0.373432
0.180912
0.392590
0.184993
0.435894
0.435509
0.437508
0.243893
0.196225
0.200929
0.253246
0.224292
0.251331
0.354237
0.227216
0.116302
0.392047
0.155200
0.203430
0.286108
0.296228
0.360458
0.298164
0.221811
0.395635
0.305976
0.249679
0.150131
0.156417
0.265129
0.223514
0.203483
0.314510
0.130878
0.291896
0.356014
0.231271
0.386253
0.692462
0.496400
0.485192
0.485591
0.444993
0.324682
0.224033
0.254862
0.331165
0.278017
0.414673
0.643025
0.265592
0.331794
0.117270
0.104026
0.351313
0.288661
0.450269
0.323702
0.305852
0.211870
0.256220
0.240362
0.445151
0.268812
0.243383
0.232108
0.210114
0.337202
0.330608
0.135646
0.207075
0.556393
0.588948
0.443785
0.283581
0.244717
0.393529
0.371827
0.437138
0.268375
0.220922
0.372977
0.314670
0.451834
0.420279
0.283786
0.301957
0.266157
0.332757
0.205205
0.355395
0.120028
0.172352
0.474640
0.310400
0.446806
0.182682
0.217729
0.292872
0.390545
0.200477
0.171032
0.263188
0.150239
0.211108
0.316752
0.222762
0.341906
0.293271
0.132294
0.411560
0.294242
0.343862
0.585646
0.239400
0.359085
0.322543
0.192440
0.558197
0.183188
0.338270
0.293487
0.195327
0.278040
0.190104
0.267801
0.364134
0.306883
0.268946
0.343946
0.221671
0.215131
0.222465
0.235924
0.206805
0.256906
0.163469
0.357925
0.257671
0.258663
0.182919
0.227205
0.187570
0.186456
0.348570
0.152759
0.364413
0.220610
0.411291
0.285203
0.419584
0.297222
0.304515
0.424887
0.455661
0.572183
0.397284
0.182387
0.140847
0.220932
0.176603
0.288605
0.363332
0.240184
0.180457
0.316039
0.360649
0.310264
0.281558
0.139287
0.299627
0.261130
0.452031
0.280635
0.397380
0.398013
0.370358
0.376446
0.140863
0.238911
0.376298
0.137190
0.371374
0.361211
0.240576
0.404203
0.316768
0.260219
0.153348
0.236592
0.175190
0.405904
0.284887
0.275275
0.272071
0.406704
0.306962
1.115949
4.696000
1.539915
1.189305
0.824693
1.336839
0.866492
0.919517
0.955643
0.623491
0.911856
0.864693
0.739702
0.400040
0.888793
0.710437
0.811190
0.482108
0.555365
0.529188
0.295855
0.689847
0.497090
0.471993
0.402089
0.560790
0.373101
0.470384
0.394656
0.289706
0.432849
0.214519
0.418023
0.345052
0.211996
0.278792
0.466226
0.421773
0.253117
0.235490
0.264816
0.401089
0.340807
0.225252
0.363423
0.367108
0.320207
0.194454
0.295497
0.394688
0.364689
0.351244
0.358265
0.461425
0.554459
0.254848
0.174766
0.236200
0.202123
0.271877
0.238330
0.293019
0.221087
0.308486
0.214624
0.450092
0.264116
0.299665
0.252792
0.342098
0.486576
0.257759
0.285928
0.306077
0.173107
0.170989
0.165259
0.210466
0.275243
0.297334
0.310241
0.307522
0.326891
0.349989
0.196876
0.225858
0.213044
0.307814
0.354147
0.187599
0.229914
0.335204
0.247379
0.267487
0.238101
0.198748
0.383812
0.302486
0.269624
0.373669
0.280297
0.140262
0.352681
0.254451
0.267748
0.461498
0.266623
0.125403
0.284106
0.265044
0.311830
0.533816
0.503856
0.512020
0.405877
0.301936
0.530558
0.368297
0.316330
0.335375
0.395284
0.316556
0.215265
0.145719
0.246966
0.387506
0.184584
0.226727
0.197752
0.214584
0.247700
0.345802
0.385343
0.208320
0.204635
0.247652
0.220494
0.156468
0.253676
0.205187
0.264015
0.203251
0.309633
0.249249
0.169203
0.144294
0.480166
0.763924
0.401196
0.095111
0.310515
0.348177
0.300026
0.197780
0.261089
0.243305
0.271387
0.305562
0.319996
0.350521
0.265520
0.493707
0.210562
0.491390
0.387345
0.351735
0.268298
0.110727
0.194401
0.329812
0.332739
0.188295
0.324187
0.213782
0.282792
0.305520
0.175266
0.282317
0.388226
0.287645
0.245347
0.212104
0.189567
0.404745
0.571748
0.417863
0.413836
0.356423
0.443452
0.393166
0.310913
0.221969
0.224371
0.208915
0.304738
0.289272
0.331958
0.264748
0.163870
0.241236
0.271212
0.395306
0.341923
0.350788
0.770228
0.632514
0.361329
0.449079
0.380751
0.194232
0.423958
0.321494
0.546531
0.218998
0.341163
0.347707
0.361828
0.157025
0.306625
0.338286
0.167290
0.255204
0.309216
0.361184
0.260660
0.396385
0.278075
0.239441
0.224701
0.481649
0.202713
0.308104
0.127235
0.363275
0.120642
0.337881
0.203123
0.181734
0.345510
0.169169
0.288863
0.374108
0.181876
0.219661
0.218166
0.202821
0.171080
0.366705
0.348366
0.285897
0.353756
0.291271
0.116374
0.134211
0.232460
0.187260
0.185258
0.339687
0.190218
0.268121
0.286274
0.394501
0.178105
0.273864
0.205970
0.244733
0.269057
0.208741
0.274362
0.373572
0.447986
0.275128
0.248143
0.293017
0.234277
0.276800
0.329786
0.304993
0.301403
0.236403
0.214419
0.284636
0.306055
0.293511
0.140735
0.244058
0.201509
0.283844
0.415119
0.179197
0.310199
0.283050
0.268679
0.254112
0.437864
0.444371
0.305495
0.421397
0.150809
0.194483
0.343229
0.228174
0.339522
0.412046
0.278038
0.275950
0.416725
0.516785
0.355395
0.406376
0.290691
0.258317
0.477176
0.438122
0.412763
0.403973
0.412682
0.356233
0.265116
0.435088
0.269538
0.253822
0.318633
0.139086
0.185868
0.172595
0.266454
0.144479
0.251387
0.268028
0.226457
0.344786
0.343668
0.273591
0.240330
0.218322
0.356536
0.340893
0.597184
0.339733
0.197304
0.258811
0.235152
0.116755
0.136793
0.189822
0.421114
0.547190
0.159187
0.299618
0.490076
0.173740
0.218064
0.155247
0.284623
0.294769
0.200052
0.217676
0.148698
0.134097
0.237049
0.283386
0.131750
0.315293
0.338852
0.281109
0.121155
0.590883
0.395289
0.351691
0.257877
0.215793
0.093666
0.238321
0.384841
0.526191
0.474296
0.306891
0.265377
0.358056
0.170417
0.384631
0.200221
0.216742
0.197780
0.265252
0.129014
0.223806
0.399318
0.130877
0.314532
0.291353
0.130455
0.307582
0.267828
0.269033
0.190672
0.252314
0.495938
0.214288
0.289563
0.314294
0.264568
0.251743
0.281473
0.324839
0.233652
0.231922
0.198814
0.394444
0.429990
0.221846
0.247485
0.442675
0.292722
0.349772
0.330098
0.316339
0.453053
0.637828
0.564929
0.262650
0.229422
0.456211
0.320730
0.197180
0.200606
0.402696
0.177613
0.241549
0.099026
0.265701
0.290034
0.453525
0.227773
0.251626
0.333586
0.163133
0.145008
0.204342
0.292392
0.310941
0.234505
0.397591
0.309486
0.185826
0.267849
0.266926
0.584999
0.353628
0.490588
0.284658
0.473999
0.233291
0.475630
0.329734
0.430888
0.222122
0.336492
0.385986
0.303788
0.248941
0.208427
0.177450
0.203745
0.202759
0.234015
0.238900
0.372282
0.336095
0.291647
0.427969
0.228710
0.303570
0.283095
0.353735
0.324432
0.386688
0.304432
0.206380
0.238681
0.250255
0.281291
0.222544
0.551307
0.233373
0.314556
0.371835
0.260986
0.297720
0.250831
0.349614
0.287072
0.244937
0.397674
0.319301
0.259680
0.256696
0.154176
0.159285
0.120780
0.341133
0.395881
0.321097
0.257809
0.240768
0.229315
0.141651
0.225165
0.145120
0.164231
0.185294
0.299464
0.135838
0.175868
0.335489
0.448603
0.321962
0.172049
0.237118
0.445073
0.296891
0.509904
0.410555
0.253952
0.304028
0.269096
0.272225
0.304382
0.394947
0.319734
0.422172
0.703951
0.398019
0.285915
0.253656
0.281256
0.318388
0.191953
0.261018
0.172215
0.161512
0.316418
0.278010
0.474314
0.264972
0.166589
0.210910
0.305822
0.112514
0.378182
0.388264
0.263533
0.221535
0.349358
0.150625
0.168968
0.303743
0.213811
0.272639
0.115505
0.447857
0.641677
0.194946
0.422990
0.324515
0.386646
0.245671
0.135484
0.197368
0.189502
0.261418
0.197155
0.280503
0.310462
0.381185
0.266048
0.459524
0.218744
0.343709
0.187794
0.340379
0.215899
0.227634
0.249389
0.306096
0.240282
0.411133
0.620446
0.220635
0.417833
0.253419
0.243384
0.559862
0.449734
0.412086
0.405270
0.538312
0.976294
0.792424
0.269281
0.316528
0.242999
0.233224
0.186315
0.140334
0.241653
0.176882
0.239006
0.268495
0.288309
0.227712
0.333085
0.218735
0.127039
0.194875
0.134988
0.207034
0.471904
0.276839
0.303676
0.185779
0.239607
0.153894
0.108195
0.520549
0.264625
0.278951
0.224605
0.215475
0.316776
0.329281
0.228315
0.216406
0.203137
0.244146
0.355448
0.401890
0.282561
0.092441
0.259369
0.226150
0.367075
0.391796
0.535650
0.441644
0.503735
0.503257
0.479693
0.247020
0.245333
0.238235
0.369440
0.202894
0.203827
0.232647
0.200966
0.299038
0.464484
0.219372
0.198136
0.643774
0.487846
0.480819
0.282367
0.247539
0.237350
0.249100
0.228200
0.153286
0.198900
0.289935
0.199274
0.209117
0.159060
0.194817
0.389800
0.193473
0.261240
0.342423
0.235153
0.398524
0.148131
0.209188
0.385112
0.371726
0.236043
0.131503
0.384620
0.252358
0.241870
0.359808
0.324800
0.636528
0.382112
0.234780
0.254022
0.650867
0.513903
0.165745
0.288428
0.147759
0.288494
0.198065
0.338785
0.182739
0.273304
0.164515
0.444258
0.381124
0.227747
0.446290
0.235438
0.239103
0.206753
0.197529
0.359125
0.761206
0.921339
0.559102
0.522303
0.310070
0.343364
0.424516
0.261425
0.331250
0.282854
0.149434
0.253215
0.249113
0.143764
0.139588
0.381372
0.233661
0.232920
0.198865
0.273936
0.398244
0.269719
0.272864
0.169680
0.167477
0.198160
0.357957
0.175299
0.207454
0.443165
0.205342
0.372008
0.201901
0.462334
0.320969
0.351005
0.258030
0.231400
0.268752
0.208656
0.252785
0.249155
0.221979
0.444102
0.367399
0.415855
0.357431
0.258523
0.205644
0.329983
0.229618
0.233508
0.196969
0.200126
0.258399
0.242198
0.451780
0.268602
0.290890
0.282953
0.283261
0.340647
0.293608
0.174047
0.326568
0.354527
0.304377
0.347613
0.228346
0.289764
0.277265
0.237922
0.136188
0.350852
0.222552
0.236642
0.231472
0.326765
0.278764
0.350198
0.281338
0.403021
0.185606
0.364128
0.286863
0.233247
0.363097
0.228259
0.397398
0.292370
0.195289
0.319505
0.310034
0.248778
0.156921
0.189217
0.257625
0.245046
0.463721
0.294264
0.209614
0.277478
0.239802
0.463055
0.255110
0.369088
0.147766
0.383250
0.165391
0.239594
0.175931
0.344936
0.229911
0.275101
0.425943
0.264233
0.130401
0.392389
0.496703
0.152833
0.281496
0.320486
0.392358
0.577638
0.549199
0.656873
0.446723
0.392184
0.340621
0.377925
0.329143
0.272081
0.328589
0.130414
0.282423
0.314033
0.221681
0.405189
0.288541
0.224311
0.140642
0.203452
0.283022
0.273179
0.135432
0.235475
0.261130
0.203759
0.187660
0.187432
0.288524
0.144780
0.316891
0.233398
0.356096
0.236518
0.274653
0.362292
0.353171
0.186400
0.292740
0.270453
0.283709
0.314726
0.180642
0.323842
0.566189
0.539706
0.475303
0.192571
0.256574
0.438829
0.367803
0.276964
0.261862
0.198085
0.232510
0.112560
0.177088
0.368805
0.544051
0.293252
0.246650
0.423701
0.233657
0.224806
0.200932
0.253294
0.403466
0.739649
0.497289
0.149614
0.171560
0.230395
0.203397
0.241888
0.391160
0.134454
0.309683
0.138743
0.165835
0.212506
0.159693
0.202133
0.188446
0.435493
0.473018
0.312380
0.225677
0.432494
0.517630
0.095705
0.197538
0.161244
0.225917
0.140859
0.277867
0.430365
0.266582
0.562941
0.436033
0.367903
0.336621
0.336906
0.343870
0.234060
0.312405
0.288035
0.288500
0.404074
0.275765
0.237539
0.629366
0.277761
0.171064
0.314158
0.373284
0.416793
0.441997
0.252087
0.348030
0.186758
0.325956
0.235963
0.187741
0.238654
0.473153
0.419931
0.381541
0.293927
0.167316
0.124005
0.237289
0.247536
0.138587
0.149148
0.325126
0.343578
0.349892
0.100490
0.258258
0.395961
0.505260
0.580082
0.223335
0.291933
0.131397
0.276604
0.288257
0.132399
0.351457
0.300401
0.336037
0.193575
0.244990
0.388563
0.218031
0.416873
0.232521
0.120078
0.424298
0.170251
0.355218
0.223313
0.147707
0.145153
0.249336
0.278621
0.232833
0.174004
0.377918
0.640855
0.233103
0.250951
0.187559
0.211037
0.256073
0.163725
0.590504
0.524438
0.230570
0.304249
0.276476
0.327102
0.624273
0.354812
0.340868
0.353105
0.347799
0.274275
0.494757
0.391031
0.267448
0.241546
0.164946
0.255640
0.434016
0.345595
0.278043
0.232991
0.353769
0.333144
0.417227
0.201580
0.187775
0.284931
0.202272
0.312158
0.374678
0.383768
0.278948
0.205853
0.124902
0.463420
0.145202
0.337136
0.399109
0.363996
0.124331
0.140683
0.160368
0.563120
0.338630
0.262363
0.270775
0.247528
0.686074
0.270042
0.419528
0.238476
0.458713
0.462363
0.169025
0.190533
0.260708
0.096467
0.169928
0.122852
0.156419
0.429480
0.219783
0.344528
0.248465
0.414618
0.322700
0.183307
0.371367
0.169471
0.231838
0.200304
0.132151
0.223581
0.190849
0.235745
0.255038
0.359378
0.286766
0.086345
0.136822
0.308518
0.299991
0.294389
0.273642
0.248528
0.280662
0.132530
0.619061
0.525957
0.496008
0.553542
0.432955
0.177510
0.318906
0.188426
0.266048
0.161970
0.361860
0.687958
0.872050
0.566067
0.338993
0.449615
0.186507
0.259319
0.356498
0.342059
0.150067
0.225637
0.284755
0.234957
0.350062
0.321485
0.133267
0.270994
0.244664
0.254261
0.357487
0.361252
0.278805
0.164940
0.387221
0.301511
0.163060
0.726424
0.498526
0.536530
0.565458
0.257906
0.353514
0.269090
0.209929
0.289577
0.456135
0.461541
0.266552
0.243162
0.350100
0.382492
0.270969
0.199722
0.197048
0.171101
0.389144
0.394739
0.158922
0.323800
0.355182
0.091494
0.326875
0.183344
0.202369
0.259805
0.373824
0.344305
0.345749
0.233485
0.230574
0.385650
0.385192
0.346701
0.348269
0.351442
0.492965
0.427579
0.505572
0.547641
0.269211
0.129033
0.313432
0.168098
0.140882
0.187094
0.356303
0.411775
0.399850
0.044764
0.461930
0.304912
0.146801
0.159656
0.217265
0.236702
0.149866
0.288980
0.455484
0.195522
0.281170
0.251106
0.146350
0.217989
0.095721
0.189787
0.090057
0.271933
0.302537
