2.297236
2.151285
2.145860
2.116690
2.084353
2.122824
2.013531
1.974419
1.826628
1.786163
1.787444
1.612640
1.569633
1.767257
2.007983
1.492122
1.268783
1.309877
1.372941
1.417327
1.383023
1.184724
1.516564
1.410099
1.323521
1.014021
0.923348
0.783997
0.951129
0.712151
1.073999
0.788737
0.846076
0.701277
0.935831
0.885783
0.875338
0.749860
0.678308
0.539203
0.788305
1.092665
0.957162
0.877533
0.545637
0.416159
0.545793
0.530755
0.707163
0.833567
0.595093
0.717727
0.843076
0.743409
0.896489
0.495193
0.723771
0.837405
0.566469
0.406832
0.494807
0.546150
0.382836
0.684923
0.586984
0.539970
0.573221
0.479486
0.552096
0.444368
0.226991
0.387975
0.436372
0.534635
0.359276
0.708942
0.952368
1.263366
0.890625
0.647352
0.510702
0.289978
0.573618
0.318778
0.403306
0.219148
0.372028
0.522181
0.800927
0.668487
0.563756
0.537077
0.313966
0.557676
0.212007
0.277724
0.708698
0.637150
0.420409
0.410754
0.496331
0.314764
0.417372
0.401287
0.467843
0.457545
0.553539
0.420060
0.294014
0.242710
0.294669
0.432664
0.490749
0.394910
0.243236
0.640797
0.288174
0.421879
0.583461
0.315555
0.398246
0.272674
0.408010
0.336431
0.645973
0.260322
0.231079
0.333548
0.589847
0.510798
0.165551
0.482703
0.243286
0.210150
0.320514
0.316807
0.338940
0.447181
0.184552
0.268808
0.302710
0.447290
0.307118
0.511019
0.407784
0.412674
0.386838
0.352601
0.432195
0.332178
0.289691
0.313190
0.578485
0.235820
0.315978
0.769028
0.618913
0.354563
0.406923
0.344990
0.455115
0.473530
0.249952
0.532683
0.520540
0.219836
0.246462
0.439203
0.235184
0.185141
0.200720
0.382448
0.263762
0.110867
0.233509
0.105492
0.241741
0.247609
0.444392
0.405514
0.275764
0.299226
0.231989
0.288041
0.539858
0.609617
0.698889
0.466903
0.488868
0.296439
0.349236
0.428253
0.305459
0.264324
0.433638
0.225424
0.310460
0.513078
0.357955
0.358971
0.337684
0.195267
0.300535
0.136453
0.194323
0.338320
0.463260
0.274722
0.207240
0.128643
0.417009
0.574046
0.684975
0.344952
0.367787
0.378354
0.453991
0.230081
0.296174
0.480047
0.456470
0.450408
0.300050
0.303278
0.149084
0.524899
0.580910
0.545848
0.319938
0.362818
0.398573
0.174925
0.243472
0.392517
0.457580
0.430345
0.449775
0.330239
0.185755
0.283834
0.186715
0.432858
0.471163
0.306516
0.428367
0.378642
0.328579
0.172315
0.172354
0.152245
0.360431
0.240716
0.306238
0.357981
0.241121
0.267886
0.233457
0.173831
0.328863
0.383965
0.415418
0.128382
0.168378
0.454260
0.263889
0.226124
0.248382
0.322145
0.551680
0.432263
0.606947
0.787854
0.826005
0.836699
0.346043
0.343876
0.349824
0.285517
0.385286
0.166465
0.240744
0.316892
0.202307
0.296207
0.262798
0.385616
0.320062
0.318706
0.292170
0.347758
0.451185
0.289600
0.355939
0.631444
0.282036
0.371380
0.274471
0.242708
0.338210
0.300700
0.435770
0.607244
0.421883
0.450370
0.317220
0.266309
0.295955
0.335529
0.300674
0.330408
0.148297
0.486923
0.347218
0.472253
0.193176
0.287650
0.216233
0.369265
0.430978
0.220667
0.365140
0.355134
0.487639
0.361671
0.298233
0.177649
0.372757
0.579253
0.257643
0.199954
0.206713
0.314200
0.351180
0.185817
0.211139
0.221413
0.244359
0.247299
0.212091
0.343057
0.225379
0.445791
0.135640
0.369718
0.587063
0.497812
0.312160
0.303702
0.197883
0.142881
0.375849
0.238591
0.356899
0.396055
0.122956
0.430669
0.261701
0.268259
0.234891
0.244093
0.387419
0.185134
0.553758
0.274693
0.521182
0.158377
0.424120
0.503663
0.245983
0.305468
0.238829
0.183134
0.477026
0.598200
0.413855
0.272536
0.238410
0.205449
0.131704
0.300809
0.389623
0.258660
0.207895
0.369632
0.336520
0.366998
0.228176
0.231064
0.184677
0.203964
0.378939
0.329991
0.411377
0.285240
0.432930
0.410113
0.234313
0.277448
0.104747
0.162413
0.403424
0.391912
0.920229
0.834201
0.505534
0.263257
0.379930
0.204243
0.211740
0.397559
0.260100
0.226568
0.231844
0.266958
0.299826
0.295345
0.278734
0.329079
0.353079
0.347457
0.424212
0.526779
0.309239
0.450543
0.322547
0.307165
0.162888
0.203671
0.310216
1.026407
0.264449
0.382381
0.261272
0.280821
0.271408
0.374926
0.302593
0.343376
0.351303
0.289557
0.155692
0.421755
0.514406
0.278777
0.202317
0.396671
0.207380
0.203033
0.258323
0.244812
0.243457
0.099205
0.244616
0.237281
0.431613
0.526901
0.426688
0.352313
0.610291
0.518200
0.300850
0.439959
0.183552
0.204442
0.258542
0.174862
0.302118
0.355581
0.580655
0.223464
0.216033
0.300726
0.343765
0.225302
0.253200
0.413862
0.283639
0.166216
0.219365
0.226185
0.256337
0.291609
0.343039
0.302004
0.134725
0.500250
0.364567
0.470231
0.624375
0.272400
0.132833
0.267055
0.270450
0.365981
0.441258
0.328312
0.215639
0.359370
0.351758
0.260532
0.253112
0.361716
0.159525
0.276654
0.209466
0.388168
0.389948
0.248366
0.265075
0.439201
0.081254
0.207677
0.200986
0.159084
0.205996
0.166817
0.222517
0.241025
0.217670
0.302774
0.466958
0.751229
0.858618
0.551472
0.644665
0.275070
0.436279
0.281334
0.396329
0.271622
0.467405
0.301761
0.327558
0.487699
0.299421
0.246544
0.429993
0.335118
0.279187
0.184814
0.265033
0.361269
0.572022
0.190874
0.214163
0.290733
0.217822
0.192827
0.380982
0.243190
0.442350
0.206180
0.174645
0.207701
0.527530
0.256607
0.129382
0.394224
0.194422
0.373356
0.401027
0.385662
0.179347
0.309087
0.337065
0.238761
0.242239
0.344871
0.320644
0.542657
0.431073
0.180434
0.250003
0.461898
0.395591
0.410818
0.329357
0.202634
0.322483
0.486579
0.553545
0.270990
0.290394
0.341027
0.452585
0.280464
0.301312
0.196110
0.327136
0.270174
0.383357
0.343062
0.298436
0.266020
0.183297
0.197607
0.374593
0.189357
0.248218
0.194810
0.208456
0.243311
0.377594
0.347844
0.431431
0.199304
0.381836
0.327841
0.434074
0.355214
0.212954
0.205061
0.215622
0.102881
0.291466
0.380954
0.157540
0.326033
0.297483
0.244002
0.299630
0.158971
0.159188
0.057009
0.436565
0.207799
0.330821
0.181158
0.440164
0.293305
0.421958
0.370179
0.319903
0.156285
0.336474
0.143795
0.488606
0.361447
0.359307
0.251941
0.245100
0.306483
0.278184
0.263395
0.148355
0.389796
0.421634
0.335533
0.268793
0.227350
0.362658
0.339561
0.245796
0.344542
0.147565
0.268326
0.467348
0.324730
0.296804
0.261784
0.366045
0.378054
0.270450
0.431275
0.531785
0.483536
0.260138
0.280094
0.179991
0.232798
0.308858
0.430356
0.439802
0.218581
0.180157
0.303534
0.388663
0.255392
0.471651
0.520041
0.256864
0.321160
0.410048
0.623628
0.819763
0.362158
0.328184
0.234826
0.263447
0.243389
0.283385
0.312127
0.499557
0.263510
0.240084
0.334230
0.250683
0.249132
0.199138
0.353955
0.243593
0.247557
0.232405
0.260941
0.172007
0.156167
0.195457
0.112056
0.375530
0.713132
0.524250
0.188505
0.385422
0.101603
0.257954
0.365038
0.321453
0.147880
0.481795
0.257078
0.337512
0.200261
0.331049
0.396769
0.324673
0.360565
0.303647
0.276744
0.405506
0.408698
0.319500
0.201802
0.127252
0.350657
0.256660
0.182104
0.212934
0.252202
0.284483
0.238873
0.325382
0.267445
0.492822
0.121694
0.262192
0.287357
0.345557
0.205057
0.204477
0.137022
0.271759
0.399938
0.553870
0.346293
0.468017
0.336752
0.176238
0.387363
0.227105
0.195339
0.299648
0.493843
0.581113
0.538635
0.277199
0.327583
0.417632
0.251356
0.178656
0.300774
0.385976
0.147237
0.186755
0.094378
0.332278
0.122113
0.298558
0.381952
0.318001
0.142649
0.187206
0.293529
0.144049
0.156223
0.151143
0.246951
0.208844
0.102658
0.106799
0.566612
0.329311
0.288207
0.178720
0.385042
0.407764
0.298204
0.165070
0.225472
0.486931
0.505911
0.216209
0.409101
0.196699
0.269284
0.245054
0.155318
0.332393
0.267996
0.393438
0.326446
0.292657
0.299740
0.131653
0.212554
0.331459
0.235632
0.284005
0.283055
0.415796
0.170322
0.303674
0.357616
0.363483
0.206058
0.366387
0.331074
0.495051
0.312236
0.231179
0.134165
0.304119
0.311929
0.349176
0.286348
0.381130
0.426363
0.240201
0.489307
0.240436
0.477045
0.230560
0.281471
0.297331
0.180631
0.099523
0.376235
0.286150
0.223764
0.220348
0.211322
0.489172
0.280834
0.127430
0.364133
0.751386
0.293029
0.398070
0.395094
0.240790
0.298863
0.310100
0.272945
0.267803
0.186159
0.338645
0.509897
0.256026
0.154936
0.324449
0.214214
0.416388
0.307060
0.257515
0.196510
0.244875
0.198893
0.334651
0.213431
0.397254
0.298473
0.425079
0.369771
0.273915
0.172939
0.254137
0.361224
0.181096
0.288648
0.480439
0.276272
0.420290
0.303727
0.168496
0.298251
0.337007
0.265340
0.447682
0.386002
0.197206
0.248778
0.474241
0.207905
0.337198
0.415642
0.175211
0.223852
0.383504
0.312998
0.263818
0.192518
0.379013
0.175417
0.161672
0.202469
0.240650
0.226987
0.326953
0.427958
0.352008
0.441475
0.272628
0.391485
0.114908
0.304283
0.286888
0.206681
0.189431
0.253740
0.217689
0.417291
0.243908
0.380179
0.328422
0.258616
0.327794
0.149756
0.224556
0.366951
0.482002
0.579675
0.329815
0.276516
0.429058
0.458217
0.209769
0.197247
0.242937
0.352284
0.293321
0.169605
0.331234
0.191937
0.271789
0.304148
0.483985
0.474089
0.508777
0.440882
0.419970
0.259628
0.223236
0.370758
0.212635
0.149370
0.200232
0.270564
0.299212
0.193878
0.199543
0.337593
0.159323
0.385984
0.177421
0.186125
0.223815
0.441829
0.260837
0.129736
0.541966
0.362626
0.230680
0.378551
0.335675
0.345641
0.198586
0.223890
0.077301
0.389903
0.218791
0.302995
0.232123
0.414919
0.382729
0.143169
0.354326
0.276071
0.425486
0.313664
0.260782
0.243606
0.152335
0.195689
0.237936
0.232580
0.430062
0.320666
0.262358
0.198752
0.300265
0.338512
0.304023
0.443421
0.301996
0.441057
0.433145
0.259730
0.289272
0.151951
0.327010
0.338217
0.289897
0.286029
0.233466
0.270400
0.321437
0.159661
0.304675
0.192454
0.259030
0.175738
0.509500
0.358019
0.381455
0.285398
0.261821
0.126898
0.182946
0.322736
0.403910
0.247213
0.394498
0.398566
0.435113
0.449232
0.290105
0.301286
0.234873
0.443775
0.339126
0.206994
0.175255
0.389959
0.375531
0.209279
0.341473
0.168269
0.333508
0.150726
0.171489
0.506551
0.291172
0.462279
0.244911
0.316639
0.193619
0.139542
0.171545
0.240061
0.211146
0.522563
0.737008
0.730179
0.328568
0.233635
0.354688
0.265642
0.400970
0.470564
0.400407
0.230971
0.227956
0.280771
0.207410
0.457085
0.294022
0.326952
0.555593
0.198752
0.146110
0.323004
0.225935
0.362929
0.253170
0.249222
0.235606
0.359882
0.237417
0.343409
0.425360
0.348363
0.174180
0.364547
0.187876
0.172267
0.352589
0.291542
0.321267
0.305563
0.391245
0.403119
0.429335
0.448985
0.116607
0.441326
0.139397
0.198872
0.133246
0.183413
0.252020
0.332624
0.295056
0.285728
0.174657
0.363337
0.142697
0.125531
0.375220
0.294526
0.171176
0.450364
0.231058
0.291217
0.234798
0.265525
0.167338
0.117470
0.218638
0.242899
0.556345
0.242155
0.200932
0.175942
0.364344
0.276733
0.321085
0.241090
0.493018
0.494972
0.341125
0.511474
0.278086
0.593508
0.234531
0.356441
0.340831
0.275407
0.281748
0.422409
0.329760
0.501618
0.516018
0.230705
0.339800
0.236366
0.397540
0.354702
0.290398
0.199077
0.220125
0.158669
0.195903
0.250190
0.374678
0.226817
0.205396
0.172346
0.250055
0.163153
0.187769
0.235738
0.266855
0.229334
0.243756
0.248685
0.259242
0.174237
0.330592
0.240455
0.353606
0.276482
0.292997
0.488560
0.254734
0.257233
0.217524
0.302226
0.242165
0.178423
0.249353
0.172736
0.340103
0.233064
0.188457
0.302903
0.221968
0.358239
0.267168
0.149815
0.241458
0.269692
0.488983
0.581588
0.386419
0.231824
0.276040
0.308159
0.122906
0.215201
0.253963
0.377757
0.563210
0.429039
0.241164
0.254564
0.333757
0.174345
0.179687
0.161983
0.227338
0.392956
0.579925
0.145988
0.207911
0.299240
0.291111
0.182973
0.429190
0.507626
0.673816
0.415617
0.424268
0.430459
0.374682
0.697197
0.462895
0.276999
0.164358
0.392025
0.367455
0.203116
0.223049
0.316608
0.176381
0.194495
0.265059
0.215409
0.126434
0.113759
0.198316
0.317299
0.176633
0.309022
0.191303
0.334261
0.341776
0.369915
0.336500
0.268687
0.397734
0.455833
0.490197
0.473013
0.393709
0.329265
0.358860
0.505505
0.360168
0.108216
0.239135
0.170375
0.350410
0.231915
0.260997
0.214763
0.200932
0.500048
0.365117
0.360272
0.152581
0.149103
0.672832
0.311378
0.577705
0.515604
0.240327
0.200838
0.323783
0.303163
0.283114
0.125330
0.340959
0.427203
0.141817
0.272991
0.158640
0.351527
0.407265
0.295445
0.289026
0.257686
0.227036
0.232827
0.247423
0.184041
0.270407
0.224969
0.071699
0.226364
0.407572
0.297794
0.399676
0.306919
0.272860
0.359700
0.142899
0.249116
0.234515
0.382102
0.262453
0.224577
0.358824
0.494351
0.387439
0.271965
0.265060
0.210718
0.397317
0.242090
0.147160
0.236400
0.225296
0.228500
0.337783
0.337800
0.279856
0.462529
0.507626
0.184071
0.366348
0.186625
0.157825
0.200187
0.253607
0.182162
0.335967
0.306675
0.220390
0.342324
0.339950
0.438500
0.475872
0.186227
0.495677
0.429896
0.267421
0.207143
0.388026
0.345409
0.398624
0.297244
0.135945
0.229814
0.436017
0.240365
0.289683
0.232369
0.454448
0.137252
0.213592
0.257030
0.245527
0.206503
0.231054
0.345434
0.488383
0.424812
0.271609
0.460454
0.148117
0.247002
0.453154
0.395060
0.273486
0.341149
0.481945
0.686449
0.467053
0.358884
0.298913
0.369846
0.238503
0.344835
0.346628
0.253037
0.140475
0.201912
0.197838
0.233477
0.406074
0.383596
0.165747
0.157029
0.162940
0.223578
0.260606
0.195350
0.253368
0.163368
0.212478
0.183563
0.306359
0.248310
0.202842
0.174847
0.391722
0.193807
0.379043
0.245973
0.320418
0.394672
0.390981
0.440528
0.155601
0.251793
0.204735
0.324017
0.312546
0.352356
0.454221
0.595013
0.350359
0.258807
0.250985
0.497049
0.374650
0.503827
0.192148
0.346993
0.248027
0.315848
0.193704
0.123131
0.264095
0.095200
0.233701
0.195107
0.185637
0.133616
0.414427
0.531872
0.263078
0.138654
0.400950
0.415657
0.325409
0.254253
0.309011
0.245099
0.371579
0.252116
0.187182
0.196097
0.180379
0.223626
0.269602
0.215238
0.145070
0.218009
0.299327
0.452255
0.219324
0.242059
0.216734
0.299699
0.692659
0.570806
0.712424
0.584563
0.203846
0.304578
0.279463
0.184795
0.585403
0.304136
0.214258
0.267404
0.257211
0.205827
0.246771
0.499358
0.265646
0.400909
0.128920
0.300679
0.297374
0.245311
0.281396
0.358642
0.194979
0.254153
0.222000
0.220073
0.291100
0.163832
0.313929
0.264030
0.310562
0.428123
0.368215
0.286852
0.216981
0.227165
0.230526
0.238668
0.291318
0.242119
0.198930
0.485866
0.299115
0.236990
0.167463
0.396027
0.231226
0.301266
0.184435
0.426175
0.159829
0.263134
0.410269
0.214388
0.248610
0.197011
0.350792
0.367690
0.328612
0.373055
0.273915
0.156693
0.151868
0.328270
0.540104
0.178574
0.233271
0.143630
0.410089
0.338160
0.159735
0.473927
0.245645
0.099375
0.193679
0.388168
0.372587
0.483511
0.349854
0.220858
0.427351
0.260085
0.361974
0.377147
0.206086
0.233526
0.231507
0.144663
0.134155
0.190825
0.355622
0.330504
0.355419
0.486869
0.300937
0.261122
0.192898
0.121115
0.363314
0.243563
0.250535
0.259972
0.261302
0.161954
0.249415
0.159336
0.334171
0.113184
0.280531
0.119823
0.296481
0.226083
0.249786
0.183492
0.191500
0.345715
0.180143
0.206955
0.300717
0.284876
0.262988
0.271389
0.414329
0.207865
0.247098
0.232677
0.257355
0.247434
0.584178
0.812927
0.437344
0.271564
0.388764
0.408183
0.446534
0.329766
0.261513
0.246533
0.233427
0.281020
0.252091
0.354871
0.206374
0.211003
0.442825
0.303202
0.130756
0.516954
0.426800
0.323408
0.341928
0.294024
0.275374
0.147598
0.223225
0.226568
0.503591
0.286211
0.433110
0.324140
0.238985
0.291739
0.407247
0.401779
0.300628
0.135322
0.331104
0.144618
0.374032
0.224678
0.254255
0.519741
0.392971
0.254648
0.306807
0.164231
0.342748
0.632340
0.256684
0.182207
0.477653
0.308375
0.160206
0.316458
0.363812
0.270795
0.328251
0.236972
0.347171
0.245021
0.177223
0.408334
0.534974
0.269099
0.165230
0.247449
0.417465
0.237067
0.236753
0.398525
0.455094
0.783685
0.379638
0.343397
0.319486
0.447795
0.259225
0.221144
0.248314
0.216423
0.236290
0.313845
0.376007
0.299025
0.229165
0.342865
0.188100
0.285984
0.375911
0.569081
0.336127
0.185994
0.336090
0.184815
0.247727
0.438945
0.648055
0.212976
0.241563
0.474306
0.219174
0.334084
0.163112
0.417291
0.347661
0.156456
0.176249
0.160075
0.161319
0.221038
0.260024
0.281737
0.261012
0.124818
0.224117
0.385399
0.334847
0.401923
0.582326
0.490885
0.730942
0.436627
0.305696
0.215445
0.276261
0.216606
0.133047
0.296296
0.411834
0.195725
0.332295
0.243784
0.153910
0.275124
0.429290
0.291955
0.192633
0.112577
0.270553
0.317187
0.361320
0.293222
0.129405
0.406464
0.250035
0.234152
0.168700
0.225282
0.192407
0.135720
0.467775
0.295859
0.413333
0.338849
0.265574
0.193517
0.252469
0.209814
0.262694
0.158864
0.319448
0.188434
0.261562
0.301513
0.394701
0.478851
0.553085
0.511615
0.197317
0.259358
0.126337
0.513705
0.213636
0.199780
0.220105
0.205640
0.242556
0.247172
0.419901
0.229163
0.295277
0.196484
0.284508
0.177553
0.243933
0.210553
0.164520
0.204745
0.201424
0.277500
0.282683
0.246114
0.436833
0.770971
0.446066
0.497289
0.264084
0.219379
0.161979
0.304120
0.350030
0.197101
0.285649
0.189916
0.369120
0.515216
0.320498
0.629965
0.229316
0.204033
0.321991
0.281093
0.207016
0.383181
0.197797
0.334402
0.494669
0.214859
0.223144
0.317757
0.170035
0.255829
0.176026
0.394122
0.132238
0.444100
0.322869
0.227959
0.423654
0.261546
0.222037
0.164418
0.252700
0.088329
0.344318
0.267364
0.254611
0.175790
0.359868
0.183402
0.245917
0.236137
0.303299
0.292049
0.200370
0.603845
0.340694
0.243917
0.392492
0.341923
0.211947
0.106474
0.271148
0.290014
0.220863
0.395687
0.441648
0.403417
0.147744
0.142948
0.335389
0.243474
0.312442
0.229186
0.215371
0.183975
0.174904
0.209652
0.361142
0.307268
0.377812
0.713515
0.783607
1.019418
0.332813
0.449143
0.436241
0.318080
0.243954
0.294503
0.245538
0.252048
0.288419
0.169428
0.301069
0.354695
0.255170
0.513811
0.330866
0.133514
0.315328
0.218179
0.340330
0.427557
0.517560
0.320146
0.534526
0.335345
0.188875
0.209674
0.251185
0.362523
0.344908
0.513952
0.435742
0.407870
0.251735
0.165299
0.415912
0.518613
0.330453
0.402170
0.307302
0.167366
0.288499
0.278532
0.330728
0.318502
0.365080
0.288275
0.229766
0.112457
0.347526
0.177245
0.144145
0.287657
0.325361
0.241946
0.115309
0.241053
0.284370
0.331617
0.253439
0.324873
0.268327
0.606399
0.306117
0.245527
0.505401
0.312312
0.328337
0.198255
0.186193
0.435895
0.266672
0.194950
0.259444
0.287575
0.224695
0.281809
0.225688
0.231757
0.259348
0.337521
0.322084
0.205663
0.285123
0.485565
0.302483
0.113269
0.290340
0.417288
0.329471
0.341520
0.364670
0.371964
0.357396
0.400793
0.338445
0.292525
0.416970
0.261683
0.372376
0.113180
0.320715
0.219598
0.286460
0.252143
0.098882
0.226871
0.321332
0.255033
0.241284
0.111241
0.212572
0.320343
0.393719
0.229318
0.240114
0.248819
0.260450
0.336739
0.220098
0.191226
0.189564
0.397712
0.269627
0.329272
0.444887
0.237125
0.171902
0.181269
0.229448
0.423883
0.280583
0.276495
0.331888
0.437925
0.268908
0.280632
0.270242
0.359522
0.600870
0.666037
0.141269
0.521059
0.258563
0.125573
0.133302
0.462127
0.280744
0.346114
0.190836
0.118885
0.326293
0.423313
0.478420
0.275040
0.369408
0.310169
0.300707
0.253136
0.279514
0.244158
0.207623
0.170498
0.318520
0.557275
0.353360
0.201959
0.219972
0.234279
0.307814
0.314108
0.215025
0.256369
0.326826
0.547077
0.266189
0.294821
0.347692
0.272646
0.172081
0.267573
0.159718
0.453478
0.284113
0.335872
0.254943
0.345974
0.380063
0.281621
0.160134
0.213610
0.249578
0.245749
0.356252
0.252339
0.322827
0.113895
0.288671
0.260085
0.175014
0.196903
0.152146
0.439818
0.364060
0.199500
0.440175
0.277982
0.269064
0.253997
0.197557
0.250682
0.106353
0.309397
0.455357
0.334217
0.299731
0.189371
0.366067
0.385786
0.329639
0.496467
0.322003
0.193943
0.396167
0.226818
0.218154
0.183735
0.212366
0.320213
0.410572
0.342788
0.223894
0.201039
0.164983
0.126333
0.437973
0.320169
0.587699
0.589758
0.196829
0.226874
0.249271
0.169719
0.213019
0.343288
0.425330
0.301255
0.448786
0.324630
0.313081
0.368393
0.154695
0.189095
0.346804
0.266605
0.351782
0.301085
0.356046
0.387995
0.546890
0.498803
0.338122
0.196923
0.313665
0.321963
0.483979
0.427698
0.231250
0.226785
0.196027
0.287007
0.246469
0.349794
0.276668
0.172678
0.273870
0.399161
0.236481
0.299347
0.333598
0.242762
0.358785
0.336730
0.096902
0.180350
0.256423
0.323670
0.528750
0.385684
0.405312
0.224151
0.245008
0.171196
0.342896
0.316963
0.332980
0.355485
0.393663
0.333018
0.438554
0.197943
0.203914
0.309777
0.178788
0.289792
0.341812
0.296226
0.256595
0.169721
0.288713
0.146188
0.314382
0.187952
0.291209
0.184064
0.196066
0.224303
0.427863
0.321617
0.288187
0.218734
0.317653
0.380832
0.208542
0.273968
0.254972
0.329899
0.119805
0.137715
0.134682
0.376056
0.265494
0.310346
0.425204
0.264590
0.165299
0.306547
0.143604
0.281206
0.218268
0.313366
0.449413
0.411568
0.262073
0.276376
0.346930
0.311311
0.225896
0.191771
0.128740
0.138978
0.154855
0.196389
0.456974
0.225071
0.232391
0.143678
0.219077
0.323016
0.245011
0.310739
0.224257
0.186174
0.285586
0.181159
0.306531
0.228146
0.345030
0.627188
0.289995
0.340235
0.290997
0.578773
0.326533
0.374257
0.380289
0.446318
0.197917
0.132557
0.308703
0.305750
0.417281
0.298598
0.306484
0.212534
0.204267
0.218152
0.190799
0.429649
0.281891
0.260433
0.304077
0.392726
0.161156
0.149911
0.323507
0.294683
0.285644
0.245269
0.346388
0.365846
0.277606
0.180811
0.206176
0.427238
0.307557
0.427151
0.181758
0.228284
0.273725
0.331541
0.301286
0.233278
0.366207
0.141870
0.257708
0.170247
0.291153
0.412369
0.319388
0.364984
0.682951
0.590839
0.243146
0.144144
0.214237
0.249053
0.464356
0.517497
0.328828
0.359754
0.129847
0.216994
0.143747
0.227835
0.205814
0.555094
0.317759
0.200359
0.091156
0.342947
0.383343
0.588704
0.285049
0.178684
0.426749
0.294014
0.255547
0.241634
0.352050
0.218193
0.160624
0.362726
0.292963
0.167337
0.128343
0.225340
0.396526
0.160729
0.145027
0.252895
0.435097
0.179793
0.148599
0.328186
0.551656
0.276663
0.259878
0.169767
0.247783
0.267792
0.270779
0.262431
0.170919
0.263550
0.163062
0.176181
0.235711
0.271979
0.159640
0.413925
0.432163
0.233882
0.115040
0.620639
0.548805
0.320535
0.422859
0.357557
0.311813
0.351650
0.406448
0.470066
0.212773
0.308858
0.300228
0.331792
0.346585
0.419769
0.378622
0.424752
0.327865
0.245249
0.154456
0.379303
0.558804
0.265251
0.337570
0.262263
0.198380
0.448584
0.295950
0.273724
0.324885
0.378130
0.288978
0.281839
0.490774
0.359582
0.436751
0.244613
0.280980
0.262483
0.302642
0.347096
0.175448
0.315010
0.270500
0.344800
0.171571
0.405042
0.360926
0.227883
0.223512
0.351325
0.292666
0.443853
0.589114
0.376457
0.396545
0.321697
0.483133
0.248712
0.255361
0.210061
0.258934
0.312061
0.356528
0.318152
0.353283
0.301212
0.285629
0.243631
0.422481
0.247876
0.113014
0.206420
0.459471
0.228638
0.196968
0.268316
0.315711
0.091673
0.109190
0.171423
0.239801
0.363943
0.212988
0.247702
0.284339
0.245926
0.255980
0.346605
0.247873
0.309950
0.464270
0.275879
0.171686
0.142162
0.232744
0.476853
0.494122
0.373435
0.424424
0.252496
0.332679
0.187531
0.177064
0.251829
0.384295
0.164472
0.307338
0.257640
0.157342
0.235980
0.392361
0.259026
0.289481
0.404408
0.282836
0.214686
0.359259
0.534197
0.450629
0.465747
0.523064
0.620270
0.344958
0.372044
0.275559
0.352258
0.433466
0.370893
0.262777
0.410500
0.430322
0.268391
0.332119
0.571510
0.472873
0.384267
0.127323
0.205013
0.312318
0.362337
0.241990
0.201591
0.657807
0.458829
0.409664
0.356718
0.220747
0.463532
0.258569
0.151358
0.384854
0.153284
0.269648
0.351730
0.190855
0.099853
0.105486
0.415150
0.422170
0.469592
0.451335
0.376771
0.303964
0.217621
0.393650
0.332854
0.341342
0.447531
0.223150
0.210785
0.647161
0.484854
0.474924
0.179745
0.182819
0.443085
0.254700
0.200621
0.135889
0.291077
0.396168
0.287383
0.446714
0.383270
0.187662
0.420790
0.179258
0.398230
0.236236
0.284900
0.355053
0.280443
0.221704
0.180507
0.231559
0.169506
0.185328
0.300852
0.240656
0.245792
0.353827
0.141051
0.155208
0.302546
0.384046
0.313291
0.315092
0.205395
0.174878
0.222154
0.431909
0.268784
0.339378
0.289825
0.322553
0.198704
0.282647
0.314296
0.236295
0.132077
0.216447
0.222371
0.255886
0.295511
0.441127
0.364379
0.363922
0.205146
0.259916
0.371438
0.307525
0.207245
0.368656
0.211358
0.106782
0.170383
0.321577
0.289390
0.271580
0.227145
0.227863
0.437970
0.234591
0.298677
0.237290
0.194863
0.251340
0.316491
0.223078
0.288853
0.370851
0.229160
0.272157
0.487125
0.257478
0.176351
0.169390
0.179676
0.295959
0.298702
0.252101
0.167770
0.303540
0.190945
0.230992
0.176952
0.270279
0.227684
0.137406
0.324812
0.350629
0.218787
0.159755
0.362852
0.133520
0.229785
0.134826
0.654117
1.595981
1.062376
0.387008
0.420232
0.358872
0.202971
0.285036
0.547031
0.324617
0.395096
0.318629
0.223805
0.293822
0.327792
0.232811
0.296308
0.153331
0.308626
0.293091
0.248871
0.304110
0.302861
0.199599
0.111977
0.132423
0.157146
0.234485
0.318768
0.171137
0.303801
0.313810
0.338192
0.266771
0.393297
0.500369
0.476971
0.281196
0.141604
0.352250
0.243262
0.334701
0.247216
0.280197
0.213597
0.311401
0.367264
0.500703
0.301282
0.170629
0.217083
0.356651
0.213521
0.222180
0.518064
0.414625
0.261556
0.296873
0.193346
0.204111
0.334685
0.341313
0.141771
0.198106
0.418779
0.486737
0.324593
0.372977
0.177047
0.285826
0.262911
0.513700
0.156882
0.210821
0.157315
0.307617
0.126502
0.106973
0.231969
0.323140
0.152158
0.172857
0.107582
0.175662
0.250119
0.485014
0.185922
0.291475
0.175322
0.129463
0.454222
0.356853
0.346788
0.483434
0.089116
0.362915
0.604420
0.335687
0.161512
0.326933
0.299699
0.262547
0.274105
0.238707
0.344601
0.612173
0.567019
0.116615
0.185876
0.263394
0.479093
0.494119
0.254786
0.432785
0.222373
0.251718
0.390310
0.266794
0.234368
0.249905
0.236612
0.248964
0.327703
0.604279
0.171158
0.302562
0.287176
0.282947
0.359889
0.280413
0.235165
0.109859
0.170682
0.294305
0.395190
0.399155
0.240390
0.133516
0.466565
0.302697
0.300400
0.260931
0.329730
0.102267
0.272936
0.205096
0.272574
0.207121
0.143785
0.337720
0.263823
0.270391
0.338607
0.507686
0.330077
0.327702
0.342342
0.408879
0.202269
0.502079
0.255272
0.207610
0.302793
0.500836
0.391604
0.202208
0.401759
0.523522
0.389135
0.262932
0.362973
0.224435
0.211073
0.326713
0.152824
0.131380
0.142972
0.142138
0.402057
0.210367
0.440502
0.443181
0.318720
0.126546
0.318519
0.248690
0.273474
0.269927
0.212641
0.242391
0.481145
0.516991
0.171203
0.316526
0.159617
0.354357
0.272299
0.380922
0.195473
0.251812
0.424198
0.232237
0.315914
0.254708
0.337769
0.272260
0.242307
0.232833
0.275096
0.089763
0.380231
0.343574
0.206474
0.175202
0.164152
0.395365
0.296547
0.255837
0.245878
0.235969
0.364683
0.248915
0.174793
0.306429
0.443113
0.219840
0.155404
0.181670
0.204964
0.174130
0.396908
0.416730
0.175704
0.220420
0.338278
0.156020
0.206843
0.236774
0.260801
0.385251
0.096643
0.650821
0.543928
0.262536
0.204987
0.248846
0.093608
0.306289
0.226853
0.198841
0.457259
0.271115
0.214104
0.322161
0.103368
0.522464
0.349610
0.203160
0.197457
0.524691
0.188734
0.253310
0.266169
0.344762
0.299072
0.193072
0.197944
0.298701
0.290105
0.326549
0.263145
0.379107
0.257020
0.369165
0.277210
0.171996
0.258239
0.469863
0.205037
0.348201
0.322472
0.170772
0.159838
0.312116
0.221980
0.260939
0.231194
0.193239
0.176960
0.178757
0.260644
0.396765
0.571644
0.356030
0.183570
0.318364
0.293874
0.213353
0.208788
0.205871
0.290828
0.261601
0.451398
0.177160
0.246110
0.376260
0.711736
0.804033
0.756380
0.400662
0.312342
0.296929
0.362614
0.223863
0.209227
0.319962
0.293950
0.457366
0.291137
0.302903
0.243250
0.279409
0.296014
0.182071
0.366170
0.293470
0.264910
0.241026
0.387095
0.268815
0.314826
0.384622
0.209889
0.263571
0.194352
0.370289
0.192706
0.398952
0.367593
0.300253
0.312183
0.375551
0.372920
0.386589
0.516573
0.171900
0.347789
0.165826
0.234002
0.249280
0.450845
0.287476
0.243668
0.330270
0.245036
0.163972
0.154091
0.175247
0.189251
0.504565
0.258677
0.399690
0.407928
0.269546
0.231220
0.211600
0.227246
0.382224
0.334669
0.229353
0.120790
0.415985
0.314128
0.163820
0.435908
0.272051
0.269811
0.354120
0.284118
0.181925
0.355725
0.225938
0.229791
0.570849
0.397102
0.462782
0.267179
0.555177
0.464753
0.159864
0.291577
0.340549
0.108653
0.275294
0.140729
0.211902
0.443119
0.300789
0.169376
0.174285
0.255137
0.291496
0.391158
0.480569
0.373609
0.300107
0.376207
0.392425
0.361194
0.150695
0.242390
0.333622
0.282494
0.116230
0.254102
0.254974
0.216413
0.416666
0.300502
0.204847
0.163478
0.097332
0.418018
0.410124
0.196104
0.278240
0.518008
0.368959
0.183422
0.382187
0.582836
0.242042
0.203079
0.409158
0.317026
0.279967
0.330222
0.335369
0.330548
0.195498
0.157140
0.320785
0.095961
0.248604
0.157131
0.156655
0.469128
0.215649
0.213224
0.366929
0.350595
0.291019
0.197730
0.245594
0.157835
0.075742
0.151382
0.339312
0.204774
0.082935
0.265892
0.372449
0.298393
0.200037
0.134303
0.222006
0.128918
0.123407
0.069983
0.310849
0.272357
0.154913
0.154477
0.242905
0.386363
0.459662
0.503335
0.253735
0.146247
0.443370
0.257792
0.217640
0.182590
0.285576
0.154784
0.397053
0.361326
0.179395
0.304777
0.599659
0.364122
0.288938
0.328565
0.453814
0.270312
0.229991
0.280374
0.239903
0.140040
0.446954
0.249896
0.206454
0.317769
0.493849
0.778067
0.201365
0.372232
0.513783
0.326920
0.366491
0.200227
0.233808
0.416995
0.215256
0.106199
0.283977
0.280929
0.161500
0.184255
0.352688
0.173190
0.273221
0.149786
0.410256
0.410799
0.285613
0.121045
0.175516
0.206423
0.187594
0.146770
0.171101
0.324439
0.227062
0.213427
0.383666
0.331374
0.365674
0.229347
0.089428
0.355218
0.290876
0.301716
0.411620
0.323865
0.157834
0.403050
0.339342
0.376261
0.414184
0.665479
0.294149
0.272700
0.087021
0.215574
0.253011
0.358833
0.140043
0.233645
0.216856
0.295844
0.404523
0.316310
0.197724
0.253575
0.173162
0.242182
0.193406
0.289663
0.218156
0.158160
0.304057
0.239983
0.518906
0.488410
0.167503
0.310980
0.226987
0.182728
0.278203
0.148368
0.306511
0.384588
0.418119
0.156048
0.247287
0.174094
0.173890
0.319865
0.355713
0.430153
0.205676
0.222917
0.281560
0.322214
0.257855
0.212105
0.170651
0.402783
0.338618
0.272708
0.303864
0.230927
0.263544
0.208913
0.379473
0.283640
0.197359
0.385982
0.148139
0.714451
0.418877
0.293976
0.343320
0.215743
0.270226
0.248364
0.290890
0.217510
0.247432
0.471938
0.312518
0.416714
0.221212
0.059104
0.251982
0.216807
0.345687
0.379738
0.371360
0.636427
0.417191
0.295360
0.169889
0.182099
0.427406
0.231744
0.330606
0.272011
0.217450
0.211380
0.307001
0.154245
0.285308
0.262376
0.389294
0.199685
0.111607
0.333706
0.287973
0.183062
0.185925
0.248907
0.385656
0.235701
0.285493
0.396652
0.245599
0.092517
0.156579
0.173628
0.170532
0.182013
0.374863
0.216205
0.209233
0.312295
0.164697
0.297449
0.248851
0.242479
0.170731
0.273335
0.141215
0.323094
0.227805
0.206418
0.280950
0.311269
0.507153
0.396448
0.325507
0.356646
0.315379
0.181647
0.415778
0.349711
0.308837
0.284440
0.347135
0.181663
0.477465
0.190486
0.453786
0.337210
0.326064
0.286216
0.257817
0.315590
0.217385
0.355663
0.269549
0.251218
0.306773
0.185469
0.233486
0.229766
0.354124
0.196722
0.267488
0.168683
0.168493
0.251561
0.285340
0.503114
0.481607
0.373404
0.259859
0.191741
0.233049
0.218521
0.219915
0.239895
0.159670
0.445875
0.332172
0.331164
0.264323
0.312860
0.268103
0.135730
0.271944
0.216686
0.166431
0.298012
0.381875
0.247547
0.149745
0.371828
0.250645
0.350199
0.304937
0.243017
0.324047
0.347013
0.358679
0.249851
0.287102
0.296915
0.418071
0.460085
0.282716
0.231607
0.407155
0.102439
0.238007
0.288314
0.356028
0.290691
0.338946
0.261383
0.356405
0.499174
0.431573
0.167552
0.232198
0.195298
0.178780
0.270162
0.377530
0.150253
0.240994
0.178272
0.222491
0.201164
0.217795
0.246004
0.122028
0.361066
0.152008
0.134411
0.167480
0.303075
0.156655
0.180666
0.163467
0.248874
0.372035
0.376370
0.791642
0.315365
0.144354
0.190254
0.088683
0.320957
0.142569
0.291199
0.377552
0.190094
0.157762
0.125066
0.093452
0.136179
0.138835
0.372463
0.275715
0.208721
0.326693
0.257730
0.597701
0.673419
0.732900
0.539838
0.187193
0.249156
0.264559
