2.418849
2.236170
1.993392
2.173221
2.140826
2.117776
2.047079
2.177795
2.052310
1.927655
1.984962
2.176241
1.921837
1.981098
2.018462
1.985340
1.974759
1.939398
1.983717
2.038623
1.974701
2.020460
2.188296
2.030726
2.004204
1.913590
2.055308
1.963872
2.033061
1.841577
1.903590
2.093549
1.815266
1.812895
1.875510
1.868255
1.900774
1.841927
1.967987
1.965084
2.065818
1.894929
1.867378
1.791923
1.934064
1.848903
1.817953
1.792959
1.818353
1.779720
1.921046
1.735812
1.846249
1.804904
2.051849
1.967386
1.752006
1.944768
1.743283
1.868669
1.730619
1.857662
1.939655
1.939236
1.960868
1.786329
1.836348
1.907404
1.844522
1.831496
1.962875
1.916705
1.768341
1.852822
1.721188
1.807566
1.922937
1.929563
1.765467
2.061947
1.960986
1.935538
1.756433
1.683707
1.907509
1.810203
1.788972
1.947383
1.831523
1.742972
1.889935
1.674302
1.832015
1.697513
1.814793
1.841969
1.901967
1.792969
1.855762
1.954321
1.636943
1.895937
1.767944
1.775289
1.793794
1.921342
1.736529
1.830474
1.719642
1.815068
1.659690
1.874278
1.815892
1.711123
1.848202
1.877357
1.829223
1.842954
1.696619
1.563755
1.718062
1.754168
1.680982
1.764407
1.813410
1.754491
1.621639
1.819972
1.794055
1.958773
1.665133
1.799627
1.828459
1.623112
1.894754
1.917074
1.774194
2.064032
1.752518
1.885218
1.630526
1.816196
1.622118
1.782711
1.744884
1.703290
1.595789
1.692088
1.990001
1.671955
1.768980
1.782435
1.835606
2.052333
1.772271
1.741401
1.641343
1.770459
1.841309
1.829460
2.064579
2.047575
1.691563
1.781006
1.778288
1.670593
1.666119
1.681505
1.737516
1.952292
1.753083
1.830518
1.798108
1.830173
1.807499
1.665859
1.707572
1.778078
1.706406
1.858491
1.702911
1.677841
1.782654
1.850375
1.824921
1.588020
1.654171
1.800231
1.633341
1.630508
1.790634
1.683699
1.664985
1.996705
1.707934
1.595591
1.681278
1.702691
1.837356
1.662591
1.793937
1.742831
1.624414
1.929939
1.779048
1.740870
1.757570
1.731509
1.720797
1.814542
1.800339
1.627047
1.771919
1.852772
1.850687
1.553019
1.837776
1.667453
1.811909
1.900760
1.630342
1.744444
1.670582
1.710496
1.821592
1.767971
1.815507
1.736447
1.870881
1.811228
1.709523
1.843477
1.990193
1.718092
1.630539
1.654319
1.806193
1.994534
1.539262
1.723207
1.531955
1.626007
1.699767
1.619272
1.794838
1.791457
1.797664
1.765875
1.961006
1.748393
1.688290
1.747927
1.582838
1.661206
1.646636
1.591958
1.746402
1.815590
1.740537
1.819366
1.634478
1.871966
1.708789
1.675953
1.808563
1.904997
1.769536
1.724748
1.739405
1.645872
1.486824
1.521273
1.907657
1.838730
1.659289
1.754078
1.716275
1.614899
1.706311
1.704172
1.721839
1.692524
1.653474
1.810709
1.593722
1.624382
1.632554
1.574539
2.026930
1.565656
1.693743
1.674419
1.781033
1.673048
1.760661
2.067557
1.678023
1.823422
1.770366
1.931108
1.651117
1.686679
1.885467
1.512763
1.700586
1.579943
1.732777
1.673511
1.728042
1.681439
1.747846
1.648766
1.655392
1.629967
1.713061
1.749560
1.626148
1.738145
1.606921
1.810323
1.543262
1.710447
1.621227
1.531096
1.651527
1.627334
1.951182
1.600258
1.778398
1.789254
1.897080
1.866441
1.792491
1.852764
1.678459
1.789694
1.778434
1.630578
1.724538
1.627001
1.699681
1.789809
1.920855
1.641818
1.515539
1.711943
1.730024
1.796120
1.642115
1.775078
1.711056
1.738804
1.693873
1.587220
1.812784
1.663218
1.561504
1.538946
1.821692
1.588812
1.781788
1.784067
1.929262
1.753205
1.633068
1.649473
1.764411
1.786670
1.862724
1.854619
1.601163
1.624964
1.683942
1.878146
1.685901
1.763092
1.660506
1.768370
1.786191
1.723875
1.706046
1.732065
1.834309
1.639827
1.524797
1.673339
1.531030
1.881817
1.570760
1.738449
1.643225
1.694151
1.553130
1.647095
1.751911
1.844196
1.696784
1.827511
1.729907
1.658373
1.931599
1.858188
1.570767
1.618715
1.930876
1.684312
1.468080
1.843057
1.664900
1.817761
1.643888
1.491977
1.564274
1.614555
1.797647
1.724072
1.497467
1.830970
1.671644
1.451444
1.600161
1.698507
1.548352
1.731927
1.656101
1.666823
1.662716
1.800840
1.576307
1.582857
1.539793
1.646912
1.601472
1.695498
1.626814
1.961267
1.749527
1.515994
1.548125
1.756388
1.643267
1.732782
1.760195
1.684295
1.926781
1.776890
1.718574
1.798645
1.620890
1.861457
1.574262
1.878321
1.773570
1.846739
1.888190
1.603951
1.638129
1.630864
1.582628
1.695086
1.500243
1.634598
1.820218
1.677083
1.656115
1.643600
1.715688
1.689408
1.650191
1.791562
1.646553
1.757383
1.562079
1.869489
1.485623
1.609030
1.684445
1.838618
1.695444
1.745613
1.724648
1.771740
1.640221
1.568089
1.732005
1.655587
1.615521
1.819563
1.649012
1.870038
1.790420
1.666020
1.608702
1.820302
1.486907
1.694337
1.714982
1.552453
1.776823
1.645023
1.653599
1.611351
1.814692
1.919750
1.693077
1.625954
1.704125
1.770140
1.775739
1.779200
1.495350
1.924412
1.687056
1.677507
1.658276
1.708026
1.804621
1.654719
1.663016
1.653511
2.011990
1.784371
1.760505
1.845287
1.744039
1.732754
1.861568
1.707221
1.561511
1.610904
1.642676
1.904427
2.021633
1.754530
1.773474
1.688819
1.607849
1.834457
1.602652
2.019129
1.641000
1.479242
1.620915
1.976484
1.736772
1.751700
1.728185
1.645691
1.666425
1.472556
1.666677
1.700837
1.856269
1.726186
1.655885
1.663523
1.634835
1.596734
1.710306
1.848125
1.758180
1.576805
1.840943
1.747214
1.687680
1.671961
1.696529
1.856686
1.724693
1.744241
1.562052
1.701602
1.569517
1.871819
1.612350
1.478496
1.466749
1.623703
1.832605
1.641906
1.764459
1.631635
1.691300
1.306180
1.658464
1.808309
1.780415
1.660086
1.556567
1.636976
1.689151
1.712913
1.799365
1.936598
1.720208
1.622806
1.849771
1.849082
1.601449
1.650117
1.682630
1.619715
1.808880
1.673351
1.554888
1.670640
1.793071
1.495029
1.580176
1.847011
1.561178
1.777777
1.607648
1.751850
1.902983
1.839821
1.684931
1.765485
1.771433
1.810609
1.800911
1.526106
1.511430
1.805113
1.557226
1.530953
1.716338
1.596476
1.547417
1.516485
1.631740
1.726951
1.648775
1.691751
1.615468
1.707764
1.549203
1.592875
1.724956
1.755150
1.960061
1.685506
1.953641
1.395800
1.458704
1.530072
1.803948
1.639453
1.705749
1.827721
1.606729
1.726189
1.710550
1.500913
1.623236
1.891550
1.781606
1.706952
1.830289
1.757426
1.859807
1.687077
1.609634
1.567890
1.795242
1.795983
1.625492
1.805713
1.797361
1.566527
1.727111
1.780389
1.866688
1.627582
1.615651
1.803340
1.988576
1.686603
1.634198
1.564261
1.678591
1.471379
1.647135
1.689407
1.684173
1.571419
1.703252
1.953137
1.730458
1.653966
1.787262
1.737733
1.765090
1.594926
1.580534
1.705153
1.737409
1.646985
1.636379
1.790845
1.821102
1.924987
1.790935
1.686664
1.572145
1.701440
1.772025
1.718385
1.530325
1.892481
1.764599
1.497479
1.814875
1.514127
1.632383
1.695395
1.755155
1.591389
1.682661
1.782625
1.595602
1.668737
1.675952
1.685439
1.684520
1.658388
1.813983
1.510508
1.542988
1.492430
1.757254
1.736286
1.835369
1.689208
1.774522
1.458554
1.737627
1.800191
1.644391
1.943448
1.776868
1.812619
1.714330
1.538219
1.719463
1.586512
1.855493
1.619072
1.590840
1.829606
1.676638
1.738539
1.870140
1.727149
2.020654
1.621487
1.775397
1.524729
1.523639
1.543246
1.897834
1.953456
1.542710
1.742636
1.693541
1.649596
1.620072
1.529900
1.880240
1.802099
1.372007
1.647909
1.681636
1.837599
1.673264
1.792735
1.666069
1.825998
1.833755
1.735874
1.693266
1.895811
1.731914
1.731713
1.505076
1.771434
1.506534
1.700070
1.784291
1.794008
1.950001
1.764137
1.810631
1.774539
1.575977
1.554778
1.582177
1.758584
1.630762
1.702402
1.962787
1.637560
1.911721
1.541866
1.689703
1.489596
1.740956
1.699280
1.797132
1.575900
1.721213
1.626127
1.852167
1.617129
1.800947
1.703600
2.041244
1.655646
1.696528
1.692414
1.836880
1.699261
1.781151
1.719968
1.509071
1.759773
1.637220
1.345756
1.650718
1.477114
1.585185
1.804411
1.971722
1.590907
1.718314
1.884179
1.520943
1.681471
1.823629
1.754340
1.876983
1.685654
1.615373
1.630432
1.748353
1.682806
1.726998
1.719667
1.606491
1.721575
1.826804
1.677083
1.524794
1.517145
1.545326
1.503209
1.791855
1.561236
1.857166
1.639172
1.719960
1.765340
1.645348
1.784832
1.884419
1.624188
1.722160
1.723231
1.528761
1.663393
1.903243
1.916561
1.530303
1.836759
1.639375
1.743077
1.636751
1.705007
1.772506
1.692200
1.702362
1.783233
1.847001
1.655941
1.577885
1.739704
1.613733
1.630760
1.837928
1.689608
1.889831
1.627504
1.534575
1.791536
1.616579
1.748449
1.667343
1.509802
1.862543
1.635057
1.752435
1.861088
1.561568
1.681533
1.506892
1.745415
1.656967
1.574120
1.407078
1.776866
1.663127
1.784566
1.786834
1.782382
1.748114
1.601166
1.659400
1.526849
1.570950
1.731539
1.526298
1.617846
1.622368
1.659970
1.691624
1.602121
1.647902
1.622050
1.667825
1.728169
1.696851
1.656318
1.721308
1.597231
1.836667
1.723007
1.670700
1.631346
1.866143
1.653699
1.753657
1.684625
1.674194
2.114351
1.661581
1.732320
1.644743
1.671613
1.723688
1.889274
1.403480
1.718909
1.845232
1.839925
1.865364
1.686157
1.568343
1.534504
1.582291
1.546898
1.920778
1.475976
1.970647
1.701411
1.829565
1.752879
1.558985
1.481353
1.566124
1.671097
1.626485
1.499563
1.895554
1.599115
1.472173
1.724929
1.676321
1.719592
1.662382
1.654322
1.525925
1.658448
1.779716
1.595583
1.798212
1.833059
1.761470
1.816284
1.532973
1.669630
1.529047
1.872776
1.715262
2.132903
1.599966
1.640616
1.684582
1.820392
1.855942
1.759664
1.506604
1.901222
1.592057
1.595093
1.479470
1.714215
1.607042
1.442017
1.861512
1.662143
1.792883
1.789874
1.838691
1.648611
1.679628
1.842653
1.761116
1.701853
1.673139
1.543428
1.772413
1.614963
1.669788
1.469351
1.514897
1.576100
2.002799
1.829660
1.797289
1.768566
1.755877
1.569293
1.705487
1.632019
1.439831
1.581388
1.896602
1.747472
1.677166
1.758376
1.726775
1.622624
1.644118
1.812784
1.644878
1.584314
1.679477
1.791855
1.525892
1.642620
1.944786
1.697374
1.740814
1.505156
1.627828
1.688900
1.591376
1.695624
1.623429
1.723079
1.444277
1.732314
1.793966
1.659586
1.670457
1.633823
1.588171
1.492535
1.547764
1.822966
1.773452
1.696861
1.536523
1.761376
1.512829
1.571806
1.637119
1.790421
1.612928
1.839436
1.704271
1.662457
1.616043
1.789743
1.805295
1.829117
1.679802
1.796455
1.639276
1.532679
1.942903
1.685960
1.827307
1.664373
1.632576
1.668540
1.906967
1.912175
1.801598
1.708112
1.734674
1.644104
1.917563
1.664003
1.870849
1.846311
1.582619
1.574484
1.731062
1.625887
1.760073
1.618137
1.635398
1.503528
1.747820
1.601568
1.627839
1.867917
1.617735
1.832740
1.732164
1.634086
1.532384
1.534499
1.664289
1.748539
1.602681
1.831918
1.633393
1.812440
1.715334
1.657612
1.893211
1.891669
1.799352
1.613745
1.831646
1.988714
1.632527
1.783753
1.709564
1.557273
1.815220
1.649596
1.876254
1.656715
1.575119
1.758623
1.634007
1.744860
1.626204
1.621356
1.695189
1.460029
1.473599
1.578149
1.366940
1.652189
1.600384
1.739511
1.913456
2.151756
1.565224
1.745504
1.713888
1.658592
1.513205
1.660155
1.657989
1.621392
1.899575
1.577804
1.702939
1.596711
1.948512
1.607577
1.770352
1.583289
1.681695
1.868518
1.790115
2.041243
1.530835
1.790664
1.855674
1.790524
1.383958
1.562889
1.983367
1.827343
1.609540
1.636122
1.586671
1.646649
1.837672
1.488372
1.651550
1.535442
1.601913
1.773547
1.841874
1.508104
1.843994
1.623246
1.793709
1.630879
1.813496
1.664293
1.604438
1.852467
1.881934
1.763972
1.602708
1.753955
1.887208
1.713599
1.712263
1.632899
1.632870
1.645144
1.581928
1.692093
1.985443
1.784303
1.518469
1.692034
1.618999
1.699503
1.871103
1.746102
1.846487
1.523893
1.572204
1.693621
1.683979
1.589649
1.749416
1.805949
1.888287
1.639960
1.996550
1.506570
1.877926
1.828212
1.593107
1.718337
1.832574
1.679927
1.876788
1.681137
1.671288
1.565165
1.762199
1.589810
1.711165
1.933333
1.678822
1.569501
1.580065
1.761575
1.816963
1.795937
1.681313
1.710659
1.598996
1.566878
1.447101
1.566360
1.846346
1.605372
1.419517
1.761065
1.964783
1.938245
1.735308
1.649485
1.614214
1.638982
1.528983
1.503760
1.780201
1.542649
1.734744
1.720057
2.123750
1.673511
1.702221
1.675961
1.752059
1.652123
1.713647
1.656057
1.787010
1.735765
1.601279
1.623837
1.732830
1.788649
1.950570
1.663117
1.737164
1.579848
1.638975
1.809834
1.730419
1.731475
1.689019
1.788274
1.694197
1.590655
1.450027
1.585844
1.769855
1.754506
1.706161
1.688048
1.588572
1.849020
1.779678
1.589924
1.621201
1.757999
1.596804
1.571512
1.727257
1.764679
1.923974
1.750759
1.598034
1.665695
1.608713
1.857325
1.635927
1.672049
1.913670
1.695107
1.864509
1.987402
1.522266
1.911174
1.494626
1.576331
1.611860
1.495726
1.654251
1.824716
1.458792
1.622828
1.762085
1.963790
1.802133
1.765078
1.697457
1.782161
1.605728
1.642467
1.508055
1.579232
1.751757
1.618900
1.766534
2.117476
1.820976
1.712416
1.614199
1.673625
1.531494
1.551556
1.591406
1.595743
1.615094
1.830508
1.767623
1.791081
1.613082
1.760976
1.602125
1.740921
1.665672
1.687528
1.761082
1.541406
1.863452
1.715921
1.719602
1.656705
1.772766
1.749607
1.948572
1.729653
1.903407
1.718431
1.682777
1.672412
1.607374
1.624021
1.767762
1.666324
1.872067
1.596570
1.698117
1.592271
1.645873
1.695847
1.817148
1.635494
1.548083
1.715993
1.930220
1.601431
1.623933
1.796511
1.679797
1.669548
2.024162
1.814672
1.619796
1.581915
1.599147
1.705025
1.912629
1.665662
1.585052
1.544499
1.790740
1.613649
1.702753
1.679159
1.618839
1.563567
1.824581
1.412313
1.593662
1.742809
1.849966
1.814972
1.607305
1.547160
1.796407
1.587561
1.467103
1.669099
1.466550
1.574772
1.418741
1.652342
1.625108
1.944904
1.782608
1.714785
1.587426
1.591106
1.692426
1.515962
1.619295
1.932430
1.757024
1.774743
1.776433
1.571153
1.623255
1.672169
1.650133
1.801427
1.716117
1.830649
1.656151
1.593244
1.481279
1.768865
1.564450
1.461257
1.739054
1.578347
1.778831
1.547999
1.539254
1.704355
1.836411
1.746949
1.402786
1.583788
1.551884
1.627491
1.681510
1.833541
1.543250
1.727641
1.624373
1.567672
1.457249
1.895719
1.423783
1.637192
1.935506
1.848877
1.529811
1.616310
1.725594
1.587818
1.756056
1.513146
1.637457
1.568295
1.832014
1.872681
1.397119
1.667612
1.783176
1.565917
1.822249
1.532691
1.680173
1.556899
1.705086
1.664087
1.700364
1.857985
1.671245
2.026153
1.694371
1.659702
1.785186
1.612831
1.516476
1.735737
1.779546
1.559234
1.591454
1.639650
1.789777
1.905360
1.733535
1.775698
1.632254
1.795529
1.774225
1.714806
1.686439
1.700691
1.764340
1.601510
1.664929
1.825446
1.568923
1.624399
1.643916
1.755784
1.695735
1.562076
1.612668
1.546724
1.821110
1.768276
1.945767
1.542181
1.460075
1.532732
1.693774
1.519539
1.595873
1.659496
1.663569
1.852936
1.737808
1.600586
1.780135
1.806074
1.650494
1.634917
1.629014
1.668184
1.646775
1.480292
1.658230
1.695936
1.571068
1.702276
1.527552
1.634014
1.889768
1.726267
1.572412
1.742315
1.582021
1.533308
1.729081
1.523030
1.517682
1.549640
1.836623
1.568298
1.619961
1.538177
1.639120
1.539674
1.998829
1.750149
1.778677
1.994232
1.751831
1.740290
1.815608
1.910100
1.528643
1.573639
1.737518
1.737037
1.794278
1.504791
1.710423
1.540604
1.749704
1.729517
1.789723
1.563341
1.741795
1.583944
1.743774
1.570121
1.861993
1.863469
1.477821
1.562568
1.782681
1.828295
1.574834
1.677693
1.625018
1.644638
1.646676
1.703980
1.655084
1.892537
1.757372
1.605548
1.895251
1.696155
2.034205
1.459982
1.673809
1.791972
2.015019
1.608483
1.634671
1.770286
1.710047
1.809468
1.583269
1.533931
1.601833
1.588538
1.702390
1.614194
1.668172
1.918869
1.692597
1.618980
1.793337
1.743109
1.603002
1.801291
1.669369
1.788614
1.676511
1.559252
1.621572
2.036560
1.679243
1.737601
1.896623
1.734386
1.731222
1.869586
1.723796
1.630509
1.643127
1.668749
1.775115
1.633228
1.535397
1.531457
1.622667
1.544577
1.861232
1.703786
1.656282
1.777524
1.517879
1.703611
1.746537
1.797262
1.896733
1.517566
1.550959
1.540332
1.873852
1.446411
1.635405
1.803746
1.598141
1.550516
1.745858
1.572721
1.714135
1.648861
1.709327
1.452493
1.585423
1.788762
1.453709
1.857730
1.464612
1.665482
1.599866
1.573316
1.689642
1.593804
1.550134
1.798980
1.690266
1.690868
1.635094
1.800271
1.622418
1.699761
1.907400
1.751804
1.491433
1.868282
1.840240
1.606252
1.892838
1.666422
1.630382
1.892165
1.688653
1.609532
1.616368
1.706553
1.522333
1.770440
1.644369
1.743240
1.818007
1.657086
1.629126
1.464597
1.795107
1.615254
1.656713
1.688498
1.869922
1.320493
1.573662
1.515390
1.588560
1.598034
1.845440
1.704177
1.737132
1.795862
1.513133
1.566127
1.792025
1.857544
1.595855
1.470048
1.632367
1.592171
1.719497
1.651298
1.578622
1.798241
1.586535
1.399584
1.765165
1.901312
1.425081
1.627909
1.595899
1.736236
1.991141
1.677864
1.723018
1.730098
1.774089
1.783470
1.684303
1.883295
1.674753
1.577708
1.782171
1.772096
1.515187
1.983598
1.870145
1.532320
1.561218
1.758223
1.645402
1.617877
1.666301
1.731259
1.723122
1.543947
1.751166
1.876499
1.812461
1.699747
1.807764
1.842832
1.667779
1.483664
1.489462
1.519124
1.581302
1.497948
1.862170
2.046690
1.565787
1.540385
1.606214
1.768136
1.893307
1.958566
1.504032
1.658511
1.854184
1.666519
1.728383
1.867558
1.777663
1.785724
1.657050
1.730530
1.621793
1.522499
1.614760
1.620371
1.605563
1.601647
1.481196
1.671199
1.582055
1.581619
1.957358
1.620492
1.627979
1.599897
1.773071
1.768598
1.459337
1.806559
1.602088
1.688300
1.651179
1.611446
1.676450
1.596381
2.031393
2.119699
1.817831
1.705927
1.661650
1.602943
1.633733
1.719722
1.619238
1.454308
1.752126
1.499845
1.851115
1.631384
1.594676
1.517776
1.702029
1.635235
1.930687
1.477453
1.756967
1.522747
1.541195
1.825432
1.686688
1.447964
1.616359
1.956218
1.697003
1.599942
1.671508
1.573991
1.528654
1.688447
1.936525
1.777934
1.768151
1.670909
1.671287
1.686442
1.917347
1.783630
1.611853
1.728479
1.855810
1.827978
1.587128
1.573330
1.556911
1.804371
1.593146
1.803375
1.537095
1.529826
1.676985
1.527741
2.055419
1.594245
1.692895
1.668913
1.774850
1.550839
1.698700
1.754141
1.730608
1.508860
1.535568
1.512839
1.677051
1.901319
1.650395
1.527731
1.769344
2.020481
1.846768
1.657122
1.584623
1.655923
1.672572
1.699562
1.742602
1.579860
1.574477
1.684031
1.720565
1.875411
1.816128
1.512078
1.758334
1.578162
1.768556
2.000485
1.583383
1.513397
1.568482
1.697461
1.671008
1.918008
1.900995
1.628056
1.867655
1.829497
1.704967
1.712898
1.622986
1.507538
1.498155
1.530045
1.723533
1.567096
1.651300
1.672065
1.549855
1.453645
1.637141
1.686284
2.006666
1.620161
1.723965
1.661022
1.878590
1.778047
1.908633
1.694585
1.718045
1.747738
1.793171
1.571885
1.651623
1.673564
1.803898
1.602629
1.746300
1.711834
1.697468
1.617670
1.753555
1.629683
1.556000
1.516217
1.725405
1.724198
1.566149
1.666855
1.718513
1.383476
1.718608
1.553065
1.605472
1.645633
1.863761
1.742885
1.681412
1.769537
1.931698
1.539117
1.610798
1.752900
1.583163
1.492564
1.717051
1.677566
1.742655
1.985281
1.814283
1.760881
1.488397
1.604121
1.611065
1.597333
1.769402
1.929431
1.667352
1.600327
1.725777
1.767511
1.730199
1.650594
1.588899
1.547700
1.584120
1.641273
1.756817
1.690456
1.848015
1.481051
2.095583
1.702117
1.637360
1.868513
1.494986
1.678883
1.786720
1.670117
1.753774
1.566539
1.786273
1.591902
1.752254
1.751425
1.635234
1.466743
1.816671
1.840426
1.991759
1.667145
1.766932
1.710944
1.979988
1.560714
1.661158
1.522901
1.673025
1.503150
1.594943
1.571177
1.530657
1.697720
1.870407
1.861346
1.757027
1.758352
1.614120
1.553021
1.850128
1.616300
1.934555
1.766231
1.573147
1.791405
1.639020
1.784058
1.892038
1.803497
1.648674
1.608218
1.546675
1.514743
1.621326
1.539186
1.683346
1.732976
1.472026
1.758589
1.678723
1.743824
1.552857
1.565562
1.703305
1.660559
1.596765
1.586924
1.979916
1.781088
1.968426
1.611110
1.605033
1.541098
1.668126
1.591506
1.740877
1.610055
1.631226
1.743740
1.764261
1.708361
1.806845
1.657446
1.665928
1.688561
1.741601
2.082801
1.674817
1.606454
1.629486
2.048630
1.637157
1.822713
1.706365
1.701934
1.716256
1.741460
1.599038
1.573217
1.868927
1.593519
1.720622
1.625134
1.823028
1.571110
1.309959
1.754371
1.551414
1.634735
1.489924
1.804205
1.625128
1.748575
1.599175
1.681419
2.045105
1.513401
1.811903
1.381765
1.597755
1.708898
1.876160
1.833849
1.618019
1.746831
1.908890
1.655280
1.462888
1.681006
1.408067
1.614783
1.620452
1.825318
1.855338
1.684817
1.985461
1.491875
1.531256
1.799985
1.478380
1.790603
1.757067
1.482287
1.813605
1.732771
1.581283
1.617030
1.800860
1.633709
1.703804
1.868193
2.053268
1.593104
1.737184
1.667998
1.809391
1.761053
1.883934
1.709581
1.717797
1.545827
1.864105
1.581166
1.812706
1.778087
1.875585
1.626186
1.706591
1.900445
1.728407
1.718452
1.652685
1.507591
1.650739
1.538766
1.615138
1.663435
1.473594
2.246060
1.574748
1.758023
1.648134
1.611677
1.869933
1.790571
1.593431
1.760540
1.849760
1.666252
1.826640
1.618850
1.750030
1.805333
1.782258
1.574809
1.718212
1.933462
1.771033
1.667889
1.614703
1.628937
1.737490
1.708048
1.482655
1.759382
1.675532
1.611788
1.545391
1.485492
1.508588
1.882904
1.536769
1.543522
1.986211
1.439144
1.640156
1.712717
1.737852
1.655383
1.693724
1.502911
1.530992
1.778989
1.698972
1.706806
1.740480
1.760527
1.461564
1.678175
1.523129
1.553511
1.582512
1.975608
1.822149
1.667322
1.512375
1.727036
1.864339
1.533756
1.751704
1.614357
1.745399
1.607395
1.529848
2.059346
1.718708
1.739355
1.528997
1.566899
1.864475
1.853513
1.825084
2.107726
1.743992
1.548229
1.561247
1.652843
2.028825
1.755534
1.547283
1.619009
1.709426
1.689495
1.752000
1.613422
1.641566
1.485268
1.836609
1.555120
1.707813
1.924139
1.588842
1.652407
1.752273
1.478966
1.764163
1.513641
1.769660
1.771085
1.423387
1.519310
1.665671
1.929084
1.749050
1.558452
1.601250
1.722088
1.723464
1.565860
1.583478
1.655860
1.650966
1.934365
1.547928
1.718926
1.720811
1.591743
1.694706
1.746294
1.750230
1.817646
1.671858
1.590643
1.453260
2.027228
1.703665
1.573866
1.880848
1.450212
1.686990
1.495631
1.773409
1.659754
1.559682
1.735426
1.568909
1.699262
1.651843
1.724686
1.537611
1.769750
1.681026
1.641303
1.677700
1.837797
1.685920
1.949891
1.841676
1.577004
1.736355
1.606560
1.600274
1.620768
2.130012
1.761584
1.794892
1.634436
1.546751
1.625567
1.817755
1.670991
1.611523
1.785350
1.688738
1.833236
1.666995
1.666627
1.767326
1.814847
1.562609
1.636800
1.655936
1.790333
1.665115
1.580226
1.499560
1.647438
1.609448
1.603640
1.841115
1.828594
1.596525
1.446473
1.657020
1.597663
1.578290
1.508281
1.896330
1.382502
1.814991
1.870508
1.673768
1.784065
1.689287
1.761667
1.803847
1.620629
1.759985
1.792635
1.606819
1.580398
1.868410
1.525825
1.584971
1.892681
1.767331
1.790371
1.619645
1.580774
1.775614
1.644207
1.825124
1.336763
1.765269
1.842614
1.703952
1.704000
1.731462
1.970728
1.908529
1.398686
1.685622
1.644691
1.308089
1.632149
1.869818
1.654693
1.481591
1.862548
1.631047
1.466747
1.679821
1.682949
1.660283
1.639060
1.770741
1.721202
1.841162
1.683575
1.456716
1.587253
1.741923
1.727828
1.677015
1.696905
1.534024
1.648410
1.713005
1.912703
1.726309
1.549023
1.828283
1.718257
1.704911
1.716080
1.520488
1.622867
1.493173
1.645202
1.812268
1.847813
1.732635
1.741540
1.451163
1.658936
1.639659
1.692036
1.624450
1.625496
1.633895
1.800692
1.472205
1.519402
1.753290
1.701426
1.625863
1.625960
1.742203
1.818021
1.647648
1.754487
1.606800
1.582566
1.746159
1.581717
1.892857
1.559353
1.745934
1.787693
1.743927
1.732647
1.789551
1.967353
1.710914
1.667688
1.572577
1.682420
1.468198
1.827177
1.571300
1.787647
1.715075
1.607264
1.656421
1.762061
1.604442
1.653919
1.612320
1.878070
2.006982
1.629360
1.550232
1.808246
1.652560
1.704732
1.477082
1.841645
1.766182
1.856631
1.992158
1.708874
1.697881
1.861674
1.762990
1.665519
1.778885
1.600120
1.511036
1.535430
1.631276
1.947180
1.513402
1.690605
1.530180
1.766618
1.563729
1.635753
1.479088
1.718240
1.825438
1.477436
1.425541
1.783130
1.798624
1.660337
1.719243
1.849454
1.545505
1.876213
1.637924
1.611468
1.909990
1.645476
1.802777
1.530869
1.651788
1.771037
1.822801
1.748114
1.864221
1.717564
1.609339
1.716684
1.546979
1.940365
1.662251
1.689140
1.612806
1.864443
1.749924
1.681630
1.671958
1.592724
1.566832
1.892482
1.767601
1.654133
1.630386
1.737806
1.753597
1.777185
1.662651
1.765643
1.564536
1.807101
1.748803
1.571714
1.431183
1.636986
1.864778
1.495441
1.601913
1.789463
1.596271
1.722447
1.601680
1.664426
2.060210
1.499772
1.581397
1.408314
1.828424
1.705225
1.673411
1.591901
1.659678
1.713248
1.702712
1.498897
1.680541
1.838101
1.747037
1.465009
1.706925
1.573694
1.936997
1.684457
1.657105
1.425452
1.484231
1.603585
1.501500
1.704841
1.568537
1.551468
1.490241
1.525713
1.750878
1.385682
1.591067
2.082224
1.897763
1.887455
1.832035
1.495288
1.628568
1.531972
1.745276
1.817059
1.694371
1.784446
1.593209
2.250306
1.842155
1.648468
1.727335
1.653395
1.841958
1.645798
1.929906
1.521688
1.611871
1.534325
1.454824
1.797035
1.822193
1.502172
1.876500
1.569500
1.530764
1.719738
1.874899
1.581229
1.783461
1.637898
1.805017
1.694165
1.742844
2.052378
1.629416
1.620464
1.796532
1.621876
1.863680
1.561725
1.464758
1.808836
1.620252
1.558470
1.603609
1.697267
1.827628
1.703380
1.753497
1.884492
1.716854
1.657622
1.753720
1.580042
1.699960
1.631010
1.589679
1.780565
1.602807
1.889084
1.665808
1.731578
1.587997
1.648145
1.633532
1.631003
1.869894
1.632707
1.731325
1.845744
1.611249
1.698223
1.513721
1.802486
1.760016
1.556526
1.695903
1.886380
1.415540
1.512330
1.632835
1.569794
1.723877
1.765632
1.735521
1.535903
1.812523
1.678786
1.754350
1.446652
1.658399
1.761145
1.671677
1.713536
1.576620
1.629680
1.682911
1.912400
1.593294
1.669293
1.764709
1.611270
1.773838
1.644150
1.717036
1.608636
1.613536
1.771907
1.630214
1.774603
1.683133
1.934254
1.663069
1.447159
1.666292
1.662271
1.756853
1.686636
1.552148
1.684520
1.687119
1.831165
1.731406
1.734684
1.670795
1.601799
1.503487
1.783925
1.644559
1.757934
1.720118
1.731864
1.734314
1.675365
1.696120
1.645176
1.811003
1.537851
1.546494
1.668741
1.774738
1.736539
1.615118
1.800713
1.767589
1.650912
1.862925
1.854474
1.726327
1.694729
1.761649
1.776910
1.446732
1.858260
1.632155
1.997856
1.705024
1.687110
1.769175
1.948540
1.675871
1.584716
1.632712
1.640515
1.811727
1.963907
1.619108
1.601645
1.787110
1.687994
1.630747
1.567505
1.985178
1.761477
1.570083
1.661276
1.557870
1.543568
1.724478
1.740790
1.689314
1.603593
1.532762
1.601032
1.717327
1.765613
1.756051
1.700204
1.950533
1.504426
1.749142
1.624184
1.515632
1.852020
1.735785
1.565354
1.432264
1.639413
1.776121
1.654436
1.737240
1.981519
1.630451
1.974903
1.562530
1.601789
1.918809
1.698725
1.706996
1.767238
1.603464
1.660865
1.638300
1.567622
1.671142
1.678957
2.236513
1.675403
1.676544
1.511935
1.722910
1.584478
1.594544
1.827339
1.950836
1.780676
1.597952
1.453440
1.644327
1.729381
1.628837
1.743073
1.488631
1.935552
1.868995
1.822282
1.724523
1.576618
1.559964
1.674590
1.958652
1.632371
1.461008
1.813652
1.674935
1.516674
1.615592
1.650468
1.535954
1.901442
1.655231
1.729243
1.533101
1.650269
1.471019
1.909331
1.676920
1.589306
1.770248
1.661576
1.584658
1.793731
1.558613
1.553725
1.770465
1.819256
1.523420
1.661750
1.813462
1.487680
1.609031
1.673470
1.653868
1.394504
1.739159
1.497154
1.706175
1.677815
1.817855
1.986259
1.590524
1.555142
1.573530
1.789855
1.662384
1.764181
1.763964
1.673944
1.668875
1.765475
1.560344
1.688615
1.524386
1.622248
1.729438
1.507661
1.790621
1.676162
1.677168
1.516614
1.540182
1.617891
1.788787
1.484411
1.584494
1.698334
1.683566
1.462938
1.937913
1.712255
1.616524
1.676601
1.733441
1.784236
1.632828
1.712736
1.797249
1.714006
1.978383
1.617145
1.715317
1.769210
1.790701
1.603730
1.621542
1.738396
1.575443
1.684824
1.506150
1.515424
1.828070
1.799889
1.759629
1.629548
1.729294
1.679795
1.429959
1.729604
1.861706
1.699250
1.627849
1.628788
1.702555
1.784655
1.709132
1.883407
1.968050
1.700844
1.592823
1.677634
1.565459
1.573885
1.640729
1.674302
1.643125
1.449360
1.640640
1.770414
1.522392
1.648368
1.640257
1.783393
1.572992
1.596673
1.766451
1.626902
2.094810
1.657538
1.751468
1.587863
1.584521
1.772855
1.765126
1.582232
1.880861
1.610158
1.830894
1.723941
1.579300
2.104514
1.710652
1.642390
1.841825
1.616331
1.578522
1.430503
1.617924
1.737772
1.982622
1.842864
1.724520
1.852936
1.786238
1.891129
1.556394
1.701645
1.514824
1.623511
1.540864
1.702269
1.526291
1.553978
1.392756
1.878921
1.670265
1.957322
1.656809
1.793060
1.805244
1.750764
1.569132
1.678328
1.849021
1.621086
1.480787
1.381778
1.622572
1.882200
1.704484
1.585846
1.570325
1.472848
1.890520
1.620331
1.839493
1.581937
1.577652
1.568660
1.581328
1.620145
1.683324
1.703331
1.544770
1.586846
1.848630
1.868803
1.586641
1.593654
1.773793
1.989393
1.917942
1.569764
1.581567
1.764185
1.888921
1.707776
1.781960
1.575858
1.916103
1.611429
1.744251
1.735708
1.648354
1.402505
1.809039
1.826569
1.709977
1.486868
1.629357
1.572876
1.899920
1.540369
1.695411
1.818604
1.893086
1.561655
2.032187
1.648252
1.492689
1.950015
1.775881
2.127345
1.532557
1.628702
1.715256
1.666848
1.595461
1.524412
1.555019
1.734225
1.631812
1.590679
1.823500
1.418978
1.557461
1.566399
1.763322
1.656571
1.637447
1.713883
1.851522
1.744283
1.880428
1.685728
1.387830
1.654616
1.615055
1.536097
1.838247
1.636668
1.755807
1.548889
1.736558
1.729658
1.478618
1.701321
1.776517
1.723615
1.624956
1.607082
1.841413
1.562889
1.778789
1.782049
1.397186
1.731733
2.134546
1.431011
1.612723
1.607268
1.607210
1.558256
1.565799
1.804226
1.787214
2.021835
1.732035
1.750406
1.637807
1.799372
1.721633
1.702837
1.680742
1.711458
1.720133
1.381591
1.827520
1.675954
1.627240
1.712871
1.585957
1.704536
1.614046
1.427338
1.862757
1.741037
1.760388
1.579909
1.573159
1.691920
1.602979
1.621572
1.928741
1.745609
1.746261
1.506340
1.582361
1.494142
1.626173
1.716430
1.620360
1.517109
1.681980
1.613130
1.824252
1.527320
1.880989
1.818101
1.711769
1.653821
1.580580
2.050480
1.862299
1.804454
1.979332
1.587545
1.677982
1.742286
1.689996
1.506548
1.432357
1.726816
1.582669
2.033440
1.536232
1.701734
1.653127
1.594557
1.817800
1.606252
1.474269
1.939273
1.890111
1.545452
1.608867
1.709623
1.872524
1.763076
1.680459
1.768326
1.870398
1.577906
1.666911
1.603464
1.592887
1.736005
1.845927
1.565677
1.621860
2.027627
1.646161
2.039099
1.804374
1.812932
1.694235
1.860598
1.587895
1.527014
1.943024
1.614544
1.791993
1.760270
1.743930
1.829677
1.609093
1.801535
1.624209
1.396269
1.445198
1.668994
1.435449
1.636507
1.451280
2.011843
1.560323
1.565253
1.597827
1.863069
1.832836
1.932282
1.791007
1.677433
1.694752
1.659918
1.506472
1.829925
1.544093
1.565557
1.801779
1.825862
1.630196
1.634111
1.802372
1.637738
1.491078
1.806486
1.759373
1.592470
1.553365
1.729814
1.576355
1.601049
1.872271
1.756916
1.724475
1.441790
1.543248
1.610508
1.456598
1.666271
2.163439
1.558412
1.509877
1.584047
1.593456
1.469792
1.821718
1.710216
1.806654
1.571232
1.538706
1.656813
1.509706
1.805412
1.576856
1.759685
1.660500
1.616157
1.675193
1.603940
1.645291
1.570759
1.753324
1.573195
1.723015
1.504470
1.901403
1.738651
1.597855
1.587831
1.501795
1.594502
1.482021
1.510703
1.705501
1.846336
1.789460
1.634913
1.802662
1.693342
1.759820
1.386566
1.554653
2.055965
1.587236
1.810189
1.553056
1.655993
1.858985
1.535382
1.592718
1.675769
1.566128
1.492133
1.552888
1.835175
1.845047
1.695708
1.776294
1.408854
1.508400
1.579849
1.581776
2.064639
1.964272
1.779685
1.488974
1.799183
1.501889
1.555599
1.615938
1.897306
1.489490
1.715655
1.471235
1.695143
1.541162
1.750305
1.866676
1.750147
1.849918
1.758884
1.853812
1.693075
1.509292
1.504364
1.572067
2.003212
1.662561
1.610824
1.587893
1.587429
1.839317
1.836841
1.808668
1.671472
1.673546
1.532104
1.615089
1.914264
1.602126
1.643840
1.734666
1.908760
1.745265
1.654604
1.719467
1.741242
1.852669
1.691072
2.220114
1.832828
1.675209
1.642745
1.535769
1.585127
1.546967
1.695789
1.641242
1.525261
1.574494
1.500896
1.860813
1.579095
1.685107
1.886714
1.619337
1.754173
1.512403
1.755104
1.713894
1.793944
1.978737
1.464827
1.825979
1.458582
1.853504
1.536184
2.066205
1.609293
1.632483
1.877451
1.722502
1.801596
1.501800
1.744877
1.668274
1.510585
1.723017
1.650496
1.760241
1.701370
1.614585
1.563337
1.628234
1.684949
1.594173
1.502920
1.723694
1.912216
1.610643
1.793877
1.733357
1.561652
1.675038
1.887237
1.587211
1.667988
1.499855
1.848209
1.781299
1.729992
1.478689
1.628475
1.706240
1.809534
1.589994
1.666044
1.829601
1.616819
1.460800
1.406341
2.093052
1.675460
1.729675
1.541426
1.603354
1.527243
1.767906
1.476436
1.878803
1.431089
1.621119
1.496149
1.684434
1.691447
1.661107
1.551900
1.746528
1.734179
1.713497
1.530812
1.724649
1.808733
1.768757
1.657779
1.933426
1.650330
1.916095
1.700905
1.948529
1.635093
1.619586
1.819515
1.562380
1.656500
1.641392
1.707045
1.685043
1.692304
1.925195
1.593983
1.871335
1.770572
1.658632
1.686669
1.734013
1.727947
1.575467
1.723540
1.964358
1.763266
1.745630
1.810554
1.731164
1.742879
1.563024
1.683308
1.683187
1.691389
1.744101
1.622752
1.759103
1.606447
1.579970
1.511696
1.516260
1.505072
1.528933
1.658726
1.752001
1.625693
1.716826
1.755038
1.554572
1.634618
1.628829
1.535825
1.640585
2.030632
1.635749
1.603724
1.615713
1.704018
1.809387
1.733648
1.537745
1.579652
1.624755
1.563490
1.804333
1.598658
1.728773
1.625918
1.609290
1.700843
1.830484
1.573197
1.853793
1.573515
1.773679
1.492970
1.662183
1.434090
1.774155
1.650125
1.547072
1.529691
1.546965
1.715869
1.729133
1.543399
1.683533
1.566725
1.745248
1.886371
1.650582
1.725044
1.747563
1.708958
1.684819
1.719245
1.512435
1.846437
1.433771
1.630097
1.746086
1.744560
1.750416
1.516416
1.673519
1.589720
1.655646
1.799149
1.883741
1.830515
1.659112
1.589581
1.511133
1.480504
1.631965
1.798438
1.594102
1.586921
1.527997
1.667973
1.670878
1.793900
1.827616
1.759882
1.909596
1.832964
1.609290
2.246393
1.738123
1.633079
1.906324
1.765975
1.497642
1.518982
1.484280
1.542821
1.640390
1.772302
1.653192
1.533243
1.986240
1.603342
1.679911
1.830399
1.650157
