2.295993
2.228654
2.113016
2.215566
2.048483
2.107741
1.952530
2.208002
2.014745
1.904834
1.660829
1.564663
1.719494
1.623271
1.795402
1.525154
1.610780
1.586263
1.121066
1.005525
1.155541
2.577784
1.217410
0.838073
0.983365
0.764536
0.758106
0.825337
0.558503
0.972745
1.166971
0.751056
0.669198
0.819194
0.562039
1.085635
1.332545
0.948134
0.590199
0.500605
1.046324
1.171616
0.964609
0.820650
0.652107
0.825116
1.180572
0.827281
0.695860
0.545273
0.463009
0.414108
0.582811
0.361510
0.476277
0.595940
0.873293
0.652178
0.642112
0.759681
0.523465
0.590164
0.578355
0.323350
0.564630
0.637391
0.663226
0.759103
0.579755
0.663957
0.534565
0.579535
0.511154
0.649986
0.309191
0.421599
0.360074
0.595316
0.621116
0.488965
0.324207
0.364297
0.638541
0.484361
0.316063
0.438257
0.376066
0.719435
0.413461
0.418299
0.473656
0.875942
1.056857
0.632106
0.296061
0.333231
0.296809
0.567791
0.334279
0.427774
0.413959
0.443389
0.356137
0.439187
0.340179
0.740861
0.742036
0.622150
0.426352
0.283692
0.331881
0.435155
0.469929
0.383470
0.295471
0.245845
0.566587
0.406135
0.514493
0.313423
0.314624
0.365249
0.517514
0.807725
0.874792
0.505831
0.223136
0.592079
0.356693
0.580281
0.411942
0.414433
0.473630
0.365360
0.449973
0.302880
0.316200
0.819718
1.479110
0.782324
0.521697
0.559972
0.588550
0.398481
0.461695
0.291056
0.387378
0.542602
0.337637
0.286011
0.288633
0.542512
0.338129
0.229087
0.356420
0.426328
0.239868
0.401004
0.464935
0.601168
0.628434
0.398892
0.263168
0.419988
0.334827
0.286627
0.408434
0.515702
0.645459
0.306410
0.510419
0.606635
0.448527
0.449076
0.454796
0.426740
0.356742
0.443758
0.405960
0.294082
0.235800
0.283103
0.442270
0.662743
0.922572
0.660280
0.493431
0.376305
0.377563
0.391998
0.306494
0.245988
0.278313
0.279039
0.522332
0.505877
0.269663
0.349887
0.532134
0.465080
0.871679
1.127466
1.083407
0.663388
0.462786
0.360122
0.545016
0.277585
0.291989
0.286273
0.273884
0.227039
0.435442
0.476178
0.265581
0.301535
0.673612
0.598047
0.392696
0.486056
0.389826
0.410191
0.228865
0.362983
0.280805
0.187307
0.411210
0.524882
0.397953
0.356177
0.257780
0.418258
0.261052
0.292584
0.323868
0.407574
0.577699
0.271152
0.452524
0.208837
0.227080
0.166233
0.480847
0.236815
0.318870
0.347568
0.819951
1.742981
0.922029
0.345426
0.463611
0.500713
0.330728
0.293272
0.400111
0.523621
0.250828
0.287605
0.325778
0.262174
0.238182
0.400016
0.611851
0.278417
0.341781
0.712702
0.355667
0.487235
0.497552
0.186568
0.245864
0.348787
0.509779
0.530086
0.702343
0.319816
0.429268
0.279793
0.545979
0.483710
0.215903
0.152997
0.438426
0.266055
0.237069
0.232697
0.192283
0.301756
0.232952
0.394894
0.326530
0.406486
0.504965
0.344821
0.285884
0.432920
0.432296
0.450902
0.363187
0.293939
0.472098
0.282357
0.456730
0.391848
0.226772
0.268406
0.126001
0.222469
0.248291
0.209556
0.277927
0.339816
0.268597
0.236810
0.473633
0.327047
0.160281
0.423036
0.265599
0.346551
0.590565
0.739552
0.433266
0.451435
0.379909
0.299826
0.365980
0.305805
0.352273
0.473847
0.400558
0.318199
0.533927
0.292051
0.343473
0.311401
0.271409
0.286791
0.399314
0.423650
0.317239
0.582763
0.355746
0.296827
0.221976
0.352286
0.220293
0.351625
0.361771
0.369284
0.450684
0.618047
0.658093
0.346210
0.347615
0.587798
0.351259
0.352889
0.326808
0.281367
0.336136
0.187693
0.489866
0.212172
0.505276
0.403591
0.379469
0.416461
0.317004
0.351201
0.343177
0.276186
0.186542
0.203465
0.242030
0.293485
0.228571
0.390889
0.782048
0.721622
0.300628
0.494853
0.540837
0.352921
0.249358
0.413262
0.568648
0.152009
0.335680
0.367923
0.283290
0.304005
0.547300
0.471568
0.362517
0.398824
0.261084
0.242655
0.260080
0.193652
0.248232
0.386377
0.434688
0.245171
0.214180
0.459853
0.536231
0.446612
0.546498
0.402835
0.465460
0.500012
0.471740
0.421354
0.260560
0.327411
0.256576
0.342168
0.333236
0.405851
0.236278
0.302220
0.349687
0.376663
0.562863
0.374438
0.333267
0.251654
0.256331
0.349139
0.374355
0.472003
0.600035
0.280610
0.554086
0.342886
0.400298
0.401361
0.166442
0.305434
0.195067
0.282591
0.419220
0.432747
0.272724
0.329890
0.712747
0.410677
0.434892
0.254592
0.330647
0.457737
0.471447
0.289153
0.297224
0.281945
0.258024
0.597590
0.224990
0.214946
0.197496
0.157375
0.342770
0.389618
0.365256
0.325769
0.255923
0.392803
0.210073
0.441090
0.331120
0.427217
0.437459
0.575449
1.438923
0.691064
0.568621
0.484323
0.337910
0.227524
0.282179
0.215011
0.321006
0.155444
0.298048
0.403116
0.311466
0.230670
0.382904
0.667838
0.338519
0.265880
0.433865
0.260015
0.292216
0.321398
0.648215
0.646341
0.277300
0.353508
0.276759
0.383859
0.182798
0.199385
0.213677
0.362845
0.422834
0.433075
0.547548
0.867663
0.923606
0.552543
0.369740
0.417601
0.339186
0.243417
0.672147
0.360760
0.448257
0.284068
0.340906
0.265169
0.212726
0.356292
0.465268
0.393860
0.357753
0.373828
0.390274
0.405428
0.324216
0.472917
0.549190
0.295844
0.306540
0.480692
0.332176
0.330745
0.313918
0.268544
0.253362
0.200866
0.426874
0.155350
0.578329
0.431517
0.404394
0.347709
0.233923
0.275710
0.232721
0.147976
0.338394
0.315379
0.229070
0.612683
0.369765
0.374926
0.313161
0.316315
0.256361
0.195123
0.367740
0.391614
0.467712
0.314047
0.579161
0.300290
0.267996
0.342196
0.604901
0.305907
0.278119
0.471209
0.218735
0.315879
0.335763
0.412432
0.284391
0.295632
0.439612
0.410214
0.329019
0.442046
0.582696
0.345644
0.318965
0.355529
0.380637
0.562684
0.597003
0.816301
0.299599
0.312010
0.395839
0.326887
0.396158
0.544943
0.486734
0.459650
0.271118
0.288461
0.167914
0.248713
0.350798
0.330043
0.241015
0.310434
0.317318
0.185924
0.408053
0.403860
0.419262
0.378931
0.399780
0.654212
0.514084
0.493540
0.287926
0.498806
0.321701
0.362040
0.387524
0.220535
0.280524
0.391450
0.359352
0.305291
0.385350
0.131230
0.463151
0.311871
0.226865
0.171176
0.181943
0.351242
0.215826
0.421235
0.160306
0.232471
0.297190
0.395298
0.306697
0.393795
0.400817
0.407614
0.560516
0.348139
0.471506
0.208014
0.414084
0.217184
0.339599
0.634655
0.401920
0.256940
0.229457
0.267374
0.405447
0.430749
0.271287
0.349866
0.485157
0.380495
0.237489
0.431643
0.375076
0.272366
0.318119
0.393409
0.332008
0.308184
0.136879
0.223514
0.389544
0.904822
1.007745
0.607390
0.330948
0.207271
0.354691
0.114584
0.307750
0.331890
0.287913
0.323506
0.203226
0.263753
0.338916
0.327670
0.342861
0.184988
0.177797
0.339668
0.326438
0.396633
0.491169
0.277006
0.373772
0.580103
0.448747
0.319629
0.182267
0.313135
0.310721
0.241422
0.305865
0.403253
0.206986
0.151616
0.350033
0.310825
0.348545
0.291031
0.411923
0.288317
0.587054
0.396188
0.395254
0.254196
0.432270
0.255166
0.304789
0.382982
0.348457
0.202503
0.245917
0.231512
0.346505
0.356955
0.289789
0.497663
0.143010
0.322890
0.259021
0.318691
0.277442
0.302332
0.172626
0.287750
0.274497
0.185333
0.216096
0.458223
0.417771
0.873584
0.618392
0.518051
0.676386
0.450549
0.166553
0.315623
0.308106
0.296194
0.269748
0.413522
0.440957
0.335434
0.420381
0.352734
0.428937
0.547481
0.336034
0.243819
0.595742
0.275473
0.264858
0.374022
0.372109
0.387939
0.375276
0.302653
0.317699
0.187533
0.329819
0.284590
0.251020
0.411200
0.317410
0.326260
0.398133
0.772334
0.420228
0.259648
0.201238
0.285869
0.194714
0.361329
0.353600
0.352166
0.307775
0.459079
0.288705
0.379479
0.294195
0.534963
0.313114
0.543868
0.297306
0.352919
0.222930
0.383364
0.335891
0.260413
0.445086
0.427421
0.333226
0.370492
0.286190
0.148587
0.387248
0.436535
0.398772
0.396930
0.199450
0.394462
0.368079
0.205983
0.162032
0.248608
0.202778
0.497263
0.288551
0.092961
0.361786
0.349067
0.389043
0.275053
0.267481
0.204385
0.349719
0.416582
0.234842
0.308033
0.286081
0.236239
0.189099
0.333938
0.169203
0.252055
0.271609
0.298300
0.299477
0.563052
0.422094
0.384708
0.390333
0.522516
1.014247
0.384666
0.266063
0.205567
0.270788
0.266446
0.242047
0.235739
0.268167
0.218756
0.281753
0.302579
0.277985
0.384806
0.522509
0.549500
0.351683
0.355044
0.342479
0.224166
0.131402
0.343113
0.421257
0.198343
0.352926
0.147388
0.483563
0.375884
0.337615
0.302355
0.321821
0.420070
0.337083
0.370938
0.529111
0.409789
0.268487
0.278094
0.408814
0.312215
0.274219
0.315421
0.497928
0.359569
0.364875
0.326047
0.263144
0.365081
0.473235
0.571336
0.334269
0.381928
0.363022
0.554103
0.190687
0.306215
0.256721
0.391363
0.315342
0.399732
0.348348
0.299773
0.308055
0.413502
0.329825
0.312614
0.340605
0.398931
0.267222
0.318953
0.377376
0.490519
0.203903
0.310025
0.612987
0.220477
0.150531
0.188207
0.457381
0.202826
0.261067
0.323472
0.362721
0.507546
0.350149
0.229173
0.510738
0.253465
0.245756
0.353419
0.463731
0.376653
0.293439
0.523486
0.241964
0.462511
0.233532
0.553353
0.557124
0.551426
0.359436
0.347631
0.161683
0.231005
0.237392
0.260342
0.369306
0.152026
0.228140
0.445918
0.359546
0.299122
0.248372
0.255693
0.249228
0.422827
0.312731
0.732286
0.418904
0.616822
0.434201
0.383622
0.441408
0.346103
0.211130
0.395990
0.134222
0.352591
0.210881
0.259903
0.239969
0.540715
0.373462
0.216657
0.414488
0.274924
0.328680
0.493787
0.558455
1.065046
0.334697
0.387587
0.181496
0.330487
0.504499
0.235895
0.412048
0.399494
0.442396
0.183268
0.318633
0.515188
0.142464
0.285348
0.479013
0.243051
0.262536
0.267340
0.233944
0.306821
0.359373
0.163424
0.251223
0.246963
0.281632
0.209354
0.352354
0.325985
0.412313
0.272718
0.342451
0.499982
0.444306
0.456453
0.245968
0.205822
0.211051
0.394969
0.246185
0.270236
0.284411
0.303330
0.311246
0.334656
0.395936
0.244967
0.373106
0.261699
0.267256
0.264074
0.217083
0.239915
0.234070
0.414509
0.208083
0.469431
0.378379
0.657721
0.445054
0.254537
0.146274
0.259218
0.190031
0.256789
0.221451
0.222331
0.298168
0.148361
0.383114
0.315152
0.241531
0.285114
0.235297
0.198157
0.533593
0.317726
0.378973
0.290061
0.300151
0.347644
0.403922
0.197524
0.279444
0.199267
0.389590
0.366454
0.278792
0.369204
0.395818
0.272011
0.419252
0.672251
0.832604
1.068148
1.079741
0.438237
0.497940
0.606437
0.354949
0.471579
0.398847
0.418224
0.186794
0.521495
0.263558
0.323266
0.490088
0.376855
0.398895
0.399741
0.265975
0.263751
0.236249
0.219111
0.257726
0.249755
0.476906
0.415660
0.357696
0.265830
0.311707
0.203424
0.524238
0.807906
0.671779
0.292436
0.242679
0.351973
0.556787
0.227205
0.208685
0.316753
0.241412
0.190128
0.320174
0.445680
0.301721
0.262394
0.349307
0.344304
0.606116
0.362231
0.310890
0.309383
0.182458
0.255880
0.109468
0.274247
0.128370
0.330664
0.483762
0.411630
0.372366
0.345866
0.554558
0.299708
0.315043
0.305159
0.334804
0.421867
0.379893
0.176745
0.329377
0.347858
0.237284
0.419282
0.647697
0.451396
0.203722
0.205199
0.273419
0.356659
0.213232
0.453881
0.576691
0.445873
0.504232
0.323260
0.516159
0.287260
0.203057
0.206251
0.621021
0.492826
0.381736
0.209946
0.255611
0.316777
0.351275
0.201919
0.225551
0.275002
0.260762
0.324033
0.302472
0.372799
0.228779
0.213209
0.444429
0.557439
0.309497
0.290628
0.462813
0.285793
0.397297
0.499943
0.490638
0.509206
0.447211
0.315669
0.337336
0.263226
0.380583
0.321424
0.328634
0.399098
0.235641
0.225746
0.291343
0.238792
0.384178
0.594827
0.699535
0.326607
0.270235
0.575213
0.448894
0.338960
0.191640
0.345074
0.236434
0.348930
0.350870
0.420355
0.214831
0.308795
0.239807
0.315781
0.580624
0.498400
0.355003
0.364730
0.219260
0.319027
0.206274
0.493537
0.514692
0.622702
0.366555
0.293505
0.356970
0.309510
0.266683
0.292758
0.263799
0.256586
0.222573
0.270692
0.298792
0.351622
0.314000
0.218088
0.305879
0.303015
0.187842
0.277075
0.374657
0.704873
1.197003
0.238292
0.260374
0.220958
0.292425
0.308364
0.331392
0.393282
0.262141
0.188452
0.346390
0.696260
0.648594
0.924993
0.487315
0.372917
0.360349
0.343588
0.264003
0.371159
0.397062
0.287333
0.278200
0.222149
0.338004
0.376570
0.273631
0.284191
0.167335
0.306635
0.314727
0.280594
0.459837
0.289081
0.211985
0.318194
0.313267
0.344065
0.265931
0.151524
0.222702
0.154785
0.238215
0.183069
0.400579
0.337080
0.229190
0.247109
0.650452
0.790803
0.478046
0.305649
0.219733
0.213998
0.354288
0.295934
0.471416
0.409688
0.441404
0.381125
0.415147
0.244857
0.312525
0.486213
0.167888
0.370555
0.316000
0.250067
0.472434
0.374429
0.196761
0.311048
0.299403
0.271590
0.222567
0.188523
0.299966
0.238080
0.283566
0.313206
0.132603
0.322121
0.256866
0.233440
0.251242
0.310754
0.514657
0.189884
0.345654
0.316701
0.289186
0.281601
0.175964
0.226980
0.367258
0.262219
0.356724
0.554141
0.477244
0.696717
0.640998
0.324320
0.248159
0.281727
0.227164
0.286082
0.321395
0.362139
0.401762
0.299528
0.284296
0.243785
0.347160
0.395104
0.483468
0.459552
0.405323
0.631120
0.325356
0.590142
0.445017
0.455856
0.397609
0.354096
0.270857
0.466016
0.199975
0.216294
0.175356
0.264637
0.263369
0.321887
0.325421
0.377966
0.257537
0.283079
0.260117
0.408587
0.295888
0.458953
0.188243
0.139104
0.249491
0.330316
0.301267
0.236017
0.281801
0.239202
0.642358
0.389674
0.239445
0.246214
0.373715
0.307582
0.250001
0.198272
0.484097
0.239971
0.344684
0.405377
0.172147
0.172901
0.373224
0.305449
0.354135
0.221912
0.159012
0.231625
0.140783
0.295220
0.275182
0.332646
0.348556
0.811598
1.177429
0.313250
0.158867
0.350802
0.339598
0.499970
0.370033
0.349372
0.380691
0.300043
0.242232
0.282167
0.281997
0.426599
0.187127
0.368399
0.186330
0.181152
0.346219
0.360107
0.488328
0.393839
0.395361
0.603465
0.366048
0.641459
0.437405
0.259522
0.233966
0.330833
0.255146
0.445935
0.545161
0.424756
0.408379
0.207670
0.429938
0.464356
0.287462
0.237767
0.292619
0.408268
0.435837
0.385460
0.248023
0.422359
0.217182
0.302764
0.385479
0.442711
0.499538
0.352757
0.385512
0.188853
0.208173
0.123672
0.279980
0.346925
0.322900
0.206029
0.180026
0.309818
0.481804
0.261035
0.217664
0.526167
0.278565
0.163051
0.376239
0.272444
0.326151
0.370935
0.460652
0.352973
0.256887
0.206365
0.331062
0.360549
0.325113
0.344044
0.320810
0.334323
0.581075
0.430888
0.293762
0.298154
0.184371
0.301839
0.322234
0.403886
0.252734
0.310623
0.269521
0.265819
0.358160
0.395285
0.324675
0.223068
0.368455
0.311221
0.335928
0.310789
0.266785
0.146112
0.264694
0.263377
0.262697
0.376062
0.262895
0.324882
0.252156
0.251261
0.360433
0.503000
0.478414
0.357333
0.396007
0.263162
0.377576
0.300969
0.321789
0.736253
0.301800
0.370536
0.427083
0.267250
0.841271
1.075584
0.320118
0.364621
0.406950
0.426051
0.323816
0.513404
0.545221
0.343041
0.383339
0.285785
0.231971
0.307465
0.670011
0.354459
0.337562
0.277064
0.302005
0.347001
0.351510
0.192452
0.318087
0.458520
0.208635
0.225221
0.319702
0.356653
0.203752
0.411977
0.611227
0.159341
0.259499
0.365551
0.218100
0.365154
0.192542
0.259232
0.335086
0.356255
0.318902
0.161125
0.331011
0.153302
0.218149
0.213558
0.377735
0.365778
0.197758
0.269785
0.417988
0.467119
0.330207
0.397714
0.314008
0.267706
0.682165
0.676655
0.277412
0.231432
0.164348
0.248006
0.366498
0.384427
0.442552
0.266297
0.384480
0.158215
0.302308
0.255204
0.271304
0.262975
0.357356
0.285200
0.240095
0.426308
0.376000
0.301214
0.271122
0.455259
0.313202
0.330934
0.290421
0.259422
0.301831
0.340684
0.371399
0.753414
0.482519
0.518407
0.245099
0.298030
0.220308
0.262431
0.258911
0.203057
0.265638
0.304157
0.329158
0.287941
0.277650
0.215092
0.298940
0.202783
0.213503
0.187571
0.232358
0.292531
0.186303
0.184978
0.332104
0.354125
0.272195
0.257396
0.222321
0.189025
0.303399
0.572693
0.397952
0.479565
0.376129
0.256146
0.331972
0.354171
0.305918
0.216143
0.232854
0.206143
0.209018
0.237994
0.277481
0.401234
0.505742
0.551003
0.439897
0.309323
0.467140
0.381263
0.232645
0.265421
0.170220
0.243257
0.478085
0.497023
0.383894
0.216834
0.193048
0.409219
0.283625
0.439798
0.429378
0.160068
0.330296
0.317980
0.494193
0.194137
0.234513
0.144089
0.238853
0.296179
0.242653
0.182331
0.281402
0.332018
0.308568
0.274611
0.204114
0.526066
0.821724
0.586179
0.306389
0.428556
0.288889
0.378929
0.359154
0.646272
0.545931
0.442010
0.166345
0.226131
0.252370
0.258428
0.314567
0.230686
0.228593
0.260421
0.388319
0.480328
0.459698
0.395960
0.328460
0.333139
0.206725
0.251538
0.140853
0.246412
0.392642
0.821964
0.762064
0.631452
0.541760
0.535919
0.314203
0.302021
0.268024
0.325948
0.316887
0.409009
0.354358
0.251822
0.298485
0.405995
0.193080
0.363387
0.356584
0.270099
0.295022
0.149369
0.481855
0.386517
0.153899
0.347264
0.313816
0.419274
0.373518
0.489601
0.301834
0.222203
0.326707
0.275601
0.480991
0.379101
0.407799
0.340362
0.248894
0.242717
0.142580
0.305382
0.320253
0.203359
0.336760
0.267281
0.281433
0.263985
0.265577
0.150036
0.331067
0.329673
0.194858
0.231886
0.222232
0.251630
0.220602
0.195438
0.318506
0.196726
0.235129
0.560280
0.558689
0.315418
0.390666
0.425217
0.466320
0.548658
0.389495
0.459319
0.225294
0.391256
0.250036
0.588534
0.300860
0.536534
0.300031
0.457326
0.493839
0.302337
0.166340
0.532913
0.469441
0.363103
0.169368
0.246577
0.297796
0.177230
0.160835
0.300254
0.280323
0.394897
0.208772
0.342191
0.339014
0.224760
0.554988
0.511911
0.660018
0.403069
0.199388
0.232167
0.290122
0.239434
0.217622
0.233801
0.278803
0.150782
0.362634
0.416040
0.233402
0.172812
0.249882
0.242661
0.281441
0.198039
0.370000
0.421034
0.232813
0.270199
0.325977
0.180997
0.443494
0.326841
0.305599
0.363262
0.221794
0.227204
0.314666
0.712920
0.706365
0.422929
0.238300
0.314151
0.218800
0.215261
0.310826
0.372796
0.285693
0.354669
0.667705
0.511770
0.262538
0.328584
0.265992
0.175380
0.184671
0.263409
0.400972
0.691751
0.544894
0.288876
0.381078
0.346399
0.136512
0.322447
0.325206
0.167566
0.260245
0.179139
0.335814
0.269092
0.212254
0.371694
0.256901
0.413101
0.337461
0.467222
0.435847
0.336687
0.328899
0.541079
0.483928
0.409123
0.422012
0.325439
0.456005
0.315997
0.229366
0.374945
0.365276
0.302316
0.552137
0.317314
0.373845
0.598521
0.598004
0.887496
0.961624
0.615802
0.214995
0.214517
0.143304
0.170733
0.410778
0.217441
0.260587
0.430177
0.372173
0.329077
0.262305
0.505931
0.465591
0.238721
0.264742
0.235981
0.114945
0.403794
0.344431
0.302470
0.175394
0.632348
0.266738
0.169938
0.188942
0.450128
0.138291
0.258424
0.250750
0.408296
0.355268
0.355304
0.293853
0.320874
0.375239
0.160314
0.347466
0.346133
0.206233
0.162723
0.291305
0.191378
0.255952
0.308690
0.303994
0.187659
0.212468
0.215982
0.326894
0.482791
0.796128
0.289341
0.319551
0.316552
0.368659
0.423627
0.301104
0.287672
0.119538
0.399110
0.317923
0.239693
0.459271
0.430033
0.300291
0.438103
0.317119
0.496360
0.482441
0.263789
0.362707
0.288696
0.235549
0.387735
0.339026
0.442548
0.479924
0.269546
0.175539
0.347820
0.225649
0.241724
0.298503
0.313089
0.284397
0.217083
0.348660
0.349334
0.284284
0.264290
0.253940
0.378819
0.341524
0.672515
0.586954
0.459507
0.246187
0.380553
0.290836
0.227851
0.207819
0.320310
0.309534
0.303434
0.430348
0.198169
0.408142
0.433407
0.514447
0.232410
0.414250
0.187664
0.260104
0.507507
0.261673
0.519660
0.563397
0.658303
0.179990
0.464170
0.185849
0.361606
0.189534
0.219369
0.240445
0.450514
0.343792
0.243848
0.272103
0.177242
0.288382
0.331727
0.353711
0.207857
0.370902
0.169179
0.204394
0.291609
0.279219
0.340780
0.362524
0.285621
0.283609
0.621851
0.393243
0.440602
0.435781
0.233875
0.457418
0.395524
0.225524
0.297588
0.283617
0.399171
0.293131
0.344582
0.113961
0.182007
0.220802
0.206831
0.156792
0.261793
0.493422
0.274744
0.490210
0.303431
0.271976
0.394252
0.236389
0.222291
0.269509
0.514599
0.440090
0.459184
0.347177
0.447326
0.203391
0.227961
0.320798
0.303706
0.266047
0.277223
0.337263
0.217888
0.302386
0.305225
0.275706
0.394714
0.469359
0.394126
0.350707
0.158173
0.369024
0.374804
0.264547
0.150850
0.291924
0.230985
0.189177
0.322513
0.259466
0.437092
0.497197
0.263490
0.227846
0.376730
0.277305
0.397230
0.324589
0.391560
0.178658
0.309659
0.276266
0.398654
0.321276
0.385726
0.284223
0.187981
0.184278
0.539913
0.218345
0.255250
0.298354
0.519561
0.247930
0.234515
0.220076
0.285365
0.503343
0.300782
0.244653
0.332273
0.343264
0.314395
0.682952
0.355359
0.426671
0.410432
0.201660
0.355871
0.272452
0.202251
0.342045
0.282322
0.469585
0.298509
0.208426
0.251936
0.299266
0.308271
0.244153
0.258924
0.475011
0.240482
0.211518
0.225477
0.344306
0.264788
0.560476
0.388957
0.455571
0.446645
0.580833
0.290666
0.260931
0.365279
0.236691
0.510092
0.221700
0.365018
0.333895
0.377553
0.285616
0.218647
0.250547
0.153252
0.223974
0.213788
0.299887
0.286381
0.378926
0.330947
0.454094
0.264080
0.160012
0.270906
0.348942
0.232593
0.211894
0.396599
0.266986
0.298563
0.537581
0.277890
0.284384
0.475283
0.321576
0.524060
0.412024
0.327514
0.336654
0.426460
0.363200
0.650052
0.380930
0.269673
0.488436
0.459421
0.284355
0.566013
0.429200
0.248841
0.228143
0.379086
0.347745
0.263384
0.214886
0.235611
0.282743
0.299853
0.309980
0.283704
0.279839
0.177251
0.404924
0.322491
0.285430
0.303067
0.322943
0.360991
0.431972
0.512506
0.308262
0.414753
0.247184
0.217160
0.286018
0.256317
0.385250
0.228509
0.392489
0.363984
0.581211
0.272211
0.574978
0.369632
0.219856
0.268940
0.307501
0.300868
0.350100
0.265701
0.410400
0.438060
0.260869
0.142429
0.242259
0.259561
0.224834
0.207906
0.312703
0.298076
0.238592
0.168077
0.193044
0.243278
0.206150
0.307507
0.477937
0.576437
0.297961
0.366644
0.167349
0.249653
0.318350
0.276809
0.232176
0.289206
0.476583
0.219476
0.196221
0.196317
0.162747
0.290626
0.430853
0.239231
0.207993
0.327281
0.237211
0.309388
0.176829
0.218179
0.251758
0.157191
0.313979
0.312978
0.365009
0.594226
0.269626
0.242124
0.156526
0.353460
0.198074
0.426696
0.411267
0.636747
0.442135
0.439343
0.312364
0.377475
0.374857
0.468699
0.400354
0.269700
0.291254
0.228753
0.268493
0.327896
0.239004
0.338686
0.321793
0.299523
0.341863
0.255676
0.403183
0.349357
0.454443
0.399481
0.548006
0.451417
0.295918
0.251128
0.220227
0.282305
0.291133
0.308215
0.305213
0.222851
0.305351
0.271125
0.259402
0.250792
0.179057
0.185245
0.311459
0.261064
0.402484
0.483344
0.248885
0.191473
0.267424
0.217154
0.260292
0.289635
0.259196
0.527374
0.448541
0.339257
0.201194
0.297746
0.368911
0.497496
0.322686
0.377935
0.385673
0.309402
0.245415
0.314876
0.169835
0.315881
0.265816
0.122753
0.366755
0.249136
0.357971
0.385008
0.280088
0.160191
0.255054
0.203497
0.191570
0.434858
0.338423
0.455658
0.346637
0.275982
0.305836
0.293275
0.416751
0.410169
0.196336
0.205384
0.220367
0.152456
0.175160
0.280884
0.168645
0.189881
0.412042
0.532548
0.269917
0.388900
0.389865
0.398229
0.350891
0.364007
0.458220
0.337290
0.304347
0.321029
0.320740
0.186352
0.358381
0.454233
0.505017
0.278716
0.275807
0.370586
0.384120
0.265318
0.180585
0.461252
0.247140
0.257909
0.391298
0.248053
0.311874
0.595543
0.377477
0.304262
0.272306
0.380642
0.353869
0.198748
0.263013
0.501572
0.316974
0.298626
0.219640
0.318545
0.221291
0.211745
0.316207
0.342336
0.492067
0.492056
0.384475
0.399062
0.345969
0.369208
0.576260
0.451937
0.274232
0.311689
0.489201
0.416128
0.425174
0.334186
0.171714
0.227656
0.256703
0.307965
0.443225
0.296585
0.342570
0.270850
0.206913
0.329510
0.379994
0.250184
0.408741
0.533349
0.387204
0.320677
0.444669
0.296233
0.178751
0.297666
0.382115
0.518089
0.643697
1.000135
0.519677
0.342197
0.354340
0.386913
0.167191
0.227934
0.209774
0.151303
0.323591
0.291862
0.271225
0.256068
0.193768
0.553129
1.584517
0.717891
0.383691
0.339226
0.433367
0.489730
0.500185
0.345593
0.277356
0.195719
0.319559
0.171511
0.232634
0.376012
0.640245
0.274005
0.274801
0.455311
0.273123
0.264627
0.341067
0.457260
0.264603
0.561996
0.291917
0.250587
0.321914
0.230859
0.479702
0.206073
0.264181
0.362909
0.115960
0.331212
0.230934
0.294006
0.320734
0.229274
0.372499
0.200513
0.380934
0.404786
0.475029
0.303694
0.770450
0.521208
0.252631
0.382201
0.315668
0.261190
0.141513
0.149054
0.320975
0.695110
0.461882
0.203331
0.305856
0.402949
0.422826
0.492663
0.315792
0.362091
0.428421
0.346242
0.305633
0.248129
0.264972
0.268464
0.247917
0.127318
0.354323
0.142385
0.227071
0.304498
0.249576
0.597372
0.162258
0.150781
0.235780
0.198918
0.216972
0.295155
0.499502
0.484215
0.303838
0.270194
0.232246
0.215932
0.184178
0.330308
0.244001
0.370871
0.250091
0.240680
0.291417
0.320922
0.203602
0.285790
0.176967
0.179705
0.313714
0.309104
0.383874
0.307477
0.409426
0.245290
0.383235
0.333445
0.228786
0.164530
0.385813
0.374353
0.328446
0.193578
0.473955
0.251521
0.324596
0.528564
0.617087
0.755168
0.319390
0.486746
0.327374
0.295258
0.669874
0.207479
0.333611
0.239164
0.400848
0.245073
0.418912
0.465110
0.605340
0.829427
0.302797
0.276254
0.255549
0.401942
0.277961
0.310870
0.340544
0.394176
0.264663
0.463907
0.252784
0.300735
0.320021
0.249763
0.272595
0.201853
0.277183
0.232096
0.526186
0.484636
0.350346
0.251897
0.321304
0.286613
0.337241
0.334462
0.379742
0.291868
0.455481
0.423008
0.369143
0.455502
0.448999
0.439113
0.416128
0.443587
0.440695
0.291221
0.334572
0.160334
0.393532
0.327172
0.336747
0.325797
0.170182
0.618523
0.467719
0.364419
0.399153
0.390047
0.472526
0.860557
0.750798
0.294715
0.128716
0.379800
0.306507
0.398150
0.300337
0.336118
0.374132
0.289337
0.244259
0.206974
0.197835
0.296481
0.160281
0.242983
0.280278
0.271369
0.316119
0.704232
0.673020
0.339408
0.441890
0.285853
0.352520
0.351885
0.168709
0.199097
0.231511
0.362577
0.182350
0.192093
0.335643
0.246040
0.256686
0.394453
0.239248
0.341664
0.234425
0.411711
0.523855
0.555322
0.556821
0.849590
0.465972
0.267351
0.286624
0.262187
0.208699
0.339380
0.176395
0.400652
0.503435
0.425066
0.381853
0.502054
0.379721
0.381327
0.489364
0.466110
0.615040
1.079020
0.297975
0.233913
0.325910
0.453746
0.130901
0.357047
0.501424
0.558995
0.261297
0.251877
0.365825
0.332876
0.328974
0.331295
0.274046
0.614092
0.382475
0.257361
0.291132
0.337190
0.332734
0.180574
0.131291
0.177549
0.345356
0.195138
0.347549
0.330867
0.425404
0.292288
0.330307
0.208860
0.204566
0.158464
0.193073
0.465326
0.508131
0.438804
0.357001
0.509916
0.339747
0.317098
0.225190
0.197113
0.151909
0.165639
0.305501
0.245026
0.190509
0.385232
0.530567
0.434657
0.475645
0.229707
0.262890
0.176596
0.379974
0.452253
0.196972
0.191395
0.192745
0.344672
0.237134
0.242930
0.222163
0.249114
0.573219
0.234305
0.292274
0.271308
0.298614
0.218506
0.254803
0.384656
0.993931
0.562910
0.293909
0.293183
0.270468
0.339961
0.226830
0.334956
0.314877
0.306004
0.506088
0.607314
0.379723
0.242290
0.273254
0.272647
0.245666
0.121025
0.313491
0.234146
0.095187
0.269862
0.381127
0.247180
0.439663
0.342793
0.327901
0.444945
0.262420
0.211332
0.294444
0.250664
0.317157
0.199312
0.285477
0.374947
0.276466
0.361791
0.510339
0.233672
0.196592
0.181496
0.315592
0.414182
0.398468
0.329129
0.468963
0.273456
0.227508
0.262007
0.315736
0.365580
0.277559
0.503147
0.261995
0.242029
0.238165
0.313486
0.415343
0.555286
0.409878
0.196428
0.288543
0.190238
0.483323
0.380329
0.274466
0.283946
0.338511
0.435683
0.187468
0.348488
0.308269
0.265457
0.235758
0.367835
0.163639
0.328286
0.155763
0.359186
0.242491
0.465123
0.308750
0.222485
0.330490
0.634694
0.580645
0.220400
0.467683
0.152193
0.375598
0.382146
0.213308
0.433237
0.218399
0.303290
0.178377
0.173395
0.527815
0.278312
0.271559
0.374583
0.324756
0.325718
0.372892
0.412493
0.333657
0.238545
0.294813
0.251382
0.280581
0.223743
0.186236
0.281534
0.398530
0.315920
0.128678
0.653184
0.270767
0.430691
0.315720
0.300965
0.288106
0.624088
0.342744
0.244845
0.344134
0.264261
0.341512
0.365185
0.311237
0.247657
0.401393
0.261619
0.371695
0.225528
0.551419
0.504103
0.390336
0.264441
0.319233
0.286100
0.387386
0.482670
0.383881
0.203263
0.282721
0.286544
0.334932
0.158730
0.215987
0.400209
0.489735
0.850345
0.714153
0.750809
0.823607
0.305690
0.392052
0.209729
0.271773
0.174484
0.148012
0.259084
0.328290
0.595609
0.405661
0.285521
0.393769
0.278023
0.250596
0.184176
0.221937
0.363089
0.419029
0.452029
0.701647
0.229350
0.244066
0.248015
0.248504
0.206989
0.379255
0.326495
0.264396
0.322509
0.339101
0.206759
0.165304
0.319463
0.267331
0.209902
0.525422
0.315445
0.293737
0.567191
0.338987
0.328383
0.332533
0.350181
0.301337
0.198075
0.358232
0.537726
0.396468
0.221055
0.192422
0.514249
0.358634
0.163773
0.341511
0.301329
0.200831
0.229299
0.284366
0.209833
0.263761
0.266453
0.331945
0.244006
0.265710
0.320860
0.345546
0.340228
0.412074
0.351678
0.321557
0.263382
0.253771
0.306245
0.334122
0.216415
0.390181
0.305012
0.297331
0.270191
0.392023
0.226303
0.153815
0.513536
0.393120
0.326560
0.442947
0.232766
0.244806
0.221183
0.197696
0.547556
0.232875
0.300527
0.399275
0.233352
0.288284
0.253647
0.200725
0.351709
0.429603
0.367112
0.518610
0.337207
0.302746
0.233688
0.340839
0.162075
0.228069
0.212437
0.237790
0.472299
0.360650
0.298925
0.301756
0.283653
0.195269
0.351356
0.379465
0.330676
0.250072
0.359486
0.265455
0.408247
0.483754
0.321214
0.262760
0.173847
0.307736
0.325655
0.300774
0.127389
0.457499
0.280572
0.338995
0.384749
0.247749
0.326000
0.272579
0.270838
0.261088
0.348213
0.295031
0.247093
0.288511
0.282549
0.249047
0.272281
0.404451
0.221839
0.283821
0.288282
0.357457
0.416770
0.390069
0.272835
0.303711
0.378408
0.185069
0.491455
0.412864
0.372688
0.425151
0.198228
0.238316
0.162552
0.292834
0.207418
0.206761
0.332707
0.373092
0.408143
0.243834
0.336757
0.350967
0.260661
0.447760
0.237473
0.145443
0.242650
0.622429
0.541650
0.375327
0.294642
0.203969
0.145372
0.397304
0.270941
0.309524
0.154365
0.539429
0.346328
0.498721
0.398444
0.269800
0.304180
0.486411
0.313147
0.328802
0.260515
0.290479
0.300135
0.349608
0.200671
0.382738
0.546930
0.287947
0.320110
0.238973
0.231526
0.436993
0.588450
0.306068
0.501769
0.327730
0.211681
0.100033
0.368857
0.276596
0.482734
0.424001
0.192771
0.370378
0.172053
0.278950
0.246304
0.175984
0.418702
0.372800
0.375211
0.256183
0.266556
0.282930
0.249274
0.151712
0.393943
0.152579
0.239652
0.442673
0.395101
0.276872
0.143019
0.316322
0.193389
0.298645
0.343709
0.334859
0.159601
0.248547
0.327298
0.609299
0.447607
0.324064
0.259525
0.297761
0.273020
0.397679
0.477059
0.288975
0.277084
0.379270
0.405040
0.288783
0.170029
0.682976
0.579548
0.275345
0.249575
0.349941
0.328941
0.392985
0.332949
0.494764
0.303875
0.152478
0.396043
0.151591
0.265176
0.245362
0.369895
0.292045
0.281024
0.175831
0.306140
0.681682
0.221017
0.385673
0.227517
0.301231
0.204357
0.494328
0.204804
0.289349
0.181464
0.297747
0.506485
0.491160
0.249648
0.292173
0.274433
0.248929
0.428090
0.356117
0.232836
0.326650
0.272561
0.525255
0.272675
0.156442
0.257889
0.373652
0.276361
0.279793
0.338784
0.338825
0.339616
0.312103
0.181254
0.281843
0.244463
0.342284
0.298232
0.446988
0.504099
0.177355
0.515883
0.383984
0.340257
0.253333
0.318561
0.214287
0.310788
0.288425
0.339543
0.511675
0.338258
0.224998
0.236907
0.197883
0.179691
0.246984
0.294492
0.548921
0.205524
0.162745
0.305291
0.205819
0.232271
0.297031
0.359814
0.238205
0.381220
0.138137
0.275134
0.475768
0.100899
0.242917
0.479907
0.428932
0.481057
0.476701
0.358643
0.171406
0.378309
0.147596
0.551746
0.383611
0.122331
0.421112
0.358661
0.311790
0.291675
0.430098
0.460022
0.238113
0.244550
0.226120
0.196739
0.251745
0.176058
0.317190
0.319238
0.400322
0.162949
0.311966
0.392278
0.194809
0.156915
0.247640
0.460027
0.452629
0.399990
0.106672
0.249590
0.447461
0.284122
0.136462
0.203575
0.319633
0.166317
0.214106
0.175466
0.277738
0.235040
0.161143
0.241100
0.323741
0.362797
0.206739
0.456259
0.406016
0.375456
0.416941
0.332714
0.254792
0.377180
0.427292
0.316557
0.254330
0.497001
0.221745
0.160264
0.473737
0.231298
0.161151
0.184323
0.219910
0.316312
0.293182
0.302435
0.148120
0.178562
0.415392
0.609358
0.414792
0.378569
0.378025
0.288523
0.432172
0.230755
0.231833
0.314458
0.315345
0.370263
0.363510
0.279525
0.197955
0.257280
0.293465
0.224818
0.373016
0.391572
0.320625
0.175145
0.245488
0.282681
0.260996
0.310064
0.220398
0.244488
0.273956
0.283955
0.632379
0.594594
0.180225
0.450255
0.481314
0.254298
0.403248
0.299391
0.323007
0.224481
0.313516
0.262002
0.253837
0.132175
0.395716
0.352212
0.409492
0.515381
0.303257
0.326172
0.529878
0.324516
0.469959
0.214550
0.369769
0.561207
0.344424
0.246383
0.372268
0.176185
0.130848
0.305555
0.270762
0.417032
0.290667
0.294827
0.508217
0.271064
0.376839
0.418202
0.286070
0.184166
0.192296
0.171173
0.243551
0.424394
0.348870
0.507834
0.497353
0.328869
0.191126
0.125692
0.243004
0.388370
0.501737
0.886564
0.337844
0.267677
0.441880
0.160138
0.241030
0.434818
0.344688
0.252159
0.278004
0.233298
0.205532
0.381866
0.386993
0.487638
0.541500
0.293753
0.367566
0.328147
0.202286
0.210333
0.282213
0.312598
0.213021
0.509036
0.227390
0.407821
0.309106
0.383456
0.412038
0.282453
0.417947
0.488904
0.181158
0.254624
0.266499
0.223744
0.383134
0.521250
0.367414
0.320669
0.293146
0.393842
0.218030
0.475141
0.418275
0.280045
0.308788
0.362686
0.221278
0.152899
0.188535
0.261356
0.301887
0.316881
0.248463
0.268120
0.558083
0.691297
0.397270
0.243298
0.287275
0.222382
0.330032
0.237603
0.329737
0.266723
0.275079
0.120090
0.267922
0.221153
0.203008
0.162905
0.183813
0.375490
0.233048
0.133335
0.233026
0.393490
0.350745
0.366258
0.279490
0.231693
0.274139
0.417086
0.341292
0.211649
0.334022
0.153248
0.290328
0.323323
0.375574
0.368840
0.488372
0.167601
0.241122
0.345948
0.326162
0.232860
0.289988
0.488334
0.341860
0.248383
0.139487
0.281922
0.402304
0.415474
0.581217
0.275672
0.207745
0.527785
0.619358
0.418776
0.308722
0.268690
0.239894
0.371394
0.221468
0.530504
0.450154
0.221725
0.434529
0.230700
0.244862
0.314724
0.312312
0.335727
0.189696
0.412491
0.319927
0.308820
0.226773
0.157376
0.249817
0.132411
0.430344
0.208010
0.420591
0.268898
0.197712
0.217886
0.180621
0.319559
0.234074
0.364671
0.436579
0.484679
0.385745
0.412460
0.237869
0.255606
0.379357
0.435488
0.291259
0.225562
0.205473
0.269038
0.402338
0.289378
0.321736
0.241901
0.262708
0.393902
0.273491
0.337979
0.582403
0.546577
0.214950
0.384692
0.405357
0.354891
0.406845
0.314475
0.389427
0.269730
0.393162
0.379073
0.252133
0.234591
0.505861
0.646068
0.296117
0.461941
0.185317
0.215635
0.366357
0.324958
0.465824
0.311959
0.329913
0.183260
0.501128
0.544938
0.428922
0.311178
0.472965
0.440645
0.543630
0.441532
0.235975
0.409366
0.379147
0.376751
0.441604
0.384252
0.699003
0.454117
0.314280
0.292220
0.387488
0.163678
0.268311
0.422328
0.402451
0.193995
0.447866
0.341560
0.461838
0.265963
0.279441
0.227935
0.150924
0.232949
0.317926
0.170308
0.201801
0.359254
0.361974
0.470408
0.239111
0.506535
0.324034
0.219895
0.173004
0.282311
0.478775
0.370106
0.193066
0.167536
0.210412
0.295952
0.263348
0.239560
0.107603
0.222160
0.112224
0.272771
0.147794
0.260731
0.158505
0.304118
0.213677
0.235516
0.208045
0.248378
0.384965
0.280004
0.361698
0.457880
0.348982
0.410123
0.581205
0.332008
0.546355
0.357279
0.170535
0.224512
0.281033
0.239677
0.264228
0.228484
0.386334
0.556474
0.304660
0.183026
0.386374
0.228833
0.238223
0.277912
0.304016
0.230513
0.255131
0.210331
0.265634
0.296005
0.139599
0.660114
0.495229
0.429882
0.681701
0.699542
0.313381
0.196539
0.214838
0.281310
0.329170
0.425424
0.321729
0.424798
0.394286
0.361290
0.323003
0.179094
0.312167
0.171166
0.390356
0.317585
0.304201
0.473056
0.238705
0.455577
0.308093
0.203231
0.235707
0.309159
0.428426
0.394088
0.220537
0.250334
0.528896
0.767147
1.051196
0.368547
0.623070
0.441068
0.148858
0.169258
0.223898
0.346099
0.422425
0.195736
0.309796
0.285776
0.356236
0.318844
0.280516
0.396728
0.292544
0.259726
0.339627
0.295678
0.119382
0.182707
0.297123
0.471174
0.208192
0.403827
0.239727
0.122079
0.339618
0.253716
0.388352
0.408248
0.334146
0.359074
0.353890
0.406453
0.390275
0.223526
0.246319
0.383663
0.242531
0.307241
0.195749
0.436425
0.511298
0.531375
0.256922
0.267114
0.155256
0.257414
0.354148
0.565096
0.455000
0.237845
0.339455
0.301981
0.214879
0.234129
0.254291
0.358695
0.389743
0.399695
0.187415
0.440071
0.337009
0.369758
0.198757
0.301235
0.234145
0.211460
0.291172
0.434499
1.071640
1.989940
0.520906
0.641148
0.285257
0.368142
0.349717
0.219431
0.356434
0.403825
0.307047
0.296678
0.275506
0.309055
0.304771
0.219677
0.337279
0.440706
0.708379
0.217695
0.196593
0.421717
0.693391
0.485942
0.529306
0.258493
0.288332
0.305200
0.276751
0.236505
0.157654
0.281952
0.473049
0.457625
0.311604
0.359049
0.351918
0.478999
0.434016
0.288095
0.167592
0.262748
0.157066
0.164365
0.304072
0.455620
0.520516
0.477345
0.352138
0.474887
0.309668
0.352594
0.298455
0.551953
0.175545
0.369729
0.290782
0.341496
0.234395
0.491136
0.273055
0.334531
0.277315
0.342539
0.238491
0.301490
0.276961
0.348729
0.349271
0.317718
0.188272
0.156586
0.361851
0.408567
0.416738
0.478724
0.399408
0.182857
0.228287
0.155143
0.449304
0.397189
0.369553
0.335989
0.199966
0.249323
0.290485
0.303400
0.648777
0.386204
0.228302
0.302680
0.394213
0.376842
0.157825
0.372977
0.531434
0.497110
0.334577
0.426418
0.177329
0.167653
0.187280
0.301332
0.361684
0.307104
0.293355
0.404257
0.233582
0.277159
0.573402
0.509919
0.495980
0.493727
0.500875
0.629540
0.344010
0.321082
0.264568
0.348575
0.211903
0.210013
0.319545
0.182448
0.178903
0.348912
0.253560
0.254110
0.230080
0.183794
0.389992
0.171902
0.232238
0.326121
0.223736
0.295380
0.452860
0.282539
0.154307
0.382024
0.301298
0.161030
0.273987
0.423490
0.183422
0.360931
0.425525
0.383686
0.150676
0.187700
0.282561
0.371700
0.203774
0.330359
0.391031
0.346977
0.366958
0.288528
0.234396
0.303196
0.295708
0.249417
0.411557
0.287614
0.208812
0.345681
0.373683
0.315741
0.229339
0.294096
0.279644
0.411865
0.298133
0.395140
0.371371
0.371546
0.243876
0.259041
0.276902
0.212832
0.185833
0.270993
0.299221
0.645900
0.435859
0.171650
0.292577
0.253013
0.387241
0.308459
0.443329
0.393075
0.291804
0.443790
0.405159
0.250343
0.240376
0.527578
0.400545
0.381468
0.329930
0.221181
0.326068
0.263974
0.154642
0.255292
0.399073
0.388399
0.318736
0.223556
0.273730
0.336513
0.251459
0.146127
0.342761
0.544522
0.476526
0.415557
0.321316
0.350530
