2.282267
1.463714
19.403271
2.135288
2.323056
2.224318
2.186486
2.106009
2.120136
2.026247
2.004379
2.441665
1.976148
1.698651
1.211100
1.166821
2.391091
1.866864
1.556535
1.361918
2.034723
1.520950
1.282021
1.670247
1.405294
1.088503
0.782447
1.174310
1.276885
1.180615
0.954948
1.621706
0.959525
1.243610
0.860542
0.996964
0.974481
1.076766
2.673678
1.480369
1.117369
1.163209
0.947797
0.805601
1.202549
0.763884
0.965361
2.344790
1.492338
1.228742
1.050490
1.065130
0.993240
0.837929
0.801628
1.091087
0.873702
0.776989
0.826807
1.365683
1.113900
0.846131
0.642607
1.032744
2.179095
1.339463
0.948503
0.828460
0.956050
1.079655
0.556350
0.831135
0.684389
0.978122
0.890557
0.669184
1.211020
0.928538
0.663834
0.566709
0.597770
1.209069
2.006178
0.863324
1.209623
0.811253
0.641967
0.533142
0.532863
0.558925
0.752539
0.703951
0.776856
0.584407
0.464439
0.938137
0.880200
0.797299
0.583440
0.728294
0.936026
0.564988
0.542049
0.556656
0.945266
1.431862
1.000433
0.566064
0.657621
0.662856
0.640553
0.517642
0.632800
0.750962
0.907050
1.004002
0.791881
0.613945
0.795303
1.600084
1.364219
0.749831
0.529737
0.452179
0.462970
0.367789
0.890333
0.375971
0.465377
0.705545
0.806676
0.751024
0.848191
1.165902
0.831126
0.619164
0.342982
0.422779
0.625404
0.615838
0.592240
0.545399
0.695321
0.594483
0.698401
0.685901
0.610622
0.571240
1.020819
0.817699
0.364939
0.676325
0.557615
0.514616
0.590086
0.552680
0.558532
0.895486
1.857335
0.607424
0.534340
0.402118
0.446779
0.418365
0.813558
0.744660
0.985922
0.588238
0.469600
0.774735
0.517394
0.520057
0.938266
0.613790
0.544655
0.375646
0.383610
0.758900
0.752203
0.731016
0.548914
0.221229
0.706466
0.409651
0.524046
0.627912
0.487685
0.306136
0.433960
0.547510
0.378625
0.518142
0.733876
0.583824
0.467815
0.493272
0.391330
0.328015
0.470703
0.756320
1.348916
0.545679
0.454318
0.426342
0.426237
0.456576
0.373687
0.988006
0.641350
0.539403
0.505130
0.356187
0.515161
0.484746
0.416442
0.357140
0.609598
0.553586
1.269594
0.754249
0.765465
0.736874
0.528145
0.680921
1.165147
0.949964
0.978353
0.568873
0.866976
0.510670
0.483129
0.561064
0.358496
0.436443
0.541895
0.348215
0.406437
0.398620
0.470304
0.499935
0.418568
0.467598
0.391039
0.426054
0.439740
0.385952
0.406120
0.617845
0.667280
0.410806
0.473770
0.737349
0.545539
0.680589
0.583394
1.819499
0.823516
0.630978
0.523913
0.408814
0.362701
0.287455
0.458307
0.498748
0.713800
0.570709
0.471436
0.324149
0.495462
0.323475
0.403644
0.294862
0.303892
0.444579
0.305315
0.335921
0.404236
0.322372
0.349786
0.338223
0.392032
0.345716
0.603924
0.794306
0.562538
0.388890
0.372575
0.222858
0.602130
0.698517
0.417386
0.612381
0.724785
0.568578
0.548739
0.372582
0.304607
0.221592
0.622290
1.159384
1.062194
0.722027
0.609592
0.428897
0.531274
0.389268
0.535339
0.373717
0.310365
0.856022
0.500098
0.207396
0.374736
0.321088
0.455772
0.362005
0.441670
0.462416
0.362411
0.582977
0.341640
0.481193
0.798097
1.029940
0.382319
0.632756
0.361871
0.483984
0.446834
0.436435
0.384333
0.385520
0.438624
0.565044
0.573616
0.521646
0.657879
0.375537
0.454753
0.414116
0.484636
0.545735
0.363249
0.547109
1.107039
1.296623
0.523647
0.408372
0.324610
0.515408
0.357078
0.517869
0.269667
0.364715
0.418346
0.407548
0.776443
0.293938
0.359539
0.438326
0.481294
0.815453
0.475580
0.242433
0.504466
0.581138
0.747196
0.616823
0.271437
0.418973
0.444266
0.465232
0.332351
0.478077
0.459669
0.308306
0.399036
0.434820
0.420058
0.375089
0.329692
0.332150
0.564323
0.411629
0.337876
0.390098
0.285311
0.403288
0.413067
0.250157
0.422782
0.439842
0.260827
0.405222
0.216214
0.421489
0.638378
0.344641
0.315728
0.468545
0.655940
0.389578
0.579742
0.329341
0.612577
0.591075
0.338763
0.414579
0.446065
0.305256
0.429576
0.298019
0.414117
0.495563
0.314092
0.494482
0.365078
0.437451
0.278666
0.368456
0.568797
0.445145
0.378871
0.240026
0.407781
0.520095
0.227596
0.322296
0.370002
0.317603
0.314281
0.324182
0.606809
0.151375
0.272539
0.238522
0.679730
0.445290
0.569272
0.486672
0.517612
0.293363
0.406876
0.335433
0.358147
0.456512
0.400387
0.547119
0.500402
0.357174
0.528487
0.434091
0.430148
0.240293
0.233922
0.363934
0.658473
0.455996
0.368315
0.475189
0.667725
0.621216
0.715229
0.687412
0.318266
0.228739
0.543496
0.505217
0.221880
0.312831
0.303414
0.172412
0.169793
0.265727
0.164556
0.425482
0.262914
0.419303
0.463398
0.644121
0.684495
1.315432
0.552399
0.614569
0.434364
0.330045
0.433523
0.361668
0.373884
0.295362
0.474257
0.305309
0.509103
0.305136
0.358596
0.636136
0.359701
0.286062
0.179224
0.257960
0.230306
0.297942
0.335434
0.329124
0.415107
0.334573
0.434978
0.391136
0.260419
0.288972
0.477132
0.330570
0.380976
0.458054
0.488632
0.229065
0.353172
0.248521
0.312877
0.308709
0.264827
0.147255
0.486706
0.272872
0.511881
0.599948
0.605402
0.448364
0.546052
0.363341
0.446782
0.561625
0.661366
0.388960
0.263968
0.347353
0.385572
0.337987
0.382876
0.321815
0.316759
0.369239
0.248228
0.445093
0.279670
0.332482
0.459940
0.466198
0.335290
0.347522
0.387695
0.415534
0.491799
0.534397
0.373199
0.725899
0.375032
0.144169
0.343445
0.515397
0.508093
0.384636
0.573628
0.558186
0.309873
0.152888
0.328481
0.325081
0.370493
0.333907
0.596147
0.669003
0.794187
0.741965
0.423115
0.352729
0.191593
0.243259
0.361981
0.387349
0.367212
0.409298
0.414396
0.435805
0.271360
0.194681
0.498689
0.393141
0.460358
0.514599
0.377996
0.304771
0.616284
0.313639
0.199135
0.185574
0.236293
0.220827
0.259495
0.294650
0.280961
0.387601
0.291727
0.435827
0.294331
0.328957
0.371658
0.237270
0.220433
0.595148
0.334960
0.441464
0.326628
0.128245
0.395161
0.287099
0.405979
0.550095
0.509884
0.337206
0.405018
0.400932
0.394600
0.490958
0.371971
0.616463
0.774879
0.506632
0.257560
0.206902
0.256880
0.291399
0.428489
0.444805
0.452089
0.250972
0.285729
0.132873
0.312704
0.386662
0.299455
0.232570
0.179727
0.299844
0.409261
0.403792
0.235019
0.294094
0.180513
0.340112
0.332620
0.498223
0.448705
0.301821
0.210743
0.535892
0.238795
0.211408
0.367197
0.358166
0.294786
0.386673
0.326662
0.544891
0.257792
0.168069
0.550314
0.378717
0.495996
0.621930
0.496584
0.589962
0.375487
0.379262
0.737037
0.372273
0.361034
0.446410
0.413552
0.253331
0.546444
0.537931
0.583050
0.271440
0.345466
0.303017
0.497198
0.326237
0.256325
0.441171
0.207586
0.230225
0.313062
0.346745
0.383929
0.264310
0.491816
0.487632
0.276812
0.340339
0.443647
0.384338
0.246966
0.241342
0.447357
0.306626
0.287680
0.322991
0.321941
0.352154
0.250087
0.578087
0.536620
0.262584
0.308286
0.232235
0.213422
0.213280
0.315129
0.190181
0.269028
0.499094
0.335336
0.262968
0.779942
0.564408
0.465941
0.279534
0.287389
0.378837
0.258387
0.304820
0.272434
0.129523
0.680356
0.392087
0.228059
0.223563
0.282767
0.301776
0.312621
0.433106
0.179568
0.230806
0.516732
0.249730
0.220790
0.280273
0.316053
0.212977
0.138243
0.284910
0.372777
0.237507
0.277730
0.431220
0.590066
0.396574
0.351093
0.263105
0.344751
0.522975
0.406729
0.253065
0.336014
0.360485
0.442694
0.269860
0.290408
0.297584
0.313189
0.458865
0.277710
0.252803
0.298234
0.493417
0.169751
0.282990
0.194345
0.359934
0.293901
0.120060
0.281070
0.301251
0.234416
0.225996
0.283540
0.349782
0.290494
0.331157
0.208692
0.324050
0.402497
0.260673
0.195740
0.449260
0.232254
0.323740
0.414054
0.399436
0.362104
0.228266
0.343738
0.248485
0.321345
0.268949
0.566205
0.440431
0.179819
0.367048
0.359828
0.190152
0.394504
0.349082
0.196621
0.292316
0.220233
0.346301
0.225588
0.338693
0.293498
0.273396
0.154533
0.415767
0.416598
0.185713
0.204859
0.361255
0.495835
0.352768
0.238817
0.276572
0.153787
0.256632
0.126938
0.210050
0.883667
0.403296
0.226243
0.252888
0.669112
0.411224
0.251693
0.253597
0.429726
0.380949
0.326436
0.339003
0.146609
0.425807
0.651531
0.549589
0.433940
0.303009
0.190928
0.260581
0.323986
0.287617
0.409480
0.394677
0.449435
0.344575
0.405347
0.410675
0.295611
0.411852
0.261780
0.135036
0.432545
0.385089
0.165145
0.286189
0.187748
0.344235
0.256784
0.245072
0.264278
0.085109
0.282054
0.184474
0.172531
0.240449
0.213499
0.548422
0.290331
0.296062
0.246426
0.177910
0.277006
0.147027
0.245631
0.418579
0.337270
0.360558
0.180261
0.433719
0.736781
0.420889
0.423135
0.311540
0.382186
0.210388
0.355394
0.169218
0.495652
0.544920
0.253469
0.208401
0.288305
0.291796
0.306424
0.293821
0.674964
0.305980
0.192001
0.225603
0.177064
0.205212
0.256794
0.327470
0.303661
0.185553
0.133408
0.413267
0.306801
0.261179
0.314586
0.136057
0.521211
0.800197
0.791168
0.359704
0.365815
0.274751
0.342768
0.261997
0.282579
0.317914
0.584926
0.369620
0.173829
0.330652
0.229687
0.378408
0.207344
0.140008
0.323559
0.219447
0.086912
0.254539
0.201374
0.247635
0.302420
0.369230
0.279141
0.267285
0.456187
0.366516
0.247030
0.149767
0.627065
0.159367
0.234308
0.329765
0.304261
0.418928
0.233068
0.230179
0.344753
0.258794
0.194603
0.373608
0.130832
0.214193
0.226464
0.411365
0.091105
0.314295
0.549162
0.273508
0.121953
0.256263
0.493052
0.469437
0.230846
0.428150
0.316543
0.594827
0.247938
0.244830
0.162467
0.155199
0.277720
0.263055
0.320161
0.251781
0.195883
0.358523
0.291418
0.374087
0.219726
0.415682
0.272596
0.290290
0.306126
0.469223
0.149083
0.278780
0.194069
0.177847
0.134583
0.216942
0.249050
0.112869
0.193223
0.535044
0.122370
0.138465
0.112113
0.493081
0.438952
0.392747
0.279893
0.307495
0.216309
0.546299
0.522792
0.293034
0.549053
0.254275
0.199611
0.255111
0.274782
0.367965
0.352581
0.301138
0.179300
0.234385
0.337169
0.354574
0.252403
0.227483
0.285974
0.296586
0.329471
0.224258
0.244221
0.161907
0.206249
0.170927
0.366441
0.306108
0.341599
0.246119
0.405142
0.149266
0.184774
0.442232
0.142399
0.267748
0.189387
0.363110
0.260383
0.235116
0.149121
0.206458
0.169254
0.277832
0.302452
0.467975
0.202833
0.169874
0.192547
0.241641
0.266119
0.256665
0.110933
0.281893
0.338963
0.087652
0.230704
0.234619
0.200700
0.145859
0.258026
0.317823
0.517137
0.497010
0.302086
0.372260
0.329054
0.279829
0.422524
0.439922
0.144493
0.250457
0.352254
0.281879
0.252318
0.370872
0.114823
0.532088
0.367155
0.123047
0.298912
0.222663
0.395900
0.117456
0.385528
0.199808
0.157224
0.261297
0.202072
0.242986
0.396479
0.403432
0.249561
0.248543
0.251662
0.179709
0.195631
0.264311
0.170368
0.319529
0.235648
0.294809
0.111369
0.202578
0.192572
0.130227
0.221696
0.244113
0.212003
0.246871
0.262287
0.179393
0.341815
0.376022
0.335458
0.224988
0.135173
0.277023
0.579786
0.187815
0.318009
0.325992
0.233734
0.362037
0.207133
0.356603
0.361998
0.365727
0.738312
0.226101
0.249194
0.531452
0.386875
0.253088
0.309692
0.370914
0.242784
0.298840
0.163552
0.197377
0.151291
0.229669
0.281218
0.235331
0.201944
0.149014
0.122427
0.255884
0.234413
0.240436
0.252198
0.298955
0.368772
0.188067
0.231133
0.155186
0.300190
0.324733
0.333460
0.337733
0.235479
0.196612
0.247372
0.141154
0.325040
0.501030
0.216608
0.352551
0.372281
0.241668
0.090700
0.327722
0.384015
0.204201
0.265998
0.176074
0.177909
0.251375
0.311206
0.233309
0.097789
0.176704
0.322229
0.194718
0.279555
0.327658
0.191840
0.296770
0.280112
0.124658
0.286408
0.283231
0.139625
0.073842
0.282430
0.304410
0.312142
0.477558
0.631811
0.323783
0.196809
0.162976
0.448391
0.182084
0.211948
0.224091
0.390498
0.185601
0.165517
0.128515
0.140966
0.121766
0.221874
0.291489
0.173265
0.109069
0.293820
0.115787
0.450865
0.205672
0.067069
0.128876
0.402543
0.255772
0.235774
0.183565
0.191208
0.139567
0.368925
0.298539
0.096925
0.186413
0.214278
0.072706
0.104416
0.358632
0.202580
0.666309
0.238537
0.232850
0.256602
0.257306
0.073592
0.129379
0.201139
0.249075
0.152834
0.143720
0.465615
0.217811
0.256410
0.263264
0.218136
0.218766
0.241290
0.287546
0.161307
0.175047
0.209009
0.202301
0.258285
0.260036
0.356643
0.201800
0.219177
0.496245
0.109538
0.389408
0.297666
0.385145
0.442504
0.332364
0.334783
0.435363
0.187526
0.322681
0.092314
0.185043
0.212834
0.172293
0.184168
0.269732
0.333994
0.145850
0.252917
0.157145
0.314107
0.210943
0.416273
0.268139
0.464919
0.173989
0.357671
0.163569
0.196025
0.218689
0.289947
0.164722
0.166114
0.173203
0.273502
0.157900
0.234734
0.188210
0.173929
0.123322
0.374114
0.107744
0.223965
0.301670
0.163988
0.193172
0.433869
0.403238
0.279264
0.307413
0.105419
0.210502
0.123873
0.066135
0.229723
0.136852
0.156527
0.326449
0.064386
0.215552
0.125148
0.183543
0.194671
0.171068
0.190042
0.184905
0.234498
0.208912
0.165249
0.353742
0.251807
0.206391
0.234380
0.594151
0.294914
0.531097
0.329891
0.313619
0.275322
0.324076
0.445310
0.120605
0.620984
0.434118
0.202147
0.123740
0.290383
0.294382
0.267210
0.219533
0.289133
0.088316
0.086027
0.183852
0.242570
0.118819
0.222045
0.180153
0.251269
0.171065
0.183126
0.215064
0.163868
0.340193
0.171159
0.133697
0.141389
0.189688
0.303526
0.124958
0.169949
0.153909
0.272223
0.161435
0.161705
0.335129
0.201208
0.237443
0.076470
0.294994
0.568334
0.135104
0.201740
0.073028
0.206514
0.357830
0.225929
0.126471
0.140259
0.171430
0.396437
0.171471
0.080998
0.108631
0.278492
0.437446
0.297119
0.235680
0.268196
0.222307
0.104301
0.093345
0.206570
0.194039
0.199448
0.101960
0.103725
0.208012
0.319495
0.309867
0.303603
0.209644
0.318872
0.485073
0.234532
0.344555
0.212387
0.399571
0.203661
0.254151
0.217833
0.205498
0.296368
0.175660
0.412899
0.232556
0.203156
0.101267
0.180805
0.205184
0.465569
0.097455
0.273624
0.143369
0.239819
0.105762
0.068339
0.126581
0.280029
0.122005
0.257139
0.128193
0.366677
0.194766
0.254278
0.091794
0.324954
0.168239
0.195708
0.080621
0.141980
0.261563
0.155998
0.207420
0.242647
0.362367
0.317643
0.463447
0.113647
0.248864
0.126287
0.171530
0.081813
0.111200
0.141847
0.181783
0.078791
0.171123
0.219351
0.184394
0.170502
0.254749
0.329140
0.230884
0.181532
0.102774
0.150112
0.089383
0.178167
0.150165
0.380646
0.348811
0.178022
0.173707
0.266596
0.117955
0.221027
0.386751
0.473822
0.425681
0.235852
0.373447
0.164650
0.119762
0.131873
0.112051
0.354293
0.240637
0.166146
0.358336
0.129360
0.239846
0.229883
0.201311
0.207424
0.220706
0.208512
0.290389
0.280684
0.308434
0.310738
0.192808
0.140010
0.401393
0.335133
0.087357
0.247665
0.206975
0.269147
0.202115
0.277586
0.109998
0.218394
0.097968
0.189230
0.317608
0.121643
0.177243
0.175372
0.197933
0.245599
0.052612
0.083780
0.296951
0.246007
0.300070
0.183980
0.296908
0.210939
0.239980
0.108767
0.088843
0.290705
0.209784
0.263399
0.164865
0.196542
0.230163
0.133976
0.127639
0.166713
0.189922
0.095690
0.206260
0.169455
0.099651
0.097799
0.241051
0.206567
0.277045
0.476236
0.209957
0.207292
0.228155
0.157082
0.319576
0.245270
0.106391
0.131700
0.216527
0.519153
0.149316
0.369485
0.272703
0.186430
0.207524
0.075866
0.163832
0.248040
0.374559
0.177942
0.137759
0.098596
0.097347
0.361502
0.238915
0.166350
0.136224
0.194494
0.129477
0.069201
0.247782
0.391469
0.238482
0.198286
0.205811
0.109777
0.123268
0.384001
0.217389
0.340838
0.287952
0.132100
0.565161
0.444856
0.235472
0.236800
0.253662
0.211562
0.228707
0.068718
0.117205
0.192479
0.091234
0.297533
0.166196
0.333306
0.306009
0.115231
0.124912
0.113933
0.059084
0.152425
0.400167
0.316534
0.069058
0.230548
0.220836
0.141802
0.440864
0.182413
0.038454
0.251362
0.196668
0.126844
0.169219
0.086385
0.226768
0.130748
0.096796
0.238540
0.205969
0.220075
0.100662
0.060996
0.121981
0.247834
0.216338
0.119689
0.101570
0.124782
0.124336
0.368701
0.299824
0.166471
0.277336
0.175467
0.199468
0.235040
0.302770
0.195810
0.189337
0.394703
0.640011
0.182313
0.264576
0.266042
0.173557
0.169934
0.318425
0.345026
0.294546
0.099283
0.164853
0.520204
0.241390
0.192247
0.264433
0.381864
0.101104
0.198306
0.113376
0.173732
0.153433
0.174778
0.116475
0.171305
0.210498
0.309874
0.068232
0.228688
0.210989
0.127037
0.111789
0.092902
0.175894
0.075244
0.171483
0.143438
0.183516
0.090443
0.096960
0.075426
0.207020
0.268769
0.454619
0.260639
0.092984
0.276193
0.182664
0.214172
0.174372
0.290687
0.227101
0.368564
0.363394
0.062630
0.224025
0.178642
0.095662
0.092622
0.357433
0.176869
0.090671
0.072265
0.164151
0.188803
0.092727
0.150063
0.359604
0.223784
0.179933
0.195668
0.135031
0.298870
0.206751
0.141821
0.168404
0.299747
0.345440
0.089829
0.087603
0.149090
0.120804
0.067403
0.142346
0.230115
0.175239
0.264047
0.085882
0.224941
0.126408
0.283971
0.127136
0.107898
0.092760
0.135773
0.265013
0.472716
0.051968
0.127368
0.348466
0.208820
0.405188
0.201348
0.217654
0.205542
0.175592
0.192928
0.069041
0.069318
0.069854
0.307855
0.306973
0.344385
0.121777
0.118294
0.168426
0.254629
0.128599
0.243562
0.191493
0.117175
0.198770
0.160579
0.231909
0.136438
0.047617
0.077994
0.321164
0.281033
0.167485
0.193576
0.077682
0.164492
0.067274
0.075138
0.288557
0.228609
0.097464
0.130883
0.145871
0.121836
0.154325
0.058046
0.097290
0.142699
0.085858
0.311685
0.451076
0.114269
0.135496
0.156433
0.052698
0.387771
0.333433
0.279744
0.262787
0.139151
0.255161
0.305901
0.185550
0.124676
0.256892
0.240781
0.101912
0.383748
0.162570
0.282170
0.271612
0.130175
0.201317
0.299274
0.078320
0.161500
0.314644
0.317419
0.118658
0.180398
0.048475
0.162931
0.191714
0.139933
0.239135
0.338174
0.261320
0.295284
0.106755
0.196995
0.062470
0.145823
0.162261
0.246647
0.194255
0.137562
0.186922
0.126680
0.356943
0.192274
0.131707
0.091517
0.489511
0.066846
0.063655
0.212713
0.228333
0.109647
0.173431
0.158710
0.212202
0.121995
0.157346
0.078012
0.171949
0.151744
0.297280
0.032522
0.073537
0.079717
0.197516
0.137525
0.234705
0.080060
0.244225
0.227005
0.138940
0.172208
0.072073
0.140131
0.052545
0.245949
0.164590
0.158030
0.206980
0.187337
0.234119
0.117256
0.274604
0.145353
0.160109
0.219669
0.258619
0.193023
0.241472
0.136888
0.235370
0.368095
0.113483
0.170056
0.279613
0.555535
0.111726
0.197073
0.124997
0.231786
0.115880
0.053463
0.172070
0.102782
0.177686
0.158943
0.146641
0.200384
0.108842
0.106493
0.091533
0.101008
0.202363
0.215586
0.100503
0.090553
0.107913
0.148788
0.400947
0.124005
0.135316
0.262402
0.318025
0.266778
0.155069
0.114696
0.481243
0.138571
0.126591
0.115584
0.111078
0.067266
0.237430
0.117180
0.332950
0.282055
0.092638
0.153836
0.080976
0.096150
0.136964
0.185335
0.052025
0.168706
0.334747
0.201157
0.169052
0.256614
0.084482
0.087340
0.128930
0.128203
0.156418
0.131435
0.294414
0.162038
0.076146
0.099165
0.074721
0.301232
0.400580
0.381817
0.167226
0.049488
0.163168
0.091812
0.153981
0.230408
0.119073
0.109690
0.171603
0.042509
0.049634
0.145688
0.138651
0.233355
0.227073
0.201650
0.096894
0.296931
0.061364
0.140390
0.366505
0.284391
0.186257
0.247903
0.290078
0.085343
0.108984
0.124059
0.132980
0.303844
0.140171
0.437111
0.206832
0.257911
0.200546
0.184414
0.316836
0.141584
0.078277
0.377156
0.225894
0.085634
0.085529
0.191068
0.086454
0.158566
0.152118
0.111942
0.047387
0.388839
0.227450
0.130968
0.266632
0.179298
0.109533
0.428896
0.184120
0.248136
0.147791
0.463258
0.202415
0.186232
0.217077
0.068805
0.049010
0.331084
0.089835
0.121397
0.114882
0.351246
0.231673
0.127014
0.051510
0.145004
0.069037
0.064360
0.133844
0.157704
0.160885
0.104007
0.118597
0.172044
0.079135
0.098001
0.059581
0.165726
0.160611
0.246034
0.050819
0.210718
0.235122
0.194511
0.131335
0.163418
0.232459
0.118364
0.248305
0.068718
0.069188
0.192061
0.181003
0.076814
0.097802
0.270184
0.191492
0.171676
0.178480
0.124029
0.378517
0.156943
0.185652
0.228709
0.313742
0.247943
0.118163
0.184717
0.228744
0.255193
0.102197
0.260654
0.081237
0.092628
0.110100
0.218401
0.156842
0.164436
0.073155
0.129182
0.198865
0.097871
0.198367
0.199933
0.042013
0.223483
0.135131
0.157015
0.219590
0.165739
0.201967
0.172001
0.092350
0.129395
0.389306
0.135128
0.250162
0.269570
0.104771
0.118106
0.115104
0.215926
0.131849
0.081439
0.120849
0.074191
0.318460
0.425551
0.140432
0.261430
0.096732
0.110039
0.119864
0.145568
0.157447
0.188027
0.183425
0.210299
0.314062
0.161174
0.176737
0.131798
0.143559
0.173552
0.361435
0.065030
0.139537
0.129081
0.134214
0.031733
0.254890
0.058017
0.186837
0.089537
0.248025
0.067848
0.323759
0.198778
0.028506
0.166628
0.118928
0.241310
0.047223
0.276923
0.186425
0.168610
0.215658
0.038938
0.097301
0.152064
0.195717
0.083081
0.143947
0.095921
0.202700
0.125659
0.097072
0.093955
0.110628
0.314317
0.232994
0.093416
0.205187
0.288333
0.076679
0.112603
0.178859
0.109224
0.208223
0.283679
0.200872
0.051505
0.218062
0.067487
0.147542
0.341835
0.038909
0.094915
0.178894
0.073052
0.193409
0.156090
0.076025
0.229402
0.131616
0.159013
0.040023
0.127002
0.136834
0.123917
0.023522
0.229850
0.159970
0.256870
0.104320
0.073858
0.138534
0.105108
0.111378
0.111274
0.143716
0.171385
0.293506
0.238444
0.057079
0.108238
0.097736
0.141557
0.252798
0.109158
0.140433
0.158929
0.227576
0.038974
0.050931
0.221266
0.214000
0.542954
0.108584
0.124230
0.158075
0.064192
0.050343
0.023945
0.195805
0.386770
0.155560
0.359179
0.143771
0.120935
0.119070
0.110039
0.107042
0.080326
0.155521
0.289932
0.041342
0.287755
0.183892
0.147041
0.070581
0.139487
0.114907
0.241571
0.325549
0.177235
0.923377
0.351550
0.219708
0.169576
0.139884
0.103661
0.150068
0.250532
0.150950
0.258587
0.234091
0.245781
0.154382
0.089149
0.048299
0.092045
0.047441
0.057084
0.093588
0.457920
0.197674
0.091436
0.152208
0.079954
0.101031
0.233784
0.146521
0.187850
0.203987
0.120155
0.081037
0.126835
0.138679
0.290275
0.057299
0.129928
0.286342
0.253765
0.102702
0.146886
0.093633
0.033904
0.101170
0.192091
0.122978
0.070969
0.157451
0.101198
0.098005
0.243090
0.096221
0.205931
0.283127
0.031808
0.031896
0.041068
0.160110
0.088430
0.069661
0.263804
0.145896
0.207283
0.085402
0.042423
0.393174
0.079272
0.098107
0.122492
0.155874
0.118374
0.218678
0.278140
0.219695
0.087568
0.184341
0.086350
0.029086
0.247636
0.192925
0.182593
0.111743
0.221839
0.211680
0.182186
0.100645
0.176264
0.103456
0.083778
0.081245
0.036958
0.175099
0.209998
0.115868
0.164779
0.087488
0.196227
0.075999
0.274227
0.463784
0.136235
0.350855
0.108862
0.120473
0.120028
0.237061
0.195420
0.220520
0.131875
0.041758
0.093012
0.187600
0.072578
0.279317
0.185584
0.136710
0.158294
0.252376
0.168226
0.147958
0.148981
0.263313
0.143607
0.106560
0.061074
0.068706
0.119552
0.094837
0.231248
0.322940
0.123323
0.118626
0.119996
0.358532
0.166590
0.050458
0.076130
0.229182
0.103571
0.259786
0.160568
0.248998
0.110615
0.113983
0.114902
0.158625
0.041405
0.039418
0.050677
0.126429
0.256373
0.196285
0.078684
0.104001
0.157229
0.036857
0.089847
0.030369
0.210394
0.344016
0.071341
0.294615
0.108899
0.137918
0.135213
0.054169
0.256528
0.383120
0.104457
0.125028
0.092306
0.130521
0.129156
0.188660
0.218230
0.068436
0.251253
0.074228
0.045381
0.033535
0.128806
0.255644
0.059796
0.233451
0.117040
0.114598
0.153709
0.075152
0.078005
0.089688
0.230046
0.052721
0.140329
0.197723
0.143357
0.077404
0.095483
0.103267
0.103665
0.169857
0.087005
0.266131
0.156909
0.114259
0.303396
0.235627
0.261301
0.245528
0.070493
0.746157
0.195905
0.086311
0.229161
0.066212
0.079563
0.074019
0.312984
0.176261
0.082375
0.279700
0.066520
0.024770
0.070510
0.157930
0.087887
0.142630
0.246787
0.304831
0.205334
0.130852
0.188788
0.174781
0.044977
0.033752
0.117354
0.094364
0.412038
0.131638
0.190736
0.302073
0.101757
0.067980
0.067084
0.164724
0.099730
0.099951
0.104419
0.247907
0.072325
0.204191
0.101173
0.237056
0.318532
0.068522
0.314920
0.290715
0.297381
0.072670
0.240257
0.107828
0.105337
0.120641
0.065505
0.088710
0.162724
0.087729
0.064454
0.080302
0.031682
0.133271
0.067844
0.134321
0.018671
0.106644
0.140731
0.020612
0.385092
0.075935
0.077898
0.095277
0.198261
0.258008
0.101351
0.031725
0.236667
0.215684
0.200430
0.239792
0.039188
0.087629
0.197333
0.032708
0.143496
0.249866
0.042597
0.079977
0.042330
0.144176
0.186394
0.160380
0.054521
0.068012
0.139452
0.217689
0.202061
0.121701
0.312528
0.286617
0.090774
0.343547
0.136618
0.336193
0.228626
0.160839
0.100427
0.028347
0.515113
0.175086
0.132383
0.200858
0.053598
0.038488
0.060966
0.058522
0.254008
0.133062
0.053633
0.066535
0.227791
0.237779
0.126818
0.105082
0.124629
0.083841
0.059072
0.152879
0.071343
0.131478
0.088230
0.224774
0.204921
0.139137
0.135093
0.064033
0.201619
0.089438
0.167883
0.225996
0.114968
0.394463
0.068057
0.078425
0.124296
0.142097
0.174093
0.194585
0.262227
0.026224
0.049167
0.129034
0.293520
0.143039
0.073598
0.216374
0.082513
0.018439
0.034332
0.056238
0.059837
0.306909
0.078637
0.019196
0.149665
0.208725
0.400662
0.217792
0.059739
0.032022
0.040624
0.124849
0.088591
0.071645
0.075238
0.235346
0.294777
0.109600
0.120287
0.107222
0.107759
0.155955
0.327370
0.040007
0.050891
0.125408
0.050157
0.089475
0.069568
0.080532
0.050662
0.107465
0.112557
0.147999
0.027377
0.111265
0.121711
0.045148
0.300266
0.093733
0.032685
0.125327
0.185595
0.131139
0.126390
0.238833
0.267283
0.100724
0.482234
0.087041
0.162148
0.211627
0.199798
0.112798
0.049776
0.179497
0.230355
0.236274
0.164232
0.108822
0.155899
0.227406
0.077403
0.074383
0.113586
0.144599
0.499581
0.173500
0.125078
0.273799
0.065726
0.039787
0.163813
0.123425
0.110236
0.097269
0.073256
0.125161
0.138601
0.033910
0.046729
0.221478
0.122969
0.100994
0.063728
0.150979
0.214496
0.304362
0.240758
0.089376
0.070237
0.093877
0.080474
0.071667
0.227182
0.258632
0.101038
0.191948
0.047535
0.137891
0.266516
0.048022
0.521281
0.141751
0.121386
0.054941
0.099856
0.100096
0.118163
0.212236
0.129822
0.057122
0.039471
0.112217
0.187379
0.080875
0.124634
0.139044
0.180258
0.078633
0.078203
0.063603
0.110191
0.159781
0.084034
0.124636
0.154232
0.082205
0.138332
0.131073
0.163217
0.132910
0.304772
0.067939
0.120060
0.154260
0.053928
0.258801
0.067859
0.098015
0.060433
0.088348
0.161073
0.099871
0.096166
0.060742
0.107873
0.080328
0.049763
0.121788
0.177532
0.079291
0.308039
0.028746
0.102296
0.157363
0.090883
0.248712
0.255037
0.282008
0.452986
0.138927
0.085370
0.098865
0.091909
0.032887
0.108886
0.144572
0.118551
0.026122
0.036984
0.231898
0.050763
0.107994
0.241790
0.137514
0.549973
0.040778
0.173065
0.084785
0.086352
0.147332
0.169195
0.042785
0.261600
0.135338
0.110420
0.169272
0.204688
0.078557
0.140050
0.101792
0.222027
0.088184
0.130498
0.049512
0.031656
0.104672
0.413967
0.258278
0.028733
0.055505
0.025617
0.223577
0.086550
0.121098
0.068038
0.054173
0.051907
0.159622
0.052835
0.098047
0.122432
0.145896
0.074300
0.615711
0.096313
0.091196
0.251720
0.168125
0.150543
0.035791
0.128067
0.051403
0.083346
0.047103
0.127905
0.173501
0.157697
0.122357
0.097878
0.064319
0.030637
0.131438
0.095773
0.093871
0.077459
0.188478
0.221543
0.299749
0.066558
0.062505
0.120055
0.170180
0.053688
0.041739
0.063669
0.131049
0.139190
0.079962
0.110383
0.218226
0.064088
0.043712
0.108310
0.168640
0.188425
0.036364
0.162829
0.303044
0.132116
0.028200
0.126934
0.059944
0.077043
0.046396
0.318049
0.084104
0.198397
0.117260
0.116507
0.230545
0.100295
0.086802
0.138001
0.092677
0.121868
0.368277
0.365153
0.299361
0.214282
0.140677
0.103521
0.081599
0.115551
0.075155
0.054110
0.174619
0.250127
0.170258
0.498412
0.106604
0.199542
0.062089
0.121728
0.164148
0.074617
0.054974
0.116627
0.266342
0.131681
0.047283
0.093612
0.218410
0.072698
0.094777
0.051574
0.108357
0.059369
0.092828
0.221339
0.117398
0.118100
0.121298
0.111395
0.096159
0.248719
0.051552
0.082468
0.110578
0.078729
0.132230
0.047529
0.062486
0.109822
0.171086
0.312043
0.100856
0.108602
0.047542
0.293234
0.101976
0.157595
0.190092
0.028843
0.194632
0.048266
0.173274
0.088195
0.115904
0.045327
0.071533
0.179233
0.101731
0.165325
0.132828
0.160244
0.078089
0.033004
0.069449
0.053744
0.112963
0.042334
0.085667
0.063851
0.087287
0.023913
0.037672
0.015111
0.555543
0.229375
0.073013
0.246278
0.094603
0.135062
0.109434
0.061143
0.138800
0.567165
0.173030
0.109275
0.096214
0.042474
0.059871
0.402422
0.058832
0.408453
0.152985
0.101134
0.069544
0.186533
0.180812
0.285183
0.066856
0.290278
0.201023
0.127649
0.259650
0.220092
0.076089
0.113367
0.049296
0.109361
0.099494
0.055884
0.142119
0.461278
0.133002
0.051614
0.108232
0.032869
0.199465
0.113778
0.083062
0.054718
0.042844
0.044224
0.121270
0.101097
0.172532
0.113928
0.082759
0.096579
0.111290
0.034495
0.057323
0.102800
0.047735
0.316733
0.041756
0.220826
0.148971
0.152468
0.165502
0.171613
0.213513
0.173970
0.101060
0.237456
0.171202
0.109014
0.055974
0.294478
0.076381
0.075981
0.066341
0.133357
0.248315
0.226674
0.211992
0.300445
0.092716
0.080889
0.043278
0.117717
0.078484
0.263214
0.036705
0.026288
0.140648
0.130454
0.036200
0.049065
0.056698
0.049728
0.099160
0.038525
0.388162
0.067543
0.111081
0.090326
0.082810
0.087446
0.395610
0.024778
0.165762
0.049559
0.109280
0.025527
0.055447
0.188327
0.102911
0.143005
0.030825
0.227959
0.047766
0.120688
0.104275
0.109672
0.081901
0.024984
0.070784
0.160757
0.150642
0.153624
0.111735
0.205685
0.255931
0.088703
0.033564
0.262662
0.132976
0.061526
0.115880
0.151042
0.096588
0.102735
0.113068
0.065995
0.265907
0.131056
0.222855
0.143073
0.070922
0.184469
0.107384
0.154327
0.107199
0.165098
0.553630
0.123536
0.205947
0.090344
0.191612
0.381069
0.169814
0.211119
0.026609
0.090777
0.118494
0.169909
0.035130
0.073131
0.041144
0.083044
0.210621
0.052989
0.053256
0.203839
0.027219
0.229301
0.071079
0.118417
0.083586
0.088150
0.114791
0.135204
0.015927
0.117301
0.045362
0.096281
0.134236
0.252284
0.253518
0.131702
0.129316
0.106029
0.175519
0.044496
0.079918
0.173841
0.086251
0.163146
0.230458
0.415339
0.099767
0.226782
0.117356
0.063776
0.197970
0.066394
0.060895
0.185454
0.075982
0.088287
0.087043
0.097623
0.038665
0.141682
0.032191
0.126496
0.183913
0.056403
0.105125
0.320333
0.030880
0.157400
0.054437
0.112093
0.099527
0.144142
0.063593
0.205746
0.026459
0.114416
0.039493
0.074396
0.032480
0.216675
0.057424
0.138550
0.300555
0.109660
0.059253
0.069269
0.037189
0.058304
0.480780
0.253583
0.183318
0.100938
0.087519
0.182888
0.094131
0.133062
0.091671
0.049536
0.065800
0.149650
0.076555
0.090224
0.087912
0.276767
0.067571
0.072888
0.021020
0.147044
0.572925
0.044182
0.166912
0.183718
0.128010
0.117020
0.075241
0.219923
0.274237
0.234875
0.116238
0.070604
0.411810
0.107351
0.255494
0.130590
0.182154
0.335448
0.216808
0.085536
0.141708
0.130656
0.170865
0.043535
0.057368
0.053974
0.092232
0.089019
0.121039
0.197707
0.110991
0.101932
0.172753
0.089484
0.272724
0.122878
0.139803
0.048947
0.050658
0.094750
0.163361
0.136343
0.058353
0.086718
0.048457
0.052122
0.037467
0.137952
0.065525
0.065735
0.402914
0.099298
0.194075
0.133142
0.351071
0.080910
0.042812
0.087562
0.075177
0.110323
0.282974
0.082663
0.067070
0.053202
0.121723
0.043657
0.084438
0.072217
0.108941
0.026147
0.071006
0.031864
0.057944
0.081602
0.217228
0.344317
0.094345
0.064688
0.044654
0.149340
0.149802
0.065428
0.157684
0.088976
0.030700
0.264678
0.185423
0.058888
0.043945
0.099548
0.088123
0.126068
0.119958
0.147309
0.333966
0.074546
0.043533
0.037108
0.073683
0.283532
0.097535
0.194936
0.096544
0.206274
0.114766
0.138923
0.050818
0.046037
0.136016
0.115076
0.029192
0.051912
0.102206
0.168204
0.064210
0.146632
0.193942
0.586845
0.099081
0.080614
0.073797
0.074776
0.110529
0.072273
0.034082
0.207472
0.163282
0.109587
0.064507
0.059570
0.239959
0.055499
0.178266
0.391260
0.067934
0.057720
0.151147
0.255691
0.102099
0.111646
0.208898
0.058592
0.503104
0.193597
0.336624
0.099845
0.177895
0.326147
0.274988
0.116894
0.084774
0.131039
0.020566
0.043017
0.067018
0.061152
0.157714
0.067036
0.169525
0.090932
0.102634
0.098157
0.132452
0.088825
0.031652
0.423141
0.092880
0.091108
0.115683
0.198798
0.188747
0.098865
0.057041
0.221283
0.117230
0.035506
0.102085
0.198119
0.041371
0.137995
0.066686
0.122397
0.027920
0.074943
0.105796
0.170276
0.106010
0.133560
0.121514
0.043820
0.115761
0.079919
0.129444
0.025050
0.080250
0.031862
0.183786
0.141829
0.087529
0.086037
0.023550
0.068508
0.056835
0.154279
0.141255
0.010406
0.040460
0.040409
0.313160
0.231636
0.089642
0.186898
0.107936
0.147738
0.046029
0.132692
0.118470
0.127239
0.033238
0.103384
0.097785
0.142891
0.037111
0.182313
0.093170
0.051423
0.036584
0.120091
0.120105
0.258366
0.513224
0.131272
0.224243
0.044408
0.089903
0.090931
0.169368
0.270316
0.058214
0.093461
0.080928
0.036082
0.032207
0.144554
0.180531
0.078624
0.102820
0.069082
0.049176
0.147695
0.195343
0.095461
0.547766
0.113101
0.205443
0.078536
0.220714
0.149959
0.086264
0.129255
0.107440
0.088182
0.167820
0.063781
0.074152
0.163138
0.097536
0.069247
0.134655
0.049522
0.161986
0.090822
0.100465
0.057207
0.114829
0.117930
0.145357
0.052508
0.174950
0.101703
0.178769
0.160884
0.087762
0.175532
0.136335
0.174160
0.262636
0.171478
0.265528
0.063286
0.050670
0.079175
0.112447
0.068224
0.079811
0.046383
0.072597
0.552200
0.036420
0.062490
0.190143
0.056324
0.127872
0.113551
0.111032
0.268770
0.154188
0.168591
0.065718
0.030017
0.367539
0.038885
0.085972
0.075539
0.065235
0.377619
0.071844
0.222659
0.086291
0.063061
0.265992
0.132837
0.050075
0.121127
0.100119
0.059269
0.179775
0.264731
0.144253
0.210287
0.170702
0.285448
0.127817
0.062660
0.099119
0.102141
0.028230
0.031356
0.023025
0.150317
0.082619
0.064624
0.043288
0.103302
0.045285
0.086783
0.282855
0.137240
0.067339
0.041975
0.045118
0.078848
0.027047
0.029646
0.025405
0.106163
0.089794
0.024859
0.180769
0.073707
0.064369
0.160239
0.161489
0.049140
0.217511
0.168435
0.120008
0.080453
0.197696
0.035252
0.122777
0.071188
0.522766
0.151953
0.081926
0.139555
0.058826
0.045539
0.102018
0.251240
0.044710
0.070617
0.264100
0.043437
0.120175
0.072793
0.095437
0.053379
0.056768
0.125950
0.057893
0.062690
0.086946
0.046826
0.245548
0.128201
0.025161
0.253555
0.128496
0.143372
0.190283
0.067780
0.230052
0.190996
0.026105
0.070677
0.116768
0.059314
0.170367
0.141842
0.065169
0.306070
0.073090
0.056743
0.112768
0.133709
0.130195
0.030409
0.210201
0.072968
0.064656
0.358770
0.080031
0.178916
0.048296
0.016710
0.066724
0.154708
0.152054
0.136693
0.467038
0.428014
0.051310
0.441468
0.066764
0.488675
0.098930
0.048309
0.032690
0.092781
0.058079
0.273868
0.103384
0.102151
0.065377
0.015252
0.027151
0.127104
0.043472
0.114908
0.177051
0.169320
0.177548
0.127094
0.044275
0.108534
0.312638
0.079853
0.116808
0.066309
0.178920
0.060681
0.100386
0.126817
0.087606
0.158871
0.102894
0.065137
0.097382
0.126588
0.078027
0.030269
0.016966
0.044797
0.113194
0.111848
0.034892
0.031292
0.127304
0.269417
0.026405
0.082112
0.182799
0.115385
0.203821
0.039460
0.300571
0.027340
0.095890
0.062737
0.035446
0.051694
0.076596
0.054140
0.130012
0.117828
0.137487
0.087475
0.014058
0.449038
0.130861
0.281407
0.030490
0.132999
0.278003
0.165434
0.149720
0.161484
0.128595
0.129804
0.118419
0.201761
0.081338
0.108336
0.024581
0.364109
0.080807
0.136122
0.042144
0.077479
0.076779
0.100884
0.073590
0.232009
0.110061
0.051552
0.552853
0.089839
0.079840
0.023757
0.175081
0.092654
0.065877
0.042516
0.114992
0.057799
0.014567
0.044451
0.087118
0.031398
0.086421
0.036813
0.216790
0.085467
0.320144
0.136768
0.150694
0.187138
0.139907
0.298588
0.129865
0.100828
0.109171
0.061193
0.068205
0.046052
0.516821
0.047324
0.352083
0.180100
0.030268
0.078732
0.044616
0.071023
0.039011
0.136091
0.381688
0.038631
0.014788
0.229368
0.138793
0.033402
0.057360
0.146759
0.029290
0.181573
0.133982
0.062297
0.209382
0.105825
0.043025
0.077247
0.097434
0.366066
0.045732
0.061368
0.239462
0.042711
0.038981
0.022130
0.074284
0.082868
0.042655
0.361953
0.097259
0.063026
0.076391
0.055146
0.099228
0.219470
0.026634
0.077531
0.048895
0.050289
0.162578
0.059715
0.146195
0.042143
0.240406
0.070161
0.089825
0.125446
0.031645
0.036270
0.163833
0.104249
0.060379
0.150557
0.268410
0.296500
0.026621
0.061241
0.177134
0.033530
0.116216
0.129548
0.042853
0.093354
0.074721
0.043663
0.763929
0.161464
0.029856
0.169155
0.074998
0.323508
0.114993
0.053389
0.089046
0.112109
0.176502
0.046454
0.061567
0.147840
0.221905
0.095519
0.158319
0.137919
0.296661
0.084428
0.399684
0.047044
0.236518
0.110626
0.088116
0.050959
0.063278
0.150927
0.041207
0.062837
0.030187
0.049850
0.201695
0.069608
0.088388
0.113239
0.103975
0.076015
0.322288
0.099673
0.128234
0.137890
0.043995
0.072308
0.525696
0.015686
0.024031
0.191774
0.097295
0.112370
0.122234
0.241159
0.042304
0.023214
0.050990
0.104961
0.042841
0.141345
0.123333
0.246183
0.080362
0.038705
0.132641
0.205142
0.074841
0.193106
0.177798
0.144131
0.100057
0.154448
0.092216
0.114417
0.212867
0.051327
0.249119
0.110744
0.127747
0.059983
0.013344
0.066434
0.141878
0.089712
0.072656
0.159107
0.157763
0.088201
0.078450
0.044556
0.087504
0.116127
0.048025
0.029583
0.018946
0.035347
0.406397
0.265351
0.291288
0.190857
0.076439
0.069421
0.046644
0.023458
0.024726
0.089529
0.086182
0.179135
0.055923
0.035084
0.040687
0.140580
0.074975
0.061710
0.071273
0.139507
0.136509
0.027913
0.189198
0.126324
0.178959
0.150928
0.151980
0.036660
0.032295
0.061335
0.099740
0.087967
0.156500
0.342130
0.093310
0.162595
0.274304
0.031293
0.034667
0.087032
0.067216
0.066027
0.121238
0.095340
0.419161
0.080628
0.099992
0.176132
0.233304
0.074376
0.276872
0.168642
0.094102
0.206846
0.052196
0.140676
0.039156
0.170721
0.115368
0.207485
0.143873
0.084151
0.036186
0.076085
0.045355
0.127122
0.117720
0.048413
0.120609
0.122198
0.245223
0.068535
0.103056
0.136253
0.077445
0.049408
0.039623
0.148387
0.199619
0.119782
0.193271
0.107293
0.282255
0.082356
0.079212
0.056071
0.082063
0.229118
0.258667
0.157048
0.124347
0.036023
0.071327
0.094540
0.039529
0.074933
0.136247
0.167545
0.052592
0.077257
0.136542
0.130986
0.039737
0.164456
0.260720
0.039155
0.137928
0.279847
0.120283
0.068782
0.118252
0.072510
0.279227
0.119570
0.048537
0.013966
0.040239
0.088228
0.078437
0.094948
0.028409
0.031336
0.076573
0.057254
0.063444
0.356305
0.083517
0.062148
0.038989
0.125426
0.232337
0.066698
0.096413
0.131038
0.101601
0.196675
0.013578
0.107381
0.090123
0.084354
0.053276
0.310394
0.103029
0.024654
0.102269
0.085343
0.067820
0.421614
0.021710
0.036636
0.024565
0.054562
0.061994
0.013955
0.013206
0.133523
0.066992
0.215273
0.240298
0.085256
0.216806
0.089123
0.058370
0.023786
0.048161
0.095811
0.044269
0.221251
0.038213
0.344557
0.054723
0.049938
0.127615
0.176404
0.100167
0.126667
0.167352
0.393183
0.039548
0.088611
0.078155
0.114646
0.225623
0.542257
0.046564
0.082753
0.124002
0.035983
0.150195
0.112400
0.084963
0.134880
0.078866
0.338999
0.143355
0.276831
0.019879
0.099209
0.214212
0.135991
0.044916
0.036228
0.077017
0.020013
0.111079
0.167820
0.078872
0.307199
0.115128
0.287684
0.090217
0.118078
0.050618
0.069154
0.097601
0.099313
0.068080
0.185365
0.122455
0.062271
0.214952
0.089567
0.085488
0.395404
0.222615
0.038712
0.080793
0.145761
0.057235
0.154555
0.328023
0.123665
0.139072
0.063954
0.025869
0.047659
0.031052
0.126760
0.063344
0.045191
0.036491
0.063151
0.031157
0.069578
0.054732
0.027476
0.034059
0.044490
0.138954
0.054279
0.019542
0.029209
0.020722
0.020532
0.171287
0.168665
0.086558
0.097084
0.023906
0.205928
0.226067
0.059712
0.053855
0.203774
0.102084
0.220983
0.163411
0.174003
0.031997
0.018954
0.102181
0.060956
0.044143
0.045837
0.049212
0.144104
0.019473
0.024170
0.133994
0.025783
0.114667
0.056482
0.156089
0.391413
0.088563
0.040840
0.227754
0.203663
0.024655
0.039601
0.092621
0.068899
0.052741
0.102166
0.061962
0.045878
0.187355
0.075757
0.051793
0.073910
0.083887
0.064551
0.034108
0.027053
0.119590
0.058792
0.051640
0.111248
0.026253
0.129352
0.047182
0.300579
0.122293
0.116246
0.156765
0.179536
0.044908
0.197608
0.148064
0.107182
0.369209
0.146234
0.435603
0.186252
0.068525
0.428863
0.314923
0.046550
0.057534
0.072115
0.075896
0.173528
0.118760
0.047987
0.140462
0.315506
0.160811
0.068702
0.040416
0.137449
0.116540
0.102643
0.157599
0.020816
0.057610
0.161014
0.117692
0.090788
0.016666
0.148591
0.138813
0.280556
0.169573
0.235635
0.129006
0.060247
0.062911
0.132069
0.140489
0.070051
0.038224
0.071579
0.086730
0.035496
0.174701
0.012834
0.096133
0.063197
0.127879
0.050563
0.206047
0.172350
0.149834
0.033195
0.128409
0.015746
0.146710
0.160484
0.024853
0.201757
0.124134
0.041416
0.039133
0.102693
0.064986
0.343033
0.089435
0.029878
0.114489
0.136914
0.083614
0.065514
0.200282
0.172803
0.031708
0.206800
0.018258
0.031852
0.115304
0.025308
0.092211
0.067166
0.020464
0.170237
0.020577
0.180227
0.031392
0.147060
0.008483
0.039206
0.179669
0.083618
0.066335
0.058020
0.069157
0.074083
0.047255
0.065098
0.019656
0.092433
0.300147
0.039702
0.084216
0.048164
0.086369
0.211660
0.145361
0.145405
0.135368
0.080060
0.096828
0.227652
0.136703
0.074474
0.030822
0.120131
0.170828
0.195502
0.118091
0.084043
0.037234
0.071193
0.103345
0.018363
0.208606
0.108544
0.082517
0.050202
0.074567
0.082129
0.053372
0.129467
0.246315
0.356672
1.465526
0.064421
0.106652
0.102227
0.114783
0.023373
0.055631
0.249159
0.075510
0.117767
0.123153
0.125571
0.249406
0.376972
0.206290
0.399146
0.108408
0.029946
0.052682
0.064412
0.112736
0.028167
0.165329
0.084711
0.132696
0.061931
0.045421
0.129916
0.073209
0.040204
0.331707
0.028280
0.042623
0.052985
0.218780
0.046448
0.063913
0.131231
0.075726
0.117108
0.089493
0.181744
0.043680
0.135879
0.075651
0.086994
0.320509
0.018152
0.061132
0.024850
0.022889
0.060707
0.049054
0.030178
0.213789
0.077964
0.033110
0.441447
0.050544
0.095397
0.114569
0.130973
0.145977
0.071169
0.190537
0.026656
0.165501
0.017108
0.080134
0.276097
0.088749
0.058812
0.313588
0.130306
0.086688
0.183397
0.101826
0.132911
0.049242
0.135109
0.081632
0.062953
0.064953
0.147431
0.092347
0.044862
0.032777
0.020996
0.225848
0.046942
0.108584
0.049908
0.043754
0.090177
0.057326
0.340584
