2.332106
2.366927
2.230771
2.026148
2.077501
2.242133
2.179969
2.104999
1.978231
1.748278
1.405760
1.459193
1.410729
1.593989
0.912811
1.279068
0.802201
0.651486
0.801126
1.575381
1.185837
0.590821
0.386400
0.622907
0.300302
0.249704
0.515376
0.271759
0.223437
0.398477
0.421874
0.314032
0.154029
0.262852
0.437677
0.160503
0.239724
0.237963
0.397060
0.170606
0.222739
0.402286
0.267505
0.363445
0.264297
0.271451
0.347896
0.135566
0.174661
0.404626
0.301469
0.322504
0.250508
0.228211
0.326843
0.265965
0.117700
0.115530
0.088766
0.210895
0.171077
0.521434
0.322043
0.235456
0.141445
0.174035
0.177486
0.354807
0.057159
0.343605
0.126781
0.188683
0.142440
0.374518
0.184835
0.106708
0.237838
0.298333
0.385290
0.141868
0.375312
0.234249
0.392811
0.123746
0.183030
0.189170
0.388002
0.173364
0.132263
0.192963
0.105923
0.201827
0.111464
0.355318
0.189875
0.127441
0.129329
0.204393
0.157010
0.233089
0.101152
0.413993
0.217290
0.131765
0.112330
0.083033
0.281169
0.067611
0.073520
0.110782
0.162246
0.367579
0.284213
0.464485
0.150482
0.118276
0.417943
0.604742
0.079781
0.172003
0.285389
0.080443
0.284649
0.280139
0.205055
0.111368
0.206816
0.066604
0.165044
0.272888
0.147215
0.211517
0.119591
0.171875
0.084674
0.134982
0.193664
0.137467
0.214993
0.033539
0.153208
0.214959
0.076238
0.166026
0.235393
0.485897
0.207042
0.047894
0.236686
0.248377
0.158705
0.090303
0.155467
0.172963
0.047396
0.091881
0.036451
0.104419
0.069020
0.105558
0.121781
0.187675
0.407520
0.222001
0.353416
0.342311
0.157478
0.163829
0.147714
0.412530
0.172619
0.215224
0.155317
0.175403
0.058318
0.182587
0.497995
0.228470
0.108726
0.104341
0.262414
0.090093
0.078264
0.076266
0.136227
0.078797
0.213630
0.036958
0.098626
0.103192
0.077259
0.214999
0.105214
0.083940
0.030662
0.053461
0.147120
0.125684
0.072384
0.140288
0.160706
0.092158
0.164133
0.032492
0.076227
0.105691
0.114416
0.118527
0.097951
0.176143
0.032302
0.059158
0.036217
0.114697
0.118580
0.056065
0.103669
0.072449
0.289532
0.177997
0.059337
0.216300
0.028874
0.090396
0.203822
0.211406
0.192138
0.178618
0.074859
0.048697
0.138147
0.226330
0.211034
0.141314
0.150183
0.042180
0.157507
0.186812
0.204044
0.081982
0.069560
0.311371
0.076737
0.301632
0.102151
0.044407
0.241263
0.046034
0.082431
0.217260
0.192394
0.214724
0.063023
0.420093
0.256771
0.024148
0.127444
0.080905
0.063654
0.111305
0.041802
0.059296
0.148641
0.294019
0.088159
0.057432
0.139929
0.290777
0.052497
0.428323
0.558613
0.279984
0.101703
0.289096
0.199378
0.062156
0.068389
0.444755
0.266766
0.237040
0.040618
0.182534
0.268313
0.269070
0.120801
0.185280
0.083153
0.107726
0.040797
0.022646
0.049833
0.059239
0.031063
0.045798
0.168554
0.060235
0.176838
0.161343
0.101631
0.040882
0.139896
0.188872
0.099637
0.109678
0.244900
0.111544
0.308415
0.039227
0.138872
0.090605
0.094219
0.093800
0.083701
0.159102
0.149023
0.188033
0.134856
0.158359
0.049282
0.185488
0.013038
0.160439
0.058602
0.051501
0.115524
0.095397
0.074632
0.179535
0.274322
0.103085
0.080682
0.457983
0.043248
0.180181
0.045330
0.029023
0.024416
0.152063
0.119685
0.221126
0.089335
0.024487
0.057274
0.179782
0.046307
0.090634
0.034781
0.023683
0.165223
0.141569
0.045141
0.328360
0.098191
0.042333
0.168383
0.075810
0.241171
0.186625
0.062949
0.118795
0.060372
0.156673
0.074414
0.066423
0.151667
0.208701
0.141566
0.126579
0.102962
0.056391
0.369485
0.083396
0.020780
0.087559
0.192870
0.024098
0.064525
0.084176
0.025949
0.070688
0.275999
0.062234
0.058932
0.361186
0.155366
0.073108
0.161226
0.063591
0.028016
0.017116
0.206837
0.156013
0.070635
0.119295
0.177706
0.064381
0.026661
0.162972
0.092621
0.082910
0.156185
0.080628
0.118861
0.082730
0.187945
0.099017
0.052039
0.139676
0.135134
0.273444
0.083284
0.099036
0.097088
0.337931
0.272581
0.034386
0.042756
0.048603
0.099015
0.014594
0.189156
0.063152
0.156325
0.121759
0.021075
0.133801
0.056935
0.067600
0.149377
0.083659
0.223464
0.090571
0.081192
0.119383
0.021789
0.028539
0.179685
0.033494
0.061618
0.284110
0.037927
0.248467
0.231901
0.089020
0.254313
0.061181
0.074140
0.053840
0.082078
0.041040
0.043853
0.252294
0.051532
0.018969
0.083905
0.041835
0.139369
0.076999
0.177507
0.129545
0.148410
0.202269
0.025984
0.101058
0.132981
0.017065
0.238886
0.050072
0.019246
0.223778
0.044364
0.071156
0.121436
0.059599
0.027066
0.118164
0.015391
0.031266
0.023471
0.074188
0.093324
0.077407
0.210857
0.036634
0.097782
0.052209
0.125693
0.051981
0.203232
0.186800
0.045822
0.162094
0.071022
0.077724
0.188900
0.084036
0.157576
0.019772
0.112426
0.037787
0.041314
0.060968
0.081688
0.026455
0.126364
0.094196
0.124213
0.086909
0.082305
0.184025
0.022346
0.181478
0.117357
0.092579
0.053349
0.129502
0.136906
0.091088
0.108714
0.087979
0.133308
0.162149
0.376780
0.082033
0.095785
0.089673
0.179025
0.208852
0.014121
0.121799
0.104775
0.245429
0.038666
0.155571
0.058684
0.062955
0.146613
0.067295
0.386032
0.052993
0.397317
0.077499
0.025044
0.145381
0.121881
0.392563
0.111148
0.047778
0.011960
0.034096
0.137668
0.020479
0.076937
0.058714
0.039911
0.152525
0.016713
0.125372
0.057361
0.104439
0.117958
0.492750
0.147956
0.235298
0.077616
0.080860
0.033928
0.161583
0.023562
0.094628
0.264833
0.033017
0.138451
0.011898
0.178627
0.012495
0.049217
0.064304
0.199708
0.031505
0.106643
0.070506
0.099044
0.108393
0.037886
0.058932
0.083101
0.163256
0.057051
0.109348
0.103352
0.043178
0.015100
0.073655
0.058927
0.040770
0.285347
0.194178
0.215187
0.100227
0.032064
0.037543
0.017288
0.007202
0.255196
0.054823
0.026461
0.116568
0.104232
0.313625
0.129838
0.219125
0.109089
0.281650
0.050098
0.106130
0.025934
0.221369
0.302028
0.138092
0.046649
0.183449
0.103756
0.122859
0.045742
0.055383
0.088668
0.090555
0.236436
0.028881
0.096603
0.111136
0.031507
0.040484
0.083622
0.139826
0.090485
0.035613
0.073907
0.126467
0.063599
0.076118
0.176074
0.101249
0.110246
0.021172
0.316443
0.050803
0.153573
0.087675
0.032037
0.132669
0.079696
0.033485
0.028184
0.128821
0.117955
0.288398
0.139192
0.295048
0.035430
0.109482
0.117358
0.154454
0.025122
0.110798
0.039185
0.068049
0.073837
0.020315
0.137453
0.019560
0.218030
0.334987
0.085028
0.010680
0.094524
0.028200
0.118556
0.200497
0.028289
0.066659
0.068494
0.121001
0.142612
0.046725
0.015581
0.088682
0.082371
0.089822
0.137392
0.062661
0.035464
0.019007
0.076340
0.245339
0.199607
0.286253
0.021630
0.077804
0.078262
0.042977
0.106766
0.140095
0.073754
0.223280
0.077647
0.024267
0.090245
0.025451
0.031953
0.099054
0.029978
0.031694
0.224470
0.014326
0.042583
0.142729
0.020176
0.043354
0.088135
0.105039
0.252586
0.130900
0.096102
0.030656
0.046094
0.216584
0.036186
0.182421
0.101991
0.076513
0.049880
0.112518
0.095074
0.043630
0.027229
0.033824
0.020327
0.379157
0.047883
0.201848
0.010458
0.044121
0.267915
0.128810
0.238580
0.061371
0.121283
0.108700
0.011778
0.055219
0.165163
0.112044
0.032913
0.036534
0.040310
0.074657
0.130249
0.278724
0.049166
0.163381
0.089791
0.071558
0.008384
0.044423
0.080363
0.075042
0.136444
0.081291
0.035229
0.028078
0.185787
0.035858
0.068222
0.113175
0.024090
0.120210
0.032966
0.009257
0.008608
0.130375
0.235444
0.053128
0.070602
0.104138
0.174396
0.084329
0.104131
0.030017
0.170085
0.023953
0.086243
0.177471
0.040288
0.066381
0.187812
0.031631
0.044666
0.158746
0.087131
0.295133
0.123081
0.057607
0.021826
0.051998
0.012205
0.034767
0.097045
0.029197
0.443599
0.040811
0.097561
0.041807
0.082221
0.161180
0.226195
0.187714
0.184384
0.053900
0.060132
0.065374
0.109364
0.039589
0.105669
0.074395
0.057444
0.144280
0.120120
0.047204
0.021172
0.186992
0.006806
0.006492
0.073439
0.326282
0.048922
0.071676
0.015432
0.023661
0.025274
0.151601
0.417177
0.084895
0.414141
0.021715
0.144095
0.111468
0.093826
0.113474
0.072463
0.103337
0.059186
0.141807
0.024236
0.244625
0.088108
0.091253
0.211761
0.040958
0.056215
0.217743
0.189123
0.022166
0.205705
0.071873
0.059625
0.042441
0.475266
0.100406
0.034728
0.017756
0.081963
0.208864
0.063999
0.022625
0.032721
0.012972
0.124247
0.047159
0.089996
0.053040
0.088380
0.157711
0.035923
0.057122
0.125641
0.009916
0.085151
0.204591
0.012583
0.041909
0.183876
0.075057
0.066313
0.083130
0.147642
0.193433
0.005061
0.034698
0.075760
0.015123
0.012088
0.056835
0.107050
0.035953
0.073498
0.051243
0.045246
0.071562
0.025252
0.154375
0.170270
0.005006
0.139471
0.189952
0.105333
0.092083
0.146416
0.020123
0.071318
0.015874
0.022116
0.046750
0.295436
0.328007
0.072169
0.006897
0.014283
0.177100
0.038412
0.032624
0.247363
0.021888
0.149878
0.060656
0.148701
0.096031
0.164889
0.115469
0.050816
0.015579
0.052920
0.145077
0.007789
0.046554
0.141023
0.038440
0.029285
0.053872
0.041554
0.023268
0.080899
0.093698
0.027851
0.143745
0.023989
0.020234
0.431269
0.014106
0.034021
0.016844
0.011257
0.009307
0.087148
0.027089
0.292191
0.069338
0.157035
0.034065
0.061766
0.019952
0.213773
0.098744
0.020503
0.045684
0.278539
0.005217
0.045870
0.019967
0.144753
0.140525
0.133441
0.046875
0.088071
0.287358
0.187542
0.102952
0.185152
0.062966
0.008496
0.240637
0.217313
0.007842
0.057772
0.055865
0.096791
0.041108
0.075079
0.485013
0.026426
0.054386
0.060530
0.068845
0.018773
0.096620
0.077839
0.017743
0.019328
0.059614
0.034149
0.012221
0.022261
0.025951
0.022063
0.004512
0.211263
0.044233
0.182066
0.012752
0.309746
0.132009
0.096204
0.042841
0.079234
0.048980
0.146861
0.052275
0.256754
0.047344
0.096463
0.282220
0.146403
0.035508
0.028946
0.078513
0.043441
0.063180
0.013609
0.086388
0.035172
0.260145
0.067604
0.108350
0.112439
0.009353
0.049424
0.103233
0.422432
0.307445
0.098979
0.113602
0.080349
0.019536
0.056360
0.105305
0.093603
0.072368
0.029920
0.051533
0.180810
0.057286
0.101482
0.180200
0.034073
0.033566
0.098760
0.017190
0.118734
0.075344
0.012796
0.158430
0.043579
0.087209
0.043443
0.011350
0.283241
0.048681
0.058851
0.062508
0.077408
0.102496
0.048182
0.212229
0.042767
0.069696
0.122049
0.206790
0.017048
0.040559
0.133704
0.051959
0.061824
0.059905
0.136196
0.209795
0.061169
0.041151
0.031995
0.114218
0.018598
0.229731
0.027736
0.123319
0.092587
0.061792
0.065543
0.212282
0.109716
0.215777
0.053372
0.186345
0.050477
0.054224
0.249449
0.042192
0.165640
0.054642
0.008941
0.079607
0.017457
0.016547
0.052553
0.020043
0.099559
0.007376
0.032926
0.097101
0.009556
0.026258
0.030426
0.016778
0.124751
0.029237
0.090969
0.225122
0.009830
0.096393
0.052136
0.024811
0.060173
0.053382
0.039438
0.032675
0.110862
0.301992
0.044045
0.081990
0.107866
0.283071
0.016020
0.027111
0.193922
0.261766
0.042352
0.086036
0.023830
0.052915
0.009841
0.064625
0.036461
0.012379
0.064741
0.129761
0.067870
0.020619
0.007821
0.036552
0.215504
0.068023
0.069942
0.037764
0.106824
0.078978
0.072647
0.041664
0.212546
0.011015
0.131345
0.026999
0.042700
0.048359
0.041265
0.170103
0.025611
0.076105
0.101728
0.208575
0.074314
0.118952
0.040912
0.043336
0.081403
0.105502
0.015714
0.008897
0.021692
0.019849
0.076969
0.206611
0.010258
0.021325
0.081901
0.100999
0.236261
0.031598
0.053424
0.022612
0.075899
0.034014
0.014322
0.092294
0.054559
0.096172
0.015618
0.006551
0.212671
0.176149
0.020470
0.008493
0.037014
0.024993
0.049401
0.121324
0.183999
0.039970
0.179825
0.008288
0.093691
0.198350
0.095855
0.155677
0.044694
0.152518
0.115506
0.137579
0.124581
0.195768
0.038296
0.121472
0.036129
0.039777
0.143071
0.026316
0.122921
0.076205
0.017299
0.090318
0.114286
0.311130
0.035042
0.069433
0.207217
0.042450
0.128949
0.142488
0.040125
0.147946
0.091872
0.069865
0.012491
0.013827
0.028921
0.030235
0.100490
0.176237
0.042303
0.017006
0.050391
0.190607
0.035743
0.024311
0.133499
0.233676
0.025164
0.010669
0.039381
0.017895
0.014863
0.041645
0.054589
0.070479
0.089236
0.028870
0.093198
0.038762
0.160326
0.130752
0.216695
0.068456
0.077051
0.053239
0.025267
0.048682
0.026806
0.081265
0.055997
0.015684
0.026559
0.011915
0.146452
0.058571
0.097896
0.088716
0.082103
0.005194
0.108629
0.015281
0.077383
0.071693
0.012512
0.013461
0.151454
0.025070
0.069942
0.140615
0.036830
0.128696
0.124914
0.026852
0.037668
0.030217
0.037937
0.057095
0.044809
0.067608
0.013475
0.108740
0.115979
0.016850
0.057357
0.035037
0.054617
0.004490
0.154686
0.091765
0.070433
0.068726
0.073308
0.009373
0.101674
0.105087
0.025232
0.036585
0.019808
0.004849
0.005369
0.132182
0.279049
0.143085
0.039265
0.010058
0.079363
0.022881
0.059543
0.025683
0.086726
0.129802
0.297391
0.053013
0.309958
0.265853
0.214507
0.065217
0.003989
0.051845
0.075809
0.057344
0.009852
0.069262
0.246773
0.063580
0.066608
0.365284
0.018912
0.329996
0.021168
0.011015
0.027462
0.236249
0.004091
0.012098
0.160021
0.209453
0.116907
0.039057
0.059088
0.018661
0.090425
0.024089
0.239671
0.036049
0.081723
0.357734
0.141509
0.038640
0.028112
0.059113
0.057011
0.111436
0.021480
0.124018
0.069196
0.207493
0.014514
0.073236
0.061806
0.012199
0.029548
0.108996
0.029486
0.005143
0.013867
0.156042
0.227140
0.082764
0.032182
0.063990
0.177433
0.035888
0.060527
0.195159
0.013004
0.007496
0.015093
0.083428
0.017883
0.104444
0.011058
0.048471
0.051057
0.020795
0.051657
0.101469
0.033076
0.044593
0.071166
0.138689
0.020457
0.063822
0.095371
0.084087
0.055115
0.117930
0.265108
0.027537
0.114757
0.038257
0.112828
0.023793
0.007080
0.074797
0.008843
0.098843
0.020878
0.037290
0.040260
0.021544
0.029876
0.061457
0.015483
0.072311
0.019125
0.021535
0.138859
0.161434
0.056223
0.007713
0.156321
0.137678
0.040009
0.031247
0.083609
0.095455
0.092851
0.120556
0.016163
0.155406
0.019730
0.140934
0.015885
0.032730
0.065769
0.186716
0.060568
0.112317
0.054990
0.101544
0.346238
0.040090
0.080284
0.062625
0.020178
0.087948
0.266726
0.025493
0.015245
0.006272
0.109192
0.016961
0.120208
0.060755
0.067151
0.024211
0.154044
0.054926
0.023961
0.048020
0.243980
0.076830
0.212500
0.117210
0.141369
0.194227
0.057881
0.109571
0.005820
0.067770
0.008156
0.013948
0.004964
0.021607
0.045197
0.090216
0.168407
0.017957
0.040167
0.028612
0.015124
0.381000
0.031843
0.153708
0.009716
0.080953
0.389378
0.071597
0.120066
0.015867
0.056661
0.039093
0.030841
0.020672
0.012637
0.174804
0.027617
0.061870
0.180553
0.138826
0.074242
0.028056
0.034524
0.022434
0.020084
0.069552
0.045844
0.032194
0.031129
0.359799
0.105600
0.054257
0.118188
0.037965
0.040601
0.155967
0.028733
0.012034
0.040720
0.040326
0.029783
0.128328
0.068364
0.096438
0.165936
0.205108
0.077325
0.005027
0.070424
0.030061
0.075975
0.178179
0.134719
0.100969
0.069629
0.025364
0.015063
0.081838
0.262977
0.057914
0.102018
0.008705
0.090715
0.041812
0.021554
0.072939
0.021031
0.083980
0.157738
0.028417
0.074986
0.027009
0.059118
0.015968
0.020699
0.038532
0.036268
0.013700
0.030573
0.114608
0.199813
0.097022
0.021828
0.407280
0.103253
0.027295
0.037235
0.078372
0.025208
0.108395
0.068816
0.122636
0.063379
0.064627
0.048226
0.040015
0.190656
0.060293
0.021327
0.042935
0.064656
0.020606
0.043700
0.058509
0.102330
0.042619
0.107702
0.103654
0.022804
0.071649
0.027716
0.073163
0.048545
0.111735
0.097278
0.127308
0.153759
0.069880
0.100209
0.024801
0.046513
0.088358
0.024626
0.074471
0.017289
0.012220
0.021622
0.004414
0.048348
0.104155
0.052277
0.034276
0.186280
0.012775
0.006290
0.136691
0.131701
0.170153
0.076498
0.226406
0.021034
0.040423
0.059468
0.171758
0.101574
0.013331
0.060479
0.084181
0.146444
0.130693
0.042434
0.195082
0.048487
0.326511
0.005011
0.071656
0.092875
0.220590
0.016135
0.013237
0.014200
0.016175
0.013885
0.081842
0.082965
0.027500
0.030290
0.045327
0.235371
0.039410
0.029797
0.055060
0.080153
0.056354
0.026611
0.041800
0.058342
0.065682
0.020217
0.017519
0.056473
0.013734
0.009817
0.053679
0.019150
0.082939
0.139997
0.078237
0.288637
0.308651
0.049519
0.011039
0.104754
0.093971
0.021879
0.133133
0.088584
0.057842
0.075504
0.051066
0.032380
0.127519
0.060962
0.007916
0.026150
0.069508
0.077267
0.067167
0.012339
0.119675
0.028354
0.199055
0.061038
0.009092
0.017906
0.141239
0.013766
0.084084
0.110070
0.089630
0.004017
0.034672
0.036521
0.171969
0.009461
0.037715
0.228000
0.111849
0.092736
0.095441
0.007635
0.020299
0.163745
0.013594
0.199602
0.161304
0.082301
0.014942
0.099083
0.054084
0.063230
0.029499
0.091997
0.135408
0.074426
0.035638
0.061914
0.022275
0.012832
0.021984
0.035845
0.013156
0.038364
0.017545
0.135561
0.124892
0.019582
0.154236
0.050625
0.048637
0.011472
0.003301
0.078014
0.042676
0.116491
0.205416
0.025979
0.098928
0.156284
0.084768
0.111749
0.047788
0.008671
0.247024
0.097643
0.025002
0.073844
0.120411
0.005481
0.052807
0.062071
0.243489
0.085013
0.210376
0.021280
0.023867
0.026657
0.035028
0.029300
0.027271
0.025600
0.069411
0.078991
0.027987
0.020394
0.038057
0.006001
0.028141
0.025849
0.082853
0.069719
0.110243
0.070927
0.050685
0.130543
0.018590
0.092718
0.056757
0.072010
0.029034
0.027287
0.035247
0.021583
0.001933
0.049673
0.025575
0.053341
0.371385
0.020868
0.023001
0.022899
0.084864
0.063138
0.040664
0.084395
0.044749
0.051477
0.034157
0.018515
0.103293
0.066719
0.112287
0.004595
0.285164
0.007861
0.051876
0.059188
0.211123
0.248348
0.020602
0.032863
0.014315
0.098906
0.021384
0.143629
0.025109
0.030633
0.010922
0.184100
0.169253
0.031200
0.010347
0.039235
0.016833
0.037812
0.190891
0.160643
0.024872
0.035379
0.109893
0.045537
0.102559
0.200952
0.017619
0.065719
0.024309
0.049284
0.086237
0.114125
0.014224
0.092543
0.190738
0.131245
0.132610
0.083452
0.063986
0.058136
0.023882
0.085124
0.038706
0.007004
0.041493
0.005675
0.024450
0.224443
0.022685
0.138312
0.046301
0.043217
0.092686
0.170433
0.031379
0.011880
0.018165
0.126876
0.094310
0.014958
0.074983
0.018245
0.033160
0.020812
0.095647
0.021930
0.063490
0.007269
0.127026
0.015240
0.049982
0.051312
0.039250
0.033307
0.010317
0.052154
0.432345
0.145096
0.011994
0.172015
0.010219
0.019627
0.052942
0.065631
0.055618
0.116051
0.407328
0.182009
0.026379
0.200193
0.061893
0.302629
0.011851
0.063747
0.068705
0.026192
0.026739
0.033335
0.065359
0.023414
0.110442
0.013336
0.020512
0.010607
0.128774
0.038799
0.191129
0.018801
0.067865
0.147340
0.078761
0.269699
0.115401
0.021350
0.087377
0.012590
0.026486
0.030240
0.065174
0.256546
0.115358
0.022306
0.014830
0.034075
0.004214
0.055532
0.046665
0.016560
0.011805
0.020039
0.281736
0.133408
0.040666
0.101904
0.032165
0.084606
0.024142
0.221962
0.026237
0.104342
0.132709
0.011245
0.099090
0.015669
0.057091
0.085331
0.022527
0.020354
0.026818
0.027123
0.065632
0.042565
0.102407
0.175604
0.129553
0.058925
0.027796
0.086240
0.047243
0.005543
0.066576
0.175585
0.019096
0.048372
0.109795
0.071878
0.127610
0.128072
0.019766
0.159232
0.005977
0.179317
0.117848
0.104145
0.053691
0.124076
0.044099
0.010735
0.013082
0.061245
0.066001
0.143779
0.035355
0.007385
0.165855
0.222287
0.190584
0.057483
0.052051
0.199496
0.013065
0.009827
0.011526
0.107615
0.004821
0.041597
0.024909
0.066929
0.005890
0.020905
0.077882
0.059616
0.006248
0.010547
0.007726
0.022043
0.041034
0.010529
0.135682
0.031507
0.686647
0.200855
0.164647
0.006635
0.034970
0.131191
0.012185
0.031785
0.137171
0.021954
0.061283
0.005324
0.024699
0.010239
0.041304
0.013036
0.099644
0.004731
0.237818
0.022922
0.008235
0.148844
0.017165
0.048939
0.020319
0.055713
0.120508
0.048095
0.084784
0.068080
0.051437
0.024190
0.011159
0.011092
0.070771
0.029413
0.018811
0.201738
0.119867
0.139559
0.009257
0.008220
0.012811
0.023973
0.169620
0.084874
0.050440
0.099993
0.024144
0.042086
0.024640
0.204934
0.062999
0.061288
0.073382
0.005513
0.015599
0.061343
0.165768
0.025541
0.042313
0.139799
0.028721
0.063693
0.088771
0.227682
0.021045
0.012786
0.027758
0.421895
0.136756
0.023504
0.019757
0.021620
0.085602
0.165182
0.046535
0.020457
0.043774
0.213264
0.113291
0.022776
0.027144
0.135029
0.014177
0.034414
0.018065
0.203163
0.047302
0.082275
0.012513
0.005074
0.021710
0.053265
0.062539
0.073465
0.066113
0.062207
0.011018
0.005361
0.070173
0.014011
0.093074
0.072865
0.112286
0.030416
0.085884
0.050402
0.038876
0.005699
0.020035
0.025907
0.276636
0.313228
0.012897
0.033669
0.125801
0.170068
0.030615
0.017631
0.010871
0.083406
0.070676
0.086889
0.062329
0.006054
0.118262
0.013598
0.007962
0.024531
0.021677
0.077382
0.035769
0.097232
0.041052
0.020436
0.044683
0.046121
0.080823
0.079180
0.029418
0.014052
0.091617
0.203918
0.042474
0.081445
0.004028
0.091456
0.121737
0.128454
0.088630
0.065575
0.385600
0.021041
0.013434
0.204023
0.018041
0.051783
0.063695
0.051796
0.021760
0.080718
0.060059
0.017335
0.081991
0.011728
0.126332
0.083098
0.027419
0.048675
0.127385
0.008654
0.072716
0.028972
0.022407
0.084932
0.011146
0.103416
0.024031
0.118860
0.012124
0.073399
0.037052
0.057325
0.178235
0.018315
0.041545
0.481006
0.377589
0.227821
0.041336
0.044628
0.020251
0.073136
0.042361
0.008167
0.300865
0.071333
0.104148
0.031494
0.057904
0.014368
0.035739
0.077014
0.353530
0.043015
0.029946
0.039533
0.160979
0.017285
0.151448
0.005783
0.013213
0.003866
0.056297
0.040981
0.219919
0.079581
0.218060
0.054239
0.090475
0.011693
0.061215
0.049774
0.093530
0.018914
0.131919
0.116269
0.014052
0.119895
0.023778
0.131782
0.353888
0.143511
0.066972
0.035294
0.050052
0.151426
0.011453
0.018986
0.049832
0.017525
0.024028
0.229654
0.091179
0.044789
0.061530
0.026658
0.039274
0.059436
0.034008
0.113608
0.046476
0.090116
0.020140
0.018909
0.140173
0.111933
0.053018
0.008701
0.044065
0.022477
0.009949
0.022195
0.081122
0.014379
0.199357
0.124077
0.019783
0.007740
0.067934
0.016580
0.019460
0.120960
0.052662
0.084884
0.237333
0.128887
0.013415
0.026602
0.084510
0.030534
0.177153
0.212801
0.122663
0.039087
0.103613
0.096918
0.016759
0.055703
0.096436
0.074856
0.008972
0.033973
0.014816
0.153128
0.011475
0.016682
0.067125
0.096005
0.004466
0.099557
0.003468
0.029197
0.052714
0.002756
0.034275
0.022566
0.017107
0.104922
0.115326
0.071102
0.076968
0.030103
0.129548
0.010146
0.172251
0.009628
0.043579
0.032738
0.088005
0.030978
0.228510
0.042315
0.041258
0.041236
0.003491
0.029523
0.005281
0.043994
0.029263
0.015338
0.080637
0.011727
0.028706
0.024894
0.021492
0.206119
0.018056
0.075966
0.021450
0.011651
0.006700
0.028270
0.045465
0.007998
0.068643
0.007380
0.013060
0.003231
0.014551
0.224808
0.034859
0.008931
0.016179
0.025602
0.124077
0.017244
0.011843
0.335251
0.010515
0.040162
0.002500
0.007983
0.020509
0.034219
0.012008
0.093734
0.407407
0.042522
0.013827
0.058150
0.063742
0.056496
0.135464
0.211478
0.015127
0.007939
0.058582
0.246286
0.009530
0.060003
0.061529
0.040220
0.034214
0.010281
0.128794
0.094760
0.070837
0.098342
0.030463
0.019628
0.017571
0.101223
0.169054
0.080442
0.251485
0.016766
0.029518
0.322534
0.004854
0.012219
0.331394
0.113324
0.078337
0.074406
0.022041
0.016856
0.104330
0.031393
0.032037
0.022659
0.006835
0.010546
0.128541
0.017027
0.042735
0.298382
0.051213
0.030911
0.061612
0.009718
0.106565
0.142043
0.038745
0.267766
0.084860
0.038705
0.007096
0.021653
0.015903
0.139516
0.011562
0.255268
0.061739
0.025474
0.239314
0.123706
0.008769
0.030252
0.022996
0.224220
0.078363
0.005847
0.167058
0.028803
0.037407
0.033764
0.007948
0.057610
0.068247
0.085109
0.052976
0.051188
0.137567
0.011974
0.063624
0.027847
0.182359
0.044656
0.157798
0.035976
0.052182
0.013073
0.008085
0.029096
0.010589
0.017488
0.083042
0.039498
0.032048
0.009813
0.064523
0.153822
0.020685
0.021431
0.061553
0.023813
0.051630
0.020839
0.006452
0.015823
0.005293
0.043030
0.115394
0.011520
0.127052
0.164357
0.006661
0.048549
0.016710
0.049583
0.023537
0.051563
0.056913
0.036342
0.021046
0.037236
0.292146
0.069934
0.004507
0.078136
0.067685
0.056271
0.012687
0.182823
0.072984
0.018113
0.014288
0.024734
0.058161
0.044315
0.069474
0.093215
0.446472
0.241548
0.012068
0.058523
0.053692
0.128526
0.059828
0.086830
0.029092
0.077572
0.028150
0.250193
0.118680
0.015524
0.020878
0.059918
0.117366
0.007926
0.016091
0.329232
0.196447
0.014751
0.063403
0.471928
0.107863
0.015994
0.005248
0.054139
0.048171
0.102196
0.028302
0.076880
0.048009
0.066736
0.027241
0.018002
0.008350
0.104296
0.012636
0.008399
0.014587
0.053061
0.049206
0.058323
0.082672
0.103357
0.004236
0.165524
0.093867
0.007329
0.028780
0.051852
0.020990
0.132588
0.094656
0.038754
0.087494
0.065064
0.054223
0.066826
0.077248
0.130710
0.055341
0.019179
0.005307
0.071728
0.031739
0.011065
0.042102
0.060017
0.017833
0.029171
0.015619
0.027787
0.089529
0.012248
0.052432
0.011626
0.052221
0.039969
0.016541
0.015445
0.012120
0.061454
0.019768
0.010538
0.012117
0.010590
0.017952
0.031110
0.008361
0.025976
0.003952
0.137242
0.034976
0.043125
0.215031
0.066251
0.034699
0.085193
0.032365
0.019099
0.043502
0.057465
0.070524
0.003784
0.030809
0.115815
0.014327
0.040278
0.013634
0.085226
0.034837
0.021057
0.046897
0.007347
0.111048
0.030765
0.047321
0.086792
0.008509
0.007066
0.103141
0.024991
0.121529
0.015851
0.027268
0.021268
0.063048
0.190224
0.024207
0.042593
0.010458
0.134418
0.012037
0.299885
0.321677
0.003040
0.072904
0.003464
0.170476
0.044306
0.054070
0.040565
0.053591
0.056917
0.083914
0.014726
0.241936
0.186143
0.074700
0.025239
0.014178
0.041905
0.157389
0.029522
0.034661
0.122989
0.177969
0.111320
0.180876
0.064499
0.123073
0.004885
0.268587
0.150567
0.020776
0.023635
0.085164
0.004998
0.007909
0.244688
0.023469
0.043548
0.165408
0.095207
0.049561
0.022515
0.021747
0.237312
0.011175
0.062557
0.009808
0.003576
0.141122
0.222651
0.009827
0.051416
0.011928
0.047063
0.017773
0.087534
0.015821
0.143884
0.005361
0.063159
0.029160
0.058020
0.079131
0.039234
0.225191
0.051798
0.007838
0.221004
0.019729
0.038236
0.064555
0.021671
0.010310
0.114223
0.037204
0.018556
0.013253
0.017712
0.024377
0.022566
0.061132
0.048332
0.046427
0.290940
0.013309
0.073305
0.192003
0.033379
0.044833
0.015753
0.063303
0.029852
0.021049
0.125167
0.240647
0.006734
0.042930
0.031831
0.092643
0.077106
0.010145
0.126914
0.038195
0.019440
0.033597
0.132346
0.019027
0.071265
0.030521
0.009697
0.068218
0.026118
0.032231
0.004832
0.035591
0.056669
0.053472
0.020862
0.002857
0.051173
0.017623
0.032666
0.055180
0.008018
0.049699
0.174409
0.005403
0.027541
0.015002
0.057107
0.010099
0.007225
0.116740
0.133124
0.014257
0.076305
0.033597
0.023771
0.017942
0.071734
0.035289
0.234175
0.042159
0.083221
0.060744
0.021634
0.028546
0.003194
0.010747
