2.319348
2.102000
1.424349
2.193080
1.888025
1.555285
1.505902
2.076798
1.628487
1.256289
1.798753
0.991704
1.018301
2.480669
1.176580
0.371406
0.449616
0.852871
0.771410
1.081155
0.526346
0.372061
0.170306
0.308588
0.685514
0.291916
0.285929
0.531261
1.084228
0.869393
0.593467
0.292833
0.206428
0.154386
0.233133
0.191203
0.546614
0.133119
0.288669
0.264861
0.231046
0.250911
0.808415
0.208037
0.175144
0.134835
0.093072
0.341424
0.128801
0.774196
0.238600
0.166379
0.261886
0.174828
0.145840
0.220037
0.583930
0.215052
0.101799
0.281601
0.250127
0.161908
0.086578
0.416087
0.227848
0.092629
0.314877
0.222796
0.071793
0.133777
0.390190
0.274591
0.195769
0.102747
0.139809
0.098880
0.156959
0.554048
0.184489
0.205327
0.326503
0.139810
0.070339
0.284971
0.080332
0.516415
0.220576
0.233865
0.215611
0.330961
0.146481
0.108770
0.321121
0.402899
0.412723
0.279947
0.043377
0.150827
0.179384
0.103594
0.192998
0.312593
0.400976
0.348382
0.150096
0.115606
0.115316
0.127431
0.109071
0.342740
0.342955
0.142730
0.261877
0.108874
0.126079
0.258338
0.285958
0.555670
0.579015
0.213300
0.274231
0.224890
0.130145
0.320058
0.053183
0.184372
0.443607
0.343815
0.156069
0.196601
0.059238
0.227565
0.126721
0.212332
0.117500
0.310637
0.226693
0.216386
0.271456
0.149364
0.099599
0.135336
0.176603
0.079082
0.259970
0.253934
0.361308
0.104662
0.154476
0.139000
0.128310
0.221280
0.181902
0.165538
0.316550
0.193731
0.187327
0.052272
0.224387
0.072721
0.084652
0.166196
0.187852
0.465975
0.090338
0.170070
0.123489
0.193579
0.085948
0.080420
0.180378
0.106538
0.330379
0.215511
0.212538
0.062607
0.163940
0.211727
0.165119
0.135957
0.200099
0.192717
0.315307
0.171569
0.102885
0.175931
0.252055
0.224812
0.217172
0.226980
0.127275
0.251996
0.170477
0.231699
0.282004
0.198723
0.277900
0.147984
0.129346
0.122100
0.141917
0.468335
0.318874
0.211425
0.242033
0.169325
0.113408
0.114090
0.057733
0.054180
0.157765
0.403604
0.271995
0.086196
0.103597
0.161959
0.125651
0.086839
0.117991
0.097294
0.095999
0.183629
0.632325
0.166166
0.177099
0.105189
0.184329
0.107133
0.208480
0.126911
0.192031
0.050356
0.202207
0.325818
0.406247
0.168751
0.070174
0.137151
0.166644
0.062753
0.050689
0.039900
0.082935
0.284757
0.167491
0.095863
0.115696
0.404306
0.210258
0.186534
0.123225
0.076814
0.060419
0.031251
0.588355
0.141210
0.097318
0.288736
0.272158
0.113924
0.125592
0.094224
0.041819
0.110862
0.124864
0.292849
0.264453
0.114095
0.113210
0.136175
0.096253
0.087826
0.326408
0.140474
0.065097
0.071765
0.052245
0.512509
0.109537
0.153744
0.188665
0.045101
0.048637
0.248749
0.132162
0.242021
0.121888
0.214488
0.348360
0.118468
0.117171
0.116665
0.179248
0.222862
0.269633
0.135639
0.157999
0.078660
0.182417
0.364998
0.129491
0.084203
0.164226
0.157652
0.138506
0.112746
0.041620
0.179172
0.333890
0.265891
0.098832
0.314293
0.134315
0.178295
0.138378
0.180061
0.101054
0.167407
0.315379
0.200773
0.141568
0.126433
0.340892
0.199674
0.191545
0.078220
0.136186
0.154594
0.166328
0.065331
0.088479
0.145094
0.251956
0.084628
0.367872
0.345447
0.191479
0.269124
0.119359
0.057906
0.070509
0.070245
0.028848
0.058604
0.041272
0.043298
0.237150
0.187606
0.163822
0.164880
0.104197
0.141498
0.195985
0.077495
0.080764
0.244303
0.445980
0.291618
0.510622
0.158169
0.051357
0.138925
0.224722
0.091220
0.059617
0.118049
0.058043
0.061435
0.042315
0.163825
0.129223
0.232847
0.088575
0.230543
0.039448
0.311574
0.105056
0.181111
0.122362
0.164374
0.050111
0.090999
0.102863
0.561803
0.207783
0.211415
0.111715
0.083728
0.151660
0.192311
0.063208
0.145316
0.195981
0.171932
0.103425
0.095515
0.441196
0.222013
0.275065
0.255836
0.169405
0.149008
0.148026
0.210374
0.057617
0.087925
0.041671
0.232180
0.221852
0.281309
0.142208
0.169827
0.169023
0.114573
0.051804
0.084118
0.070423
0.091424
0.116483
0.090901
0.110554
0.258108
0.331589
0.095538
0.271164
0.150190
0.149815
0.081075
0.257873
0.174781
0.148900
0.068070
0.160775
0.148200
0.254732
0.216431
0.200509
0.104065
0.145593
0.259865
0.259404
0.591412
0.289794
0.166553
0.087727
0.175019
0.159907
0.390823
0.238812
0.199006
0.252481
0.172847
0.137049
0.175353
0.101012
0.214209
0.136981
0.050879
0.219653
0.153732
0.394278
0.207051
0.103646
0.201228
0.067934
0.200178
0.098302
0.167412
0.061812
0.104825
0.174608
0.112638
0.196560
0.423352
0.213800
0.326490
0.408180
0.440449
0.074479
0.085368
0.194129
0.215346
0.075744
0.154124
0.067617
0.120886
0.281001
0.254312
0.176274
0.092437
0.133226
0.062385
0.073866
0.084134
0.135869
0.113808
0.149679
0.081513
0.052595
0.386418
0.171058
0.284808
0.221836
0.069176
0.148363
0.110207
0.039739
0.175809
0.271479
0.050350
0.129538
0.070947
0.030722
0.175472
0.248611
0.190290
0.298899
0.173156
0.083963
0.171373
0.279023
0.107626
0.060934
0.057104
0.219667
0.150267
0.035842
0.410051
0.221916
0.201464
0.097154
0.155735
0.092007
0.070907
0.132023
0.173819
0.122603
0.159972
0.108703
0.059488
0.235390
0.049612
0.143727
0.040262
0.163624
0.181977
0.286005
0.114730
0.303197
0.244286
0.078337
0.083537
0.078614
0.200934
0.254690
0.190980
0.105399
0.096299
0.170066
0.202187
0.265640
0.268524
0.092655
0.233743
0.228474
0.106532
0.081006
0.125470
0.398673
0.155686
0.199202
0.164261
0.254506
0.135946
0.168458
0.223505
0.178030
0.121687
0.093870
0.064440
0.089719
0.048692
0.423756
0.212971
0.107854
0.227348
0.282650
0.229662
0.190790
0.060286
0.126307
0.120828
0.055614
0.088445
0.085537
0.048195
0.295852
0.304800
0.130211
0.149665
0.072924
0.128880
0.125274
0.319884
0.122659
0.096515
0.132626
0.121677
0.050714
0.109231
0.490778
0.119151
0.362305
0.206265
0.156288
0.130838
0.087600
0.132261
0.127022
0.061265
0.074807
0.199778
0.111877
0.073544
0.311744
0.200877
0.366678
0.168729
0.095268
0.158810
0.054027
0.149297
0.194516
0.117270
0.226301
0.124831
0.153334
0.158989
0.108538
0.182449
0.090297
0.274442
0.109453
0.023709
0.066849
0.157015
0.207348
0.284760
0.274643
0.167897
0.107716
0.195867
0.095621
0.211955
0.185953
0.118653
0.091252
0.084949
0.229834
0.052700
0.125615
0.301403
0.105368
0.150965
0.344762
0.078491
0.158925
0.036925
0.283539
0.178205
0.279839
0.095898
0.318121
0.241495
0.116998
0.170000
0.221692
0.269214
0.112534
0.078605
0.182209
0.135971
0.272049
0.364741
0.184739
0.116951
0.135280
0.191935
0.039902
0.133539
0.102384
0.187535
0.257094
0.125884
0.127860
0.179931
0.079583
0.107771
0.418188
0.163575
0.244196
0.116917
0.091127
0.044490
0.085096
0.290146
0.110393
0.073548
0.099616
0.095073
0.047806
0.077387
0.237455
0.250467
0.091901
0.252662
0.124639
0.151478
0.196314
0.168673
0.061124
0.084429
0.061372
0.091500
0.035578
0.138642
0.055879
0.072840
0.340471
0.310829
0.193470
0.209096
0.164357
0.406218
0.257271
0.104564
0.071098
0.147748
0.121975
0.214852
0.217059
0.072738
0.065449
0.376932
0.118695
0.164214
0.080331
0.048608
0.135958
0.054177
0.156895
0.227499
0.205322
0.126913
0.098064
0.083957
0.110621
0.111470
0.400568
0.171224
0.111546
0.211913
0.189697
0.273119
0.111517
0.194454
0.150873
0.105182
0.093187
0.115956
0.042448
0.202696
0.145164
0.375472
0.245431
0.267889
0.176753
0.113421
0.264439
0.391047
0.129983
0.082399
0.233913
0.147138
0.072448
0.083460
0.091309
0.117482
0.445837
0.127063
0.117978
0.197491
0.147436
0.161069
0.063438
0.060819
0.133102
0.110267
0.316148
0.099021
0.219971
0.108994
0.120036
0.068770
0.337175
0.284558
0.162790
0.161863
0.233547
0.105427
0.094249
0.172273
0.162194
0.107813
0.073439
0.131410
0.143314
0.088193
0.240396
0.444113
0.171979
0.183355
0.133555
0.116198
0.051920
0.165802
0.204341
0.102523
0.171465
0.170367
0.055833
0.108303
0.166875
0.147747
0.205149
0.137103
0.152119
0.118188
0.089360
0.186218
0.101777
0.110491
0.128597
0.141165
0.079199
0.200942
0.155443
0.218518
0.120417
0.265495
0.566714
0.095990
0.202462
0.199270
0.230890
0.056023
0.190669
0.129382
0.238626
0.246288
0.141361
0.121371
0.100848
0.076191
0.148856
0.119847
0.368413
0.162464
0.064394
0.187772
0.076290
0.094755
0.114766
0.069281
0.035515
0.088621
0.147066
0.109382
0.139914
0.102446
0.134031
0.035654
0.196769
0.185981
0.257447
0.046620
0.142899
0.109126
0.262898
0.187019
0.062489
0.104940
0.093707
0.113995
0.022488
0.208486
0.300789
0.230581
0.280075
0.098172
0.106454
0.089958
0.073786
0.095901
0.188502
0.156362
0.091480
0.026268
0.319664
0.185167
0.089734
0.140397
0.036136
0.145541
0.556371
0.263821
0.266748
0.301704
0.116286
0.055434
0.064241
0.240287
0.154075
0.142014
0.093428
0.132538
0.104466
0.054444
0.078332
0.166072
0.489592
0.247422
0.242884
0.107563
0.215269
0.088456
0.301805
0.085791
0.154788
0.205121
0.222964
0.192815
0.096957
0.092664
0.267138
0.249003
0.044436
0.329168
0.177778
0.143845
0.280668
0.199333
0.173590
0.228325
0.605404
0.598659
0.201388
0.112117
0.050457
0.082691
0.114836
0.084544
0.165576
0.459925
0.244233
0.086414
0.106715
0.048356
0.142797
0.154731
0.062045
0.046592
0.141513
0.194213
0.218051
0.242214
0.080177
0.065152
0.149664
0.272153
0.210820
0.181023
0.133993
0.418014
0.177392
0.109340
0.150205
0.186294
0.255040
0.129431
0.148367
0.109923
0.195206
0.158507
0.115440
0.047059
0.423654
0.190460
0.279079
0.167274
0.100712
0.109378
0.173243
0.041676
0.234667
0.045461
0.167803
0.069657
0.204695
0.085824
0.069532
0.117842
0.072016
0.208678
0.143625
0.098024
0.176268
0.190492
0.325476
0.042092
0.173294
0.147724
0.093955
0.240174
0.146565
0.080267
0.063998
0.092003
0.094586
0.034131
0.326588
0.093325
0.114065
0.096508
0.057644
0.085986
0.101394
0.111696
0.109825
0.052378
0.146391
0.177048
0.071463
0.236447
0.101379
0.096101
0.233356
0.268646
0.226320
0.159959
0.081986
0.029436
0.222256
0.110921
0.283154
0.079438
0.047054
0.205780
0.133767
0.150400
0.081650
0.101034
0.110845
0.275213
0.273142
0.297123
0.104839
0.123063
0.109372
0.264577
0.111512
0.120379
0.072003
0.093575
0.196198
0.096183
0.173805
0.075485
0.251112
0.181967
0.169050
0.353007
0.128057
0.205494
0.073227
0.107374
0.115180
0.277351
0.297795
0.296344
0.266216
0.047151
0.079787
0.070954
0.075676
0.167934
0.246839
0.147539
0.381594
0.117538
0.180021
0.094913
0.213823
0.273473
0.078761
0.096988
0.198191
0.092480
0.071323
0.096093
0.073901
0.163339
0.416358
0.396830
0.256102
0.356277
0.175464
0.159765
0.155345
0.156038
0.195396
0.185820
0.387647
0.150225
0.084575
0.094158
0.085638
0.034748
0.090694
0.187322
0.206764
0.220753
0.296766
0.265651
0.271976
0.171960
0.121856
0.159573
0.087305
0.083011
0.188144
0.381794
0.082152
0.273973
0.136123
0.633626
0.118576
0.148862
0.196113
0.154503
0.416769
0.116895
0.096323
0.195456
0.164188
0.143490
0.195469
0.066607
0.119117
0.107895
0.068012
0.094787
0.144261
0.125825
0.058019
0.031774
0.127269
0.389022
0.149663
0.253696
0.111473
0.127973
0.164023
0.065253
0.206140
0.106746
0.143365
0.061048
0.024636
0.021926
0.113954
0.203106
0.151267
0.067335
0.116252
0.254780
0.171441
0.179048
0.188939
0.108498
0.133449
0.348610
0.464676
0.299625
0.176692
0.105143
0.171664
0.085867
0.135114
0.056307
0.079468
0.027100
0.518486
0.345255
0.195890
0.190471
0.054407
0.098253
0.080247
0.109956
0.171925
0.105552
0.209444
0.089895
0.131234
0.110984
0.068949
0.129633
0.102761
0.164248
0.456801
0.170710
0.175403
0.178405
0.107351
0.101778
0.096520
0.156658
0.135617
0.087022
0.185827
0.143908
0.169352
0.123724
0.275747
0.252793
0.438666
0.358942
0.553409
0.267082
0.122247
0.122652
0.062618
0.260565
0.506658
0.191651
0.088072
0.072671
0.083447
0.104715
0.250110
0.275055
0.275896
0.118933
0.107701
0.093181
0.442799
0.280983
0.153582
0.073548
0.142860
0.030621
0.162381
0.090262
0.233563
0.141086
0.076279
0.138944
0.237349
0.127598
0.054629
0.134679
0.206861
0.477362
0.103800
0.128728
0.076258
0.116014
0.180686
0.091954
0.160323
0.067539
0.074591
0.077045
0.075221
0.125741
0.141340
0.597645
0.197037
0.111724
0.105445
0.330359
0.273282
0.189131
0.122823
0.550235
0.274978
0.250994
0.175078
0.094024
0.115912
0.187845
0.092166
0.051494
0.076710
0.298609
0.151273
0.286579
0.256076
0.357814
0.228109
0.138829
0.072350
0.110904
0.226206
0.158972
0.187979
0.163503
0.111562
0.133111
0.079161
0.065222
0.071408
0.121649
0.466523
0.487218
0.119915
0.550525
0.166688
0.103337
0.148766
0.192258
0.136018
0.136959
0.065262
0.130567
0.118285
0.113016
0.179452
0.045836
0.186485
0.192265
0.108920
0.108425
0.085008
0.330234
0.216039
0.140662
0.082549
0.112435
0.118493
0.146790
0.114814
0.339161
0.113684
0.115997
0.174629
0.201474
0.073690
0.174132
0.206261
0.247976
0.138829
0.385489
0.171225
0.117895
0.157457
0.212628
0.168016
0.120089
0.074561
0.124328
0.065037
0.126732
0.093134
0.027320
0.038554
0.062502
0.361058
0.227589
0.209343
0.159276
0.180316
0.140497
0.084267
0.132020
0.170528
0.125881
0.092632
0.227725
0.234311
0.078235
0.081371
0.303872
0.160172
0.138224
0.330019
0.107707
0.082805
0.061538
0.076690
0.526856
0.260136
0.235580
0.078684
0.264478
0.080153
0.109994
0.162398
0.118040
0.176332
0.167433
0.096297
0.147885
0.040042
0.152465
0.141252
0.062920
0.035209
0.088769
0.486871
0.278115
0.171129
0.068657
0.111209
0.066290
0.162621
0.073457
0.192101
0.120302
0.184213
0.124103
0.105332
0.053019
0.099839
0.150347
0.222573
0.056929
0.323265
0.270155
0.083433
0.107825
0.111832
0.128801
0.071153
0.124788
0.062341
0.061993
0.066797
0.052970
0.144030
0.089951
0.036205
0.125674
0.085164
0.187607
0.253483
0.469719
0.204260
0.240595
0.261858
0.088463
0.234615
0.469262
0.420805
0.152208
0.119152
0.177302
0.068424
0.049677
0.059020
0.186837
0.061038
0.072862
0.065644
0.058527
0.258061
0.209624
0.090232
0.201081
0.162535
0.102544
0.036669
0.106773
0.235995
0.225579
0.084536
0.052145
0.114684
0.112317
0.049566
0.087944
0.103537
0.065482
0.154554
0.299153
0.125001
0.151983
0.149026
0.383720
0.305505
0.095590
0.067428
0.064970
0.114363
0.222425
0.095661
0.055600
0.131666
0.091690
0.162587
0.072161
0.074287
0.034827
0.095860
0.279214
0.212960
0.212050
0.084982
0.087791
0.282156
0.164157
0.154209
0.089748
0.090101
0.103082
0.102715
0.177967
0.154092
0.133568
0.190718
0.144307
0.248066
0.179677
0.489869
0.245943
0.124754
0.117788
0.177863
0.111280
0.260175
0.443658
0.135308
0.219015
0.152202
0.074189
0.080493
0.041278
0.166464
0.130121
0.117967
0.112502
0.326604
0.094742
0.533227
0.376507
0.292533
0.315802
0.114688
0.095183
0.276935
0.128274
0.054599
0.230331
0.141209
0.096635
0.185124
0.085370
0.162723
0.095415
0.156334
0.260395
0.106335
0.584025
0.176734
0.084390
0.117927
0.094340
0.143445
0.102436
0.168278
0.251390
0.258967
0.254241
0.098271
0.075465
0.051766
0.213564
0.092242
0.320400
0.065095
0.122306
0.545397
0.151575
0.076907
0.170992
0.162327
0.111147
0.215946
0.074971
0.089460
0.160366
0.108602
0.142004
0.163555
0.110381
0.055157
0.127372
0.051182
0.049771
0.052005
0.052380
0.505709
0.157523
0.116184
0.304689
0.152938
0.102696
0.031111
0.071213
0.075550
0.102803
0.055330
0.163084
0.091371
0.119083
0.078310
0.048339
0.058167
0.158598
0.249543
0.327828
0.326749
0.307319
0.310266
0.206795
0.185663
0.164354
0.142705
0.073465
0.208211
0.146004
0.141668
0.070201
0.079432
0.093404
0.153270
0.374815
0.391808
0.210867
0.060897
0.287818
0.468579
0.213724
0.118287
0.123121
0.275579
0.173971
0.140052
0.122998
0.299940
0.050617
0.153325
0.138349
0.088113
0.070300
0.135296
0.172564
0.102176
0.141933
0.275225
0.507581
0.301294
0.154490
0.295382
0.274648
0.135887
0.148405
0.050766
0.224984
0.071102
0.043087
0.044189
0.121617
0.103552
0.188303
0.151338
0.081222
0.113586
0.355806
0.276064
0.486414
0.224672
0.185021
0.143055
0.280610
0.099297
0.154225
0.109197
0.189589
0.292630
0.240936
0.219831
0.219352
0.049627
0.080851
0.020936
0.313985
0.160657
0.147620
0.114444
0.518603
0.224578
0.330934
0.113763
0.194398
0.242930
0.118421
0.078966
0.223707
0.180844
0.126982
0.270042
0.358666
0.263287
0.155488
0.098416
0.201831
0.139624
0.159110
0.193997
0.544950
0.705726
1.283010
0.601521
0.344493
0.202936
0.108134
0.061927
0.118976
0.126787
0.097097
0.063365
0.059288
0.030025
0.052312
0.060866
0.059117
0.034697
0.184696
0.041995
0.193841
0.356064
0.084721
0.105492
0.222835
0.104972
0.050393
0.135875
0.169259
0.091441
0.053370
0.050620
0.108766
0.067850
0.107540
0.163060
0.152372
0.068322
0.034408
0.022178
0.067968
0.260399
0.445951
0.231491
0.217707
0.272440
0.218131
0.164123
0.196553
0.109420
0.057185
0.234538
0.251054
0.082655
0.069252
0.180940
0.054174
0.071569
0.096719
0.213587
0.061702
0.435342
0.120862
0.255199
0.200609
0.181723
0.171807
0.130488
0.070938
0.176263
0.070688
0.082334
0.167369
0.133307
0.079328
0.382085
0.501448
0.257808
0.141281
0.032687
0.138144
0.214364
0.264348
0.171764
0.249346
0.163346
0.116605
0.054125
0.094256
0.105222
0.061103
0.141605
0.231985
0.119459
0.094899
0.065445
0.157859
0.104284
0.045048
0.047869
0.186288
0.255735
0.324045
0.254222
0.146232
0.068872
0.082595
0.035810
0.181707
0.061726
0.049648
0.095349
0.075766
0.086806
0.166858
0.073217
0.077550
0.189040
0.040440
0.160436
0.264809
0.222325
0.171804
0.420731
0.168246
0.385645
0.109269
0.146977
0.094431
0.227721
0.174203
0.145509
0.154234
0.125378
0.118620
0.085123
0.293834
0.213273
0.059737
0.118893
0.104532
0.202705
0.188689
0.108220
0.381080
0.114632
0.217562
0.102214
0.140637
0.085609
0.214225
0.233870
0.199721
0.278693
0.177617
0.090800
0.033402
0.087488
0.175434
0.216593
0.125100
0.318492
0.101172
0.151379
0.078491
0.325536
0.131882
0.174635
0.110850
0.121158
0.071295
0.057811
0.171402
0.190738
0.211128
0.158552
0.078952
0.135310
0.211082
0.127450
0.203983
0.172443
0.181190
0.090032
0.046680
0.046660
0.193732
0.113453
0.176865
0.085279
0.335828
0.044697
0.165738
0.114715
0.112779
0.174591
0.088194
0.137909
0.062931
0.196091
0.021834
0.256283
0.070787
0.125063
0.218804
0.073181
0.297391
0.527112
0.203247
0.380046
0.188345
0.177789
0.219172
0.206478
0.123439
0.103899
0.073666
0.109805
0.032273
0.112979
0.211835
0.109153
0.081289
0.055420
0.152062
0.195580
0.296167
0.266153
0.476716
0.160626
0.099663
0.179970
0.080965
0.227233
0.115786
0.124283
0.133260
0.085462
0.156055
0.130711
0.180050
0.165215
0.092446
0.169561
0.075413
0.081851
0.072612
0.064218
0.069972
0.126632
0.447492
0.190167
0.129212
0.301420
0.200560
0.324503
0.361114
0.146991
0.062140
0.085299
0.167643
0.098694
0.056494
0.139418
0.136534
0.163505
0.136457
0.096390
0.081452
0.046639
0.186949
0.396438
0.168551
0.166078
0.216654
0.187835
0.197292
0.327132
0.173179
0.181404
0.094874
0.054443
0.199630
0.055239
0.098253
0.218284
0.094494
0.105906
0.070372
0.057025
0.167818
0.081429
0.295251
0.379013
0.225745
0.208940
0.159325
0.137003
0.091952
0.102896
0.065626
0.031860
0.110896
0.192293
0.222740
0.179735
0.311905
0.089690
0.148471
0.137494
0.091628
0.109846
0.071063
0.092001
0.671746
0.248522
0.183777
0.078453
0.282391
0.161248
0.073779
0.208095
0.161989
0.191419
0.331312
0.225068
0.186751
0.046103
0.080440
0.093754
0.205564
0.261690
0.167365
0.127034
0.312623
0.304920
0.169287
0.177045
0.158320
0.092247
0.095242
0.094666
0.129128
0.175931
0.192131
0.099324
0.119745
0.119977
0.063270
0.233890
0.198179
0.282385
0.260720
0.110199
0.186499
0.049971
0.095455
0.430376
0.209275
0.124257
0.192939
0.107076
0.291966
0.136522
0.087657
0.338313
0.112918
0.082874
0.055117
0.097009
0.170678
0.117823
0.060610
0.075303
0.355843
0.212469
0.143565
0.044152
0.149929
0.740554
0.386961
0.217799
0.176836
0.109294
0.198764
0.074098
0.056343
0.083947
0.116740
0.045478
0.194664
0.223108
0.313685
0.099283
0.110097
0.112458
0.133195
0.089405
0.215385
0.191181
0.081639
0.302219
0.119279
0.247216
0.160899
0.193423
0.111715
0.098275
0.070796
0.227710
0.147068
0.157275
0.084166
0.113934
0.104466
0.146723
0.080089
0.092013
0.187858
0.099978
0.053638
0.067160
0.183654
0.157438
0.104215
0.327443
0.124936
0.063262
0.243437
0.123939
0.208734
0.136364
0.071441
0.057598
0.106620
0.049729
0.081420
0.077227
0.056896
0.198668
0.140397
0.090894
0.268651
0.118814
0.164958
0.362108
0.152206
0.109557
0.309474
0.178032
0.154209
0.191031
0.243693
0.237224
0.085208
0.187244
0.128243
0.126315
0.115075
0.261468
0.178421
0.092232
0.217327
0.101299
0.176738
0.023880
0.077621
0.215512
0.157328
0.178874
0.165916
0.304564
0.186567
0.391162
0.125581
0.205942
0.224130
0.182523
0.252040
0.279801
0.168785
0.057733
0.139322
0.153463
0.057005
0.386289
0.147983
0.095168
0.155861
0.411207
0.144799
0.155704
0.158636
0.162499
0.173493
0.136740
0.199010
0.071871
0.074754
0.156489
0.084189
0.158649
0.122880
0.033582
0.086670
0.035486
0.296966
0.194388
0.300618
0.147329
0.338790
0.580164
0.206784
0.261851
0.199374
0.084449
0.224385
0.118809
0.144213
0.199781
0.115398
0.062955
0.202800
0.290494
0.111416
0.057939
0.033124
0.235447
0.350039
0.171038
0.101824
0.055542
0.061282
0.446962
0.115231
0.198940
0.227197
0.115889
0.213814
0.087478
0.192574
0.097851
0.330506
0.274459
0.099114
0.085585
0.044023
0.045214
0.082725
0.020294
0.100016
0.194849
0.191103
0.275455
0.155895
0.162795
0.337031
0.127687
0.122770
0.074857
0.242521
0.366283
0.198005
0.188253
0.074040
0.102661
0.216029
0.200588
0.064185
0.069430
0.273365
0.306735
0.053730
0.113540
0.207137
0.093072
0.132874
0.202129
0.521567
0.290378
0.290175
0.250060
0.168716
0.229898
0.119654
0.082776
0.081904
0.082523
0.124189
0.140806
0.060129
0.073352
0.146427
0.184404
0.218955
0.077117
0.098439
0.070628
0.084342
0.170395
0.279972
0.569067
0.295611
0.107707
0.052028
0.090929
0.121899
0.159299
0.079198
0.091346
0.146634
0.056650
0.110136
0.114190
0.086864
0.093890
0.254358
0.250390
0.308050
0.247727
0.101974
0.204094
0.117883
0.530740
0.157451
0.228675
0.136321
0.229392
0.156087
0.041235
0.155751
0.163264
0.122357
0.046549
0.060070
0.438693
0.237036
0.129065
0.086393
0.075606
0.301773
0.206752
0.051757
0.035745
0.206636
0.192392
0.403884
0.201987
0.235583
0.324357
0.126718
0.125633
0.038689
0.089305
0.102103
0.104810
0.110179
0.079797
0.119550
0.157552
0.131344
0.075940
0.198302
0.101389
0.102563
0.067390
0.073174
0.125419
0.263675
0.347245
0.138804
0.225201
0.190705
0.210054
0.188207
0.139786
0.061405
0.266756
0.132585
0.064603
0.174196
0.118523
0.081563
0.033750
0.053980
0.130901
0.075659
0.112159
0.063414
0.081084
0.077312
0.131558
0.477905
0.130381
0.121012
0.085304
0.164977
0.062262
0.215571
0.191488
0.107547
0.054057
0.095275
0.172352
0.072478
0.141546
0.242719
0.147726
0.067426
0.123243
0.373183
0.061646
0.241306
0.102256
0.334573
0.184436
0.090195
0.266972
0.159894
0.151204
0.100050
0.125515
0.126164
0.187947
0.088876
0.066919
0.075451
0.050632
0.268725
0.159700
0.181584
0.163319
0.150183
0.149536
0.096312
0.096789
0.101514
0.580549
0.303083
0.226721
0.203110
0.281029
0.141819
0.141858
0.267256
0.251926
0.154665
0.062703
0.102639
0.071225
0.128471
0.311227
0.198320
0.122547
0.237008
0.075142
0.115749
0.076758
0.148549
0.102104
0.321864
0.295507
0.114737
0.184764
0.438206
0.180071
0.240403
0.305241
0.217750
0.205065
0.220379
0.131951
0.139487
0.106015
0.195928
0.217409
0.172856
0.209874
0.072893
0.187258
0.104933
0.062118
0.033068
0.263091
0.230443
0.107650
0.064186
0.092440
0.126484
0.153065
0.089865
0.209263
0.099167
0.117871
0.079634
0.096558
0.053640
0.091418
0.083457
0.051613
0.101686
0.053026
0.082596
0.152853
0.137229
0.080233
0.493960
0.241308
0.197889
0.049050
0.142451
0.315191
0.259879
0.122670
0.103230
0.118587
0.043283
0.281628
0.154033
0.303227
0.091747
0.290099
0.198271
0.216176
0.088765
0.070639
0.071494
0.161595
0.164127
0.394863
0.225142
0.118104
0.082143
0.073244
0.114967
0.216036
0.124085
0.382342
0.090120
0.350958
0.097647
0.122759
0.146589
0.126117
0.103051
0.216733
0.092000
0.111617
0.176998
0.105859
0.090307
0.160310
0.554016
0.171879
0.149029
0.257370
0.114606
0.064827
0.081068
0.118598
0.105737
0.049949
0.173812
0.238175
0.190237
0.069572
0.104361
0.058706
0.182813
0.098025
0.158378
0.060890
0.098544
0.095979
0.150632
0.372410
0.318905
0.144285
0.126047
0.229031
0.068841
0.148249
0.189673
0.077183
0.069265
0.074007
0.158191
0.052250
0.079604
0.204325
0.241652
0.269105
0.095622
0.183413
0.164568
0.120034
0.078841
0.078870
0.309836
0.312185
0.189644
0.095686
0.079002
0.118268
0.172845
0.119255
0.082955
0.206671
0.233613
0.097291
0.099749
0.132770
0.081790
0.245205
0.148959
0.129072
0.138773
0.145440
0.094220
0.170130
0.131569
0.088407
0.381965
0.204241
0.213303
0.293359
0.141086
0.116500
0.215204
0.079615
0.081232
0.423177
0.083639
0.125853
0.254948
0.120721
0.320515
0.130923
0.167199
0.102021
0.103575
0.098124
0.099361
0.090595
0.182318
0.167660
0.336987
0.197472
0.258009
0.290601
0.194243
0.150658
0.232509
0.098108
0.084112
0.113723
0.186351
0.220710
0.083369
0.110759
0.075041
0.100968
0.067706
0.095766
0.074971
0.211432
0.305563
0.345466
1.503574
0.355104
0.179912
0.178310
0.102247
0.145987
0.102908
0.088509
0.131592
0.081885
0.114948
0.218167
0.079272
0.114045
0.111574
0.119618
0.117742
0.089949
0.126653
0.037155
0.114205
0.162335
0.109929
0.050190
0.060194
0.226730
0.126789
0.190025
0.108185
0.088606
0.148574
0.158888
0.226899
0.057074
0.343479
0.068926
0.171914
0.008804
0.083618
0.155733
0.089920
0.121280
0.052060
0.050522
0.062839
0.445687
0.087949
0.202804
0.149326
0.468912
0.246344
0.103809
0.120014
0.146658
0.230146
0.263591
0.138106
0.094031
0.075736
0.064200
0.206336
0.114475
0.093284
0.046024
0.103170
0.134466
0.429154
0.074358
0.066857
0.186858
0.158651
0.099770
0.044676
0.319092
0.232766
0.116954
0.141469
0.074177
0.078666
0.360903
0.215706
0.123339
0.169314
0.033836
0.223172
0.151507
0.394110
0.148813
0.239648
0.133993
0.120936
0.105188
0.127342
0.080729
0.250798
0.305959
0.144547
0.614127
0.200688
0.247478
0.317861
0.256878
0.083317
0.100941
0.096808
0.234109
0.220277
0.106093
0.112673
0.138008
0.182278
0.184093
0.241281
0.094095
0.124486
0.127433
0.117109
0.077021
0.211488
0.328014
0.064837
0.394355
0.141675
0.102811
0.223169
0.082675
0.057319
0.048013
0.094729
0.056908
0.254511
0.204071
0.117916
0.130519
0.042340
0.104358
0.157671
0.178565
0.124996
0.145274
0.305099
0.195066
0.098116
0.060240
0.068016
0.358959
0.172293
0.182681
0.111031
0.115591
0.261425
0.211757
0.066246
0.097650
0.039175
0.221144
0.240774
0.058358
0.109922
0.326632
0.143238
0.129418
0.031119
0.070595
0.090588
0.052407
0.022487
0.054343
0.330509
0.170535
0.131597
0.180314
0.116242
0.051155
0.085804
0.125167
0.072137
0.143244
0.172262
0.186927
0.161320
0.083312
0.157375
0.037589
0.223219
0.084716
0.225459
0.127235
0.111100
0.241311
0.190502
0.068313
0.074524
0.268752
0.307709
0.131802
0.105597
0.137378
0.041762
0.135881
0.119614
0.069464
0.221550
0.074509
0.089423
0.112631
0.084277
0.168035
0.191478
0.173171
0.111958
0.196030
0.075529
0.128896
0.370249
0.205577
0.096663
0.084433
0.446363
0.167127
0.106506
0.160333
0.110596
0.140896
0.125640
0.245796
0.236939
0.133835
0.054305
0.098569
0.143872
0.103428
0.104028
0.082813
0.470781
0.368580
0.165080
0.144347
0.216709
0.071799
0.120711
0.188706
0.098693
0.394644
0.169057
0.239995
0.188127
0.120235
0.062603
0.189583
0.129460
0.292996
0.248353
0.148525
0.157967
0.146447
0.075835
0.122890
0.089495
0.184128
0.162183
0.099199
0.104975
0.069631
0.081585
0.034381
0.101670
0.402952
0.232956
0.165908
0.208230
0.092796
0.120810
0.109940
0.143139
0.166357
0.221814
0.119490
0.038169
0.167527
0.060060
0.025869
0.059191
0.049938
0.056361
0.265648
0.045545
0.069573
0.039003
0.141749
0.134817
0.072998
0.924891
0.218953
0.161863
0.187972
0.202282
0.231373
0.176966
0.190221
0.192879
0.121403
0.180471
0.229447
0.052893
0.170027
0.105342
0.106649
0.102499
0.207378
0.080743
0.047391
0.292673
0.348724
0.247883
0.351547
0.353430
0.244558
0.101196
0.060785
0.138214
0.166178
0.183552
0.192637
0.056776
0.146638
0.060849
0.071119
0.095562
0.130708
0.144056
0.071806
0.061233
0.067345
0.144322
0.137728
0.141897
0.323748
0.053139
0.073244
0.125590
0.331370
0.243813
0.239089
0.246912
0.176287
0.163492
0.118702
0.191669
0.180654
0.166079
0.064898
0.167438
0.047431
0.294342
0.367321
0.302550
0.067811
0.108831
0.114339
0.189952
0.089260
0.160799
0.115812
0.162706
0.073499
0.405034
0.168212
0.148921
0.191757
0.265196
0.104046
0.174592
0.300959
0.223661
0.153405
0.072629
0.199512
0.247837
0.176923
0.153883
0.208608
0.213274
0.145826
0.172132
0.346546
0.365764
0.129222
0.099458
0.058646
0.212967
0.314602
0.268675
0.087740
0.109496
0.090816
0.080543
0.148810
0.235827
0.086969
0.145862
0.193610
0.149175
0.130247
0.080335
0.158599
0.069002
0.050557
0.190403
0.207635
0.124774
0.276692
0.094510
0.109628
0.019673
0.418817
0.175069
0.317039
0.172590
0.203833
0.126226
0.166575
0.080921
0.150552
0.138460
0.156789
0.075495
0.174563
0.225844
0.256588
0.237453
0.140918
0.083632
0.178559
0.101462
0.149472
0.074165
0.053528
0.040001
0.195719
0.560424
0.165436
0.117796
0.094877
0.148542
0.129054
0.287490
0.153131
0.131184
0.245872
0.296105
0.131019
0.116235
0.112378
0.111960
0.081830
0.123625
0.104830
0.058163
0.094736
0.099558
0.349168
0.208147
0.116488
0.100319
0.580934
0.173422
0.136353
0.151338
0.109761
0.102084
0.133028
0.149867
0.056491
0.071826
0.049999
0.075312
0.178573
0.051877
0.279824
0.283308
0.254355
0.143378
0.067706
0.128965
0.191573
0.227562
0.070566
0.069197
0.055903
0.385993
0.303635
0.105676
0.142201
0.214697
0.117112
0.059609
0.143083
0.107018
0.044765
0.090072
0.055968
0.080418
0.110215
0.093079
0.182367
0.201459
0.162763
0.174421
0.249967
0.089196
0.127147
0.066237
0.099423
0.051436
0.250884
0.128429
0.160675
0.296988
0.195004
0.018754
0.095526
0.160037
0.062798
0.164258
0.120148
0.084873
0.227405
0.114220
0.045635
0.225303
0.123751
0.095443
0.053998
0.070892
0.098759
0.262308
0.600272
0.101289
0.177763
0.486144
0.117609
0.181842
0.186459
0.273439
0.186551
0.155566
0.128526
0.322286
0.229178
0.159178
0.077439
0.125918
0.041313
0.105768
0.084226
0.202423
0.208555
0.102416
0.072165
0.035673
0.114538
0.188425
0.104912
0.062075
0.482574
0.228011
0.159835
0.144555
0.131145
0.080228
0.035768
0.137876
0.130864
0.058051
0.100890
0.115163
0.265980
0.185633
0.156886
0.211264
0.166574
0.048063
0.125182
0.097274
0.183040
0.059462
0.080059
0.182783
0.054448
0.451655
0.218618
0.269538
0.135779
0.074531
0.071018
0.117407
0.231610
0.162927
0.075321
0.159328
0.082584
0.129131
0.184606
0.212482
0.244925
0.073578
0.065520
0.216005
0.142748
0.282029
0.098134
0.079503
0.062388
0.166429
0.595916
0.123362
0.151485
0.400013
0.199255
0.136963
0.101996
0.131893
0.212941
0.219099
0.122414
0.274059
0.229386
0.221379
0.143666
0.135168
0.183541
0.093435
0.056649
0.050313
0.064336
0.248987
0.226146
0.251044
0.077333
0.138464
0.526671
0.158171
0.206464
0.207515
0.159029
0.034962
0.125670
0.092927
0.169731
0.092673
0.088919
0.260500
0.122721
0.076358
0.058569
0.066723
0.061553
0.290504
0.363246
0.229545
0.139385
0.070607
0.144661
0.111527
0.080703
0.144203
0.402034
0.191437
0.071690
0.194599
0.137494
0.107946
0.212397
0.303319
0.098992
0.193565
0.157273
0.104816
0.213320
0.268298
0.083321
0.220150
0.237825
0.255911
0.166900
0.147557
0.183658
0.120933
0.137409
0.118419
0.101989
