2.288646
2.291987
2.273951
2.304106
2.308271
2.305900
2.294416
2.293218
2.291783
2.291736
2.282308
2.294458
2.291313
2.293578
2.289118
2.285784
2.287587
2.289606
2.288326
2.289673
2.280702
2.283187
2.268766
2.280539
2.290223
2.273689
2.270199
2.267400
2.283937
2.260712
2.289254
2.291509
2.297354
2.287206
2.297326
2.264194
2.258917
2.280989
2.262144
2.268906
2.254793
2.260621
2.266047
2.264713
2.262986
2.280512
2.250278
2.278929
2.254628
2.268960
2.253491
2.282259
2.247183
2.273712
2.235049
2.264975
2.260981
2.278636
2.239758
2.248258
2.250052
2.268413
2.243166
2.283682
2.251909
2.237330
2.249149
2.245267
2.239162
2.261402
2.269054
2.242796
2.214205
2.274929
2.282999
2.230628
2.239996
2.253064
2.233185
2.238299
2.237624
2.190526
2.212483
2.241801
2.219434
2.265706
2.258031
2.225272
2.231370
2.237788
2.213484
2.243303
2.203465
2.215739
2.250364
2.204651
2.250095
2.200755
2.177257
2.163344
2.219277
2.273359
2.257737
2.252325
2.254763
2.220047
2.195879
2.211491
2.210042
2.224440
2.235018
2.171513
2.231558
2.187063
2.134872
2.214775
2.210856
2.255826
2.183571
2.160195
2.284063
2.192120
2.255009
2.217919
2.164111
2.220912
2.232834
2.133820
2.123605
2.212791
2.230230
2.200667
2.232110
2.146091
2.094286
2.109846
2.192845
2.137042
2.174957
2.157938
2.140582
2.188115
2.055280
2.188262
2.128775
2.180000
2.122896
2.112871
2.154275
2.191038
2.030034
2.154979
2.126278
2.142165
2.136604
2.101285
2.102730
2.158588
2.251118
2.131783
2.095897
2.285261
2.213356
2.290594
2.002959
2.104912
2.079740
2.090746
2.125526
2.057380
2.060129
2.079773
2.072110
2.114131
2.195351
2.110020
2.053129
1.994126
2.119231
2.050384
2.123067
2.102577
2.029384
2.129463
2.225917
2.044302
2.114312
2.172915
2.138769
2.174605
2.047781
1.995165
2.143902
2.120562
2.087991
2.107382
1.904225
1.952306
2.161007
2.089705
2.076240
2.040440
2.180236
2.107351
2.023063
1.954926
2.019385
2.188474
1.927819
1.999408
2.110086
2.082252
2.174680
2.146430
2.063373
1.942958
2.047628
2.149807
2.238480
2.043883
2.172632
2.144113
2.150738
2.087791
1.896605
2.098662
2.112822
1.998295
2.097789
2.082072
2.136690
1.980733
2.232543
1.949156
1.968958
2.025662
2.122528
2.021365
2.127673
2.219988
2.191662
2.029932
2.214132
2.228863
2.158366
2.062125
1.960244
2.081105
2.045582
2.169944
2.235202
2.047257
1.955699
2.063666
1.971519
2.058408
1.997313
2.063314
2.034250
1.959201
2.019724
2.176797
2.000508
2.175879
2.229755
2.061288
2.188107
2.038539
2.161410
2.371549
1.996533
2.029087
2.035547
2.061408
2.240986
1.955860
2.131796
2.111670
2.033643
1.917151
1.906602
2.184858
2.333826
2.021063
2.399085
2.150950
2.326773
2.170473
1.992425
2.344729
2.252492
2.163558
2.012943
2.505864
1.923846
2.374146
2.152432
2.152518
2.079299
2.150717
2.112050
1.960586
2.135241
2.181250
2.038295
2.146188
2.107324
2.032906
2.078478
1.963795
2.141478
2.046791
2.457939
2.188210
2.101074
2.100711
1.969439
2.350979
2.143414
2.208448
2.034390
2.149112
1.899102
2.136703
2.307414
1.944197
1.836648
1.872808
1.815561
2.045707
2.170138
2.266379
1.948707
2.223931
2.216911
2.082437
2.198656
1.964170
2.018668
1.860455
1.997151
1.946820
2.093465
2.183973
1.981835
2.204098
2.644515
1.826944
1.840950
2.096170
1.852909
2.199026
2.098087
2.722848
2.444657
1.955249
2.120652
2.036571
2.288166
2.164255
1.959821
1.983939
1.917482
2.189246
2.175363
2.241082
2.052963
2.103144
1.935989
2.167357
1.996351
2.034883
2.036147
2.043814
2.041193
2.106979
2.117532
2.115928
2.232487
2.088686
2.155124
2.104766
2.020343
2.112412
1.787823
2.055376
2.046730
1.942103
2.079512
1.762007
1.915664
2.272382
2.011798
2.367946
2.428901
2.249902
2.118839
1.908572
1.928297
2.072864
1.973116
2.258331
2.066321
1.862167
2.081016
1.868753
2.120158
2.066725
2.240658
2.044147
2.047349
2.097410
1.941846
2.021817
2.240936
2.038575
1.933120
1.942802
2.099860
2.082230
1.927244
2.120062
2.191207
2.083031
1.974178
1.957430
1.841388
2.101241
2.100601
1.980457
1.851293
2.189056
2.003920
2.363374
1.986128
2.091437
1.972481
2.375175
2.031951
2.370387
1.805820
2.329294
2.040397
2.800144
2.185991
2.008880
2.029867
2.209726
2.029091
1.981397
2.056572
2.122239
1.964957
2.079309
1.910337
1.980804
2.133248
1.996347
2.461119
2.040025
1.881932
1.915430
2.227903
2.340765
1.998518
1.977936
2.183970
2.199956
2.086011
1.978708
1.877079
2.006008
2.007705
2.335977
2.003814
1.897466
2.030954
2.249528
1.990882
2.243055
2.271246
2.191291
2.115200
2.272528
2.161458
1.929608
2.161319
2.238975
2.151182
2.052433
2.084605
1.961499
2.113117
2.047699
2.147139
2.142488
2.008693
1.969280
2.354167
2.060380
2.204630
2.159726
1.880002
2.136577
1.897965
1.923286
2.033978
2.060853
2.041140
2.369855
2.142319
2.007166
2.245635
2.233568
2.375844
2.037877
2.039214
2.354768
2.101510
2.149323
1.949563
1.890050
2.117464
2.185990
2.016889
1.879005
2.086045
2.172908
1.990605
2.041532
2.183645
2.115566
1.895255
1.857337
2.120660
1.935744
2.132366
2.054497
1.983274
1.913305
2.074204
2.259654
2.058618
2.186659
1.910166
2.066951
2.092193
1.935034
2.515099
1.854023
2.213136
2.027963
2.006464
2.044463
1.845446
2.051501
2.012406
2.101510
2.044303
2.137024
2.237978
2.140557
2.135465
2.022663
2.032475
1.932772
2.116053
2.117261
2.246469
1.913424
2.166370
2.165484
2.009297
2.055279
2.219394
1.961493
1.842294
1.924404
2.242201
2.136362
1.825567
2.352896
1.959053
2.115365
2.084739
2.067898
1.822589
2.343869
2.039129
2.208652
2.090339
2.246887
2.124586
2.128432
1.949797
1.945480
2.045235
1.968900
1.878661
2.252935
2.118245
2.021046
2.094547
2.265623
2.199239
2.030807
1.890572
2.140201
2.205534
2.239588
1.906399
1.932214
2.192749
2.149250
2.222891
1.881190
2.420034
2.189535
2.140061
1.950850
1.979602
1.892202
2.084806
2.014071
1.834765
1.817301
2.004125
1.935394
2.102640
2.076915
1.965205
1.988348
1.984347
2.293063
2.090360
2.023423
2.102067
2.322278
2.058794
1.823638
2.058287
2.280825
2.356308
2.044310
1.972405
2.304291
1.912488
1.840654
2.001675
2.041935
2.088847
2.032400
2.236356
2.273072
2.221622
2.091105
1.957136
2.062751
2.065653
2.116960
1.919490
2.260924
2.118928
2.084929
2.038906
2.148369
2.105562
1.988323
2.022440
2.097088
1.773062
2.073161
1.931069
2.334710
1.941954
2.053958
1.977279
2.180467
2.243207
2.224962
1.935517
1.941685
1.821831
2.284616
1.681477
2.004672
1.937864
2.343092
2.035557
1.862904
2.259500
2.131143
1.948058
2.056154
2.095716
2.205933
1.853110
2.176800
2.252871
1.927237
2.136703
2.118051
2.020368
2.123090
2.124156
2.229183
2.061273
2.178151
2.034963
2.045118
1.985580
1.878883
1.927984
1.977283
2.095961
1.984390
2.141348
1.991957
1.792720
1.832282
2.188715
1.893595
2.001105
2.045442
1.996202
1.918656
2.311419
1.912677
1.891035
2.105332
1.882570
2.203836
1.783416
1.861773
2.039353
2.044943
2.211688
2.499463
2.067014
2.011202
1.667567
2.093953
2.042071
2.059514
1.845039
1.980158
2.336001
2.134507
1.988463
1.831555
2.175316
1.907676
2.276655
2.013160
2.118842
2.070530
1.835479
1.864400
2.183392
1.999737
2.068017
2.352329
2.158570
2.194938
2.042958
2.195207
2.226021
1.822711
2.077444
2.094198
2.147721
2.339158
1.805504
1.849638
2.013322
2.060270
2.360464
2.080550
2.062418
1.926119
2.070263
2.170540
2.434755
2.074274
1.803032
1.996927
1.915052
2.120673
2.083369
1.919443
2.219895
2.081362
2.319856
1.977413
1.845450
2.021757
2.213408
1.997412
2.197944
1.854558
2.280200
1.799621
2.155797
1.984459
1.651020
2.026595
2.164926
2.170301
1.870317
1.974774
1.954390
1.930341
1.878237
2.354262
2.388283
2.021469
2.068807
1.782731
2.028129
1.956164
1.893512
1.846334
1.894671
2.008483
1.878446
1.837254
2.147098
2.000187
1.832958
2.343347
2.254343
2.127827
2.047228
2.033339
1.950351
2.073549
2.131867
1.963703
1.948338
1.895745
2.218092
2.037106
2.113062
2.001155
1.962267
2.073524
2.134823
2.149551
2.244538
1.998733
1.852310
2.008340
2.115442
1.901265
1.854671
2.049333
2.011863
2.508409
2.118426
2.069365
2.019054
2.031646
2.038834
1.956111
1.976667
2.089463
2.302642
1.886348
1.849481
1.974190
1.888571
1.968722
2.187346
2.006921
1.938398
1.874013
1.912528
2.380822
2.202278
2.054588
2.170722
2.328107
1.954802
1.887831
2.414761
2.137372
2.105672
1.951628
1.987098
2.217957
1.857293
1.950404
1.876936
2.175967
1.853659
1.785106
1.929004
1.896880
1.979602
1.795830
1.971073
2.038750
2.103788
2.044696
2.063093
2.363580
1.917825
2.291731
1.937090
1.938969
2.106462
1.988091
2.132189
1.963227
1.783455
2.076819
2.092795
1.639228
2.069978
2.215799
2.083745
2.203361
1.817953
1.981681
1.873986
2.023217
1.785866
2.027627
2.003914
1.764982
1.876636
2.069024
1.843507
1.895710
1.872574
2.018477
2.302083
1.794527
1.953571
2.231940
1.731806
2.000882
2.218914
1.763793
1.924563
2.080560
2.045268
2.103661
2.009186
1.947282
2.123386
2.252722
1.884448
1.876880
2.117313
1.964941
2.398751
2.020184
2.011767
1.890565
1.918840
1.889974
2.249702
2.066666
1.954354
2.212287
1.706849
2.230103
1.871946
1.963840
2.063972
1.961018
1.883499
2.075706
2.078696
2.187410
1.932055
2.141462
2.289676
1.840761
1.691433
2.245330
1.927018
1.903529
1.975737
1.939560
2.037837
1.875328
1.910214
2.169265
1.912956
2.002071
1.794853
1.897973
1.968467
2.077624
1.926674
2.133772
2.038836
1.948017
1.807160
2.113502
1.879971
2.044045
1.935965
2.164446
2.217276
2.020835
2.071673
2.389143
1.741065
2.246034
1.989807
1.913285
2.305246
2.003659
1.895813
2.173870
1.981919
2.170920
1.992798
2.126779
1.913833
2.155745
2.029439
2.016478
2.107453
2.168484
1.974573
2.264521
1.929074
2.370972
1.988737
1.605670
1.781968
2.231768
2.210094
1.706392
2.111175
1.755051
1.947656
2.062777
1.905326
2.069809
1.968660
1.914822
2.070806
1.890393
1.962010
1.886998
1.885009
2.496658
2.186201
1.930251
1.796378
1.798592
1.931437
1.999197
2.228564
1.756096
2.155809
1.829448
2.079537
2.010252
1.936490
2.050936
2.248687
1.971747
1.952582
1.714877
1.889656
1.970596
2.034413
2.181649
2.057213
1.942495
1.867372
1.981565
1.946678
1.896388
1.903604
1.935866
1.938000
1.753038
2.014210
2.105934
2.159932
2.245112
1.768128
1.732138
2.070706
2.064644
1.981988
1.985966
2.038876
2.276216
2.097146
1.989228
2.308006
2.131005
1.959777
2.052133
1.840621
1.864183
2.166102
2.107512
1.957487
2.203458
2.416022
1.934731
1.697987
2.109400
2.364216
1.757108
2.017776
1.968184
1.729184
1.943439
2.090609
2.100102
1.709551
1.792163
2.053533
1.977173
2.054507
1.835318
2.388935
2.353431
2.019867
1.988436
1.806834
1.919933
2.064235
2.070703
1.815532
2.051363
1.854706
2.513169
1.897192
1.852814
2.062782
2.005243
1.960321
1.921325
1.836281
2.223596
2.093508
2.070238
2.011082
2.139120
1.806209
2.184654
2.354396
2.060593
1.862163
1.589547
1.947034
2.166277
1.865902
2.015996
1.673935
2.064893
1.949421
2.280928
1.934915
1.988619
1.946534
1.874287
1.922929
1.971088
1.932985
2.341402
2.308843
1.987376
1.923956
2.041354
1.762470
1.997712
1.816032
1.909346
1.813328
2.003916
2.025571
2.328232
1.967406
2.010208
1.879140
1.934745
1.939697
1.947062
1.784479
1.775970
1.974426
2.107254
2.014871
1.952638
2.204559
2.210100
1.872466
1.995797
1.900343
2.287755
1.744019
1.929590
1.659799
1.871353
1.926077
1.863477
2.145111
2.132605
2.201033
2.296169
2.206939
1.955006
1.868091
1.872434
1.886669
1.663013
1.980305
1.836730
1.930199
2.092052
1.900948
2.077302
2.070451
1.925346
1.815408
1.806650
2.016491
1.663268
2.105002
2.031225
2.756104
2.124677
2.042155
1.983655
1.898060
1.817040
1.837804
2.012234
2.060960
1.911695
2.018707
1.661128
1.985428
1.831509
1.945578
2.002923
2.003690
1.692127
1.852616
1.886748
1.760003
1.742961
1.930333
2.016150
1.871626
2.155733
2.089048
1.885229
2.035415
1.924001
2.078445
2.147784
1.625812
2.160058
1.912358
1.802413
1.968804
2.193537
1.996980
2.009782
1.907877
1.842817
2.042742
2.002974
2.040496
1.744433
1.889765
1.946820
1.704624
1.915263
1.901577
1.814826
1.747072
1.890028
2.026175
1.943535
1.859553
1.919749
1.690848
2.008302
2.009415
2.058089
1.962342
2.039479
1.945831
1.800501
1.819277
1.979911
1.736943
2.102421
1.723731
2.126840
1.862990
1.948312
2.158824
1.736690
2.109738
2.062712
1.990382
1.848010
1.977612
1.944951
1.816287
1.941938
1.818769
1.962857
1.862722
1.871881
1.802550
1.929458
1.982779
1.770838
1.944763
2.073593
2.081886
2.137649
1.879399
2.179397
2.088616
1.871173
2.132712
2.042994
1.862331
1.837424
2.215337
2.118430
2.265562
1.928092
2.082539
1.889728
2.042161
1.934345
2.042913
1.962855
1.830366
2.017528
2.065869
1.987022
2.058983
2.008518
1.959684
2.099477
2.004796
1.948621
1.883175
1.887287
2.069566
1.773490
2.148524
1.780944
2.125518
2.075004
1.803140
2.133615
1.769442
1.920086
2.047729
1.878687
1.710251
1.914292
2.160729
1.762961
2.099404
2.038972
2.051431
1.624904
2.049072
1.697226
2.046568
1.759152
1.906948
2.121757
1.935468
1.943012
1.823040
1.887868
1.854022
1.868731
1.946012
1.967220
1.895844
1.812396
2.240835
1.846516
1.852477
2.156356
1.877857
1.845140
1.703578
1.899668
2.030566
1.915302
1.664600
1.808776
1.853056
1.930832
2.043026
2.246261
2.152309
2.191940
1.802269
2.135064
1.892084
2.011838
1.999818
1.848874
2.227363
2.274527
2.085832
1.966185
1.759028
1.998525
1.881833
2.002915
2.203815
1.991803
1.945990
2.106112
1.901173
1.907375
1.804808
2.009912
1.739079
2.102707
2.219898
2.051479
1.628310
2.108936
1.812186
1.815265
1.903047
2.174222
2.036629
2.102629
2.079905
1.985570
1.888969
1.738761
2.052516
1.857741
1.940942
1.692972
1.837739
2.020356
1.765562
1.843035
2.024050
1.803605
1.774186
1.807814
2.231368
1.900733
1.785203
1.773661
1.876512
2.076761
1.886005
1.824161
1.938682
2.061818
1.950325
1.918936
1.802644
1.963459
1.860151
2.050803
1.864575
2.175154
1.761203
1.877729
2.168215
2.164444
1.932589
2.007615
2.184512
1.822405
1.739903
1.901835
1.849962
1.960289
1.783312
1.917510
1.944299
1.890316
1.822590
2.335193
2.179750
2.063168
1.873825
1.813807
1.950360
1.877898
1.741815
1.894831
2.153502
1.604528
2.037747
1.921542
2.129234
1.871475
1.891539
1.858555
1.912707
2.138817
1.934061
1.853639
2.122398
2.070889
1.834492
2.011093
2.038155
1.755810
2.343854
2.335495
1.949028
1.953592
1.822804
1.923817
1.783348
1.991657
2.078355
1.900041
1.868030
1.868138
1.608808
1.921050
1.630790
1.722267
2.101717
1.666740
2.104386
2.116715
1.804414
1.854589
1.883229
2.214170
1.738860
1.880291
1.878905
2.094406
1.810829
1.983673
1.911918
2.196099
2.102052
1.791631
2.052181
1.784869
2.033921
1.989587
1.770025
2.094073
1.895570
1.728106
2.115142
2.138730
1.789658
1.955901
2.052360
1.938554
1.990750
1.808343
2.133583
1.665521
1.930995
2.320951
1.927475
1.951909
1.760030
1.890694
1.825222
1.937326
1.990991
2.045634
2.034316
1.975293
2.135641
1.818262
1.912384
2.098691
1.905556
2.007718
1.988400
1.724671
1.937951
1.921715
1.817221
1.887013
1.874425
1.685830
1.949834
1.848219
1.856979
1.965255
1.901625
1.875480
1.720850
2.141115
2.045086
1.920881
2.003788
1.860212
1.868138
2.006966
1.758485
2.358774
1.699367
1.756041
1.989675
2.454269
1.777542
1.853642
2.031556
1.920280
2.169395
1.933598
1.865871
2.102819
1.639638
2.152491
1.889431
2.000002
2.045849
2.003936
1.998822
1.898984
1.726585
1.727487
1.620717
1.809089
1.889634
1.980652
1.922810
1.610484
2.287760
1.669455
1.880607
1.874988
1.865460
1.994547
2.167332
1.916965
2.011817
2.023863
2.043813
2.013361
2.002605
1.655532
1.861380
1.995386
1.758336
1.951632
1.977958
1.859773
1.658424
1.929656
1.864269
2.148536
1.800796
2.348195
1.888884
1.730300
1.949756
1.809459
1.562633
1.559702
1.772828
1.986066
1.791096
1.746394
2.182336
1.622964
1.764654
1.948651
1.872563
1.827232
1.822332
1.897056
1.860945
1.658509
2.266863
1.865381
1.895346
1.841831
1.830313
1.973911
2.129215
2.051427
2.007913
1.813168
1.829532
1.926912
1.692091
1.987859
2.184402
2.082754
1.896715
1.975942
1.698467
1.641735
2.059540
2.031313
1.915568
1.932631
1.818465
2.055521
1.922226
1.890689
1.831801
1.800503
1.921066
2.162767
2.014798
2.007434
1.868226
1.792005
1.802724
1.790193
1.737571
1.986700
1.775755
2.215870
1.897127
2.061150
2.114436
1.889455
1.815223
2.021588
1.818673
2.058253
1.837181
2.462647
2.140817
1.999592
1.688818
1.898904
1.815987
1.907752
1.978315
1.831401
2.310656
1.840784
2.025134
1.794507
1.660239
2.025275
1.782265
1.694438
2.148527
1.850210
1.928108
1.816053
1.909871
1.998775
1.933126
2.217517
2.040210
2.081603
1.515916
1.952795
1.809403
1.724350
1.830114
2.046434
1.800125
1.927218
1.784970
2.133914
1.767529
2.014601
1.754064
1.928672
1.878453
1.836527
1.862768
1.816355
1.752535
2.048005
1.943197
2.176598
1.824309
2.028159
1.877971
1.652494
1.820418
1.633552
1.926601
1.986822
2.049649
1.830765
2.204599
1.916454
1.850580
1.891383
1.683719
2.168263
1.739349
2.012046
1.947564
1.803190
1.656619
1.930192
2.127143
1.529389
1.812655
2.087598
1.703326
1.716711
2.169540
1.691800
1.955561
1.812335
2.045881
1.749501
2.057078
1.720514
1.783197
1.815975
1.860002
1.710792
1.785343
1.988868
1.945552
2.060381
1.959910
1.831403
1.856266
1.758440
1.862591
1.719659
2.177956
2.131320
1.738342
1.891361
2.224271
2.149453
1.672591
1.811156
1.725395
1.894062
1.952728
1.965101
2.083337
1.843396
1.944061
2.339998
1.891196
1.869186
1.838620
1.800709
1.957442
2.093235
1.729501
1.875831
1.962574
2.072857
1.825186
1.956681
1.917043
1.910952
1.865338
2.131289
1.849753
1.923024
1.903941
1.956321
1.748879
1.635751
1.770033
2.155020
1.773482
1.814152
1.936700
1.977670
2.004026
1.854478
1.745683
1.908472
1.998724
1.800552
1.820355
1.897196
1.829543
1.677329
1.962479
2.145609
1.684905
1.782738
1.863551
1.880631
1.887042
2.224483
1.738908
1.896806
1.914997
1.928496
1.805186
1.835921
1.851843
1.811890
1.887422
1.902598
1.727677
2.047993
2.319466
1.753967
1.787129
2.009271
2.089805
1.888634
1.810142
1.697894
1.911523
1.794067
1.799988
1.900212
1.995528
1.671625
1.850996
1.843140
1.621224
1.752870
1.996276
1.830979
1.867199
2.143657
1.922598
1.733354
1.975649
1.906850
1.948835
2.129641
1.797085
1.758594
1.737718
1.733333
2.127699
1.945838
1.787926
2.169090
1.685380
1.861000
1.845219
1.921194
1.830770
1.672149
1.752613
2.251736
2.259838
1.885854
1.794350
1.811604
2.215906
1.849477
1.793713
1.736537
1.914134
1.874261
1.958403
1.970260
1.871510
1.873950
1.830053
1.791779
2.310613
1.988043
1.728346
1.890020
1.884255
1.656774
1.798079
1.882923
1.971659
1.788785
1.901158
1.916074
1.635324
1.777178
1.902251
2.104181
2.006228
1.911952
1.976502
1.945947
1.960476
1.947089
2.322766
1.952111
1.819261
1.573805
2.101192
2.028988
2.116967
1.881303
1.798957
1.754522
1.751165
1.658174
1.919036
1.956615
1.800821
1.932555
2.078126
1.716363
1.896982
1.921632
1.829982
2.334137
1.892147
1.530608
1.840047
1.858600
1.802438
1.827926
1.974804
2.040475
1.574985
1.917593
1.865029
1.945524
1.783932
1.887054
1.924060
2.046959
1.781542
1.775811
1.914565
1.677075
1.734079
2.009178
1.765872
1.997339
1.778512
2.061171
1.542926
2.170754
1.853928
1.730905
1.885531
2.093930
1.829264
1.655939
1.678809
2.081790
1.811707
1.725879
1.787927
1.914089
1.745230
1.933134
1.638217
1.645395
2.022515
1.755162
1.838200
1.849925
2.150199
1.835851
1.550052
1.736486
1.783699
1.793962
1.891769
1.736037
1.926195
1.945121
1.717443
1.824629
1.641711
2.101985
1.938772
1.835011
1.940522
1.853528
1.783916
1.991381
1.620297
1.705561
1.861335
1.959073
1.914507
1.705144
1.822650
1.920071
1.869460
1.922242
2.112540
1.537753
1.686421
2.184354
1.702900
1.757728
2.222255
1.924654
2.153743
2.288313
1.790875
1.823913
1.673462
1.902060
1.727610
1.909530
2.216579
1.786571
2.103986
1.914481
1.950388
2.120023
1.766853
1.995275
2.123617
1.736243
2.092256
1.675733
1.693350
2.053484
1.933332
1.837830
1.856455
1.749778
2.066886
1.602626
2.148753
1.929418
1.704289
1.945529
1.959246
1.904638
2.016521
1.872043
1.685068
1.779499
1.680737
1.933724
2.036072
1.734277
1.862882
1.964724
1.727318
1.883753
1.532985
1.981207
1.858119
1.911669
2.076996
1.950493
1.990606
1.848983
1.701980
1.622340
2.082697
2.084613
1.513828
2.136223
1.919877
1.992023
1.595323
1.947463
1.780631
1.832309
1.404818
1.854554
1.914497
1.818035
1.758426
1.828172
1.797179
1.861918
1.885028
1.705220
1.838604
1.530000
1.856052
1.983854
1.677961
1.686177
1.959799
1.882214
2.001793
2.046423
1.978323
1.913033
1.623167
1.891945
1.670818
2.228073
1.915758
1.853383
1.862097
1.643268
1.925437
2.086285
1.584683
1.878757
1.923826
2.261888
1.819515
1.848787
1.930562
1.537157
1.591193
2.035381
2.157315
2.000303
2.308424
1.950051
1.661732
2.261664
1.724695
1.899543
2.119552
1.787404
1.619945
1.795640
1.977869
2.001505
1.967847
2.149636
1.744883
1.777928
1.814766
1.848716
1.860804
2.521358
1.681818
1.547180
2.004081
2.028659
1.481339
1.775703
2.019513
1.971101
2.153890
1.947086
1.916968
1.835879
1.849783
1.779167
2.213406
1.682106
1.725337
1.914363
1.746666
1.851799
1.716374
1.597604
1.876333
1.892885
1.800675
2.164603
1.740795
1.991781
1.711344
1.729233
1.972594
1.883667
1.904899
1.870260
2.245650
2.067229
1.743755
2.014148
1.952361
2.009412
1.789747
1.954772
1.782558
1.717633
1.731803
1.539862
2.201731
1.961844
1.928933
1.911946
2.030519
1.842220
1.668841
1.798068
1.724441
1.644214
1.807369
1.609733
1.787085
1.871159
1.859240
1.843851
1.983732
1.789394
2.078585
2.059128
1.597701
1.827649
1.926512
1.650786
1.910966
1.943982
1.919951
1.751180
1.814379
1.631931
1.774927
2.314982
2.072231
1.863314
1.836457
1.870380
2.069960
1.843216
1.728654
1.541361
2.036454
1.540524
1.946606
1.857071
2.185732
2.299067
1.935629
1.858966
1.953957
2.055451
1.735553
1.783211
1.791860
1.800177
1.797826
1.987052
1.926152
1.613803
1.669590
1.686821
1.839343
1.832045
1.889890
2.021599
2.153403
1.703836
1.881022
2.383358
1.976359
1.872041
1.842156
1.746415
1.775887
1.648794
1.762650
1.955740
1.939659
1.794363
1.947334
1.684520
1.844269
1.940302
1.749776
1.745844
2.122206
1.664454
1.925296
2.035958
1.961348
1.904813
1.747388
2.114882
1.694387
1.620756
1.854559
1.622251
1.862658
1.658496
1.844617
1.738388
1.667945
1.825016
2.298647
1.971634
1.809254
1.631899
2.017815
1.981994
2.205434
2.066873
1.594400
2.002286
2.077599
1.722869
2.016898
1.797873
2.083582
1.782896
1.971498
1.724973
1.995335
2.086365
1.896754
1.996298
2.094046
2.199241
1.745386
2.112206
2.091957
2.096433
2.162005
1.701725
1.942653
1.864047
1.643933
1.461699
1.886821
1.744955
2.001691
1.938343
1.786232
2.017699
1.941368
1.939220
1.710190
1.708991
2.062904
2.053298
2.084794
2.105299
1.790313
2.196900
1.802401
1.782372
1.724248
2.169807
1.551977
1.862938
1.608130
2.040363
2.168328
1.947853
1.722243
1.899106
1.750805
1.917982
2.079949
1.650015
1.890496
1.865731
1.850597
1.949864
1.778949
1.928281
2.296316
1.970384
1.776953
1.894537
1.907794
1.969107
2.057082
2.102051
1.862039
1.643625
1.778158
2.096698
2.027394
1.921807
1.692499
2.257137
2.108654
1.746395
1.846281
2.069350
1.974670
1.745832
1.740010
1.501894
1.871977
1.688016
2.049124
2.139619
2.075912
2.038579
1.492136
2.100000
1.810399
1.891989
1.696135
1.596720
1.737956
2.198702
1.811220
1.863929
1.792295
2.071769
2.105564
1.781250
1.760103
1.926498
2.070311
1.792278
2.296395
1.991642
1.830969
1.897655
1.736324
2.074544
1.994823
1.908732
1.643896
1.644373
2.175618
1.881742
1.837781
1.857426
1.892265
2.185685
1.569600
1.774126
1.679142
1.846634
1.969817
2.112004
2.281734
1.682494
2.115048
1.871859
1.820616
2.010050
1.841589
1.983947
2.015842
1.738515
1.802297
1.543098
1.857853
1.847348
2.081788
1.971374
1.890507
1.685170
1.987020
1.562778
1.589489
2.055716
2.047706
1.842780
1.940706
1.736146
1.631524
2.283772
1.738523
2.002114
1.597060
1.832354
1.913660
1.548472
1.933609
1.938233
1.913365
1.552842
1.925064
1.958712
1.967777
1.727783
1.665992
1.883242
1.754088
1.760841
1.853449
1.743278
1.912878
1.875186
1.961289
1.956508
2.015839
1.809552
2.150700
1.915460
1.808298
1.623530
1.954137
1.982356
2.045936
1.617845
1.858647
1.736004
1.941327
1.675249
2.049778
1.738746
1.938305
1.957665
1.805531
1.550573
1.891522
1.815460
1.651863
1.978705
1.759370
1.656480
1.948925
1.859807
2.387530
1.996350
1.717435
1.695754
1.766487
1.793921
1.969313
1.812158
1.887010
1.877020
1.916603
1.559691
1.922033
1.807015
1.963577
1.669148
2.015580
1.805811
2.141958
1.803074
1.780873
1.977930
2.019999
1.779236
1.778085
2.271532
2.091119
1.717880
2.150279
1.934612
2.029439
1.692934
1.693771
1.905679
1.831349
2.212861
1.699316
2.076069
1.901718
1.950656
1.784275
2.070738
1.868954
1.946945
1.863162
1.849729
1.697296
1.823613
2.121349
1.382079
2.137692
1.940412
1.838427
1.954280
1.724134
2.131199
2.097992
1.701907
1.884015
1.627698
1.819889
1.803629
2.080222
1.977616
1.859457
1.803455
2.455358
1.898165
1.852841
1.878442
2.209391
2.070731
1.896559
1.641366
1.607083
1.712379
1.903353
1.688675
1.765806
1.662266
1.885087
1.561687
2.173815
1.920896
1.942435
2.049906
1.752488
1.684292
1.933985
1.905189
1.803990
1.779452
1.980241
1.788607
1.933790
1.914881
1.658211
1.880004
2.059416
1.657164
1.789782
1.560971
2.055524
2.012022
2.073219
2.210718
1.813397
1.719337
1.896634
1.946782
1.756695
1.823603
1.784512
1.717322
1.682997
2.055169
1.780755
1.399477
1.971036
1.998687
2.211873
1.882492
1.703349
2.523490
2.049005
1.926713
1.672304
2.013876
1.475969
2.118333
1.757401
1.966166
1.815177
1.812014
1.749736
2.093473
1.633566
1.823826
1.844607
1.623278
1.850396
1.959789
1.982654
1.894326
1.683914
2.080077
1.868007
1.887552
1.647616
2.080144
2.029705
1.696049
1.633995
2.194706
1.912788
1.940471
1.911219
1.687968
1.989276
2.022387
1.650052
1.939456
1.795524
1.591305
1.995072
1.552307
1.889362
2.060005
2.017309
1.724404
1.752166
1.727049
1.628259
2.081792
1.792865
1.824119
1.896421
1.894275
1.727069
2.228539
1.946757
2.072158
1.604365
1.823818
1.722479
1.947044
1.927338
1.844578
1.691275
2.097842
1.702458
1.447800
1.744468
1.959687
2.045480
1.828126
2.195763
1.497438
2.332066
1.712183
1.756227
1.862350
2.071007
1.928355
1.677135
2.075809
2.016622
2.110232
2.071735
1.775255
1.923857
2.209882
1.644869
1.837869
1.646554
1.929131
2.092568
1.501801
1.954969
1.890481
1.830110
2.401053
1.679322
1.748009
1.710210
1.714968
1.948705
1.799942
1.676476
1.924758
2.097386
1.767673
2.206461
1.806807
1.502899
1.712541
2.054793
1.980837
2.052636
1.954589
1.651272
2.096642
1.724444
1.883413
1.651645
1.838896
2.036078
1.957422
1.829791
1.904054
1.896565
1.778815
1.786674
1.732335
1.606071
2.079734
2.057572
1.977696
1.658374
1.686203
1.824232
1.876255
1.358902
1.662296
2.109673
1.809243
1.994821
1.730350
1.795252
1.971454
1.893211
1.761617
1.899391
1.866437
1.967191
1.765181
1.781119
1.732787
1.778222
1.763702
2.021529
1.856678
1.762710
1.855877
1.673061
2.098403
2.241237
1.961473
2.269907
1.783089
1.797074
1.788582
1.932156
2.032053
1.610587
1.575977
2.014595
1.597313
1.904781
1.735288
1.990183
1.791220
1.551641
2.170607
1.649299
1.798782
1.736338
1.731808
1.583081
1.810894
1.632496
1.874108
1.725966
1.993496
1.941468
2.163149
1.983595
1.742809
2.149469
1.691890
1.905414
1.798404
1.877679
1.488316
2.314201
2.160882
1.855832
2.090084
1.496539
1.742102
1.949145
1.769876
1.685416
2.062201
1.662871
1.639569
1.826240
2.058118
2.008118
1.607614
1.786288
1.985593
1.789575
2.054810
1.694406
1.932823
1.649363
2.240339
1.843812
2.041151
1.911371
1.858927
2.001698
2.046375
2.050448
1.790530
1.998875
2.004201
1.865647
2.059613
1.516576
1.737692
1.547892
2.330935
2.103706
1.825928
1.953428
1.813934
1.799973
1.688663
1.970461
2.077777
2.211725
1.835682
1.759056
2.053566
1.913384
1.841234
1.638589
1.950745
2.057217
1.794227
1.770156
1.833503
2.116659
1.851168
1.666016
1.703002
1.718449
1.629535
1.561393
1.871922
1.747404
1.724694
1.805322
1.975617
1.855340
1.749067
1.508279
1.794928
1.844238
2.200536
1.960369
1.662985
1.974283
1.873468
1.858740
1.708259
1.795410
1.969741
2.018476
1.937458
1.620200
1.896364
1.791432
1.762636
1.674319
1.872997
1.944948
1.750145
1.544798
2.095998
2.378212
1.950708
1.928111
1.632502
2.177271
1.947775
2.514861
2.096689
1.757034
1.736583
1.808575
1.537509
2.027608
2.091784
1.962933
1.929125
2.037887
1.904413
2.013586
2.024341
2.345158
1.835819
1.693689
1.684170
1.633527
1.653494
1.958518
1.840070
1.622948
1.801532
2.042100
1.513366
1.918263
2.022591
2.582143
1.839567
2.034865
1.851317
1.809614
1.877666
1.660245
1.976787
1.720676
1.707745
2.058411
1.775625
1.850572
1.957065
2.102266
1.751498
1.825147
1.892858
1.766052
2.007294
1.850049
1.705462
2.039299
1.745644
2.118464
1.765907
1.846293
1.667702
1.871294
2.069879
1.715919
1.912686
1.828119
2.089878
1.835248
2.103634
1.937060
2.066158
1.999684
1.806544
1.901172
1.811969
2.263790
1.823372
1.704772
1.674620
2.023424
1.585898
2.113387
2.078324
2.167332
1.693035
1.906271
2.019823
1.747966
1.568409
1.816433
1.788615
1.889770
1.665156
1.540283
1.985708
1.816543
2.021222
1.668153
2.022674
2.285891
2.154698
1.705731
1.735978
1.955291
1.749604
1.808721
1.581526
1.626067
1.877501
1.971218
1.953170
1.738619
2.015528
1.751595
1.561635
1.986201
1.813713
1.678017
1.895089
1.773546
1.932790
1.909762
1.815558
2.266980
2.370638
1.884701
1.565861
1.735425
1.910758
1.832965
1.917886
1.975131
1.705698
2.095005
1.971794
1.966108
1.667121
1.918872
2.364733
1.770568
1.567314
1.645119
2.102596
1.687283
1.745416
1.785869
1.755635
2.068124
2.056472
1.668061
1.893754
1.703137
1.616114
2.227827
1.888340
1.842088
1.740273
1.760889
1.607339
1.970025
1.932676
1.800408
1.898211
1.893569
1.700359
2.143912
1.913321
1.990713
1.861827
2.067135
2.135870
2.007075
1.539741
1.723572
2.072910
1.914273
2.123455
1.852717
2.069834
1.787627
1.701174
1.953515
1.823447
1.951596
1.788552
1.801647
2.349819
2.073411
2.023601
1.895785
2.192265
1.551375
1.702096
1.839181
1.620455
1.844062
2.179456
1.917059
1.699370
1.641194
1.682231
1.782207
1.510046
2.079616
1.539850
1.998933
1.811346
1.798664
1.526949
1.934922
2.007356
1.645495
1.930469
1.699147
1.765204
2.158726
1.536094
1.779673
1.797349
1.876945
1.822231
1.714491
1.932005
2.294197
1.844611
1.763447
1.739312
1.790326
1.872999
2.355923
2.013268
1.695315
1.779438
1.770316
1.794505
1.743132
1.491246
1.636073
1.759354
1.820320
1.838223
2.105642
2.420189
1.807617
2.076498
2.034885
1.734376
2.019015
2.243187
2.042080
1.876502
1.688957
1.659543
1.884762
1.568997
1.931373
1.712908
1.742340
1.896183
1.604528
1.831784
1.886870
1.959200
1.888499
2.033982
1.950732
1.566446
1.814478
1.813174
1.846331
1.633746
1.450904
1.774730
1.778409
1.715436
1.795883
1.754628
2.074605
1.695228
1.899183
1.830203
1.946847
1.614683
2.017769
2.152325
1.542439
1.457276
1.796600
1.356684
1.896645
1.852522
1.914405
1.885446
1.984005
1.880701
1.954777
2.105489
2.140532
1.806396
1.711196
1.571747
1.866752
1.760693
1.960166
2.069506
1.830652
1.912362
2.181808
2.012808
2.049254
1.910632
2.043689
1.965114
1.643064
2.059775
1.776408
1.956153
1.664330
1.996909
1.765338
1.892901
1.652866
1.880429
1.911835
1.596362
1.633774
1.723443
1.532853
1.871153
1.886013
1.827646
1.752116
1.839403
1.860762
2.028726
2.165163
1.780539
1.702183
1.791912
1.648565
1.924324
1.866037
1.812672
1.715621
1.852394
1.591864
1.898573
2.062014
2.044250
1.666857
2.040980
2.006804
1.993941
1.781379
1.955607
1.631742
1.868511
1.643639
2.205441
2.238183
1.802799
1.583382
1.730962
1.945558
1.861278
2.070416
1.974409
1.639959
1.604892
1.992175
2.111687
2.138902
1.685960
2.148511
1.728315
1.950016
1.865063
1.897733
1.766467
1.908107
1.764636
1.985548
1.983848
1.725392
1.894300
1.801368
1.723737
1.812226
2.046730
1.721842
1.491829
1.893184
1.773092
1.620980
1.930906
2.037374
2.123414
1.799352
1.762802
1.891617
1.906706
2.606542
1.714628
1.721588
1.769632
2.009439
1.696742
1.808528
2.015889
2.197403
2.007655
1.719620
1.682106
1.684878
1.765186
1.717768
1.855057
1.848586
1.704401
1.617837
2.005664
2.030606
1.716544
2.099671
1.640896
2.141378
1.928257
2.158300
1.673227
1.914197
1.799325
1.777838
1.698857
2.087829
1.701254
1.746020
2.074492
1.811161
2.050408
2.153315
1.728637
1.628264
1.829911
1.843438
1.873519
1.860957
1.736572
1.569468
2.066314
1.855986
1.796222
1.669560
1.675614
1.935290
1.755513
1.997930
1.775296
2.029067
1.806264
1.966709
1.862008
1.961318
2.164591
1.741639
1.671053
1.841018
1.819426
2.083178
2.072444
1.988786
2.185806
1.911578
1.779078
2.078250
1.916287
2.309043
2.215143
1.677701
1.816400
1.651361
1.689849
1.752642
1.939303
1.960443
2.059856
1.912794
1.989945
1.841230
1.811183
2.027415
1.745182
1.715933
1.977268
2.570473
1.491043
1.917449
1.711820
1.789724
1.811200
1.859414
1.900295
1.596654
2.322628
1.701754
1.738311
1.673124
1.519441
1.679320
1.680993
2.170234
1.648457
1.830261
1.792167
2.030671
1.919846
1.915457
1.818616
1.793863
1.965133
2.107404
2.051045
1.570113
2.006894
