2.105319
1.959302
1.974096
1.971186
1.902647
1.723062
1.756182
1.530550
1.566237
1.676220
1.581016
1.512821
2.068214
1.819717
1.954897
1.586936
1.840598
1.399766
1.478050
1.474975
1.339135
1.359523
1.184867
1.189046
1.074270
1.300471
1.249475
0.855675
1.087314
1.232218
1.200164
1.591934
1.258991
0.975886
0.750797
0.843654
1.073512
0.947756
0.753988
0.983591
0.767065
0.718137
0.973792
1.022718
0.758154
0.702877
0.821868
0.677333
0.366949
0.737305
0.744976
0.484033
0.756283
1.889884
1.205230
1.424020
1.280126
0.870918
0.909358
0.551276
0.868803
0.666089
0.365521
0.353820
0.619040
0.478844
0.431248
0.645941
0.975445
0.683770
0.481235
0.798815
0.526047
0.540905
0.523595
0.521294
0.492899
0.425341
0.713955
0.837872
0.557406
0.600001
0.444923
0.495844
0.615447
0.460353
0.658966
0.254414
0.401690
0.456177
0.390703
0.901530
0.646070
0.801341
0.545419
0.271688
0.412223
0.586453
0.494027
0.680874
0.364310
0.594320
0.479747
0.201588
0.413495
0.546329
0.675928
0.380516
0.441013
0.605535
0.549020
0.595919
0.605708
0.680833
0.526019
0.446702
0.430639
0.541369
0.646394
0.937837
0.419756
0.482657
0.377996
0.239522
0.348435
0.290559
0.642277
0.705957
0.393081
0.410372
0.505733
0.298385
0.153223
0.292679
0.326973
0.360235
0.426805
0.228991
0.361446
0.282547
0.366267
0.743629
0.399614
0.666545
0.646447
0.557474
0.377163
0.343235
0.323169
0.217150
0.407296
0.359023
0.276514
0.202953
0.349884
0.370198
0.734681
0.363700
0.401867
0.504621
0.432799
0.502370
0.428190
0.635327
0.661288
0.621850
0.553460
0.273689
0.439067
0.358152
0.239352
0.352858
0.369091
0.720212
0.496773
0.377047
0.448757
0.353778
0.430037
0.231580
0.303090
0.246118
0.404155
0.419270
0.470643
0.279473
0.360051
0.288660
0.213932
0.292035
0.350131
0.397164
0.680223
0.493685
0.491832
0.346315
0.257285
0.539850
0.733017
0.650417
0.470607
0.405048
0.323410
0.522938
0.523997
0.822871
1.017034
0.707001
0.354832
0.515065
0.290412
0.362453
0.331240
0.290047
0.653671
0.366949
0.529981
0.682722
0.548276
0.212362
0.337549
0.234181
0.255108
0.204853
0.173508
0.368042
0.219465
0.396166
0.320522
0.267969
0.373607
0.308229
0.200568
0.262737
0.276156
0.423687
0.227822
0.378075
0.274196
0.346498
0.631062
0.469888
0.371324
0.252559
0.399490
0.220555
0.282513
0.327795
0.282627
0.221139
0.316323
0.288013
0.391978
0.158464
0.267872
0.475143
0.416313
0.256074
0.136775
0.171674
0.187401
0.447568
0.375102
0.315983
0.242687
0.444852
0.374660
0.398234
0.280171
0.474181
0.512249
0.246841
0.130185
0.515542
0.267991
0.283717
0.462460
0.340547
0.147889
0.185940
0.136651
0.096652
0.133381
0.243497
0.475420
0.331249
0.255568
0.220298
0.358999
0.343927
0.268595
0.468319
0.289424
0.425122
0.463882
0.294102
0.622339
0.501106
0.407633
0.279964
0.268152
0.386870
0.680919
1.483422
0.353714
0.454771
0.388568
0.559547
0.233419
0.326845
0.336659
0.388905
0.307431
0.434979
0.623169
0.483025
0.263700
0.290992
0.229887
0.183448
0.299520
0.424459
0.376620
0.205483
0.321593
0.513358
0.307871
0.641076
0.407440
0.171111
0.143464
0.281095
0.213583
0.286463
0.178457
0.230981
0.169655
0.225089
0.281957
0.121726
0.439019
0.318522
0.380994
0.444987
0.399117
0.516020
0.451854
0.281020
0.340390
0.290264
0.380279
0.582722
0.243163
0.379930
0.149612
0.367716
0.369593
0.343491
0.352285
0.459351
0.448530
0.321321
0.221579
0.447898
0.436172
0.453338
0.483168
0.578394
0.270508
0.298442
0.250391
0.307969
0.336373
0.299520
0.358025
0.422246
0.226399
0.186952
0.348237
0.375675
0.187348
0.271517
0.148263
0.250155
0.515098
0.423792
0.349445
0.288564
0.496630
0.498928
0.595299
0.370665
0.358560
0.382159
0.482772
0.297032
0.359496
0.255131
0.359147
0.364699
0.241593
0.415106
0.463140
0.376734
0.323370
0.256949
0.458187
0.325979
0.252212
0.317323
0.514492
0.325915
0.188257
0.385975
0.345026
0.502736
0.737434
0.579795
0.402561
0.553690
0.320631
0.288361
0.238434
0.474778
0.440192
0.349670
0.228332
0.531488
0.324164
0.240776
0.139818
0.225372
0.326010
0.236553
0.608883
0.209596
0.345948
0.348160
0.381169
0.362393
0.268096
0.254345
0.309318
0.470263
0.251923
0.168824
0.345390
0.710361
0.274253
0.374720
0.496953
0.428440
0.509053
0.187265
0.291780
0.310680
0.479059
0.372819
0.218238
0.308316
0.217734
0.354467
0.332425
0.441390
0.258878
0.392320
0.492036
0.285980
0.268754
0.290559
0.281244
0.223187
0.283924
0.239349
0.270797
0.422203
0.597880
0.510967
0.184403
0.202510
0.229546
0.266177
0.296562
0.250028
0.180553
0.433032
0.487330
0.498468
0.267158
0.116807
0.229329
0.189365
0.326687
0.149280
0.135625
0.289763
0.242933
0.320657
0.312340
0.523377
0.829802
0.475635
0.310431
0.388977
0.342052
0.212280
0.300315
0.241594
0.219329
0.348035
0.579139
0.324571
0.424440
0.353080
0.519781
0.373585
0.253796
0.186407
0.326944
0.547210
0.372254
0.203661
0.481634
0.488850
0.649781
0.489806
0.236205
0.271345
0.508767
0.457867
0.198639
0.256805
0.541827
0.411283
0.465719
0.757638
0.900384
0.721630
0.607612
0.371031
0.467863
0.285330
0.356299
0.456193
0.182412
0.352835
0.278151
0.305168
0.268428
0.198070
0.207540
0.122055
0.175529
0.399909
0.433748
0.295763
0.401499
0.267693
0.427466
0.284899
0.159459
0.231374
0.344753
0.692919
0.659909
0.652026
0.331120
0.204942
0.230453
0.185256
0.175230
0.176898
0.369905
0.224848
0.144001
0.190453
0.112990
0.197532
0.335116
0.164555
0.447917
0.337125
0.410494
0.351030
0.286917
0.076658
0.292196
0.395311
0.457263
0.372908
0.421952
0.346204
0.189821
0.210647
0.443740
0.230597
0.541801
0.401183
0.228949
0.372885
0.264106
0.216349
0.515724
0.706451
0.460101
0.357871
0.216518
0.209193
0.193098
0.261787
0.368917
0.278710
0.312006
0.230067
0.284242
0.542082
0.268348
0.179837
0.336355
0.305408
0.421797
0.308764
0.249495
0.428917
0.233296
0.353325
0.351832
0.352260
0.392242
0.392117
0.442979
0.396426
0.240460
0.372093
0.256687
0.221294
0.246593
0.318464
0.273702
0.500827
0.334488
0.365352
0.323119
0.374110
0.389906
0.466344
0.632920
0.242665
0.302204
0.396420
0.344287
0.201575
0.289147
0.307296
0.211104
0.358613
0.326461
0.519798
0.357576
0.332124
0.400042
0.140237
0.404356
0.294339
0.229696
0.225180
0.341112
0.445127
0.379824
0.225028
0.389097
0.397001
0.466668
0.539424
0.534821
0.742881
0.564413
0.482939
0.256848
0.470167
0.361674
0.328571
0.207250
0.502513
0.435301
0.305161
0.540735
0.357444
0.298627
0.363657
0.279890
0.473486
0.326326
0.223960
0.361141
0.336057
0.251300
0.469096
0.406645
0.463662
0.325227
0.488159
0.358644
0.432872
0.396612
0.279537
0.314737
0.199955
0.279654
0.351620
0.231545
0.293631
0.481905
0.374352
0.435952
0.319766
0.226873
0.294254
0.431224
0.201650
0.287113
0.276885
0.486133
0.561368
0.413831
0.347303
0.364234
0.388948
0.343225
0.286988
0.353748
0.342801
0.207646
0.324840
0.417398
0.296291
0.233597
0.142656
0.167762
0.434129
0.201115
0.261148
0.243158
0.287318
0.256484
0.202103
0.223464
0.259376
0.177655
0.434335
0.261153
0.281734
0.380958
0.393842
0.668437
0.568648
0.266654
0.286431
0.307299
0.353017
0.305976
0.257814
0.192552
0.256773
0.242928
0.189442
0.287032
0.267056
0.255820
0.177100
0.210917
0.255298
0.408388
0.254984
0.181738
0.325761
0.277189
0.503066
0.256697
0.338484
0.295051
0.315074
0.258811
0.259636
0.263824
0.354169
0.567530
0.179915
0.203364
0.320402
0.190270
0.350083
0.346255
0.163719
0.374759
0.767756
0.695119
0.557029
0.501102
0.356955
0.356896
0.378859
0.234916
0.281479
0.254898
0.330949
0.207252
0.228969
0.225348
0.370017
0.363726
0.406218
0.239422
0.544387
0.550357
0.495843
0.282129
0.236743
0.399154
0.396990
0.302313
0.348799
0.298334
0.133694
0.193796
0.229965
0.308625
0.266531
0.224199
0.240768
0.243199
0.332588
0.153668
0.362378
0.387333
0.332910
0.253864
0.299172
0.395227
0.368891
0.223371
0.320367
0.270567
0.240907
0.227783
0.106330
0.175597
0.387944
0.435627
0.426958
0.546227
0.299939
0.212950
0.421692
0.389542
0.232153
0.263033
0.311939
0.169626
0.284445
0.480826
1.000625
0.717254
0.508915
0.337963
0.240137
0.361153
0.326065
0.535752
0.372858
0.346055
0.292109
0.329236
0.439803
0.292065
0.224442
0.406909
0.294217
0.360587
0.431472
0.458339
0.210426
0.425753
0.287484
0.420774
0.251060
0.213623
0.153106
0.364712
0.309394
0.356048
0.261314
0.446856
0.642929
0.480990
0.299431
0.285431
0.350804
0.317613
0.303585
0.212795
0.366506
0.399118
0.257253
0.455257
0.354132
0.332165
0.284773
0.256608
0.372626
0.212493
0.302275
0.280300
0.127650
0.439827
0.493358
0.187160
0.540040
0.397781
0.177718
0.325872
0.430863
0.419044
0.435908
0.505351
0.209641
0.289834
0.293071
0.215111
0.445837
0.302541
0.331004
0.375813
0.281159
0.134230
0.389077
0.231553
0.273630
0.279170
0.213757
0.380402
0.399771
0.308131
0.207509
0.145835
0.347047
0.228474
0.413756
0.222052
0.419427
0.422602
0.307288
0.286514
0.202331
0.187689
0.196375
0.107947
0.210874
0.393861
0.229800
0.234084
0.165584
0.162711
0.195482
0.357095
0.548794
0.826983
0.702403
0.408092
0.312382
0.183826
0.294356
0.162184
0.167220
0.221422
0.315977
0.266175
0.468574
0.360762
0.362782
0.596661
0.417483
0.152285
0.178179
0.387818
0.479587
0.864614
1.358135
0.565724
0.344745
0.506198
0.217782
0.353490
0.160744
0.280188
0.333799
0.219559
0.333870
0.290373
0.497888
0.376565
0.238068
0.175636
0.192106
0.220876
0.283421
0.312315
0.238321
0.274624
0.434499
0.149700
0.347493
0.411235
0.378033
0.213442
0.161755
0.318035
0.365161
0.228572
0.283815
0.329466
0.451403
0.430084
0.256618
0.452847
0.375832
0.313753
0.350263
0.157750
0.481856
0.456297
0.832804
0.286574
0.453269
0.383451
0.558780
0.405575
0.441793
0.313766
0.488355
0.449132
0.439772
0.238845
0.341670
0.277364
0.323483
0.308883
0.256135
0.478944
0.446728
0.433001
0.523436
0.560151
0.267098
0.254663
0.184449
0.321327
0.313068
0.407844
0.328630
0.194333
0.374207
0.349869
0.207631
0.359044
0.219237
0.361090
0.301165
0.162182
0.383886
0.351745
0.257574
0.196081
0.181286
0.408009
0.363373
0.348368
0.513129
0.194547
0.270201
0.491790
0.517281
0.142648
0.489059
0.549883
0.420853
0.408297
0.437836
0.296259
0.139519
0.339965
0.228480
0.254542
0.193828
0.223686
0.287993
0.330022
0.338012
0.422070
0.402349
0.365384
0.165423
0.516908
0.147299
0.247526
0.263182
0.343571
0.226625
0.254730
0.225465
0.203069
0.265557
0.263849
0.220800
0.267287
0.205883
0.251630
0.209194
0.338238
0.216711
0.217137
0.321681
0.554643
0.760763
0.403190
0.260885
0.315417
0.355060
0.382212
0.432659
0.347948
0.218332
0.507325
0.574051
0.463959
0.277537
0.281872
0.300836
0.389582
0.290174
0.265750
0.448369
0.217284
0.260362
0.165749
0.312532
0.217428
0.493576
0.146772
0.297240
0.116772
0.323757
0.504431
1.191044
1.657946
1.559441
0.805824
0.492748
0.478636
0.426274
0.246298
0.259949
0.246027
0.314460
0.257801
0.287671
0.210928
0.257992
0.534133
0.261092
0.245905
0.364165
0.132298
0.304463
0.349419
0.252852
0.279788
0.219734
0.323739
0.417422
0.352838
0.537677
0.456347
0.371253
0.228093
0.285271
0.401759
0.239601
0.216911
0.245618
0.150501
0.296851
0.361394
0.241730
0.135051
0.265200
0.339699
0.605541
0.830160
0.336743
0.362485
0.152516
0.266693
0.191855
0.274521
0.337824
0.207932
0.219332
0.212475
0.115766
0.267462
0.270018
0.161882
0.381119
0.168313
0.209683
0.255161
0.391453
0.325682
0.315143
0.489744
0.214450
0.748195
0.279479
0.314020
0.516293
0.464802
0.142134
0.184139
0.342290
0.321104
0.274243
0.598817
0.588602
0.250654
0.296138
0.298850
0.314833
0.315470
0.495707
0.573208
1.780010
1.341574
0.624613
0.954879
0.484353
0.483317
0.499864
0.344106
0.414155
0.451125
0.244511
0.400530
0.251217
0.507260
0.295697
0.292450
0.426759
0.610732
0.503973
0.396879
0.247955
0.227658
0.333097
0.347520
0.180464
0.495500
0.374011
0.672566
0.490547
0.487274
0.313183
0.324121
0.436408
0.235071
0.179125
0.231426
0.471571
0.563412
0.322165
0.429351
0.290082
0.301913
0.267589
0.237980
0.264924
0.298402
0.269991
0.349486
0.285125
0.249208
0.276856
0.384798
0.290022
0.433817
0.161123
0.438449
0.370175
0.678595
0.419539
0.355733
0.334079
0.191701
0.169798
0.279723
0.204407
0.397477
0.358054
0.184091
0.171594
0.223607
0.417159
0.352633
0.410884
0.364573
0.276982
0.363860
0.239380
0.220819
0.288710
0.166206
0.369413
0.194544
0.250110
0.255368
0.248237
0.261274
0.198034
0.211847
0.551482
0.271862
0.491173
0.456866
0.333101
0.282735
0.248859
0.216345
0.138652
0.222768
0.169187
0.345157
0.360561
0.473539
0.312371
0.121092
0.248651
0.395034
0.307366
0.334137
0.519833
0.209314
0.265824
0.215246
0.269027
0.096570
0.331075
0.214474
0.283758
0.298607
0.407918
0.477476
0.507615
0.194691
0.255167
0.199344
0.239400
0.241115
0.137232
0.192872
0.359517
0.279860
0.312985
0.104942
0.191133
0.227092
0.599142
0.481631
0.391518
0.323809
0.373739
0.394538
0.359517
0.530231
0.270847
0.144167
0.259554
0.216189
0.457325
0.549090
0.364063
0.256533
0.624219
0.145781
0.419707
0.343223
0.315140
0.270426
0.237140
0.294723
0.192541
0.410390
0.315148
0.289951
0.352353
0.508863
0.394217
0.402447
0.348768
0.230959
0.637471
0.539225
0.437174
0.199680
0.606439
0.480010
0.374871
0.228330
0.162980
0.213642
0.232072
0.168901
0.286245
0.331934
0.235066
0.214172
0.254593
0.264062
0.398483
0.330945
0.214951
0.383915
0.281601
0.449105
0.296432
0.484984
0.177413
0.474349
0.254274
0.257156
0.355457
0.386296
0.208401
0.244988
0.348359
0.207233
0.183397
0.427441
0.369190
0.205557
0.370969
0.312127
0.136237
0.569787
0.335396
0.229330
0.144345
0.190631
0.219210
0.374524
0.290396
0.142020
0.234041
0.278793
0.206880
0.160333
0.175924
0.119960
0.342630
0.331045
0.273914
0.392997
0.601935
1.218425
2.124283
1.029698
0.895862
0.558058
0.334642
0.261899
0.237654
0.253743
0.292700
0.322732
0.422992
0.331760
0.230800
0.332321
0.359950
0.456595
0.341338
0.191907
0.283117
0.305404
0.205918
0.387719
0.306605
0.260821
0.177416
0.246223
0.342789
0.249077
0.324699
0.250184
0.368859
0.374107
0.563351
0.462999
0.669413
0.773902
0.491266
0.340289
0.386587
0.298831
0.487611
0.419821
0.426720
0.315258
0.422103
0.299167
0.252359
0.132293
0.132151
0.497130
0.506415
0.291410
0.344646
0.233918
0.210246
0.299090
0.371375
0.137244
0.437682
0.625225
0.893222
0.949816
0.578482
0.389120
0.411075
0.215925
0.177545
0.173218
0.313228
0.237842
0.397065
0.268447
0.124511
0.262072
0.293264
0.365364
0.265127
0.510233
0.317996
0.159924
0.392222
0.197276
0.403610
0.372335
0.237860
0.312497
0.141634
0.505466
0.308037
0.233935
0.311883
0.274444
0.305431
0.312520
0.245549
0.423712
0.544117
0.320854
0.480590
0.498785
0.281139
0.149741
0.310844
0.241687
0.131222
0.268121
0.321136
0.269488
0.493781
0.385670
0.463754
0.243945
0.158572
0.238171
0.561563
0.588785
0.421736
0.139191
0.345693
0.354784
0.276480
0.223848
0.328797
0.219998
0.273998
0.440154
0.419953
0.373391
0.324616
0.417866
0.190867
0.192909
0.250036
0.209269
0.296950
0.193694
0.273851
0.175399
0.360716
0.342237
0.325584
0.351193
0.318365
0.217205
0.141119
0.216660
0.377406
0.187816
0.252933
0.239036
0.166253
0.629212
0.359407
0.167634
0.329104
0.377411
0.312001
0.178622
0.167858
0.244800
0.122049
0.248818
0.275061
0.172060
0.190755
0.286032
0.152060
0.183744
0.339459
0.162788
0.367795
0.419304
0.393622
0.499204
0.459941
0.369448
0.217523
0.320962
0.301317
0.243551
0.206690
0.366990
0.207173
0.321163
0.404737
0.318325
0.265029
0.196732
0.349676
0.249304
0.364919
0.360479
0.131720
0.277351
0.190426
0.202314
0.217090
0.269203
0.221801
0.207737
0.533306
0.154873
0.304261
0.295653
0.318623
0.263661
0.484327
0.552444
0.441365
0.252435
0.182819
0.233319
0.303832
0.223302
0.341580
0.211414
0.292146
0.236212
0.160700
0.483960
0.248208
0.172173
0.324992
0.339493
0.413457
0.388449
0.480797
0.191875
0.318871
0.200138
0.276213
0.277435
0.530833
0.673861
0.288677
0.297052
0.282798
0.333724
0.263939
0.215602
0.193201
0.206027
0.283647
0.261525
0.210349
0.175208
0.109650
0.216857
0.184556
0.128561
0.286316
0.177275
0.193064
0.264263
0.294086
0.394282
0.840322
0.754905
0.317442
0.347493
0.218541
0.462541
0.467075
0.198123
0.166185
0.215285
0.345538
0.482363
0.249573
0.171387
0.234139
0.192984
0.298739
0.345833
0.395175
0.236701
0.124636
0.164201
0.336456
0.225913
0.237477
0.188231
0.186578
0.177952
0.506411
0.270842
0.319915
0.224104
0.222506
0.269238
0.289079
0.198531
0.220425
0.221940
0.303990
0.405848
0.176775
0.305708
0.164864
0.188645
0.416466
0.350093
0.219155
0.304206
0.381311
0.133145
0.279795
0.320182
0.326202
0.541648
0.278263
0.255610
0.418108
0.136181
0.256879
0.344925
0.372038
0.275619
0.411234
0.211227
0.352439
0.531839
0.185670
0.183558
0.289354
0.575304
0.513083
0.544223
0.348740
0.174762
0.318704
0.335082
0.444722
0.404579
0.251626
0.245666
0.360887
0.417751
0.299868
0.437523
0.605658
0.295232
0.342227
0.292957
0.294179
0.478052
0.392185
0.443874
0.284559
0.280398
0.333410
0.163137
0.432681
0.283700
0.265816
0.396545
0.298274
0.449341
0.175150
0.131576
0.549250
0.436183
0.515265
0.223380
0.397947
0.163842
0.303440
0.397937
0.333750
0.413606
0.242684
0.292298
0.170988
0.401094
0.338217
0.340791
0.939585
0.528076
0.180025
0.258835
0.444900
0.182059
0.500956
0.261149
0.416484
0.473866
0.302072
0.329962
0.263448
0.345394
0.297143
0.305599
0.211498
0.167477
0.541691
0.552205
0.426537
0.446169
0.274995
0.284495
0.409958
0.280088
0.293752
0.280768
0.412717
0.536854
0.283920
0.303599
0.410872
0.413650
0.288287
0.218695
0.523663
0.561744
0.397998
0.184954
0.330779
0.238147
0.221761
0.426068
0.377731
0.425590
0.457378
0.281615
0.244445
0.462399
0.533495
0.322284
0.245576
0.414038
0.430685
0.369059
0.174727
0.287940
0.234565
0.198389
0.266007
0.170492
0.128168
0.383631
0.231128
0.175895
0.386712
0.228197
0.451558
0.433608
0.300765
0.162815
0.203054
0.186532
0.426458
0.250978
0.147987
0.173514
0.429221
0.444382
0.322945
0.168472
0.147914
0.285680
0.348739
0.191777
0.210779
0.313199
0.513717
0.429557
0.228857
0.316815
0.287490
0.165226
0.333253
0.210677
0.145442
0.133306
0.181259
0.295767
0.249547
0.124769
0.230075
0.181530
0.210043
0.208813
0.213553
0.215448
0.196207
0.343805
0.127554
0.521115
0.674066
0.245485
0.301130
0.517443
0.388107
0.308603
0.309115
0.484164
0.520369
0.349767
0.366772
0.209215
0.286575
0.530162
0.388207
0.357191
0.237907
0.125857
0.238496
0.160246
0.296297
0.315814
0.183374
0.391067
0.207321
0.211046
0.126681
0.213378
0.307193
0.387729
0.332445
0.232638
0.182918
0.295107
0.319418
0.306893
0.269480
0.432889
0.197211
0.218941
0.315958
0.171570
0.242120
0.240326
0.324322
0.264505
0.319162
0.187195
0.232280
0.257827
0.289576
0.459985
0.282606
0.534859
0.224438
0.164184
0.170667
0.381995
0.305790
0.363647
0.155546
0.242780
0.250637
0.273981
0.333206
0.328837
0.435324
0.189364
0.418957
0.312564
0.384501
0.127692
0.170880
0.126364
0.241944
0.283128
0.241640
0.163432
0.446835
0.431445
0.321326
0.343043
0.285659
0.286232
0.149098
0.186815
0.169212
0.487075
0.204123
0.212501
0.177350
0.435493
0.313495
0.274876
0.458062
0.531391
0.142851
0.193936
0.351088
0.198763
0.161953
0.201627
0.420313
0.435648
0.431006
0.510469
0.254827
0.379882
0.257191
0.214283
0.358469
0.558071
0.263442
0.215037
0.319055
0.246834
0.468467
0.498103
0.218249
0.430390
0.204699
0.247502
0.247897
0.304855
0.155517
0.247055
0.213442
0.354581
0.423677
0.271251
0.241549
0.263959
0.221632
0.297358
0.354426
0.301981
0.300741
0.174043
0.245636
0.239641
0.331702
0.355083
0.395023
0.163618
0.414465
0.287044
0.388929
0.484717
0.146352
0.325055
0.424591
0.277322
0.457925
0.206581
0.299770
0.139241
0.220962
0.148206
0.145757
0.108039
0.356211
0.400894
0.633588
0.156757
0.219414
0.517593
0.328593
0.211458
0.272322
0.361263
0.449899
0.236437
0.206573
0.174978
0.364970
0.486971
0.582009
0.359756
0.247602
0.159410
0.266899
0.267372
0.233018
0.350898
0.397924
0.684249
0.398899
0.233161
0.418515
0.343440
0.297264
0.434659
0.299977
0.265056
0.326200
0.239291
0.233468
0.311172
0.509813
0.175028
0.452763
0.308822
0.626477
0.509189
0.501691
0.307737
0.208925
0.508964
0.337912
0.183157
0.238884
0.282826
0.233977
0.371663
0.309036
0.296389
0.159669
0.217156
0.287607
0.145059
0.237154
0.075352
0.329055
0.163580
0.138489
0.168081
0.257145
0.426978
0.484377
0.414456
0.306138
0.527614
0.134606
0.280895
0.386506
0.445738
0.388263
0.362263
0.426526
0.397920
0.123290
0.228348
0.152276
0.132909
0.338523
0.525887
0.375994
0.157779
0.220805
0.165803
0.187947
0.263788
0.690670
0.326747
0.274437
0.247486
0.149619
0.462530
0.364552
0.254985
0.216596
0.234171
0.164580
0.288763
0.365114
0.268922
0.289192
0.235638
0.195426
0.218521
0.319730
0.231070
0.339809
0.542280
0.348604
0.547336
0.524207
0.592075
0.312407
0.359695
0.298385
0.167255
0.175847
0.263625
0.312643
0.362944
0.185831
0.230389
0.327181
0.456614
0.402243
0.333824
0.348802
0.195845
0.162631
0.395665
0.337231
0.281573
0.516439
0.221768
0.329375
0.357613
0.382423
0.249421
0.360856
0.246957
0.375344
0.406444
0.295670
0.208457
0.171510
0.261763
0.236051
0.301206
0.196504
0.169790
0.387999
0.212690
0.124873
0.413579
0.143066
0.502694
0.445883
0.204027
0.126583
0.204540
0.189302
0.280468
0.396635
0.557797
0.308157
0.314018
0.227515
0.223977
0.235653
0.369209
0.328740
0.572009
0.354432
0.171866
0.341291
0.297811
0.341775
0.226204
0.193219
0.147057
0.249083
0.267762
0.170154
0.192526
0.209516
0.142974
0.286179
0.298653
0.223092
0.177187
0.182001
0.244098
0.250949
0.453527
0.490113
0.683220
0.624860
0.323312
0.411554
0.530580
0.259258
0.334242
0.294574
0.223366
0.331419
0.177432
0.231844
0.399209
0.376236
0.344394
0.274254
0.273964
0.506597
0.219262
0.171690
0.204063
0.276334
0.309063
0.161747
0.251383
0.205569
0.380313
0.304460
0.259291
0.275545
0.309879
0.203856
0.262386
0.316640
0.144776
0.179763
0.197320
0.330817
0.286455
0.209759
0.347396
0.398200
0.364521
0.616768
0.317397
0.614962
0.867686
0.920335
0.731543
0.305968
0.279238
0.392697
0.172881
0.341174
0.201281
0.164319
0.299390
0.215697
0.238161
0.182654
0.361526
0.187556
0.196469
0.174630
0.187655
0.151867
0.364736
0.460104
0.304778
0.194142
0.317231
0.431752
0.207882
0.381351
0.186635
0.286139
0.349746
0.237644
0.148914
0.204609
0.356558
0.314031
0.178739
0.097571
0.406612
0.274536
0.299784
0.221106
0.262366
0.287638
0.473150
0.269676
0.176244
0.230877
0.315716
0.480016
0.380627
0.237598
0.366383
0.241249
0.216493
0.299643
0.416546
0.366115
0.428584
0.237405
0.236406
0.275653
0.576570
0.301234
0.347924
0.229245
0.195273
0.404383
0.381342
0.150140
0.204244
0.300800
0.413879
0.317253
0.210514
0.142215
0.144568
0.136316
0.191961
0.157962
0.116651
0.253689
0.212575
0.243463
0.399097
0.382991
0.287374
0.557277
0.311778
0.172386
0.326542
0.444846
0.287456
0.212757
0.361687
0.381075
0.318219
0.378916
0.340254
0.320625
0.305107
0.402409
0.205793
0.244618
0.127705
0.167653
0.346104
0.207128
0.421658
0.315253
0.404988
0.153816
0.326371
0.253546
0.256710
0.386903
0.431816
0.167989
0.223247
0.383880
0.431845
0.204214
0.194476
0.193443
0.328713
0.471706
0.432615
0.327461
0.217752
0.145149
0.135394
0.317542
0.187601
0.065301
0.483905
0.214555
0.306436
0.264243
0.449538
0.480079
0.492195
0.326410
0.405338
0.487451
0.460474
0.416864
0.336039
0.463628
0.283457
0.195388
0.146233
0.457183
0.283618
0.301455
0.247281
0.372742
0.275417
0.310507
0.408796
0.439346
0.393175
0.362777
0.242320
0.227024
0.248645
0.150206
0.205800
0.190607
0.248184
0.141144
0.425830
0.626053
1.017230
0.616733
0.504908
0.304914
0.362926
0.542263
0.206050
0.249450
0.242656
0.388432
0.189983
0.613941
0.102422
0.476331
0.236686
0.380726
0.353350
0.392137
0.142625
0.170130
0.228326
0.264307
0.231832
0.283844
0.205067
0.134351
0.206231
0.352136
0.192082
0.420302
0.213935
0.447659
0.204641
0.342728
0.531829
0.441435
0.275596
0.405035
0.219472
0.135781
0.388029
0.266636
0.447143
0.352304
0.256888
0.205799
0.248722
0.328971
0.254078
0.244615
0.362399
0.283987
0.181317
0.373229
0.306487
0.323355
0.136844
0.220715
0.165434
0.209490
0.139586
0.131996
0.422777
0.227464
0.221419
0.283802
0.301891
0.221723
0.232166
0.607171
0.180794
0.275098
0.294001
0.251644
0.201933
0.305655
0.232686
0.144063
0.235835
0.170383
0.289075
0.315076
0.490108
0.198688
0.241594
0.289574
0.301930
0.427996
0.209157
0.470201
0.120771
0.179875
0.256133
0.161958
0.251193
0.131546
0.256388
0.332915
0.181312
0.110402
0.175918
0.213910
0.431110
0.418130
0.278129
0.288431
0.428435
0.421682
0.337382
0.304759
0.371179
0.457262
0.652979
0.463617
0.458233
0.372534
0.431009
0.307168
0.453133
0.259488
0.386781
0.209160
0.316731
0.212594
0.299082
0.512905
0.633744
0.259743
0.376780
0.327268
0.335945
0.236168
0.192587
0.217269
0.424469
0.168588
0.196457
0.255447
0.213241
0.343496
0.242870
0.159989
0.333853
0.581662
0.215264
0.260176
0.311015
0.215932
0.110057
0.275354
0.309349
0.320165
0.317033
0.494783
0.324413
0.300869
0.407032
0.288629
0.426664
0.193834
0.338911
0.445261
0.247297
0.279691
0.305824
0.175210
0.298463
0.345391
0.259814
0.264254
0.252410
0.168031
0.235033
0.465362
0.301678
0.091305
0.274318
0.337331
0.255751
0.154160
0.143104
0.212505
0.397716
0.410514
0.188288
0.202891
0.239508
0.314996
0.356517
0.265984
0.468749
0.304747
0.294784
0.397558
0.185017
0.367741
0.286574
0.146877
0.389329
0.653372
0.369176
0.280161
0.291113
0.480363
0.172458
0.239732
0.247428
0.263038
0.386172
0.193300
0.249525
0.186414
0.245730
0.140968
0.252286
0.209080
0.317471
0.262093
0.219330
0.375565
0.192292
0.243543
0.188887
0.291706
0.326990
0.200269
0.151154
0.256698
0.367861
0.480258
0.120540
0.214639
0.206289
0.422199
0.265742
0.531327
0.605809
0.468533
0.379673
0.251968
0.295255
0.286961
0.229930
0.372105
0.229795
0.359216
0.340992
0.336639
0.238953
0.336441
0.460005
0.327700
0.152565
0.308366
0.306646
0.384761
0.247059
0.197813
0.431298
0.133408
0.265365
0.298504
0.348958
0.257635
0.194217
0.278459
0.461114
0.308080
0.279948
0.225387
0.228176
0.284616
0.280989
0.362662
0.138099
0.241153
0.361344
0.383231
0.357438
0.570685
0.278144
0.307035
0.315487
0.174590
0.352822
0.160454
0.293982
0.360836
0.268537
0.335666
0.293633
0.297215
0.217840
0.295022
0.251652
0.378876
0.339805
0.093307
0.258869
0.391477
0.114848
0.245675
0.290357
0.255825
0.306902
0.297433
0.273911
0.163767
0.384546
0.243104
0.211052
0.305304
0.088328
0.400780
0.267372
0.314454
0.248763
0.202625
0.294511
0.193124
0.077085
0.219651
0.129902
0.212498
0.109732
0.197074
0.190097
0.201472
0.370877
0.250089
0.217868
0.181637
0.515871
0.191760
0.060991
0.278275
0.301819
0.501572
0.282963
0.257412
0.362110
0.229706
0.236903
0.447493
0.239048
0.356401
0.419943
0.305689
0.306719
0.317416
0.291887
0.396891
0.213528
0.352855
0.445721
0.420437
0.277895
0.502980
0.268822
0.207427
0.158825
0.191957
0.220904
0.269035
0.270068
0.402163
0.277723
0.306293
0.421333
0.668935
0.879370
0.630977
0.600843
0.338826
0.369554
0.226250
0.179210
0.193491
0.188689
0.253751
0.280389
0.475607
0.454143
0.558308
0.545198
0.136936
0.179440
0.336081
0.293713
0.406376
0.540995
0.367926
0.270120
0.217155
0.375057
0.549717
0.566292
0.256399
0.296786
0.254370
0.548678
0.378772
0.490410
0.178820
0.230734
0.310871
0.156450
0.464877
0.393088
0.501364
0.236881
0.159228
0.234797
0.254770
0.360155
0.316720
0.263314
0.263756
0.413589
0.385938
0.916626
1.030996
0.510802
0.305778
0.329568
0.346294
0.287287
0.317377
0.290600
0.110916
0.322735
0.269492
0.432026
0.557949
0.481692
0.352922
0.481193
0.171658
0.221186
0.181221
0.217886
0.491296
0.270258
0.288913
0.504796
0.334101
0.176773
0.186548
0.214123
0.393852
0.272332
0.198801
0.280866
0.189149
0.148210
0.379759
0.267535
0.317809
0.153134
0.168026
0.372164
0.554706
0.319979
0.215623
0.275355
0.430725
0.330747
0.295042
0.350117
0.243425
0.346286
0.343783
0.179640
0.534863
0.197665
0.153518
0.218067
0.301512
0.381573
0.426438
0.239394
0.176044
0.325696
0.322595
0.167196
0.292873
0.173582
0.233258
0.198613
0.116655
0.210757
0.244999
0.337346
0.341046
0.174762
0.225056
0.323864
0.246934
0.399915
0.216700
0.188149
0.664671
0.253152
0.536953
0.417071
0.108302
0.271093
0.428290
0.264406
0.490395
0.523197
0.291812
0.296792
0.165538
0.363695
0.399124
0.243954
0.181127
0.128440
0.216248
0.168971
0.131056
0.170063
0.152947
0.284494
0.165091
0.301641
0.283343
0.585513
0.829734
0.912625
0.790659
0.394021
0.206259
0.241248
0.382982
0.243192
0.157348
0.194279
0.247850
0.162194
0.265724
0.147949
0.368921
0.387509
0.312363
0.187694
0.199722
0.330723
0.358352
0.395944
0.378920
0.363877
0.345221
0.268981
0.247697
0.228825
0.360330
0.227330
0.400042
0.210623
0.737724
0.601627
0.356842
0.227081
0.209006
0.216832
0.149301
0.425453
0.311347
0.293467
0.169728
0.315570
0.279978
0.254230
0.197617
0.365729
0.165543
0.432885
0.215308
0.336602
0.203254
0.242548
0.166496
0.227148
0.256236
0.216233
0.419073
0.245916
0.176121
0.204754
0.273256
0.281308
0.364047
0.264133
0.214357
0.197370
0.475693
0.328013
0.152513
0.166183
0.142090
0.146231
0.119440
0.225503
0.086045
0.177970
0.260565
0.162005
0.262744
0.173069
0.397377
0.285841
0.333035
0.394684
0.339298
0.417167
0.229084
0.217868
0.099819
0.261944
0.381772
0.343926
0.238726
0.202532
0.366705
0.266411
0.387102
0.561833
0.378930
0.162882
0.210977
0.370112
0.221918
0.263433
0.262532
0.154494
0.166418
0.192969
0.276659
0.340016
0.266691
0.464705
0.356752
0.316280
0.278599
0.136765
0.274922
0.362650
0.289890
0.277269
0.320192
0.325425
0.208188
0.361724
0.190103
0.179648
0.242008
0.257816
0.330352
0.255326
0.138209
0.409245
0.199021
0.222062
0.338712
0.285020
0.212944
0.240168
0.174415
0.561190
0.565632
0.386663
0.373469
0.331493
0.396044
0.378685
0.472696
0.388036
0.574944
0.572323
0.470217
0.591474
0.403303
0.245010
0.369650
0.213810
0.282389
0.233816
0.300137
0.247886
0.307232
0.340454
0.301668
0.233718
0.315843
0.327656
0.196782
0.285486
0.340578
0.415662
0.164394
0.143873
0.412015
0.323272
0.644118
0.184848
0.243671
0.404900
0.298185
0.327198
0.187963
0.214637
0.156753
0.143723
0.145762
0.190285
0.301658
0.365516
0.159460
0.127155
0.438241
0.230017
0.311792
0.292413
0.174080
0.263470
0.249499
0.157483
0.272443
0.148246
0.221021
0.422592
0.417606
0.341770
0.310322
0.338551
0.263107
0.156824
0.189899
0.221085
0.331010
0.212953
0.194960
0.183981
0.341884
0.460632
0.378956
0.449720
0.300278
0.456815
0.570524
0.377537
0.333159
0.343585
0.364674
0.309573
0.262621
0.361661
0.238331
0.189166
0.314669
0.233225
0.352458
0.369060
0.610844
0.428173
0.304364
0.290681
0.313816
0.374657
0.375242
0.189465
0.410377
0.554549
0.314618
0.284835
0.203250
0.156306
0.209413
0.389892
0.216951
0.620596
0.409455
0.377227
0.296309
0.324950
0.221575
0.182996
0.382327
0.384573
0.363162
0.176679
0.312497
0.293471
0.396717
0.213926
0.261836
0.278046
0.247442
0.257662
0.329933
0.233059
0.246595
0.283936
0.227485
0.377672
0.951276
0.505405
0.408919
0.255243
0.243184
0.209829
0.394042
0.241979
0.479193
0.303184
