2.519907
2.990875
4.603689
2.396393
2.139557
2.120027
2.115177
2.056947
2.037506
2.110730
2.015411
1.987949
2.047468
1.909240
1.928025
1.952824
1.969359
1.911953
1.989113
1.763575
1.748531
1.768907
1.787289
1.865598
1.865618
1.847243
1.778161
1.745895
1.784051
1.710972
1.708646
1.788235
1.831607
1.925480
1.715835
1.766433
1.741178
1.697919
1.807565
1.694431
1.870312
2.019354
1.816288
1.934455
1.911704
1.687634
1.654555
1.785952
1.867756
1.614594
1.739488
1.705045
1.646268
1.509717
1.741739
1.880944
1.548190
1.724644
1.620781
1.602478
1.704955
1.707047
1.482875
1.697942
1.869195
1.673933
1.663439
1.745954
1.613240
1.664003
1.715866
2.038983
1.642493
1.822330
1.705574
1.549086
1.744964
1.632814
1.589134
1.763069
1.671785
1.547810
1.577302
3.011358
1.734141
1.557470
1.629890
1.752839
1.772776
1.649016
1.586560
1.622153
1.569858
1.439087
1.711243
1.607664
1.542259
1.712705
1.753112
1.574969
1.587952
1.550516
1.788641
1.537106
1.687373
1.705940
1.715302
1.569154
1.537718
1.631150
1.425264
1.726960
1.692597
1.653827
1.516010
1.436083
1.666485
1.710574
1.624271
1.659146
1.459135
1.619682
1.488137
1.639418
1.509522
1.137691
1.547003
1.616014
1.391152
1.359327
1.588680
1.474735
1.684009
1.513710
1.625911
1.681663
1.516635
1.591144
1.591886
1.481662
1.468779
1.614127
1.618616
1.873286
1.635674
1.394907
1.484357
1.654717
1.511050
1.628024
1.637899
1.717613
1.640574
1.528641
1.417472
1.476633
1.637791
1.764747
1.600707
1.509545
1.438571
1.493648
1.830611
1.554998
1.685955
1.552935
1.621854
2.335946
1.618756
1.610090
1.457510
1.617492
1.543567
1.451599
1.576684
1.551071
1.644818
1.546628
1.496519
1.695683
1.545123
1.406751
1.583328
1.650441
1.587529
1.448313
1.668719
1.469229
1.631090
1.522139
1.438758
1.517386
1.514946
1.535021
1.641664
1.590534
1.534304
1.543394
1.508988
1.237048
1.603964
1.495976
1.575783
1.515120
1.524966
1.617296
1.359567
1.511933
1.421218
1.287369
1.663745
1.480073
1.513773
1.586507
1.523157
1.521621
1.580479
1.566591
1.598051
1.529679
1.527170
1.550077
1.564551
1.406537
1.429984
1.474586
1.413312
1.707744
1.471866
1.361597
1.411596
1.698293
1.466790
1.578491
1.427545
1.356065
1.653253
1.599590
1.293333
1.444028
1.732376
1.473788
1.394651
1.365840
1.482036
1.466157
1.755856
1.454455
1.334931
1.537327
1.695709
1.762775
1.345456
1.525242
1.631146
1.462259
1.426644
1.450181
1.539349
1.567100
1.631980
1.288616
1.623636
1.542561
1.413897
1.531256
1.574470
1.385730
1.437855
1.497450
1.442228
1.632998
1.450692
1.841761
1.685649
1.277787
1.499612
1.523402
1.377197
1.469451
1.691657
1.486887
1.491617
1.508571
1.386957
1.505852
1.414378
1.710468
1.586841
1.620687
1.464734
1.453663
1.346698
1.442095
1.434213
1.676257
1.445357
1.447783
1.532384
1.285991
1.447745
1.641650
1.488451
1.285062
1.498762
1.466394
1.443514
1.362457
1.390288
1.497726
1.549373
1.483484
1.509912
1.603707
1.469013
1.354392
1.562889
1.551853
1.322771
1.439576
1.635519
1.417138
1.530686
1.524506
1.354188
1.436911
1.658521
1.601361
1.548027
1.467291
1.372233
1.399812
1.466341
1.681662
1.744150
1.425975
1.495942
1.361347
1.504741
1.581052
1.671212
1.292195
1.544389
1.562988
1.742811
1.684491
1.426104
1.296942
1.522714
1.388718
1.404828
1.471203
1.373734
1.372655
1.468821
1.520072
1.263894
1.316803
1.396692
1.396784
1.551546
1.630843
1.374306
1.639199
1.310723
1.520312
1.532958
1.207993
1.659662
1.292734
1.464176
1.326198
1.510537
1.465993
1.560859
1.619418
1.586085
1.623221
1.608394
1.567318
1.497583
1.346512
1.321774
1.354798
1.498921
1.566843
1.472517
1.311362
1.566471
1.571311
1.559930
1.237669
1.379182
1.411459
1.572635
1.340196
1.514142
1.624082
1.432622
1.410252
1.730514
1.428132
1.463710
1.554815
1.379063
1.548119
1.506617
1.784557
1.240044
1.347598
1.549163
1.350570
1.467733
1.429739
1.670234
1.454403
1.326100
1.638428
1.230771
2.049719
1.510784
1.601351
1.481396
1.523395
1.238865
1.483810
1.560611
1.493156
1.270292
1.497810
1.460798
1.452315
1.485871
1.402287
1.573666
1.342039
1.355959
1.345758
1.472781
1.786192
1.435256
1.570719
1.388741
1.637639
1.346166
1.624638
1.421268
1.547827
1.598580
1.443479
1.376940
1.312759
1.584926
1.357254
1.339496
1.459948
1.404489
1.849132
1.411432
1.449494
1.541329
1.409196
1.338571
1.495750
1.555544
1.433899
1.423228
1.589768
1.368013
1.507264
1.471292
1.389191
1.313256
1.615077
1.472927
1.620207
1.290312
1.368903
1.467744
1.537078
1.575363
1.383044
1.452316
1.363574
1.592613
1.365230
1.417176
1.591322
1.430631
1.408242
1.529645
1.527213
1.691031
1.393332
1.440826
1.217882
1.465860
1.455364
1.520206
1.503387
1.512377
1.328631
1.309389
2.327999
1.459444
1.476664
1.422771
1.412698
1.530819
1.552304
1.371966
1.482813
1.609574
1.329009
1.737216
1.462579
1.576652
1.338529
1.292831
1.506543
1.544163
1.364922
1.570870
1.398200
1.583459
1.594432
1.566462
1.528079
1.361169
1.311930
1.365898
1.520974
1.256036
1.426431
1.266264
1.293311
1.473092
1.225399
1.591096
1.351344
1.559525
1.333162
1.663171
1.613827
1.649042
1.993927
1.293322
1.373261
1.580192
1.270130
1.499975
1.301452
1.306435
1.362315
1.539986
1.443190
1.292429
1.486970
1.420576
1.470341
1.417634
1.348532
1.673544
1.211199
1.560016
1.335815
1.432262
1.563046
1.598136
1.731432
1.597768
1.394792
1.413969
1.267656
1.389495
1.441888
1.436368
1.386409
1.518132
1.375646
1.514013
1.480141
1.446148
1.647642
1.178205
1.616188
1.483713
1.292953
1.433345
1.443248
1.424868
1.540508
1.357418
1.572347
1.510021
1.439795
1.381466
1.481091
1.302517
1.480353
1.442114
1.391034
1.421772
1.581845
1.457656
1.262090
1.433596
1.511929
1.632656
1.336775
1.548479
1.474916
1.184818
1.605876
1.420219
1.540791
1.594435
1.510302
1.383092
1.412711
1.396911
1.402484
1.541223
1.628644
1.600836
1.286481
1.216229
1.461125
1.326576
1.783362
1.424140
1.427601
1.464530
1.652948
1.699968
1.308630
1.378978
1.415463
1.382395
1.298826
1.368522
1.339468
1.344717
1.458329
1.491740
1.606571
1.489800
1.574540
1.325787
1.334179
1.559253
1.458083
1.456133
1.441228
1.410813
1.336139
1.470558
1.426430
1.347615
1.517646
1.420076
1.460687
1.331164
1.383298
1.509537
1.698901
1.378556
1.390260
1.508454
1.431626
1.459568
1.920958
1.267064
1.677029
1.602919
1.410643
1.322079
1.317118
1.316605
1.570432
1.388679
1.738847
1.360448
1.588295
1.431450
1.429438
1.252216
1.486459
1.298795
1.225824
1.256220
1.289205
1.390609
1.323835
1.284637
1.298035
1.527714
1.481428
1.346888
1.407137
1.397682
1.452302
1.508300
1.371521
1.529311
1.517135
1.440986
1.379741
1.424206
1.454748
1.346485
1.495989
1.565551
1.271634
1.872877
1.580146
1.650028
1.218078
1.393072
1.363337
1.431880
1.413440
1.309761
1.302747
1.454673
1.433645
1.377218
1.365773
1.424494
1.167719
1.405471
1.659288
1.293244
1.433889
1.401415
1.473527
1.500134
1.275115
1.506704
1.491240
1.409056
1.263372
1.336993
1.326065
1.665557
1.190517
1.548188
1.515793
1.468810
1.482516
1.421732
1.203480
1.507025
1.400837
1.382219
1.386240
1.517951
1.296978
1.409522
1.367562
1.364013
1.585783
1.343617
1.529942
1.528625
1.309735
1.238223
1.314965
1.259011
1.426221
1.320212
1.054343
1.485989
1.614567
1.327224
1.317617
1.416510
1.400269
1.635977
1.654620
1.203277
1.411451
1.435055
1.551694
1.633536
1.513046
1.484611
1.369822
1.460769
1.393559
1.548595
1.380733
1.405136
1.406844
1.386799
1.406033
1.240221
1.404602
1.292641
1.560505
1.255861
1.322962
1.222833
1.342083
1.425524
1.315514
1.488493
1.425889
1.483649
1.394453
1.417929
1.422099
1.174587
1.296178
1.404583
1.498547
1.502673
1.289744
1.507293
1.721389
1.448865
1.395118
1.400222
1.382882
1.562740
1.245770
1.351865
1.275862
1.343353
1.530056
1.345540
1.462872
1.604259
1.545868
1.395844
1.586893
1.208039
1.481872
1.409408
1.347926
1.438220
1.616563
1.444625
1.517570
1.558672
1.517104
1.563192
1.603300
1.372435
1.404393
1.493047
1.127132
1.228912
1.478398
1.347425
1.488690
1.281251
1.630092
1.535414
1.288075
1.380862
1.491036
1.284299
1.408564
1.412140
1.244888
1.462253
1.411667
1.354642
1.319739
1.211506
1.355525
1.405634
1.397981
1.432773
1.420403
1.460972
1.371529
1.396501
1.421430
1.375083
1.350624
1.546310
1.291809
1.272793
1.649050
1.154401
1.277118
1.623292
1.478415
1.238652
1.349688
1.342067
1.339439
1.177705
1.353491
1.357034
1.422904
1.600761
1.402702
1.549537
1.405843
1.489090
1.205964
1.369144
1.409720
1.408236
1.261032
1.268547
1.785990
1.768487
1.372419
1.402849
1.389571
1.360427
1.802042
1.244491
1.326797
1.294349
1.404510
1.477873
1.483809
1.362471
2.042398
1.333166
1.489831
1.431450
1.306568
1.441188
1.295094
1.398951
1.232387
1.287418
1.789991
1.520892
1.391259
1.439883
1.374089
1.403678
1.336677
1.344712
1.383473
1.519606
1.401777
1.698956
1.391174
1.313165
1.633963
1.531891
1.283874
1.360893
1.505217
1.304817
1.361364
1.484629
1.454975
1.481875
1.177786
1.293388
1.459335
1.305776
1.356872
1.273810
1.558222
1.278004
1.456680
1.334408
1.494156
1.157666
1.363652
1.386006
1.397662
1.491337
1.491411
1.552796
1.269639
1.528401
1.577684
1.319738
1.478915
1.466301
1.320877
1.421292
1.587835
1.434562
1.251411
1.061641
1.391006
1.462657
1.511675
1.324936
1.404510
1.405724
1.557075
1.419728
1.463923
1.337992
1.595991
1.574451
1.313830
1.241487
1.395233
1.277129
1.210567
1.324691
1.252915
1.143586
2.032974
1.502937
1.416383
1.422544
1.229410
1.332006
1.439715
1.137447
1.523174
1.318764
1.528496
1.366873
1.325760
1.506315
1.308819
1.241273
1.492398
1.663386
1.366281
1.412917
1.276542
1.264941
1.162162
1.329206
1.571201
1.301274
1.484810
1.557537
1.234120
1.475571
1.458987
1.683017
1.548177
1.151748
1.351586
1.315410
1.322383
1.298566
1.263976
1.338979
1.475483
1.367881
2.047451
1.510477
1.358663
1.321332
1.263567
1.392801
1.290931
1.215805
1.267340
1.452391
1.368430
1.473511
1.520507
1.507989
1.119008
1.302135
1.388496
1.389771
1.329543
1.480495
1.446632
1.251354
1.209522
1.610341
1.510443
1.530816
1.398335
1.536612
1.395356
1.572570
1.321285
1.446508
1.319049
1.470951
1.489009
1.234088
1.533702
1.389817
1.343087
1.447770
1.346303
1.164541
2.951175
1.489617
1.510759
1.295278
1.231097
1.407926
1.481806
1.278074
1.355707
1.438003
1.265929
1.329087
1.320781
1.177155
1.316297
1.466526
1.526940
1.338288
1.344424
1.572597
1.349942
1.449063
1.461719
1.640331
1.436277
1.391357
1.289935
1.290943
1.603477
1.479337
1.548682
1.725168
1.480282
1.348005
1.308089
1.406439
1.532709
1.427152
1.307337
1.341132
1.163237
1.279717
1.237719
1.547156
1.304842
1.299733
1.644707
1.285388
1.438955
1.511960
1.180334
1.412239
1.387758
1.223625
1.240754
1.583647
1.750256
1.350201
1.224480
1.258606
1.306189
1.337767
1.318583
1.509571
1.394918
1.496720
1.298306
1.302101
1.330432
1.432145
1.346462
1.476464
1.500959
1.555095
1.354841
1.051366
1.392968
1.496563
1.315847
1.520692
1.371172
1.330219
1.336634
1.412918
1.591696
1.237760
1.463758
1.133367
1.415354
1.221011
1.306307
1.560945
1.470625
1.346938
1.116718
1.353839
1.695182
1.448507
1.309543
1.457777
1.402722
1.121353
1.410164
1.361775
1.658937
1.524453
1.265876
1.449311
1.350627
1.380394
1.368507
1.315103
1.180610
1.459085
1.476067
1.241806
1.591114
1.424737
1.316696
1.318357
1.396051
1.616683
1.483951
1.105710
1.320017
1.413128
2.051847
1.306492
1.479076
1.322775
1.604734
1.181187
1.418316
1.421529
1.378032
1.494679
1.326936
1.220306
1.415365
1.391170
1.465013
1.244973
1.139533
1.508802
1.427966
1.241126
1.535790
1.502401
1.341951
1.709519
1.370556
1.519543
1.420727
1.413893
1.289941
1.538239
1.403546
1.400228
1.276137
1.518384
1.472774
1.179918
1.399508
1.271500
1.380878
1.488696
1.413753
1.451400
0.996102
1.597065
1.252647
1.440381
1.361160
1.176957
1.397352
1.231290
1.274056
1.378618
1.280141
1.320177
1.440863
1.278080
1.393194
1.325614
1.518744
1.514660
1.939016
1.111837
1.341825
1.317932
1.295837
1.487723
1.520228
1.233037
1.447223
1.500468
1.364718
1.276824
1.234343
1.523853
1.601391
1.371204
1.461463
1.280644
1.432668
1.280568
1.431775
1.262215
1.353234
1.265637
1.023073
1.417404
1.404085
1.360151
1.531322
1.178252
1.378007
1.279929
1.477259
1.344684
1.283948
1.339156
1.440710
1.298246
1.385767
1.458510
1.235287
1.398274
1.325777
1.455119
1.396199
1.353650
1.466588
1.560390
1.397062
1.338864
1.357503
1.204261
1.466000
1.378072
1.823839
1.467130
1.175145
1.409927
1.574041
1.173427
1.436504
1.425500
1.403353
1.392051
1.285113
1.138211
2.213776
1.207331
1.420016
1.368636
1.305506
1.678209
1.396416
1.553987
1.702173
1.470378
1.310403
1.427153
1.482062
1.253717
1.266864
1.331753
1.248061
1.334117
1.111300
1.269370
1.538144
1.241224
1.327091
1.391702
1.446637
1.295172
1.099970
1.427028
1.392449
1.375933
1.629251
1.220105
1.350174
1.438231
1.550178
1.357786
1.330727
1.385297
1.266811
1.306073
1.491985
1.496995
1.725108
1.270162
1.526875
1.374218
1.454825
1.482639
1.251106
1.386292
1.399778
1.504721
1.237997
1.484128
1.315730
1.519106
1.592443
1.334836
1.754627
1.349334
1.455216
1.374212
1.625158
1.371911
1.245782
1.188351
1.460249
1.400906
1.327700
1.639017
1.582601
1.287664
1.407125
1.126791
1.192524
1.306899
1.416555
1.267523
1.250021
1.372937
1.335921
1.089552
1.237683
1.387908
2.381068
1.380313
1.507157
1.639346
1.268893
1.480480
1.300364
1.312289
1.449938
1.566554
1.202222
1.452497
1.150844
1.498974
1.318355
1.330650
1.563166
1.406791
1.395657
1.433668
1.200518
1.201934
1.486722
1.272831
1.230360
1.153067
1.233920
1.424923
1.166221
1.457549
1.250036
1.059620
1.346493
1.533208
1.379423
1.294249
1.385658
1.555593
1.371850
1.225048
1.170699
1.328224
2.277431
1.557819
1.486182
1.221412
1.390982
1.279134
1.328057
1.426647
1.204127
1.524730
1.379721
1.440889
1.275877
1.301657
1.253268
1.380244
1.271244
1.298616
1.193592
1.687029
1.367593
1.363533
1.198045
1.500892
1.286135
1.387478
1.365414
1.476025
1.062773
1.374784
1.155002
1.600663
1.176297
0.880234
1.391205
1.444036
1.527071
1.341381
1.748841
1.459887
1.821746
1.225568
2.194897
1.213684
1.362799
1.363535
1.313092
1.157995
1.207019
1.319501
1.428550
1.269653
1.170428
1.290568
1.372017
1.443895
1.383401
1.522435
1.362106
1.428260
1.240439
1.492435
1.443136
1.271995
1.422107
1.344859
1.372103
1.360912
1.658541
1.327422
1.309288
1.193452
1.355703
1.387652
1.390522
1.399138
1.307441
1.591649
1.695449
1.401782
1.319152
1.573737
1.474247
1.381052
1.606481
1.232603
1.305454
1.507331
1.293958
1.604245
1.300446
1.361497
0.975946
1.298181
1.204592
1.486066
1.440421
1.492745
1.108168
1.531551
1.693847
1.478372
1.438921
1.186467
1.305785
1.338226
1.154810
1.151435
1.392770
1.130125
1.503784
1.617916
1.345317
1.409369
1.409941
1.215923
1.478332
1.210991
1.390800
1.271141
1.327641
1.284585
1.124596
1.520749
1.340173
1.256567
1.418313
1.483621
1.428451
1.525017
1.289135
1.398753
1.393775
1.078281
1.153896
1.252638
1.410997
1.253881
1.590960
1.324096
1.305653
1.149234
1.484946
1.502175
1.373159
1.338561
1.047252
1.407252
1.513955
1.167507
1.251801
1.486972
1.294997
1.461020
1.404676
1.560550
1.363424
1.442285
1.206174
1.538323
1.288189
1.316421
1.355673
1.544286
1.394621
1.524139
1.508339
1.585886
1.741836
1.773946
1.400707
1.596099
1.602937
1.462992
1.282917
1.318819
1.335237
1.202701
1.203129
1.415359
1.209521
1.281505
1.172629
1.198789
1.245053
1.454518
1.285411
1.242578
1.152666
1.473722
1.314391
1.377403
1.252136
1.316157
1.270800
1.486667
1.675379
1.587858
1.159852
1.626805
1.384831
1.603600
1.293564
1.338343
1.242158
1.355486
1.244508
1.478146
1.325465
1.557734
1.724894
1.208249
1.432380
1.443333
1.390081
1.340413
1.420274
1.372214
1.269307
1.529748
1.493615
1.287565
1.234356
1.266167
1.251549
1.452120
1.374241
1.439699
1.180174
1.287097
1.407018
1.242918
1.349370
1.247275
1.110296
1.511085
1.445941
1.629290
1.301273
1.196414
1.483261
1.424836
1.292022
1.402607
1.455307
1.138674
1.640835
1.216821
1.404620
1.321715
1.242654
1.404627
2.173783
1.262851
1.543417
1.541337
1.274012
1.417834
1.426047
1.525725
1.292337
1.147569
1.398665
1.263893
1.261964
1.335437
1.165298
1.144242
1.303679
1.080457
1.335672
1.349877
1.231678
1.113170
1.444962
1.281586
1.297443
1.336033
1.289835
1.301084
1.546607
1.383553
1.269466
1.454448
1.411872
1.302405
1.406664
1.444779
1.438691
1.253757
1.381612
1.237465
1.575151
1.312328
1.455636
1.404983
1.133123
1.572099
1.149117
1.347607
1.635277
1.225504
1.230997
1.444590
1.377087
1.428310
1.432400
1.334485
1.090106
1.392040
1.380471
1.493438
1.409066
1.567559
1.362204
1.387893
1.483251
1.276832
1.282884
1.347359
1.330544
1.286448
1.440906
1.294852
1.274426
1.348658
1.209708
1.349236
1.127735
1.232883
1.434608
1.246695
1.434676
1.480114
1.199536
1.278777
2.254999
1.320591
1.144104
1.439613
1.291981
1.392052
1.094367
1.514186
1.556094
1.284013
1.581462
1.371171
1.526816
1.070038
1.504420
1.538721
1.280629
1.497435
1.280755
1.270952
1.214610
1.199022
1.313877
1.352299
1.367377
1.401005
1.446379
1.345773
1.232461
1.285306
1.150952
1.582219
1.418968
1.373965
1.670720
1.517028
1.543349
1.213932
1.349075
1.277463
1.090012
1.496935
1.704592
1.287570
1.360090
1.427137
1.399624
1.404792
1.159664
1.318138
1.414996
1.656036
1.399033
1.320192
1.141184
1.314352
1.314163
1.225067
1.177276
1.463706
1.435011
1.249084
1.628076
1.322806
1.276104
1.367633
1.414528
1.323949
1.458812
1.176266
1.304154
1.584045
1.291180
1.061258
1.378341
1.564011
1.321086
1.282367
1.238473
1.472494
1.354143
1.108253
1.304671
1.236658
2.399452
1.270685
1.344889
1.406952
1.348082
1.207448
1.385192
1.332473
1.410299
1.239218
1.211980
1.625806
1.568994
1.415438
1.330360
1.337563
1.168663
1.277350
1.348969
1.272604
1.233402
1.263455
1.422516
1.419015
1.367954
1.578027
1.621943
1.230838
1.505177
1.251323
1.395291
1.364907
1.390295
1.380643
1.409438
1.169873
1.494497
1.560281
1.404661
1.424090
1.303539
1.121997
2.383967
1.222299
1.347275
1.256886
1.202793
1.254040
1.300301
1.286880
1.587272
1.221172
1.367266
1.467681
1.500719
1.174411
1.243477
1.244087
1.431388
1.366576
1.414429
1.629834
1.313732
1.227697
1.205073
1.396666
1.305060
1.253181
1.135720
1.222881
1.408123
1.470179
1.372078
1.321755
1.252725
1.286462
1.242614
1.748329
1.474395
1.319000
1.357417
1.274243
1.432674
1.319952
2.594046
1.466418
1.450463
1.206095
1.157535
1.175251
1.209147
1.553747
1.610653
1.098046
1.274327
1.439593
1.303369
1.228549
1.343768
1.361773
1.323362
1.376227
1.443256
1.365384
1.445512
1.275701
1.311733
1.482695
1.577094
1.363305
1.182995
1.435992
1.381729
1.544003
1.248245
1.530872
1.095706
1.235000
1.406122
1.504225
1.217444
1.235952
1.353563
1.200252
1.518713
1.170066
1.259292
1.562398
1.332049
1.481364
1.326055
1.296066
1.294320
1.240079
1.372072
1.398895
1.273119
1.338930
1.338342
1.347085
1.381038
1.230891
1.338425
1.249264
1.297526
1.175539
1.357089
1.411834
1.381024
1.319803
1.292644
1.578700
1.172043
1.761382
1.275506
1.095360
1.341549
1.346638
1.205944
1.214202
1.471281
1.419521
1.463492
1.324919
1.124587
1.492101
1.363563
1.267948
0.823791
1.516505
1.216998
1.287715
1.369531
1.234185
1.134820
1.372294
1.271353
1.305918
1.379562
1.186708
1.339516
1.402636
1.467402
1.173993
1.155483
1.538699
1.297529
1.204221
1.375034
1.361732
1.434263
1.417558
1.533984
1.353859
1.331067
1.183699
1.525372
1.344145
1.317323
1.444637
1.335990
1.741367
1.195392
1.510546
1.322638
1.273466
1.188048
1.366576
1.468247
1.313702
2.327263
1.308631
1.344293
1.712850
1.233605
1.494643
1.384389
1.272087
1.180176
1.417566
1.485813
1.362702
1.353990
1.386747
1.277435
1.352323
1.347634
1.457750
1.456115
1.343960
1.235702
1.069408
1.161063
1.291927
1.293846
1.349008
1.288607
1.299762
1.301347
1.481794
1.204989
1.698902
1.481181
1.281909
1.391289
1.497687
1.539029
1.175670
1.268321
1.254973
0.998277
1.303955
1.262469
1.617242
1.230758
1.469931
1.536875
1.185280
1.227221
1.340904
1.347467
1.427408
1.629557
1.217656
1.421866
1.225887
1.325529
1.482104
1.200047
1.172318
1.459243
1.344634
1.285528
1.367335
1.390050
1.381229
1.510602
1.128475
1.269426
1.418667
1.482293
1.301574
1.429760
1.298006
1.410401
1.461483
1.426104
1.262077
1.347854
1.443987
1.215766
1.423863
1.412929
1.184066
1.235740
1.327129
1.373214
1.108978
1.334059
1.239733
1.063403
1.250817
1.310183
1.129432
1.405146
1.386333
1.326468
1.258950
1.337507
1.220362
1.244769
1.352466
1.318861
1.277972
1.490060
1.257663
1.283376
1.545595
1.752868
1.639629
1.418660
1.312808
1.408408
1.433351
1.302139
1.337610
1.175118
1.410377
1.427079
1.600945
1.312041
1.270070
1.456207
1.520214
1.306417
1.267078
1.767500
1.320664
1.520374
1.482447
1.610731
1.236811
0.945059
1.369908
1.191877
1.248640
1.197462
1.290775
1.550151
1.263765
1.290072
1.582222
1.416284
1.422445
1.217332
1.185734
1.344831
1.164381
1.255549
1.260436
1.407426
1.247791
1.319825
1.458362
1.525930
1.337950
1.436892
1.279301
1.485259
1.534746
1.375918
1.406023
1.313045
1.179850
1.356032
1.326851
1.378904
1.316795
1.350122
1.408426
1.221626
1.257861
1.295753
1.312848
1.346117
1.332125
1.356616
1.427202
1.174971
1.354589
1.321426
1.567031
1.391076
1.282484
1.366021
1.492754
1.206148
1.330273
1.485669
1.437441
1.188294
1.543571
1.291184
1.368548
1.699796
1.534654
1.264620
1.516002
1.210542
1.259803
1.240857
1.256287
1.271600
1.399305
1.219278
1.217669
1.263632
1.233686
1.524286
1.271930
1.404303
1.371380
1.210703
1.315400
1.218325
1.319884
1.311900
1.446171
1.511299
1.266702
1.374382
1.568556
1.193321
1.332291
1.624978
1.286061
1.337433
1.329788
1.276287
1.287128
1.495160
1.093199
1.392605
1.373065
1.445148
1.206441
1.196720
1.546027
1.483289
1.451673
1.389232
1.238162
1.353114
1.447174
1.562924
1.271311
1.216166
1.298625
1.347791
1.407619
1.411726
1.318628
1.925403
1.158503
1.314885
1.299139
1.331719
1.433976
1.520986
1.498054
1.368909
1.429373
1.403271
1.385669
1.268633
1.449703
1.140179
1.177791
1.295573
1.249047
1.438420
1.287636
1.233409
1.442706
1.559809
1.460669
1.314053
1.233674
1.407807
1.158326
1.289949
1.342633
1.520144
1.431475
1.360302
1.219755
1.284378
1.399003
1.295125
1.273679
1.130355
1.353353
1.330139
1.217695
1.812515
1.504646
1.238028
1.356598
1.170294
1.342553
1.575619
1.370496
1.256290
1.287803
1.207200
1.584934
1.273151
1.307493
1.351531
1.029695
1.239921
1.265853
1.173148
1.343215
1.168168
1.243447
1.389563
1.581926
1.609751
1.112646
1.353528
1.480302
1.360224
1.757177
1.215532
1.344782
1.138797
1.537550
1.396932
1.225660
1.212109
1.553914
1.281124
1.361514
1.376870
1.200932
2.665815
1.028542
1.394561
1.393116
1.573729
1.309157
1.551095
1.390217
1.399325
1.191899
1.338140
1.228083
1.617620
1.280051
1.505691
1.412975
1.504492
1.599446
1.175025
1.447730
1.463862
1.502510
1.370002
1.344359
1.269484
1.075565
1.275032
1.436206
1.413432
1.140732
1.555366
1.258580
1.197544
1.302325
1.189979
1.449531
1.269210
1.232139
1.360107
1.255514
1.299769
1.368919
2.114955
1.367102
1.343660
1.185334
1.320879
1.279772
1.385274
1.347292
1.237788
1.153516
1.300182
1.449532
1.390506
1.240832
1.431389
1.277201
1.254091
1.177759
1.355888
1.519630
1.434425
1.565970
1.186430
1.285280
1.242340
1.256060
1.389073
1.087547
1.269005
1.511369
1.357591
1.309123
1.289653
1.303940
1.264613
1.391934
1.449920
1.284523
1.336088
1.449883
1.579489
1.177331
1.919677
1.175699
1.224199
1.173571
1.261970
1.247556
1.204933
1.223523
1.424143
1.368267
1.433935
1.334360
1.509930
1.349805
1.422671
1.269615
1.453882
1.309978
1.236003
1.209153
1.298210
1.507270
1.224560
1.384681
1.593614
1.132481
1.132804
1.429076
1.409313
1.316305
1.388802
1.304235
1.186895
1.383186
1.570347
1.675654
1.223993
1.180043
1.215248
1.240813
1.120671
1.358246
3.529908
1.180833
1.302832
1.377438
1.176867
1.182354
1.212927
1.394948
1.066218
1.459362
1.384603
1.164083
1.633202
1.378790
1.212761
1.100073
1.321375
1.118642
1.272753
1.233858
1.354460
1.620195
1.354290
1.314303
1.650631
1.349912
1.380864
1.203687
1.487936
1.329412
1.417877
1.535696
1.378564
1.332749
1.398676
1.460869
1.443605
1.287447
1.178543
1.181721
1.069757
1.446819
1.278444
1.433924
1.234699
1.194046
1.484125
1.379329
1.217422
1.401264
1.161794
1.408034
1.259323
1.425870
1.274511
1.199066
1.451588
1.545146
1.226720
1.422388
1.171073
1.210837
1.335238
1.332367
1.322916
1.449245
1.397103
1.203503
1.365358
1.354967
1.248533
1.512336
1.321661
1.191360
1.055342
1.362741
1.308881
1.353780
1.313675
1.196372
1.174676
1.370955
1.326413
1.343206
1.192999
1.232430
1.135009
1.427637
1.335579
1.246200
1.272064
1.460413
1.287531
1.731953
1.317131
1.184219
1.312149
1.226261
1.327100
1.219787
1.260735
1.330626
1.496835
1.149545
1.423472
1.470025
1.254062
1.243028
1.423783
1.275583
1.111302
1.416375
1.374858
1.198868
1.240247
1.233536
1.330469
1.219778
1.481127
1.290016
1.277286
1.410462
1.431101
1.213323
1.471151
1.278215
1.325379
1.283171
1.488522
1.265026
1.351414
1.478456
1.422967
1.247028
1.249380
1.284354
1.252196
1.388477
1.148268
1.427751
1.249250
1.301840
1.370697
1.214517
1.348389
1.393080
1.147434
1.245116
1.605913
1.435768
1.102690
1.296633
1.283949
1.468945
1.398316
1.549403
1.418708
1.218522
1.363163
1.450067
1.334834
1.501043
1.437575
1.470105
1.311748
1.203434
1.206357
1.312437
1.824159
1.222443
1.195566
1.436697
1.404293
1.074355
1.322890
1.392798
1.178067
1.429697
1.103462
1.064366
1.069437
1.302932
1.452671
1.539855
1.111051
1.582827
1.483559
1.206907
1.264905
1.301378
1.629409
1.386689
1.287032
1.504447
1.526513
1.315834
1.416426
1.484943
1.374159
1.461858
1.261318
1.292274
1.343720
1.385176
1.205272
1.052695
1.312433
1.193924
1.370198
1.167590
1.413548
1.282771
1.175028
1.034934
1.216973
1.443592
1.391980
1.096323
1.490495
1.178724
1.308819
1.222325
1.545715
1.548909
1.328782
1.559778
1.249878
1.340204
1.519004
1.265342
1.427490
1.182569
1.251324
1.504873
1.269346
1.180706
1.281299
1.473394
1.350876
1.086833
1.348549
1.519616
1.171358
1.496677
1.328443
1.152780
1.351293
1.400514
1.468510
1.311543
1.434517
1.219788
1.655994
1.457676
1.167181
1.290076
1.328862
1.527567
1.061422
1.310891
1.272890
1.536533
1.386528
1.224035
1.386072
1.222161
1.456072
1.192209
1.218057
1.255813
1.056506
1.325328
1.295013
1.464177
1.507928
1.176690
1.156463
1.503603
1.377427
1.206803
1.233395
1.491036
1.311085
1.347268
1.567720
1.503466
1.366617
1.322954
1.090844
1.267953
1.413283
1.284083
1.350722
1.007789
1.305269
1.407431
1.356489
1.563316
1.463745
1.422259
1.300065
1.032286
1.013501
1.253653
1.330373
1.294182
1.470822
1.222729
1.293579
1.328068
1.206148
1.375004
1.321707
1.293341
1.137947
1.227046
1.294456
1.127135
1.430821
1.654930
1.356699
1.469885
1.213187
1.696780
1.458572
1.349225
1.296217
1.425854
1.244195
1.479501
1.066704
1.158252
1.552387
1.210237
1.239035
1.276921
1.870449
1.227429
1.336630
1.427859
1.146613
1.367984
1.414373
1.436621
1.440476
1.219680
1.370688
1.485476
1.484680
1.155637
1.102795
1.312532
1.180348
1.314057
1.004002
1.540847
1.434964
1.507691
1.230360
1.470118
1.064513
1.344963
1.403030
1.103937
1.232562
1.439008
1.116019
1.142398
1.377232
1.435714
1.351984
1.497840
1.285235
1.422024
1.422071
1.422853
1.223206
1.065940
1.610385
1.219742
1.517262
1.368274
1.280623
1.373190
1.046819
1.112704
0.984369
1.293236
1.399935
1.223275
1.385385
1.329550
1.412001
1.355985
1.236371
1.458126
1.209623
1.365935
1.475849
1.315721
1.167178
1.124840
1.451731
1.360683
1.347685
1.417842
1.453005
1.261152
1.282827
1.254475
1.325873
1.355760
1.283348
1.277888
1.536563
1.427074
1.465963
1.569909
1.273519
1.310009
0.823232
1.378458
1.429706
1.113522
1.267984
1.275822
1.313451
1.315245
1.238041
1.354826
1.310604
1.441155
1.247263
1.401019
1.391966
1.108122
1.253945
1.490800
1.070630
1.508633
1.398942
1.172282
1.479045
1.272293
1.279894
1.474029
1.368202
1.265788
1.131749
1.350936
1.460639
1.224376
1.324123
1.416231
1.256178
1.283830
1.301656
1.329484
1.484382
1.743104
1.445642
1.481830
3.219001
1.479571
1.287216
1.120876
1.431042
1.401822
1.163485
1.197082
1.362718
1.300720
1.249872
1.208106
1.323644
1.312747
1.350625
1.143872
1.230599
1.200309
1.448180
1.257639
1.105414
1.329713
1.493839
1.305320
1.242221
1.242827
1.408998
1.214084
1.113124
1.487110
1.070365
1.197861
1.557822
1.389751
1.150574
1.352448
1.412414
1.248364
1.465843
1.401174
1.498429
1.178987
2.101974
1.556518
1.365746
1.327282
1.264369
1.649664
1.288639
1.563127
1.275979
1.052364
1.357125
1.232499
1.293803
1.402686
1.448033
1.277428
1.446976
1.468917
1.276598
1.266417
1.348006
1.280706
1.289983
1.439061
1.372224
1.272981
1.436095
1.242901
1.313121
1.340485
1.077907
1.240101
1.063808
1.342278
1.345734
1.475421
1.325526
1.141212
1.441636
1.297075
1.543924
1.320158
1.730541
1.218404
1.331911
1.381258
1.150437
1.203305
1.090377
1.336099
1.280898
1.414946
1.586611
1.657408
1.503766
1.370715
1.335926
1.367392
1.406613
1.309003
1.210505
1.436468
1.290573
1.077602
1.359490
1.243983
1.377976
1.179349
1.635004
1.165745
1.271164
1.431122
1.126265
1.205181
1.290232
1.439141
1.220013
1.277062
1.343009
1.373671
1.388363
1.244696
1.443262
1.484864
1.024583
1.271913
1.475180
1.280087
1.086878
1.403901
1.407742
1.383445
1.369891
1.438272
1.314417
1.413212
1.219391
1.374921
1.366735
1.216955
1.416239
1.258973
1.136712
1.243383
1.330590
1.351225
1.389214
1.307287
1.337859
1.296176
1.135031
1.221814
1.236294
1.310433
1.248264
1.447912
1.256038
1.434221
1.472078
1.322798
1.261935
1.564153
1.404756
1.456957
1.161344
1.328416
2.139028
1.190871
1.328399
1.381927
1.195111
1.234840
1.755918
1.464135
1.382439
1.124556
1.304524
1.352483
1.114881
1.512588
1.271036
1.529632
1.341569
1.068133
1.426696
1.384091
1.191574
1.263497
1.275968
1.187355
1.287691
1.434040
1.286629
1.414835
1.172741
1.427473
1.250616
1.237700
1.316564
1.364683
1.312771
1.303864
1.168805
1.442546
1.620435
1.411577
1.390510
1.357042
0.995562
1.171456
1.326117
1.561335
1.011305
1.315442
1.121871
1.251365
1.378980
1.457031
1.122198
1.260268
1.257223
1.513230
1.545486
1.306815
1.284953
1.427010
1.357421
1.313349
1.130919
1.319542
1.446441
1.195845
1.124192
1.334404
1.114112
1.446195
1.370214
1.517185
1.335971
1.348336
1.264938
1.116100
1.342017
1.425104
1.457738
1.342242
1.225056
1.246442
1.481436
1.387130
2.879169
1.218289
1.054629
1.397654
1.449681
1.374005
1.240901
1.301505
1.243770
1.146895
1.506378
1.591698
1.381217
1.522868
1.260928
1.342926
1.464910
1.332391
1.222338
1.463165
1.342986
1.249020
1.561094
1.261340
1.506029
1.184808
1.225205
1.297119
1.170617
1.173190
1.350621
1.285312
1.199993
1.312872
1.309220
1.167179
1.333049
1.580944
1.165037
1.325008
1.493423
1.278361
2.058080
1.287338
1.292344
1.284651
1.286655
0.990965
1.157811
1.430606
1.375041
1.186868
1.427863
1.419937
1.265783
1.300265
1.522769
1.414064
1.337740
1.482238
1.335240
1.283694
1.409508
1.235532
1.300998
1.409090
1.206406
1.168498
1.153139
1.351705
1.340972
1.327515
1.625755
1.287093
1.510846
1.363212
1.322809
1.262466
1.267852
1.078411
1.091963
1.547121
1.448205
1.546921
2.186017
1.491879
1.572607
1.077861
1.212495
1.115001
1.233335
1.410929
1.254702
1.493756
1.324428
1.386886
1.386797
1.221738
1.239737
1.335522
1.244762
1.358985
1.336353
1.365463
1.514925
1.237556
1.205210
1.119714
1.443028
1.319915
1.224889
1.551805
1.317823
1.298361
1.391659
1.352018
1.235976
1.307856
1.154255
1.377467
1.390707
1.514444
1.300883
1.188089
1.388337
1.288329
1.282610
1.353282
1.325544
1.373274
1.292271
1.150814
1.271800
1.461374
1.457314
1.365166
1.300231
1.292162
1.141759
1.580439
1.305616
1.315430
1.374465
1.692338
1.493638
1.281752
1.118765
1.370749
1.504233
1.384050
1.165392
1.311053
1.257877
1.254309
1.022025
1.071173
1.150877
1.137055
1.248845
1.249812
1.220201
1.139652
1.173146
1.444056
1.475013
1.322526
1.200022
1.323829
1.610057
1.345019
1.158268
1.113055
1.225581
1.341637
1.261957
1.293976
1.275438
1.107725
1.470424
1.683562
1.301463
1.136037
1.431766
1.131492
1.473491
1.204591
1.102828
1.268980
1.399729
1.397587
1.317445
1.351975
1.301278
1.233750
1.501234
1.290894
1.292892
1.333779
1.219054
1.448288
1.375597
1.379595
1.293366
1.319270
1.404362
1.288665
1.589219
1.335934
1.367048
1.273621
0.790044
1.256249
1.000398
1.325414
1.383496
1.387776
1.422627
1.152262
1.322900
1.273466
1.335971
1.317719
1.166528
1.247162
1.421240
1.323356
1.491457
1.510378
1.538139
1.524450
1.282290
1.229753
1.461071
1.388879
1.423297
1.266671
1.603559
1.396677
1.470340
1.280787
1.331746
1.351285
1.125693
1.411590
1.075439
1.423624
1.189621
1.386166
1.234032
1.219809
1.399207
1.463487
1.164885
1.423934
1.282922
1.215886
1.236595
1.135980
1.563236
1.358018
1.259767
1.138984
1.046224
1.505585
1.479992
1.245477
1.257891
1.383271
1.435106
1.456994
1.518037
1.425221
1.352236
1.289766
1.409969
1.248459
1.093857
1.241680
1.651212
1.478379
1.216591
1.257846
1.468100
1.442554
1.182817
1.631963
1.115278
1.138495
1.435051
1.478263
1.215480
1.283483
1.295895
1.261571
1.467756
1.321625
1.324930
1.231144
1.625007
1.295126
1.284286
1.240998
1.167709
1.211849
1.356197
1.304132
1.178903
1.487813
1.502002
1.206911
1.261294
1.240615
1.425728
1.129977
1.141009
1.081869
1.782199
1.183667
1.439175
1.392696
1.395285
1.202273
1.122646
1.308803
1.531572
1.412068
1.494645
1.259987
1.201123
1.253934
1.261268
1.158808
1.246772
1.528150
1.399311
1.553770
1.596323
1.129278
1.406960
1.438266
1.347442
1.404749
1.151729
1.486884
1.661703
1.208717
1.220970
1.247566
1.339524
1.061136
1.422486
1.218958
1.330636
1.676795
1.445291
1.406748
1.310436
1.458772
1.300419
1.477898
1.228450
1.181166
1.231218
1.052459
1.213388
1.328256
1.462986
1.348808
1.180373
1.477045
1.242537
1.191540
1.358550
1.387775
1.271097
1.308357
1.513034
1.311145
2.604519
1.402980
1.274556
1.277571
1.362555
1.429203
1.113123
1.471419
1.372193
1.211669
1.229312
1.328241
1.274603
1.211255
1.276019
1.386219
1.364071
1.378840
1.480375
1.467022
1.399342
1.335565
1.116029
1.526719
1.393433
1.361931
1.103072
1.285998
1.383705
1.498553
1.181357
1.300020
1.223937
1.426160
1.120648
1.611909
1.197686
1.149976
1.219557
1.060551
1.282984
1.408652
2.339489
1.302403
1.183457
1.252104
1.309718
1.086131
1.379641
1.352119
1.265407
1.446147
1.411018
1.360490
1.343138
1.305310
1.259638
1.507270
1.342910
1.211960
1.340755
1.231305
1.299721
1.402333
1.355592
1.266095
1.288809
1.607102
1.204173
1.272823
1.415723
1.114450
1.289981
1.403336
1.312397
1.096757
1.187094
1.298210
1.168051
1.266400
1.307810
1.342726
1.219526
1.333239
1.643202
1.409477
1.264357
1.359541
1.506917
1.385771
1.604085
1.254643
1.227007
1.464955
1.362319
1.396653
1.557557
1.569581
1.130738
1.223938
1.436301
1.385729
1.256444
1.394111
1.227302
1.459418
1.121050
1.408213
1.336076
1.437375
1.290114
1.148213
1.364100
1.502746
1.405263
1.349509
1.311596
1.171793
1.317477
1.118052
1.470005
1.279162
1.005226
1.255772
1.323281
1.431315
1.072479
1.345347
1.453585
1.225412
1.349568
1.390303
1.569247
1.435426
1.256421
1.251248
1.217502
1.360544
1.220650
1.446187
1.166696
1.332688
1.335334
1.406176
1.418366
1.277359
1.242540
1.374811
1.311086
1.250723
1.277431
1.483265
1.187098
1.544084
1.378068
1.214999
1.354919
1.228744
1.525473
1.526263
1.190754
1.133204
1.333579
1.157910
1.360226
1.341261
1.328641
1.163665
1.323457
1.303647
1.598157
1.329212
1.230274
1.567373
1.470490
1.366410
1.292588
1.246560
1.377298
1.307242
1.199267
1.131001
1.133993
1.221349
1.249568
1.438949
1.416137
1.141811
1.450392
1.089093
1.147402
1.179347
1.309940
1.390379
1.352407
1.133908
1.451648
1.327732
1.367267
1.148312
1.479235
1.466156
1.173093
1.508273
1.335301
1.461604
1.371240
1.387884
1.274547
1.268161
1.146561
1.228232
1.431305
1.363405
1.409081
1.617071
1.096146
1.593811
1.274274
1.335038
1.291295
1.395168
1.460729
1.073315
1.255775
1.117687
1.282588
1.166575
1.407426
1.269746
1.442103
1.277026
1.158587
1.213278
1.153492
1.149827
1.139012
1.451474
1.539775
1.490072
1.582323
1.553031
1.296984
1.410603
1.419594
1.371422
1.071835
1.208348
1.177962
1.048426
1.198352
1.153767
1.768201
1.309974
1.606967
1.205573
1.596046
1.236865
1.401394
1.426521
1.474703
1.304156
1.177063
1.463273
1.283213
1.198586
1.248541
1.595699
1.140292
1.256266
1.505616
1.117436
1.504608
1.428611
1.489516
1.308491
1.332138
1.437011
1.147124
1.225406
1.297986
1.221195
1.163245
1.398172
1.422867
1.386225
1.142187
1.481308
1.604613
1.154721
1.334780
1.444745
1.082408
1.577922
1.366585
1.384201
1.181923
1.376968
1.444642
1.390398
1.250118
1.600541
1.269237
1.338217
1.139570
1.304618
1.142124
1.268804
1.316720
1.569950
1.427467
1.310385
1.113806
1.403895
1.451368
1.418639
1.714462
1.191066
1.257966
1.135328
1.256647
1.399428
1.194378
1.364373
1.295449
1.325943
1.318764
1.370148
1.530402
1.391451
1.343912
1.327783
1.310285
1.411863
1.211353
0.993972
1.962740
1.360574
1.527000
1.501628
1.308354
1.504376
1.009269
1.457978
1.291475
1.345457
1.414299
1.331260
1.125645
1.326704
1.225664
1.148637
1.522337
1.099171
1.167200
1.433617
1.290121
1.350013
1.276713
1.414474
1.123889
1.454880
1.451368
1.316030
1.217508
1.341201
1.447574
1.501132
1.248980
1.389674
1.192102
1.283418
1.517315
1.367036
1.446646
1.287146
1.250075
1.170869
1.911656
1.589176
1.268813
1.353579
1.323866
1.470337
1.382701
1.259516
1.230103
1.512493
1.293280
1.210455
1.310181
1.193897
1.165337
1.219097
1.421625
1.367055
1.177706
1.377385
1.398465
1.367835
1.179741
1.436398
1.421981
1.343384
1.429888
1.383015
1.528633
1.784865
1.313906
1.281424
1.097825
1.348808
1.149328
1.329928
1.306049
1.250146
1.411376
1.392336
1.234409
1.240918
1.650481
1.296375
1.247648
1.458063
1.214178
1.248230
1.258907
1.322995
1.316425
1.473426
1.142889
1.381642
1.349188
1.221059
1.073154
1.390549
1.332737
1.428841
1.262074
1.183100
1.544048
1.223607
1.305414
1.346160
1.495678
1.433248
1.328932
1.506211
1.211565
1.538095
1.430835
1.376271
1.363868
1.259895
1.384434
1.475759
1.383213
1.452525
1.135320
1.154235
1.358524
1.085108
1.315581
1.532797
1.449329
1.386285
1.333544
1.160220
1.021234
1.513485
1.477416
1.076974
1.351145
1.312390
1.332677
1.402862
1.448418
1.316832
1.277112
1.373836
1.134007
1.143290
1.246265
1.302064
1.202096
1.292187
1.362463
1.382333
1.352002
1.344742
1.178115
1.230609
1.485334
1.286532
1.249795
1.392089
1.513056
1.229128
1.287088
1.551245
1.229288
1.292727
1.272100
1.125851
1.172569
1.371719
1.503198
1.310028
1.352322
1.272193
1.560657
1.183011
1.324517
1.255151
1.272752
1.319247
1.277661
1.202862
1.166489
1.425488
1.279331
1.243373
1.335382
1.339669
1.343604
1.105998
1.373944
1.396373
1.193426
1.422403
1.373898
1.282090
1.312179
1.447437
1.363992
1.235900
1.344514
1.615370
1.370998
1.341621
1.440604
1.031563
1.265326
1.149389
1.367764
1.265571
1.733871
1.613847
1.379719
1.299156
1.581782
1.345782
1.374864
1.278163
1.371443
1.276421
1.513296
1.222426
1.393645
1.296079
1.148367
1.406553
1.437244
1.096691
1.062647
1.502721
1.104146
1.347091
1.281974
1.329945
1.178683
1.446924
1.087475
1.449038
1.182425
1.351620
1.728064
1.310886
1.215798
1.303901
1.389631
1.383224
1.450336
1.224214
1.244073
1.493732
1.031229
1.268405
1.343077
1.173980
1.477665
1.266984
1.404058
1.248745
1.348266
1.506523
1.404717
1.203491
1.355101
1.127789
1.314093
1.183362
1.408019
1.209787
1.164212
1.449267
1.245551
1.512027
1.393887
1.665526
1.414926
1.534634
1.306034
1.392874
1.304071
1.284711
1.395288
1.148911
1.086085
1.392577
1.243318
1.405278
1.342839
1.220542
1.127216
1.403401
1.359980
1.354721
1.693229
1.346656
2.567159
1.319855
1.334045
1.196802
1.079918
1.315919
1.058115
1.491880
1.289462
1.357979
1.236024
1.258212
