2.402667
2.705301
2.256759
2.254662
2.258018
2.199162
2.199491
2.089385
2.128552
2.081816
2.026337
1.980638
1.951612
1.956628
1.950785
1.933977
1.908245
1.892594
1.842195
2.013479
1.797058
1.819013
1.836493
1.685347
1.747697
1.749825
1.832428
1.833895
1.872626
1.892862
1.835376
1.677327
1.787432
1.770469
1.729046
1.769559
1.864251
1.723198
1.791569
1.736035
1.729573
1.809321
1.914287
1.653082
1.905207
1.866717
1.688931
1.740917
1.880357
1.866823
1.705042
1.842149
1.762183
1.661158
1.671222
1.684206
1.641857
1.754959
1.678913
1.666536
1.818461
1.702680
1.685070
1.697944
1.701110
1.761507
1.729882
1.788157
1.517022
1.665532
1.724233
1.760309
1.897680
1.660734
1.650064
1.647045
1.701260
1.721581
1.620127
1.847032
1.637131
1.704973
1.775579
1.749058
1.724012
1.569826
1.677091
1.771142
1.688309
1.691340
1.665299
1.643436
1.570425
1.406031
1.677547
1.805831
1.754853
1.559297
1.650845
1.637901
1.545122
1.497641
1.676795
1.492371
1.738952
1.639011
1.429751
1.733898
1.751152
1.680079
1.586207
1.631654
1.671300
1.513976
1.791468
1.621757
1.625175
1.438360
1.659621
1.567122
1.629191
1.597747
1.799580
1.735294
1.630988
1.652365
1.600490
1.791055
1.625643
1.745334
1.659792
1.646494
1.576792
1.691043
1.646809
1.610110
1.701320
1.623149
1.522001
1.504380
1.720754
1.692319
1.625858
1.671666
1.565118
1.662047
1.438182
1.650549
1.785137
1.529617
1.801873
1.472051
1.571559
1.544815
1.539723
1.591083
1.781617
1.571508
1.721388
1.723805
1.626259
1.645631
1.566002
1.695641
1.654186
1.447721
1.523946
1.681559
1.595895
1.399061
1.634167
1.474453
1.644928
1.568242
1.667239
1.956487
1.756032
1.575550
1.559262
1.654086
1.587419
1.551574
1.704751
1.596987
1.406118
1.513515
1.705277
2.105327
1.626904
1.618146
1.393380
1.564610
1.577004
1.417894
1.353929
1.720795
1.576362
1.618341
1.453718
1.561423
1.667035
1.575757
1.576970
1.658965
1.516185
1.666332
1.615367
1.729759
1.666006
1.880274
1.655519
1.546205
1.515179
1.462888
1.599779
1.413757
1.692663
1.689034
1.597312
1.646300
1.550995
1.552796
1.571226
1.485018
1.499116
1.354714
1.611508
1.721178
1.761319
1.472767
1.629164
1.672181
1.586307
1.626609
1.457396
1.605230
1.568390
1.487831
1.587857
1.545152
1.567924
1.783537
1.348513
1.640404
1.536160
1.525903
1.672354
1.616404
1.450635
1.620432
1.700436
1.358001
1.835265
1.401374
1.783713
1.659592
1.370951
1.677494
1.538054
1.499242
1.613507
1.476334
1.551477
1.282664
1.721546
1.541322
1.480560
1.500570
1.430173
1.514291
1.717900
1.580549
1.363995
1.600098
1.505295
1.507849
1.653612
1.493417
1.551685
1.791729
1.665072
1.564274
1.498806
1.387597
1.446303
1.576524
1.381296
1.607713
1.551911
1.461617
1.720748
1.530978
1.611309
1.496653
1.508313
1.477912
1.433890
1.443902
1.658907
1.668473
1.446805
1.469181
1.594867
1.603022
1.451458
1.432498
1.593635
1.540509
1.578205
1.490460
1.402336
1.521638
1.532875
1.630101
1.526256
1.551479
1.547043
1.393810
1.717847
1.593945
1.623541
1.430289
1.467268
1.493640
1.601917
1.369565
1.600322
1.659355
1.411620
1.780135
1.366546
1.428994
1.640391
1.674046
1.611457
1.364550
1.308798
1.516340
1.518395
1.569625
1.504278
1.511803
1.420649
1.455369
1.554286
1.443339
1.540328
1.586741
1.637789
1.489034
1.516232
1.490261
1.398514
1.616933
1.561644
1.550073
1.548401
1.459503
1.364404
1.795355
1.592207
1.340960
1.366344
1.634156
1.485441
1.515472
1.786945
1.475882
1.477892
1.492069
1.581294
1.526785
1.393661
1.640352
1.629423
1.707026
1.681857
1.584893
1.404231
1.539239
1.735706
1.481148
1.606551
1.464523
1.446502
1.577087
1.500694
1.393035
1.314503
1.631963
1.524963
1.434809
1.528181
1.774520
1.638995
1.496583
1.724051
1.462604
1.459497
1.323971
1.489458
1.470917
1.811225
1.436502
1.444031
1.484672
1.550884
1.497115
1.420444
1.488427
1.523993
1.252295
1.428766
1.425457
1.337733
1.683909
1.513530
1.543018
1.561670
1.363708
1.249901
1.587598
1.569353
1.489066
1.628203
1.443370
1.406296
1.575803
1.593924
1.465631
1.577548
1.581738
1.505787
1.681891
1.469115
1.782576
1.478285
1.343831
1.582416
1.344094
1.349346
1.324428
1.456592
1.429433
1.688063
1.612683
1.607792
1.645088
1.564185
1.548323
1.673031
1.619997
1.306772
1.622721
1.486945
1.478435
1.607640
1.439960
1.339049
1.487059
1.729968
1.400349
1.465145
1.502833
1.549065
1.477391
1.335161
1.583275
1.580447
1.507550
1.374257
1.668590
1.580632
1.468805
1.493289
1.493313
1.516464
1.316782
1.657556
1.550220
1.370900
1.599720
1.498152
1.394861
1.530820
1.516439
1.418801
1.536552
1.203473
1.436286
1.425312
1.487209
1.375323
1.388437
1.549447
1.534135
1.585064
1.470314
1.441039
1.668808
1.557190
1.877207
1.501971
1.416341
1.385750
1.407660
1.449589
1.453191
1.403557
1.352031
1.640525
1.448702
1.575673
1.442456
1.502809
1.599846
1.143857
1.516951
1.361860
1.423223
1.529607
1.401087
1.485412
1.340841
1.260385
1.501241
1.519943
1.451170
1.568538
1.498332
1.606816
1.687800
1.534484
1.340528
1.614293
1.553012
1.465452
1.436526
1.687093
1.399470
1.423297
1.484494
1.392476
1.677658
1.519766
1.597966
1.495588
1.326365
1.485116
1.520841
1.402373
1.500237
1.453278
1.440164
1.615050
1.425327
1.467655
1.574975
1.580709
1.449728
1.463284
1.464993
1.451497
1.508451
1.580681
1.451123
1.459181
1.623900
1.124511
1.326792
1.375224
1.814016
1.727750
1.530322
1.558401
1.418030
1.464170
1.387418
1.472655
1.644885
1.653305
1.441172
1.509140
1.431157
1.380465
1.365355
1.397481
1.453550
1.388909
1.351567
1.570664
1.512264
1.843438
1.478353
1.686529
1.644030
1.569236
1.348158
1.493612
1.405912
1.167638
1.542023
1.380897
1.472034
1.467018
1.405828
1.384786
1.448833
1.262815
1.583903
1.562662
1.723287
1.455009
1.809317
1.423100
1.458089
1.331273
1.414057
1.497947
1.511003
1.525343
1.590409
1.557489
1.310823
1.533544
1.556849
1.372589
1.446079
1.478180
1.387178
1.303893
1.471657
1.447914
1.426027
1.555915
1.323316
1.471897
1.359543
1.371502
1.499662
1.610842
1.448843
1.405097
1.587817
1.473314
1.388999
1.519728
1.463261
1.409136
1.286932
1.444599
1.174896
1.457156
1.595259
1.310066
1.516600
1.407389
1.289014
1.303831
1.363689
1.422210
1.527898
1.407481
1.453838
1.421593
1.379429
1.414559
1.315145
1.555093
1.522846
1.363004
1.473425
1.584791
1.460519
1.542922
1.313160
1.537885
1.664650
1.322336
1.519730
1.417213
1.642854
1.499976
1.490520
1.536780
1.401493
1.565214
1.264551
1.571732
1.430501
1.755371
1.451774
1.545506
1.432510
1.470966
1.533290
1.442184
1.381455
1.328245
1.480648
1.483374
1.326671
1.542482
1.514248
1.694376
1.182478
1.339224
1.565376
1.864721
1.456367
1.175616
1.294684
1.510064
1.504271
1.293114
1.307615
1.639417
1.362753
1.615813
1.394768
1.426122
1.447227
1.594284
1.693575
1.398522
1.499878
1.317392
1.426969
1.388370
1.478041
1.340308
1.498672
1.450551
1.589636
1.663110
1.550222
1.509264
1.363504
1.427913
1.298659
1.335542
1.409396
1.350086
1.246801
1.263819
1.560892
1.645973
1.614156
1.563219
1.407330
1.418344
1.529760
1.417387
1.426000
1.456942
1.383085
1.438585
1.383764
1.430681
1.671450
1.373513
1.473838
1.410187
1.279443
1.473262
1.612143
1.405166
1.411617
1.546867
1.490016
1.410583
1.285841
1.484676
1.620356
1.382495
1.518426
1.449642
1.516590
1.527345
1.319669
1.328679
1.442953
1.378600
1.462061
1.374225
1.717839
1.437623
1.512342
1.459583
1.391992
1.547547
1.296409
1.411891
1.571294
1.586073
1.384224
1.725650
1.464768
1.515417
1.448456
1.451276
1.538340
1.353277
1.498484
1.371619
1.370490
1.552847
1.337132
1.610273
1.751866
1.383533
1.428681
1.396625
1.418938
1.594072
1.429538
1.494815
1.301774
1.473819
1.460223
1.570992
1.337965
1.541273
1.501540
1.143690
1.395361
1.500461
1.373222
1.520301
1.503771
1.430310
1.404262
1.474268
1.376685
1.497708
1.301766
1.393996
1.523048
1.351766
1.419997
1.315037
1.501481
1.473139
1.590726
1.390125
1.459587
1.383339
1.544510
1.425820
1.519979
1.245641
1.578821
1.267602
1.531678
1.661883
1.445055
1.386068
1.513974
1.431485
1.462836
1.357790
1.405506
1.565387
1.759836
1.562599
1.328725
1.586548
1.447845
1.255692
1.259916
1.266213
1.470500
1.615097
1.434121
1.666067
1.432371
1.274571
1.337153
1.613504
1.349626
1.518545
1.441043
1.586032
1.325185
1.271342
1.312073
1.391186
1.435342
1.375297
1.275661
1.389721
1.409908
1.779098
1.478737
1.529314
1.517531
1.443807
1.324772
1.360029
1.379081
1.517537
1.428638
1.429021
1.602047
1.615782
1.433129
1.321356
1.505877
1.537259
1.552300
1.433361
1.376216
1.421239
1.411189
1.174089
1.561749
1.416446
1.423081
1.287217
1.386472
1.679910
1.435195
1.311081
1.413416
1.455627
1.458953
1.346388
1.412233
1.454728
1.374113
1.326764
1.370613
1.285159
1.632673
1.291719
1.811238
1.518430
1.277955
1.514030
1.872173
1.451402
1.393312
1.486988
1.397922
1.331745
1.423744
1.405327
1.472220
1.518860
1.467866
1.480506
1.593824
1.537230
1.603400
1.663466
1.491236
1.335817
1.478291
1.412671
1.281209
1.470146
1.401921
1.242630
1.524030
1.396439
1.556001
1.400133
1.473309
1.176423
1.431477
1.288627
1.473317
1.600778
1.449157
1.408618
1.310392
1.121505
1.597040
1.397023
1.340729
1.422639
1.492244
1.207804
1.419333
1.396114
1.395978
1.520515
1.374052
1.271276
1.491510
1.419524
1.663203
1.383284
1.685869
1.416509
1.342153
1.500868
1.364798
1.439560
1.111208
1.343847
1.368743
1.495306
1.324148
1.295812
1.644360
1.325024
1.412517
1.478021
1.446135
1.805052
1.521699
1.570545
1.556070
1.548908
1.605909
1.309668
1.603377
1.403989
1.308151
1.209051
1.342777
1.710558
1.717474
1.399930
1.372956
1.220607
1.363422
1.152164
1.517092
1.330190
1.329325
1.494144
1.416075
1.311693
1.419860
1.368304
1.379445
1.266399
1.400683
1.346056
1.517538
1.350050
1.380438
1.386697
1.534626
1.497714
1.629357
1.511159
1.435415
1.529227
1.521486
1.501156
1.305046
1.422833
1.219799
1.383303
1.269931
1.436379
1.471414
1.417313
1.557828
1.428832
1.292037
1.497227
1.341492
1.562300
1.703540
1.582027
1.338098
1.541428
1.469007
1.435374
1.425974
1.513884
1.411452
1.403482
1.472133
1.463207
1.625755
1.731469
1.285492
1.442577
1.420630
1.409361
1.261690
1.226648
1.636091
1.390727
1.303236
1.297096
1.550490
1.193247
1.620662
1.470187
1.559194
1.322469
1.170360
1.466789
1.490376
1.249446
1.404460
1.544484
1.498482
1.326513
1.592536
1.454881
1.334802
1.454536
1.321775
1.647496
1.281114
1.481258
1.654389
1.293145
1.415469
1.433560
1.217859
1.523981
1.425876
1.321004
1.543673
1.369981
1.512216
1.341903
1.646341
1.425601
1.751122
1.272754
1.473298
1.522770
1.263179
1.552941
1.575554
1.287261
1.287447
1.514522
1.397083
1.371686
1.788471
1.502438
1.373305
1.557404
1.370323
1.314441
1.405079
1.288952
1.315109
1.369943
1.384607
1.614596
1.172905
1.445990
1.375154
1.349668
1.570904
1.304926
1.555552
1.733222
1.323970
1.439945
1.217234
1.567439
1.378841
1.469882
1.394003
1.350695
1.387972
1.739784
1.518459
1.540647
1.530713
1.340461
1.449329
1.315348
1.551475
1.366938
1.493610
1.342502
1.524886
1.265216
1.522225
1.154603
1.391559
1.463571
1.540489
1.546247
1.821022
1.180426
1.623603
1.502954
1.254188
1.693798
1.471602
1.469298
1.428120
1.226807
1.445109
1.406180
1.225695
1.114403
1.472124
1.338650
1.341771
1.359518
1.461660
1.451399
1.344479
1.363302
1.462995
1.550214
1.247333
1.476995
1.638767
1.456519
1.208197
1.399758
1.378433
1.430380
1.291106
1.268134
1.430976
1.510335
1.400267
1.396057
1.437774
1.506044
1.442268
1.363984
1.618119
1.493573
1.320043
1.617453
1.487926
1.395722
1.337172
1.347163
1.460610
1.455127
1.178815
1.557092
1.393886
1.375004
1.347275
1.250195
1.387313
1.299115
1.473887
1.401292
1.364157
1.476048
1.365596
1.550612
1.316902
1.239995
1.285459
1.676802
1.360591
1.628211
1.272575
1.468615
1.234712
1.476677
1.299096
1.254510
1.374525
1.282031
1.754575
1.837351
1.543952
1.480067
1.449279
1.704054
1.424634
1.328869
1.731167
1.170072
1.489086
1.519779
1.361545
1.543964
1.420117
1.360335
1.379204
1.574874
1.273360
1.438153
1.266128
1.464574
1.371382
1.464813
1.403785
1.319994
1.254605
1.303252
1.585036
1.508493
1.220520
1.363736
1.402873
1.420652
1.287868
1.522621
1.550702
1.532125
1.377707
1.289192
1.266994
1.491630
1.554153
1.229020
1.466950
1.653514
1.345698
1.449372
2.038488
1.460924
1.390044
1.376036
1.421305
1.327448
1.565458
1.381800
1.453918
1.476113
1.672671
1.465172
1.206973
1.384777
1.363306
1.386879
1.395316
1.429916
1.426046
1.289741
1.211101
1.409250
1.388091
1.269188
1.244442
1.515774
1.694992
1.459811
1.559844
1.399280
1.399818
1.531534
1.379385
1.496058
1.572158
1.426765
1.500476
1.489725
1.676908
1.328851
1.443244
1.473305
1.260609
1.240056
1.371190
1.395645
1.479243
1.196048
1.479170
1.377159
1.718811
1.405411
1.191975
1.081430
1.417277
1.186401
1.403371
1.371559
1.489193
1.527556
1.470575
1.455001
1.223542
1.496780
1.424452
1.366726
1.367189
1.515043
1.456658
1.249634
1.263878
1.222214
1.534837
1.416802
1.479244
1.480332
1.200460
1.452921
1.557213
1.499550
1.352472
1.434471
1.373882
1.261700
1.405886
1.367039
1.243589
1.548888
1.284171
1.325389
1.553675
1.396316
1.472862
1.484395
1.499752
1.425086
1.186632
1.520528
1.375758
1.306428
1.344919
1.404718
1.512759
1.631943
1.344749
1.379131
1.548226
1.366334
1.479692
1.395776
1.435696
1.502821
1.293350
1.400459
1.339700
1.368164
1.359336
1.310005
1.460620
1.386372
1.297173
1.334553
1.414943
1.316538
1.577962
1.377941
1.540214
1.375163
1.481489
1.460519
1.388038
1.306797
1.512292
1.625538
1.483190
1.504193
1.400056
1.301577
1.271536
1.432253
1.442111
1.366607
1.310047
1.361831
1.342511
1.587498
1.529191
1.476257
1.276810
1.376437
1.354759
1.721444
1.215782
1.342930
1.402582
1.360326
1.502633
1.524930
1.365967
1.370050
1.325271
1.405315
1.300568
1.459237
1.273752
1.455310
1.769366
1.519979
1.401161
1.429968
1.423791
1.392460
1.291903
1.239322
1.542207
1.364971
1.187281
1.416120
1.459965
1.158885
1.612733
1.409585
1.317957
1.387814
1.341830
1.504305
1.405663
1.404165
1.231464
1.323500
1.441854
1.507760
1.811232
1.364847
1.237077
1.400141
1.254248
1.434524
1.266025
1.544035
1.326233
1.458829
1.306866
1.310315
1.424014
1.192614
1.634695
1.608967
1.568653
1.327234
1.414005
1.215408
1.389533
1.186119
1.567797
1.439810
1.495370
1.258892
1.670292
1.501124
1.317629
1.461098
1.249060
1.578404
1.344162
1.417582
1.480910
1.144554
1.326557
1.453362
1.296682
1.322573
1.262401
1.445368
1.417063
1.385060
1.368916
1.224041
1.295564
1.393601
1.415521
1.247961
1.475786
1.406218
1.323522
1.454814
1.356241
1.349213
1.377451
1.541007
1.637181
1.534322
1.397825
1.443238
1.304815
1.514643
1.152131
1.302375
1.298881
1.268889
1.568223
1.428343
1.225241
1.406202
1.543286
1.346389
1.560331
1.368956
1.430809
1.394449
1.231553
1.463283
1.456899
1.399749
1.219602
1.494543
1.344423
1.296564
1.431899
1.308396
1.481143
1.543623
1.215259
1.347518
1.280656
1.437326
1.268661
1.218149
1.530536
1.347032
1.456012
1.428713
1.348590
1.324835
1.234399
1.399192
1.237227
1.382720
1.298328
1.214432
1.529615
1.421527
1.522162
1.574640
1.506276
1.378550
1.373062
1.393342
1.411103
1.353834
1.504496
1.297309
1.257830
1.559705
1.320672
1.325486
1.471774
1.331172
1.209322
1.285913
1.384381
1.559227
1.197714
1.439294
1.376396
1.435153
1.469873
1.405334
1.053035
1.714749
1.386496
1.540275
1.205435
1.339583
1.282675
1.283344
1.338179
1.670159
1.365744
1.284395
1.423802
1.294869
1.370376
1.461064
1.183377
1.273412
1.408264
1.469290
1.225148
1.282524
1.303139
1.381866
1.430321
1.569262
1.554483
1.428660
1.524894
1.469169
1.420602
1.446604
1.182700
1.356280
1.294704
1.636930
1.376893
1.308000
1.230825
1.443903
1.408862
1.419108
1.359277
1.293565
1.610793
1.248201
1.345144
1.468824
1.757438
1.358414
1.287094
1.449838
1.296419
1.502821
1.146176
1.252889
1.346001
1.277682
1.564810
1.335430
1.506742
1.322467
1.498500
1.426925
1.329021
1.336126
1.418307
1.384643
1.279532
1.348301
1.617041
1.595933
1.592429
1.303060
1.574721
1.209400
1.408388
1.349748
1.410884
1.433267
1.541426
1.523467
1.342312
1.392739
1.485703
1.637899
1.439313
1.144207
1.308672
1.570817
1.254491
1.404266
1.469541
1.366321
1.501699
1.505482
1.368702
1.458838
1.522325
1.166926
1.377547
1.334275
1.400899
1.233515
1.385200
1.449843
1.377680
1.374511
1.293672
1.465821
1.086115
1.352962
1.447472
1.306750
1.255072
1.389324
1.458519
1.380009
1.563918
1.598756
1.298213
1.430329
1.239594
1.293418
1.400857
1.472472
1.458765
1.417861
1.199133
1.392205
1.590665
1.388326
1.471916
1.121856
1.453861
1.293300
1.225729
1.367636
1.403593
1.355481
1.368861
1.463191
1.519062
1.335536
1.531796
1.469396
1.264661
1.448829
1.279363
1.375455
1.168200
1.462219
1.493336
1.520366
1.288658
1.377990
1.565664
1.346812
1.190037
1.386025
1.383536
1.347981
1.483882
1.590798
1.538033
1.457036
1.403569
1.306162
1.556532
1.244483
1.348605
1.342449
1.228976
1.795204
1.433313
1.543869
1.222900
1.336462
1.488582
1.433491
1.227048
1.425159
1.362956
1.311102
1.483379
1.391975
1.300013
1.389749
1.049492
1.326872
1.297346
1.371702
1.262608
1.173486
1.197701
1.158309
1.329350
1.218943
1.150211
1.180904
1.442921
1.244800
1.586184
1.278955
1.546297
1.247644
1.750371
1.307839
1.420621
1.378145
1.276677
1.440970
1.386656
1.301191
1.474452
1.448552
1.612486
1.407632
1.336881
1.749532
1.134439
1.140952
1.388563
1.533143
1.247396
1.535534
1.640086
1.470475
1.319930
1.391263
1.428642
1.549282
1.237500
1.296753
1.582102
1.448265
1.398091
1.227132
1.512672
1.371629
1.590791
1.329469
1.121338
1.391980
1.519272
1.377144
1.519703
1.539528
1.422933
1.304777
1.518022
1.494867
1.306895
1.417681
1.454383
1.288687
1.294119
1.514265
1.360185
1.538104
1.427621
1.582742
1.232152
1.459869
1.523357
1.353909
1.420029
1.459637
1.151922
1.479784
1.367297
1.423676
1.418092
1.343034
1.231081
1.101424
1.218743
1.345185
1.492360
1.284162
1.416530
1.292570
1.521835
1.526418
1.427084
1.389875
1.268467
1.506952
1.415326
1.577001
1.215171
1.297104
1.343275
1.431646
1.286296
1.184497
1.514444
1.461108
1.270452
1.329957
1.427726
1.331789
1.549741
1.305001
1.344599
1.266503
1.134874
1.584970
1.456551
1.138115
1.419590
1.489269
1.359192
1.424085
1.537942
1.140002
1.423484
1.343563
1.498893
1.342645
1.232780
1.394462
1.397201
1.356684
1.409574
1.480408
1.404091
1.453101
1.342031
1.385155
1.214777
1.399293
1.606553
1.297228
1.404217
1.528301
1.410276
1.256790
1.761812
1.209005
1.416184
1.368479
1.589485
1.413132
1.317393
1.363745
1.189930
1.290772
1.442149
1.352600
1.401304
1.089636
1.413471
1.316496
1.196803
1.414129
1.453441
1.285191
1.522277
1.285395
1.208809
1.292568
1.408883
1.519779
1.341529
1.374128
1.433422
1.456387
1.511567
1.449407
1.541005
1.298152
1.215101
1.353461
1.398853
1.283979
1.312318
1.231247
1.510695
1.233078
1.162245
1.300672
1.501755
1.453170
1.286205
1.705362
1.617367
1.321689
1.390637
1.437407
1.423813
1.572749
1.233012
1.431560
1.243210
1.345459
1.419402
1.247512
1.460784
1.248501
1.395476
1.438315
1.177418
1.222399
1.438560
1.544055
1.277756
1.536308
1.257992
1.293929
1.390607
1.297184
1.449811
1.443969
1.351556
1.187843
1.413824
1.601456
1.401214
1.289276
1.335914
1.450924
1.496477
1.222011
1.463612
1.409843
1.416333
1.383475
1.187700
1.509515
1.286557
1.362413
1.520208
1.229363
1.223473
1.477657
1.411072
1.194160
1.297233
1.379565
1.398518
1.607975
1.321505
1.409024
1.597998
1.376602
1.349740
1.257307
1.544956
1.407914
1.300141
1.228572
1.501914
1.407103
1.403851
1.271719
1.339896
1.419901
1.296792
1.359524
1.265582
1.284242
1.434617
1.272855
1.317218
1.173554
1.431293
1.438876
1.195944
1.227133
1.099169
1.327694
1.157638
1.199719
1.397597
1.301900
1.286933
1.640545
1.363542
1.283415
1.447483
1.445598
1.593735
1.389300
1.314704
1.348669
1.440033
1.660783
1.421673
1.511282
1.302058
1.235248
1.372037
1.389622
1.547177
1.418294
1.336114
1.229709
1.389357
1.408080
1.327967
1.151803
1.354130
1.428798
1.201055
1.415197
1.313330
1.397707
1.406154
1.438437
1.510998
1.532207
1.382168
1.412530
1.464321
1.295603
1.366372
1.366341
1.228582
1.187140
1.471772
1.256227
1.246418
1.283992
1.267772
1.427356
1.465835
1.637794
1.290383
1.381233
1.389223
1.537954
1.276819
1.252822
1.399422
1.391286
1.281885
1.241350
1.232989
1.481260
1.493339
1.457121
1.448720
1.370679
1.483507
1.294194
1.158827
1.520020
1.320538
1.430043
1.366986
1.395665
1.251744
1.509969
1.538205
1.369412
1.382470
1.495901
1.224496
1.372449
1.173383
1.321948
1.447022
1.455900
1.506732
1.489360
1.599225
1.553667
1.572928
1.197436
1.240783
1.265456
1.320802
1.380506
1.456252
1.272678
1.313312
1.653861
1.217894
1.066804
1.543487
1.228364
1.292910
1.447971
1.267843
1.585095
1.601512
1.310556
1.329007
1.333302
1.313227
1.307981
1.512974
1.453143
1.446576
1.550096
1.085145
1.175483
1.079672
1.344228
1.285874
1.363541
1.467180
1.440717
1.506650
1.460610
1.218290
1.351441
1.500462
1.500186
1.287982
1.405090
1.567593
1.479459
1.201104
1.550463
1.333156
1.390850
1.287528
1.301809
1.263655
1.433039
1.567407
1.303664
1.341659
1.249953
1.145135
1.512634
1.391831
1.392480
1.429452
1.479397
1.267045
1.305623
1.396493
1.524465
1.316774
1.526141
1.296603
1.353526
1.518546
1.398847
1.467951
1.437572
1.370178
1.588055
1.359904
1.488026
1.203646
1.517150
1.333047
1.249143
1.447781
1.396496
1.574118
1.291644
1.367096
1.388939
1.397340
1.278853
1.580748
1.684240
1.401060
1.281586
1.591450
1.373219
1.513633
1.337068
1.164484
1.070130
1.226144
1.020670
1.406839
1.337698
1.308437
1.368034
1.292288
1.456949
1.265258
1.293149
1.754027
1.277215
1.506267
1.134055
1.269805
1.165438
1.158076
1.220778
1.356431
1.397583
1.329180
1.777388
1.375824
1.513862
1.246601
1.453548
1.339719
1.490944
1.304717
1.279032
1.355174
1.365244
1.337495
1.404040
1.398986
1.439761
1.435213
1.497440
1.488653
1.406600
1.609470
1.538048
1.618190
1.501492
1.634526
1.329408
1.438008
1.024514
1.657422
1.272308
1.152535
1.194782
1.291315
1.507609
1.043097
1.587351
1.217018
1.265448
1.255396
1.423424
1.250980
1.377776
1.366709
1.091097
1.349936
1.246299
1.464024
1.283769
1.474674
1.372882
1.421671
1.339885
1.376827
1.436294
1.370434
1.561452
1.388541
1.607156
1.387006
1.230949
1.565654
1.303828
1.319047
1.140440
1.399594
1.359687
1.501115
1.168378
1.384905
1.268445
1.479723
1.254263
1.233006
1.316535
1.168903
1.613265
1.245006
1.232284
1.403123
1.305910
1.409237
1.475125
1.509244
1.543842
1.432588
1.327166
1.163626
1.159311
1.244469
1.205182
1.289577
1.293971
1.515967
1.429619
1.461347
1.104244
1.214466
1.704718
1.163533
1.482400
1.217579
1.294613
1.522356
1.257229
1.436990
1.622769
1.651251
1.395876
1.591454
1.536769
1.430608
1.407534
1.239673
1.422506
1.340868
1.414765
1.538233
1.255788
1.282191
1.344987
1.749411
1.454019
1.371877
1.339649
1.331141
1.257881
1.454503
1.432923
1.251999
1.233631
1.185544
1.202233
1.297496
1.456788
1.348640
1.246424
1.225903
1.490880
1.275230
1.367031
1.358826
1.456920
1.493583
1.182074
1.327322
1.764221
1.412911
1.324118
1.314730
1.119560
1.311272
1.444012
1.403756
1.356688
1.713834
1.653046
1.264590
1.208155
1.192940
1.475210
1.225317
1.205542
1.160654
1.527969
1.501955
1.397582
1.259921
1.492041
1.391462
1.475328
1.360984
1.316817
1.543663
1.199758
1.271741
1.241760
1.399098
1.394694
1.379575
1.332150
1.440232
1.506694
1.448154
1.316766
1.311460
1.469530
1.187138
1.518046
1.234372
1.477768
1.287359
1.373497
1.506583
1.539214
1.256401
1.527522
1.259029
1.270110
1.507761
1.348851
1.375587
1.243307
1.392876
1.427404
1.587787
1.488596
1.322995
1.284198
1.587183
1.257350
1.403365
1.449178
1.609753
1.305680
1.329716
1.601294
1.177845
1.348543
1.244113
1.344659
1.273666
1.301124
1.258621
1.485170
1.351438
1.348828
1.295829
1.517632
1.407707
1.283963
1.195562
1.435249
1.264103
1.228056
1.346249
1.281698
1.465989
1.226125
1.411233
1.355238
1.336588
1.422735
1.352759
1.214097
1.078164
1.458433
1.388642
1.442418
1.495073
1.335864
1.427387
1.363001
1.266046
1.394906
1.459740
1.434018
1.343149
1.375804
1.313723
1.332899
1.339625
1.230644
1.272333
1.480426
1.268861
1.115932
1.364216
1.498435
1.266034
1.092489
1.311484
1.336900
1.343730
1.593915
1.313149
1.277526
1.476964
1.297247
1.317436
1.345879
1.416780
1.493044
1.467588
1.175726
1.363454
1.659203
1.166365
1.497722
1.432809
1.455827
1.429503
1.499726
1.335680
1.365583
1.231426
1.195688
1.411737
1.268035
1.353704
1.237522
1.290584
1.286849
1.182019
1.352314
1.400610
1.266066
1.401958
1.377241
1.494535
1.146761
1.561346
1.131911
1.561457
1.426337
1.256533
1.452587
1.371342
1.237683
1.701991
1.485471
1.257535
1.232688
1.199404
1.334431
1.254720
1.334461
1.335577
1.155216
1.497265
1.544281
1.486765
1.349767
1.527025
1.524570
1.539708
1.348500
1.353865
1.284208
1.502198
1.307996
1.430359
1.304138
1.293946
1.334167
1.367862
1.093972
1.126763
1.170572
1.309380
1.325934
1.523229
1.378039
1.167603
1.108959
1.582898
1.380547
1.334309
1.306987
1.526060
1.524485
1.722011
1.390610
1.374807
1.514625
1.254742
1.489765
1.109156
1.428879
1.360685
1.220757
1.432655
1.401918
1.240878
1.648046
1.351654
1.286210
1.124052
1.576530
1.603279
1.501014
1.250633
1.177126
1.395769
1.466517
1.486867
1.303158
1.571966
1.668724
1.180663
1.476499
1.363269
1.213405
1.212444
1.448699
1.428998
1.277525
1.283032
1.274258
1.378763
1.368229
1.397460
1.225258
1.425340
1.257776
1.681712
1.300521
1.242171
1.224021
1.437747
1.418213
1.298998
1.438362
1.437732
1.194681
1.235291
1.226937
1.502413
1.484886
1.315019
1.526353
1.208066
1.359186
1.300796
1.479926
1.311965
1.401298
1.222932
1.632386
1.237837
1.506772
1.412872
1.408450
1.505738
1.474573
1.332434
1.457675
1.286870
1.456824
1.278835
1.286814
1.449965
1.352044
1.391245
1.365617
1.241804
1.248983
1.248802
1.350286
1.689519
1.407454
1.433007
1.508858
1.203723
1.267115
1.020349
1.326739
1.273481
1.419277
1.310524
1.250813
1.308742
1.353079
1.311382
1.256414
1.443949
1.637396
1.152776
1.116594
1.516176
1.356666
1.285221
1.414271
1.437669
1.347524
1.318462
1.541380
1.361636
1.401837
1.693811
1.394650
1.586199
1.209665
1.314953
1.217188
1.455848
1.330917
1.708461
1.323803
1.348393
1.414655
1.449034
1.336003
1.248309
1.513219
1.267583
1.245561
1.403117
1.577496
1.242329
1.323287
1.214481
1.349939
1.382424
1.410044
1.418080
1.230579
1.398932
1.288625
1.236882
1.382158
1.321394
1.227455
1.328356
1.381015
1.353847
1.404940
1.083978
1.372652
1.532285
1.352821
1.527492
1.427089
1.329840
1.225427
1.310084
1.625745
1.632277
1.401255
1.176564
1.527826
1.496603
1.467344
1.201535
1.145119
1.321971
1.406774
1.146080
1.442053
1.354677
1.259785
1.364117
1.368345
1.517003
1.446555
1.272942
1.253366
1.391605
1.413200
1.522205
1.407545
1.385512
1.335734
1.262525
1.409939
1.294768
1.227681
1.526792
1.207501
1.435622
1.452274
1.381918
1.301064
1.453658
1.490300
1.312801
1.498903
1.311312
1.260228
1.366372
1.292747
1.502979
1.461465
1.135377
1.567426
1.094977
1.308174
1.288648
1.454638
1.300498
1.342083
1.086904
1.519809
1.292632
1.428133
1.226936
1.470266
1.375122
1.335458
1.644740
1.333710
1.543439
1.500909
1.402949
1.359941
1.415821
1.209120
1.300326
1.574834
1.248540
1.178965
1.241920
1.291038
1.243763
1.479895
1.532003
1.411779
1.305777
1.394793
1.433584
1.359986
0.899792
1.429701
1.500377
1.285236
1.562992
1.170538
1.275260
1.276827
1.351515
1.388908
1.727770
1.206895
1.313700
1.464215
1.621242
1.299566
1.391175
0.942818
1.295508
1.430248
1.268821
1.423597
1.290702
1.463374
1.400761
1.348558
1.321164
1.289642
1.218863
1.652801
1.389101
1.420420
1.247280
1.347668
1.297121
1.379328
1.186247
1.450557
1.452842
1.318547
1.480026
1.284889
1.634414
1.351827
1.434423
1.431454
1.204759
1.169232
1.195616
1.284997
1.471877
1.391520
1.232062
1.269210
1.171265
1.591183
1.185731
1.303621
1.424265
1.502316
1.351593
1.432180
1.346741
1.372872
1.479579
1.302284
1.396429
1.341386
1.339850
1.492083
1.675674
1.220633
1.355832
1.410042
1.469464
1.455846
1.323897
1.492812
1.467416
1.587793
1.185704
1.223720
1.433701
1.386676
1.240769
1.302630
1.322126
1.284565
1.208058
1.157871
1.330584
1.267687
1.481166
1.191084
1.500640
1.413057
1.380429
1.539391
1.389707
1.218665
1.338292
1.404461
1.266862
1.233846
1.292689
1.406386
1.405227
1.626827
1.440386
1.366925
1.192613
1.327204
1.171379
1.672666
1.311209
1.486335
1.481411
1.412302
1.351957
1.342724
1.350866
1.195933
1.381352
1.107297
1.299915
1.462107
1.284284
1.343097
1.451103
1.292880
1.234377
1.244040
1.476437
1.594891
1.404389
1.496535
1.325508
1.391865
1.588572
1.300763
1.272736
1.242146
1.382297
1.269630
1.316658
1.293116
1.467252
1.541787
1.424230
1.207070
1.384409
1.348182
1.303494
1.212648
1.383272
1.456238
1.162040
1.259593
0.982541
1.293200
1.251031
1.308553
1.306981
1.455502
1.338678
1.231868
1.452106
1.701236
1.562804
1.329834
1.505274
1.284445
1.718233
1.392950
1.551412
1.537976
1.467257
1.251505
1.152580
1.424205
1.322650
1.340563
1.444286
1.217987
1.538902
1.438856
1.265106
1.261853
1.399221
1.352888
1.168069
1.340593
1.400488
1.329613
1.464779
1.140342
1.435481
1.163016
1.310264
1.276966
1.317996
1.378415
1.317790
1.204569
1.398021
1.268331
1.223945
1.322753
1.407458
1.492771
1.435693
1.322090
1.346952
1.386299
1.630380
1.311688
1.431276
1.321393
1.198788
1.328273
1.439045
1.492637
1.360338
1.543548
1.245915
1.293453
1.266558
1.429297
1.539453
1.553027
1.552386
1.480612
1.389398
1.112015
1.584868
1.475253
1.415852
1.431138
1.313878
1.683855
1.002996
1.084286
1.190672
1.410426
1.430665
1.365996
1.262624
1.238235
1.400444
1.177520
1.437042
1.491371
1.549609
1.357179
1.416514
1.287746
1.448959
1.395195
1.249597
1.481224
1.595589
1.454032
1.317213
1.422004
1.181284
1.209614
1.304391
1.251488
1.219610
1.429836
1.238271
1.195444
1.574758
1.223565
1.313617
1.421152
1.495014
1.222257
1.209250
1.450031
1.225177
1.298324
1.456411
1.290911
1.302297
1.660470
1.318235
1.383004
1.261043
1.298594
1.434197
1.544574
1.446920
1.424610
1.343956
1.176220
1.409036
1.431783
1.436491
1.150866
1.226154
1.316174
1.413170
1.374321
1.328660
1.252517
1.202334
1.415117
1.306700
1.472077
1.379102
1.347541
1.445563
1.148918
1.274135
1.465156
1.162005
1.273157
1.161501
1.420740
1.683952
1.118379
1.212322
1.302413
1.363700
1.451990
1.220005
1.569973
1.294065
1.724452
1.302374
1.443245
1.304306
1.523573
1.302206
1.284728
1.363137
1.287364
1.525203
1.427392
1.278161
1.209811
1.694207
1.556176
1.213697
1.285869
1.151211
1.274315
1.267688
1.322356
1.321145
1.420336
1.445049
1.484410
1.298326
1.408413
1.408218
1.404062
1.369742
1.260279
1.593303
1.466734
1.293098
1.404845
1.375868
1.540559
1.271092
1.264806
1.298530
1.439550
1.118089
1.565348
1.254278
1.281856
1.556108
1.281309
1.362964
1.070042
1.415249
1.003825
1.327362
1.409267
1.341400
1.203349
1.377791
1.318638
1.600278
1.335946
1.378586
1.222200
1.158796
1.379110
1.331416
1.387238
1.175266
1.282180
1.676017
1.400652
1.579391
1.318116
1.411356
1.304090
1.314990
1.224325
1.301000
1.373964
1.285340
1.360422
1.448320
1.344334
1.158692
1.486079
1.246639
1.262804
1.526228
1.247058
1.423661
1.467109
1.300533
1.281119
1.365555
1.419662
1.319866
1.234961
1.527151
1.292235
1.267531
1.161365
1.193924
1.404377
1.510761
1.468814
1.293350
1.278507
1.434863
1.194593
1.219594
1.384933
1.480499
1.421839
1.770137
1.282260
1.311764
1.176997
1.435481
1.603651
1.275208
1.303951
1.421660
1.461711
1.432707
1.519743
1.297208
1.172483
1.104383
1.297040
1.219311
1.280954
1.204293
1.307588
1.675811
1.288383
1.395080
1.433315
1.355528
1.318642
1.209322
1.277169
1.461845
1.245789
1.388461
1.514625
1.420485
1.393658
1.296658
1.483243
1.591686
1.249165
1.481987
1.472678
1.201055
1.216195
1.152925
1.365514
1.320013
1.290266
1.274894
1.209100
1.367250
1.392041
1.434743
1.611165
1.411419
1.403913
1.207934
1.492893
1.445437
1.343719
1.285857
1.441820
1.259564
1.440366
1.130620
1.306140
1.444701
1.652657
1.358946
1.190974
1.151137
1.544702
1.532245
1.307034
1.367680
1.359209
1.344279
1.314433
1.300137
1.456063
1.221787
1.421661
1.559890
1.351434
1.156755
1.299654
1.421839
1.285998
1.161166
1.447591
1.255702
1.439763
1.132385
1.343913
1.382589
1.200787
1.456305
1.161272
1.525533
1.441692
1.301669
1.385252
1.355493
1.428687
1.443067
1.604675
1.225849
1.425936
1.377926
1.364259
1.326940
1.354239
1.334737
1.179005
1.310491
1.406509
1.251594
1.266666
1.385477
1.392706
1.287619
1.334908
1.221095
1.465173
1.332003
1.314968
1.383504
1.503736
1.203031
1.217085
1.666029
1.137787
1.379336
1.374918
1.381582
1.264326
1.310127
1.290013
1.448615
1.406326
1.330328
1.286289
1.343442
1.352995
1.411182
1.451272
1.295789
1.367303
1.461971
1.339392
1.432773
1.367549
1.103086
1.210959
1.214425
1.375169
1.557580
1.194162
1.124365
1.209446
1.222325
1.333692
1.247792
1.482963
1.419885
1.680999
1.198888
1.365746
1.496297
1.216511
1.294125
1.306864
1.228096
1.436508
1.272368
1.322382
1.399239
1.322938
1.511163
1.340537
1.333094
1.877586
1.413148
1.235391
1.534901
1.672976
1.411181
1.174497
1.483505
1.167067
1.395598
1.173841
1.210669
1.315373
1.281923
1.569269
1.233108
1.316920
1.293364
1.141911
1.409819
1.176426
1.286049
1.382767
1.460198
1.176683
1.510698
1.420156
1.356453
1.252251
1.393112
1.235786
1.502681
1.467869
1.462354
1.365267
1.249985
1.513357
1.400137
1.417203
1.484515
1.279981
1.346980
1.198702
1.335154
1.274105
1.329685
1.363437
1.342912
1.265225
1.321342
1.163363
1.431516
1.314255
1.421101
1.490043
1.453110
1.571037
1.203207
1.565803
1.309708
1.472731
1.266467
1.398520
1.314830
1.227600
1.441663
1.340614
1.247313
1.246079
1.278620
1.728653
1.456196
1.424449
1.365042
1.537606
1.183358
1.286147
1.177670
1.203326
1.291775
1.309347
1.235463
1.426389
1.307525
1.546583
1.369792
1.236629
1.226081
1.270048
1.424027
1.396484
1.488815
1.381057
1.385717
1.410990
1.210213
1.196176
1.352287
1.516902
1.472769
1.617646
1.708688
1.346595
1.598190
1.453512
1.402147
1.475374
1.200217
1.389290
1.558887
1.472225
1.267236
1.257994
1.240312
1.698234
1.597980
1.549250
1.417527
1.278362
1.312255
1.581835
1.125249
1.210866
1.297012
1.435219
1.498111
1.248010
1.288554
1.208562
1.234487
1.400149
1.325819
1.520438
1.337705
1.014567
1.396766
1.304601
1.275908
1.344413
1.451555
1.200213
1.223530
1.265049
1.342963
1.347940
1.520883
1.417976
1.299206
1.400678
1.303292
1.193799
1.450933
1.176736
1.489820
1.392269
1.507467
1.362956
1.531321
1.368066
1.483072
1.364882
1.304469
1.547177
1.391686
1.271024
1.174362
1.376159
1.205024
1.318802
1.203745
1.303209
1.305315
1.306559
1.358300
1.312948
1.385238
1.516886
1.321132
1.349362
1.477446
1.280206
1.450686
1.105445
1.290595
1.367802
1.320988
1.162310
1.619161
1.295809
1.383022
1.699750
0.972459
1.315271
1.645272
1.503494
1.544880
1.551162
1.347405
1.219792
1.636711
1.447348
1.209561
1.765412
1.505338
1.258158
1.381775
1.274449
1.296728
1.112071
1.406235
1.212265
1.299519
1.351749
1.521069
1.338047
1.420478
1.350339
1.361588
1.420358
1.475090
1.199968
1.242817
1.176504
1.366757
1.230900
1.257241
1.342714
1.487702
1.194476
1.640501
1.581425
1.322811
1.617374
1.307990
1.455315
1.342048
1.393352
1.429351
1.581186
1.454727
1.366822
1.323629
1.311582
1.377785
1.672702
1.477816
1.282722
1.410653
1.266487
1.451593
1.465457
1.244270
1.394664
1.506695
1.484941
1.531577
1.165523
1.394507
1.553064
1.305915
1.166660
1.304579
1.262019
1.164474
1.201685
1.423602
1.336141
1.255035
1.322010
1.337658
1.159378
1.368549
1.222824
1.369680
1.099930
1.430743
1.655274
1.492372
1.346265
1.251587
1.250777
1.602350
1.352281
1.187687
1.341247
1.327002
1.513533
1.532418
1.476615
1.358663
1.410046
1.772768
1.688465
1.447336
1.329731
1.123185
1.302145
1.381603
1.516291
1.379069
1.354315
1.392578
1.267660
1.195120
1.268028
1.432973
1.187654
1.643862
1.211275
1.269377
1.384462
1.296602
1.342426
1.209099
1.137751
1.184797
1.363642
1.268112
1.260957
1.439612
1.360898
1.278205
1.287881
1.324457
1.320974
1.237742
1.415701
1.384708
1.605516
1.313134
1.471122
1.597069
1.490952
1.515347
1.199413
1.301947
1.319825
1.095803
1.268795
1.321213
1.038764
1.539679
1.378746
1.347939
1.575597
1.252230
1.236909
1.345945
1.071392
1.498434
1.274006
1.095386
1.438800
1.480628
1.484804
1.480075
1.413460
1.331038
1.463351
1.076629
1.353122
1.294408
1.341426
1.339002
1.471185
1.284138
1.606083
1.348464
1.300814
1.304784
1.184928
1.289311
1.099883
1.433553
1.400413
1.358994
1.390381
1.500272
1.499666
1.066618
1.404512
1.291305
1.384528
1.361363
1.418269
1.206704
1.446636
1.144591
1.363885
1.250971
1.474331
1.612185
1.300965
1.445852
1.477383
1.562455
1.305074
1.467951
1.314354
1.236436
1.439030
1.229596
1.167887
1.183127
1.408659
1.350169
1.321622
1.248850
1.347587
1.153028
1.288893
1.294884
1.395663
1.235811
1.264240
1.297270
1.371638
1.554731
1.257093
1.219047
1.368884
1.252931
1.407802
1.225043
1.322939
1.447155
1.350196
1.220256
1.259976
1.486711
1.307001
1.259747
1.230380
1.228124
1.310975
0.976408
1.414514
1.376853
1.338449
1.491772
1.240772
1.175949
1.306429
1.472040
1.170876
1.528086
1.296689
1.199476
1.412501
1.308058
1.327919
1.140580
1.550759
1.280769
1.343732
1.608766
1.550679
1.180212
1.302110
1.340880
1.319971
1.314790
1.453719
1.276364
1.293747
1.229321
1.280517
1.202510
1.379666
1.429472
1.365234
1.182469
1.616512
1.397648
1.251696
1.124088
1.533336
1.549680
1.629432
1.173597
1.368965
1.293836
1.311472
1.338306
1.614688
1.157811
1.436454
1.315336
1.520066
1.233122
1.443813
1.402365
1.403402
1.461204
1.310076
1.224148
1.273515
1.385705
1.339174
1.351224
1.502495
1.278538
1.166060
1.279056
1.236000
1.294677
1.313799
1.549335
1.611128
1.332687
1.366544
1.340850
1.349680
1.250523
1.569169
1.314229
1.546549
1.248529
1.275432
1.354614
1.328412
1.419546
1.236048
1.470922
1.519897
1.521650
1.274118
1.465853
1.229237
1.322207
1.407224
1.199477
1.353253
1.584108
1.078466
1.237395
1.211626
1.202203
1.185737
1.212295
1.362011
1.375408
1.112620
1.405161
1.281467
1.570674
1.422825
1.579200
1.362697
1.475199
1.593602
1.398762
1.364958
1.227077
1.288800
1.320090
1.383420
1.352810
1.132514
1.522781
1.286248
1.584342
1.487746
1.320981
1.404424
1.393549
0.915451
1.324549
1.407709
1.492253
1.228653
1.172857
1.449826
1.128026
1.535712
1.142526
1.206449
1.275873
1.251055
1.161215
1.329160
1.271888
1.157674
1.429612
1.314838
1.224626
1.335559
1.611655
1.492833
1.107223
1.340901
1.640756
1.404906
1.400757
1.343939
1.570708
1.473786
1.366828
1.392698
1.256157
1.381922
1.627694
1.147295
1.199197
1.650947
1.332371
1.307784
1.171024
1.454303
1.414230
1.362419
1.197533
1.437370
1.434792
1.311630
1.384764
1.206598
1.381853
1.178063
1.408847
1.268725
1.385913
1.277664
1.392707
1.270514
1.591203
1.346681
1.630790
1.322253
1.271958
1.427758
1.322414
1.425305
1.471416
1.346769
1.311643
1.258247
1.232643
1.320512
1.512317
1.323382
1.199458
1.162057
1.494739
1.437783
1.555729
1.183717
1.321042
1.274613
1.173576
1.195375
1.324149
1.354709
1.248607
1.230730
1.270143
1.121949
1.407387
1.206007
1.331212
1.356100
1.410998
1.487538
1.223999
1.361611
1.575488
1.535479
1.344188
1.196408
1.670593
1.260996
1.335036
1.404869
1.563008
1.347920
1.572550
1.369381
1.541913
1.466387
1.471202
1.430629
1.291744
1.554672
1.492858
1.303733
1.216896
1.389694
1.343626
1.377934
1.292207
1.312294
1.318827
1.326619
1.659109
1.460276
1.346359
1.198164
1.151416
1.343583
1.187136
1.325604
1.264823
1.129943
1.399244
1.278490
1.593562
1.303433
1.267239
1.422634
1.377873
1.478440
1.474704
1.164195
1.297897
1.284429
1.451521
1.288183
1.332363
1.388133
1.417392
1.388180
1.640295
1.503009
1.372653
1.199800
1.233711
1.392018
1.470883
1.542195
1.364261
1.267190
1.355595
1.274363
1.237765
1.387787
1.215946
1.623872
1.316868
1.210656
1.280855
1.621316
1.123088
1.333709
1.348246
1.359875
1.291626
1.300567
1.287714
1.262874
1.547043
1.487018
1.445426
1.410594
1.269211
1.259329
1.252194
1.273295
1.545850
1.290465
1.137564
1.118425
1.142099
1.329945
1.353567
1.295879
1.408504
1.305495
1.316823
1.365577
1.348901
1.363926
1.347654
1.217026
1.318588
1.516181
1.399494
1.243451
1.207746
1.346687
1.378250
1.366788
1.327792
1.503708
1.387105
1.300847
1.207744
1.398803
1.455118
1.279310
1.554913
1.304043
1.280442
1.372224
1.351840
1.225358
1.184817
1.294328
1.399428
1.076046
1.295149
1.343279
1.361678
1.371354
1.072564
1.245716
1.444120
1.501009
1.101815
1.145147
1.349915
1.341107
1.566742
1.213873
1.465465
1.387352
1.318230
1.305385
1.452282
1.471154
