2.414537
2.034889
2.276389
2.225399
2.250903
2.060635
2.241299
2.131296
1.733930
1.705648
2.131388
1.577372
1.437579
2.497745
1.354578
1.005869
0.784570
0.723384
1.273379
1.591018
1.286903
1.281878
1.070171
0.822837
0.617858
0.867470
1.076512
1.950149
1.483334
0.886235
0.780257
0.754456
0.491284
0.519572
0.886877
0.687427
0.557042
0.599437
0.314845
0.554968
1.668295
0.949960
0.703340
0.447733
0.356371
0.567489
0.328554
0.426036
0.366261
1.027696
0.993893
1.112339
1.031164
0.484020
0.500833
0.452677
0.567560
0.488561
0.534567
0.571066
0.464005
0.264398
0.221253
0.711474
0.722864
0.606550
0.483540
0.238722
0.352475
0.528132
0.269327
0.328843
1.248881
0.661709
0.334315
0.407737
0.415761
0.403278
0.742914
0.512037
0.197987
0.715972
0.456016
0.474301
0.463539
0.153150
0.543103
0.502127
0.752250
1.341459
0.968342
0.319306
0.231298
0.454932
0.297773
0.174865
0.368295
0.434668
0.415089
0.557161
0.298437
0.468260
0.654265
0.538480
0.792920
0.336902
0.320068
0.338988
0.243056
0.296107
0.653545
0.379816
0.461884
0.641368
0.067538
0.596350
0.585604
0.488197
1.211327
0.433876
0.178885
0.422077
0.597181
0.198837
0.148155
0.362368
0.333472
0.259412
0.295331
0.107171
1.092356
0.858536
0.580586
0.302273
0.343470
0.273320
0.431776
0.466433
0.323075
0.372342
0.549651
0.980756
1.800173
0.503850
0.456312
0.265872
0.193858
0.431320
0.214305
0.140689
0.289240
2.120210
1.308227
0.862170
0.442814
0.404695
0.415797
0.502985
0.409551
0.729344
0.314961
0.335854
0.430725
0.435259
0.362917
0.386284
0.517297
0.497425
0.295660
0.334204
0.320511
0.296843
0.354385
0.137572
0.132235
0.315366
1.755710
0.736214
0.410583
0.278148
0.508503
0.259151
0.341234
0.298516
0.365766
0.276584
0.299444
0.678117
0.636273
0.195635
0.332348
0.285448
0.236513
0.332492
0.875737
0.335486
0.173022
0.104371
0.333514
1.124597
0.234286
0.257289
0.166332
0.352613
0.157215
0.163069
0.588171
0.188422
0.371257
0.301672
0.384657
0.217630
0.466576
1.259024
0.220103
0.212562
0.550426
0.311282
0.815944
0.706139
1.163800
0.752500
0.208157
0.380473
0.235596
0.268431
1.603720
0.292481
0.320409
0.269763
0.396527
0.589324
0.166674
0.318435
0.091648
0.477001
0.805614
0.391588
0.238033
0.349142
0.317008
0.302838
1.024772
0.344706
0.733425
0.859645
0.855018
0.367492
0.312773
0.290734
0.306687
0.366707
0.245179
0.360460
0.283247
0.208569
0.355514
0.665558
0.234123
0.113700
0.249178
0.164183
0.547890
0.162124
0.539646
0.304274
0.573023
0.337565
0.199315
0.343064
2.479927
1.088768
0.251931
0.246740
0.317033
0.392031
0.130078
0.249498
0.873389
1.457538
0.372883
0.460689
0.310253
0.127448
0.278648
0.188827
0.248630
0.315851
0.164968
0.407728
0.350219
0.396495
0.140300
0.334565
0.349082
0.481765
0.759902
0.275601
0.300395
0.206216
0.312508
0.536900
0.302945
0.209648
0.378107
0.268540
0.235799
0.377996
0.401621
0.702803
0.102142
0.317288
0.455330
0.190148
0.548183
1.233177
1.878791
1.201510
0.825042
0.315875
0.205842
0.115381
0.221669
0.478922
0.489726
0.418513
0.605761
0.154670
0.319942
0.145888
0.334245
0.134635
0.207017
0.518137
1.151234
1.327548
0.592596
0.336886
0.325236
0.556369
0.468980
0.290399
0.281884
0.471173
0.226992
0.445564
0.509375
0.720801
0.693374
0.474060
0.276360
0.224647
0.191432
0.206478
0.111823
0.287991
0.240408
0.967944
0.550839
0.377923
0.535551
0.377561
0.707614
0.547555
0.137603
0.377404
0.371020
0.538598
0.449771
0.437719
0.186434
0.307758
0.344786
0.199805
0.384431
0.393163
0.180386
0.898978
0.617188
1.225492
0.267292
0.185715
0.298086
0.329169
0.879154
0.534338
0.295765
0.249324
0.315654
0.588381
0.353299
0.255272
1.325153
0.294969
0.532237
0.132395
0.294838
0.183621
0.197067
0.955709
1.268417
1.003910
0.410134
1.059716
0.460729
0.595351
0.400615
0.403080
0.168720
0.335266
0.326253
0.203659
0.218612
0.355385
0.730414
0.373699
0.434135
0.303062
0.457385
0.381042
0.345440
0.542988
0.279294
0.562768
0.363601
0.434382
1.561523
0.520705
0.187266
0.254656
0.394735
0.119512
0.536543
0.399109
0.343394
0.368530
0.359377
0.308410
0.254432
0.588032
0.193674
0.301424
0.362932
0.372495
0.272119
0.421833
0.212149
0.310465
0.214314
0.352946
0.599561
0.319873
0.315010
0.375482
0.222345
0.263495
0.141730
0.130147
0.250107
0.458915
0.291161
0.460257
0.729202
0.995475
0.355465
0.316653
0.197526
0.222872
0.449256
0.274303
0.373179
0.358980
0.184637
0.251726
0.460663
0.237702
0.153883
0.463855
0.293744
0.894648
0.222990
0.849177
1.622925
0.591850
0.246991
0.266980
0.150397
0.108357
0.235918
0.499718
0.464332
0.352577
0.109843
0.328724
0.233810
0.383982
0.717104
1.574140
1.263299
1.308497
0.366325
0.378655
0.260515
0.180461
0.370104
0.541806
0.478836
0.569067
0.368348
0.287782
0.527632
0.186609
0.369789
0.066295
0.782028
0.984239
1.185451
0.965957
1.455616
0.387245
0.387821
0.454140
0.243900
0.152055
0.308320
0.166620
0.663735
0.558434
0.786245
1.022277
0.265303
0.221933
0.336304
0.465351
0.213730
0.205860
0.287146
0.324485
0.346900
0.253316
0.232415
0.345520
0.529734
0.450378
0.247105
0.212237
0.245611
0.302611
0.344010
0.156190
1.042087
1.380118
0.420581
0.340780
0.375642
0.240681
0.703342
0.346079
0.287243
0.562391
0.704591
1.278475
0.536541
0.395554
0.236656
0.148029
0.304140
0.355055
0.273766
0.204793
0.275057
0.259009
0.233392
0.393873
0.367537
0.218901
0.236434
0.289033
0.238942
0.374321
0.243301
0.269725
0.233785
0.762225
1.106621
0.257778
0.176256
0.206306
0.284211
0.147866
0.214329
0.168209
0.087110
0.207644
0.272428
0.191074
0.172770
0.815300
1.210683
0.586461
0.582130
0.325967
0.316427
0.286895
0.184808
0.321217
0.260599
0.477951
0.536694
0.160176
0.370599
0.307096
0.559159
0.333675
0.209001
0.235845
0.322036
0.161395
0.329956
0.185964
0.411121
2.680634
0.606474
0.487203
0.407796
0.113251
0.236061
0.315363
0.166190
0.901216
0.944711
0.788407
0.177175
0.367372
0.218239
0.240423
0.255536
0.170636
0.465980
0.170822
0.480487
0.246444
0.403624
0.142537
0.237989
0.350035
0.491718
0.450466
0.344456
0.507332
0.233552
0.419876
0.130328
0.265965
0.438906
0.242434
0.157870
0.259883
0.212469
0.321784
0.209906
0.467383
0.437337
0.096088
0.114371
0.417994
0.832247
0.595689
0.316971
0.159911
0.214947
0.365372
0.104416
0.510067
0.270368
0.327861
0.321334
0.229739
0.201697
0.270652
0.257491
0.360464
0.697901
0.152845
0.400029
0.617859
0.807542
0.673540
0.759981
0.395752
0.376687
0.352072
0.178971
0.167731
0.213566
0.170128
0.366936
0.284537
0.103213
0.159784
0.220500
0.246929
0.218494
1.021303
1.334068
1.221444
0.860912
1.269461
0.417207
0.206324
0.364330
0.366391
0.232333
0.222886
0.395892
0.603262
0.468915
0.410047
1.246444
0.791755
0.281262
0.259139
0.237604
0.148452
0.307003
0.257419
0.300596
0.235581
0.201466
0.317834
0.207047
0.180625
0.288176
0.558078
0.805244
1.520722
1.034850
0.575467
0.700289
0.217041
0.244704
0.216845
0.167811
0.374646
0.156754
0.399464
0.306337
0.345468
0.293074
0.720846
0.556937
0.459542
0.364560
0.103289
0.348335
0.237314
0.240317
0.233781
0.303985
0.320095
0.252114
0.212273
0.119483
0.231857
0.170029
0.194412
0.327556
0.237376
0.585779
2.972906
2.213032
0.846375
0.471041
0.425026
0.299255
0.364002
0.423796
0.527194
0.284306
0.141905
0.207410
0.286464
0.992220
0.941002
0.386015
0.995375
0.288950
0.451096
0.397346
0.506999
0.344983
0.233805
0.152205
0.587230
0.527770
0.355182
0.282678
0.213075
0.136461
0.181344
0.163057
0.481812
0.682748
1.001431
0.355188
0.513082
0.310703
0.313644
0.194532
0.212269
0.285323
0.345125
0.781156
0.223750
0.391058
0.162123
0.354184
0.498798
0.235484
0.452302
0.841908
0.483016
0.526662
0.332727
0.199727
0.250138
0.332701
0.223221
0.147514
0.366877
1.988628
1.022579
0.649956
0.291303
0.328291
0.291314
0.246729
0.068417
0.271602
0.443044
0.334145
0.577829
0.451562
1.177718
0.310732
0.233516
0.125748
0.263483
0.203001
0.119613
0.135100
0.324153
0.549690
0.691771
0.347171
0.223603
0.155088
0.529350
0.530972
0.335030
0.375964
0.514568
0.073938
0.336814
0.308296
0.108713
0.217093
0.290805
1.600187
0.405422
0.219871
0.148060
0.387918
0.488046
0.253996
0.380296
0.181533
0.201561
0.176714
0.182140
0.433540
0.362823
0.673327
1.092107
0.368993
0.239508
0.428279
1.127762
0.477983
0.193599
0.179066
0.352494
0.111216
0.239925
0.183782
0.226308
1.587565
2.166283
0.589849
0.575704
0.195675
0.298282
0.213385
0.104055
0.168083
0.406114
0.231601
0.160909
0.334220
0.450842
0.223321
0.747992
0.572301
0.456738
0.293336
0.438945
0.168190
0.201035
0.254438
0.100449
0.187483
0.395799
0.347755
0.590997
0.661925
0.685556
0.429038
0.239188
0.248342
0.233289
0.303110
0.249056
0.399227
0.123926
0.139642
1.100083
0.424848
0.472643
0.190884
0.312489
0.169182
0.094984
0.413261
0.085382
0.256613
0.293509
0.193783
0.696999
0.129215
0.140131
0.276483
0.369949
0.235746
0.251282
0.089518
0.295869
1.074820
1.503577
2.015892
1.038355
0.429211
0.270818
0.277995
0.415980
0.287027
0.269583
0.322212
0.587574
0.179020
0.162376
0.164082
0.162440
0.472629
0.504805
0.362857
0.536536
0.256128
0.402809
0.466996
0.275785
0.348736
0.276203
0.357439
1.198519
0.430400
0.367641
0.164020
0.307543
0.290304
0.163521
0.309953
0.257453
0.138937
0.260515
0.361446
0.400766
0.294155
0.256165
0.257853
0.318615
0.116815
0.348404
0.299844
0.226820
0.222511
0.604441
0.920531
0.618973
0.594091
1.411386
0.876895
1.004444
0.423799
0.290387
0.250930
0.238710
0.231894
0.277373
0.180791
0.495309
0.311370
0.401686
0.260979
0.314431
0.180573
0.353508
0.178530
0.316012
0.417740
0.865292
0.547081
0.523866
0.427444
0.199276
0.187716
0.317366
0.194997
0.154211
0.426985
1.184209
0.990324
0.468145
0.259241
0.169535
0.117351
0.192277
0.321042
0.337427
0.427881
0.741482
1.226501
0.457192
0.184587
0.258680
0.174076
0.586911
0.233666
0.104353
0.306814
0.367350
0.485917
0.232993
0.217864
0.579010
0.615207
0.310377
0.724780
0.438845
0.089883
0.553168
0.442120
0.207061
0.237525
0.493585
0.541100
0.679501
0.195847
0.434790
0.161861
0.285314
0.141783
0.525033
0.546664
0.535848
0.285429
0.233779
0.301660
0.334073
0.385342
0.708759
0.341209
0.159483
0.174778
0.239985
0.300614
0.462257
0.287016
0.287074
0.106209
0.316266
1.374896
1.289934
0.281523
0.276615
0.464835
0.174522
0.105735
0.269570
0.277537
0.216426
0.212365
0.408861
0.328972
0.092898
0.380845
0.258750
0.352636
0.541854
0.116468
0.226414
0.178298
0.321934
0.368460
0.242720
0.159220
0.242593
0.368057
0.676378
0.210804
0.268431
0.326842
0.228115
0.244330
0.563937
2.360027
0.479895
0.341328
0.249383
0.241646
0.339248
0.200005
0.261641
0.227716
0.475322
0.111522
0.175701
0.285175
0.337690
0.232463
0.220305
0.435656
0.235365
0.370821
0.569831
0.152153
0.349725
0.217417
0.114697
0.343010
0.222659
0.250555
0.358956
0.193172
0.357293
1.723237
1.244797
0.617518
0.368307
0.209324
0.163054
0.405074
0.344732
0.253009
0.124609
0.261043
0.317716
1.305673
0.561841
0.366759
0.164534
0.180750
0.147311
0.529247
0.136980
0.203895
0.095483
0.267008
0.230339
0.306983
0.397138
1.480989
0.813378
0.654897
0.258580
0.363710
0.305041
0.214737
0.242771
0.245027
0.280394
0.190959
0.302208
0.248376
0.413557
0.293808
0.197713
0.400234
0.730417
0.242702
0.164446
0.543483
0.292912
0.465878
0.656386
1.135228
0.423126
0.317368
0.250078
0.331857
0.181695
0.193683
0.129521
0.208276
0.386957
0.658326
0.595762
0.424754
0.148181
0.475609
0.225531
0.194953
0.273687
0.139436
0.274718
0.127787
0.406153
0.398556
0.527019
0.162240
0.358254
1.250866
1.642578
0.481438
0.210043
0.255544
0.128561
0.295976
0.318170
0.204509
0.203906
0.394348
0.205733
0.612090
0.481229
0.635448
0.073424
0.224284
0.171095
0.731257
0.591007
1.395783
0.285959
0.139256
0.210469
0.270935
0.341059
0.235710
0.290920
0.476972
0.402470
0.113229
0.732685
0.826942
0.291824
0.350091
0.158369
0.317997
0.365972
0.513986
0.347867
0.182701
0.345508
0.272264
0.416455
0.658162
0.338272
0.177824
0.312819
0.143323
0.206364
0.205529
0.272008
0.495139
0.307554
0.315159
0.187569
0.434486
0.209460
0.673039
0.324619
1.741062
1.063604
0.631171
0.839922
0.386292
0.440609
0.135220
0.157498
0.282278
0.303300
0.300896
0.224469
0.177403
0.339721
0.341812
0.328124
0.407369
0.267268
0.583558
0.164153
0.262454
0.234745
0.485960
0.480367
0.119666
0.270600
0.260292
0.367228
0.331066
0.502153
0.139907
0.377719
1.254811
0.467781
0.293167
0.183439
0.458679
0.342444
0.299470
0.155111
0.196069
0.564760
0.089950
0.309771
0.410869
0.774567
0.547812
0.278112
0.449450
1.134397
0.399741
0.297488
0.201176
0.252617
0.182437
0.290620
0.756977
1.052779
0.198696
0.343774
0.171265
0.365835
0.345132
0.111797
0.230502
0.273211
0.161424
0.266773
0.179350
0.117342
0.238676
0.158755
0.417795
0.431426
0.460766
0.410158
0.256781
0.268273
0.242302
0.398561
0.332816
0.405519
0.292098
0.272718
0.253240
0.392874
0.307026
0.376232
0.137209
0.348148
0.827970
0.765962
0.174408
0.271431
0.393342
0.180899
0.226985
0.165083
0.559293
0.212299
0.273150
0.612976
0.795636
0.473111
0.221705
0.227472
0.262577
0.229355
0.223803
0.277438
0.274596
0.217784
0.446364
2.023668
0.644100
0.137227
0.110938
0.207805
0.175102
0.670175
3.825542
1.885566
1.901744
1.496297
1.295094
0.729842
0.873136
1.090867
0.880473
0.242374
0.262109
0.416999
0.302324
0.242199
0.302024
0.252095
0.400688
0.265248
0.182858
0.204554
0.338637
0.212735
0.313487
0.242761
0.495821
0.414391
0.265968
0.455238
0.320134
0.275851
0.871507
0.689325
0.304184
0.253148
0.311656
0.197614
0.159028
0.222419
0.287214
0.310899
0.175650
0.325447
0.126592
0.234314
1.371587
0.232623
0.181781
0.255235
0.134109
0.156890
0.225274
0.301857
0.247061
0.216461
0.398816
0.505674
0.271542
0.640940
1.937352
0.850010
0.358809
0.267279
0.231386
0.331046
0.224950
0.242429
0.208561
0.114155
0.318891
0.648984
0.277847
0.263345
0.189620
0.243512
0.272674
0.376672
0.262623
0.203003
0.251897
0.499795
0.395459
1.131597
0.814249
0.589708
0.387077
0.275658
0.207875
0.213883
0.430905
0.504974
0.336947
0.292909
0.298092
0.168573
0.441163
0.251807
0.413159
0.401156
0.278060
0.216520
0.311565
0.394946
1.352287
1.019462
0.339266
0.209520
0.322580
0.143406
0.442232
0.161254
0.258019
0.057122
0.100040
0.189605
0.201459
0.137367
0.681551
0.426367
0.413562
0.132579
0.123739
0.344817
0.211266
0.221353
0.537142
0.173479
0.569205
0.200194
0.316279
0.247488
0.318035
0.308610
0.357208
0.321270
0.445898
0.200880
0.481907
0.490874
0.546970
0.247234
0.278476
0.124970
0.175423
0.134691
0.334623
0.285320
0.525342
0.317270
0.820066
0.711446
0.395017
0.284397
0.582549
0.443111
0.409114
0.247134
0.113700
0.145206
0.174613
0.236777
0.495189
0.298019
0.171392
0.796112
0.642887
1.572422
0.918582
0.717486
0.324200
0.230305
0.312697
0.318053
0.128840
0.327806
0.445238
0.249343
0.476142
0.276766
0.416441
1.692558
0.690218
0.279942
0.381300
0.232597
0.359488
0.385129
0.240917
0.133690
0.163665
0.158641
0.151455
0.159194
0.155632
0.299660
0.185854
0.476758
0.613327
0.737369
0.474328
0.797109
0.451504
0.375588
0.322331
0.240641
0.376677
0.218679
0.834351
0.400323
0.734301
0.474528
0.336322
0.192480
0.119769
0.364243
0.147569
0.263816
0.294916
0.127614
0.227764
0.291238
0.397349
0.283962
0.088140
0.173189
0.155081
0.181804
0.251043
0.449666
0.233025
0.101814
0.239259
0.197855
0.281211
0.512358
3.193728
1.267767
0.607861
0.559998
0.327407
0.288598
0.148026
0.215319
0.254302
0.518252
0.262993
0.425500
0.779388
0.488572
0.367789
0.120292
0.511293
0.151404
0.099637
0.101953
0.349149
0.282777
1.357558
1.808659
0.942196
0.682703
0.563426
0.740842
0.404635
0.258885
0.215884
0.269587
0.275135
0.322882
0.246527
0.500365
0.167686
0.241653
0.326461
0.141970
0.501393
0.195880
0.266545
0.252060
0.214417
0.209083
0.433877
0.714802
0.372598
0.317616
0.890861
1.127473
0.312515
0.306436
0.307612
0.172780
0.341920
0.422937
0.295451
0.231574
0.358636
0.172593
0.326115
0.200744
0.388952
0.209609
0.211638
0.263002
0.399853
0.368663
0.493124
0.354051
0.257234
0.213847
0.161241
0.126639
0.294364
0.345062
0.476882
0.529028
0.292412
0.451564
0.253824
0.220513
0.189785
0.261629
0.166421
0.364604
0.232992
0.154742
0.293282
0.981341
0.922799
1.712452
1.799079
0.552916
0.347829
0.176775
0.377153
0.323127
0.102116
0.159020
0.098797
0.300114
0.372050
0.242585
0.500444
0.622118
0.191651
0.343658
0.224705
0.115023
0.239013
0.519499
0.471002
0.278475
0.240277
0.156546
0.373077
0.325391
0.501036
0.415337
0.254863
0.203069
0.397950
0.200463
0.080714
0.100867
0.256142
0.385005
0.304913
1.668511
2.231523
0.347468
0.320164
0.352289
0.323663
0.355706
0.564981
0.106535
0.287955
0.438673
0.263927
0.105861
0.206214
0.220521
0.141671
0.209495
0.236641
0.614488
0.236214
0.365806
0.523883
0.355443
0.499855
0.560460
0.217041
0.187141
0.138374
0.252204
0.408412
0.546061
0.527970
0.219487
0.380488
1.104015
0.352340
0.623456
0.471462
0.701636
0.440555
0.198376
0.365634
0.217989
0.304900
0.294406
0.591036
0.395764
0.439055
0.301632
0.394322
0.093117
0.180917
0.215459
0.207239
0.398786
0.243131
0.333664
0.294319
0.326595
0.306853
0.258487
0.244113
1.743932
0.297500
0.317461
0.340818
0.208350
0.183355
0.231613
0.191838
0.099604
0.044143
0.345987
0.933217
0.481724
0.793288
0.581105
0.301148
0.167825
0.265827
0.264756
0.378358
0.330674
0.302881
0.361517
0.161356
0.399714
0.404892
0.284649
1.305847
0.665578
0.183614
0.239771
0.266493
0.165389
0.279986
0.302702
0.271009
0.236739
0.229871
0.408038
0.165712
0.643867
0.223072
0.537496
0.185568
0.322673
0.207737
0.200938
0.365476
1.947304
1.209418
0.550563
0.961302
0.212642
0.391157
0.112508
0.212450
0.321279
0.316583
0.226707
0.493967
0.169496
0.416671
0.183175
0.102597
0.554819
0.124986
0.585230
0.114836
0.227793
0.234059
0.239746
0.247242
0.252739
0.379030
1.270465
0.675229
0.183945
0.294755
0.351774
0.270724
0.264591
0.272276
0.141318
0.324780
0.108872
0.570670
0.417659
0.562743
1.032849
0.312158
0.382738
0.160052
0.431733
0.620140
1.014239
0.436453
0.238477
0.150708
0.200122
0.282546
0.168012
0.351398
0.791756
0.406805
0.257537
0.154772
0.176197
0.556753
0.212733
0.350555
0.265737
0.313203
0.230163
0.184180
0.334439
0.280592
0.200245
0.175766
2.049178
0.807886
0.505573
0.258939
0.260799
0.377238
0.213554
0.333317
0.153283
0.361122
0.237006
0.301560
0.283657
0.412062
0.378199
0.132968
0.132096
0.308838
0.081376
0.388290
0.376017
0.792080
0.233131
0.075434
0.192246
0.230759
0.121663
1.078652
2.013766
2.217903
1.536666
1.808388
1.423443
1.039144
2.098785
1.412107
0.475503
0.692563
0.921656
0.519487
0.480379
0.415163
0.295034
0.487279
0.433072
0.412610
0.662700
0.581108
0.412090
0.429274
0.270120
0.237982
0.413766
0.399121
0.188011
0.157463
0.525060
1.243465
0.296756
0.329466
0.466414
0.687993
0.689520
0.456830
0.316525
0.197838
0.322299
0.332464
0.350725
0.120832
0.176038
0.179562
0.258793
0.233381
0.361338
0.392215
0.182541
0.629550
0.444865
1.056880
0.247571
0.260571
0.290444
0.096476
0.256123
0.315199
0.361999
0.463791
1.093006
0.588045
0.382151
0.249176
0.358176
0.226900
0.370241
0.220613
0.375511
0.307030
0.113407
0.252803
0.401560
0.217713
0.247855
0.180208
0.275818
0.203306
0.454866
0.452777
0.533091
0.498357
0.281660
0.316114
0.262641
0.252631
0.152920
0.301942
0.280362
0.194358
0.432733
0.562002
0.392415
0.123092
0.274993
0.101298
0.493433
0.216165
0.359454
0.577619
0.379140
0.735519
0.222770
0.247142
0.186894
0.396355
0.458984
0.116669
0.205405
0.484073
0.290255
0.280895
0.359430
0.196204
0.246616
0.145793
0.187711
0.287208
0.318578
0.393092
0.353185
0.210514
0.249089
0.744612
0.526435
0.915686
0.294047
0.264662
0.272611
0.325170
0.218943
0.294811
0.295647
0.343234
0.227097
0.267115
0.253748
0.222562
0.209136
0.295227
0.238267
0.523856
0.301987
0.178619
0.391569
0.412160
0.416842
0.493283
0.447787
0.615552
0.598902
0.875275
0.239496
0.189006
0.262239
0.207516
0.294759
0.150189
0.279963
0.294964
0.207505
0.217661
0.394432
0.220706
0.469239
0.375449
0.283691
0.226165
0.411096
1.122837
0.394272
0.424283
0.268643
0.292634
0.353607
0.219103
0.183360
0.245417
0.257125
0.172348
0.207901
0.174122
0.404773
0.198329
2.422763
0.851767
0.381742
0.379469
0.307602
0.265377
0.244453
0.177985
0.406725
0.387001
0.448810
0.439329
0.401507
0.268837
0.331569
0.237198
0.291157
0.476758
0.279897
0.159072
0.372356
0.169576
0.209881
0.119699
0.221009
0.190401
0.124729
0.275190
0.172281
0.308474
0.393861
0.296970
0.065147
0.402231
0.207516
0.331739
0.310939
1.516942
0.861866
0.692252
0.810047
0.406060
0.227161
0.243376
0.333313
0.280111
0.546172
0.254879
0.935180
0.393523
0.618476
0.428064
0.276092
0.158532
0.302295
0.217624
0.128909
0.186664
0.328582
0.420258
0.913053
0.975438
0.777035
0.387893
0.237774
0.501500
0.126602
0.236293
0.097487
0.212879
0.216348
0.156236
0.303634
0.269447
0.230492
0.303929
0.174643
0.527862
0.461543
0.355435
0.182070
0.209476
0.198304
0.191866
0.132490
0.336179
0.244616
0.298598
0.229634
0.228164
0.218048
0.591323
1.638017
0.635434
0.394731
0.388476
0.259749
0.315610
0.250859
0.222976
0.454773
0.123057
0.335879
0.470284
0.583402
0.364227
0.341031
0.184018
0.179277
0.555404
0.295527
0.560664
0.494792
0.247929
0.174756
0.339493
0.294024
0.274622
0.723356
0.851213
1.000678
0.325823
0.262796
0.139195
0.183830
0.149419
0.224443
0.413307
0.189659
0.555744
0.211848
0.454351
0.480749
0.292756
0.240466
0.476080
0.244006
0.517454
0.424570
0.477700
0.190122
0.222866
0.300571
0.183207
0.578365
0.391317
1.872159
0.533409
0.154784
0.115539
0.368359
0.269884
0.325006
0.262591
0.358053
0.208092
0.351260
0.131056
0.241655
0.226410
0.364001
1.311862
0.211924
0.822951
0.842146
0.286084
0.237169
0.489486
0.361905
0.431555
0.255269
0.409747
0.421481
0.433441
0.151000
0.211767
0.378038
0.229598
0.335595
0.471775
0.256902
0.718079
0.409867
0.354759
0.202843
0.352492
0.403047
0.287559
0.113733
0.244552
0.199841
0.335409
0.532422
1.404913
1.147180
0.578175
0.475167
0.326703
0.373951
0.382064
0.396795
0.301314
0.443514
0.445388
0.243125
0.250328
0.519076
0.116687
0.268792
0.504370
0.326738
0.421258
0.215210
0.396356
0.240205
0.359070
0.435195
0.211080
0.551778
0.434063
0.235468
0.249786
0.391840
0.453173
0.320366
0.265103
0.232463
0.177601
0.201193
0.149283
0.237643
0.200147
0.079403
0.264614
0.163982
1.227965
1.603524
1.725816
0.709859
0.542855
0.396397
0.463495
0.233264
0.274160
0.181261
0.457177
0.267809
0.154283
0.232730
0.073779
0.277140
0.232499
0.265145
0.091520
0.229227
0.365523
0.298677
0.258250
0.226918
0.291510
0.197153
0.231078
0.264295
0.431579
0.122378
0.172287
0.828911
0.821588
2.271463
0.436043
0.315456
0.315751
0.222633
0.150035
0.270329
0.175220
0.463853
0.391974
0.291601
0.137908
0.526519
0.222255
0.201793
0.156493
0.253826
0.217430
0.293807
0.133684
0.604157
0.315660
0.277740
0.364068
0.089108
0.301177
0.264189
0.328802
0.376960
0.464749
0.329690
0.580161
0.954246
0.314931
0.320955
0.323213
0.169302
0.210369
0.390299
0.303542
0.225119
0.139356
0.214115
0.293594
0.213028
0.286263
0.283271
0.564753
1.540159
0.211954
0.338875
0.385645
1.724845
0.221665
0.532097
1.695587
0.715923
0.531908
0.300788
0.339771
0.283061
0.378481
0.294322
0.275745
0.212356
0.336191
0.253175
0.318344
0.238836
0.140030
0.365088
0.168097
0.283952
0.465050
0.383412
0.427012
0.333115
0.474951
2.175562
0.159148
0.320029
0.195003
0.188486
0.254920
0.243940
0.179778
0.184324
0.510225
0.169016
0.397169
0.236881
0.311114
0.298537
0.186054
0.402982
0.195303
0.134172
0.214431
0.295593
0.186501
0.623434
1.172779
0.616075
0.240169
0.456307
0.195527
0.182106
0.351216
0.194167
0.168723
0.542136
0.235106
0.136119
0.426820
0.052753
1.212726
0.514110
0.286752
0.192778
0.455816
0.260649
0.639325
1.037392
0.559614
0.523506
0.226750
0.400103
0.448917
0.259269
0.244329
0.184052
0.198780
0.276739
0.146738
0.328622
0.218372
0.702622
0.276766
0.373179
0.607877
0.226961
0.194694
0.192230
0.308479
0.244778
0.317151
0.335945
0.464319
0.104276
0.174437
0.301220
1.031646
0.771326
0.509297
0.605809
0.386182
0.337086
0.140080
0.307602
0.269335
0.180787
0.265677
0.178618
0.133054
0.291447
0.194224
0.158270
0.601091
1.158196
2.339376
0.645045
0.287589
0.493479
0.266082
0.106509
0.304786
0.362852
0.325941
0.221640
0.337165
0.218511
0.868397
0.981343
0.841865
0.689340
0.508009
0.292291
0.333272
0.248997
0.200155
0.399809
0.351781
0.340544
0.271164
0.482420
0.307709
0.334147
0.272559
0.269902
0.268945
0.280208
0.173369
0.219399
0.239643
0.742820
0.299511
2.964709
1.729475
3.066596
1.482924
0.728389
0.750932
0.777522
0.859795
0.661056
0.556813
0.772356
0.619933
0.327210
0.322007
0.277430
0.385022
0.195190
0.257829
0.254225
0.395053
0.205081
0.426769
0.369724
0.358554
0.341030
0.259344
0.662396
0.311482
0.730990
2.918908
1.245424
0.434214
0.174138
0.304513
0.358922
0.176284
0.195835
0.359891
0.212358
0.440863
0.218775
0.375450
0.421491
0.517706
0.555046
0.422922
0.481310
0.300627
0.238537
0.176952
0.300129
0.408254
0.324712
0.123630
0.242568
0.229863
0.424579
0.663954
0.224602
0.187181
0.285066
0.298260
0.423214
0.459700
0.133148
0.359577
0.234370
0.094389
0.151792
0.806318
0.379862
0.234484
0.241903
0.363265
0.221203
0.433819
0.320005
1.177853
0.223550
0.240511
0.284343
0.129256
0.298536
0.187221
0.358204
0.243010
0.682108
0.305267
0.726870
0.356137
0.314334
0.271434
0.326184
0.291344
0.182486
0.346649
0.318912
0.458371
0.320658
0.193706
0.488829
0.482796
0.160204
0.176216
0.215154
0.203065
0.512760
0.263148
0.854959
0.158999
0.234632
0.169201
0.231340
0.320039
0.259039
0.153028
0.082333
0.281357
0.182374
0.356767
0.705140
0.408025
0.200263
0.265173
0.484228
0.454028
0.395960
0.136925
0.282507
0.343028
0.434786
0.176820
0.348960
0.167252
0.316111
0.243656
0.302904
0.507477
0.309384
0.261575
0.513932
0.385563
0.388980
0.175521
0.402565
1.053596
0.818508
0.601572
0.343844
0.184816
0.223372
0.177769
0.309235
0.160149
0.281937
0.132886
0.350306
0.382550
0.466955
0.354794
0.308411
0.593843
2.798368
1.750265
0.913631
1.033334
0.532455
0.345105
0.589182
0.236476
0.225132
0.315435
0.352630
0.220223
0.296622
0.290857
0.218597
0.223059
0.194619
0.227329
0.213287
0.250299
0.435229
0.112155
0.765132
0.232236
0.238913
0.269664
0.343665
0.169105
0.242560
0.294684
0.639073
0.240417
0.245468
0.184212
0.541149
0.131283
0.595093
0.186036
0.307164
0.450031
0.261272
0.507653
0.286656
0.365848
0.264382
0.258667
0.854432
0.505506
0.238674
0.128542
0.231321
0.282133
0.077719
0.255759
0.346518
0.163951
0.253989
0.255124
0.259048
0.985110
1.515206
1.114932
0.748014
1.183725
0.495930
0.767588
0.572371
0.326490
0.463503
0.417301
0.548461
0.319204
0.310830
0.295938
0.348587
0.740085
0.977722
2.602702
1.390335
0.463728
0.268929
0.120733
0.500531
0.288461
0.138382
0.142454
0.191930
0.489874
0.420498
0.134574
0.264958
0.157464
0.162606
0.185427
0.168126
0.211669
0.422953
0.391574
0.349709
0.220874
0.458066
0.479063
0.494452
0.432887
0.335626
0.383011
0.226418
0.282891
0.536862
0.361415
1.052841
0.772291
0.700846
0.580388
0.658573
0.271176
0.152882
0.268847
0.111671
0.441788
0.269048
0.186900
0.241431
0.394529
0.110724
0.121173
0.263392
0.421276
0.265318
0.165712
0.602546
0.158212
0.487190
0.366169
0.955320
0.394244
0.170145
0.276848
0.159604
0.187082
0.255737
0.605993
0.185919
0.191173
0.243561
0.568121
0.407206
0.375287
0.276009
0.403791
1.694907
0.626773
0.516402
0.301564
0.237449
0.468206
0.331013
0.245877
0.377101
0.231389
0.380371
0.312444
0.310284
0.397570
0.121644
0.376369
0.360436
0.508226
0.269080
0.508019
0.215300
0.512893
0.120069
1.790170
0.415458
0.339924
0.640640
0.195205
0.325131
0.116394
0.225962
0.409692
0.133228
1.390927
0.814101
0.618841
0.218053
0.181054
0.186012
0.282877
0.273333
0.138474
0.742490
1.327519
0.988484
0.272467
0.370325
0.174427
0.214252
0.251484
0.111505
0.294780
0.177800
0.476380
0.264342
0.286297
0.300759
0.207444
0.149288
0.334683
0.402242
0.625715
0.183728
0.456464
0.144805
0.271096
0.104768
0.225964
0.383338
0.194290
0.240266
0.252629
0.457895
0.391844
0.219978
0.405039
0.202098
0.360805
0.244569
0.467475
0.407072
0.307822
0.762926
1.083767
1.440049
0.571942
0.393547
0.172884
0.277934
0.326645
0.176782
0.268878
0.191971
0.221977
0.216341
0.410031
0.153824
0.337867
0.951887
1.066859
0.654005
0.585004
0.198159
0.342606
0.316181
0.277982
0.169246
0.322867
0.621965
0.424344
0.474383
0.875721
0.203299
0.195241
0.212540
0.304150
0.707386
0.195721
0.111142
0.331040
0.139221
0.327359
0.552329
0.314675
0.418370
0.333302
0.251109
0.163095
0.471572
0.332382
0.403078
0.384577
0.336505
0.224305
0.194216
0.251428
0.410738
1.052464
0.364054
0.271301
0.136230
0.315712
0.136581
0.253594
0.228888
0.194830
0.375846
0.578754
0.186793
0.167419
0.446297
0.339580
0.215045
0.990807
0.687078
0.421485
0.422823
0.259173
0.195451
0.254171
0.317483
0.524918
0.332131
0.367959
0.544924
0.706531
0.253923
0.198667
0.287150
0.112625
0.234309
0.220646
0.302642
0.530288
0.209698
0.285181
0.092969
0.157262
0.410466
0.228278
0.357373
0.111458
0.630131
0.595712
1.176308
0.199949
0.254023
0.254347
0.205090
0.272604
0.143997
0.205432
0.239309
0.481845
0.288607
0.277196
0.208145
0.298441
0.740906
0.204880
0.168629
0.264004
0.402045
0.300651
0.729892
0.811805
0.891500
0.289247
0.276955
0.230909
0.350460
0.190307
0.276479
0.376411
0.375569
0.149715
0.311285
0.220092
0.233474
0.286180
0.383743
0.417492
0.307184
0.214579
0.244451
0.262226
1.038721
0.272462
0.360037
0.276372
0.245984
0.246608
0.314675
0.293550
0.318799
0.296510
0.242961
0.149098
1.458747
1.083521
0.924346
0.875666
0.427500
0.302640
0.174328
0.171956
0.157441
0.457150
0.260990
0.428914
0.616631
0.350327
0.532158
0.180955
0.332139
0.307108
0.267121
0.240870
0.219493
0.277864
0.207097
0.366697
0.320045
0.158341
0.693148
0.315318
0.442389
0.179720
0.197812
0.278540
0.125614
0.171693
0.288070
0.395105
0.254857
0.752038
0.525119
0.612632
0.392262
0.171277
0.172832
0.179234
0.478386
0.234366
0.302864
0.161440
0.430421
0.331793
0.301995
0.254193
0.180727
0.170090
0.147684
0.281467
0.451419
0.360554
0.861208
0.311094
0.306586
0.334359
0.291545
0.213403
0.183868
0.264377
0.194835
0.336859
1.660014
0.341362
0.177436
0.228814
0.494141
0.124413
0.718402
0.652785
0.267678
0.256309
0.143599
0.256661
0.336985
0.194969
0.106238
0.115139
0.476551
0.609285
0.371462
0.406745
0.371029
0.176083
0.284183
0.308097
0.309239
0.534241
0.535647
0.458272
0.339151
0.232153
0.169281
0.145745
0.245323
0.504457
0.168354
0.130266
0.322464
0.227120
0.140533
0.206259
0.313084
0.099421
1.165986
0.637077
0.327435
0.432485
0.226357
0.486647
0.387259
0.346393
0.432015
0.411908
0.268540
0.256651
0.252974
0.285084
0.207313
0.234522
0.210600
0.526849
0.531237
0.174999
0.135454
0.268877
0.320607
0.832762
0.893166
0.239782
0.432179
0.322126
0.251529
0.437293
0.326559
0.452890
0.249124
0.288165
0.811989
0.625064
0.244052
0.237177
0.374473
0.562707
0.248990
1.024427
0.418402
0.279540
0.508290
0.452803
0.206496
0.190265
0.190465
0.228907
0.173249
0.118212
0.432092
0.398548
0.200840
0.340962
0.208457
0.474003
0.462940
0.549165
0.336191
0.522066
0.146729
0.114994
0.284332
0.213957
0.286172
0.366344
0.380848
0.221188
0.938953
1.886387
1.032463
0.549318
0.311537
0.208805
0.279649
0.228329
0.230199
0.141358
0.226761
0.156130
0.217609
0.249279
0.273816
0.508223
0.248952
0.845522
0.177747
0.464657
1.846233
1.993627
3.876710
1.293116
1.438345
1.011772
0.554789
0.370052
0.251451
0.245727
0.261059
0.518187
0.398785
0.354574
0.192094
0.211677
0.216775
0.363420
0.628534
0.542628
0.377400
0.233360
0.165153
0.793018
0.148285
0.217902
0.176812
0.202394
0.234320
0.324065
1.866184
0.188213
0.217513
0.417358
0.357361
0.175570
0.337788
0.231421
0.218679
0.126547
0.267108
0.162868
0.395879
0.589278
0.943552
0.620051
0.705897
0.496966
0.195723
0.384180
0.322766
0.144394
0.306111
0.158556
0.288032
0.385488
0.773284
0.648071
0.545033
0.574270
0.123873
0.509745
0.346397
0.140608
0.242428
0.101234
0.459248
0.260957
0.255010
0.524837
0.209265
0.225194
0.210314
0.295579
0.128138
0.184960
0.199111
0.280970
0.386206
0.356361
3.913283
1.307183
1.315046
1.911037
1.232660
1.306469
1.290373
1.920712
1.684759
1.404782
0.603238
