2.267921
4.183804
1.910717
2.153242
2.310502
2.283773
2.409047
2.481091
2.445334
2.467070
2.498197
2.698346
2.549217
2.558407
2.601456
2.574914
2.510881
2.463562
2.541038
2.424166
2.384455
2.327895
2.460514
2.280957
2.472089
2.379824
2.356159
2.201887
2.035135
1.849774
2.751714
1.883525
1.903076
2.506402
2.119822
1.761684
1.506303
1.076128
1.349185
1.085381
1.384817
1.898497
2.300263
1.000586
1.065810
1.034653
1.494203
0.571031
0.664229
1.049628
1.221188
0.499648
0.848269
0.914752
0.724043
0.326247
0.907863
0.706573
0.514964
1.257460
0.685826
0.795645
0.596468
0.713384
0.511434
0.695928
0.611063
0.454979
1.471979
0.380017
1.177709
0.650937
0.681191
0.374383
2.428259
0.698608
0.596901
0.233944
0.892422
0.528558
0.646800
0.741205
0.510537
0.413194
0.761104
0.592877
3.790271
1.312472
5.996684
4.686811
5.250063
3.902627
4.344128
2.987020
1.495191
1.292128
0.653437
0.582658
0.734471
0.607262
0.910519
0.449885
0.460163
0.497934
0.917186
0.992105
0.994408
0.505717
0.828336
2.287158
0.803588
1.054783
0.277131
0.772466
0.469643
0.724364
0.462894
0.400915
0.579118
0.495532
0.526123
0.206700
0.985390
0.637725
0.675167
0.365081
1.487987
1.282008
1.779047
0.867077
0.323549
0.993224
0.621283
0.466787
0.678582
0.552193
0.549966
0.238714
0.637823
0.609589
0.522911
0.441409
0.600900
1.340492
1.270723
0.278737
0.610172
0.485625
0.326614
0.191608
0.783251
0.596135
0.481524
0.343801
0.482167
0.449853
0.155520
0.728006
0.342264
0.401941
0.777926
0.499253
1.152575
0.457452
0.687751
0.518019
3.760108
0.999710
0.270466
0.462922
0.636700
0.253072
0.623607
0.653827
0.138643
0.332656
0.242065
0.346917
0.376253
0.807471
0.857985
0.211954
0.299805
0.903190
0.437735
0.317920
0.494337
0.520125
0.911793
0.346668
0.272288
0.303481
0.457969
2.070536
1.217882
0.485448
0.249138
0.430380
0.319936
0.501884
0.482511
0.303515
0.164152
0.659012
0.409458
0.286009
0.259365
0.305634
0.276301
0.335708
0.514340
0.248032
0.429722
0.886648
0.339080
2.573215
0.226201
0.248044
0.511796
0.607533
0.356471
0.128192
1.911243
1.585804
2.037308
1.275119
0.601301
0.756707
0.592114
0.282124
0.254090
0.225246
0.634742
0.463470
0.207677
0.303719
0.164309
0.487985
0.384517
0.443252
0.679959
0.482658
0.667275
1.031801
1.142246
0.452217
0.432728
0.167565
0.561108
0.269841
0.747641
0.260157
0.432093
0.427558
0.362904
0.412157
0.870505
1.649022
0.464532
0.671220
0.178227
0.374174
0.537625
0.294273
0.246279
0.412443
0.072421
0.252936
0.073686
0.117441
0.376845
0.596147
0.397439
0.446124
0.315715
0.675472
5.489594
1.296013
0.346868
1.285126
0.311669
0.509408
0.255080
0.036947
0.341221
0.199553
0.585087
0.258400
0.311670
0.533698
0.502819
0.771490
0.444235
0.264653
0.963071
0.428727
0.358631
1.544043
0.183157
2.606302
0.885635
0.291915
1.147570
0.421758
0.992818
0.419525
0.557683
0.230927
0.379598
0.276314
0.270582
0.668874
0.298184
0.142748
0.949440
0.354297
0.205962
0.429013
0.464628
0.590852
0.313634
0.336251
0.244022
0.591581
0.510001
1.039508
1.557353
2.436241
0.854304
0.330604
0.263625
0.356588
0.665830
3.569072
1.038276
0.837033
0.543765
0.404575
0.442647
0.709075
0.396303
0.487321
0.329219
0.283393
0.225972
0.442535
0.283871
0.103724
0.799138
0.448020
0.270436
0.076301
0.712342
0.184777
0.358085
0.588315
0.687676
0.175585
0.435051
0.413575
0.145648
0.817954
0.234030
0.327581
0.838169
0.419068
0.359992
0.487249
0.207414
0.386310
1.263492
0.277563
0.461705
5.832271
5.639358
1.104417
1.902719
1.008125
1.125136
0.678064
0.484018
0.272724
0.549245
0.545139
0.228693
0.479265
0.207939
0.354808
0.317244
0.342570
0.285631
0.212368
0.449331
0.433018
1.099154
0.676856
0.210695
0.684982
0.316009
0.528503
0.398296
0.832505
0.135004
0.142377
0.607131
0.185667
0.667261
0.300816
0.487374
0.717308
0.336244
0.204404
0.099601
0.578468
1.625814
9.598910
2.466009
2.269185
1.645611
0.280822
5.020056
2.985777
3.113808
2.307543
2.109868
0.458434
0.477686
0.607320
0.284087
0.231062
0.212604
0.279201
0.309594
0.266163
0.369472
0.525866
0.048601
0.191072
0.658417
0.065745
0.533792
0.254520
0.069112
0.201243
0.319150
0.746254
0.404756
0.296928
0.396981
0.237261
0.356642
0.605453
0.099562
0.257637
0.670754
0.310061
0.613761
0.173591
0.705066
4.817410
1.866687
1.166690
1.192897
1.247587
0.880001
0.834564
0.438892
0.713016
0.601008
0.301093
0.167864
0.343788
1.284561
0.438526
0.227218
0.422082
0.413384
0.427201
0.301114
0.221581
0.351416
0.332924
0.270210
0.248416
0.337389
0.787743
0.257121
0.453741
0.938868
0.230719
0.639456
0.332442
0.422676
0.919222
0.374636
0.583207
12.469257
0.251639
0.865052
1.902595
0.704527
0.685117
0.247436
0.628591
2.604278
0.758651
0.448273
0.774895
0.543419
0.538156
0.196013
0.441989
0.937760
0.394624
3.749191
0.588095
1.222848
0.603128
1.343761
0.686924
0.426057
0.398929
0.730162
0.617207
0.174633
1.592557
1.082639
0.902486
0.272295
0.549890
0.518727
0.854056
0.380848
0.234926
0.232716
0.532172
0.719682
0.779596
0.149956
0.783919
0.293270
0.779816
0.700738
7.346793
6.675913
2.710681
1.119628
1.228784
1.097688
0.723789
0.470372
0.631190
0.200428
0.261874
0.559707
0.402833
1.031844
0.165045
0.324156
0.398055
0.125055
0.221515
0.850873
0.317914
0.225705
0.315872
0.257226
0.180755
0.628562
0.204555
0.308175
0.329704
0.175542
0.192417
0.601236
0.480223
0.430372
1.262230
0.760275
0.257088
0.306329
0.595109
0.352231
0.221419
0.554262
0.128434
0.242752
0.349250
0.705813
0.636088
0.163211
0.539629
3.895542
1.309556
1.058928
0.989986
0.883559
0.476677
0.652101
0.478559
0.347466
0.426141
0.236719
0.156439
0.973691
0.635517
0.076926
0.602347
0.558133
0.152455
0.156718
0.654686
0.122611
0.140567
0.190657
0.415362
0.424175
0.752811
0.777545
0.115475
1.339390
0.062579
0.491974
0.419629
0.799410
0.319582
0.608284
0.220015
0.730506
0.396411
0.079550
0.389441
0.256312
0.703304
0.606927
0.199372
0.750598
0.163880
0.728865
0.519821
3.506757
0.763944
0.916932
0.083526
0.776172
1.835923
5.782748
1.706737
0.729149
0.589413
0.260887
0.305100
0.229331
0.386633
0.300980
0.271679
0.169175
0.194548
0.407452
0.045920
0.407362
0.059664
0.265411
0.746996
0.417503
0.092559
0.595484
0.354567
0.421363
0.053394
0.414281
0.622118
0.607306
5.167224
2.945273
0.566036
0.554887
0.199959
0.224967
1.160480
0.432106
0.103270
0.241903
0.714648
0.338455
0.039496
0.165080
0.309608
7.417788
1.667486
0.805389
0.513857
0.792428
0.289361
0.250303
0.130232
0.323615
0.598813
0.371756
0.396337
0.150201
0.098724
0.235293
0.616908
0.256263
0.250650
0.120599
0.146354
0.056491
0.733237
0.672054
0.500341
0.295593
2.354771
1.241109
0.563912
0.064694
0.371446
0.497801
0.385299
0.333784
0.197320
0.996810
0.574702
0.209706
0.730829
0.456850
0.280587
0.408232
2.324069
14.207793
2.380468
1.483117
1.393798
1.061499
0.833403
0.996156
0.799029
0.625978
0.813371
2.241922
1.668885
1.237686
1.298887
0.998908
1.122768
1.011363
1.081251
0.841424
0.811898
0.761688
0.642227
0.544106
0.541533
0.533272
0.442160
0.571798
0.487052
0.533620
0.517410
0.473434
0.370194
1.034796
0.724279
0.891028
1.073054
0.592202
0.497850
0.615754
0.530105
0.932596
0.660871
0.965612
1.192831
0.873827
0.462412
0.577642
0.302449
0.496629
0.370632
0.375210
0.402583
0.183869
0.575173
0.442064
0.555685
0.640653
0.387125
1.509063
1.007796
0.375729
0.677184
0.476825
1.227714
0.649851
2.277201
4.208963
3.740225
3.329116
1.688130
0.651777
0.410117
0.856804
0.419000
0.177577
0.730642
0.388504
0.240161
0.261940
0.372697
0.269279
0.275061
0.514326
0.401215
0.181759
0.406909
0.210665
1.860287
0.537518
0.393864
0.282706
0.190393
0.165228
0.321073
0.486136
1.061293
0.510774
0.987307
1.424669
0.412908
1.213538
0.174112
0.528832
0.410463
0.635617
0.324336
0.251507
0.746876
0.389754
0.121200
0.107644
0.925591
0.331536
0.241741
0.429105
4.751788
1.768160
0.728138
0.723009
0.569792
0.561766
0.641767
0.230149
0.443445
0.200124
0.286758
0.449559
0.171474
0.288468
0.146847
0.101086
0.332350
0.222963
0.246871
0.367033
0.413567
0.525152
0.257913
0.220952
0.538340
0.539337
0.031211
0.728936
1.253165
1.581263
0.265390
0.481430
0.404594
0.369724
0.199305
0.285053
0.931371
0.730302
0.501181
0.496791
0.781092
0.195907
0.427938
0.458928
0.587857
1.222930
8.454826
3.040092
1.939998
1.080317
0.776745
0.459340
0.657295
0.323810
0.405991
0.558515
0.422041
0.265150
0.272455
0.414777
0.240351
0.528983
0.387428
0.143867
1.042264
5.334597
0.570238
0.089161
0.525300
1.500655
0.599148
0.929531
0.493567
0.283753
0.300209
0.070247
4.517973
0.962752
0.237992
0.885524
0.495088
0.389271
0.591283
0.256666
0.542304
0.768099
0.253408
0.371278
0.787992
0.040404
0.315277
0.111679
0.816401
0.641799
0.100930
0.608906
0.441325
0.227081
0.215736
1.571253
0.026945
0.304037
6.925445
3.505764
0.411903
0.537912
0.385728
0.390909
0.869150
0.410158
0.138660
0.391538
0.485914
0.278658
0.134742
0.159466
0.203686
0.628312
0.116244
0.083164
0.417884
0.260409
0.446224
0.287165
0.433884
0.741393
0.084129
0.494866
0.790577
0.169361
0.308165
0.663710
0.115028
0.444883
0.477486
1.047693
0.413218
0.527158
1.270343
0.266354
0.463397
0.504942
0.215422
0.136079
0.266290
0.191642
0.243995
0.224334
0.488175
0.511324
2.266378
0.739290
0.090137
2.143951
0.368300
0.787035
0.376528
0.254648
0.126574
0.528178
0.294126
0.446598
0.271657
0.131965
0.636603
0.492722
0.068965
0.363173
0.154576
0.049217
0.161289
0.394110
0.477855
0.816888
0.462759
2.425221
0.530308
1.890361
0.271065
0.498655
0.104214
0.256794
0.174519
0.374020
0.455614
0.302928
1.332940
3.462353
1.446317
2.038699
0.919225
1.001985
0.183576
0.310969
0.824447
0.219968
0.741921
0.158025
0.557943
0.294669
0.831135
0.260369
4.211940
1.124379
0.735767
0.456198
0.921909
0.115915
0.710862
0.528260
0.419900
0.263815
0.088483
0.156261
0.469317
0.233133
0.428401
0.473270
0.697639
0.645750
0.210502
0.284838
0.427242
0.272245
0.299358
0.133922
1.147268
0.330955
0.548970
0.281757
0.096268
0.199288
0.311970
0.856440
1.116016
0.624594
1.225552
0.901632
1.608375
2.419385
0.409215
0.115933
0.325026
0.886117
0.074931
0.093010
0.334447
0.599371
0.421755
1.114455
0.650408
0.700043
1.179080
1.959291
0.454582
0.491661
0.120939
0.104364
0.042714
0.107805
0.060714
0.420297
0.249717
0.591934
0.651129
1.279246
0.493664
9.995297
4.853806
7.522708
2.485158
1.318369
0.678389
0.698358
0.412160
0.702861
0.602556
0.478992
0.347552
0.281231
0.127528
0.191428
0.169061
0.251972
0.252361
0.399230
0.146890
0.237734
0.126841
0.236093
0.274890
0.059279
0.929047
0.350831
0.354380
0.453228
0.228526
0.250781
0.191760
0.871517
1.009867
0.055891
0.703773
1.603427
1.253120
0.716047
2.656499
0.699024
0.073268
0.085933
0.479957
0.511170
3.564167
0.772887
0.654299
0.507977
0.195945
0.277142
0.282459
0.570730
0.007357
0.088752
0.034171
0.345819
0.066415
0.558770
0.283995
0.300539
0.490869
0.271478
2.225684
11.524574
9.260967
6.532087
3.595387
4.674724
2.807388
3.345428
2.554715
5.455669
1.896186
5.120549
3.348794
2.447553
4.656785
3.901486
4.412374
2.815665
3.580424
2.140749
3.827195
1.752321
2.077013
3.237471
3.150735
2.555003
1.794249
0.965911
1.247349
0.794956
0.779714
0.578931
0.405576
0.775339
0.298274
0.723893
0.480379
0.159106
0.122647
0.056023
0.290977
0.558942
0.305657
0.628419
0.961236
0.356795
0.140747
0.313392
0.163980
0.122762
0.460080
0.484848
0.532519
0.390717
0.430223
1.384859
0.699864
6.947841
0.412864
1.041792
0.342545
0.479339
0.279621
0.614319
0.397798
0.203731
0.498598
1.056812
0.034645
0.255822
0.314624
0.406498
0.627312
0.220132
0.668972
0.240652
0.157039
0.589161
0.404969
0.241889
0.381910
0.043947
0.522840
0.136079
0.021034
0.795103
0.233764
0.446253
0.235939
0.568343
0.263006
0.338253
0.192936
0.788241
0.375638
0.091204
0.318580
0.059732
1.072165
0.133581
1.658940
0.293439
1.427419
13.521412
2.289859
2.579754
2.505018
1.338392
2.158488
0.976565
1.592990
1.180793
1.486200
1.607068
0.674092
0.732014
0.741747
1.438644
0.738072
0.455692
0.550501
0.240779
0.561586
1.253708
0.390427
0.379014
0.592865
0.736338
0.104858
0.052518
0.349168
0.283738
0.554576
0.122026
0.285782
0.460192
0.200305
0.204212
0.321756
0.348441
0.912169
0.072945
0.245650
0.224356
0.227694
0.731481
0.227295
0.189049
0.424735
0.261733
0.356043
0.874528
0.390951
0.383765
0.558482
0.388896
0.730052
0.305772
0.167926
0.908052
0.462072
0.226986
0.440365
0.081428
0.269920
0.100700
0.361317
0.408904
0.246293
0.400954
0.211348
0.269669
0.313896
0.319812
0.716898
0.820173
1.007653
0.468681
0.208744
1.100565
0.552446
0.503379
0.496010
0.173447
0.538183
0.473241
0.317617
0.448561
0.246570
0.161563
0.296495
0.229025
0.247325
0.081092
0.129714
0.556741
0.320695
0.302187
0.303418
0.056844
0.167174
0.364835
0.270747
0.057047
0.125713
0.419569
0.269772
0.031669
0.239832
0.246713
0.094119
1.065768
1.821752
0.267692
0.981509
0.600438
0.555990
0.773475
0.525421
0.351268
0.841847
0.254159
0.210716
0.309024
0.202755
0.078907
0.327981
0.283900
0.194311
0.412100
0.326175
0.240086
0.179660
0.215048
0.200056
0.081374
0.398856
0.099106
0.316343
0.137669
0.364054
0.466197
0.387442
0.156666
0.374991
0.252428
1.740155
0.095296
1.683264
0.294250
0.999312
0.841483
0.292479
0.435106
0.720860
0.672291
0.157979
0.402417
0.476858
0.531057
0.458707
0.391088
0.329728
0.079108
0.627476
0.281481
0.601632
0.219170
0.440095
0.069251
0.785044
0.269529
0.215266
0.478190
0.458861
0.039198
0.258292
0.258698
0.511782
0.150571
0.317379
0.202263
0.195049
4.494141
2.564745
2.181746
0.660438
0.623416
0.467350
0.686673
0.493417
0.852794
0.338609
0.363870
0.252213
0.299223
0.618927
0.546285
0.543699
0.258123
0.162330
0.292451
0.889033
0.583492
0.375794
0.358694
0.464801
0.653499
0.502667
0.881164
0.565414
0.356937
0.118336
0.359613
0.528884
0.407627
0.157220
0.304804
0.598452
0.262083
0.313012
0.368475
0.354370
0.786664
0.516777
0.822916
0.458151
0.038068
0.261014
0.159587
0.487381
0.222693
0.285486
0.328835
0.772463
0.571935
0.234146
0.389801
0.438800
0.568088
0.889483
0.720669
0.078406
0.378799
0.302783
0.546737
0.866818
0.245600
3.728104
2.055601
0.670034
0.219041
0.321315
0.321161
0.184153
0.358147
0.297910
0.182237
0.714009
0.047515
0.165491
0.283288
0.495057
0.713703
0.011420
0.764475
0.021325
0.768164
0.514370
0.172309
0.896418
0.838232
1.134083
0.323573
0.411745
0.804545
0.612238
0.923709
0.887598
0.069010
0.305793
0.022169
0.357283
0.624021
0.416765
0.143102
0.117225
0.038293
0.497054
1.291828
6.163363
11.592542
1.182368
0.382357
0.617564
0.614244
0.691598
0.614593
0.661210
0.597977
0.535737
0.300890
0.529467
0.423625
0.438334
0.397312
0.151927
0.212430
0.374016
0.132169
0.236875
0.521224
0.058604
0.440136
0.165800
0.022194
1.222802
1.338634
0.566316
0.166617
0.103501
0.793435
0.425174
0.463576
0.165559
0.512178
0.236714
0.145121
0.055513
0.335966
0.741638
0.365366
4.441547
0.760977
1.177402
0.112384
0.783812
0.371754
0.196245
0.317975
0.207584
0.167521
0.052663
0.168029
0.110966
0.155045
0.263046
1.101383
0.164993
0.106621
0.140488
0.341187
0.029513
0.593283
0.354353
0.470705
1.590183
0.254609
3.245323
1.721072
1.147955
3.224163
3.456173
1.019013
1.333986
0.411494
0.255107
0.477589
0.178033
0.007504
0.608717
0.292875
0.479473
0.198567
0.613341
0.234028
0.054239
0.189272
0.104643
0.271863
0.011102
0.132135
1.082332
1.089225
0.403497
0.703481
1.627962
8.355460
14.933365
0.708663
1.033003
1.941132
0.464260
0.526753
1.010160
0.365447
0.578851
0.373661
0.423822
0.396456
0.203580
0.442293
0.309808
0.278008
0.326373
0.717681
0.320510
0.220956
0.544810
0.280821
0.149672
0.325504
0.347008
0.223138
0.366735
0.189467
0.512330
0.601914
0.367393
0.271520
0.016240
0.360777
0.221303
0.700048
0.368579
0.163855
0.268045
0.291476
0.175531
0.403486
0.005386
0.103590
0.701518
0.196408
0.210649
0.412095
0.094470
1.127596
0.210354
0.062847
0.836040
1.266178
0.455862
0.142492
0.678957
0.296687
0.088289
0.347621
1.244399
0.294711
0.114828
0.416161
0.723837
1.063189
0.146255
0.673237
0.089124
0.183370
0.661225
25.983177
1.718630
1.292388
1.218290
1.207856
1.601268
1.308240
1.462840
1.370870
1.442114
1.119131
0.892900
1.222129
0.939475
0.597142
1.005375
0.731356
0.835462
0.748759
0.631043
0.807282
0.399970
0.605094
0.565812
0.843148
0.478169
0.507752
0.535933
0.732023
0.602496
0.928910
0.227168
0.599047
0.665371
0.864456
0.651541
0.696928
0.252366
0.830611
0.620898
0.734369
0.289652
0.425356
0.139945
0.460295
0.578379
1.344341
0.953396
0.328861
0.224699
0.468997
0.591484
0.342328
0.601267
0.227737
0.088517
0.571408
0.215531
0.345218
0.092594
0.433717
0.373118
0.361633
0.480243
0.700625
0.057346
0.347516
0.539652
0.410998
0.470813
0.829845
0.266201
0.398895
0.933718
0.349309
0.688469
0.527492
0.778980
0.132671
0.250388
0.530498
1.430871
0.366442
0.602185
1.569221
1.432276
2.683986
1.929864
0.397848
0.645408
0.362992
0.421248
0.074368
0.916852
0.230720
0.143908
0.206179
0.529109
0.491181
0.353339
0.026805
1.047084
0.504897
0.437641
0.295314
0.668784
0.355844
0.479837
0.622953
0.301452
1.319702
3.927845
11.151077
5.773393
2.401173
0.926660
1.521908
1.220809
0.926255
0.647807
0.554901
1.298504
0.382736
0.710863
0.495220
0.375054
0.244388
0.077916
0.368175
0.600129
0.624766
0.731974
0.558134
0.485673
0.829478
0.471337
0.437899
0.244000
0.644047
0.580136
0.495192
0.314824
0.381993
0.851595
0.499311
0.267653
0.388504
0.506228
0.378749
0.340697
0.384890
0.142698
0.273583
0.337951
0.146348
0.518430
0.499500
0.149229
0.729803
0.086739
0.122056
0.584732
0.601793
0.414786
0.542532
0.934368
2.066998
0.510677
0.291724
0.150926
0.417183
0.080478
0.105739
0.505334
0.327220
0.680555
0.265491
0.183897
0.192343
0.733244
0.145543
0.691767
0.358277
0.282416
1.068583
0.141679
0.217007
0.503826
5.186272
3.119666
1.847527
0.825624
0.448351
0.484018
0.640807
0.872582
0.506428
0.510629
0.715059
0.706290
0.399114
0.292772
0.275260
0.314757
0.462967
0.445300
0.239655
0.276724
0.121702
0.444789
0.606923
0.222286
0.397280
0.172402
0.357580
0.606645
0.733040
0.811690
0.661712
0.562195
0.715202
0.390042
1.051906
0.478239
0.530176
0.369835
0.530174
0.465302
0.660349
0.413089
0.514371
1.089799
0.452773
0.255983
0.149634
0.265402
0.751290
0.085343
0.494892
0.500834
0.147756
0.270184
0.580889
0.623008
0.651479
0.526233
0.173129
0.396874
0.297980
0.223753
0.304638
0.096103
0.514243
0.564125
0.361833
0.172294
0.524704
0.719609
0.641852
0.230532
0.708106
0.196474
0.516545
0.201506
0.417002
0.191032
0.222097
0.342813
0.652804
0.324603
0.129172
0.125107
0.082894
1.057255
0.752758
4.099472
5.141795
1.326360
1.302217
0.916683
0.574673
0.908315
0.694385
0.528326
0.580472
0.695675
0.315381
0.404485
0.339008
0.330719
0.400456
0.431571
0.474878
0.269299
0.316015
0.339642
0.245240
0.458778
0.250761
0.074524
0.051079
0.372530
0.350542
0.458777
0.392533
0.392351
1.101792
0.386437
0.167642
0.093012
0.373184
0.198762
0.141816
0.734576
0.128428
0.536472
0.649403
1.189375
0.059011
0.355427
0.252148
0.065745
0.623006
0.368613
0.165229
0.649759
0.273972
0.189498
0.794353
0.283213
0.097731
0.177400
0.138852
0.071976
0.262095
0.840025
0.518626
0.633730
1.867580
0.685777
0.069959
0.293676
0.379735
0.564655
0.674357
0.046301
0.599299
1.677616
1.168048
1.216705
1.575729
0.357221
0.371646
0.290181
0.560130
0.434599
0.269868
0.379289
0.127208
0.248557
0.080129
0.461749
0.116597
0.349647
0.429125
0.326373
1.271253
0.676210
0.324996
0.549936
0.132539
0.096836
0.265018
1.071924
0.259135
0.359174
0.673008
0.408462
0.418490
0.645783
0.207472
0.008762
0.147030
0.632636
0.651524
0.515588
0.061082
0.700701
0.076925
0.234479
0.165413
0.295351
0.179979
0.627919
1.305274
0.784493
1.679441
3.730062
3.771500
1.307175
2.928417
0.593322
0.110501
0.323649
0.197800
0.538409
0.219023
0.561212
0.124518
0.808443
0.848594
0.103930
0.360364
0.352236
0.478048
0.323311
0.103152
0.115733
0.055815
0.359864
0.165051
0.040239
0.294603
0.209615
0.137350
0.738768
0.713439
0.115596
1.102718
0.211612
1.261124
2.045450
1.006797
2.680274
0.073532
0.604967
0.224455
0.361202
0.085550
0.305240
0.321479
1.301470
0.151718
0.065875
0.643004
0.263095
0.853232
0.988333
0.209477
0.158450
0.165581
0.833053
0.127538
0.202991
0.040739
0.140442
0.261032
0.474168
0.477126
0.317537
0.412788
0.127403
0.290441
0.186073
0.158187
0.219050
0.112877
0.583459
0.340040
0.599686
0.499797
0.369617
0.668353
0.265728
1.011018
0.516223
0.851122
1.518209
2.088588
0.885490
0.127162
1.096538
0.094740
0.726622
0.081176
0.188412
0.094728
0.236202
0.460158
0.426530
0.076116
0.396957
0.377742
0.266205
0.517033
0.874846
1.289274
3.805683
1.618677
1.396219
1.321891
0.438618
0.702994
0.294736
0.544207
0.448715
0.287241
0.215306
0.402701
0.311695
0.314387
0.176829
0.153948
0.367638
0.102279
0.439611
0.465547
0.023844
0.258344
0.135323
0.194509
0.507244
0.119511
0.556241
0.050568
0.090276
0.104178
0.118908
0.197934
0.358981
0.288558
0.255257
0.251850
0.231996
0.214749
0.074361
0.230287
0.520597
0.962945
0.036684
1.018802
0.213756
0.558042
0.179601
0.996842
0.047778
0.235123
0.066330
1.023257
0.045210
0.666603
0.930790
0.176452
0.061703
0.992857
0.704738
0.352531
2.155160
7.554485
2.915010
1.002120
0.600798
0.490654
0.302941
0.423860
0.601355
0.299833
0.381140
0.199277
0.340379
0.437722
0.582258
0.340293
0.149045
0.343314
0.200654
0.589980
0.398588
0.138009
0.298119
0.154344
0.285179
0.277671
0.109421
0.093048
1.006093
0.295825
0.016351
0.330139
0.290824
0.155493
0.240968
0.596598
0.064987
0.374973
0.027907
0.242603
0.251048
0.454706
0.262936
0.481535
0.034995
0.370514
0.539734
0.800415
0.095015
0.270012
0.139839
0.453420
0.382939
0.456959
0.422742
0.222149
0.541737
0.502046
0.326596
0.642500
0.031348
0.455749
0.418491
0.325513
0.062722
0.262008
0.536785
0.272195
0.055628
2.050855
0.652441
0.135847
1.317413
4.329352
5.765628
3.859784
0.587705
1.608648
0.299571
0.109765
0.634468
0.113920
0.028959
0.142001
0.054538
0.345542
0.964805
0.309505
0.341745
0.352948
0.125139
0.091361
0.211182
0.271604
0.169486
0.128243
0.080268
0.056143
0.132387
0.277747
0.094481
0.427869
0.608014
0.480341
0.544600
1.024246
3.687761
4.561196
2.499822
0.984017
1.221458
0.852181
0.634456
1.161341
0.454034
0.678044
0.380912
0.581402
0.627101
0.406200
0.829357
0.353692
0.528261
0.392089
0.245174
0.638284
1.071537
0.272033
0.395559
0.117903
0.708622
0.192681
0.275788
0.431453
0.404657
0.299427
0.388084
0.502469
0.174607
0.210509
0.454005
0.485472
0.266083
0.275170
0.300272
0.470396
0.882913
0.035538
0.033116
0.269278
0.290700
0.742879
0.873130
0.849470
0.363323
0.107315
0.239361
0.521820
0.130930
0.258956
0.090455
0.405624
0.134353
1.046176
0.241122
0.333057
0.206498
1.125354
0.196925
0.625453
0.132237
0.550499
0.498480
0.931167
0.396764
0.410189
0.778402
0.240977
7.753860
2.048600
1.024953
0.924542
1.028824
1.146364
0.624753
0.671143
1.107702
0.583183
0.729420
0.444259
0.302416
0.424963
0.637438
0.376849
0.453858
0.315549
0.390843
0.214577
0.335983
0.281003
0.131493
0.239661
0.147976
0.356896
0.291759
0.415637
0.470183
0.284464
0.239123
0.325890
0.585516
0.665935
0.260344
0.195863
0.133464
0.446402
0.530967
0.660069
0.296790
0.241953
0.137662
0.319590
0.337628
0.115132
0.164216
0.376143
0.244398
0.328287
0.353570
0.289703
0.440549
0.712312
0.184521
0.208424
0.438253
0.932460
0.503386
0.546583
0.477540
0.653671
0.090495
0.360596
0.319186
0.658955
0.985390
0.651193
0.540111
0.205467
0.368804
0.789054
0.256932
0.783025
0.511278
0.775734
0.831730
2.448176
3.311497
2.232893
1.517367
0.351657
0.632830
0.170548
0.599103
0.417176
0.691174
1.801409
0.225650
0.528561
0.157104
0.605288
0.052553
1.658097
3.303123
8.607059
1.575969
0.578432
0.338764
0.525014
0.172412
0.632051
0.143081
0.352738
0.094959
0.774435
0.090126
0.164179
0.178205
0.140502
0.250665
0.043453
0.325432
0.553790
0.339972
0.107848
0.474169
0.125509
0.483696
0.420369
0.385386
0.057804
0.247924
0.307770
1.935407
0.315191
0.226599
0.131472
0.154236
0.568022
0.159871
0.045041
0.916610
0.428579
0.341826
0.375992
0.608376
0.364097
0.764964
9.172781
3.620787
1.019847
0.154047
0.360489
0.265407
0.285730
0.105095
0.129935
0.276169
0.320877
0.304791
0.347036
0.161623
0.444779
0.006270
0.148261
0.375074
0.625720
0.192122
0.423959
0.361146
0.732470
0.695795
1.125659
0.009551
0.119065
0.552687
0.723173
0.416080
2.371804
0.708739
0.974296
1.247304
1.090749
0.505609
0.662376
0.242501
0.677648
0.135511
0.028759
0.039177
0.022576
0.020401
0.883647
0.144810
0.365759
0.064604
0.324336
0.764324
0.584634
0.284267
0.025651
0.437711
0.432044
0.139681
0.247414
0.550293
1.554077
24.868690
4.673794
4.789635
2.124126
1.192292
0.813242
0.718764
0.627004
0.427277
0.922472
0.411893
0.641822
0.667233
0.334419
0.205445
0.213586
0.522354
0.238792
0.449356
0.362931
0.180682
0.309485
0.421377
0.557863
0.263185
0.996249
0.710751
0.176678
0.061467
0.220048
0.470689
0.317430
0.258945
0.391560
0.379927
0.111494
0.290837
0.648866
0.531996
0.328516
0.919029
0.525792
0.218229
0.339026
0.070121
0.604829
0.430505
0.243526
0.869038
0.505275
0.284555
0.231016
0.633857
0.577463
0.679870
0.088869
0.584286
0.241941
0.620804
0.356246
0.616095
0.364250
0.273281
0.435205
1.526679
0.916402
2.503677
1.654202
4.309440
3.788391
0.863542
0.214179
0.608673
0.754018
0.177304
0.471780
0.900529
0.923080
0.716708
0.571692
0.339191
0.185459
0.407899
0.444808
0.636593
0.144807
0.780977
0.098928
0.388149
0.424462
0.278079
0.164012
0.963718
0.927174
1.143370
0.182470
1.869545
9.073700
4.504102
1.897534
1.739433
1.275632
1.266080
1.458682
0.799148
0.504353
0.959630
0.764011
0.944567
0.732873
0.575460
0.457145
0.610147
0.568492
0.245674
0.424287
0.492776
0.583133
0.431220
0.246814
0.399709
0.251316
0.667267
0.521691
0.436978
0.206336
0.314064
0.263680
0.548077
0.088708
0.364249
0.402654
0.188805
0.314160
0.173495
0.167476
0.230136
0.081785
0.220134
0.275348
0.111010
0.342759
0.262552
0.443381
0.032096
0.324384
0.422507
0.263884
0.162803
0.282575
1.297752
0.601573
0.516983
0.069962
0.149096
0.148419
0.332223
0.158703
0.354166
0.578830
0.503872
1.231809
0.269273
0.245890
0.224607
0.186480
0.073149
0.240450
0.899697
0.225424
0.918105
0.947655
0.822560
0.327232
0.116431
0.626770
0.666587
0.104935
0.273886
0.597746
0.630454
0.199489
0.129573
0.064531
1.217040
0.611579
0.466825
1.391403
0.057148
0.425759
0.813054
1.371845
0.486514
0.205862
0.776458
0.423556
0.227417
0.503867
0.520751
0.571658
2.271001
0.858226
0.384007
0.506748
0.341319
0.571595
0.620393
0.772385
0.462902
11.458721
0.273357
1.148486
0.493608
0.311751
0.266414
0.701103
0.852718
0.200529
0.273395
0.313131
0.148640
0.480478
0.302974
0.359425
0.340801
0.306086
0.493142
0.110950
0.222995
0.069699
0.040597
0.603271
0.393907
0.297504
0.469935
0.940291
0.134215
0.158992
1.543479
1.218111
0.652718
0.167516
0.543875
0.210381
1.332327
0.625477
0.358868
0.773362
0.327511
1.326823
0.338318
0.333443
0.664683
0.260622
0.337777
0.230479
0.209355
0.029453
0.566187
0.190736
0.587240
0.103352
0.832583
0.395645
0.715980
0.514246
0.029920
0.320963
0.203385
0.466007
0.818810
0.422942
1.315872
0.602178
0.195873
1.280878
0.611528
0.362484
3.627811
3.584857
1.673314
1.038013
0.544085
0.521353
0.415716
0.502333
0.528316
0.846886
0.544065
0.441217
0.411712
0.507056
0.451679
0.134132
0.173964
0.048557
0.574104
0.047168
0.432818
0.534203
0.117675
0.274290
0.274393
0.218946
0.061308
1.158297
0.362956
0.235665
0.192502
0.298239
0.422075
0.724745
0.036928
0.520047
0.421526
0.484226
0.304464
0.165493
0.031213
0.054596
0.103275
0.021268
0.139980
0.136395
0.635198
0.578496
0.094061
0.999389
0.208757
0.478371
1.055088
0.201017
0.740993
0.031193
1.007308
1.333203
0.853894
0.248777
0.117915
0.651719
0.659256
0.005879
0.677543
0.221132
1.592730
0.113190
2.226627
0.677665
3.825160
4.659991
2.750637
0.924377
0.723619
0.123170
0.729885
0.340587
0.296283
0.080498
0.213034
0.156159
0.161162
0.326629
0.287913
0.587590
0.356893
0.393983
0.189340
0.067249
0.516408
0.227446
0.461307
0.403833
0.244130
0.233480
0.434771
0.345310
0.381720
0.085486
0.372258
0.411673
0.600735
0.694175
0.906195
0.087928
0.345613
4.826268
0.225995
0.257683
1.055342
0.631500
0.174369
0.643179
0.234690
0.019126
0.752307
0.461505
1.057738
0.554450
1.713944
1.307228
0.231367
0.210405
0.497548
0.946751
0.906626
4.810410
0.741178
3.291535
0.589010
0.916082
0.430085
0.320080
0.313652
0.919015
0.159086
0.151014
0.584660
0.645801
0.108240
0.197553
0.298895
0.044333
0.351789
0.299343
0.622665
0.186592
0.110929
0.091642
0.584140
0.731405
0.348164
0.029281
0.531735
0.049829
0.321141
0.038289
0.773520
0.686554
0.064287
0.298652
0.178643
0.057876
0.321789
1.188102
0.325327
0.077189
0.626650
0.317201
0.383582
0.338982
0.718524
0.627510
0.025498
0.607426
0.028673
0.309969
0.286731
0.002355
0.500927
0.740811
1.602383
0.730932
1.513592
0.471248
1.467345
0.428248
0.521792
0.351645
0.066660
0.897270
0.878684
0.499496
0.684430
0.446151
0.248253
0.527805
0.220461
0.054702
0.262668
0.416070
0.064366
0.124435
0.062570
0.156250
0.408880
0.326661
0.086954
0.013521
0.186175
0.246410
1.467214
0.406373
0.754671
1.505555
0.784799
0.383036
0.341326
3.946359
0.625288
0.495846
1.242504
5.274843
8.327181
0.205832
0.344713
0.242332
0.516684
0.447735
0.602954
0.397380
0.136137
0.184997
0.078688
0.576071
0.340697
0.719843
0.389930
0.096223
0.229352
0.554006
0.167383
0.520715
0.199236
0.563347
0.027976
0.764447
0.327861
0.459908
0.844052
0.558995
0.024313
0.776208
0.202761
0.347241
0.879254
0.195294
0.266340
0.752195
0.983318
0.027523
0.246547
0.481358
0.035157
0.143427
0.159765
0.286174
0.757267
0.791637
0.773707
0.325114
0.224341
0.015221
0.988563
0.212330
1.040636
1.334749
1.168888
1.064498
2.731877
6.214388
1.188705
0.059410
0.051534
1.292758
0.259786
0.268825
0.038026
0.378373
0.420573
0.122782
0.630573
0.196101
0.823359
0.123115
0.220767
0.911484
0.026456
0.328837
0.658044
2.308072
0.565737
0.629598
0.185864
0.385466
0.470135
0.434446
6.417127
6.173596
3.573969
0.848478
1.124501
1.133853
0.143869
1.075854
0.249201
0.229866
0.749058
0.979651
0.516920
0.513636
0.552011
0.846308
0.307236
0.337066
0.996192
0.655163
0.010101
1.057792
0.213389
1.045022
1.696805
2.839194
3.125055
4.805942
0.961205
0.304225
0.283341
0.099879
0.028744
0.184100
0.335516
0.208377
0.332463
0.728539
1.144693
0.647879
1.311712
0.215531
0.038513
0.568747
0.039153
0.498177
1.122794
0.426728
0.447347
0.305109
0.831732
0.043813
0.416970
0.032746
0.144488
0.946843
1.454737
0.005721
4.527107
5.123721
27.309479
1.175521
1.576118
1.165614
1.339193
0.781633
1.321308
0.252822
0.755680
0.769969
0.687922
0.423109
0.615435
0.297410
0.396049
0.311188
0.574291
0.379537
0.526606
0.628836
0.537664
0.601515
0.090396
0.647823
0.483084
0.157136
0.432455
0.448579
0.325790
0.736602
0.260793
0.265999
0.302414
0.490000
0.456667
0.475659
0.009572
0.477860
0.476210
0.520008
0.360145
0.214099
0.254553
0.523849
0.865724
0.367366
0.573922
0.119192
0.116976
0.141664
0.342213
0.622089
0.525647
0.101604
0.581651
0.321750
0.035239
0.343943
0.409542
0.679748
0.794605
0.100652
0.676968
0.448726
0.591307
0.251021
0.050243
0.256136
0.069271
0.643934
0.538418
0.541212
0.222472
0.597428
0.407536
0.762881
0.099183
0.101367
0.588383
0.160980
0.485388
0.076066
0.131559
0.300461
0.906434
0.437564
0.609165
0.631565
0.149973
1.916876
0.771927
1.211982
0.706127
0.593509
0.401380
1.786797
0.802439
0.648476
0.218079
0.341491
0.321095
0.520002
0.298916
1.056387
0.418576
0.346863
0.152105
0.848022
1.250237
1.343811
0.660328
0.283629
0.501774
1.013103
0.143104
0.445915
0.872830
0.013285
0.071486
0.968069
0.674433
0.777259
0.349393
1.021622
1.612734
2.492088
4.658556
0.628550
1.168597
0.088548
0.960656
0.684508
0.331034
0.478332
0.004612
0.360366
0.152248
0.358292
0.500681
1.260075
0.120053
0.181877
0.498154
0.245258
0.691252
0.366059
0.375270
0.789702
0.597261
0.902297
0.301647
0.349939
0.889713
0.594027
0.372193
0.123723
0.504987
1.223519
0.447157
0.248729
0.882174
1.387060
2.127236
18.282808
4.396885
2.605790
1.264446
1.003917
0.692506
0.103727
0.150114
0.247856
0.689704
0.170552
0.217392
0.096429
0.349100
0.085181
1.400287
0.137740
0.072017
0.218542
0.429682
1.673844
0.340957
0.429351
0.359797
0.148964
0.220310
0.701835
0.072060
0.412063
0.161144
0.189494
0.365665
0.916432
0.018817
0.381165
0.166475
2.484731
0.470945
0.696542
0.816338
0.456657
0.628644
0.142364
0.426518
0.259044
0.333020
0.154250
0.144787
0.229182
0.551678
0.288605
0.019048
0.979079
0.340282
0.392185
0.032539
1.319200
0.460744
0.578567
1.666553
0.346820
6.426627
2.938848
7.082819
0.084056
1.019145
0.328024
0.252180
0.406793
0.208285
0.467551
0.523625
0.283860
0.810785
0.418844
0.223942
1.329635
0.625217
0.032060
0.165064
1.015288
0.145227
0.289226
0.201931
0.403641
0.200862
0.517159
0.195430
0.049567
0.359143
0.610996
0.450958
0.267510
0.346578
1.106703
0.681917
0.033230
0.007889
0.349516
0.114967
0.225109
0.670619
0.239592
0.314451
1.147763
0.420894
1.419884
0.197811
3.240951
1.886370
5.241009
2.432817
0.734897
1.157781
0.934044
0.465085
0.617968
0.676394
0.901540
0.138063
0.270977
1.071433
0.045032
0.921451
0.331333
0.567227
0.515494
0.220142
0.140246
0.439744
0.170633
0.299577
0.244355
0.174407
0.143708
0.844689
0.471988
1.444986
0.633633
0.811893
0.113832
0.379176
0.519492
0.065674
2.632994
2.310566
11.315601
5.693997
1.005125
0.957547
0.580868
1.015196
0.903026
0.475654
0.211221
0.215024
0.138491
0.408813
0.719476
0.244291
0.365113
0.972435
0.141645
0.259265
0.567750
0.388195
0.129034
0.384948
0.464155
0.344432
0.366348
0.390951
0.236790
0.020278
0.745647
0.951830
0.952780
0.633462
1.012162
0.277760
0.843205
0.266806
1.424109
0.516276
0.495806
0.143909
0.007818
0.133787
0.800070
0.137570
0.527098
0.171267
0.303868
0.513388
0.265570
0.232812
0.006220
0.028900
0.474229
0.959487
7.180750
5.199386
0.818286
0.573546
0.786887
0.627897
0.391948
0.380687
0.200826
0.706520
0.206722
0.218023
0.530860
0.301060
0.576211
1.053460
0.508546
0.206620
0.538797
0.240797
0.454977
0.286875
0.413251
0.551354
0.332648
0.053612
0.454066
0.201766
0.195971
0.201191
0.396897
0.120829
0.048059
0.100494
0.157273
0.222424
0.258196
0.132338
0.903575
0.173191
0.373511
1.018597
0.476985
0.153223
0.295824
1.349464
1.132403
0.035436
0.288692
0.745455
1.130785
0.969401
0.327866
0.060038
0.015737
1.592971
0.051573
6.211033
2.201651
8.043876
6.071815
0.668146
0.372685
0.346473
0.077396
0.146027
0.971895
0.510847
0.696078
0.277823
0.313269
0.621958
0.380390
0.542439
0.165321
0.795631
0.368351
0.840565
0.528515
0.291875
0.217704
0.088738
1.183301
0.392747
0.623918
0.709022
0.860607
0.403400
0.984643
0.409252
0.155238
0.738721
0.675162
0.288424
3.084620
1.142970
1.152913
0.757416
0.163306
1.531932
0.063827
0.893172
1.168346
5.805264
8.168383
0.754105
0.465985
1.002731
0.185834
0.668305
0.831727
0.471635
0.110911
0.647881
0.372893
0.419233
0.942721
0.166536
0.237313
0.223486
0.379251
0.192499
0.876316
0.122259
0.447267
0.752949
0.430729
0.302755
1.073551
0.520265
0.789629
0.450612
0.100814
0.215468
0.356075
0.532326
0.398496
0.325269
0.541781
0.050101
0.903065
0.236757
0.342327
0.502020
0.447839
0.374256
0.436459
0.777843
0.286047
0.189516
0.440725
0.156044
0.213367
0.400933
0.239936
0.416502
0.050840
0.200304
0.411358
0.425053
0.151657
0.174385
0.026124
1.492988
1.094181
0.768795
1.460227
0.938794
0.826127
23.949011
0.890724
1.228349
0.886890
0.933213
1.394140
0.964429
0.738116
1.010646
0.743575
0.551065
0.653235
0.818233
1.209091
0.422789
0.335077
0.765710
0.740963
0.550070
0.525385
0.824832
0.302204
0.153315
0.557239
0.505126
0.556656
0.890803
0.449491
0.467485
0.571233
0.611638
0.765371
0.749137
0.512828
0.116772
0.402618
0.192621
0.671468
0.431588
0.472333
0.376952
0.095064
0.684056
0.454512
0.049287
0.219131
0.518954
0.512017
0.201961
0.488970
0.211184
0.290953
0.409959
0.801135
0.728224
0.131673
0.309686
0.196285
0.152146
0.784500
0.646099
0.531568
0.290004
0.204264
0.637533
0.370589
0.351619
0.673314
0.366311
0.217969
0.454029
0.248757
0.552978
0.152480
0.632563
1.654898
0.168514
0.662622
0.789532
0.211649
1.068890
0.603672
0.051560
0.398811
0.774775
0.532737
0.220288
0.320811
0.020628
1.126531
0.363057
0.294708
0.184678
0.135024
0.621492
0.087300
0.555920
2.337247
0.283471
0.970258
2.411540
1.002069
1.167248
0.971228
0.135214
0.260568
0.375375
0.421913
0.927798
1.735890
0.900046
0.683056
0.721770
0.828461
0.633106
0.550530
0.437345
0.483653
0.847681
0.458900
0.839756
0.370721
0.483292
0.757173
0.415528
0.506172
0.195383
0.337794
0.509386
0.396599
0.575727
0.325331
0.700978
0.098043
0.416539
0.423400
0.253337
0.488393
0.738659
0.272941
0.441421
0.711596
0.373689
0.202020
0.494525
0.119235
0.851865
0.221776
0.749057
0.143115
0.323303
0.069746
0.123786
0.972386
0.525863
0.106896
0.481295
1.049252
0.124130
0.077405
0.226507
0.164594
0.209587
0.214338
0.327208
0.341210
0.527940
0.583868
0.389739
0.124064
0.806131
0.436214
1.291136
0.229663
0.230923
0.067751
1.068733
0.186456
0.310780
0.511407
