2.328968
3.881313
2.284712
2.272139
2.276700
2.255893
2.212140
2.188694
2.192446
2.440204
2.144324
1.914252
1.638209
1.698670
1.829057
1.465963
2.933793
2.234058
2.177023
1.922193
1.840550
1.478707
1.911639
1.880285
1.662097
1.487103
1.319013
1.305167
1.174508
1.542798
1.248836
0.980062
1.184618
1.135095
1.214334
0.727552
0.786317
0.942280
0.852180
0.685737
0.613166
0.540831
0.912832
1.018759
0.734685
0.716517
0.516804
0.911195
0.451899
0.724192
0.508735
0.337542
0.351393
0.604381
0.536227
0.641118
0.359240
0.696155
0.840016
0.227176
1.210948
0.439060
0.387660
0.294753
0.519170
0.376150
0.390114
0.391698
0.328663
0.336965
0.482522
0.484034
0.246747
0.379767
0.480611
0.423003
0.280107
0.278440
0.352603
0.452347
0.238609
0.206248
0.519352
0.442848
0.631282
0.628899
0.313903
0.399175
0.293234
0.226284
0.492275
0.608447
0.246629
0.514158
0.261340
0.173566
0.267754
0.199535
0.498429
0.151131
0.117455
0.423139
0.272990
0.243299
0.334081
0.159909
0.469214
0.420765
0.407335
0.867454
0.145060
0.415026
0.333793
0.393591
0.237088
0.332342
0.268931
0.116819
0.237168
0.170913
0.178718
0.249436
0.217280
0.168151
0.297129
0.845957
0.375770
0.303347
0.341684
0.113144
0.268548
0.189019
0.230961
0.276169
0.276227
0.392417
0.218907
0.420597
0.223770
0.319941
0.229173
0.154212
0.424330
0.177369
0.240102
0.195587
0.301199
0.352539
0.387719
0.197888
0.074809
0.153813
0.198082
0.275199
0.220656
0.492496
0.192099
0.109616
0.176147
0.226157
0.112035
0.317272
0.298479
0.269659
0.210340
0.380017
0.145089
0.127394
0.179039
0.414672
0.468164
0.431987
0.214529
0.191962
0.120687
0.179640
0.215001
0.390682
0.258306
0.257206
0.168619
0.240292
0.162074
0.174468
0.169381
0.086459
0.119728
0.088438
0.079895
0.183602
0.289827
0.223985
0.205261
0.198321
0.262065
0.200884
0.291179
0.129079
0.130971
0.334692
0.104339
0.221810
0.245042
0.119224
0.283008
0.291473
0.137763
0.141524
0.219273
0.462545
0.256465
0.086093
0.139080
0.390266
0.363724
0.264316
0.113532
0.104191
0.230407
0.441848
0.161968
0.144576
0.154901
0.248608
0.239273
0.141744
0.122854
0.065682
0.155174
0.171824
0.256645
0.232961
0.233248
0.123306
0.094221
0.036100
0.186173
0.102162
0.027222
0.120897
0.049115
0.181722
0.078874
0.180964
0.170906
0.133689
0.182632
0.098721
0.105482
0.450259
0.133130
0.128783
0.200653
0.275470
0.489773
0.072057
0.212287
0.403770
0.119758
0.037560
0.131462
0.188579
0.280656
0.130291
0.240301
0.220043
0.690760
0.153303
0.409474
0.204066
0.030575
0.133143
0.387784
0.100334
0.063425
0.316982
0.176305
0.094187
0.144791
0.212715
0.124474
0.178941
0.173146
0.184178
0.087042
0.122930
0.178071
0.098726
0.359217
0.101233
0.086802
0.040006
0.133339
0.137637
0.183054
0.269324
0.084922
0.174671
0.086051
0.179317
0.121329
0.073147
0.081224
0.181828
0.544387
0.094258
0.063836
0.164618
0.181824
0.054242
0.339823
0.224325
0.108943
0.091159
0.106702
0.099230
0.301561
0.035992
0.260919
0.151293
0.169507
0.231396
0.245577
0.194310
0.128585
0.019743
0.036640
0.068509
0.136876
0.104710
0.107536
0.180301
0.189514
0.247083
0.045665
0.192944
0.066139
0.119561
0.322568
0.154010
0.130738
0.014211
0.040284
0.121876
0.369963
0.194910
0.298338
0.225225
0.306807
0.163606
0.297011
0.197067
0.136570
0.235342
0.416556
0.152200
0.106516
0.387814
0.171732
0.128907
0.140957
0.057342
0.096866
0.183295
0.234930
0.026594
0.156142
0.119342
0.241175
0.076801
0.116453
0.359466
0.087364
0.251703
0.348366
0.092975
0.190061
0.045997
0.088491
0.268559
0.098093
0.163030
0.073380
0.305485
0.171443
0.233733
0.063535
0.194823
0.158278
0.032229
0.196912
0.387968
0.208834
0.082916
0.306372
0.084681
0.148940
0.081256
0.193650
0.079148
0.146387
0.103696
0.180842
0.128102
0.062845
0.151914
0.202982
0.067464
0.109222
0.148571
0.161689
0.110861
0.060831
0.059368
0.100228
0.115020
0.093259
0.092320
0.189054
0.154395
0.087488
0.243139
0.351696
0.068134
0.103450
0.091104
0.044980
0.170935
0.142152
0.052019
0.336150
0.136366
0.036971
0.120060
0.182280
0.085782
0.040373
0.201433
0.035801
0.159702
0.191557
0.083386
0.188392
0.079330
0.472124
0.240146
0.171062
0.200915
0.142051
0.248005
0.216203
0.302331
0.089731
0.057567
0.028092
0.098674
0.111228
0.075375
0.214248
0.190855
0.090680
0.151109
0.126112
0.068618
0.080073
0.286311
0.052643
0.244298
0.247352
0.100093
0.366210
0.372156
0.223605
0.093063
0.305753
0.200722
0.169891
0.033030
0.060953
0.195514
0.271177
0.109736
0.057312
0.179270
0.246299
0.203749
0.038363
0.464511
0.039755
0.039783
0.034293
0.059232
0.116905
0.405923
0.133194
0.037324
0.082413
0.105520
0.118564
0.126541
0.087449
0.115792
0.090738
0.232038
0.123622
0.215708
0.071749
0.373051
0.146592
0.015181
0.041568
0.127683
0.131283
0.210317
0.163031
0.176498
0.213635
0.076391
0.128177
0.091558
0.337390
0.145052
0.094702
0.297915
0.039052
0.044491
0.335477
0.036284
0.065738
0.063789
0.054260
0.059213
0.219832
0.171705
0.166074
0.056307
0.166727
0.087269
0.132870
0.043033
0.132263
0.054210
0.142335
0.104829
0.174585
0.031624
0.156631
0.415343
0.048381
0.112922
0.174304
0.135779
0.176607
0.108181
0.326176
0.072370
0.457702
0.038916
0.099342
0.124896
0.127646
0.104814
0.129128
0.143146
0.075767
0.155151
0.020806
0.178470
0.103267
0.358973
0.154389
0.093422
0.153829
0.202969
0.191547
0.092235
0.036480
0.038805
0.121817
0.137973
0.055708
0.126381
0.073818
0.058688
0.195775
0.138278
0.076307
0.150365
0.167612
0.115603
0.024763
0.196212
0.098437
0.153915
0.181591
0.041489
0.045583
0.148160
0.141377
0.106232
0.249921
0.027819
0.245624
0.385275
0.141669
0.062616
0.274770
0.322603
0.159660
0.125323
0.352082
0.056402
0.088230
0.141144
0.041376
0.114500
0.075206
0.437216
0.074310
0.170858
0.089945
0.139108
0.138566
0.050948
0.153242
0.280094
0.152961
0.033088
0.253735
0.082663
0.235556
0.064458
0.313711
0.059930
0.155613
0.117525
0.199256
0.025193
0.046689
0.259934
0.053953
0.102763
0.047722
0.150443
0.149071
0.086527
0.131078
0.143460
0.082170
0.168431
0.141212
0.227929
0.072341
0.029536
0.304534
0.180842
0.044459
0.086351
0.233485
0.124773
0.068693
0.149120
0.146150
0.077960
0.053316
0.275189
0.156084
0.076357
0.093843
0.217022
0.087254
0.067224
0.167150
0.061073
0.168084
0.064656
0.070210
0.228717
0.049716
0.044190
0.678807
0.160247
0.114585
0.062691
0.144465
0.112169
0.374888
0.258376
0.106954
0.161192
0.098076
0.066000
0.136871
0.081101
0.030964
0.078714
0.132563
0.112885
0.057277
0.126015
0.117141
0.086970
0.319077
0.037763
0.090905
0.134078
0.357088
0.150621
0.138417
0.065201
0.124458
0.345486
0.317067
0.246348
0.190249
0.054504
0.037829
0.283019
0.030338
0.306092
0.150163
0.122063
0.177600
0.159297
0.077543
0.091650
0.288464
0.217005
0.043794
0.136997
0.125179
0.130901
0.093832
0.086085
0.080410
0.165742
0.096102
0.054832
0.073874
0.042978
0.087003
0.230676
0.130119
0.047795
0.067791
0.111012
0.124855
0.202719
0.102427
0.021888
0.055488
0.125715
0.053513
0.088860
0.067976
0.041162
0.099159
0.124763
0.097979
0.120800
0.258601
0.138524
0.034311
0.141638
0.055762
0.111694
0.107982
0.122573
0.067787
0.079966
0.183178
0.091519
0.359813
0.143703
0.075147
0.043311
0.117254
0.028725
0.154563
0.043078
0.114091
0.186322
0.181431
0.404978
0.128682
0.084719
0.167499
0.030541
0.089328
0.132669
0.043870
0.033719
0.226675
0.047212
0.230500
0.142334
0.047848
0.075952
0.022568
0.362660
0.062805
0.053072
0.120492
0.122633
0.242919
0.206411
0.052230
0.229229
0.094929
0.091441
0.198526
0.141153
0.118757
0.110292
0.026272
0.041839
0.091589
0.189223
0.036789
0.065540
0.121491
0.101856
0.139763
0.043599
0.332220
0.032838
0.096532
0.088496
0.179077
0.094818
0.121026
0.040387
0.153496
0.141700
0.043565
0.089782
0.056076
0.048913
0.203952
0.053270
0.056690
0.090205
0.282678
0.016516
0.125344
0.126436
0.088008
0.243566
0.255157
0.344971
0.371850
0.212852
0.078000
0.136148
0.176751
0.156874
0.076660
0.015510
0.133654
0.083792
0.221834
0.072278
0.113250
0.171819
0.037322
0.068248
0.036252
0.166623
0.028718
0.023903
0.112970
0.027131
0.244140
0.161233
0.062669
0.253168
0.022336
0.092100
0.113511
0.321881
0.024360
0.031169
0.064696
0.150409
0.034910
0.079069
0.068862
0.157964
0.193300
0.062964
0.043417
0.244020
0.120010
0.051282
0.114361
0.118372
0.043005
0.015722
0.148499
0.019734
0.122005
0.118378
0.345090
0.203942
0.107106
0.013606
0.053085
0.080347
0.108637
0.274712
0.138572
0.131874
0.086248
0.128332
0.073044
0.074101
0.152725
0.008675
0.065887
0.083414
0.079249
0.093524
0.034824
0.066395
0.051918
0.196386
0.135626
0.081639
0.027646
0.210584
0.145488
0.014085
0.123275
0.134725
0.133738
0.099000
0.285307
0.409543
0.196965
0.121119
0.151986
0.127100
0.091400
0.106567
0.063429
0.043678
0.052722
0.168541
0.055019
0.064940
0.183395
0.200346
0.027776
0.038173
0.100089
0.017765
0.021857
0.028338
0.062416
0.128188
0.074526
0.068696
0.089523
0.131225
0.050542
0.137496
0.097819
0.037481
0.191749
0.093205
0.027756
0.036908
0.148251
0.042939
0.322328
0.021914
0.052772
0.031606
0.108169
0.091469
0.169137
0.144037
0.186452
0.044043
0.032568
0.209473
0.106079
0.055381
0.058883
0.065272
0.032323
0.100386
0.046488
0.183674
0.187703
0.033325
0.202429
0.208068
0.029926
0.085768
0.118148
0.119601
0.101350
0.147006
0.046455
0.249957
0.114488
0.032495
0.015303
0.061927
0.423598
0.093974
0.021123
0.066256
0.179840
0.187987
0.021243
0.190015
0.142821
0.074638
0.085767
0.102130
0.039594
0.385482
0.075770
0.198193
0.318296
0.146327
0.098941
0.186758
0.086998
0.183397
0.094067
0.161665
0.158601
0.057241
0.126697
0.166250
0.050221
0.245075
0.232660
0.393119
0.167990
0.100104
0.072010
0.161395
0.190171
0.041106
0.109297
0.023494
0.084484
0.268480
0.301720
0.030693
0.093465
0.084217
0.013266
0.019656
0.073111
0.130805
0.253257
0.106365
0.051903
0.105556
0.047405
0.045769
0.271364
0.018482
0.202870
0.058436
0.058898
0.027916
0.174390
0.092883
0.129408
0.150709
0.074918
0.099105
0.024508
0.065487
0.082083
0.064011
0.093557
0.037640
0.044567
0.153728
0.194402
0.281017
0.079335
0.201491
0.074298
0.050494
0.034518
0.061485
0.143738
0.213968
0.150044
0.067972
0.064178
0.178683
0.136462
0.028177
0.061540
0.017569
0.074276
0.057427
0.311802
0.358601
0.196420
0.221626
0.098770
0.079343
0.141224
0.173196
0.046055
0.041570
0.141350
0.063333
0.069831
0.219381
0.101890
0.096691
0.049426
0.078187
0.173211
0.007821
0.235757
0.062317
0.383194
0.056291
0.090597
0.095331
0.061414
0.159564
0.071843
0.135402
0.067394
0.240093
0.109896
0.146912
0.133803
0.235962
0.059487
0.079233
0.064499
0.020732
0.006043
0.068661
0.092889
0.125662
0.042134
0.023566
0.300202
0.025629
0.077913
0.090538
0.100313
0.216432
0.049190
0.045489
0.166675
0.035855
0.053600
0.016139
0.052537
0.239707
0.052452
0.077732
0.077941
0.005941
0.117134
0.058148
0.026607
0.045880
0.113682
0.064890
0.027110
0.113285
0.056342
0.062731
0.634287
0.210983
0.123929
0.097783
0.029612
0.113760
0.029318
0.058781
0.081928
0.101954
0.088459
0.316733
0.167905
0.049755
0.084321
0.050366
0.068669
0.084011
0.109535
0.117671
0.119121
0.153207
0.173679
0.071328
0.125997
0.096111
0.080771
0.146988
0.066903
0.067182
0.054561
0.148129
0.022216
0.217513
0.035148
0.167939
0.019324
0.137395
0.162585
0.108159
0.033298
0.019362
0.091103
0.130803
0.036853
0.058191
0.118023
0.464361
0.033803
0.014260
0.052460
0.163436
0.020914
0.233294
0.023266
0.187717
0.064043
0.033637
0.070078
0.095149
0.125836
0.129551
0.036485
0.048063
0.060295
0.089387
0.045980
0.026475
0.033560
0.030487
0.228785
0.062931
0.058756
0.037451
0.121406
0.296683
0.083940
0.118096
0.072719
0.078699
0.306655
0.047074
0.039405
0.120936
0.115470
0.101537
0.074762
0.072911
0.145622
0.227609
0.088160
0.085349
0.009651
0.074340
0.142188
0.125125
0.045362
0.058277
0.101465
0.241309
0.119483
0.189621
0.076322
0.082459
0.086892
0.169551
0.045611
0.263024
0.069048
0.102892
0.050336
0.170333
0.091579
0.176893
0.028615
0.147034
0.026541
0.274035
0.115348
0.706300
0.269903
0.097454
0.125169
0.009014
0.097967
0.304885
0.099885
0.046619
0.039400
0.086559
0.044259
0.120485
0.035889
0.129498
0.100760
0.033062
0.076978
0.091799
0.047604
0.049656
0.139755
0.328358
0.086714
0.023676
0.063286
0.119518
0.185674
0.009001
0.020063
0.122822
0.070671
0.204400
0.119336
0.144748
0.152209
0.111383
0.157067
0.061681
0.121992
0.238349
0.095409
0.091156
0.046475
0.086559
0.258592
0.018601
0.142008
0.067207
0.024611
0.209618
0.012479
0.158634
0.069600
0.113642
0.216492
0.051989
0.044841
0.232528
0.027484
0.095398
0.342972
0.075819
0.120134
0.190332
0.013760
0.075744
0.032394
0.118057
0.027870
0.108080
0.261240
0.142474
0.086642
0.127877
0.268523
0.085361
0.025246
0.135757
0.078773
0.027155
0.007269
0.017612
0.092720
0.128575
0.100806
0.070220
0.035010
0.163184
0.098432
0.243953
0.160945
0.168543
0.104585
0.019314
0.045894
0.110289
0.073109
0.032208
0.102711
0.033602
0.188054
0.023068
0.018938
0.143017
0.099614
0.093259
0.146190
0.059459
0.137431
0.184183
0.078943
0.024184
0.029138
0.068462
0.064041
0.108463
0.107295
0.073065
0.041838
0.085395
0.188300
0.198225
0.204923
0.050320
0.054179
0.084714
0.092849
0.017110
0.014124
0.086747
0.074142
0.020913
0.264281
0.055799
0.069283
0.082316
0.088273
0.036991
0.145061
0.071390
0.018988
0.113456
0.121476
0.037331
0.050214
0.033487
0.127605
0.025957
0.056087
0.048624
0.027469
0.076838
0.017986
0.085798
0.143904
0.203911
0.029837
0.050119
0.033217
0.107518
0.068605
0.186821
0.050827
0.041219
0.303561
0.057185
0.025468
0.214523
0.046754
0.069165
0.050643
0.139581
0.064012
0.076904
0.064902
0.086212
0.191421
0.039798
0.044294
0.089817
0.039272
0.055133
0.053345
0.045105
0.015832
0.146482
0.071697
0.039132
0.047774
0.103929
0.082711
0.171618
0.069223
0.064063
0.100074
0.090755
0.130137
0.224173
0.203492
0.283950
0.086226
0.296704
0.261713
0.037116
0.194354
0.110634
0.014088
0.014581
0.023775
0.110282
0.067677
0.047934
0.134733
0.166820
0.271668
0.133240
0.079553
0.108155
0.173901
0.065545
0.014633
0.219348
0.076494
0.351126
0.042272
0.055639
0.043001
0.089744
0.142385
0.194853
0.081820
0.091806
0.022361
0.108228
0.048944
0.040001
0.156659
0.162103
0.156544
0.043923
0.065076
0.035777
0.091090
0.217690
0.039536
0.236575
0.030638
0.112421
0.080614
0.198498
0.085673
0.067285
0.061001
0.119539
0.068701
0.137183
0.010090
0.156155
0.307285
0.072351
0.012520
0.057085
0.118354
0.293582
0.204418
0.188050
0.035937
0.053439
0.041982
0.131576
0.177277
0.065809
0.040712
0.130825
0.221326
0.077661
0.058715
0.108257
0.081785
0.038034
0.012219
0.053017
0.038327
0.045248
0.126545
0.034244
0.033561
0.265987
0.049786
0.198990
0.016389
0.026930
0.213274
0.187042
0.094435
0.050583
0.122898
0.014244
0.131119
0.046108
0.039650
0.195529
0.048668
0.021619
0.027777
0.072125
0.049343
0.077394
0.016876
0.026706
0.040766
0.248502
0.224283
0.030503
0.125314
0.012185
0.264736
0.054537
0.074101
0.079477
0.037413
0.099692
0.027253
0.033874
0.085377
0.043694
0.066661
0.259357
0.293999
0.037349
0.128551
0.041364
0.056511
0.228907
0.211413
0.051021
0.051340
0.046559
0.141168
0.020317
0.087098
0.032300
0.026314
0.069529
0.192023
0.083508
0.069703
0.045432
0.030129
0.087478
0.175599
0.010360
0.077990
0.286382
0.079454
0.192451
0.085892
0.056606
0.013964
0.049570
0.018890
0.123313
0.049088
0.060665
0.020551
0.149514
0.198188
0.018753
0.046097
0.208418
0.019135
0.065811
0.058451
0.111316
0.202258
0.041126
0.053092
0.129007
0.134899
0.102110
0.010056
0.095887
0.114945
0.435356
0.033665
0.158880
0.045298
0.061828
0.073097
0.306031
0.120366
0.089514
0.062782
0.048907
0.196349
0.014585
0.023147
0.066987
0.057096
0.062406
0.075093
0.193341
0.075891
0.034590
0.035082
0.067538
0.032311
0.028137
0.081802
0.165714
0.022999
0.118677
0.008239
0.014123
0.123278
0.035166
0.005824
0.262725
0.089440
0.038574
0.019048
0.137166
0.018099
0.123469
0.100940
0.099671
0.169121
0.113439
0.157766
0.174211
0.046184
0.079128
0.114224
0.028700
0.106609
0.022583
0.136263
0.035020
0.100394
0.125720
0.069905
0.068843
0.158604
0.030805
0.414372
0.102107
0.129772
0.077601
0.017648
0.330988
0.291887
0.051715
0.119851
0.042324
0.163358
0.052394
0.056086
0.153031
0.061093
0.042789
0.162960
0.086755
0.118186
0.066001
0.038188
0.161994
0.055711
0.166873
0.094342
0.081893
0.089645
0.014405
0.425550
0.099374
0.072784
0.237460
0.036552
0.017989
0.285046
0.081958
0.177509
0.022535
0.048513
0.006697
0.132863
0.277552
0.033337
0.128402
0.048987
0.079388
0.038904
0.190911
0.044770
0.244728
0.043456
0.020909
0.086489
0.024683
0.038502
0.117911
0.213563
0.100975
0.073695
0.033107
0.085390
0.045708
0.042531
0.038623
0.092721
0.083557
0.043096
0.014595
0.069218
0.050773
0.037222
0.095624
0.161534
0.047456
0.050889
0.393873
0.178563
0.108593
0.145219
0.035914
0.092253
0.259949
0.043671
0.066726
0.115605
0.095655
0.042979
0.060969
0.107789
0.088232
0.109968
0.040955
0.186088
0.090424
0.015374
0.173291
0.180079
0.193997
0.058280
0.098298
0.009592
0.013689
0.067764
0.127387
0.103052
0.083374
0.082146
0.051231
0.095468
0.072688
0.006585
0.173196
0.039103
0.226859
0.116754
0.154753
0.114458
0.070195
0.020774
0.038978
0.097579
0.021542
0.021491
0.025719
0.003344
0.209871
0.052330
0.011205
0.019607
0.156050
0.025386
0.060640
0.135685
0.086649
0.292819
0.095213
0.080801
0.017882
0.050748
0.070070
0.125658
0.032517
0.039715
0.060275
0.169137
0.236577
0.028662
0.455209
0.150799
0.098612
0.028250
0.119669
0.219294
0.115712
0.064393
0.042607
0.226518
0.122138
0.113698
0.085862
0.018470
0.058984
0.139800
0.247590
0.038480
0.062087
0.027769
0.172341
0.016254
0.044285
0.027826
0.078659
0.054676
0.057506
0.193505
0.026402
0.011806
0.058356
0.136478
0.037783
0.027461
0.236413
0.238891
0.093877
0.058427
0.174577
0.081774
0.025724
0.171158
0.094137
0.027729
0.045462
0.055491
0.040364
0.006307
0.100890
0.106130
0.067562
0.096180
0.100507
0.013097
0.039818
0.234318
0.036822
0.092185
0.067457
0.207785
0.034596
0.075154
0.018225
0.022092
0.065029
0.044364
0.126736
0.017637
0.157239
0.166020
0.090179
0.035990
0.021317
0.141272
0.037349
0.112533
0.151192
0.307563
0.093888
0.046866
0.117944
0.021612
0.168151
0.068131
0.201423
0.078156
0.077914
0.104578
0.072007
0.042811
0.073731
0.068797
0.063229
0.032042
0.052597
0.107321
0.041643
0.010351
0.088479
0.207913
0.327113
0.020287
0.195544
0.033020
0.112423
0.027635
0.069577
0.215531
0.187284
0.058860
0.025201
0.014883
0.141028
0.068183
0.059309
0.109625
0.006804
0.144688
0.197871
0.086209
0.033202
0.055905
0.118153
0.044569
0.031795
0.200760
0.113890
0.071738
0.030194
0.073154
0.068289
0.251518
0.101580
0.104738
0.140510
0.392853
0.005371
0.070847
0.195421
0.105523
0.032391
0.060373
0.114538
0.092984
0.045702
0.074264
0.078924
0.059609
0.141663
0.041715
0.027029
0.032329
0.013918
0.053334
0.023795
0.198543
0.329317
0.145667
0.150594
0.065818
0.017933
0.033880
0.060750
0.190362
0.044305
0.090024
0.049225
0.065628
0.050280
0.069882
0.086695
0.086626
0.058304
0.150781
0.120365
0.171908
0.038090
0.085293
0.067286
0.024550
0.037518
0.017718
0.081654
0.028467
0.072126
0.158093
0.118921
0.045819
0.000861
0.131040
0.061294
0.029122
0.073234
0.066718
0.126984
0.063695
0.027314
0.238792
0.049264
0.037820
0.019350
0.038121
0.029398
0.073591
0.185039
0.029905
0.081128
0.044705
0.207496
0.069899
0.017198
0.069761
0.179613
0.015621
0.113469
0.081307
0.028558
0.204031
0.013511
0.282713
0.015494
0.028570
0.158244
0.068149
0.005133
0.073948
0.034658
0.010041
0.057102
0.050130
0.115248
0.245334
0.400100
0.037703
0.020808
0.067609
0.037342
0.166117
0.014951
0.085673
0.051557
0.117133
0.190873
0.373999
0.090706
0.162725
0.076658
0.113047
0.058623
0.080377
0.055707
0.112984
0.016838
0.200146
0.134508
0.099548
0.040903
0.105304
0.075425
0.032940
0.086953
0.043198
0.024713
0.044786
0.088952
0.032566
0.181365
0.005968
0.084831
0.359146
0.070654
0.036407
0.232669
0.070084
0.024160
0.045591
0.023386
0.086844
0.061359
0.166723
0.174921
0.078803
0.015030
0.107624
0.027559
0.130524
0.126288
0.027126
0.043949
0.070060
0.091134
0.043864
0.132898
0.134857
0.152967
0.101746
0.178041
0.054897
0.116254
0.217585
0.049453
0.070906
0.102117
0.023359
0.113917
0.103025
0.056934
0.219453
0.040363
0.066770
0.180969
0.077126
0.010540
0.034586
0.111494
0.016747
0.060560
0.115060
0.272747
0.047168
0.225129
0.035848
0.055833
0.048571
0.123087
0.028303
0.024657
0.017431
0.030612
0.193188
0.166881
0.052784
0.071296
0.166103
0.081946
0.019052
0.067833
0.072383
0.031411
0.017717
0.063299
0.019921
0.088152
0.051185
0.098472
0.087130
0.022991
0.081128
0.054907
0.079826
0.104807
0.068442
0.019409
0.060912
0.023706
0.022315
0.022754
0.274826
0.057126
0.216366
0.013934
0.026155
0.064913
0.018425
0.010756
0.026248
0.377126
0.043644
0.109849
0.034608
0.208244
0.187456
0.058088
0.054935
0.038477
0.080327
0.053006
0.047657
0.009936
0.089201
0.033630
0.076558
0.148200
0.027511
0.186110
0.102979
0.017095
0.095379
0.194387
0.083888
0.071657
0.015987
0.039961
0.269518
0.164854
0.023041
0.134815
0.101027
0.280132
0.082547
0.056190
0.049630
0.196012
0.029905
0.183804
0.019983
0.010189
0.075204
0.017349
0.075951
0.033977
0.063057
0.056580
0.144806
0.038461
0.338392
0.105383
0.011127
0.121318
0.043895
0.086965
0.051168
0.063734
0.036705
0.026880
0.032802
0.017126
0.325178
0.072317
0.084443
0.074153
0.068211
0.050045
0.036491
0.129245
0.033509
0.023342
0.120781
0.074221
0.018420
0.031075
0.090850
0.060703
0.321216
0.350574
0.059361
0.201743
0.149227
0.014489
0.010297
0.058716
0.074513
0.199409
0.252143
0.031768
0.116035
0.022661
0.050043
0.124136
0.225643
0.074539
0.075345
0.114577
0.065814
0.099917
0.041891
0.049916
0.008410
0.067418
0.174831
0.084764
0.027730
0.042804
0.031627
0.034712
0.121026
0.071454
0.080505
0.051870
0.179784
0.027608
0.164901
0.039400
0.121609
0.167294
0.016447
0.023496
0.065240
0.021558
0.079090
0.022017
0.020591
0.045982
0.097503
0.283612
0.081404
0.017356
0.024661
0.041453
0.193479
0.021489
0.191103
0.175434
0.027437
0.052162
0.013412
0.281745
0.118049
0.241849
0.033851
0.060795
0.248548
0.033481
0.142388
0.130795
0.050669
0.065381
0.102925
0.050109
0.032118
0.157387
0.022763
0.127982
0.140336
0.118997
0.089229
0.041978
0.117779
0.110950
0.031864
0.030854
0.016421
0.050849
0.028069
0.012247
0.021232
0.013108
0.055098
0.018372
0.120864
0.122197
0.043208
0.142946
0.197585
0.054118
0.040537
0.090481
0.076913
0.037290
0.014126
0.114770
0.148141
0.055444
0.021441
0.017621
0.234708
0.055978
0.220900
0.045001
0.106834
0.260334
0.075366
0.088847
0.039369
0.045473
0.018042
0.068934
0.103177
0.185196
0.148028
0.005428
0.014823
0.064771
0.157975
0.021969
0.037869
0.048233
0.020525
0.027647
0.022278
0.060476
0.097895
0.075363
0.049142
0.053416
0.011077
0.098629
0.203245
0.168360
0.027265
0.015351
0.023073
0.199603
0.044181
0.228607
0.050705
0.058145
0.042604
0.045269
0.058952
0.113079
0.068040
0.196650
0.008948
0.201695
0.151729
0.101505
0.115900
0.021163
0.079104
0.123705
0.090659
0.016193
0.093909
0.051756
0.218306
0.150358
0.206429
0.046094
0.082285
0.037326
0.145746
0.063595
0.067118
0.018592
0.044726
0.020810
0.057558
0.101611
0.016045
0.036545
0.288384
0.079208
0.009299
0.017131
0.094836
0.089960
0.099314
0.134680
0.245724
0.098172
0.099112
0.026764
0.211171
0.057944
0.028647
0.016792
0.215655
0.114898
0.098143
0.055484
0.018679
0.109789
0.032746
0.019150
0.075346
0.005980
0.130813
0.158360
0.059055
0.056161
0.010346
0.015321
0.173120
0.047105
0.057365
0.045449
0.068793
0.109383
0.061197
0.014856
0.333379
0.039460
0.012238
0.087325
0.240946
0.086800
0.092410
0.051121
0.030739
0.066829
0.018558
0.137772
0.016752
0.106062
0.036961
0.175766
0.063517
0.080417
0.135441
0.079795
0.016105
0.148754
0.062785
0.105332
0.026330
0.052951
0.143736
0.102365
0.128156
0.072142
0.032889
0.061141
0.061584
0.129216
0.094629
0.006666
0.048741
0.003197
0.005290
0.022337
0.263350
0.019938
0.127653
0.053253
0.040505
0.092661
0.171556
0.010385
0.110069
0.025996
0.106530
0.072994
0.049460
0.159034
0.013627
0.051110
0.075673
0.098049
0.048363
0.069064
0.052100
0.153981
0.029797
0.098065
0.033853
0.069109
0.032212
0.005937
0.147130
0.094690
0.030001
0.013619
0.227729
0.160239
0.079614
0.095700
0.083625
0.129130
0.173272
0.041408
0.018743
0.049521
0.106788
0.089305
0.057093
0.044755
0.169018
0.007245
0.034368
0.009379
0.017170
0.102080
0.029244
0.061613
0.077059
0.109170
0.086735
0.195511
0.096550
0.019427
0.064933
0.061977
0.045885
0.127887
0.072544
0.220501
0.049495
0.044968
0.089120
0.264705
0.020428
0.057832
0.194398
0.109663
0.071942
0.121272
0.121923
0.086370
0.036199
0.084504
0.029533
0.071028
0.018448
0.209234
0.054606
0.016811
0.066401
0.253502
0.058236
0.024015
0.040711
0.072761
0.010156
0.048043
0.030887
0.077117
0.238722
0.135669
0.082318
0.064439
0.091886
0.193053
0.040493
0.122959
0.071752
0.021673
0.024884
0.036364
0.110167
0.115262
0.061020
0.085700
0.192008
0.094678
0.038089
0.245183
0.071423
0.027767
0.231899
0.043267
0.029417
0.083184
0.042565
0.014137
0.009476
0.184347
0.016753
0.034593
0.026386
0.015689
0.156213
0.052954
0.043258
0.005833
0.187824
0.059150
0.056283
0.158155
0.089958
0.284782
0.139953
0.127917
0.147714
0.285619
0.005320
0.054314
0.019205
0.017474
0.024391
0.047514
0.055599
0.049489
0.027146
0.019711
0.241380
0.125998
0.098343
0.018913
0.039278
0.183307
0.040002
0.155632
0.016792
0.095762
0.018727
0.062213
0.092357
0.043836
0.018059
0.079963
0.030097
0.008501
0.086220
0.096127
0.053541
0.163852
0.035134
0.086893
0.065611
0.114317
0.026817
0.025619
0.163915
0.045216
0.188156
0.059976
0.005769
0.052534
0.022507
0.047648
0.033326
0.189771
0.093606
0.174177
0.238810
0.097291
0.031030
0.076693
0.017247
0.011906
0.046997
0.235533
0.100209
0.075104
0.106884
0.249521
0.023655
0.152061
0.118630
0.058845
0.031305
0.028552
0.029871
0.080929
0.025339
0.044035
0.056127
0.312453
0.023899
0.027343
0.130294
0.056347
0.070522
0.069978
0.079909
0.065712
0.030451
0.078147
0.094191
0.021172
0.146740
0.046556
0.099756
0.082882
0.186017
0.031019
0.033013
0.061076
0.016423
0.101516
0.061332
0.102932
0.051051
0.077375
0.066446
0.062785
0.107016
0.102352
0.099023
0.009508
0.011596
0.011055
0.142622
0.111126
0.115778
0.109312
0.062281
0.011423
0.013349
0.036760
0.006940
0.075552
0.039868
0.043501
0.138905
0.074622
0.025219
0.015538
0.009798
0.002794
0.195362
0.025992
0.018206
0.031739
0.066417
0.203642
0.030489
0.044197
0.076397
0.041490
0.075649
0.022658
0.033732
0.120369
0.157672
0.008855
0.069935
0.047422
0.360373
0.079585
0.082194
0.034130
0.164803
0.300689
0.174515
0.022632
0.024481
0.061910
0.051735
0.028752
0.014187
0.149446
0.042762
0.019211
0.088697
0.047875
0.018081
0.072537
0.147389
0.043068
0.045877
0.019721
0.127762
0.257616
0.129281
0.119148
0.037898
0.049643
0.049646
0.116728
0.142078
0.104291
0.177008
0.036164
0.008416
0.059129
0.027777
0.086392
0.036837
0.014906
0.102224
0.009460
0.049953
0.114399
0.385067
0.013842
0.016865
0.052755
0.050669
0.054615
0.156746
0.015553
0.101118
0.070820
0.116146
0.068027
0.029296
0.225821
0.204208
0.015985
0.145060
0.011175
0.223463
0.037886
0.069678
0.128624
0.024998
0.304710
0.011397
0.182604
0.019321
0.107930
0.026029
0.126894
0.034651
0.082827
0.036482
0.025683
0.062919
0.058807
0.035724
0.043771
0.103699
0.067171
0.017313
0.096075
0.150227
0.034326
0.159296
0.026417
0.016611
0.085835
0.098207
0.111572
0.192654
0.046890
0.006452
0.133952
0.042929
0.072869
0.039235
0.075875
0.020169
0.060479
0.077654
0.006325
0.095505
0.027920
0.081493
0.084875
0.144794
0.015450
0.024611
0.074663
0.010287
0.056663
0.043761
0.017166
0.231344
0.048264
0.243009
0.036473
0.104924
0.022950
0.102051
0.042378
0.034792
0.009920
0.024633
0.280678
0.103611
0.159302
0.231739
0.111944
0.071625
0.056733
0.122698
0.025406
0.194755
0.058176
0.028148
0.139314
0.116122
0.033472
0.021950
0.075993
0.024224
0.009982
0.035399
0.083290
0.046440
0.062707
0.011114
0.112600
0.006501
0.034420
0.064187
0.128625
0.061097
0.026901
0.072708
0.013498
0.205043
0.094230
0.128167
0.204350
0.046897
0.221738
0.049676
0.004667
0.082965
0.111660
0.188509
0.206740
0.016153
0.180394
0.155328
0.012064
0.170431
0.171728
0.064831
0.060479
0.095977
0.030396
0.091213
0.112329
0.084993
0.011830
0.023045
0.016752
0.064724
0.033423
0.159159
0.016646
0.026515
0.048775
0.022098
0.026885
0.058938
0.051901
0.185333
0.025939
0.022544
0.034620
0.054279
0.124031
0.006299
0.094245
0.222702
0.156455
0.142162
0.040238
0.032435
0.098939
0.007753
0.051126
0.176001
0.008169
0.013778
0.202581
0.069396
0.034930
0.008450
0.040886
0.054997
0.102961
0.260277
0.025252
0.061362
0.116024
0.040346
0.058628
0.017607
0.050299
0.037967
0.008202
0.067449
0.203963
0.183244
0.038622
0.087933
0.157608
0.067879
0.213622
0.050865
0.239728
0.035035
0.014515
0.008520
0.097500
0.124451
0.044566
0.037649
0.069697
0.063429
0.053166
0.024661
0.010553
0.301266
0.063504
0.041374
0.016311
0.020716
0.221572
0.165333
0.088146
0.124883
0.059737
0.051403
0.040975
0.107581
0.079732
0.077936
0.110616
0.028370
0.023520
0.075572
0.022253
0.013974
0.056908
0.040235
0.062008
0.100816
0.024818
0.100546
0.006775
0.047332
0.038596
0.044555
0.043946
0.054570
0.036374
0.103400
0.052318
0.020824
0.034606
0.105899
0.054761
0.015637
0.188301
0.032659
0.026135
0.009997
0.012601
0.189944
0.069234
0.004564
0.062960
0.029809
0.359688
0.176271
0.023166
0.012881
0.019196
0.020927
0.068767
0.177086
0.026810
0.164132
0.026816
0.012204
0.008401
0.074808
0.312321
0.063245
0.063448
0.091370
0.173030
0.173491
0.089805
0.033901
0.116929
0.143023
0.087077
0.097276
0.106867
0.008598
0.043986
0.036754
0.028604
0.168111
0.325440
0.237474
0.044484
0.190435
0.009773
0.017943
0.084372
0.005325
0.028104
0.041482
0.012064
0.114575
0.050565
0.158851
0.010110
0.086382
0.022535
0.050697
0.026067
0.021177
0.190529
0.034215
0.325004
0.095480
0.048169
0.030049
0.015263
0.188139
0.155590
0.120888
0.028047
0.060286
0.035804
0.061969
0.108901
0.044463
0.103551
0.010467
0.080729
0.010567
0.094251
0.026609
0.126851
0.011404
0.089152
0.018950
0.055708
0.138621
0.126950
0.042284
0.084719
0.022692
0.013596
0.050524
0.079130
0.038750
0.108692
0.017682
0.137516
0.154197
0.119742
0.104262
0.057612
0.004591
0.131448
0.010148
0.090874
0.012458
0.023824
0.015173
0.056382
0.126745
0.032197
0.028138
0.050827
0.038139
0.015552
0.046875
0.098865
0.124662
0.043385
0.051824
0.113206
0.090077
0.104956
0.094366
0.047180
0.109907
0.082621
0.069279
0.047133
0.071249
0.062759
0.322067
0.032510
0.148664
0.036913
0.171873
0.013061
0.045375
0.014229
0.009720
0.044652
0.092933
0.122668
0.162004
0.010067
0.057556
0.012628
0.038902
0.008005
0.095707
0.038304
0.066382
0.208213
0.063338
0.156398
0.027424
0.067014
0.337035
0.115921
0.042145
0.026622
0.163918
0.036900
0.041785
0.208334
0.052268
0.073067
0.040856
0.097812
0.048158
0.095462
0.109821
0.093903
0.162998
0.027250
0.055322
0.062335
0.132356
0.058328
0.005354
0.012892
0.014475
0.113915
0.140657
0.027320
0.072283
0.164861
0.142252
0.019235
0.045076
0.041627
0.085179
0.053429
0.089317
0.011350
0.171233
0.188564
0.041403
0.166031
0.018967
0.029419
0.027295
0.006034
0.017587
0.032279
0.022002
0.111294
0.084399
0.017992
0.017840
0.214367
0.037114
0.021714
0.024710
0.097442
0.104074
0.068464
0.157555
0.141895
0.130156
0.028440
0.012774
0.018668
0.012834
0.100534
0.042154
0.089938
0.194413
0.014552
0.125393
0.022584
0.097810
0.045395
0.073295
0.022817
0.070520
0.176946
0.005594
0.043880
0.038789
0.246968
0.020345
0.200297
0.052043
0.016037
0.043108
0.033707
0.053061
0.037684
0.160125
0.027229
0.134881
0.080132
0.111950
0.010998
0.069886
0.013036
0.155697
0.010653
0.011638
0.071166
0.160346
0.014930
0.251041
0.182122
0.067657
0.146260
0.007572
0.051090
0.148222
0.016779
0.063012
0.037073
0.018104
0.058786
0.070655
0.099445
0.123172
0.028215
0.012505
0.009572
0.019385
0.144814
0.052282
0.019238
0.130052
0.050608
0.163666
0.147627
0.033688
0.029123
0.027251
0.063629
0.031858
0.027142
0.031283
0.206376
0.059291
0.133595
0.075408
0.053293
0.198112
0.062877
0.088577
0.064346
0.074329
0.055154
0.098919
0.036656
0.011725
0.194413
0.128881
0.028101
0.079203
0.140564
0.025898
0.032665
0.068586
0.060721
0.029954
0.031709
0.013391
0.022805
0.021083
0.142940
0.032678
0.026160
0.004723
0.110669
0.142430
0.047780
0.065399
0.125910
0.293519
0.012343
0.197944
0.030446
0.015190
0.054019
0.047923
0.034682
0.037126
0.026650
0.142918
0.073204
0.011003
0.117872
0.030313
0.055142
0.061760
0.105031
0.104871
0.073054
0.121719
0.041880
0.058507
0.127639
0.146605
0.106804
0.175523
0.030340
0.017390
0.100567
0.149049
0.074493
0.020364
0.010791
0.013889
0.045026
0.109467
0.012617
0.080652
0.011776
0.265627
0.035004
0.095208
0.106300
0.093087
0.164144
0.056488
0.033367
0.128360
0.017408
0.047374
0.098590
0.126251
0.154243
0.081274
0.012244
0.019671
0.041004
0.047178
0.070010
0.117104
0.045723
0.026951
0.073440
0.130846
0.100212
0.032716
0.053329
0.103229
0.056646
0.020052
0.067426
0.095433
0.056397
0.042032
0.051586
0.169443
0.032706
0.151416
0.057525
0.031335
0.130685
0.042461
0.090882
0.027059
0.023051
0.019226
0.171899
0.047172
0.209082
0.105673
0.014202
0.233755
0.157900
0.061156
0.151443
0.053741
0.034011
0.034766
0.100958
0.020176
0.053029
0.042886
0.103755
0.030242
0.012176
0.007149
0.126768
0.289850
0.033743
0.222777
0.046162
0.045180
0.027607
0.019822
0.025545
0.006724
0.019578
0.050963
0.138420
0.111978
0.219847
0.023655
0.096867
0.047427
0.024317
0.077913
0.114085
0.016520
0.020775
0.029254
0.066343
0.026762
0.120239
0.018985
0.112614
0.066699
0.059961
0.067972
0.108533
0.043964
0.038684
0.099115
0.141879
0.027852
0.138232
0.189318
0.014628
0.008378
0.028437
0.011771
0.037796
0.032167
0.179950
0.077128
0.021671
0.096510
0.053399
0.092648
0.235600
0.053700
0.193145
0.011010
0.119630
0.057992
0.013992
0.101717
0.097646
0.068101
0.032202
0.093430
0.018363
0.016495
0.031104
0.048640
0.107452
0.012041
0.043455
0.161689
0.122467
0.063235
0.020763
0.007311
0.078853
0.199475
0.025027
0.058413
0.235616
0.122913
0.054009
0.011997
0.029445
0.073514
0.014404
0.065723
0.080339
0.024312
0.027009
0.174465
0.096186
0.036304
0.126066
0.151731
0.123285
0.114392
0.098415
0.031176
0.134598
0.037530
0.026706
0.118444
0.041029
0.242541
0.023655
0.067876
0.024648
0.146323
0.032968
0.184995
0.086043
0.092835
0.026598
0.063338
0.053572
0.050814
0.139369
0.019798
0.092895
0.132023
0.072924
0.008005
0.180725
0.012322
0.096057
0.179932
0.057374
0.006869
0.234217
0.073776
0.004043
0.018253
0.055582
0.042254
0.019828
0.023181
0.029003
0.056531
0.036966
0.081693
0.093591
0.044073
0.018154
0.072848
0.135543
0.033878
0.028494
0.135704
0.060389
0.060881
0.013042
0.108732
0.059846
0.042701
0.057048
0.187115
0.045843
0.035012
0.039724
0.053316
0.016449
0.071114
0.118518
0.119875
0.067329
0.010608
0.150111
0.058759
0.025650
0.019151
0.021658
0.028480
0.009460
0.050194
0.052568
0.008117
0.020001
0.023027
0.016511
0.186734
0.090837
0.042203
0.235737
0.046063
0.085390
0.073826
0.112650
0.052175
0.053453
0.049878
0.093161
0.052141
0.100314
0.006953
0.102286
0.298932
0.004051
0.121863
0.019887
0.060551
0.127557
0.093844
0.161813
0.072570
0.168436
0.039132
0.046527
0.027072
0.077741
0.033248
0.028108
0.062995
0.036194
0.046467
0.139547
0.147808
0.185713
0.023864
0.175079
0.092018
0.006929
0.059982
0.016570
0.169079
0.023314
0.059745
0.008547
0.182402
0.015997
0.053917
0.013411
0.013770
0.011860
0.084086
0.024050
0.117287
0.026514
0.054240
0.245963
0.027483
0.074464
0.058992
0.042983
0.021001
0.301443
0.268972
0.012217
0.012938
0.045705
