5.118888
1.939148
2.096224
2.434960
1.592963
2.221555
2.042951
1.663341
1.022022
1.048026
1.893186
1.484781
0.961143
0.841401
0.712620
0.676593
0.844016
0.686411
0.785871
1.209955
0.830412
2.320874
1.575062
0.985496
0.695376
0.681532
0.879720
1.337272
0.965500
0.784145
0.790766
0.694798
0.608862
0.684785
0.529705
0.440198
0.468933
0.539477
0.603418
0.602852
0.273717
0.381719
0.208028
0.188985
0.177206
1.639825
0.691599
0.506124
0.550802
0.669314
0.457549
0.316862
0.324260
0.316124
0.389553
0.281431
0.229885
0.183920
0.192981
0.118322
0.124022
0.120925
0.239591
0.053714
0.049513
0.054612
0.284886
0.334837
0.258475
0.079034
0.039737
0.030266
0.089254
0.060184
0.085611
0.112338
0.138779
0.042317
1.077749
0.379386
0.180643
0.141220
0.100850
0.046560
0.094984
0.040517
0.231550
0.074308
0.117669
0.049589
0.052483
0.049044
0.185635
0.066634
0.083728
0.090829
0.028124
0.019713
0.038569
0.065667
0.229935
0.035125
0.142363
0.131434
0.030893
0.051565
0.037411
0.238202
0.042568
0.095010
0.093398
0.010500
0.055511
0.052779
0.042371
0.036578
0.102893
0.095202
0.019999
0.657565
0.171836
0.107149
0.042832
0.031454
0.109384
0.071627
0.028888
0.034336
0.148297
0.032736
0.152465
0.180080
0.031995
0.022828
0.038078
0.036336
0.081664
0.040841
0.020010
0.013008
0.048392
0.028259
0.050919
0.023582
0.024301
0.088215
0.012482
0.003791
0.016711
0.009307
0.081001
0.030451
0.042132
0.113966
0.005649
0.029707
0.021967
0.290093
0.006140
0.021784
0.019858
0.013406
0.195260
0.031714
0.102549
0.009302
0.051253
0.006881
0.005949
0.067309
0.030923
0.481243
0.016909
0.141451
0.021911
0.022158
0.032166
0.157119
0.143600
0.009251
0.011328
0.014851
0.088631
0.082706
0.023877
0.123342
0.021920
0.023047
0.017118
0.160151
0.045159
0.024592
0.005195
0.007473
0.007363
0.093987
0.084311
0.007854
0.018267
0.007077
0.076958
0.005580
0.016119
0.010955
0.032947
0.009889
0.010182
0.016504
0.116914
0.014215
0.177786
0.003681
0.004254
0.002378
0.064611
0.002456
0.010176
0.049128
0.044188
0.002260
0.009177
0.167356
0.147154
0.059114
0.146360
0.060606
0.042405
0.031379
0.067954
0.015188
0.003429
0.008395
0.488285
0.065260
0.118689
0.091186
0.009392
0.007850
0.193592
0.043957
0.155573
0.032870
0.075686
0.003406
0.003904
0.005752
0.077878
0.184283
0.048497
0.068184
0.010591
0.008094
0.031277
0.013221
0.003427
0.175465
0.009334
0.008369
0.011089
0.003123
0.011258
0.003250
0.030534
0.030727
0.001967
0.008327
0.023373
0.002115
0.009048
0.164989
0.166975
0.013287
0.091055
0.116981
0.018873
0.064493
0.019792
0.028887
0.015178
0.008333
0.045078
0.006097
0.033103
0.004983
0.003714
0.001490
0.019491
0.006182
0.127945
0.004897
0.001539
0.007057
0.030807
0.007385
0.004569
0.138864
0.020052
0.006059
0.027472
0.064967
0.007588
0.003331
0.134102
0.005919
0.038146
0.205116
0.011396
0.001797
0.001222
0.051748
0.000491
0.105070
0.005285
0.001030
0.174759
0.036044
0.149607
0.226715
0.166329
0.032661
0.018776
0.100543
0.028301
0.079542
0.008940
0.034315
0.004782
0.022331
0.094028
0.015107
0.042664
0.050295
0.005571
0.015223
0.001603
0.181469
0.002658
0.168688
0.019554
0.023126
0.014566
0.021158
0.026749
0.019602
0.005277
0.201801
0.021131
0.010451
0.036347
0.005768
0.001649
0.084291
0.062555
0.089836
0.002152
0.002702
0.003394
0.005839
0.005544
0.007449
0.073116
0.059311
0.129209
0.035696
0.004725
0.001135
0.232777
0.087644
0.013499
0.017829
0.009138
0.040738
0.011835
0.003273
0.001593
0.027211
0.006368
0.004860
0.033523
0.060973
0.008243
0.019395
0.036260
0.060800
0.025075
0.000542
0.003782
0.150613
0.007128
0.005475
0.000993
0.006223
0.004066
0.016370
0.090613
0.001186
0.000975
0.000768
0.187144
0.065680
0.008783
0.003180
0.006371
0.010519
0.099456
0.002753
0.038592
0.012502
0.024728
0.045878
0.059625
0.001271
0.001092
0.001594
0.109690
0.143701
0.101022
0.066912
0.006970
0.156958
0.009221
0.006005
0.069987
0.038340
0.011392
0.017166
0.011454
0.014713
0.008329
0.066334
0.092643
0.034990
0.002821
0.003341
0.022825
0.001730
0.197030
0.090937
0.143158
0.119946
0.008596
0.065833
0.007034
0.014051
0.019967
0.019313
0.001675
0.012874
0.004033
0.001466
0.010892
0.088428
0.023757
0.002638
0.021079
0.096841
0.034342
0.002437
0.012094
0.058909
0.061468
0.001651
0.010708
0.015976
0.009581
0.004966
0.028837
0.003412
0.002141
0.063624
0.020081
0.002817
0.001077
0.101539
0.188875
0.000995
0.006696
0.006617
0.082676
0.006894
0.007297
0.004006
0.001899
0.054831
0.005458
0.053034
0.005346
0.081796
0.000782
0.018970
0.008319
0.040339
0.023699
0.001082
0.005767
0.128752
0.006178
0.015460
0.058565
0.124860
0.026011
0.011629
0.002422
0.008051
0.105896
0.001362
0.007330
0.030088
0.038032
0.007002
0.023898
0.002178
0.048873
0.000435
0.003022
0.000992
0.133199
0.002629
0.003246
0.079242
0.005212
0.005331
0.009486
0.008578
0.049689
0.216156
0.220905
0.138916
0.077040
0.019352
0.018568
0.027375
0.023175
0.046257
0.046448
0.037891
0.043059
0.056756
0.010816
0.037104
0.078484
0.003311
0.002831
0.005848
0.010001
0.199996
0.007829
0.078287
0.007214
0.039835
0.096873
0.003994
0.012439
0.004116
0.010851
0.017035
0.072898
0.039592
0.055980
0.161070
0.003561
0.185316
0.071764
0.016672
0.017104
0.066744
0.048197
0.001244
0.045279
0.001440
0.029230
0.119918
0.016386
0.004341
0.005799
0.000992
0.009273
0.002675
0.002067
0.000968
0.000612
0.064626
0.011524
0.007023
0.022092
0.000724
0.030019
0.004040
0.042507
0.002714
0.183940
0.003598
0.084928
0.005981
0.005582
0.062594
0.010159
0.009918
0.011319
0.043618
0.003070
0.015536
0.001221
0.001159
0.009668
0.006850
0.008608
0.002552
0.002062
0.001651
0.012309
0.026300
0.000673
0.103478
0.025897
0.040628
0.001834
0.024486
0.002330
0.001057
0.003299
0.151046
0.001900
0.004180
0.000807
0.057493
0.002268
0.008059
0.016517
0.110236
0.010843
0.008848
0.003259
0.039305
0.003148
0.000929
0.001192
0.099013
0.086518
0.009439
0.006500
0.025398
0.000382
0.011372
0.017835
0.003588
0.005192
0.000762
0.000615
0.003934
0.037628
0.002337
0.004029
0.176356
0.007956
0.000692
0.019923
0.011762
0.022611
0.002927
0.000568
0.001093
0.008333
0.203496
0.065205
0.045105
0.206064
0.143925
0.123896
0.030553
0.061742
0.031282
0.019422
0.026009
0.019801
0.004336
0.048906
0.002467
0.010881
0.195078
0.044240
0.004078
0.127367
0.013189
0.005307
0.002432
0.004088
0.013184
0.016709
0.013017
0.000901
0.155745
0.008437
0.002304
0.029311
0.018364
0.021260
0.140590
0.027021
0.003840
0.013071
0.001619
0.119593
0.002551
0.000572
0.011990
0.001862
0.007927
0.036848
0.056544
0.087593
0.002113
0.032762
0.001278
0.006397
0.008489
0.003478
0.025667
0.004886
0.165744
0.020629
0.000731
0.001284
0.005219
0.000901
0.001641
0.031282
0.156661
0.030987
0.003423
0.005280
0.049131
0.008363
0.009058
0.001099
0.003058
0.003572
0.001734
0.002185
0.001819
0.002847
0.144672
0.100155
0.025745
0.026323
0.009720
0.019237
0.019902
0.008873
0.056239
0.019964
0.010762
0.004095
0.051666
0.076780
0.001052
0.002775
0.010291
0.001948
0.001733
0.002971
0.000779
0.005841
0.006851
0.046242
0.013509
0.008724
0.121792
0.073579
0.000475
0.001190
0.033047
0.029487
0.002422
0.025581
0.003431
0.025552
0.002216
0.017263
0.005400
0.005791
0.001159
0.105683
0.103129
0.003238
0.012926
0.002007
0.005984
0.026200
0.002559
0.005296
0.000883
0.167315
0.000223
0.003457
0.000866
0.003375
0.023109
0.046948
0.014929
0.045823
0.071194
0.025762
0.048875
0.063477
0.000988
0.001873
0.002688
0.004871
0.006294
0.004535
0.000545
0.025218
0.000348
0.006907
0.361239
0.045111
0.066365
0.153328
0.169278
0.073162
0.021077
0.072307
0.002328
0.084276
0.003328
0.011361
0.065978
0.047126
0.002981
0.005188
0.112803
0.006197
0.043216
0.189091
0.041378
0.023696
0.022723
0.014144
0.000589
0.010750
0.054199
0.003384
0.006477
0.004472
0.098069
0.082481
0.002562
0.020138
0.184295
0.098054
0.002381
0.003360
0.001019
0.002538
0.009422
0.002884
0.001762
0.011442
0.049778
0.009287
0.000845
0.008686
0.011803
0.032518
0.002862
0.033688
0.008001
0.000766
0.045576
0.018998
0.001412
0.004424
0.025223
0.034032
0.000621
0.003158
0.051157
0.003893
0.001319
0.063728
0.000879
0.072977
0.005096
0.001569
0.014772
0.047620
0.011201
0.004178
0.007322
0.003004
0.003004
0.001912
0.019775
0.218011
0.008850
0.000276
0.001331
0.002786
0.013647
0.001152
0.006420
0.135393
0.003032
0.002692
0.000799
0.032350
0.009540
0.075039
0.000556
0.001021
0.014108
0.082995
0.000573
0.054196
0.003695
0.001420
0.015545
0.020113
0.001493
0.077080
0.045422
0.000322
0.001303
0.003980
0.001812
0.004510
0.001376
0.003901
0.002560
0.001042
0.007626
0.006568
0.010183
0.040294
0.002060
0.026912
0.001747
0.006347
0.151509
0.000547
0.132259
0.019296
0.090916
0.001063
0.003965
0.048476
0.001614
0.000797
0.000736
0.012320
0.005036
0.000926
0.003888
0.000595
0.004962
0.145209
0.003488
0.000984
0.014075
0.019625
0.057451
0.003633
0.021145
0.002058
0.054882
0.010297
0.000580
0.009945
0.001936
0.006491
0.046415
0.001489
0.002541
0.059125
0.001197
0.004774
0.012293
0.004471
0.080916
0.008755
0.000571
0.002042
0.004636
0.003767
0.002520
0.003937
0.003705
0.009449
0.096258
0.001125
0.000882
0.035526
0.071618
0.004238
0.000773
0.001708
0.017086
0.317164
0.079435
0.021957
0.066133
0.203782
0.016782
0.045800
0.052453
0.024164
0.105943
0.021425
0.049234
0.051806
0.008612
0.057569
0.053380
0.010787
0.017163
0.020428
0.058756
0.008732
0.005320
0.017551
0.002101
0.006576
0.002762
0.006171
0.001686
0.003757
0.004060
0.171891
0.002975
0.063400
0.044979
0.008167
0.002798
0.160357
0.005346
0.012628
0.034398
0.016062
0.006046
0.174114
0.019381
0.005426
0.003041
0.039994
0.003786
0.085431
0.002599
0.012691
0.020351
0.007536
0.001688
0.025937
0.005108
0.012884
0.066697
0.070106
0.002944
0.001335
0.006382
0.011876
0.003127
0.000951
0.043024
0.002631
0.001223
0.004683
0.060538
0.000580
0.005972
0.063009
0.013932
0.001604
0.010160
0.002903
0.005313
0.046043
0.003943
0.010397
0.044483
0.008168
0.017363
0.000835
0.005647
0.050091
0.011769
0.229243
0.000883
0.003423
0.003890
0.001940
0.000863
0.004452
0.035339
0.001126
0.005345
0.011460
0.041478
0.016563
0.000972
0.001530
0.008499
0.004546
0.002159
0.049212
0.188595
0.001876
0.001601
0.115917
0.001355
0.001972
0.005393
0.033569
0.004484
0.005303
0.016545
0.027829
0.010285
0.004598
0.000530
0.002911
0.126811
0.002749
0.038339
0.014631
0.002372
0.012664
0.005265
0.058945
0.007175
0.039911
0.010387
0.053111
0.000770
0.004284
0.000515
0.029672
0.001770
0.003287
0.081720
0.003901
0.014983
0.003883
0.001276
0.001048
0.000862
0.002180
0.004432
0.013648
0.002745
0.002810
0.001628
0.011394
0.008689
0.002665
0.013903
0.047284
0.001395
0.002359
0.000771
0.005110
0.029749
0.052125
0.044251
0.001050
0.054896
0.005223
0.001397
0.003845
0.001730
0.001661
0.006387
0.150964
0.004597
0.009790
0.000305
0.003757
0.001594
0.002565
0.002251
0.000700
0.086105
0.005798
0.003482
0.004239
0.012953
0.054217
0.009550
0.003512
0.004027
0.146294
0.012266
0.026768
0.001739
0.022121
0.005215
0.003397
0.005317
0.012569
0.013845
0.000677
0.027345
0.001854
0.001019
0.010392
0.018414
0.042370
0.039610
0.003391
0.002137
0.003130
0.008777
0.051928
0.101249
0.075511
0.083906
0.114146
0.019609
0.046326
0.057561
0.055098
0.032452
0.003817
0.005738
0.015366
0.059648
0.034207
0.073331
0.005336
0.009272
0.173776
0.007513
0.043635
0.010452
0.004168
0.000820
0.047720
0.030976
0.019373
0.001324
0.007992
0.176506
0.002815
0.033081
0.003532
0.112664
0.018043
0.012047
0.007295
0.005174
0.002027
0.032330
0.001422
0.013719
0.050242
0.008388
0.064718
0.001873
0.004917
0.000513
0.009732
0.000694
0.058169
0.010178
0.025771
0.044587
0.059951
0.004244
0.008904
0.029383
0.016095
0.003281
0.008235
0.002824
0.009935
0.027798
0.004558
0.210122
0.005485
0.000753
0.005024
0.000618
0.003066
0.004498
0.002036
0.002907
0.057871
0.001258
0.000620
0.113869
0.025923
0.002103
0.030345
0.003673
0.000551
0.005339
0.012395
0.046308
0.002108
0.003225
0.018961
0.030320
0.003015
0.004070
0.001005
0.005770
0.038840
0.024707
0.032396
0.003017
0.011009
0.001011
0.060562
0.070981
0.001706
0.005229
0.001409
0.044487
0.020129
0.023730
0.162091
0.000749
0.006101
0.003188
0.000900
0.035669
0.039229
0.005025
0.006011
0.005662
0.003429
0.011003
0.005789
0.000791
0.006543
0.026148
0.002358
0.046025
0.015181
0.029550
0.004606
0.000741
0.004925
0.001629
0.016596
0.000344
0.001622
0.020796
0.119742
0.021885
0.076376
0.001086
0.010348
0.014443
0.003693
0.005431
0.048463
0.000886
0.009745
0.034082
0.004154
0.015558
0.000847
0.002931
0.000830
0.002994
0.000969
0.046346
0.016032
0.000804
0.003582
0.009765
0.001769
0.000524
0.000696
0.001490
0.004929
0.032976
0.037346
0.000564
0.002423
0.004553
0.000912
0.015739
0.007224
0.050299
0.000644
0.014049
0.014739
0.000581
0.000922
0.008603
0.054046
0.003587
0.012137
0.007984
0.000615
0.004677
0.172196
0.001428
0.022238
0.000469
0.003403
0.074163
0.033386
0.013679
0.000314
0.067258
0.003990
0.045563
0.002329
0.003975
0.002009
0.004692
0.032537
0.016818
0.001394
0.000482
0.034188
0.002465
0.004923
0.011026
0.018288
0.002309
0.001120
0.002064
0.013398
0.012722
0.003647
0.000796
0.003408
0.003601
0.001420
0.004618
0.002843
0.008197
0.001296
0.012737
0.028842
0.042312
0.000487
0.040174
0.006244
0.007717
0.000958
0.238202
0.026746
0.051739
0.021444
0.090961
0.041902
0.222654
0.003908
0.044098
0.029061
0.004004
0.011405
0.105763
0.010236
0.004767
0.006364
0.002490
0.013961
0.009362
0.064761
0.003156
0.039521
0.193257
0.021737
0.031843
0.065853
0.004959
0.028420
0.030785
0.002484
0.003782
0.031701
0.001100
0.002511
0.007752
0.010708
0.003757
0.008063
0.001213
0.002221
0.024429
0.002012
0.001664
0.013897
0.063741
0.027377
0.007599
0.010331
0.017623
0.018003
0.033651
0.033588
0.003219
0.061975
0.008214
0.005313
0.000582
0.012106
0.000870
0.041918
0.002426
0.003622
0.014885
0.129577
0.006285
0.000653
0.001524
0.009882
0.006245
0.000870
0.003046
0.038891
0.041569
0.018660
0.002441
0.031965
0.065362
0.016349
0.023648
0.001491
0.039322
0.004311
0.003049
0.003817
0.043567
0.000592
0.001714
0.001541
0.004383
0.145141
0.016252
0.006106
0.001001
0.001003
0.024279
0.003315
0.001470
0.029153
0.005066
0.067069
0.012497
0.117180
0.000325
0.011205
0.000846
0.004287
0.009823
0.037065
0.000796
0.000937
0.047464
0.004657
0.023169
0.002042
0.041042
0.003039
0.002866
0.001163
0.048350
0.001960
0.014311
0.000559
0.007713
0.004885
0.020982
0.007476
0.004692
0.001958
0.013418
0.000828
0.003536
0.157439
0.003798
0.005325
0.029161
0.001631
0.000383
0.043097
0.001387
0.010246
0.000902
0.015278
0.016836
0.000840
0.015402
0.000899
0.033864
0.001924
0.042570
0.001274
0.003704
0.005603
0.004121
0.002931
0.002233
0.000792
0.010971
0.016057
0.033840
0.002971
0.001318
0.015215
0.002483
0.036288
0.011614
0.000815
0.004667
0.029588
0.004699
0.009855
0.038380
0.036951
0.003389
0.001498
0.004257
0.117985
0.008048
0.009753
0.030950
0.013577
0.001083
0.010428
0.001796
0.005447
0.003364
0.109559
0.038075
0.026468
0.004196
0.003315
0.040349
0.000900
0.002399
0.001045
0.003505
0.001599
0.004038
0.020358
0.000413
0.008100
0.001538
0.002986
0.045738
0.008388
0.035961
0.012831
0.001637
0.000619
0.004766
0.002122
0.001555
0.000468
0.001115
0.025868
0.003956
0.036076
0.009408
0.008514
0.002375
0.003986
0.022821
0.009004
0.001616
0.006164
0.102146
0.024627
0.002851
0.042846
0.001764
0.000707
0.001720
0.022956
0.000385
0.000293
0.070346
0.004111
0.015736
0.001728
0.000811
0.002058
0.008511
0.001963
0.028394
0.017917
0.024033
0.015316
0.001572
0.001516
0.008047
0.020074
0.017671
0.076297
0.046021
0.271806
0.060817
0.010462
0.073955
0.006256
0.020476
0.077453
0.056853
0.002001
0.012784
0.016351
0.019466
0.029083
0.021530
0.005907
0.004481
0.005490
0.058753
0.024841
0.008174
0.002124
0.056978
0.011868
0.001090
0.009497
0.003384
0.010848
0.029348
0.057357
0.018507
0.002362
0.000981
0.006697
0.007074
0.050005
0.020507
0.003152
0.282334
0.008915
0.019860
0.001393
0.002305
0.000961
0.037639
0.018121
0.040263
0.001919
0.015895
0.132971
0.010909
0.000685
0.007671
0.061155
0.003721
0.021684
0.025768
0.110103
0.016259
0.002503
0.005118
0.001964
0.003403
0.002123
0.024661
0.004078
0.001855
0.003683
0.002769
0.035697
0.013379
0.106412
0.003002
0.054891
0.000976
0.025350
0.002884
0.036765
0.069936
0.000511
0.019904
0.005841
0.000654
0.004331
0.024548
0.014972
0.003713
0.044041
0.001011
0.012060
0.002941
0.004925
0.000848
0.002781
0.000966
0.000688
0.006524
0.008346
0.004515
0.001134
0.038236
0.041795
0.032621
0.003746
0.018774
0.010293
0.002690
0.004641
0.161483
0.002086
0.004885
0.004018
0.010231
0.014496
0.014715
0.033305
0.003163
0.020369
0.002492
0.001117
0.005236
0.011487
0.003402
0.041050
0.013665
0.009932
0.002744
0.043011
0.000672
0.001671
0.000705
0.003707
0.014862
0.011325
0.003272
0.033966
0.000861
0.001386
0.007574
0.006039
0.000269
0.003131
0.001974
0.129269
0.002322
0.003418
0.001802
0.040065
0.001216
0.061035
0.004700
0.000440
0.016449
0.014221
0.005604
0.012908
0.001285
0.001707
0.098220
0.042067
0.004255
0.001355
0.033239
0.075570
0.002668
0.002199
0.001939
0.024172
0.015778
0.005815
0.007838
0.006942
0.002054
0.014702
0.003205
0.000652
0.000571
0.000724
0.018314
0.002499
0.004794
0.004961
0.034273
0.006206
0.001201
0.041264
0.012226
0.039292
0.001156
0.089053
0.029505
0.011361
0.013941
0.036492
0.040454
0.002074
0.001723
0.000709
0.001447
0.004190
0.007831
0.001472
0.000802
0.002222
0.000894
0.003371
0.000393
0.007989
0.013343
0.001175
0.026359
0.000726
0.000502
0.002074
0.001829
0.000465
0.012518
0.002087
0.005045
0.012392
0.000936
0.003487
0.001591
0.005991
0.011159
0.031015
0.085590
0.002656
0.111410
0.002689
0.003199
0.002519
0.010706
0.002064
0.005064
0.002312
0.030095
0.003019
0.001437
0.001281
0.008058
0.028059
0.002071
0.004025
0.011231
0.000931
0.003696
0.003150
0.002283
0.004141
0.035970
0.001517
0.003384
0.000914
0.005943
0.098878
0.000690
0.004485
0.000981
0.002035
0.008660
0.079724
0.001052
0.001842
0.201381
0.190864
0.194320
0.016302
0.021111
0.004673
0.051956
0.016636
0.006435
0.004360
0.041532
0.060894
0.027421
0.055027
0.002995
0.017864
0.015751
0.042256
0.007863
0.088678
0.002582
0.016743
0.012137
0.216677
0.019784
0.004391
0.002592
0.017082
0.024420
0.001988
0.003681
0.008348
0.007701
0.035551
0.004054
0.005322
0.042849
0.012895
0.005638
0.004224
0.005434
0.041053
0.007282
0.054289
0.001410
0.005446
0.007009
0.157763
0.032516
0.013714
0.032314
0.028968
0.009512
0.004772
0.000787
0.003779
0.020477
0.001414
0.038484
0.087300
0.004076
0.013205
0.007636
0.003922
0.039819
0.002380
0.024230
0.004463
0.005736
0.001709
0.001221
0.042951
0.018332
0.001399
0.002736
0.000822
0.000698
0.148973
0.006593
0.003842
0.008310
0.003136
0.017539
0.000932
0.009887
0.001901
0.000418
0.000868
0.019083
0.043446
0.014128
0.006806
0.011197
0.001913
0.000836
0.001082
0.003247
0.180134
0.008769
0.012575
0.003309
0.002316
0.000416
0.004140
0.043957
0.013427
0.047645
0.005289
0.001710
0.035682
0.002798
0.016959
0.000466
0.002557
0.014515
0.004378
0.031234
0.004098
0.001226
0.021335
0.006948
0.000670
0.001994
0.031277
0.003164
0.003916
0.036374
0.003863
0.001037
0.002986
0.153277
0.004473
0.004391
0.025585
0.001153
0.038828
0.008296
0.000854
0.000633
0.002828
0.001826
0.003040
0.001122
0.002345
0.033836
0.004173
0.001113
0.009868
0.004709
0.003782
0.000675
0.020942
0.003574
0.014712
0.003437
0.030401
0.000856
0.076002
0.025343
0.012690
0.000493
0.127904
0.000558
0.001862
0.004576
0.007183
0.003294
0.012212
0.000979
0.002005
0.001584
0.002970
0.004317
0.007077
0.001672
0.001404
0.061844
0.000921
0.013567
0.004896
0.025689
0.001150
0.040343
0.024540
0.001840
0.004376
0.008082
0.030638
0.005389
0.002477
0.000480
0.010389
0.118765
0.001074
0.002557
0.013530
0.010407
0.000928
0.024872
0.000891
0.068136
0.000977
0.001161
0.007300
0.003305
0.000255
0.000382
0.100530
0.001007
0.058105
0.000909
0.002949
0.022188
0.001839
0.033120
0.003344
0.013258
0.000593
0.003643
0.003012
0.006092
0.001734
0.011413
0.012225
0.003761
0.000812
0.000043
0.001831
0.005259
0.019848
0.003175
0.001844
0.000395
0.000318
0.000988
0.001334
0.014905
0.038402
0.091187
0.002248
0.006328
0.003418
0.114635
0.003709
0.003004
0.000598
0.001634
0.024029
0.008112
0.006523
0.002147
0.000736
0.025540
0.087728
0.000694
0.000962
0.001660
0.003789
0.002190
0.009128
0.001226
0.001171
0.002356
0.001990
0.005234
0.013471
0.007022
0.013395
0.077125
0.002409
0.022812
0.002822
0.003672
0.026389
0.000289
0.002309
0.012811
0.002442
0.001079
0.025276
0.005305
0.001407
0.002707
0.002608
0.000885
0.116287
0.157035
0.272613
0.010455
0.114603
0.024084
0.020133
0.098353
0.012718
0.004175
0.047246
0.024860
0.074085
0.018058
0.001609
0.002160
0.009077
0.069632
0.016397
0.041658
0.022062
0.002944
0.004557
0.015171
0.056243
0.010895
0.002021
0.044431
0.004202
0.189314
0.009845
0.051857
0.002636
0.004890
0.007840
0.000846
0.001363
0.008107
0.009782
0.001946
0.001707
0.011423
0.056244
0.024912
0.022343
0.001951
0.009500
0.004335
0.007760
0.027051
0.020372
0.000699
0.001765
0.007611
0.003731
0.032618
0.053956
0.003232
0.048152
0.005645
0.002543
0.005470
0.016315
0.011986
0.006405
0.008143
0.002978
0.150789
0.001428
0.000929
0.031839
0.040712
0.010711
0.000609
0.010372
0.000641
0.003231
0.001108
0.008442
0.000306
0.005211
0.000959
0.024794
0.046154
0.005192
0.000759
0.001566
0.120043
0.003698
0.002791
0.090608
0.003998
0.001534
0.005086
0.003265
0.001666
0.005806
0.000983
0.004146
0.034689
0.000385
0.022950
0.010447
0.038242
0.005499
0.018378
0.002603
0.003723
0.005588
0.000368
0.012340
0.000894
0.003474
0.020205
0.039280
0.006119
0.024869
0.000938
0.004500
0.001722
0.000779
0.045211
0.025903
0.012479
0.009665
0.140041
0.000875
0.002814
0.014113
0.002251
0.001129
0.029163
0.000654
0.000474
0.016400
0.022523
0.012331
0.045316
0.011508
0.002867
0.104008
0.019830
0.006112
0.002616
0.002862
0.020200
0.039689
0.004395
0.001110
0.021850
0.000810
0.041569
0.000636
0.011628
0.001846
0.000252
0.002038
0.003747
0.001651
0.001552
0.003878
0.000664
0.004556
0.001309
0.002008
0.023695
0.012900
0.009021
0.000798
0.007098
0.033906
0.102131
0.002160
0.017177
0.000956
0.001414
0.001784
0.000576
0.000200
0.037077
0.001400
0.006729
0.003850
0.038440
0.002706
0.002475
0.025833
0.002880
0.000702
0.058880
0.000852
0.001396
0.010772
0.035441
0.000937
0.004607
0.007170
0.001122
0.099645
0.000887
0.002780
0.003194
0.000307
0.017166
0.039829
0.013469
0.003720
0.001127
0.002136
0.012474
0.008845
0.001871
0.049281
0.002495
0.002909
0.002008
0.003055
0.050152
0.001807
0.001158
0.002403
0.002507
0.001023
0.006366
0.017872
0.000238
0.001749
0.026741
0.085268
0.035812
0.004140
0.001054
0.050552
0.001229
0.001284
0.005578
0.000840
0.006063
0.003137
0.010383
0.029091
0.000878
0.003606
0.045262
0.000850
0.001992
0.026271
0.002912
0.005305
0.002489
0.006853
0.002049
0.021000
0.000800
0.000459
0.000535
0.083244
0.004691
0.001159
0.000760
0.000457
0.012265
0.047770
0.002486
0.035533
0.025937
0.006795
0.009056
0.000259
0.002345
0.011467
0.002404
0.008649
0.001976
0.001970
0.000668
0.001739
0.001257
0.030376
0.000495
0.011381
0.003105
0.000725
0.000450
0.003901
0.000741
0.027789
0.000959
0.017351
0.013966
0.028098
0.096441
0.009460
0.001186
0.000765
0.014514
0.002854
0.039189
0.001816
0.002116
0.002678
0.000698
0.009316
0.120972
0.115314
0.034009
0.066634
0.124702
0.037932
0.112597
0.011552
0.051026
0.007226
0.031021
0.013298
0.023823
0.018584
0.038663
0.009834
0.006021
0.003267
0.010733
0.012143
0.173147
0.005573
0.009897
0.043675
0.004522
0.009213
0.002963
0.006733
0.011941
0.039542
0.007913
0.020629
0.013350
0.024211
0.004094
0.005104
0.001360
0.002608
0.033293
0.001582
0.002884
0.004436
0.005475
0.159166
0.005324
0.002047
0.046422
0.034220
0.005924
0.000949
0.002609
0.069361
0.011440
0.012165
0.002652
0.036708
0.004107
0.038913
0.017286
0.031089
0.004733
0.004693
0.004333
0.000986
0.008140
0.021796
0.045035
0.002786
0.007785
0.002372
0.003733
0.002304
0.001710
0.002417
0.023420
0.001273
0.159196
0.009756
0.006593
0.017845
0.001829
0.004478
0.003100
0.010061
0.001113
0.001413
0.014947
0.001837
0.011109
0.023573
0.012677
0.034373
0.001898
0.002960
0.001318
0.020313
0.030082
0.026958
0.017273
0.001008
0.001878
0.000657
0.044385
0.008712
0.140660
0.001051
0.009596
0.001461
0.002290
0.006868
0.000466
0.042786
0.001693
0.000429
0.025801
0.018294
0.002529
0.016441
0.002796
0.007403
0.034528
0.001194
0.003485
0.010745
0.026336
0.000850
0.145817
0.013806
0.009273
0.005279
0.001701
0.000881
0.002576
0.011496
0.004081
0.001902
0.000408
0.003705
0.001897
0.000636
0.096142
0.060170
0.001313
0.016571
0.025602
0.008939
0.001775
0.000586
0.028641
0.001094
0.024790
0.002939
0.001178
0.003626
0.021212
0.003179
0.000956
0.004517
0.000777
0.001731
0.037198
0.000543
0.003618
0.031912
0.001313
0.001454
0.003646
0.001627
0.002721
0.087590
0.009886
0.002676
0.003635
0.018550
0.000848
0.053738
0.000359
0.020898
0.001676
0.001184
0.011870
0.001176
0.029976
0.002582
0.017954
0.004228
0.027464
0.001904
0.000932
0.004388
0.024603
0.000613
0.005630
0.008597
0.020113
0.011379
0.003732
0.024196
0.026451
0.016044
0.012514
0.000847
0.005243
0.000634
0.113805
0.007466
0.029065
0.011873
0.003899
0.023726
0.015250
0.002343
0.000738
0.000856
0.003955
0.010260
0.004634
0.000487
0.002034
0.002834
0.005646
0.000504
0.000948
0.000507
0.003746
0.000760
0.000438
0.026020
0.001511
0.043597
0.009793
0.000645
0.006938
0.012833
0.036776
0.003398
0.002780
0.001398
0.001433
0.022868
0.004045
0.094103
0.001896
0.002487
0.002832
0.000477
0.001902
0.001309
0.000684
0.026521
0.025843
0.002976
0.024986
0.000457
0.016489
0.034954
0.020019
0.001826
0.021936
0.002092
0.000456
0.006172
0.001654
0.001727
0.006860
0.000790
0.002419
0.000745
0.001520
0.013666
0.029196
0.076942
0.002155
0.000303
0.001174
0.043374
0.004815
0.000186
0.001607
0.030175
0.000754
0.001134
0.001383
0.001799
0.006268
0.019877
0.007671
0.002115
0.000929
0.035338
0.003676
0.001772
0.002500
0.018810
0.007178
0.000116
0.000951
0.004282
0.000642
0.002930
0.007688
0.002647
0.000359
0.003271
0.085851
0.000505
0.065288
0.028193
0.002726
0.003896
0.001722
0.000762
0.010881
0.017265
0.045050
0.005822
0.000476
0.019640
0.007203
0.000507
0.003880
0.000458
0.126002
0.315306
0.036060
0.037891
0.019971
0.028091
0.005645
0.055177
0.023933
0.057472
0.057243
0.026744
0.003462
0.004089
0.003319
0.017843
0.028943
0.012087
0.052993
0.069309
0.024019
0.004867
0.039575
0.002705
0.007836
0.004544
0.057692
0.007172
0.005534
0.010775
0.002173
0.036129
0.009596
0.060231
0.133945
0.003701
0.001300
0.043773
0.001365
0.005255
0.002577
0.006836
0.001177
0.002692
0.047680
0.001709
0.009044
0.000932
0.004768
0.001008
0.001974
0.130237
0.037924
0.036340
0.010681
0.004862
0.003109
0.010873
0.006236
0.006878
0.004937
0.039232
0.009901
0.054422
0.002333
0.003867
0.012982
0.006706
0.020977
0.001456
0.047998
0.007112
0.001528
0.037924
0.001166
0.017095
0.145945
0.004175
0.004593
0.001901
0.011840
0.025250
0.021677
0.000678
0.004260
0.002342
0.051542
0.001597
0.013429
0.003490
0.000431
0.001228
0.003289
0.001645
0.011330
0.003365
0.011802
0.106987
0.051574
0.002992
0.003599
0.001052
0.004649
0.020395
0.053803
0.003013
0.009063
0.003218
0.002565
0.019275
0.002384
0.001045
0.001490
0.034473
0.028255
0.006947
0.011369
0.001297
0.001528
0.001071
0.000676
0.005746
0.002773
0.001269
0.025793
0.023942
0.000519
0.141903
0.004808
0.002937
0.004348
0.001054
0.000837
0.029369
0.006049
0.000440
0.001828
0.000450
0.002175
0.005745
0.001206
0.000239
0.009457
0.033902
0.017746
0.001038
0.029607
0.002425
0.014864
0.020803
0.005148
0.000532
0.000866
0.006681
0.018879
0.003979
0.109078
0.003164
0.027406
0.000337
0.030442
0.040178
0.021259
0.014905
0.002830
0.005039
0.000596
0.000422
0.011752
0.002054
0.002047
0.005005
0.003653
0.000375
0.002321
0.027845
0.002710
0.001958
0.009109
0.000513
0.000226
0.009679
0.051213
0.001708
0.001465
0.016932
0.115904
0.010367
0.006645
0.000683
0.000463
0.002830
0.025314
0.002207
0.001787
0.003398
0.014555
0.001349
0.003879
0.000345
0.000895
0.002166
0.009893
0.004064
0.004216
0.001657
0.001230
0.035034
0.000528
0.028135
0.001469
0.003341
0.001080
0.062909
0.001866
0.000770
0.011752
0.004470
0.088581
0.008634
0.000421
0.004836
0.001123
0.003488
0.001445
0.000400
0.003478
0.005224
0.000598
0.000181
0.001045
0.049406
0.001956
0.006020
0.024747
0.002490
0.002333
0.000394
0.002303
0.009085
0.023075
0.099688
0.025104
0.006709
0.001877
0.000614
0.030257
0.001798
0.003853
0.001596
0.024859
0.029285
0.001047
0.000332
0.006177
0.001566
0.002366
0.000542
0.000279
0.003218
0.003025
0.000446
0.024395
0.000678
0.004362
0.000176
0.039852
0.002107
0.002014
0.002804
0.002387
0.000381
0.024537
0.003366
0.001149
0.003280
0.075059
0.000500
0.002156
0.001156
0.000924
0.005569
0.006180
0.002298
0.000955
0.024915
0.003965
0.000712
0.001956
0.028170
0.004373
0.048661
0.000074
0.001199
0.000736
0.007257
0.001636
0.000573
0.021426
0.034949
0.001335
0.020975
0.000315
0.035956
0.001770
0.000955
0.004499
0.071885
0.008996
0.001627
0.001994
0.001191
0.002343
0.000282
0.001468
0.009292
0.001708
0.000464
0.025784
0.012416
0.014132
0.002391
0.003231
0.010818
0.016145
0.025715
0.001566
0.000549
0.001010
0.007906
0.006879
0.000611
0.000432
0.000629
0.001336
0.000993
0.003644
0.001867
0.024462
0.002642
0.004716
0.446620
0.013464
0.095582
0.032849
0.017670
0.043554
0.006357
0.018161
0.219572
0.055265
0.011782
0.004464
0.020141
0.002180
0.002973
0.006350
0.015101
0.008372
0.039080
0.010782
0.041646
0.009467
0.012114
0.002086
0.032954
0.061697
0.010572
0.001368
0.012291
0.001285
0.027953
0.001656
0.055931
0.053399
0.005236
0.004635
0.002588
0.039283
0.031697
0.006710
0.005695
0.026192
0.002605
0.057828
0.004378
0.007294
0.000684
0.012059
0.000550
0.003012
0.008198
0.004743
0.000690
0.002209
0.011064
0.159446
0.007250
0.028921
0.002882
0.005174
0.002146
0.027889
0.003573
0.002026
0.041492
0.001085
0.019263
0.003477
0.018010
0.130141
0.003280
0.000714
0.001340
0.009705
0.001369
0.052834
0.019255
0.000775
0.001742
0.022084
0.046855
0.004013
0.008467
0.002288
0.005318
0.001222
0.013598
0.000395
0.003280
0.000800
0.005746
0.001347
0.028215
0.022981
0.001786
0.005035
0.003424
0.108838
0.001384
0.002424
0.006341
0.002370
0.018721
0.015523
0.000633
0.023205
0.023068
0.001742
0.003444
0.004449
0.016738
0.001909
0.002119
0.044735
0.000945
0.000585
0.022361
0.006034
0.002880
0.022642
0.002075
0.009901
0.025159
0.001068
0.003393
0.000253
0.003847
0.005755
0.022297
0.002425
0.000619
0.000911
0.000747
0.010626
0.001891
0.002065
0.105610
0.000174
0.031929
0.060306
0.014624
0.007929
0.003750
0.003532
0.001686
0.024209
0.012208
0.004525
0.012782
0.000761
0.000567
0.007831
0.002065
0.003711
0.000858
0.002312
0.002405
0.002880
0.107439
0.001486
0.002252
0.028987
0.029705
0.017630
0.031941
0.002952
0.028871
0.002764
0.034311
0.002101
0.001083
0.001913
0.015614
0.000721
0.001329
0.004101
0.000666
0.000857
0.004172
0.004598
0.117394
0.003944
0.000664
0.027930
0.002423
0.005070
0.001815
0.001121
0.001392
0.011412
0.000633
0.034565
0.001380
0.001724
0.006425
0.009421
0.000771
0.002943
0.006816
0.003055
0.001221
0.020877
0.032373
0.027129
0.000978
0.027180
0.004000
0.000957
0.001726
0.002601
0.002730
0.025775
0.000342
0.000681
0.025683
0.001908
0.005523
0.000816
0.037135
0.001521
0.078856
0.000691
0.004205
0.005896
0.041642
0.010405
0.001447
0.006260
0.013252
0.010450
0.002961
0.000171
0.008123
0.002878
0.018466
0.000644
0.000664
0.001531
0.002085
0.007107
0.025824
0.001348
0.000866
0.003081
0.010882
0.001665
0.049253
0.000728
0.002106
0.001264
0.001517
0.000615
0.003178
0.000201
0.002353
0.031702
0.002002
0.001976
0.077960
0.064564
0.025729
0.001179
0.001327
0.003973
0.000928
0.007629
0.000977
0.000610
0.001276
0.044378
0.000209
0.001250
0.002323
0.001641
0.000260
0.001466
0.019394
0.004828
0.004210
0.001446
0.034212
0.079414
0.027089
0.009119
0.001398
0.002512
0.000567
0.000441
0.020800
0.001866
0.052304
0.002193
0.002630
0.005545
0.005478
0.007697
0.014384
0.003233
0.003517
0.000271
0.030683
0.036877
0.000573
0.000893
0.014962
0.000876
0.004589
0.001144
0.001083
0.003103
0.001416
0.000208
0.000230
0.004105
0.027357
0.027051
0.032852
0.010357
0.001465
0.017321
0.004527
0.083143
0.001831
0.000813
0.000329
0.001774
0.001660
0.029360
0.001250
0.002073
0.022566
0.000567
0.000256
0.005301
0.001273
0.001711
0.002140
0.001017
0.003079
0.001985
0.022090
0.000622
0.018884
0.000242
0.001210
0.004486
0.001297
0.004918
0.000727
0.018788
0.000278
0.007284
0.040234
0.059266
0.000451
0.004293
0.020691
0.013151
0.001118
0.005746
0.000687
0.061566
0.017148
0.069983
0.058899
0.003898
0.050374
0.091713
0.029615
0.011715
0.032046
0.017292
0.016995
0.033233
0.024567
0.015421
0.013877
0.005937
0.005144
0.305161
0.007646
0.012470
0.001232
0.013364
0.010239
0.005273
0.029107
0.001860
0.012966
0.005524
0.005848
0.000799
0.026003
0.005306
0.046550
0.002438
0.002441
0.013122
0.022733
0.000982
0.011317
0.061061
0.003474
0.003085
0.044202
0.012569
0.040249
0.023328
0.003542
0.002364
0.143329
0.002701
0.005077
0.000520
0.001498
0.005957
0.015101
0.037015
0.001085
0.004570
0.004044
0.008715
0.004388
0.000615
0.001150
0.000884
0.006294
0.000688
0.002878
0.004571
0.015148
0.119571
0.003115
0.002951
0.001780
0.029416
0.005500
0.005837
0.003596
0.001533
0.002700
0.004679
0.004985
0.000604
0.000986
0.082684
0.002962
0.043192
0.003688
0.000480
0.032885
0.004814
0.013205
0.003297
0.014648
0.002737
0.115253
0.004093
0.001237
0.022957
0.034624
0.001249
0.002961
0.003694
0.000946
0.006851
0.021021
0.001947
0.003078
0.008475
0.000618
0.000267
0.001007
0.000976
0.047129
0.013464
0.011529
0.001099
0.001817
0.004182
0.027773
0.003468
0.002023
0.046339
0.027947
0.000832
0.001740
0.002109
0.002475
0.128890
0.036751
0.026117
0.001290
0.000599
0.001900
0.005932
0.013065
0.008243
0.008751
0.007575
0.023225
0.004826
0.001885
0.016160
0.005251
0.001103
0.000124
0.000976
0.001060
0.002248
0.036844
0.001566
0.008794
0.000446
0.000522
0.038672
0.003570
0.000619
0.003494
0.001268
0.002740
0.001934
0.003721
0.018919
0.026438
0.037622
0.000165
0.023173
0.000584
0.000686
0.001337
0.003735
0.012191
0.016762
0.002167
0.002175
0.000352
0.120328
0.001879
0.009262
0.000490
0.002123
0.000797
0.015692
0.004145
0.004574
0.000962
0.000960
0.000618
0.000791
0.024067
0.000766
0.000564
0.010965
0.091483
0.002517
0.004558
0.011197
0.024332
0.042875
0.006888
0.007039
0.032780
0.002229
0.002169
0.001459
0.020539
0.006302
0.018744
0.020655
0.000293
0.002117
0.027970
0.001165
0.003802
0.001544
0.002545
0.001257
0.002743
0.007070
0.003887
0.001076
0.003900
0.004698
0.088584
0.000280
0.000791
0.001154
0.013434
0.046051
0.018542
0.031916
0.004547
0.000594
0.000389
0.000576
0.000598
0.003231
0.000273
0.000994
0.000699
0.026689
0.001307
0.000800
0.001509
0.001722
0.017638
0.002414
0.009610
0.024810
0.001892
0.079662
0.000467
0.031072
0.000111
0.032284
0.002082
0.010934
0.001051
0.001936
0.008734
0.000594
0.003232
0.041647
0.001447
0.015115
0.002968
0.002034
0.002149
0.021382
0.002720
0.092087
0.023496
0.006447
0.000804
0.022756
0.039164
0.006370
0.005264
0.000167
0.000674
0.005149
0.003923
0.000983
0.000341
0.006934
0.009117
0.001443
0.000387
0.003948
0.003592
0.002232
0.034710
0.001968
0.001379
0.000884
0.022605
0.001206
0.002694
0.008702
0.001550
0.000746
0.001127
0.020825
0.005142
0.002178
0.002872
0.014902
0.085645
0.002621
0.001977
0.016935
0.001714
0.000236
0.007085
0.000511
0.001473
0.000462
0.007626
0.033603
0.006001
0.006352
0.032194
0.001347
0.004167
0.000984
0.000931
0.023712
0.002783
0.000242
0.001112
0.000238
0.000594
0.029357
0.002017
0.003672
0.000764
0.008212
0.000973
0.002320
0.032492
0.001456
0.000728
0.001617
0.009484
0.007664
0.001446
0.124844
0.001665
0.004412
0.000899
0.000971
0.001868
0.003233
0.001044
0.012086
0.000492
0.011468
0.024438
0.015983
0.000481
0.001267
0.001219
0.078550
0.001015
0.021787
0.025883
0.000887
0.007011
0.003092
0.007977
0.023080
0.002307
0.001962
0.001591
0.000424
0.000306
0.012730
0.020279
0.001087
0.002112
0.119210
0.180287
0.027705
0.027997
0.017382
0.074351
0.009020
0.062173
0.008479
0.010783
0.016273
0.006395
0.003361
0.043753
0.004242
0.060284
0.013142
0.021091
0.005248
0.172393
0.004282
0.038925
0.002054
0.041165
0.010242
0.002879
0.001432
0.030243
0.004465
0.009603
0.004195
0.004611
0.007179
0.004999
0.004455
0.027209
0.119354
0.018341
0.039215
0.003517
0.015645
0.023308
0.018473
0.027013
0.007077
0.019534
0.001778
0.004567
0.002809
0.033716
0.002647
0.008976
0.013811
0.000753
0.014090
0.001359
0.005854
0.010170
0.018440
0.007109
0.003330
0.185381
0.003964
0.005822
0.003669
0.001300
0.036577
0.002156
0.002343
0.025264
0.001008
0.001328
0.002918
0.004478
0.004017
0.004567
0.031511
0.000702
0.000324
0.002105
0.009718
0.002063
0.002708
0.033652
0.003226
0.002168
0.020937
0.006031
0.002194
0.063545
0.003093
0.000489
0.000413
0.116483
0.004044
0.005495
0.003288
0.001792
0.002225
0.002901
0.012808
0.009054
0.001516
0.004008
0.037590
0.021722
0.001225
0.037956
0.001556
0.023690
0.014012
0.018277
0.003068
0.014285
0.001666
0.000591
0.000463
0.002619
0.001287
0.000572
0.003082
0.000499
0.002515
0.001672
0.003115
0.001248
0.001725
0.032770
0.145429
0.002315
0.001475
0.003053
0.039813
0.000922
0.006887
0.087424
0.004004
0.005701
0.008403
0.017544
0.029999
0.033211
0.021639
0.000259
0.007865
0.001318
0.011592
0.007600
0.003548
0.006183
0.004287
0.000319
0.000392
0.000668
0.001707
0.019697
0.027697
0.001024
0.002898
0.025175
0.001048
0.002494
0.004725
0.023849
0.003801
0.020818
0.003152
0.001762
0.010469
0.024738
0.000406
0.000427
0.001742
0.000175
0.013103
0.009006
0.003228
0.000542
0.006463
0.001392
0.002188
0.092828
0.028134
0.006490
0.000444
0.033689
0.002327
0.002526
0.027157
0.000385
0.000597
0.013496
0.006384
0.000799
0.029558
0.001111
0.001809
0.001945
0.009955
0.007129
0.030592
0.001244
0.000824
0.000730
0.002176
0.002274
0.039648
0.001055
0.000978
0.002215
0.000513
0.102857
0.004531
0.017273
0.000535
0.000413
0.027280
0.002906
0.000272
0.000291
0.020944
0.023104
0.089334
0.003119
0.000330
0.000774
0.000753
0.005553
0.023381
0.002024
0.012100
0.001332
0.004891
0.001076
0.000879
0.003588
0.014482
0.023132
0.036031
0.003465
0.003560
0.003103
0.007312
0.001458
0.002705
0.002352
0.000644
0.007597
0.001427
0.000497
0.002699
0.001202
0.000845
0.003404
0.002011
0.003345
0.000731
0.017126
0.001636
0.007819
0.021251
0.086638
0.000105
0.021984
0.001562
0.023674
0.002579
0.002945
0.024225
0.010498
0.001283
0.017798
0.008688
0.007098
0.002514
0.000309
0.004204
0.000373
0.006892
0.004864
0.023251
0.003649
0.001301
0.071174
0.023481
0.031738
0.001821
0.000748
0.000828
0.001443
0.000264
0.000775
0.000936
0.001857
0.011152
0.016315
0.002588
0.007550
0.002454
0.000481
0.023642
0.019978
0.002832
0.000433
0.000999
0.007528
0.002156
0.001330
0.001998
0.015604
0.000117
0.019529
0.001558
0.019463
0.009534
0.000449
0.002701
0.091770
0.000940
0.008401
0.000928
0.000430
0.003552
0.001645
0.007742
0.000806
0.017686
0.026573
0.000353
0.010888
0.002408
0.013608
0.000341
0.006445
0.038911
0.023388
0.000939
0.000801
0.002857
0.027346
0.001108
0.002138
0.000411
0.006938
0.001694
0.001182
0.004184
0.001708
0.017121
0.002406
0.000168
0.001362
0.002882
0.002379
0.002214
0.013014
0.003970
0.000354
0.114118
0.013005
0.028479
0.001441
0.002244
0.000549
0.004874
0.002534
0.000309
0.000922
0.003452
0.002548
0.001185
0.000995
0.001875
0.001826
0.000508
0.001750
0.019486
0.018455
0.015067
0.001458
0.000795
0.018670
0.001406
0.055143
0.041648
0.000248
0.000059
0.000371
0.000873
0.010259
0.019236
0.001841
0.007561
0.000991
0.021854
0.004217
0.007763
0.017190
0.001004
0.002842
0.000633
