2.315570
2.355821
2.278760
2.101257
2.107393
1.906992
2.008878
1.835871
2.115369
1.911597
1.947573
2.110048
1.913985
1.851325
1.830998
1.977254
1.861610
1.807477
1.869502
1.898896
1.787657
1.833859
1.740966
1.803301
1.776826
1.921061
1.930565
1.862379
1.962013
2.062321
1.713875
1.786378
1.966816
1.740559
1.855910
1.784069
1.926101
1.789976
1.821822
2.084542
1.639317
2.027253
1.899110
1.534540
1.776132
1.911517
1.788504
1.767854
1.817363
1.734694
1.821725
1.811720
1.906876
1.686385
1.763445
1.767746
1.771317
1.682036
1.882274
1.783906
1.770317
1.657498
1.817229
1.741169
1.744010
1.981563
2.064331
2.111084
2.015671
1.916581
2.034048
1.775619
1.908334
1.849426
1.616074
1.945152
1.845971
1.824602
1.921289
2.142727
1.838151
1.778703
1.911444
1.665634
1.903475
1.843675
1.884226
1.795524
1.932642
1.749035
1.915620
1.797608
1.752627
1.978304
1.820855
1.618769
1.913382
1.945122
1.729313
1.703416
1.821377
1.843565
1.747415
1.837060
1.838359
1.828808
1.524767
1.799648
1.873448
1.795821
1.888449
1.696658
2.197631
1.816545
1.806221
1.735131
1.938957
1.781017
1.687291
1.876031
2.012912
1.773363
1.838289
1.923979
1.759403
1.551557
1.850583
1.749718
1.718227
1.655693
1.885106
1.959003
1.741358
1.900532
1.658673
1.708045
1.774651
1.777093
1.900563
2.030042
1.925215
1.950807
1.963314
1.861953
1.641282
1.819149
1.840131
1.848413
1.935588
1.756039
1.585764
1.776809
1.519848
1.716559
1.666480
1.866745
1.967161
1.775777
1.713156
1.677641
1.849369
1.821195
1.646640
1.886454
1.850130
1.612996
1.863729
1.671361
1.905736
1.744741
1.715255
1.830897
1.952051
1.830155
1.929611
1.862374
1.721655
1.601989
1.632003
1.862869
1.935209
1.537573
1.755655
1.857144
1.835703
1.894515
1.848775
1.816815
1.715567
1.480825
1.775001
1.750801
1.693459
1.973646
1.807039
1.751918
1.640990
1.874543
1.749166
1.880532
1.821225
1.961163
1.812157
1.896773
1.979945
1.689807
1.595725
1.974418
1.552887
1.741659
1.904558
1.885195
1.652235
2.131373
1.916520
1.868583
1.824800
1.708372
1.842312
1.955556
1.861368
1.643189
1.745039
1.967364
1.684066
1.562306
1.693641
1.702298
1.946244
1.772080
1.793423
1.664738
1.810596
1.849091
1.775675
1.728522
1.878515
1.935718
1.820081
1.672538
2.031171
1.712404
1.738190
1.742798
1.772173
1.911786
1.955284
2.133001
1.790172
1.748123
1.683805
1.660353
1.664430
1.625342
1.676707
1.941103
1.828531
1.967168
1.685277
1.902300
1.865553
1.648836
1.749656
1.792624
1.843103
1.730380
1.762580
1.804458
1.631992
1.758257
1.914650
1.807765
1.698855
1.693490
1.524533
1.856336
1.727921
1.707584
1.844387
1.826060
2.004062
1.757081
1.867904
1.994002
1.773671
1.932140
1.657963
1.817876
1.796602
1.728291
1.796754
2.233845
1.773401
1.755957
1.638005
1.898180
2.220794
1.835970
1.771671
1.729603
1.789608
1.702433
2.002429
1.877662
1.925931
1.909600
1.795510
1.938189
1.861981
1.857327
2.009255
1.818446
1.727201
1.779424
1.896402
2.055585
1.694897
1.663924
1.618399
1.776655
1.740618
1.571353
1.691642
1.789663
1.764449
1.754959
1.752550
1.845328
1.830276
2.031437
1.984797
1.727432
1.749159
1.708198
1.848343
1.931309
1.816388
1.728854
1.853541
1.709983
1.789518
1.722997
1.803670
1.708300
1.756244
1.723936
1.776353
1.752097
1.754245
1.825527
1.958120
1.826975
1.929475
1.788471
1.807574
1.913856
1.831171
1.841606
1.948077
2.002342
1.767962
1.790363
1.850330
1.837820
1.709836
2.028372
1.676229
1.740263
1.897719
1.708574
1.884055
2.032644
1.791395
1.736590
1.623565
1.771520
1.834500
1.542067
1.993916
1.903634
1.739626
1.823538
1.671113
1.863303
1.829537
1.736540
1.891084
2.007465
1.822662
1.980381
1.876417
1.771266
1.708730
1.895794
1.690835
1.942001
1.726434
1.740243
1.628590
1.884150
1.713576
1.884112
1.759224
1.812693
1.861875
1.837253
1.701052
2.188074
1.728304
1.739244
1.778152
1.778986
1.763130
2.044575
1.702396
1.795768
1.748328
1.880435
1.919561
1.929182
1.714193
1.607878
1.649556
1.877954
1.800452
2.002788
1.605251
1.792741
1.810520
1.861883
1.769152
1.752508
1.782357
1.752224
1.875258
1.678350
1.795963
1.649200
1.864390
1.856291
1.743725
1.773311
1.707729
1.716681
1.836274
1.752413
1.963964
1.933929
1.777961
1.824522
1.874554
1.926323
1.630939
1.785879
1.975245
2.020585
1.915083
1.650481
2.042085
1.945910
1.986829
2.002489
1.951787
1.810021
1.906161
1.891635
1.683778
1.581446
1.812711
1.995854
1.889457
2.006883
1.840326
1.866321
1.803459
1.823766
1.752678
1.796176
1.870843
1.831120
1.847564
1.720387
1.826043
1.545287
1.743696
1.881116
1.693736
1.848515
1.937453
1.954713
1.720530
1.699003
1.965750
1.795560
2.024590
1.730974
1.701463
1.719963
1.730637
1.792953
1.534954
1.624136
1.985014
1.688619
1.700492
1.691780
1.950090
2.001884
1.808068
1.780010
1.738624
1.823635
1.802968
1.847359
1.603646
1.795408
1.764978
1.887389
1.877331
1.847270
1.717073
2.182023
1.683551
1.540640
2.036531
1.759842
1.805167
1.890329
1.723324
2.020922
1.765526
1.883484
1.928171
2.104816
1.732448
1.705795
1.766509
2.061625
2.045027
1.782099
1.825635
1.666588
1.862937
2.028454
1.815627
1.812392
1.723340
1.717292
1.608869
2.140018
1.933564
1.695528
2.092176
1.671210
2.018789
1.586022
1.840303
1.918715
1.804151
1.964241
1.741657
1.820823
1.932683
1.903114
2.137113
1.780092
1.542104
1.732760
2.139961
1.741678
1.953875
1.789244
1.746621
2.034321
1.695000
1.791093
1.786788
1.861608
1.899586
1.971064
1.962862
1.729065
2.123044
1.854002
1.820003
1.698304
1.923447
1.892771
1.754428
1.903537
1.845520
1.871568
1.698413
1.993552
1.843576
1.891521
1.803803
1.982350
1.791319
1.966947
1.838217
2.012018
1.892295
1.781595
1.811687
1.840087
1.831352
1.880607
1.946257
1.959375
1.918525
1.788769
1.945670
1.885286
2.074281
1.758685
1.604810
1.677377
1.737662
1.807684
1.852966
1.677094
1.885833
1.868604
1.765175
1.576807
1.821977
1.892678
1.835512
1.710759
1.789464
1.690657
1.649963
1.890234
1.890065
1.651567
1.738721
1.999384
1.876882
1.834403
1.732843
1.671296
1.982819
1.777482
1.957630
1.651982
1.781134
1.731757
1.623216
1.800443
1.894708
1.987064
1.794044
1.735065
1.771548
1.606160
1.846211
1.787766
1.753431
1.802049
1.908602
1.733683
1.927831
2.047086
1.854570
1.880905
1.884441
2.014896
2.049738
1.676121
1.816209
1.952569
1.510631
1.734622
1.745576
1.909461
1.852668
1.737622
1.874434
1.805442
1.763678
1.862023
1.719997
1.716691
2.143205
1.642389
1.669719
1.656649
1.788448
2.250540
1.920011
1.772338
1.865166
1.989763
1.833483
2.163422
2.260959
1.595289
1.574021
1.778372
1.788697
1.864122
2.015978
1.834521
1.938678
1.972781
1.702983
1.683100
1.594617
2.060678
1.674222
1.675606
1.941750
1.967501
1.771017
1.653556
1.792191
1.926896
1.861722
1.787812
1.809807
1.921185
1.673254
1.773665
1.819815
1.691923
1.707819
1.946216
1.581642
2.038919
1.834931
1.950246
1.778980
1.911871
1.583143
1.775919
1.870568
1.883908
1.649860
1.715907
1.827075
1.809739
1.848747
1.642707
1.800392
1.877586
1.965090
1.845366
1.890114
1.729381
1.808276
1.804602
1.692088
1.722840
1.755308
1.828622
1.940730
1.882663
1.838142
1.993334
2.358517
2.080119
1.460555
1.775077
1.865056
1.871697
1.758703
1.856230
1.905691
1.662026
1.775030
1.818047
1.717085
1.890232
1.893050
1.810798
1.867420
1.768368
1.850413
1.788525
1.764948
1.899070
1.780061
1.752708
1.808145
1.746368
1.830949
1.578036
2.299283
2.289428
1.899327
1.704449
2.265417
1.882656
1.684648
1.875350
1.753943
1.704113
1.712210
1.988157
1.625288
1.708706
1.719645
1.705177
1.867237
1.912223
1.880630
1.677544
2.004948
1.661408
1.729403
1.695661
1.799112
1.662415
1.733982
2.215064
1.887993
1.894361
1.783569
1.974975
1.925444
1.845271
1.903893
1.817188
1.741324
2.072252
1.895059
1.593255
1.854278
1.833764
1.988485
1.823106
1.820510
1.905780
1.923853
1.744565
1.873612
1.686859
1.734503
1.883433
2.021757
1.968534
1.815608
2.077032
1.532628
1.750061
1.857346
1.833839
2.015419
1.630038
1.737172
1.682997
1.935241
1.661484
1.858129
1.767614
1.761131
2.067949
1.867956
1.640469
1.803122
1.747946
1.990777
1.734210
1.807921
1.945418
1.946704
1.832338
1.913598
1.823464
1.755774
2.060502
1.936164
1.467541
2.023778
1.921218
1.563883
1.941113
1.877427
1.752695
1.742269
2.130864
1.946342
1.655540
1.680384
1.984053
1.998962
1.948432
2.142673
1.832110
1.795911
1.726771
1.779326
1.746110
1.704907
1.801173
1.727121
1.922762
1.857161
1.874229
2.004244
1.861800
1.693633
1.886114
1.712137
1.811157
1.893279
2.016296
1.957432
1.707681
1.896350
1.744041
1.654425
2.244053
2.098403
1.625830
1.788025
1.718382
1.811554
1.756691
1.765754
1.783125
2.095720
1.891360
1.920760
1.714210
2.015713
1.687385
1.957497
1.994930
1.901365
1.607867
1.729664
1.890507
1.758818
1.723106
1.717032
2.018315
2.083979
1.627050
1.861200
1.739232
1.980544
1.551657
1.733006
1.647747
2.021555
1.766626
1.980127
1.692757
1.854331
2.024508
1.653320
1.920406
1.809609
1.648320
1.807335
1.790450
1.913991
1.916263
2.360380
1.701971
1.649717
1.741176
1.755469
1.700169
1.677324
1.931830
1.994728
1.855580
1.790285
1.841496
1.993759
1.934078
1.801692
1.995271
1.689892
1.766045
1.800326
2.002334
2.017704
1.665904
1.485145
1.853786
1.683577
1.981561
1.781124
1.784320
1.832379
1.734152
1.781483
1.905270
1.643965
2.072176
1.671939
1.809574
1.651363
1.870917
1.585035
1.912426
1.677861
1.905785
2.018919
1.729244
2.151931
1.705598
1.800423
1.663339
1.866751
1.831280
1.828162
1.663061
1.853529
1.553606
2.066182
1.768326
1.658045
1.828365
2.004592
1.798566
1.913879
2.189476
1.907523
1.888895
1.962174
1.988471
1.616943
1.721974
1.856790
1.775472
1.874257
1.802320
1.796025
1.660224
1.910771
1.965984
1.824376
1.648958
1.639681
1.901528
1.803556
1.645757
1.885820
1.825407
1.860852
2.118815
2.305541
1.730497
1.888491
1.758943
1.883047
1.772129
1.941351
1.809970
1.520153
1.782495
1.590089
1.897968
1.786275
1.748498
1.903695
1.699181
1.732809
1.794376
1.740815
1.878323
1.866408
1.749040
2.075198
1.721350
2.082319
1.872553
1.886827
1.647062
1.791339
1.691763
1.729581
1.765810
1.921663
1.765717
1.735044
2.016688
1.716860
1.979967
1.976880
2.257039
1.664584
1.748975
1.802636
1.843621
1.857069
1.571114
2.034459
1.805745
1.748953
1.824045
1.770046
1.799610
1.690098
2.009512
1.855607
2.084906
1.908041
1.601898
1.832051
1.958092
1.934993
1.694733
1.684391
1.834927
1.899360
1.941618
1.806428
1.762713
1.616596
1.936195
1.667129
1.708717
1.964826
1.856753
1.731979
1.810970
1.753364
2.158148
2.088325
1.729846
1.833361
1.896635
1.816892
1.708122
1.785928
1.698197
2.076544
1.735514
1.882589
1.732179
1.676910
1.967033
1.892199
1.984279
1.914311
1.730129
1.841456
1.953893
1.957091
1.707586
1.841626
1.688403
1.882375
1.660184
1.821851
1.849560
1.902572
1.842928
1.634561
1.865639
1.870574
1.597825
1.902424
1.760557
1.673590
1.709296
1.683722
1.929377
2.073165
2.116152
1.757119
2.122174
2.076504
1.892672
1.806477
1.695267
1.814088
1.781968
1.761331
1.763575
1.893959
1.886463
1.743281
1.925641
2.037434
2.038104
1.830860
1.751674
1.965755
1.912419
1.594254
1.925385
1.764254
1.609795
1.938930
1.781620
1.842749
1.741348
1.943506
1.792536
2.032422
1.728348
1.914582
1.917619
1.923921
1.736940
1.866124
1.859137
2.047888
1.798996
1.955837
1.800549
2.001213
2.017802
1.636613
1.772368
1.864675
1.819144
1.757521
1.858051
1.613242
2.087396
1.785819
1.960641
1.850242
1.749771
1.804963
1.820424
1.735505
1.655180
2.064843
1.681823
1.833703
1.862941
1.758501
1.677575
1.970538
1.877608
1.942919
1.952425
1.908607
1.625557
2.016220
1.737795
1.841617
1.558466
1.688703
1.754854
1.800381
1.900126
1.835730
1.873387
1.806564
1.936693
1.711072
1.959327
2.251134
1.980407
1.770327
1.778648
1.961700
1.815405
1.775432
1.818934
2.052823
1.758901
1.682579
1.640520
1.733088
1.685851
1.967030
1.911317
1.912133
1.752704
1.926223
1.747184
1.723739
1.681877
1.907256
1.733114
1.815883
1.832806
1.846447
1.889331
1.739208
1.924913
1.655207
1.914548
1.718758
1.717592
1.830479
1.721148
1.885407
1.694119
1.785473
1.858998
1.909998
1.740336
1.701126
1.964408
1.918790
1.938309
1.947263
1.638656
1.941363
1.768051
1.828137
1.713035
1.619235
1.771620
2.049157
1.854478
1.890331
1.606204
1.598783
1.919648
2.013938
1.699212
1.674704
1.639048
1.731207
1.732676
2.324486
1.615333
1.952599
1.968199
1.959189
1.796494
1.834439
1.828122
1.715765
1.592522
1.661468
1.892780
1.771210
2.158940
1.770018
1.582188
1.866067
2.136600
1.626558
1.766814
2.182986
1.712028
1.673567
1.698384
1.844696
1.667454
1.907451
1.761321
1.780475
1.925843
2.117854
1.715646
1.706075
1.923498
1.723573
1.763485
1.834906
1.937765
2.026902
1.936988
1.758407
2.067241
1.867769
1.764161
1.628302
1.807318
1.966721
1.699861
1.886611
1.819945
1.681622
1.650822
1.959651
1.575886
1.812126
1.756123
1.624943
2.006627
2.065591
2.122570
1.674046
2.226480
1.798342
1.601154
1.806454
1.723828
1.773443
1.935010
1.539729
2.111658
2.084878
1.811766
1.854268
1.930017
2.005512
1.884998
1.853891
1.686113
1.860060
1.963508
2.527846
1.558570
1.703120
1.634801
1.721281
2.146722
1.613922
1.680857
1.575450
1.647871
1.978120
1.760300
1.874270
1.928526
1.740040
1.778383
2.007241
1.747995
1.857344
1.699769
2.044067
1.686327
1.996119
2.244141
1.723070
1.722879
1.799870
1.955484
1.844432
1.918741
1.685900
1.805375
1.851562
1.605086
1.918805
1.740593
1.812826
2.143046
2.021557
1.668208
1.804569
2.128251
1.518044
2.141344
2.160066
1.566107
1.862418
1.957760
1.610342
1.823021
1.888752
1.942199
1.817122
1.653703
2.056774
1.841125
1.872346
1.867225
2.036907
1.640950
1.760759
1.614389
1.549972
1.579000
1.728861
1.727047
1.596306
1.761879
2.141493
1.858732
1.702373
1.785279
2.480295
1.643600
1.793052
1.957084
1.570785
1.917808
1.957544
1.950897
2.049659
1.549729
2.048787
1.908968
1.751770
1.857919
1.648830
1.597697
1.599018
1.793900
1.765958
1.775489
1.940134
1.963977
2.083866
2.307272
1.720987
1.802159
1.924905
1.859512
1.786215
1.726382
1.501247
1.814976
1.671699
1.836433
1.840738
1.686012
1.806976
1.719152
1.740215
1.606193
1.973113
1.757827
1.796971
2.135569
1.732167
1.654866
1.631037
1.785532
1.824354
1.621832
1.709001
1.852117
1.678454
1.890484
1.698488
1.879098
2.023339
1.668711
1.849975
1.638325
1.782584
1.810047
1.972986
1.888293
1.766467
1.706532
1.946402
1.824680
1.711860
1.996365
1.579394
1.620645
1.674367
1.788153
1.779816
2.167323
1.686905
1.699850
1.745851
1.720431
1.726580
2.004861
1.714624
1.800647
1.988163
1.689519
1.697585
1.670978
2.014965
1.742549
2.238136
1.830643
1.731460
1.939705
1.988655
1.874179
1.789303
1.928977
2.157874
1.948398
1.698060
1.980046
1.828511
1.679982
1.662219
1.657213
1.842935
2.005072
1.936020
1.811638
1.805348
1.608603
1.819337
1.870641
1.773393
1.862591
1.758855
1.698491
1.783311
1.580439
1.798104
1.966181
1.937933
1.919591
2.099965
1.612166
2.077468
1.747023
1.811844
1.888036
1.900344
1.736062
1.789332
1.970487
1.881008
1.633808
1.948773
1.631620
1.680560
1.667204
1.871192
1.841209
2.177907
1.553800
1.598708
2.195580
1.805932
1.592379
1.726144
1.785167
1.928361
1.852187
1.815855
1.921567
1.874939
1.671039
1.930835
1.985722
1.740623
2.042747
1.744222
1.713434
1.658629
1.711661
1.760728
1.997649
1.773792
1.798350
1.665873
1.957932
1.631259
1.629809
1.674436
1.860414
1.707667
1.801924
1.704693
1.973508
1.683228
1.560857
1.832458
1.886363
1.862548
1.755109
1.858871
1.728877
1.775336
1.890564
1.924015
1.735218
1.731739
1.819744
1.722128
1.764935
1.842269
1.915017
1.873668
1.928723
1.927817
1.876431
1.620487
1.785005
1.866610
1.900260
1.749452
1.735299
1.740747
1.827862
1.748779
1.887585
1.787850
1.881116
1.616720
1.549900
1.704316
1.741726
1.983751
1.710425
1.882749
1.817871
1.917909
1.712293
1.666007
1.724464
1.629935
2.120454
1.869817
1.838057
1.697590
1.876662
1.969445
1.544497
1.796768
1.626006
1.715227
1.747088
1.731966
1.894973
1.859855
1.916095
1.866569
1.731174
1.828721
1.860450
1.955469
1.932513
1.847142
1.666266
1.833540
1.777389
1.958668
1.731768
1.839566
1.763733
1.856043
1.784202
1.844868
1.924157
1.960095
1.823766
1.828382
1.847687
2.143626
1.860199
1.806211
1.753789
2.154917
1.816697
1.988928
1.567744
2.112466
2.105580
1.747968
1.708412
1.968866
1.703860
1.681368
1.718172
1.665684
2.019536
1.758275
1.570139
2.015651
1.987319
1.876886
1.759927
1.866524
1.526566
2.111869
1.834899
1.700504
1.562361
1.630696
1.906568
1.829135
1.905490
1.714793
1.765187
1.678813
2.068686
1.971453
1.636284
1.684295
1.901618
1.930919
1.852248
1.772203
1.651399
1.677413
2.137496
1.758406
2.270947
1.969194
1.764077
1.781081
2.034470
2.049477
1.731412
1.795807
1.676006
1.755491
2.068762
1.776101
1.444745
2.004418
1.716584
1.739514
1.977754
1.987696
1.760243
1.650213
1.651276
1.788165
2.106693
1.770471
1.856946
1.783890
1.900318
1.964649
1.703542
1.743099
1.774995
1.843199
1.813214
1.515575
1.810636
1.721681
1.778973
2.108886
1.736575
1.672664
1.725478
1.702369
1.906520
1.874047
1.686151
1.695561
1.829355
1.923802
1.812725
1.921776
1.606523
2.110945
1.761436
1.895471
1.730794
1.868099
1.826435
1.607357
1.688949
1.793634
1.923207
1.968615
1.930309
2.463380
1.829978
1.829170
1.829962
1.963512
1.871933
1.855818
1.786622
1.746881
1.920194
1.719305
1.558605
1.959019
1.877924
1.666924
2.108975
1.786060
1.935241
1.686718
2.048222
1.718034
1.897954
1.904754
1.614648
1.731489
1.712420
1.929214
1.840104
1.761842
1.709407
1.653748
1.963247
1.814182
1.623668
1.818984
1.808917
2.009041
1.774755
1.702992
1.809872
1.706933
1.896896
1.894856
2.402040
2.337905
2.169522
1.939318
1.737409
1.732751
1.852719
1.825504
1.819825
1.797004
1.757116
1.672990
1.948235
1.796944
1.714005
1.972932
1.546173
1.902357
1.697319
1.892456
1.660674
1.584989
1.802208
1.978676
1.964796
1.907613
1.675971
1.990430
1.784640
1.862873
2.304849
1.706385
2.143422
1.715622
1.903959
1.784690
1.596419
1.808460
2.409823
1.769295
2.042611
1.590641
1.719393
1.718666
1.774614
1.746104
2.122924
2.299655
1.862510
1.690065
1.860520
2.088793
1.956040
2.108477
1.557042
2.069394
1.607364
1.715790
2.061184
1.888025
1.687332
1.679959
1.751941
1.754257
2.183763
1.884110
2.010109
1.994331
1.738421
1.742325
1.875095
1.713914
1.973724
2.152816
1.810015
1.572490
2.159923
1.882045
1.693459
1.900590
1.808841
1.695653
1.569613
1.650019
1.760767
1.730339
1.791823
2.023026
1.694251
2.049417
1.693966
1.845063
1.722376
1.648345
1.836479
1.944628
1.818329
2.292740
1.670598
1.882855
2.049366
1.935572
1.643187
1.941239
1.816945
2.106386
1.781779
2.387893
2.074474
1.671302
2.009911
1.759253
1.598909
1.686417
1.757237
1.655759
1.767482
1.764737
1.702927
1.840783
1.656332
1.909778
1.712544
1.593326
1.764681
1.899742
1.622541
1.789224
1.772636
1.733103
1.949725
1.993564
1.646632
1.843953
1.839046
1.817829
1.913980
1.953639
1.753683
1.764263
1.726310
1.723315
1.869980
1.652849
1.596968
1.854207
1.917944
1.928724
1.704208
1.835032
1.863999
1.913497
1.705841
1.695029
1.744579
1.717673
1.922403
1.848895
2.101123
1.704199
2.093493
1.852983
1.923985
1.700820
1.665243
1.917273
2.029952
2.053007
1.916473
1.624355
1.718815
1.875582
1.979030
1.811433
1.872759
1.765254
1.579856
1.743100
1.778456
1.636155
2.070747
1.756458
1.690973
1.748833
1.727979
1.830498
1.665488
1.757354
1.952186
1.852067
1.666662
1.895911
1.704535
1.755391
1.717784
1.747302
1.864509
2.001864
1.800729
2.028151
1.680800
1.899169
1.549156
1.799826
1.992367
1.828529
1.919903
1.976332
1.697993
1.873231
1.491476
2.006146
2.083274
1.814388
1.655918
1.760780
1.830096
1.999217
2.217935
1.863717
1.943126
2.092462
1.910935
1.722881
1.833153
1.666484
1.651685
1.950152
1.807922
1.996748
1.773583
2.072442
1.823815
2.069439
1.762924
1.849528
1.730943
1.776201
1.793587
1.804375
1.694334
1.795230
1.693500
1.735069
1.848184
1.714114
1.635192
1.741914
1.724473
1.853573
2.059650
1.915346
1.844431
1.778253
1.824844
1.870141
1.672563
1.792916
1.671195
1.721862
1.736162
1.876575
1.839105
1.920728
1.847174
1.929230
1.917877
1.779672
1.568542
1.845153
1.898984
1.900097
1.946458
1.829041
1.500639
1.627622
2.057663
1.655318
2.073564
1.686403
2.218666
1.717187
1.622927
1.605344
1.685122
1.754296
1.772462
1.729596
2.144450
1.762748
1.842522
1.734509
1.896976
2.006738
1.697663
1.633944
2.089133
1.904406
1.898880
1.712408
2.059950
1.909268
1.793466
1.925874
1.570099
1.658609
1.642486
2.183357
1.804354
1.892474
1.838585
1.867115
1.806630
1.687119
1.714913
1.799323
1.592498
1.631818
1.720264
1.919355
1.980497
1.823777
1.895958
1.655564
1.851801
2.039329
1.789219
1.895203
1.897888
1.742018
1.753017
1.707834
1.743765
1.702005
1.751020
1.666023
1.946195
1.644370
1.850570
1.929731
1.812367
1.850060
1.874808
1.979125
1.800690
1.788068
1.923879
1.907085
1.782838
1.969102
1.698092
1.513668
1.868104
2.004792
1.824606
1.743960
1.640777
1.779884
1.629755
2.090343
1.678435
1.894783
1.820308
1.732115
2.325131
1.544552
1.776806
1.873909
1.666790
1.881836
1.709319
1.815256
1.718863
1.643616
1.753783
1.600523
1.868716
1.836005
2.309498
2.021843
1.842378
1.695179
1.838397
1.991407
1.672325
1.584028
1.715685
1.795401
1.735293
1.740281
2.099306
1.724683
1.869052
1.750092
1.899990
1.944372
1.942371
1.738831
1.958351
1.551620
1.833198
1.948365
1.687265
2.007027
1.847344
1.819065
1.566190
1.846931
1.877176
1.766334
1.710585
1.900203
1.586591
1.659707
1.803974
1.737011
1.883368
2.154082
1.720552
1.585375
1.853830
2.056875
2.028558
1.889724
1.778416
1.791605
1.616188
1.686220
1.565769
1.770284
1.960643
1.765283
2.014546
1.842701
1.675692
2.151661
1.825712
1.847414
1.730955
1.953016
1.579866
2.202146
1.752173
1.851009
1.682855
1.741643
1.897534
1.685657
1.754252
1.779030
1.714548
2.048185
2.182602
1.858914
1.649322
2.040766
1.612513
1.983292
1.843033
1.841272
2.093268
1.662430
1.837006
2.001333
1.938758
1.742104
1.651284
1.856085
2.035819
2.191222
1.833950
1.720460
1.747559
1.683666
1.619574
1.717434
1.687057
1.688192
1.669648
1.683711
1.679158
1.879204
1.561787
1.806133
1.969925
1.859784
1.651554
1.813313
1.941667
1.581277
1.635826
1.883684
1.909961
1.776407
1.970743
1.933061
1.766893
1.635494
1.816348
1.763420
1.950544
1.825660
1.826650
1.737120
1.818619
1.748563
1.932928
1.769798
1.707182
1.889364
1.680385
1.654515
1.630728
1.990764
2.053961
2.087468
1.840691
1.809408
1.747217
1.795927
1.624428
1.883589
1.581573
1.854687
1.654860
1.788140
1.863174
1.903693
1.560440
1.713190
1.971805
1.723149
2.070259
1.778038
1.814414
2.040820
1.783980
1.888363
1.659240
1.749764
1.636020
1.871180
1.666039
1.882827
1.679711
1.781069
1.759826
1.655998
1.870083
1.938937
1.869301
1.854332
1.763167
1.675331
1.755392
1.868604
1.781559
1.835656
1.871491
1.835912
1.848219
1.718357
1.753614
1.839881
1.696302
1.582383
1.914776
1.777797
1.943211
1.919254
1.967862
1.891013
2.204997
1.942878
1.609631
1.625309
1.710054
1.718224
2.149002
1.903776
1.591339
2.047508
1.671722
1.638577
2.142506
1.534138
1.862817
1.624387
1.672518
1.878710
2.213789
2.303978
1.767446
1.843696
1.992913
1.741660
1.806802
1.719913
1.746207
1.782914
1.594706
1.763178
1.644495
1.706933
2.238782
2.012774
1.842246
1.645954
1.910404
1.910208
1.515746
1.754257
1.837433
1.898105
1.842435
1.740230
1.782302
1.781589
1.917223
1.688209
1.746942
1.812767
1.887476
1.481390
1.749686
1.752691
1.704873
1.894794
2.169481
1.720133
1.634520
1.776658
1.794838
1.816279
2.244406
1.719105
2.189202
1.920360
1.933012
1.806535
1.916777
1.811489
1.482254
1.988953
1.703409
1.629278
1.737345
1.844649
1.720208
1.871734
1.946112
1.729478
1.802123
1.780791
1.699218
1.916733
1.703579
1.924224
1.601490
1.750990
1.727308
2.143820
1.903864
1.773518
1.812450
1.816049
1.600252
1.766975
1.860019
1.807750
1.731809
1.779602
1.976778
1.714552
1.690575
1.804069
1.787813
1.867384
1.564984
1.957836
1.614577
1.721898
1.710901
1.627551
1.820495
1.709819
1.840121
1.670461
1.822013
1.862296
1.803426
1.769720
1.780637
1.687008
2.300296
2.024211
1.804118
1.678364
1.880974
1.811707
2.185578
1.812237
1.751968
1.784408
1.715428
1.799469
1.689134
1.754817
1.727626
1.775167
1.951622
1.651516
1.701463
1.720241
1.740187
2.049472
1.973723
2.034772
1.959301
1.935463
1.643861
1.706758
1.743249
1.863295
1.523208
1.905556
1.591626
1.456896
1.646131
1.941666
1.730930
1.908348
1.795678
1.693135
1.867390
1.667101
1.746840
1.715278
1.860168
2.073204
1.774798
1.647738
2.084899
1.591222
1.894865
1.749367
1.657544
1.728341
1.613642
1.955782
2.017943
1.577421
1.828171
1.764007
1.708073
1.911692
1.767892
2.223812
1.908839
1.804382
1.876427
1.857392
2.048661
1.892648
2.056765
1.737759
1.863690
1.614509
1.850496
1.784144
1.779845
2.021355
2.038046
1.926762
1.673365
1.804438
1.861490
1.790507
1.696439
1.669809
1.820235
1.977353
2.060249
1.581970
1.855047
1.771571
1.821692
1.837629
1.594112
1.875208
1.753373
1.813481
1.872088
1.837070
1.919465
1.696805
1.824824
1.883502
1.728873
1.704708
1.685382
1.978277
1.826617
1.705614
1.648928
1.701090
1.971009
1.727929
1.974208
1.772148
1.796715
1.857342
2.107869
1.679155
1.949668
1.842019
1.819067
1.876897
1.876700
1.817293
1.939956
1.884572
2.065656
1.809682
1.887528
1.686471
1.424084
1.699106
2.069413
1.867301
1.895201
1.581194
1.750304
1.723473
1.619749
1.548203
1.759071
1.811877
1.934519
1.760233
2.143080
1.704481
2.145787
1.772434
1.808496
1.925457
2.451730
1.814593
1.979620
1.844134
1.845239
1.696741
1.900831
2.017209
1.740039
1.680891
1.743079
1.741800
1.660481
1.558312
1.805474
1.744608
1.742606
1.712518
1.775577
1.543516
1.672323
1.668698
2.008255
1.949535
1.909997
1.791773
1.575758
1.814039
1.772104
1.408759
1.776603
1.783420
1.964558
2.066051
1.621462
1.869767
1.738679
1.827669
1.746939
1.831649
1.696516
1.740288
1.716422
1.709647
2.076963
1.631172
1.818110
1.936524
1.691388
2.019605
1.904552
1.753466
1.924168
1.561852
1.916794
1.747256
1.907510
1.736767
1.627865
1.807622
1.918148
1.934972
1.867390
1.837767
1.746045
1.727483
1.644744
1.887187
1.695005
1.762914
2.207517
1.811537
1.649290
1.814146
1.981774
1.604126
2.028812
1.972893
1.738495
2.078876
1.685996
1.683406
2.020358
1.707837
1.691880
1.671217
2.020041
1.657045
1.728207
1.963119
1.637870
1.632611
1.793836
2.065769
2.098727
1.681765
1.747644
1.841559
1.632229
2.044513
1.639415
1.629173
1.770757
1.801372
1.727788
2.430283
1.799977
1.928743
1.899774
1.774855
1.878856
1.655780
1.727701
1.753837
1.951897
1.636029
1.726290
1.714409
1.533147
1.912737
1.774332
1.839297
1.792428
1.727220
1.672268
1.834561
2.288985
2.056804
1.891001
1.783903
1.717887
1.610726
1.696133
1.884996
1.960125
1.741710
1.816207
2.002852
1.802076
1.598631
1.510403
1.860558
1.765552
2.090597
1.884931
1.667363
1.618444
1.801959
1.669421
1.826288
1.597671
1.863209
1.736285
1.685355
1.716845
1.954993
1.824500
1.871090
2.224852
1.997803
1.676925
2.250773
1.678420
1.846538
1.581900
1.854356
1.594175
1.793574
1.689667
1.713352
2.047289
1.763385
1.615747
1.903379
1.650882
1.728449
1.867382
1.735853
1.673708
2.269407
1.850623
1.853910
1.646212
1.722088
1.709816
1.865193
1.712862
1.936422
1.700472
1.831814
1.658218
1.733147
1.596631
1.881287
1.799447
1.806818
1.594286
1.853280
1.830210
1.670478
1.565727
1.810971
1.887479
2.095005
1.962753
1.898254
1.865673
1.581339
1.679161
2.364333
2.035187
1.942572
1.449178
1.866341
1.698418
1.891065
1.662326
1.815075
1.719053
1.653118
2.013108
1.822176
1.599438
1.936433
2.011641
1.941997
1.821953
1.872615
1.984137
1.987078
1.676652
1.765174
1.802755
1.781281
1.603113
1.591535
1.804467
1.665415
1.843333
1.673287
1.953802
1.830620
2.117253
1.611622
1.560942
2.074063
1.738224
2.068056
1.901813
1.838385
2.135730
1.839034
2.421469
1.771587
1.693252
1.795656
1.713144
1.865621
1.601626
2.009625
1.763579
1.865675
1.772478
1.805013
1.532673
2.034312
1.917497
1.606868
1.806795
1.865549
1.833354
1.742855
2.060219
1.661111
1.680341
2.057304
1.786647
1.686382
1.884144
1.759206
1.869355
1.828095
2.409011
2.377332
1.685864
1.751510
1.869562
1.883636
1.623276
1.542670
1.946296
1.932686
1.965371
1.674612
1.927489
2.175428
1.957562
1.597355
1.651883
1.805887
1.543895
1.860697
1.573570
1.846548
1.890730
1.818073
1.770050
1.787781
1.919956
1.727034
1.647317
1.903662
1.619183
1.715952
1.712175
1.818782
1.892986
1.875734
1.694798
1.707338
1.780236
2.023551
1.794347
1.845269
1.881143
1.742042
1.614820
1.746283
1.967584
1.806092
1.769150
1.665371
1.957160
1.532869
1.673561
2.153152
1.912323
2.359122
1.594649
2.033367
1.813566
1.803275
1.847175
1.989183
1.743080
1.719257
2.346073
1.807596
1.476763
1.754235
2.134091
1.665641
1.648808
1.769491
1.772351
1.657265
2.031963
1.659301
1.694660
2.390751
1.643554
1.895929
1.888749
2.088662
1.867982
1.814648
1.632924
1.794879
1.760599
1.833716
1.769894
1.726365
1.798969
1.763832
2.245732
1.797710
1.593195
1.689339
1.590519
1.547411
1.965186
2.126047
1.796744
1.815258
1.914449
1.689046
1.895431
1.644201
1.898592
1.818541
1.877365
1.661149
1.775517
1.939456
1.746426
2.090320
1.862939
2.074621
1.754598
1.688666
1.636152
1.725867
1.961780
1.829937
1.706724
2.018601
1.663372
1.784024
1.777243
1.649929
2.188738
1.717285
1.734304
1.836361
1.553896
1.965554
1.738016
1.906627
1.731289
2.316975
1.692880
1.799498
1.815953
1.710290
1.999698
1.914482
1.660348
1.628435
1.746984
1.881100
1.754111
1.900367
2.040345
1.703643
1.685671
1.856959
1.752480
2.203777
1.734828
1.773133
2.039902
1.673811
1.840205
1.614171
1.963926
1.734580
1.868095
1.985847
1.616239
1.790153
2.000200
1.882164
1.734477
1.928011
1.772033
2.003802
2.105801
1.896986
1.526828
1.835804
1.594959
1.695324
1.663284
1.765471
1.801156
2.075718
1.668604
1.658283
1.772165
1.873154
1.666480
1.676906
1.754600
1.697181
1.811538
1.748084
1.695913
1.751515
1.892872
1.728838
1.602016
1.730028
1.776527
2.172226
2.449491
1.797098
1.563724
1.726153
1.789812
1.952947
1.779918
1.580191
1.794753
1.507775
2.113094
1.825656
1.896610
1.888541
1.857472
1.669620
1.634166
1.855122
1.982908
1.850185
1.823283
1.951762
1.823567
1.733133
1.704084
1.875688
1.608251
1.854437
2.179855
1.554744
1.662367
1.725837
1.559335
1.797492
1.706429
2.239106
1.857929
1.885552
1.708851
1.915717
1.679585
2.015294
2.108402
1.742487
2.122253
1.811521
1.785933
1.828870
1.897042
1.636068
1.810291
1.667853
1.924309
1.786694
1.921308
2.095644
1.904030
1.642343
2.022507
2.087712
1.689213
1.672811
2.003019
1.794211
1.634537
2.152259
1.887329
1.814109
1.754217
1.900016
1.802672
1.663467
2.038442
1.717466
1.637260
1.806842
1.874127
1.849416
1.972293
1.690610
1.608918
1.657569
1.832450
1.674285
1.556503
1.856753
1.769428
1.826597
1.667804
1.604285
1.921862
1.574633
1.736395
1.770808
2.301526
2.127673
1.771890
1.703900
2.056203
1.820254
2.141010
1.649879
1.803212
1.786709
1.802129
1.641592
1.601380
2.068416
1.833140
1.775321
1.814363
2.101750
1.803565
1.743649
1.600114
1.725158
1.671273
1.978848
1.781160
1.587211
1.859471
2.013952
1.821095
1.907243
2.170744
1.826878
1.781528
1.670774
1.808455
1.710534
1.690880
1.882842
1.849679
1.747510
1.594082
1.753584
1.699636
1.904750
1.925829
1.916777
1.940514
1.914288
1.873067
1.544909
1.892020
1.474081
1.751425
1.659635
1.794389
1.995992
1.919588
1.629454
1.678807
1.616291
1.710799
1.816426
1.778491
1.796561
1.587021
1.776502
1.835066
1.758425
1.595148
1.676271
1.960300
1.903384
1.789260
1.779558
1.839792
2.214622
2.033224
1.694685
2.838463
1.825658
1.880410
1.742619
1.801941
2.054788
1.841944
1.786460
1.964868
1.697298
1.804937
2.068990
1.699071
2.105639
1.734706
2.448271
1.687007
1.613998
1.794494
1.885183
1.688976
2.000408
1.842931
1.614386
1.730415
1.837965
1.832967
1.860689
1.786454
1.830752
1.808854
1.782410
1.812784
2.000037
1.693473
1.821425
1.827817
1.832950
1.586166
2.375862
1.570817
1.750515
1.841602
1.633988
2.052490
1.539337
1.927695
1.701543
1.752023
1.720937
1.652107
1.871826
1.740660
2.218483
1.671575
1.837520
1.927161
2.000492
1.967811
1.753834
1.952308
1.743126
1.870657
1.731406
1.820860
2.123429
1.584196
2.364599
1.972223
1.695942
1.988263
1.645759
1.672917
1.714371
1.727248
1.642110
1.756987
1.690863
1.709434
1.696282
1.690086
1.550822
1.684434
1.695766
1.638437
1.742840
1.664892
2.303095
1.764966
1.687228
1.780196
1.962984
1.620438
2.033333
1.939566
1.819828
1.506446
1.743244
1.774345
1.774090
1.677193
1.670170
1.713109
1.762303
1.824814
1.931498
2.849013
1.755227
1.750879
1.960124
1.655079
1.814926
1.760059
2.138846
1.678549
2.076747
1.608727
1.748972
1.850665
1.656227
1.703992
1.712001
1.697375
1.661601
1.556766
1.893374
1.833035
1.685251
1.954963
1.507201
1.812522
1.954509
1.931874
1.761749
2.007347
2.025056
1.905082
1.586345
1.811174
2.265470
1.904554
1.706019
1.845623
1.796051
2.455516
1.572782
1.741550
1.556047
1.736239
1.732296
1.889500
1.770049
1.866032
1.901019
1.829429
2.027176
1.569287
1.880288
1.797312
1.538401
1.653354
2.342897
1.721191
1.793367
1.839198
1.603975
1.792148
1.756640
1.879873
1.614404
1.862600
1.772794
1.862050
2.026074
1.669972
1.682463
1.701935
1.858619
2.085904
1.762391
1.688717
2.039167
1.866082
1.677315
1.673527
1.830141
1.767494
1.599024
2.013452
1.584272
1.756711
1.441704
1.846218
1.831386
1.912594
1.819347
1.659055
1.722031
1.803053
1.653113
1.647140
2.170214
1.712479
1.649070
1.706638
1.947853
2.371040
1.894029
1.681454
1.869187
1.884976
1.671272
1.792045
1.792879
2.032252
1.710174
1.860216
2.465896
1.815561
1.799003
1.549603
1.746200
1.834278
1.625494
1.855989
1.637410
1.641689
1.763931
1.835942
1.895059
1.855685
1.952463
1.799247
2.966378
1.670542
2.037963
1.857329
2.004533
1.700160
1.792024
1.637364
1.913216
1.739003
1.639140
1.680901
1.768869
1.769959
1.660045
2.084329
1.721929
1.855420
1.804551
1.603385
1.600262
1.690614
1.716151
1.653373
1.722377
1.610251
1.558873
1.822671
2.178088
1.697019
1.797344
1.871093
1.897180
1.901768
1.816618
1.585874
1.747311
1.737330
1.678668
1.890876
2.119323
1.785158
1.708079
1.947710
1.731039
1.755676
2.071314
1.921573
2.190671
1.724003
1.951172
1.589753
1.640765
1.744560
1.756491
1.741929
1.639291
1.610752
1.859559
1.806210
1.645515
2.312162
1.651501
2.209865
1.815731
1.741306
1.840307
1.875114
1.850945
1.500357
1.713178
1.694615
1.703509
1.793235
1.743556
1.741972
1.856265
1.794474
1.946272
1.687374
1.552812
2.198567
2.262022
2.099699
2.359479
1.730572
1.861490
1.657324
1.812242
1.722434
1.683159
1.841207
1.676963
1.723056
2.117281
1.586567
1.748067
1.662343
1.652083
1.842176
1.917590
1.727493
1.783224
1.941437
1.668401
1.791813
1.757239
1.713381
1.818495
1.859722
2.285418
1.694440
1.640509
1.792304
1.926215
1.770263
1.847107
1.541162
1.718396
1.608581
1.735126
2.627428
1.731661
1.700712
2.100051
1.687579
1.706770
1.911486
2.105017
1.657574
1.685397
1.642446
1.928296
1.644328
1.723612
1.839809
1.772954
1.731755
2.019057
1.673240
1.648885
1.858538
1.662596
1.846828
1.935010
1.871514
2.426539
1.932105
1.810286
1.916432
1.733285
2.002285
1.588125
1.903618
1.669334
1.877732
1.687117
1.684344
2.035210
1.825258
1.959473
1.496757
1.768425
1.697691
1.736645
1.785083
2.051759
1.741528
1.742763
2.140615
1.643136
1.572405
1.616555
2.009335
1.994637
1.663582
1.708123
1.727755
1.939798
1.860625
1.796824
1.713486
1.774945
1.637010
1.839458
1.600391
1.614846
2.327929
1.801181
1.816641
2.433336
1.633579
1.710249
1.582880
1.774562
1.394434
1.733254
1.751603
1.727031
1.855473
1.776273
1.733074
1.786532
1.596174
1.689377
1.770247
2.802005
1.753090
2.012734
1.832420
1.639570
1.851423
1.672624
2.164495
1.840173
1.658115
1.922463
2.009896
1.753435
1.858798
1.727631
2.282269
1.809535
1.672557
1.600158
1.743736
1.658859
1.653928
1.777721
2.026002
1.861472
1.746507
1.926373
1.600545
1.568951
1.682315
1.926856
2.071133
1.693689
1.554269
1.716604
1.539630
1.724061
1.775856
2.155630
2.173245
1.687200
1.952738
1.774170
1.646528
1.580857
1.822257
1.814946
1.519660
1.579880
1.691786
1.898252
1.813166
1.732367
1.881144
1.749638
1.987339
1.724289
1.727703
1.789249
1.783893
1.842664
1.666083
1.738232
2.070609
2.071064
1.974971
1.917890
1.559110
1.547875
1.978697
2.149022
1.697239
1.681604
1.745223
2.051894
1.611495
1.870892
2.189547
1.609012
1.702133
1.627863
1.791128
1.694246
1.748735
1.830453
1.664076
1.824737
1.916393
1.788091
1.831495
1.869936
1.696854
1.735206
2.295055
1.799914
1.723289
1.822185
1.997748
2.269015
2.091991
1.705868
1.545308
2.453102
1.862130
2.037992
1.602357
1.622841
1.825441
2.010643
1.907003
1.803215
1.726681
1.636556
1.688397
1.773299
1.887231
1.814979
1.581144
1.643970
1.889027
1.692999
1.856197
1.715532
1.843134
1.765618
1.635957
1.744651
1.962556
1.718072
1.993728
1.801104
1.579771
1.800614
1.760803
1.598445
1.953694
1.862026
1.845380
1.645939
1.923325
1.708940
1.980986
1.716185
1.915968
1.838286
1.676944
1.874206
1.855776
1.902924
1.556269
1.896420
1.712280
1.580095
1.733243
1.962738
1.708138
1.755853
2.064345
2.417614
2.193630
1.487939
1.796614
1.687888
2.566737
1.796380
2.104184
1.665104
1.846838
1.694356
1.831226
1.877276
1.756456
