2.296216
2.273716
1.892499
1.791188
2.241853
2.053630
1.893397
1.713539
1.555374
1.987279
1.994729
1.920965
1.709677
1.857353
1.625684
1.710189
1.506195
1.179993
1.102860
1.188244
1.831611
1.510586
1.302926
1.232669
1.970076
1.792294
1.351220
0.978436
0.940277
0.953388
1.005566
1.127711
0.982180
1.199722
0.693803
0.937631
0.725176
0.731883
1.747658
1.855890
1.711834
1.259623
0.778811
0.611802
1.037996
0.767297
0.735792
0.789184
0.767205
0.871302
0.711546
0.793970
1.223053
1.036953
1.030969
0.565156
0.662466
0.562699
0.556953
0.714156
0.432236
0.430481
0.627120
0.446816
0.320027
1.047283
0.779200
1.138597
0.789114
0.667653
0.580656
0.720387
0.564907
0.415709
0.633136
0.745586
0.492973
0.755531
0.712974
0.617348
0.595289
0.611071
0.641903
0.719570
0.550591
0.543379
0.677139
0.395298
0.357257
0.668117
0.359293
0.550336
0.609695
0.449460
0.766719
0.581287
0.343088
0.726771
0.922213
0.937181
0.653480
0.494736
0.481199
0.326072
0.400963
0.701890
0.420112
0.374382
0.292900
0.667389
0.699007
0.597685
0.255145
0.427201
0.721946
0.567342
0.656185
0.646533
0.279002
0.513954
0.692061
0.449777
0.743150
0.774238
0.682120
0.559227
0.691597
0.440188
0.265674
0.525943
0.569937
0.551851
0.360567
0.679755
0.452995
0.310072
0.425978
0.351536
0.279564
0.576348
0.511055
0.489677
0.579247
0.576994
0.341749
0.647129
0.178426
0.550102
0.323709
0.472616
0.480905
0.445116
0.472106
0.302752
0.362305
0.434808
0.306715
0.500471
0.283368
0.267622
0.390783
0.577807
0.561456
0.396007
0.527650
0.461777
0.538697
0.335669
0.344612
0.356606
0.399736
0.324178
0.669431
0.572668
0.362093
0.501209
0.465050
0.438035
0.655590
0.549988
0.407741
0.365576
0.544392
0.383284
0.244365
0.235596
0.414028
0.356387
0.352194
0.364528
0.363321
0.595489
0.356270
0.490509
0.323646
0.651259
0.653980
0.635897
0.563694
0.450317
0.341251
0.222477
0.556616
0.545941
0.443457
0.338227
0.365621
0.403257
0.478454
0.245435
0.290480
0.424062
0.379413
0.280858
0.483784
0.105500
0.450416
0.427227
0.331470
0.309180
0.348134
0.439074
0.638450
0.439999
0.532330
0.420477
0.304796
0.314489
0.332417
0.494871
0.277359
0.451855
0.211712
0.684336
0.426383
0.379437
0.403609
0.328939
0.444977
0.431144
0.433262
0.272616
0.700849
0.642103
0.453791
0.282987
0.319456
0.618297
0.488044
0.385085
0.296275
0.448775
0.553958
0.314239
0.339045
0.527874
0.422700
0.299786
0.271427
0.269678
0.375272
0.345048
0.562133
0.364732
0.381374
0.578715
0.489774
0.378896
0.328917
0.271009
0.468901
0.869860
0.929540
0.546438
0.446907
0.303883
0.220018
0.387764
0.280308
0.188817
0.267538
0.319898
0.186545
0.186403
0.426132
0.200699
0.337287
0.230661
0.239715
0.327448
0.456513
0.483982
0.339416
0.235782
0.221854
0.292387
0.287976
0.303179
0.515024
0.336208
0.504017
0.252446
0.311871
0.262503
0.360796
0.265405
0.289243
0.381617
0.446052
0.464728
0.185243
0.201299
0.230127
0.531854
0.390648
0.281289
0.557906
0.318688
0.449979
0.336117
0.333039
0.209990
0.230517
0.407813
0.340733
0.304441
0.325223
0.412130
0.443625
0.293529
0.309110
0.439847
0.248726
0.279975
0.504976
0.332004
0.280637
0.429238
0.381993
0.200829
0.323743
0.310070
0.242679
0.268107
0.412238
0.276874
0.208022
0.130784
0.345221
0.355564
0.468916
0.296827
0.434794
0.302150
0.480488
0.507058
0.790343
0.383510
0.390486
0.265071
0.429322
0.100731
0.345480
0.372178
0.421810
0.234657
0.374290
0.364288
0.529280
0.427223
0.258339
0.317114
0.524213
0.601274
0.457583
0.275212
0.386308
0.317307
0.286921
0.195366
0.241763
0.225672
0.158302
0.186454
0.243377
0.138670
0.345308
0.368582
0.423753
0.327926
0.666483
0.519319
0.350227
0.465369
0.265619
0.248969
0.220052
0.209546
0.179650
0.383753
0.312474
0.326537
0.415015
0.173299
0.312400
0.560355
0.325825
0.411323
0.279611
0.358663
0.419112
0.256239
0.294588
0.410320
0.471661
0.383536
0.287850
0.225698
0.285791
0.262866
0.221382
0.366114
0.378789
0.267162
0.412418
0.319883
0.303225
0.368352
0.314186
0.265711
0.372592
0.232327
0.239320
0.453713
0.285394
0.201534
0.586915
0.310308
0.549492
0.305705
0.254065
0.324083
0.199648
0.364144
0.460648
0.225196
0.395160
0.188225
0.214733
0.182559
0.302279
0.139008
0.419364
0.404139
0.455994
0.394796
0.296336
0.295452
0.256047
0.284343
0.354485
0.508364
0.536500
0.460296
0.375152
0.392287
0.714984
0.311591
0.435141
0.261090
0.137098
0.554612
0.377847
0.323732
0.270450
0.194999
0.255374
0.464008
0.733798
0.347698
0.413473
0.304756
0.349184
0.442869
0.382656
0.381536
0.360164
0.430117
0.603749
0.223745
0.221211
0.219561
0.153252
0.375619
0.373063
0.214581
0.571431
0.243871
0.287668
0.308469
0.272617
0.408376
0.295159
0.272654
0.251743
0.384103
0.569343
0.516243
0.274505
0.176445
0.233636
0.421069
0.304239
0.595327
0.262752
0.334002
0.434103
0.275040
0.332896
0.250858
0.427743
0.332375
0.347338
0.394742
0.426746
0.431752
0.155057
0.324531
0.240826
0.185188
0.350313
0.309935
0.224632
0.341700
0.277706
0.551136
0.233768
0.653031
0.341522
0.339448
0.341796
0.356641
0.395854
0.242560
0.374526
0.337020
0.396184
0.549010
0.166249
0.392361
0.220249
0.312402
0.499536
0.494449
0.559601
0.376017
0.313320
0.327798
0.391076
0.331230
0.376461
0.212424
0.223599
0.189886
0.546987
0.501689
0.249260
0.388777
0.429351
0.595433
0.477089
0.195746
0.416598
0.509225
0.400121
0.347200
0.173901
0.464183
0.282838
0.314543
0.261856
0.315780
0.268034
0.352378
0.176232
0.148468
0.198543
0.381230
0.475950
0.317786
0.183547
0.188817
0.236253
0.198395
0.183840
0.186642
0.151679
0.202040
0.337891
0.377999
0.403264
0.170081
0.263698
0.626658
0.490717
0.444215
0.285145
0.264494
0.374567
0.344177
0.202209
0.669480
0.256986
0.202943
0.202473
0.275300
0.165858
0.204520
0.260425
0.240252
0.257045
0.458100
0.499939
0.327764
0.306898
0.398979
0.330232
0.317914
0.475371
0.292455
0.210754
0.319385
0.271266
0.314002
0.333682
0.516143
0.586802
0.352731
0.397814
0.221013
0.203952
0.360653
0.227374
0.285737
0.237796
0.268145
0.242454
0.296218
0.400265
0.208956
0.303759
0.463375
0.282803
0.267536
0.241267
0.382102
0.391134
0.267535
0.407091
0.369796
0.521305
0.327714
0.371776
0.450028
0.421192
0.228028
0.359635
0.273633
0.234688
0.280961
0.418574
0.351497
0.319553
0.305573
0.245895
0.451595
0.188027
0.255557
0.293412
0.435493
0.227439
0.330042
0.295305
0.335432
0.470422
0.209671
0.233933
0.253013
0.341710
0.230365
0.344726
0.208147
0.354429
0.215180
0.123950
0.205321
0.309916
0.156225
0.337543
0.437355
0.264308
0.299798
0.174188
0.299091
0.148183
0.161571
0.104301
0.490663
0.652792
0.468158
0.377402
0.492984
0.372335
0.309662
0.281584
0.230798
0.419646
0.412863
0.398546
0.429562
0.390218
0.384316
0.452143
0.515501
0.527684
0.430349
0.289258
0.227368
0.519827
0.562108
0.233866
0.406367
0.327933
0.281776
0.248905
0.373938
0.159884
0.361218
0.228804
0.220197
0.313291
0.448323
0.173724
0.316411
0.263173
0.270007
0.338762
0.231859
0.179589
0.431461
0.423003
0.221740
0.198277
0.324433
0.358458
0.412548
0.255566
0.176743
0.441096
0.577044
0.374195
0.311880
0.391699
0.404323
0.142521
0.149409
0.241353
0.252959
0.149547
0.347073
0.267160
0.258333
0.291340
0.293865
0.340636
0.315333
0.503560
0.410541
0.358097
0.338563
0.481278
0.329202
0.375289
0.165436
0.332348
0.166044
0.158955
0.495324
0.242091
0.426369
0.272666
0.257703
0.289120
0.435216
0.199371
0.237355
0.356121
0.248481
0.251596
0.196866
0.496919
0.227385
0.111268
0.198284
0.292221
0.371762
0.321769
0.289971
0.245268
0.721723
0.209564
0.214522
0.219359
0.345558
0.193053
0.446984
0.280482
0.268181
0.273413
0.437480
0.370781
0.415192
0.273211
0.183329
0.286594
0.226721
0.446700
0.318534
0.286416
0.395427
0.273360
0.266522
0.388065
0.200444
0.267933
0.407692
0.370868
0.344840
0.209233
0.304148
0.216523
0.422507
0.477935
0.367414
0.237436
0.291741
0.257803
0.137508
0.794828
0.687592
0.521563
0.247378
0.317510
0.218088
0.270610
0.193341
0.228484
0.343084
0.193404
0.319762
0.266046
0.165395
0.291197
0.356286
0.261993
0.308620
0.173930
0.345644
0.461847
0.459960
0.356713
0.472071
0.472027
0.530297
0.284047
0.694380
0.361684
0.311973
0.224659
0.250616
0.293210
0.258851
0.285620
0.360202
0.279039
0.263295
0.143201
0.451202
0.430448
0.213239
0.165535
0.249236
0.375186
0.290711
0.112430
0.191391
0.260619
0.216727
0.293933
0.338947
0.310485
0.238751
0.198634
0.142367
0.387185
0.489112
0.364265
0.376400
0.485826
0.213819
0.226535
0.181508
0.219565
0.314885
0.403853
0.306995
0.297639
0.365152
0.341789
0.327819
0.297937
0.269716
0.527473
0.373358
0.230725
0.447431
0.391628
0.481305
0.136477
0.338864
0.173582
0.277050
0.496993
0.417894
0.280087
0.300366
0.237344
0.233849
0.233101
0.361773
0.471260
0.345976
0.273653
0.116457
0.421551
0.326532
0.189585
0.164285
0.229057
0.171849
0.390196
0.391012
0.362894
0.201522
0.388307
0.417305
0.233956
0.339694
0.262266
0.186250
0.224690
0.223625
0.206681
0.411606
0.275182
0.305811
0.289141
0.113790
0.402296
0.275591
0.284102
0.503155
0.370440
0.348473
0.211660
0.341012
0.283874
0.308292
0.239391
0.339931
0.214854
0.329844
0.420865
0.351190
0.418841
0.231305
0.232137
0.370483
0.211265
0.246359
0.513385
0.345683
0.161798
0.136193
0.288066
0.382412
0.178059
0.236390
0.378246
0.360742
0.433546
0.214906
0.175289
0.393091
0.398011
0.510217
0.506841
0.251588
0.315008
0.241057
0.121742
0.406017
0.382408
0.552111
0.453661
0.448548
0.200256
0.199964
0.124086
0.173623
0.245512
0.205576
0.292048
0.355416
0.186285
0.361336
0.304283
0.207446
0.336735
0.196360
0.387715
0.200358
0.407518
0.214580
0.382340
0.351649
0.241531
0.253557
0.221402
0.392087
0.313037
0.482229
0.500296
0.458594
0.403707
0.352731
0.405671
0.296843
0.369770
0.471342
0.211245
0.290409
0.339443
0.357189
0.199617
0.207790
0.527476
0.606471
0.305191
0.214900
0.352876
0.242566
0.332226
0.223840
0.459381
0.418186
0.212401
0.231448
0.306185
0.222770
0.268891
0.295212
0.291306
0.293628
0.400820
0.384882
0.301712
0.231970
0.403769
0.491170
0.238858
0.191618
0.467607
0.272469
0.207556
0.220809
0.198956
0.454362
0.348139
0.214976
0.305663
0.106683
0.286989
0.253563
0.433786
0.496843
0.283373
0.306676
0.113018
0.257604
0.405622
0.378308
0.209408
0.264704
0.204771
0.416342
0.283084
0.172137
0.245974
0.216473
0.168738
0.106903
0.306781
0.364944
0.269684
0.311072
0.288291
0.218707
0.389469
0.460162
0.263380
0.208488
0.189945
0.306326
0.281638
0.300946
0.200834
0.128806
0.163784
0.258139
0.191942
0.182753
0.233606
0.517112
0.382822
0.400788
0.607208
0.321285
0.199272
0.173461
0.231967
0.306679
0.457529
0.367022
0.175054
0.508198
0.184961
0.312617
0.374227
0.384134
0.449097
0.406417
0.418107
0.603334
0.305403
0.272605
0.443558
0.341953
0.222317
0.320696
0.344238
0.195383
0.328704
0.205024
0.213784
0.235573
0.433951
0.238557
0.454435
0.460306
0.377502
0.333967
0.236203
0.165090
0.365741
0.363085
0.306750
0.348942
0.184010
0.243107
0.274338
0.240564
0.132373
0.227863
0.297138
0.181446
0.141913
0.406580
0.647274
0.619135
0.523536
0.465790
0.403857
0.289137
0.331570
0.223466
0.282543
0.291622
0.216582
0.134936
0.347042
0.495875
0.493424
0.270506
0.374874
0.293170
0.338353
0.296031
0.459478
0.317046
0.269419
0.545640
0.254285
0.331462
0.280708
0.432246
0.265206
0.231642
0.156588
0.210046
0.351256
0.289805
0.282201
0.424479
0.155107
0.341308
0.488115
0.386538
0.331731
0.132444
0.175063
0.369242
0.331600
0.205478
0.257051
0.317359
0.302408
0.235194
0.397607
0.182625
0.263195
0.216832
0.086130
0.417075
0.332843
0.339100
0.458836
0.348723
0.276751
0.261512
0.517287
0.280899
0.385188
0.254806
0.322440
0.268901
0.220659
0.311047
0.214330
0.230232
0.267562
0.267036
0.167712
0.346712
0.451495
0.370857
0.168764
0.256461
0.290459
0.335209
0.359798
0.404067
0.368377
0.306310
0.381687
0.364823
0.257547
0.229295
0.282428
0.214826
0.282347
0.243967
0.360380
0.281076
0.315660
0.123220
0.534861
0.356605
0.340683
0.290282
0.455562
0.319340
0.607829
0.469350
0.363874
0.345808
0.157550
0.389413
0.142638
0.297898
0.474140
0.348676
0.240681
0.422683
0.251073
0.295782
0.328854
0.287564
0.137038
0.156844
0.115410
0.365034
0.237198
0.332397
0.502953
0.224688
0.448009
0.356240
0.121606
0.237938
0.341815
0.371702
0.465080
0.313544
0.407832
0.200910
0.171963
0.290453
0.275718
0.330034
0.199722
0.256664
0.109021
0.118311
0.251906
0.247919
0.190978
0.197894
0.288511
0.246912
0.305473
0.261051
0.454699
0.478191
0.268273
0.295116
0.160081
0.360112
0.191731
0.252757
0.253394
0.139043
0.244799
0.280364
0.459477
0.351715
0.520176
0.207795
0.485073
0.443948
0.314211
0.347355
0.205823
0.236134
0.400128
0.210946
0.387517
0.246042
0.197317
0.382768
0.212434
0.275782
0.179408
0.253733
0.297465
0.333286
0.320221
0.157345
0.343740
0.273892
0.245489
0.288086
0.145671
0.246064
0.203724
0.113354
0.351606
0.338228
0.482081
0.482311
0.475879
0.278241
0.258744
0.337926
0.432211
0.614251
0.390236
0.354904
0.225694
0.303085
0.248051
0.432684
0.170588
0.418519
0.434621
0.552308
0.644617
0.530791
0.295468
0.436286
0.125196
0.224658
0.181479
0.137140
0.252878
0.219536
0.167368
0.199602
0.445480
0.133510
0.232603
0.228865
0.224248
0.334765
0.170714
0.353056
0.152231
0.421548
0.252726
0.280979
0.475045
0.300488
0.285757
0.264931
0.262828
0.172017
0.322689
0.195741
0.335015
0.178883
0.229919
0.431866
0.348347
0.270473
0.387500
0.238700
0.180570
0.357547
0.211269
0.196670
0.287853
0.280506
0.351369
0.232297
0.212061
0.283757
0.300246
0.432311
0.499509
0.233961
0.489735
0.377138
0.282545
0.576844
0.508388
0.321476
0.206628
0.446768
0.181704
0.215737
0.336535
0.309189
0.159249
0.253116
0.477646
0.383146
0.352308
0.492004
0.200507
0.232355
0.137788
0.414409
0.362416
0.320425
0.284700
0.235415
0.514629
0.316970
0.237631
0.254748
0.103888
0.294866
0.393574
0.326212
0.303433
0.273609
0.223924
0.172405
0.275189
0.175323
0.201330
0.361139
0.553697
0.443789
0.313385
0.296661
0.188292
0.242301
0.227418
0.280906
0.606907
0.335544
0.254196
0.225613
0.237660
0.250484
0.437467
0.118069
0.265052
0.359973
0.443663
0.343008
0.207764
0.250605
0.318439
0.234643
0.370865
0.193425
0.308294
0.243014
0.434464
0.240142
0.298575
0.412908
0.441937
0.303499
0.425986
0.214161
0.259735
0.253772
0.580728
0.185814
0.158694
0.309934
0.377636
0.331904
0.380990
0.329223
0.174188
0.149904
0.321813
0.187111
0.134321
0.224756
0.339383
0.445786
0.386550
0.502379
0.317294
0.234178
0.160639
0.405407
0.496947
0.191288
0.256859
0.335234
0.194477
0.290709
0.307415
0.215506
0.249852
0.290994
0.249564
0.310663
0.270572
0.237393
0.282671
0.183351
0.353365
0.297312
0.463292
0.190825
0.164125
0.179066
0.370428
0.293334
0.220831
0.176308
0.297772
0.281422
0.440819
0.532530
0.616188
0.354389
0.309409
0.166257
0.296518
0.285498
0.410566
0.291697
0.190139
0.300782
0.298904
0.334285
0.468408
0.761962
0.485965
0.181396
0.198172
0.229412
0.163794
0.261050
0.423800
0.218460
0.234631
0.266910
0.211232
0.347113
0.283531
0.451613
0.177821
0.416596
0.587634
0.305301
0.250217
0.340593
0.282554
0.248985
0.370529
0.372948
0.300084
0.300738
0.266508
0.468320
0.283373
0.388439
0.217632
0.207534
0.405114
0.233448
0.405627
0.414168
0.612880
0.324652
0.446884
0.142693
0.373645
0.319510
0.267808
0.179865
0.207209
0.201137
0.251602
0.485726
0.224869
0.241444
0.255167
0.230546
0.301208
0.338145
0.209303
0.400247
0.617461
0.786452
0.530069
0.304751
0.223089
0.270728
0.270671
0.251568
0.202777
0.229037
0.366683
0.197380
0.149736
0.310214
0.308331
0.132173
0.170862
0.287544
0.277883
0.089513
0.222038
0.274712
0.439526
0.204368
0.307374
0.357075
0.206271
0.169884
0.349951
0.258868
0.520148
0.571783
0.565319
0.167068
0.265101
0.163175
0.129825
0.127039
0.270402
0.083287
0.237311
0.212027
0.165974
0.271315
0.110827
0.152796
0.295159
0.537700
0.311643
0.252559
0.118190
0.261522
0.309364
0.365112
0.283384
0.417968
0.259829
0.367772
0.576252
0.402673
0.387893
0.250222
0.403779
0.262020
0.293098
0.353282
0.525210
0.478253
0.267735
0.242414
0.256821
0.332171
0.334988
0.261308
0.282563
0.279700
0.342286
0.340392
0.276385
0.640857
0.325506
0.314375
0.161141
0.115924
0.125157
0.269644
0.243111
0.347559
0.274268
0.197553
0.141884
0.298519
0.527107
0.701367
0.405859
0.452509
0.212114
0.361994
0.185576
0.406305
0.338660
0.191613
0.155669
0.185535
0.248113
0.499873
0.267974
0.199179
0.095741
0.216736
0.204875
0.157321
0.159127
0.275401
0.184727
0.310467
0.102640
0.386666
0.109029
0.419000
0.446300
0.559376
0.360088
0.337772
0.370281
0.201494
0.224187
0.183018
0.391727
0.357935
0.403638
0.347710
0.247245
0.267148
0.469521
0.232731
0.261963
0.192918
0.249105
0.253266
0.423505
0.420035
0.426086
0.490901
0.288908
0.202940
0.205865
0.281214
0.306434
0.194489
0.241525
0.319316
0.213362
0.224715
0.334718
0.365757
0.268394
0.213490
0.341038
0.424092
0.309501
0.283480
0.293653
0.260598
0.393490
0.231004
0.239446
0.251209
0.292416
0.507644
0.282057
0.536368
0.346249
0.319493
0.157831
0.290282
0.661455
0.623349
0.316576
0.185121
0.317834
0.261257
0.251768
0.305976
0.299540
0.265141
0.167475
0.476048
0.541632
0.342193
0.278574
0.304512
0.209358
0.187087
0.354455
0.596798
0.334451
0.202908
0.134137
0.367497
0.226306
0.322054
0.380489
0.311625
0.247961
0.233961
0.262614
0.241237
0.223141
0.239688
0.166293
0.184719
0.289873
0.550013
0.399441
0.500169
0.269126
0.137081
0.176424
0.224528
0.283283
0.070106
0.554739
0.208060
0.346806
0.626366
0.280759
0.303225
0.315616
0.460762
0.185796
0.140786
0.110349
0.079952
0.182690
0.144473
0.504366
0.851664
0.379832
0.463956
0.247209
0.280873
0.320952
0.177844
0.388437
0.271195
0.274497
0.302724
0.361329
0.196769
0.294323
0.347369
0.192969
0.384087
0.485388
0.360802
0.109724
0.165995
0.188714
0.277248
0.169533
0.126277
0.348040
0.196419
0.364253
0.295610
0.250979
0.406747
0.231336
0.313901
0.182020
0.182683
0.193077
0.567929
0.252948
0.282474
0.239787
0.330630
0.382954
0.440060
0.139028
0.257256
0.188066
0.160354
0.312062
0.154828
0.226371
0.202476
0.306177
0.373384
0.474855
0.606761
0.414557
0.315419
0.424839
0.292881
0.187049
0.247611
0.210236
0.295129
0.213965
0.302092
0.205033
0.218986
0.214034
0.134945
0.279203
0.400415
0.466736
0.421989
0.255667
0.228503
0.327359
0.111713
0.387090
0.309950
0.446411
0.193998
0.289977
0.396574
0.139034
0.302413
0.387462
0.269754
0.209107
0.124972
0.204825
0.113642
0.156291
0.285055
0.268256
0.250440
0.125793
0.226773
0.299736
0.324577
0.324431
0.360291
0.314682
0.160184
0.310169
0.204369
0.343481
0.350359
0.375060
0.258330
0.149158
0.179071
0.199811
0.288916
0.279947
0.408117
0.197455
0.344986
0.714062
0.655316
0.312895
0.330992
0.323230
0.250949
0.356985
0.282843
0.209405
0.415940
0.168505
0.130310
0.267655
0.151040
0.222044
0.162311
0.293218
0.259259
0.258520
0.343209
0.352330
0.377081
0.354942
0.239340
0.335087
0.438228
0.526891
0.812726
0.275000
0.332618
0.243384
0.280409
0.233123
0.257186
0.383362
0.281652
0.128884
0.232121
0.248561
0.306275
0.393904
0.346231
0.072972
0.273541
0.243018
0.137029
0.498714
0.460667
0.159485
0.178920
0.268232
0.308103
0.299752
0.216434
0.277673
0.157099
0.394344
0.225429
0.189374
0.123553
0.389930
0.418586
0.305862
0.185120
0.382697
0.400305
0.190026
0.197892
0.162541
0.172396
0.267104
0.316571
0.268998
0.143941
0.213474
0.351681
0.272185
0.272598
0.143326
0.242395
0.420800
0.352774
0.226360
0.306125
0.104577
0.291561
0.132598
0.261501
0.191033
0.184034
0.481692
0.307579
0.352051
0.398143
0.473559
0.413718
0.386891
0.316290
0.368174
0.321274
0.425972
0.410096
0.265061
0.249860
0.299758
0.300332
0.231038
0.276257
0.123612
0.260792
0.236106
0.170693
0.417121
0.191600
0.143102
0.187800
0.386507
0.208438
0.275415
0.378157
0.510883
0.401256
0.261720
0.139324
0.302443
0.354978
0.396048
0.238353
0.160443
0.590209
0.351270
0.449389
0.365379
0.188641
0.377069
0.245934
0.210169
0.426851
0.469523
0.266270
0.257502
0.389407
0.144453
0.476678
0.346466
0.199868
0.236722
0.148002
0.107351
0.284334
0.195457
0.412757
0.299329
0.330138
0.263445
0.267889
0.189097
0.366293
0.470351
0.468366
0.385034
0.147304
0.306471
0.624642
0.148641
0.429388
0.325779
0.244398
0.140463
0.513911
0.217444
0.258196
0.219201
0.334544
0.436328
0.167854
0.415028
0.341940
0.254269
0.319960
0.156115
0.197149
0.273964
0.222721
0.182439
0.249154
0.232675
0.192603
0.412329
0.464225
0.117711
0.269556
0.162261
0.365065
0.324505
0.346899
0.481423
0.451524
0.322481
0.282948
0.358844
0.436528
0.161919
0.223250
0.258009
0.293318
0.226424
0.171614
0.337259
0.207665
0.145335
0.140924
0.231358
0.350967
0.358775
0.588342
0.171041
0.312799
0.306368
0.589590
0.125436
0.268947
0.179075
0.207339
0.151034
0.272408
0.339545
0.300065
0.254834
0.211669
0.129465
0.188514
0.265339
0.401744
0.443697
0.216349
0.195266
0.323473
0.205727
0.260096
0.380516
0.145574
0.340872
0.335560
0.345322
0.175072
0.405776
0.404945
0.482395
0.300828
0.397872
0.209536
0.091026
0.129711
0.464321
0.331094
0.191046
0.372788
0.194663
0.337773
0.227874
0.316801
0.257901
0.236142
0.133367
0.440973
0.568902
0.476414
0.288407
0.104196
0.255339
0.338186
0.315010
0.288277
0.248157
0.257470
0.301100
0.305006
0.165627
0.546538
0.461064
0.421058
0.421332
0.173607
0.405753
0.181462
0.171493
0.400459
0.345830
0.261695
0.229334
0.125215
0.334809
0.391015
0.368619
0.247828
0.338891
0.197726
0.495730
0.644018
0.449443
0.471013
0.202314
0.184225
0.205304
0.267248
0.288616
0.425163
0.492209
0.468624
0.272630
0.221831
0.332407
0.270110
0.233431
0.189259
0.214024
0.167404
0.157179
0.377239
0.099449
0.162930
0.189921
0.314879
0.334602
0.236732
0.316281
0.243951
0.230152
0.176377
0.213019
0.173855
0.340276
0.168896
0.461911
0.281089
0.133681
0.356072
0.419163
0.167670
0.261000
0.222634
0.332601
0.415724
0.316892
0.384136
0.422605
0.183723
0.425055
0.367817
0.260164
0.290773
0.258870
0.362873
0.252332
0.324223
0.337283
0.341811
0.259084
0.330171
0.237677
0.159219
0.403654
0.323393
0.298923
0.207371
0.270492
0.381110
0.121698
0.532729
0.345061
0.165805
0.267370
0.399984
0.389786
0.316863
0.246195
0.210586
0.213661
0.166239
0.142357
0.442283
0.338335
0.254320
0.555986
0.399614
0.340746
0.294158
0.326780
0.340321
0.246778
0.343905
0.158071
0.256025
0.139109
0.403182
0.257234
0.339024
0.214684
0.368815
0.126706
0.316684
0.365777
0.276216
0.331005
0.193567
0.444131
0.253430
0.177164
0.245686
0.475471
0.521536
0.160473
0.456034
0.345816
0.318196
0.403182
0.337589
0.282171
0.493396
0.232426
0.553959
0.454111
0.191657
0.276081
0.188451
0.438819
0.380494
0.292124
0.187643
0.308740
0.231526
0.576069
0.288105
0.219659
0.346420
0.461693
0.568283
0.185546
0.442088
0.420859
0.315282
0.270066
0.137587
0.284221
0.172380
0.265837
0.201572
0.244108
0.169319
0.389507
0.316473
0.212145
0.169174
0.268505
0.109988
0.207978
0.453940
0.288873
0.440883
0.329616
0.411704
0.185564
0.119897
0.217291
0.153866
0.293890
0.178191
0.267632
0.289094
0.240981
0.208760
0.190285
0.119498
0.225455
0.168451
0.276065
0.174358
0.612436
0.373284
0.503088
0.291912
0.149867
0.367915
0.298585
0.202532
0.339277
0.200930
0.308099
0.213824
0.198805
0.436415
0.295306
0.100987
0.271066
0.184071
0.291060
0.249048
0.434778
0.238885
0.475718
0.372712
0.238898
0.219418
0.158175
0.087215
0.293733
0.427345
0.186271
0.266343
0.183719
0.156027
0.144873
0.366470
0.414838
0.352807
0.502711
0.365246
0.391384
0.280966
0.469036
0.411444
0.266872
0.238313
0.295272
0.285617
0.198211
0.267719
0.272723
0.274297
0.356246
0.426430
0.251255
0.298027
0.422272
0.208697
0.285883
0.206436
0.366106
0.221110
0.344752
0.136261
0.212833
0.203643
0.340164
0.397681
0.266743
0.225111
0.227519
0.203750
0.219275
0.163934
0.389904
0.263242
0.272777
0.300651
0.170879
0.303190
0.438359
0.276104
0.170215
0.133486
0.323244
0.220638
0.387324
0.249499
0.088972
0.313397
0.182551
0.143527
0.094690
0.360502
0.202047
0.262548
0.128749
0.203618
0.177746
0.314723
0.371284
0.207937
0.206521
0.302397
0.141819
0.224959
0.171032
0.209915
0.220852
0.135496
0.152572
0.351893
0.285876
0.278914
0.111702
0.210955
0.503350
0.649466
0.335942
0.335245
0.353681
0.422815
0.269431
0.495936
0.233268
0.280332
0.217915
0.519877
0.401879
0.588993
0.363830
0.306835
0.247370
0.448738
0.416471
0.266304
0.212555
0.398941
0.318763
0.350158
0.283260
0.143191
0.462064
0.242152
0.421027
0.334426
0.122698
0.513985
0.316862
0.242215
0.299651
0.402240
0.201305
0.217707
0.612801
0.353305
0.646666
0.419201
0.240803
0.275630
0.658637
0.350604
0.278599
0.198029
0.302780
0.451055
0.277276
0.502911
0.776436
0.672836
0.365535
0.238705
0.213023
0.289934
0.217312
0.183566
0.137373
0.221854
0.430911
0.257192
0.281494
0.217099
0.456092
0.221711
0.435117
0.390041
0.352766
0.297532
0.310778
0.204071
0.228666
0.165016
0.343157
0.199667
0.196890
0.256078
0.163579
0.208347
0.349102
0.129817
0.486693
0.346256
0.318076
0.188429
0.213277
0.353747
0.324488
0.186673
0.247368
0.493270
0.244296
0.271621
0.443508
0.193751
0.153674
0.269155
0.191189
0.173271
0.294840
0.410388
0.384441
0.314115
0.160572
0.602868
0.214795
0.416908
0.316262
0.494364
0.408038
0.193894
0.284500
0.279157
0.230055
0.286333
0.129410
0.228087
0.359042
0.172586
0.266128
0.273344
0.134981
0.504976
0.297232
0.220753
0.194662
0.390379
0.263603
0.296203
0.235651
0.209056
0.169429
0.297757
0.362586
0.552863
0.276357
0.211415
0.339224
0.252688
0.384527
0.225276
0.275769
0.274823
0.316788
0.303054
0.366446
0.304918
0.519646
0.397147
0.288725
0.287164
0.255962
0.076552
0.335284
0.505501
0.711758
0.402771
0.348586
0.217877
0.683948
0.361700
0.285626
0.347338
0.317017
0.198296
0.245274
0.200769
0.407518
0.273917
0.365298
0.282443
0.172940
0.236573
0.319477
0.165966
0.229535
0.286314
0.175524
0.203626
0.312754
0.259987
0.502827
0.389341
0.435226
0.274729
0.182981
0.134947
0.126962
0.327124
0.248226
0.174621
0.178911
0.268037
0.273597
0.496231
0.343790
0.641554
0.287564
0.511107
0.286388
0.425239
0.297778
0.365970
0.199438
0.341292
0.155307
0.448292
0.255338
0.378317
0.221842
0.272303
0.220800
0.100464
0.237776
0.219124
0.273034
0.189471
0.178118
0.193162
0.382948
0.329356
0.433518
0.328764
0.334620
0.294096
0.229894
0.520529
0.293371
0.118896
0.356245
0.324026
0.411112
0.265777
0.428501
0.320384
0.144503
0.320061
0.207284
0.262288
0.331040
0.065483
0.312436
0.147723
0.154473
0.419070
0.187197
0.259827
0.340544
0.244346
0.304883
0.228530
0.238165
0.269745
0.240031
0.188530
0.250665
0.269643
0.483433
0.465561
0.490248
0.417078
0.307769
0.292910
0.339121
0.231697
0.165057
0.250427
0.285552
0.290838
0.433410
0.213093
0.237606
0.321672
0.426441
0.301017
0.434245
0.149687
0.204585
0.355007
0.132447
0.141009
0.187712
0.190554
0.260289
0.205556
0.305506
0.290996
0.243461
0.356450
0.234072
0.200014
0.263078
0.226805
0.222406
0.132416
0.406600
0.520978
0.242677
0.246838
0.236463
0.288781
0.372687
0.275933
0.421907
0.293442
0.186252
0.223620
0.198527
0.318339
0.378406
0.249025
0.265124
0.230309
0.259414
0.316595
0.301586
0.212440
0.309350
0.230895
0.121600
0.274047
0.212688
0.313143
0.285739
0.310755
0.464231
0.487541
0.308921
0.470691
0.298297
0.130905
0.190096
0.198193
0.306312
0.434113
0.614584
0.266658
0.330318
0.358985
0.206727
0.246397
0.289766
0.353627
0.270896
0.287438
0.228808
0.196042
0.144170
0.235825
0.387375
0.426647
0.510968
0.398135
0.416254
0.130431
0.330929
0.309832
0.339920
0.436557
0.373436
0.152805
0.220250
0.389137
0.211824
0.308068
0.275677
0.191556
0.174826
0.329133
0.204072
0.135466
0.232334
0.132412
0.551816
0.325488
0.288046
0.324651
0.331147
0.204753
0.267240
0.302076
0.322311
0.278085
0.228992
0.417640
0.223256
0.212860
0.297735
0.241747
0.304605
0.256831
0.303961
0.375001
0.151645
0.251870
0.248598
0.155691
0.324518
0.203578
0.172056
0.273169
0.211413
0.207562
0.211007
0.384954
0.524458
0.187668
0.195050
0.332366
0.272105
0.251176
0.254895
0.176796
0.202343
0.215574
0.439408
0.335715
0.320666
0.305425
0.455374
0.290510
0.345429
0.292449
0.213112
0.185817
0.178343
0.463728
0.422908
0.392820
0.325608
0.478739
0.249752
0.380282
0.406757
0.260813
0.284404
0.293730
0.302109
0.400762
0.266346
0.426617
0.276569
0.252625
0.455509
0.355878
0.577664
0.274788
0.476116
0.463861
0.186175
0.365489
0.513124
0.175311
0.328790
0.202495
0.484857
0.412951
0.153327
0.284068
0.373056
0.176853
0.215791
0.240416
0.545914
0.389189
0.245909
0.342136
0.157232
0.331680
0.320507
0.206448
0.229680
0.210616
0.168153
0.269203
0.183754
0.148500
0.192832
0.255392
0.197154
0.271990
0.171427
0.327161
0.334878
0.203124
0.183415
0.163263
0.210155
0.192572
0.215953
0.133006
0.172208
0.464103
0.368935
0.331937
0.160849
0.191125
0.233302
0.293295
0.210621
0.295615
0.302950
0.281966
0.192920
0.253905
0.355327
0.241842
0.524192
0.498425
0.410067
0.268891
0.403377
0.296700
0.237516
0.385140
0.245230
0.452810
0.354535
0.307850
0.264229
0.383666
0.331214
0.217248
0.208196
0.145868
0.344524
0.234283
0.350002
0.183036
0.248776
0.270052
0.235775
0.387758
0.205957
0.490041
0.154651
0.289739
0.362780
0.151356
0.325431
0.145251
0.298530
0.265431
0.375673
0.238292
0.136658
0.437594
0.291570
0.623943
0.815695
0.254090
0.279321
0.333302
0.221566
0.316987
0.224462
0.259485
0.304886
0.240478
0.296061
0.224880
0.407638
0.570422
0.183073
0.248775
0.208919
0.158678
0.320146
0.235126
0.159602
0.315707
0.325584
0.318599
0.192168
0.180833
0.226335
0.260500
0.190525
0.157976
0.265868
0.344045
0.183737
0.389921
0.187341
0.190738
0.420839
0.208848
0.184132
0.402062
0.485292
0.360783
0.361395
0.088823
0.268074
0.261228
0.188555
0.122665
0.137144
0.182935
0.378691
0.153713
0.265132
0.212102
0.112662
0.165955
0.253323
0.151663
0.222237
0.238487
0.315748
0.203021
0.374591
0.445681
0.339221
0.464935
0.176237
0.277705
0.237735
0.255882
0.442191
0.414661
0.392974
0.236740
0.345437
0.268483
0.266195
0.179013
0.185188
0.281059
0.559496
0.256098
0.253761
0.361072
0.356674
0.298124
0.181710
0.212659
0.421822
0.301606
0.371357
0.283267
0.339273
0.431083
0.450194
0.377470
0.297712
0.382833
0.224472
0.367809
0.273984
0.253235
0.177983
0.239155
0.214435
0.126712
0.185143
0.293038
0.225273
0.166001
0.411269
0.554428
0.524868
0.222006
0.269137
0.313160
0.231035
0.243639
0.203652
0.343418
0.153894
0.194699
0.203287
0.230710
0.119698
0.408733
0.539029
0.470762
0.278638
0.148383
0.191599
0.210590
0.175681
0.209450
0.207241
0.283100
0.230620
0.348280
0.202832
0.281339
0.132185
0.232841
0.163768
0.293844
0.213528
0.302010
0.119263
0.118487
0.239361
0.361551
0.216992
0.317053
0.376254
0.675327
0.309201
0.150744
0.344965
0.123613
0.215918
0.223154
0.100317
0.289743
0.213252
0.203736
0.473108
0.423796
0.583011
0.388328
0.142819
0.120262
0.202128
0.223457
0.232586
0.199372
0.162370
0.140201
0.502380
0.265245
0.226929
0.317973
0.200643
0.404692
0.239434
0.197216
0.235043
0.453421
0.271965
0.504680
0.423222
0.270958
0.392066
0.316928
0.308857
0.321709
0.293533
0.310095
0.359380
0.332835
0.335154
0.135626
0.434134
0.203478
0.235271
0.363055
0.253232
0.329179
0.247440
0.269412
0.175875
0.177224
0.217928
0.137143
0.273437
0.256649
0.389092
0.157238
0.281262
0.282533
0.338409
0.313364
0.284808
0.170939
0.194673
0.615751
0.221224
0.479812
0.460670
0.382413
0.497099
0.134412
0.181029
0.136119
0.295940
0.479668
0.224976
0.310422
0.274990
0.209470
0.385499
0.209198
0.232280
0.257057
0.186867
0.237974
0.150569
0.188335
0.248393
0.361001
0.131630
0.527917
0.455495
0.245353
0.304818
0.267292
0.234464
0.291408
0.372813
0.213976
0.243102
0.367546
0.380951
0.212677
0.203077
0.107180
0.200731
0.255515
0.414949
0.301689
0.258899
0.578259
0.150030
0.192973
0.254297
0.198414
0.133660
0.118631
0.244690
0.199140
0.133220
0.258584
0.159254
0.597627
0.333697
0.394222
0.257490
0.356455
0.213275
0.288126
0.154407
0.163198
0.303822
0.353594
0.227073
0.291763
0.154236
0.179886
0.222834
0.387902
0.302016
0.234338
0.265844
0.158423
0.204836
0.229091
0.264453
0.236155
0.237208
0.225163
0.217727
0.496263
0.458819
0.215070
0.505452
0.268697
0.316984
0.261702
0.329393
0.399212
0.456936
0.266842
0.409157
0.389753
0.294665
0.353660
0.252293
0.262226
0.100266
0.302161
0.304864
0.194926
0.428587
0.297979
0.423624
0.426202
0.343645
0.225864
0.457453
0.180395
0.300669
0.269162
0.232218
0.252156
0.398300
0.413750
0.346597
0.402389
0.354941
0.284517
0.390584
0.175932
0.300601
0.341978
0.227531
0.324305
0.313768
0.118626
0.269876
0.155216
0.518012
0.432864
0.259554
0.502477
0.394947
0.199785
0.120504
0.268645
0.349310
0.517946
0.356767
0.139045
0.219707
0.143102
0.323642
0.341389
0.341249
0.483969
0.159950
0.265558
0.266579
0.337835
0.228553
0.189858
0.266123
0.277901
0.157797
0.140882
0.115169
0.162184
0.166777
0.272792
0.180247
0.320606
0.345044
0.092211
0.320976
0.248556
0.294545
0.357879
0.337723
0.218163
0.166359
0.144943
0.196699
0.207463
0.114082
0.344118
0.295164
0.279280
0.180585
0.236021
0.210111
0.159532
0.290052
0.267240
0.233608
0.510230
0.393903
0.449444
0.317358
0.209659
0.126136
0.446081
0.289306
0.471904
0.346805
0.267417
0.300052
0.226475
0.169634
0.299665
0.370070
0.273324
0.180643
0.202264
0.332005
0.273849
0.302005
0.231678
0.228024
0.294822
0.151416
0.334517
0.380457
0.288750
0.260108
0.207717
0.254137
0.324323
0.297767
0.298784
0.315314
0.320133
0.303631
0.217362
0.218557
0.337575
0.389851
0.225552
0.424453
0.584356
0.482586
0.254365
0.188689
0.327597
0.322215
0.416357
0.253341
0.276107
0.225847
0.259782
0.208842
0.258366
0.220206
0.299430
0.336719
0.502003
0.275323
0.309038
0.221827
0.361062
0.307055
0.222712
0.480985
0.189116
0.329737
0.253918
0.245903
0.238019
0.299331
0.286739
0.179031
0.171015
0.168858
0.307586
0.364591
0.375139
0.687293
0.806047
0.569810
0.377441
0.485024
0.490477
0.286634
0.231707
0.421970
0.194406
0.257829
0.401232
0.181774
0.317786
0.194896
0.183823
0.189228
0.363852
0.395023
0.313478
0.280717
0.181215
0.148120
0.317603
0.221990
0.243133
0.246539
0.357504
0.293267
0.241684
0.308608
0.042480
0.315504
0.255277
0.430816
0.136971
0.426028
0.415904
0.164160
0.232295
0.141451
0.373252
0.283301
0.259778
0.318694
0.350132
0.251528
0.391991
0.183781
0.137220
0.075488
0.205203
0.447640
0.289101
0.166608
0.195740
0.334136
0.209934
0.280796
0.228858
0.307849
0.176864
0.195233
0.078346
0.471945
0.574430
0.386876
0.328524
0.504215
0.394694
0.149472
0.298399
0.179274
0.121321
0.177706
0.368634
0.298229
0.405036
0.215845
0.158320
0.337562
0.321880
0.267851
0.182801
0.352389
0.267279
0.092381
0.132045
0.446398
0.144635
0.413074
0.307846
0.548559
0.273949
0.396545
0.303838
0.343904
0.242771
0.227347
0.310612
0.494793
0.218855
0.235508
0.177356
0.207481
0.277574
0.164946
0.291787
0.330766
0.219138
0.107376
0.542238
0.392117
0.601279
0.308037
0.219314
0.421965
0.426937
0.221076
0.369191
0.158710
0.293802
0.216058
0.479994
0.391400
0.251044
0.127326
0.184611
0.261971
0.253303
0.356113
0.307372
0.548456
0.291082
0.392338
0.275869
0.162537
0.297189
0.426304
0.248692
0.244359
0.262852
0.127461
0.164860
0.209402
0.263661
0.237334
0.192235
0.337000
0.242729
0.168090
0.291697
0.422970
0.434291
0.542856
0.342957
0.405924
0.282330
0.430245
0.210798
0.247574
0.262274
0.281410
0.180601
0.150663
0.361137
0.279690
0.261870
0.276248
0.224327
0.337210
0.330672
0.383842
0.198525
0.296781
0.469079
0.167583
0.267256
0.149047
0.254762
0.163756
0.318345
0.253714
0.220913
0.267854
0.131512
0.258619
0.255437
