2.316793
2.343405
2.325647
2.328261
2.309723
2.353486
2.276612
2.343371
2.369003
2.280425
2.328296
2.343461
2.344520
2.469889
2.426679
2.218829
2.301066
2.211497
2.350714
2.367498
2.497161
2.540314
2.142774
2.351933
2.453720
2.138867
2.415473
2.301353
2.139492
2.302020
2.193182
2.210262
2.149308
2.266089
2.406469
2.252570
1.945499
2.320294
2.016406
2.542987
2.018932
2.105778
2.251910
2.049264
1.928979
2.152012
1.978933
2.209161
2.134107
2.118627
2.357663
2.020749
2.390396
2.283886
2.366682
2.106514
1.948620
2.138689
1.980334
2.028626
1.825696
2.575990
2.202657
2.189762
2.244679
2.181868
1.829524
2.339987
1.953675
1.851373
1.946109
2.077673
2.057484
2.065384
2.512533
2.024068
2.409047
2.502054
2.249002
2.004196
2.258159
2.365395
2.457488
2.400107
2.144599
2.393082
1.988688
2.203299
2.154817
1.964776
2.017765
1.950330
2.244625
1.930390
2.385046
2.115088
2.051882
1.973876
2.336750
2.146501
2.333320
2.742576
2.175475
1.838920
2.095365
1.855413
2.156105
1.858389
1.720012
2.074740
2.283271
2.271925
2.320189
2.305528
1.914142
2.086882
1.721023
2.035114
2.128387
1.938159
2.252366
2.286977
1.997621
2.023420
2.100206
2.114892
2.339523
2.177164
2.177391
1.956858
2.117789
2.083553
1.933078
2.141060
2.386020
2.053421
2.488279
2.414544
2.154040
2.016559
1.936237
2.161155
1.910665
1.929808
2.065101
1.889865
2.221688
2.156263
2.193877
2.154593
2.069917
2.437825
2.121081
2.064944
2.301566
1.645360
2.263289
2.076851
1.832744
2.126426
3.474432
2.172918
2.335351
1.969597
2.186603
2.198690
2.034294
2.149354
1.875191
1.982281
2.210690
2.162182
1.930711
2.330935
1.921096
1.860504
2.264606
1.996354
2.267268
2.012550
2.178086
2.184396
2.713873
2.452649
2.074641
1.910421
2.229091
1.888484
2.055615
2.379223
2.220172
1.951615
2.198546
1.823628
1.949424
2.196080
2.165589
2.225385
2.232160
2.344061
2.278368
1.976865
1.998901
1.893373
2.296595
1.868982
2.078283
1.927827
1.817233
1.937940
2.147057
1.815204
1.854418
2.295032
2.274982
1.935787
1.963781
1.904988
1.770552
1.850119
1.872799
1.845223
2.012007
2.041619
2.045574
2.392096
2.092107
2.101234
2.169835
2.243372
1.861456
2.211919
2.145629
1.919961
2.030367
2.335967
2.299148
2.089633
2.157423
1.861841
1.989479
2.191427
1.947679
1.922943
1.892432
1.680770
2.013796
1.978847
1.897826
2.449199
1.982780
2.129591
2.037220
2.243994
1.982356
1.855402
2.048639
2.072864
2.178587
1.802949
2.000403
2.166444
1.765659
2.076495
2.063669
2.157055
2.021713
2.095282
2.024453
1.953031
2.367432
2.193420
2.268497
2.415602
2.189102
1.801065
2.515543
2.903393
2.600486
2.061358
2.251880
2.105349
2.049936
2.108091
1.788460
1.764879
2.166914
2.519382
2.191326
2.492855
2.181577
1.789297
1.910808
1.858586
2.329423
1.913519
1.638011
2.274018
2.130033
2.084046
1.709006
2.086096
1.987442
1.999274
2.450494
1.918905
2.047671
2.050162
2.018761
2.455080
2.265766
1.936498
2.016123
1.986894
1.698485
2.038886
2.055526
2.218090
2.333088
2.131832
1.925898
1.992871
2.305560
2.118455
2.326120
2.438691
2.018517
2.009626
2.010272
1.947177
2.150063
1.986126
2.240032
1.913986
2.278046
2.352918
2.204256
2.111551
1.948975
1.965548
1.559705
1.991749
2.063523
2.387270
2.423802
2.098829
2.402345
2.167686
1.943260
2.149332
2.091058
2.224251
2.247225
1.840159
2.364297
2.566324
2.182899
2.560780
2.236983
1.674764
1.797243
2.034262
1.820157
1.883472
2.331164
1.841948
1.797425
2.055620
2.196896
2.182416
2.097847
1.984669
2.251494
1.862942
2.661390
2.159358
2.626402
1.963694
2.283015
1.859952
2.153801
1.704936
1.841539
2.128056
2.307836
2.040604
2.617690
2.316531
2.028546
2.354701
2.309599
2.112243
1.784892
1.883238
1.852775
1.674873
1.840539
1.999309
2.529377
1.900973
1.992271
2.003754
2.221418
1.870274
2.374886
1.824466
1.820719
1.712035
1.989162
2.373291
2.831563
1.721364
2.185012
1.939273
1.664093
2.083642
2.295719
1.553235
1.979118
1.817555
2.084733
2.000782
1.789593
1.898496
1.898589
2.286040
1.875121
1.846038
1.904326
1.815416
2.324276
2.084478
1.807418
2.040216
2.128230
2.313597
1.941611
2.254950
2.304164
1.739794
2.432706
1.912515
2.764450
2.325916
2.193234
2.114592
1.846200
1.912517
1.888717
2.386420
1.594035
2.102030
2.130479
1.712108
1.852448
2.113518
2.948538
2.236937
2.070049
1.912046
1.789796
1.887254
2.241083
2.160937
1.974784
2.044023
1.784653
2.728447
2.456228
1.945441
2.046288
2.428999
1.913840
2.099168
2.256444
2.145953
2.411866
2.072700
1.674988
1.816768
2.267673
1.793506
2.050456
2.239881
1.994289
1.798589
1.541698
2.203347
2.012797
2.011653
2.011997
1.819922
1.997743
2.073839
2.073046
2.191440
1.853208
2.279214
2.030450
1.894369
2.343290
2.221638
1.695076
1.784906
2.393271
2.519684
2.199346
1.634386
1.923974
1.792828
1.860740
1.909438
2.177371
2.085186
1.781725
1.719112
2.205222
1.772534
1.737553
2.194201
2.321645
2.157035
2.614368
2.554376
2.191221
1.939046
1.862290
2.133345
2.213038
1.835683
1.737156
2.326598
1.861541
2.007911
2.177022
2.235080
1.952438
2.450068
1.784918
1.889602
1.942501
1.658324
1.742710
1.754317
1.899428
2.169498
2.129815
2.260698
2.023766
2.120456
2.226376
1.991340
1.880648
1.871367
1.935972
1.670047
2.301924
1.932973
1.733711
1.838224
2.020126
2.434573
2.234129
2.502453
2.009134
2.282109
1.739002
1.722793
1.959291
2.159224
2.163077
1.905363
2.053854
2.197797
1.879281
1.988420
2.060583
2.077914
1.860602
1.950678
2.119311
2.410336
2.374576
2.812685
1.911676
2.073615
1.745510
1.540677
2.326189
2.228312
1.894180
2.307476
2.427031
2.261836
2.215038
2.161123
2.157770
2.138383
2.115635
2.082865
2.130344
1.861756
2.067619
1.881617
1.998565
2.103317
2.429304
1.886954
1.990325
2.072763
1.966406
2.109661
2.467594
2.154658
1.924954
2.266609
1.874798
1.573453
1.942500
2.122476
2.311254
2.155329
1.905335
2.107164
2.346126
2.154256
1.682043
1.895766
2.037493
2.286069
1.949595
2.376718
2.282423
1.875798
1.642759
1.949056
2.246689
1.983544
2.042710
1.909266
2.136272
1.855184
1.567722
1.539192
1.958876
2.579357
2.157521
2.075874
2.209852
1.918258
2.293827
2.165099
2.165471
2.217485
2.209210
2.087261
2.314039
1.857097
1.648739
1.841071
2.295568
2.248180
1.707048
2.071505
2.073547
2.378334
2.322565
2.498363
1.954758
1.766776
1.965983
1.654311
1.928737
2.203386
2.280751
2.200041
2.018041
1.856774
2.196122
1.908183
1.744928
2.160328
2.320971
2.125090
2.316310
1.997146
2.290212
1.634956
1.960479
1.827676
2.589333
1.964605
1.982173
1.880892
1.927176
2.151475
3.464748
2.109267
2.265779
1.707439
2.042140
2.074169
1.916922
1.869289
2.033531
2.074375
2.883323
2.028786
1.976783
1.847395
2.092018
2.020108
1.539203
1.902283
1.960061
1.940092
2.104065
2.321592
2.726345
2.073849
1.804522
2.397063
2.022108
2.202458
1.769660
1.990517
2.189691
1.860796
1.922512
2.322051
1.938249
2.137001
1.899422
2.289212
1.957980
1.919035
1.874258
2.033578
1.604625
2.099735
2.242903
1.957050
1.623409
1.751511
1.313503
1.737213
2.492854
2.335961
2.085824
2.169904
1.865486
2.677517
1.853898
2.008463
2.079459
1.816206
2.467013
1.865233
2.157542
1.711004
1.732015
1.529632
2.592791
1.747855
1.714820
1.659559
1.856949
1.918496
1.737636
2.064651
2.605887
2.326965
2.277114
2.101181
1.883598
1.481890
2.591994
2.006398
1.774709
2.065054
2.260650
2.638621
2.126292
2.413851
1.866272
1.949695
2.494057
1.584709
1.837175
1.824675
1.866065
1.855976
2.014533
1.890307
1.875478
2.098022
2.735445
2.022352
2.342752
1.760237
2.170410
2.192279
2.648697
1.875035
2.498924
2.122530
1.807697
1.972936
1.642675
1.683411
1.967597
2.007164
1.788924
2.615739
2.011533
1.842574
2.015626
1.597559
1.775747
2.003314
1.906926
2.271826
2.036436
1.724420
1.831881
1.995513
1.611578
2.220909
1.945081
1.999173
1.863624
2.060968
1.693444
2.091417
2.083651
1.944160
2.274774
2.016848
2.354021
2.278525
1.758637
1.979139
2.044387
2.114733
2.027853
1.802581
2.474072
2.033036
2.918808
2.203844
1.790411
2.712693
1.816024
2.067523
2.132583
1.943138
1.914525
1.737807
1.839868
1.859824
1.872399
2.062289
2.463839
1.779557
1.442293
1.620181
1.722909
1.900583
2.390200
1.913066
1.887256
1.971381
1.828583
2.307847
1.737219
2.249851
2.221035
1.958919
1.892087
1.743661
1.834196
2.064764
2.265646
1.749120
1.919205
1.698236
1.956034
1.954334
2.430793
2.281581
2.487312
1.782378
2.325544
1.883631
2.231739
1.653246
2.008077
2.131898
1.851218
1.996551
2.211689
1.884495
2.245603
2.132725
1.801906
1.919147
1.905708
1.871912
2.101530
1.766863
1.890239
1.642285
1.828792
2.095661
2.218997
1.920604
1.897067
1.697449
1.795750
2.033256
2.332409
1.947613
2.013508
2.534740
1.922474
2.091110
2.859568
2.030727
1.782817
2.163862
1.895051
2.237990
2.079834
1.715443
2.097516
1.918518
2.056472
1.942519
2.111835
2.031948
2.204877
1.883512
2.106865
1.955513
1.803553
1.943898
2.142990
2.018409
1.612878
1.889499
1.673123
2.115809
2.345253
2.150725
1.793131
1.676666
2.265786
2.037603
1.855310
2.257101
1.960773
1.942951
2.087729
2.170293
2.000632
1.869244
1.861850
1.566698
2.091400
2.176788
1.744649
2.277479
2.084992
1.581127
2.372089
1.824682
1.845808
2.344551
1.699295
1.867357
2.207696
1.874651
2.020167
1.947324
1.605717
1.998967
2.170983
1.943511
1.805516
1.627085
2.069589
2.055889
1.908921
1.486772
2.721970
2.038965
2.152221
1.801035
1.789465
1.364930
1.730355
2.019450
2.027627
1.978002
1.980631
1.800939
2.080553
2.190484
1.973519
1.893692
1.893229
2.136884
1.875217
2.148689
2.434760
2.592649
1.613502
2.162310
2.107692
2.068110
2.865186
1.813311
1.846901
1.780492
1.590121
1.792885
1.730373
1.938209
1.887852
2.348265
1.958082
2.171112
1.826966
1.659018
1.774061
2.540040
2.432782
2.432959
2.063733
1.955406
2.087279
1.991725
2.624818
1.989380
2.372320
2.416410
1.694570
1.737346
2.100904
1.848675
1.856715
1.963434
2.197265
1.856807
1.635476
2.036390
2.211271
1.776534
2.316373
2.010311
2.030988
1.683288
1.996375
2.032666
2.186909
1.448160
2.686979
3.374325
2.749962
2.113435
2.497405
2.028699
2.008397
1.836275
1.780504
1.957114
1.981155
2.237704
2.270708
1.809254
1.764004
2.117465
1.817972
1.783055
1.673285
1.979202
1.801105
2.010349
1.571410
1.722790
1.804952
1.951787
1.952778
1.797811
2.071048
2.199095
2.114558
1.817849
1.916018
1.725092
2.013615
2.167442
2.002926
2.126763
1.658548
2.099947
2.322217
2.206906
1.970202
1.905155
1.732853
1.948830
1.730972
2.110957
2.474262
2.099210
1.510547
1.586216
2.422482
1.869267
1.892344
2.358252
2.320724
2.043237
1.893098
1.799319
1.511671
2.041022
1.965288
1.999485
1.919671
1.748619
2.313252
2.145846
1.688059
1.829108
1.763499
1.782662
2.093165
1.870609
1.835004
1.753911
2.118582
2.118982
2.041290
1.906417
1.981843
1.733515
2.168715
2.136340
1.906942
1.801214
2.506184
1.902489
1.964696
1.768693
2.005466
1.990561
1.812282
1.783773
1.955107
1.718821
2.458936
2.137694
1.877588
1.635263
1.903697
2.194606
1.884273
2.193300
1.888218
2.310356
2.262654
1.890683
1.694920
1.795673
2.028580
1.936663
2.018074
2.370925
2.354441
1.809340
1.556944
1.811135
1.911698
2.174417
2.089908
1.933402
1.763059
2.114038
2.144894
2.086852
2.011699
2.450052
1.772361
2.004688
2.149871
2.396817
2.422928
2.340727
1.741503
1.732008
2.051846
2.189412
1.799862
1.893345
1.823544
1.715690
1.831447
2.021955
3.150646
2.258219
1.763629
1.800140
2.089159
2.105687
2.275165
2.152407
1.937995
2.177778
1.884336
1.724617
1.940640
1.998148
1.965330
1.832224
2.014107
1.958247
1.836173
1.993432
1.841158
2.138828
2.043774
1.861037
1.870310
2.202948
2.232844
1.828954
1.683828
1.872377
2.411097
2.051477
1.600599
2.098374
1.962827
1.713619
2.043623
2.246444
1.554964
1.640594
2.374724
2.036895
2.196470
1.958774
1.770050
1.738820
1.766259
2.392801
1.840168
3.899719
2.316645
2.332246
2.121816
2.151842
1.938324
2.166824
1.910471
2.837093
2.053956
1.769375
2.193054
2.562325
1.753397
2.122317
1.798738
1.776974
1.909137
2.090663
1.974159
2.037456
2.547515
2.362009
2.337441
1.711455
2.045037
2.196564
2.004127
1.853954
1.972365
2.067325
3.358852
2.947309
2.324099
2.278754
2.205256
2.363809
1.958464
2.464076
1.729527
1.955603
1.599244
1.958908
1.915570
1.957225
2.203835
1.821641
1.944714
1.908754
1.798072
2.042324
2.484745
1.869456
1.842711
1.802208
1.700983
2.113182
2.496727
2.237065
1.868674
1.876498
1.789976
2.531029
1.814625
1.822022
1.758598
1.901850
1.894349
1.675401
1.829949
1.942059
1.682398
2.006920
2.326194
2.027043
1.931647
1.549260
1.827470
2.106745
1.865519
2.405385
2.082522
1.697345
1.869594
1.679507
2.085984
1.664022
1.694867
1.415176
1.919375
1.968572
2.075683
2.051715
1.660763
2.184343
2.284020
1.482484
1.813651
1.920620
2.079618
2.402346
1.958524
1.712142
1.804066
2.228021
1.652144
1.893835
2.082846
2.082397
1.931746
1.508622
2.274625
1.682140
1.989960
2.112204
1.726639
1.856508
2.104676
1.872357
2.726374
1.987091
2.018462
1.798575
1.500726
2.015774
1.779603
2.005146
2.138415
2.457374
1.929190
2.043729
2.198400
2.058744
2.266761
1.608421
1.659124
2.955542
1.757630
1.554317
2.168840
2.203678
1.850107
2.197564
1.796685
1.689160
2.164810
1.769115
2.130812
2.015347
1.681162
1.663782
1.812850
2.222795
2.042444
2.112702
2.148795
1.765127
1.840156
1.703760
2.213050
1.965864
2.105796
2.065878
1.740556
2.171652
1.953691
2.506965
1.789248
2.253311
2.142853
2.293378
2.341450
1.968040
1.621436
1.737937
2.186104
1.968340
2.028592
2.407677
2.081805
2.024773
2.029182
1.796508
1.877266
1.936795
1.890706
1.734341
2.159587
1.657030
1.885461
1.999055
1.863817
2.069139
1.800458
2.225428
2.228393
2.096223
1.676557
1.743429
2.013440
2.364501
2.652357
2.399617
2.298252
2.053983
1.982151
2.073234
1.804837
2.168376
1.972070
1.950630
1.968421
1.760634
2.013322
2.013404
2.142025
1.849018
2.587254
2.056581
2.145400
2.099003
2.161833
2.499924
2.338704
2.161558
2.008768
1.839895
2.367189
2.057994
1.961840
2.182225
2.437991
1.852949
2.045910
1.911618
2.066097
1.911116
1.580039
2.104889
2.093779
2.349263
2.177038
2.121509
2.161046
2.103430
2.002279
1.723340
1.969172
1.871787
1.755517
1.975138
1.842743
2.050396
2.176931
2.062103
2.007577
1.633413
1.831903
1.980257
1.545787
2.010195
2.223881
1.978444
1.925301
1.793454
2.013464
2.535005
2.111441
1.990626
1.559678
1.996107
1.877913
2.460888
2.532654
1.967077
2.012163
2.115256
2.038519
1.897756
1.616084
2.126167
2.128953
1.787039
1.649152
2.095303
2.551343
2.080022
1.939980
1.835851
1.870181
1.757752
1.792723
2.541379
2.184925
2.036118
1.647423
1.869935
2.048287
1.629440
2.312798
1.800203
2.016297
2.364715
1.932083
2.497947
1.829852
2.271608
2.216132
1.830430
2.019112
2.756052
1.730973
1.959376
1.794149
1.948166
1.681034
1.738842
1.780789
1.967226
2.071742
1.763631
2.041498
1.803289
1.902146
2.428728
2.182896
2.019010
1.990145
2.086901
1.754534
1.888221
1.596128
1.888920
1.605470
2.600837
2.530567
1.495746
1.799454
1.997186
1.703619
1.708983
2.135348
2.181948
1.832307
1.948844
1.871401
2.015293
1.971040
1.920589
1.742477
2.000106
2.464112
1.815514
1.778082
1.835448
1.771770
1.694208
2.060405
1.945760
1.765767
1.742198
1.637383
1.776805
1.917309
2.355791
2.247561
1.718486
1.780709
1.853592
1.983567
1.652115
1.952676
1.902113
1.701803
1.947926
2.826170
1.859313
2.106666
2.302753
1.992062
1.831849
1.952225
2.273233
2.396393
1.998855
1.697583
1.817878
2.181136
1.846473
2.142081
2.186585
1.896278
1.754988
1.756626
1.826021
2.069063
1.902124
1.931774
1.464929
3.034239
2.363099
2.183522
1.995717
2.224538
1.820571
1.999786
1.677129
2.011242
2.191159
2.251819
1.839352
2.430021
1.737591
2.014632
1.589478
1.841580
2.389377
1.562512
1.742683
2.355179
1.716452
2.281598
1.777786
1.873194
1.828074
2.742596
2.208271
2.252072
1.509600
2.101583
1.657531
2.445960
2.400631
2.197084
1.914628
1.861776
2.030665
1.778251
2.154417
1.557699
2.536823
2.036248
2.077209
2.109656
2.545553
3.399523
2.558354
2.157374
2.145864
1.841847
2.119279
1.936888
2.006874
1.890261
2.183003
1.804919
1.872659
2.140771
1.911608
1.642901
1.770717
1.561834
2.042727
2.786223
2.076395
1.809000
1.694302
1.793174
1.763212
2.330544
2.379279
2.165053
1.599860
2.622777
2.242484
1.927780
1.621790
1.532689
1.952109
1.799978
2.572440
1.938089
1.797695
1.672133
1.833943
1.937605
2.134467
1.907432
1.935135
2.030165
2.080800
2.075045
2.126391
2.067864
1.667009
2.232823
2.333551
2.378177
1.927092
1.800345
1.812899
1.729097
1.826599
1.992253
1.304837
2.014736
1.561542
1.538222
2.045359
2.272060
2.128241
1.759990
1.961823
1.585903
1.457977
1.849155
3.256321
1.870533
1.950573
1.750864
1.835921
1.842697
1.805681
1.595096
1.979045
2.021612
2.118851
2.360535
1.942726
2.037397
1.517243
1.647081
2.859980
1.998676
1.715358
1.927390
1.803599
1.854159
2.117277
2.346019
2.075093
2.004548
1.963602
1.798666
1.867004
2.106674
2.109220
2.192601
1.855035
2.083556
2.040228
1.775887
1.727013
1.767805
2.024309
2.546499
1.759990
1.479134
2.160818
1.919727
2.562213
1.458597
2.381127
3.738316
2.158061
2.112795
2.064290
1.897011
1.625203
2.164204
2.944309
2.925788
2.359130
2.053712
2.125288
2.157713
1.589775
1.711647
2.131547
1.727804
1.845329
2.010505
3.183121
2.111638
2.146595
1.745696
2.094557
1.958909
1.999340
1.945246
1.699355
2.066359
1.749976
1.852152
2.341515
2.055316
1.796928
2.179700
2.187740
1.665801
1.674843
2.113824
1.923050
1.651365
2.639709
2.066142
2.039499
2.065733
1.848877
1.869117
2.088171
2.141046
2.432977
2.354129
2.079032
1.782501
1.979924
1.490456
1.828646
1.822425
2.238917
1.994881
2.141379
1.642188
3.179431
1.851901
2.014707
1.548387
1.891601
1.716451
1.723749
1.835654
2.151156
2.144787
1.932697
2.035147
1.723446
1.683180
1.661593
3.257418
1.904929
2.134307
2.021609
1.956789
1.994319
2.399038
2.619546
2.204431
1.775098
1.775686
2.074730
1.577727
1.903232
2.499104
2.057968
2.094213
1.976282
2.055305
2.066583
1.879737
1.835945
1.659516
2.308715
2.211869
1.960643
2.056905
1.773034
1.821053
1.722663
1.679281
1.852470
2.295262
1.971894
2.130146
1.841153
1.939615
1.750253
1.566956
1.331674
2.436000
1.766780
2.481759
2.453765
2.394728
2.353709
2.003243
2.138066
2.140499
1.885529
1.857386
1.783782
2.058831
1.722168
2.274843
1.704413
1.976848
2.099163
1.779714
2.064890
2.050469
2.150542
1.751258
1.977147
2.196025
1.909870
2.208180
1.723483
1.961087
2.083780
1.588973
1.506209
1.754691
1.661534
1.731881
2.151848
1.767473
2.245784
2.355926
1.918786
2.182845
2.173745
1.533373
1.787202
1.546632
2.030657
1.831409
2.144040
2.430005
2.056694
2.356671
1.831595
1.881933
1.761516
1.966641
1.954753
2.161808
1.969142
2.205705
2.200940
2.011826
2.199259
1.770075
1.921832
1.875287
1.813664
2.199441
2.230556
2.233304
2.221183
1.929787
1.779544
1.968310
1.701755
1.430742
1.658065
1.399233
1.931567
1.832034
2.066424
2.213632
2.418683
1.766766
1.840809
1.550804
2.053361
1.927317
1.950334
2.260202
1.987998
1.685292
2.225146
2.522001
2.134366
1.999280
2.142867
2.033864
1.954161
1.873342
1.925440
1.666489
1.678163
4.128261
2.449658
2.310827
2.126350
2.077931
1.848407
1.894644
1.903540
1.972508
1.993714
1.897433
2.008347
1.927280
1.855726
1.582084
1.680853
1.892858
1.921472
1.648371
1.874350
2.020921
2.245709
1.996362
1.529315
1.557392
2.390032
1.751740
1.973308
2.051671
1.837744
2.142553
1.960052
1.765232
1.637088
2.276509
1.837747
2.119591
2.010630
1.807438
2.179887
1.840955
2.034939
1.843213
1.868306
2.353306
1.784582
2.080116
1.990734
2.138144
1.955669
1.841092
1.717467
2.422724
2.105962
1.703417
1.934181
1.586175
2.055664
1.887141
2.477451
1.905407
2.079211
2.088267
2.111236
1.770049
1.922832
1.834575
2.016174
1.742486
1.537763
2.210322
1.937534
2.040663
2.502776
1.983049
2.220389
1.848395
2.280856
1.945973
1.999406
2.167195
1.594146
1.554745
1.837877
1.464976
2.271397
2.880405
2.290398
1.872397
1.651564
1.910700
1.748576
2.220633
2.109546
2.350966
1.850504
1.717758
1.403089
2.431236
2.351975
1.820233
2.013069
2.045889
1.713463
1.815141
2.018492
1.925086
1.960484
1.857434
1.634485
2.518339
2.000139
1.685120
1.889359
1.996586
2.012681
1.323065
1.984617
1.711390
1.986573
1.473580
1.733551
1.726152
2.212219
2.376935
1.946360
1.934775
2.150673
1.637406
2.354881
1.748386
1.713847
1.940004
1.760571
2.364115
1.859686
1.740989
2.803264
2.448773
2.245705
2.283502
1.999541
1.824890
1.936471
2.605438
2.044756
1.772482
1.885121
2.160394
1.714870
1.581848
1.786274
1.727568
2.749991
1.620107
1.801268
1.693628
1.729227
1.546909
1.964586
2.036069
2.070914
1.811407
1.628563
1.985655
1.805031
1.620962
2.113722
3.379229
2.191062
2.006241
1.905651
1.854175
1.545816
1.558032
2.121268
2.328987
1.875700
2.177072
2.266943
1.739942
1.714363
1.695470
2.368030
1.730892
1.699914
1.812612
1.859715
2.279997
1.898048
2.055904
2.453115
1.943360
1.766981
2.294907
2.361841
1.957183
2.000660
2.429852
2.536231
2.061827
2.311379
1.825253
2.002472
1.961629
1.963632
2.176471
2.094256
2.290546
2.240933
2.095255
1.870601
1.559653
2.189628
1.981159
1.972467
1.509385
2.016856
1.954699
2.173806
2.016707
1.402304
2.750159
1.732677
1.908649
1.827448
1.681699
1.795293
1.896744
1.655465
2.621125
1.601401
1.670446
1.595302
1.628697
1.381344
1.662858
1.742740
1.720969
1.625252
2.234850
1.810885
2.008690
1.551760
2.339708
3.304718
2.525371
1.998443
1.765182
1.783721
1.991123
1.962958
2.119166
1.714082
2.015995
2.413145
2.406523
2.215601
1.969027
1.844513
2.523029
1.816353
1.882841
1.841902
2.185967
1.818602
2.015516
1.821946
1.769675
2.001709
1.799908
1.883105
2.012905
2.120253
2.081927
1.595708
1.716007
1.971707
2.606300
1.792748
2.111293
2.036253
1.840211
1.632950
2.200126
1.632120
2.041502
2.027458
1.692984
2.086555
1.760476
2.344894
1.829156
1.803722
1.994737
1.972061
1.791659
1.957729
2.645473
1.939868
1.851511
1.927098
2.096533
1.991588
2.428440
2.119410
1.693110
1.698893
2.117002
1.742914
2.180851
2.132818
2.073470
1.620038
1.708401
1.717132
2.299999
2.159925
1.812413
2.166438
1.911485
2.383861
1.794400
1.513793
1.766740
1.843391
1.738411
1.869637
1.476643
1.715832
1.681421
2.032647
1.902857
1.481791
1.747891
1.968947
1.801783
1.910081
2.256665
1.643563
2.831548
1.781315
1.568543
2.128356
1.666522
1.975192
2.136598
2.005807
1.936125
1.493042
1.847413
1.947675
1.787758
2.467362
1.691751
1.768189
2.168147
1.777297
1.443945
2.161574
2.129839
1.743118
1.694096
1.814880
2.130502
1.611929
1.904521
1.896417
2.036230
1.330603
2.314911
2.253994
1.917475
2.100824
2.027741
1.651635
1.661054
1.839558
1.642689
2.061370
2.514900
2.028509
1.938950
1.655270
1.746951
1.754543
1.837486
2.610987
1.602486
2.339548
2.135724
1.681042
1.878073
1.318922
2.863781
1.712702
1.909837
1.771593
2.028941
2.149851
2.735690
1.710652
1.884422
2.032222
1.715177
2.091289
1.791176
1.964372
2.147544
2.133398
2.039636
1.670466
2.054617
2.048937
1.774246
1.703780
1.697944
1.339515
2.772512
2.122470
1.731564
1.721197
1.810988
1.946030
2.385703
2.385120
1.719772
2.094312
1.905435
2.148218
1.420761
1.870355
1.735988
2.334348
2.002391
1.554638
2.184257
1.627095
1.971944
2.648193
1.787924
1.884315
1.952063
1.830404
2.071934
2.263464
2.095503
1.806097
2.054364
2.131593
2.333048
1.680015
1.987586
1.769123
3.354035
2.068223
1.947384
1.925049
2.016954
1.740073
1.796955
1.819495
1.911904
2.659322
2.051677
2.074194
1.812510
1.895270
1.708358
2.023881
1.835322
1.842022
2.000006
1.997443
2.027787
2.050347
2.465844
2.110456
1.797394
2.014421
2.521393
1.801504
1.964833
2.022791
1.797550
1.624521
1.972648
1.888851
2.556749
1.943757
2.057977
2.736319
2.120130
2.162846
2.136922
1.900058
1.724803
1.808334
1.598724
1.923474
2.691393
2.222605
1.929752
1.746657
1.589335
2.054909
2.064486
1.747465
3.558006
1.937059
2.285552
2.443785
1.855695
2.120614
2.773511
1.848690
2.162648
1.777289
2.055408
1.907018
2.036276
1.870433
2.001945
1.998953
1.688583
1.837014
1.797907
2.018496
2.282094
2.137359
1.616532
1.964309
1.853788
1.983606
2.182088
3.383830
2.098941
1.965977
1.929428
1.806017
2.081016
1.878914
2.211241
2.049636
1.764685
1.976996
1.745812
2.249943
1.889436
2.351689
2.008543
1.883522
2.088407
1.778146
1.800546
2.309477
1.696948
1.693144
1.991938
2.268196
2.029129
2.098385
2.066990
2.936862
3.103218
2.268965
1.816313
1.959943
1.722085
1.933017
1.835418
1.761932
1.773529
1.853204
1.799786
1.697814
1.691163
1.909085
1.787969
2.030438
2.199856
1.652463
1.864707
1.847643
2.120674
1.801766
1.734375
1.732453
1.862988
1.946550
2.296352
1.848850
1.980328
2.287999
2.343015
1.890956
1.717598
1.551893
1.698985
1.900977
2.195521
1.921159
1.897361
1.865934
1.710849
2.134386
1.620097
2.137786
2.074247
1.596385
2.058791
2.333479
2.553412
1.888442
2.166001
2.217032
1.866268
1.651111
2.087296
2.481454
1.835058
2.404753
1.791584
1.999710
1.905686
2.052472
2.153913
1.708794
2.103508
2.044544
2.131337
1.890531
1.715062
2.001550
2.407236
1.696999
1.585770
1.870004
2.009424
2.588916
1.890804
1.704344
2.144981
1.830962
1.896618
1.821520
1.727532
2.008475
2.143575
2.616906
2.336941
1.670900
2.603082
2.274672
1.886727
2.198912
1.751738
2.043484
1.931795
1.750462
1.906588
2.172132
2.019312
1.795561
2.056038
1.918745
1.759380
1.601029
1.767847
1.875383
2.117187
1.607011
2.351861
2.057538
2.132728
1.843068
1.568907
2.012763
2.190807
1.581782
1.883427
2.329794
2.174267
1.791997
2.164689
2.029867
2.074250
2.084872
2.202482
2.038791
1.932660
1.920250
2.267779
1.758977
1.748030
1.946050
1.819315
2.197594
1.753645
1.592078
1.887652
2.046139
1.824678
1.750294
1.750796
2.007088
1.722691
1.655199
1.781434
1.585007
1.810361
2.561016
2.339550
2.248759
1.682534
1.729867
1.619420
1.845317
2.118179
1.985386
2.052945
2.051862
1.952838
2.033769
1.480706
1.927223
1.558344
2.599958
2.143529
2.155690
1.644495
1.596815
2.119852
2.058696
1.682665
1.843489
2.083355
1.765340
1.700015
1.869975
1.952673
1.791287
1.881825
1.900959
1.988274
2.100484
1.571269
1.590787
2.524506
1.495571
1.801453
2.221060
1.890836
1.849108
1.514720
1.364043
2.011055
2.065958
2.161986
2.184171
2.160580
1.571440
1.904262
1.448195
1.882510
2.383305
2.168813
1.935097
1.899530
1.742851
1.744232
2.398467
1.754387
1.924721
1.783033
1.765203
2.061891
2.168744
1.767230
1.777612
1.967137
2.334662
2.156894
1.550893
1.758099
1.717684
1.845526
1.882159
1.990288
1.701049
1.817778
1.933258
1.491973
2.551807
1.763019
1.728124
2.930604
1.852578
1.953495
2.036163
1.770177
2.182033
1.899182
1.811270
1.875521
1.818259
1.986188
1.495902
1.848351
1.618371
2.553962
1.809426
2.061163
1.992772
1.752714
2.225543
2.095167
1.799763
1.597439
1.819655
1.760676
1.975488
2.022990
1.763996
1.918748
2.178646
2.286430
1.838867
1.759023
1.699263
1.839857
1.597562
1.959792
2.116939
1.865074
2.070242
1.762688
1.816020
1.515268
2.101098
1.553799
1.864788
1.832906
1.934958
1.929823
2.071136
2.189993
1.618098
2.388784
1.675695
1.994349
1.681214
1.762223
1.916265
2.534627
1.596350
2.110916
1.814466
2.389946
1.819183
1.511370
2.198636
2.754539
1.274335
1.828636
2.494022
1.994021
1.877072
2.053847
1.899543
2.269811
1.699777
2.427288
2.115940
1.428371
2.151248
1.936681
1.512559
1.802116
1.698750
1.655107
1.897247
2.678042
2.449924
2.252702
1.943541
1.961823
1.849247
1.772532
1.874770
2.468246
1.953452
1.775797
2.289605
2.002405
1.876805
1.689152
2.042573
2.375558
1.665341
1.961774
1.878927
1.823159
1.766081
1.940308
2.186405
1.600398
1.835822
1.730837
2.099729
2.100411
1.858563
2.305208
1.876298
1.803875
1.986996
2.111437
1.972210
2.127218
2.285099
1.645261
1.798091
2.130746
3.307602
1.946848
1.907640
1.792158
1.573280
1.848226
1.688799
1.893101
1.880109
2.014971
1.873623
2.029858
2.143634
1.993956
1.856974
2.039331
1.905628
2.005469
1.837005
1.701205
1.894811
1.862727
2.262684
1.809886
2.157529
1.763800
1.699881
1.877205
2.245925
2.161453
2.272501
2.113832
2.043103
1.708522
1.674021
1.894570
1.814835
2.438668
2.248981
2.376830
1.523594
1.805774
1.914578
1.635382
2.065491
1.682941
1.947409
2.646976
1.952115
1.855492
1.642075
1.691222
2.554526
2.109106
1.928961
2.282577
2.212517
2.009510
1.849709
1.692453
2.165570
2.052369
1.851621
1.864749
1.710921
2.232685
1.860577
1.839081
1.753345
1.480181
1.737616
1.722821
1.641493
1.844686
1.865894
1.851205
1.680687
1.452310
1.837378
2.191820
2.201340
1.687899
2.049146
1.813338
2.374789
1.930360
1.618056
1.866461
1.536694
1.728879
1.924752
2.168828
2.018467
2.414171
1.853371
1.716849
1.544000
2.259877
1.694953
1.968282
1.614129
1.840134
2.171109
1.610208
1.569694
2.019027
2.344149
2.094714
1.874562
1.898162
1.580822
1.960205
1.906838
1.832090
1.479211
1.850866
1.768618
1.795934
2.208818
2.277547
1.909617
1.876916
1.955727
1.990832
1.662552
2.524698
2.539106
1.982545
2.689891
1.992150
1.932113
2.748309
2.306659
1.890855
1.839748
1.809581
2.088329
2.203691
1.732936
1.778558
1.964604
1.780936
1.806224
2.386956
1.959569
1.890297
1.924201
2.263897
1.624427
1.615532
1.913117
2.241997
2.295662
2.447302
1.839996
2.150989
2.052458
1.722471
1.835945
1.969499
1.455321
1.813373
1.969363
2.163439
1.634366
2.012059
2.066491
2.670946
2.269297
2.142870
1.923930
1.994051
2.168180
1.927471
1.969508
1.712668
2.261169
1.914533
1.875736
2.126179
1.765862
1.687531
1.927778
1.844072
1.947792
1.821745
1.734505
1.565335
1.531844
1.861221
2.060453
1.815085
2.048286
2.421934
1.826538
1.697248
1.725884
1.875730
1.783606
1.861450
2.149773
1.738635
1.875375
1.766515
2.080009
2.455406
2.317020
2.527668
1.932627
1.912680
2.146440
1.814025
1.544817
2.147513
2.092036
1.741984
2.110937
2.145134
1.797828
1.775790
1.599807
2.232346
1.668987
1.619253
1.927545
2.335992
2.633414
2.414547
2.046532
1.951288
1.905256
1.950388
2.188910
1.547823
1.589458
2.345491
1.751952
1.760885
2.117051
2.713312
2.299134
2.223072
1.958076
1.420000
1.936387
1.977453
1.924117
2.759929
1.917365
2.780014
1.925379
1.564587
1.849121
1.873042
1.836138
2.257703
2.008706
2.255724
1.888080
2.118273
1.777442
1.930796
2.044027
1.543083
1.813209
2.189549
2.049936
2.075089
1.949674
1.811301
2.012641
1.769054
1.784203
2.123697
2.226479
1.977168
2.109007
2.048129
2.842241
2.094119
1.963154
1.613155
2.394613
1.808891
1.724540
1.814157
1.715086
2.000952
2.152698
1.838774
1.672661
1.821420
1.915141
1.654744
1.960854
1.807852
1.855535
1.658397
1.957405
1.988909
1.532437
1.995862
1.691562
2.246454
1.768414
2.117177
2.252826
1.794835
1.765211
2.230321
1.985006
1.896741
1.693282
1.548908
1.846841
2.559696
1.710187
1.771019
1.990542
1.876046
1.748128
1.522443
1.426291
2.557073
2.292314
2.015506
2.082433
1.604997
1.900131
1.624187
1.873933
1.825523
1.581203
1.673773
1.745996
1.752716
1.977406
1.940415
1.964589
1.960160
1.576461
1.842171
1.776179
2.204857
1.734828
1.796734
1.982962
1.877540
2.176344
1.435719
2.086473
1.886531
1.858486
1.847238
1.682121
2.336187
2.238246
1.832968
2.174336
1.952515
2.002247
2.007682
1.865538
2.248291
1.900505
1.797109
1.881281
1.779779
1.726973
2.550560
2.326508
2.017982
2.146617
2.107121
1.974324
1.797757
1.930930
2.201306
1.897756
1.793358
1.490704
1.951586
2.107137
1.585176
1.834766
1.483053
2.244763
1.709106
2.439599
1.577618
1.991521
1.867089
1.913804
1.796289
1.869924
2.106206
1.850693
1.673928
1.601124
2.260967
1.917163
1.963911
2.476642
2.579429
2.056432
2.432648
2.058348
1.583964
1.457519
1.888890
2.173629
1.989242
1.926634
1.939281
2.149199
1.748891
2.048528
1.796574
1.824124
2.747466
2.094581
1.923743
1.686851
1.968186
1.825908
1.824692
1.379290
1.910762
1.914621
1.832846
2.231408
2.222381
2.032391
2.031532
1.673769
2.290565
1.520301
1.906013
1.712756
2.121559
2.449146
1.635084
2.031214
1.647189
2.279943
2.167919
2.042331
1.853813
1.916051
1.876329
2.022604
2.434112
1.629117
1.834503
1.939398
1.308306
1.709225
2.435714
1.869009
1.644051
1.545941
1.676673
2.239464
2.065274
2.051279
1.819773
2.166776
1.743710
1.669135
2.084763
1.729970
1.987048
1.902736
1.799819
2.062580
2.006516
2.257719
2.049487
2.058403
1.815505
1.934680
1.443227
1.985182
3.188666
2.242383
2.089541
1.670357
2.500075
2.022298
1.741732
1.801198
2.033857
1.834626
2.121780
1.949222
1.847810
2.067060
1.945398
1.926322
1.994098
1.987364
2.100656
1.992700
1.495109
2.109601
2.271973
1.660535
2.040060
1.722453
1.429697
2.002850
1.702502
2.283250
1.714314
2.092802
