3.443735
2.084522
1.705594
2.241937
2.113943
1.917428
1.827589
1.735086
1.204770
2.060444
2.088603
1.692197
1.536205
1.144441
1.788574
1.752388
1.616969
1.349276
1.064704
1.180177
1.198527
1.709687
1.276880
1.091524
0.988563
0.996301
0.931810
0.871511
1.218026
1.509624
1.005578
0.518080
0.492771
0.573053
0.930375
0.524984
1.042878
0.636948
0.741773
0.795925
0.788434
0.790146
0.804937
0.559901
0.936738
0.623528
0.667372
0.560472
1.051750
0.572998
0.773252
0.668835
0.438197
1.058643
0.470178
0.358233
0.746479
0.454764
0.408254
0.496645
0.556149
0.621004
0.475355
0.389096
0.425797
0.307391
0.468415
0.461940
0.389139
0.477019
0.405124
0.407092
0.336804
0.390808
0.354836
0.468332
0.423808
0.482996
0.193061
0.521002
0.402385
0.866843
0.669740
0.276798
0.436909
0.342801
0.282086
0.334793
0.439366
0.461274
0.622845
0.436054
0.371271
0.564998
0.337414
0.382913
0.582951
0.646649
0.436616
0.486198
0.622861
0.496253
0.538622
0.437488
0.369047
0.318631
0.617538
0.306261
0.296855
0.175360
0.430322
0.593686
0.327078
0.400617
0.201817
0.423748
0.457156
0.664655
0.374664
0.381458
0.370325
0.517370
0.825567
0.427453
0.106910
0.431972
0.278073
0.355717
0.401286
0.468176
0.209608
0.486508
0.266508
0.320574
0.364581
0.427803
0.431538
0.209463
0.230725
0.385382
0.483600
0.750710
0.597328
0.364597
0.237912
0.571703
0.405420
0.348203
0.301399
0.334437
0.427806
0.260803
0.422355
0.302189
0.755741
0.383605
0.327669
0.388879
0.040929
0.166057
0.346886
0.560608
0.651216
0.395833
0.093058
0.520360
0.442291
0.726217
0.373589
0.383629
0.357766
0.457731
0.373925
0.592007
0.768426
0.356097
0.272395
0.410007
0.489777
0.281554
0.458437
0.255222
0.543254
0.152533
0.432143
0.317245
0.374806
0.209687
0.637980
0.273394
0.435075
0.276111
0.401287
0.541771
0.432191
0.230204
0.462051
0.361687
0.382239
0.279654
0.247329
0.174036
0.491765
0.290006
0.386758
0.465212
0.228676
0.423748
0.137981
0.327929
0.265323
0.240372
0.240592
0.257236
0.462002
0.188278
0.270175
0.458901
0.303931
0.263133
0.330526
0.358047
0.563576
0.318900
0.175727
0.300335
0.287436
0.604589
0.466839
0.197096
0.209138
0.175999
0.251926
0.328114
0.361308
0.208695
0.601683
0.176908
0.406960
0.320907
0.561723
0.222244
0.359725
0.399885
0.443135
0.370417
0.309080
0.415595
0.526291
0.356372
0.164296
0.290655
0.359837
0.496111
0.348283
0.349820
0.425124
0.389752
0.246125
0.098501
0.327311
0.261312
0.184478
0.385398
0.217238
0.369480
0.281027
0.334340
0.241007
0.109417
0.251239
0.375005
0.356729
0.243372
0.537394
0.300570
0.371452
0.610266
0.388025
0.143410
0.264257
0.286363
0.420101
0.307735
0.117660
0.394442
0.254793
0.203454
0.216993
0.442305
0.171067
0.242653
0.386785
0.197612
0.255679
0.254944
0.424278
0.313495
0.314330
0.425763
0.313925
0.265613
0.400953
0.106224
0.160979
0.317725
0.209853
0.377981
0.203857
0.235744
0.201205
0.392806
0.144026
0.186999
0.392312
0.114978
0.374190
0.138362
0.269862
0.202701
0.247674
0.526993
0.334535
0.124464
0.863953
0.296808
0.281713
0.155840
0.172598
0.087372
0.203895
0.297489
0.370625
0.225496
0.329963
0.356782
0.388751
0.201206
0.143559
0.187279
0.500979
0.162073
0.254809
0.364713
0.190074
0.276702
0.553874
0.226243
0.337133
0.354292
0.293800
0.321999
0.126078
0.208293
0.709670
0.419929
0.105035
0.090821
0.298257
0.180545
0.251839
0.208585
0.163436
0.271538
0.244145
0.349271
0.212312
0.075459
0.098132
0.209218
0.086121
0.262898
0.375528
0.352279
0.206556
0.237514
0.259091
0.274594
0.156761
0.188287
0.136459
0.142531
0.329884
0.220133
0.107327
0.108646
0.176362
0.095548
0.117839
0.158143
0.200568
0.251067
0.363401
0.095331
0.369035
0.121726
0.146038
0.182083
0.036852
0.116595
0.409395
0.159939
0.551390
0.274084
0.445531
0.193465
0.197245
0.395357
0.460259
0.258074
0.262417
0.182449
0.340469
0.103282
0.205814
0.313698
0.205560
0.390851
0.100713
0.315916
0.272775
0.222883
0.091539
0.199907
0.335768
0.070786
0.146256
0.192814
0.218195
0.379451
0.229327
0.337589
0.147290
0.344376
0.313153
0.174992
0.213581
0.380744
0.299042
0.210842
0.079290
0.144852
0.273129
0.127340
0.252677
0.326201
0.192137
0.082823
0.144313
0.155978
0.271245
0.194294
0.133648
0.200361
0.188072
0.207782
0.065975
0.382095
0.423280
0.515453
0.531295
0.328319
0.187832
0.196847
0.305092
0.279135
0.204361
0.259687
0.204726
0.316963
0.171851
0.290541
0.205179
0.348931
0.296776
0.153498
0.000592
0.182115
0.247742
0.195364
0.284573
0.543673
0.234033
0.272040
0.202925
0.090994
0.073970
0.243706
0.147028
0.096952
0.252613
0.073183
0.097463
0.186651
0.067746
0.090888
0.163229
0.159495
0.318120
0.188711
0.099359
0.227242
0.362770
0.179458
0.339279
0.305235
0.133970
0.342257
0.311406
0.214769
0.312458
0.197267
0.118615
0.076489
0.161167
0.236269
0.031855
0.239682
0.299635
0.344059
0.136955
0.077616
0.052481
0.224407
0.274275
0.138197
0.369519
0.225096
0.137756
0.119366
0.098399
0.284315
0.241648
0.291566
0.224893
0.233304
0.206919
0.209188
0.113664
0.145660
0.317132
0.279258
0.457722
0.275077
0.109472
0.155496
0.105346
0.041626
0.264913
0.084497
0.412790
0.412685
0.222044
0.066258
0.207566
0.156026
0.281795
0.237989
0.119872
0.171304
0.182121
0.146395
0.067708
0.158201
0.234286
0.105476
0.365946
0.259009
0.062333
0.113288
0.161746
0.300818
0.118592
0.431374
0.651905
0.111739
0.194340
0.335711
0.324166
0.178058
0.112213
0.369048
0.116023
0.309419
0.215795
0.064910
0.156257
0.333305
0.272207
0.148126
0.412146
0.171181
0.212187
0.224835
0.055682
0.394702
0.259223
0.305134
0.273142
0.600880
0.437382
0.152944
0.284227
0.167077
0.082595
0.307194
0.221754
0.303817
0.193285
0.157213
0.179583
0.262528
0.223870
0.143225
0.285062
0.102443
0.086744
0.118347
0.484526
0.252865
0.166985
0.095698
0.243852
0.412675
0.221386
0.230300
0.137425
0.094189
0.109882
0.295593
0.287248
0.113265
0.249102
0.121542
0.102898
1.735515
0.798320
0.700141
0.415457
0.267601
0.179293
0.112867
0.234463
0.254397
0.131756
0.129036
0.258917
0.460407
0.192407
0.106827
0.153696
0.280739
0.209163
0.096532
0.143253
0.118442
0.318451
0.285179
0.175978
0.391051
0.208014
0.149511
0.108646
0.223303
0.055766
0.175787
0.155886
0.063193
0.321785
0.062496
0.124102
0.138009
0.153316
0.067825
0.098086
0.247224
0.324968
0.253323
0.108391
0.350787
0.422734
0.145069
0.192293
0.594399
0.275492
0.186307
0.158083
0.234315
0.123827
0.149906
0.203070
0.126031
0.393130
0.161904
0.248911
0.166824
0.338330
0.123687
0.374421
0.231077
0.159517
0.149084
0.017205
0.713409
0.267487
0.229751
0.135477
0.196758
0.315167
0.091624
0.478899
0.308849
0.176756
0.149913
0.090848
0.224271
0.308328
0.076474
0.136859
0.070037
0.079479
0.080941
0.276100
0.560664
0.340997
0.212280
0.115257
0.118934
0.045589
0.107090
0.105535
0.108406
0.201476
0.133394
0.084112
0.052669
0.283669
0.158714
0.293590
0.074516
0.141794
0.067542
0.214385
0.389205
0.133963
0.316705
0.689447
0.067708
0.143915
0.106751
0.167611
0.209789
0.077252
0.183038
0.307124
0.312150
0.115491
0.076614
0.125955
0.058737
0.354288
0.197185
0.261781
0.424628
0.044105
0.234279
0.234553
0.295469
0.093822
0.075948
0.092137
0.248461
0.188073
0.429371
0.359001
0.316930
0.059343
0.158959
0.100653
0.050029
0.259433
0.087638
0.118779
0.177553
0.160738
0.200347
0.198267
0.092372
0.128381
0.121926
0.090035
0.027059
0.204315
0.103134
0.036606
0.183431
0.042922
0.221330
0.224447
0.160230
0.162439
0.247126
0.217640
0.111279
0.077642
0.209501
0.210635
0.068441
0.176979
0.278336
0.278388
0.543720
0.281776
0.168193
0.127188
0.148213
0.117643
0.452863
0.325059
0.292051
0.437289
0.195260
0.051874
0.149261
0.295629
0.089556
0.154270
0.105983
0.233132
0.098093
0.149858
0.075371
0.168837
0.108333
0.258273
0.241562
0.120892
0.166714
0.120911
0.197750
0.136013
0.271331
0.091630
0.039561
0.382387
0.135528
0.085079
0.337354
0.195934
0.288951
0.204900
0.198158
0.309074
0.080107
0.148444
0.059239
0.062313
0.369586
0.149317
0.086428
0.108745
0.036929
0.080618
0.221005
0.155489
0.187884
0.312138
0.163337
0.153226
0.197413
0.110360
0.396627
0.421949
0.213602
0.199024
0.215923
0.225787
0.094957
0.175136
0.283474
0.178890
0.037864
0.029904
0.064181
0.182524
0.227842
0.256436
0.205120
0.074934
0.084701
0.208398
0.285521
0.094441
0.108902
0.357718
0.050400
0.106923
0.333938
0.212679
0.110129
0.084897
0.084187
0.067797
0.089803
0.293922
0.297250
0.053201
0.148811
0.149280
0.064383
0.163413
0.089004
0.069525
0.145957
0.192748
0.077294
0.236155
0.069524
0.038069
0.094471
0.165647
0.595082
0.282677
0.260720
0.237965
0.153386
0.154581
0.068082
0.086111
0.235500
0.071174
0.228587
0.243718
0.160965
0.058834
0.135960
0.291816
0.276079
0.316436
0.132376
0.389529
0.142055
0.159742
0.083736
0.103400
0.193071
0.119246
0.239842
0.311915
0.069806
0.046443
0.390162
0.409797
0.001104
0.256191
0.211509
0.186415
0.337790
0.064272
0.305784
0.269951
0.220238
0.255310
0.359903
0.075746
0.252338
0.372646
0.217844
0.123233
0.188941
0.053596
0.192659
0.114484
0.054670
0.361867
0.234937
0.134710
0.134927
0.053178
0.106512
0.107203
0.346176
0.545218
0.127643
0.173366
0.230596
0.136888
0.159544
0.262012
0.107588
0.112157
0.155283
0.220125
0.332323
0.117992
0.311046
0.378521
0.298628
0.081295
0.128650
0.199199
0.252136
0.087537
0.090616
0.463723
0.025857
0.032674
0.178547
0.198781
0.235123
0.469611
0.228841
0.218913
0.097513
0.154806
0.097862
0.067825
0.226291
0.082912
0.394879
0.266745
0.190180
0.082231
0.074148
0.044173
0.265709
0.120758
0.201149
0.089804
0.087239
0.098395
0.053946
0.137400
0.143597
0.179516
0.689670
0.162290
0.161744
0.095942
0.174173
0.143531
0.070912
0.116387
0.287778
0.127744
0.092757
0.065407
0.091408
0.043480
0.075051
0.149809
0.188670
0.256680
0.066504
0.027987
0.208481
0.184509
0.042535
0.103090
0.357189
0.071648
0.107219
0.092825
0.151172
0.065565
0.280964
0.035101
0.134869
0.207815
0.161631
0.237931
0.108080
0.153185
0.102845
0.098950
0.100920
0.114392
0.315936
0.475122
0.110327
0.154392
0.036364
0.149092
0.144496
0.164153
0.080757
0.197658
0.141051
0.154168
0.374411
0.169332
0.168871
0.044712
0.081047
0.333864
0.157161
0.032694
0.161915
0.097256
0.314777
0.364372
0.061224
0.230500
0.102687
0.402924
0.176626
0.460429
0.298515
0.021393
0.162955
0.213133
0.174885
0.025261
0.059719
0.401657
0.108670
0.099931
0.430522
0.061422
0.243655
0.532163
0.149051
0.524687
0.122769
0.101781
0.259422
0.174333
0.292843
0.087461
0.130877
0.370707
0.108713
0.341866
0.162421
0.103968
0.120200
0.136240
0.120826
0.185679
0.115634
0.216701
0.065597
0.268799
0.189758
0.175754
0.215621
0.166095
0.126311
0.067490
0.102887
0.037856
0.092275
0.097387
0.050232
0.371721
0.186675
0.216520
0.174387
0.210117
0.046719
0.099057
0.112677
0.233231
0.567934
0.042235
0.127059
0.251641
0.136697
0.203870
0.397405
0.151608
0.043998
0.171471
0.124702
0.087401
0.105312
0.119525
0.170787
0.162419
0.097855
0.038107
0.590068
0.042729
0.169527
0.383006
0.212856
0.102973
0.096723
0.155514
0.098367
0.172068
0.219872
0.151964
0.096472
0.234561
0.068789
0.142601
0.155724
0.154116
0.240591
0.164254
0.074092
0.503879
0.116231
0.303784
0.093156
0.099460
0.343485
0.135434
0.172119
0.298794
0.167063
0.151584
0.214368
0.089365
0.338084
0.068438
0.182882
0.253024
0.182594
0.114993
0.171182
0.094692
0.304283
0.204106
0.119595
0.182736
0.051826
0.108685
0.218278
0.041972
0.363780
0.108231
0.283920
0.082914
0.088123
0.189293
0.147154
0.098415
0.074902
0.477855
0.223691
0.180278
0.177203
0.238940
0.038388
0.191044
0.096765
0.151360
0.124707
0.071245
0.177140
0.210281
0.207945
0.111119
0.183360
0.109824
0.163880
0.046236
0.138425
0.149293
0.156240
0.134100
0.136227
0.242453
0.013251
0.099522
0.125692
0.109677
0.161222
0.060607
0.769082
0.154689
0.138867
0.087062
0.050792
0.017462
0.243711
0.283065
0.368529
0.139385
0.145932
0.232482
0.253825
0.111675
0.068540
0.186233
0.131121
0.175620
0.232010
0.098539
0.103764
0.137746
0.227437
0.120503
0.183026
0.115833
0.249003
0.076434
0.141081
0.360777
0.156601
0.248559
0.156750
0.226799
0.219261
0.123316
0.029492
0.088262
0.241324
0.087389
0.111949
0.104617
0.149239
0.089093
0.221193
0.108372
0.273766
0.278426
0.156773
0.042744
0.301609
0.070461
0.167403
0.242796
0.161281
0.171687
0.051516
0.101054
0.488409
0.057087
0.185330
0.060708
0.311802
0.301976
0.137826
0.145259
0.071769
0.394961
0.125777
0.162023
0.323369
0.275742
0.190536
0.086789
0.116410
0.082029
0.095583
0.195144
0.139563
0.216482
0.065282
0.151103
0.107116
0.410152
0.142432
0.152737
0.071236
0.277681
0.323362
0.078608
0.388704
0.073658
0.089940
0.116662
0.259221
0.075226
0.164040
0.113807
0.139483
0.476044
0.156356
0.418660
0.271141
0.038786
0.087667
0.198131
0.191881
0.084659
0.283415
0.256236
0.212999
0.049140
0.066840
0.135253
0.144459
0.337430
0.022337
0.054169
0.281441
0.156559
0.090810
0.107974
0.212392
0.168728
0.122770
0.313209
0.132895
0.119774
0.053999
0.076852
0.183199
0.175411
0.065192
0.161864
0.043468
0.128537
0.059560
0.175159
0.162274
0.154978
0.098644
0.100116
0.277339
0.050263
0.041348
0.118837
0.142733
0.071921
0.207957
0.062196
0.045123
0.182409
0.467571
0.396223
0.085291
0.126695
0.205506
0.187404
0.215596
0.189595
0.254050
0.174531
0.176973
0.219319
0.052315
0.235234
0.166628
0.044237
0.269789
0.130080
0.037396
0.446426
0.049787
0.033005
0.198474
0.228191
0.077399
0.297421
0.067736
0.120691
0.266067
0.033748
0.271245
0.365422
0.146264
0.104344
0.172166
0.152448
0.228452
0.045998
0.108547
0.077758
0.139471
0.182887
0.192734
0.114247
0.142443
0.169812
0.142063
0.038464
0.070297
0.464487
0.168102
0.366807
0.197251
0.121284
0.054321
0.132159
0.146449
0.418322
0.070371
0.063584
0.134041
0.177830
0.337960
0.065172
0.221308
0.092964
0.079333
0.123693
0.255137
0.127432
0.149978
0.168712
0.140352
0.197939
0.207650
0.246783
0.182870
0.170538
0.161358
0.025676
0.255379
0.153837
0.292915
0.044829
0.122681
0.059705
0.326170
0.171667
0.478486
0.235592
0.068295
0.134225
0.051254
0.227784
0.087096
0.381047
0.249843
0.130600
0.148686
0.115817
0.042478
0.100923
0.126591
0.328098
0.305556
0.132728
0.169671
0.088845
0.150412
0.267214
0.103743
0.132396
0.151341
0.118199
0.315255
0.129636
0.252081
0.050571
0.276097
0.050037
0.107420
0.147537
0.067021
0.048430
0.061612
0.205411
0.095228
0.064672
0.166982
0.231544
0.355448
0.227803
0.175911
0.057530
0.097182
0.342123
0.095413
0.172421
0.175065
0.065247
0.173212
0.106134
0.176669
0.362585
0.212980
0.147250
0.019681
0.131575
0.093876
0.070883
0.087302
0.082178
0.113985
0.112159
0.152092
0.209885
0.183315
0.053746
0.144992
0.145710
0.206477
0.041927
0.123765
0.193041
0.051468
0.086678
0.024743
0.143429
0.099217
0.109274
0.044255
0.202364
0.080075
0.136476
0.052490
0.265568
0.067550
0.153307
0.317909
0.090785
0.097948
0.065065
0.037226
0.185392
0.046456
0.243660
0.033623
0.193978
0.228794
0.052424
0.043244
0.233527
0.232584
0.136373
0.114428
0.115867
0.158568
0.039153
0.088746
0.197803
0.030161
0.097842
0.440240
0.180911
0.123823
0.120407
0.170326
0.199877
0.196707
0.093956
0.251416
0.084530
0.219995
0.166452
0.113933
0.058427
0.294296
0.073359
0.324578
0.151514
0.300727
0.249214
0.304618
0.025266
0.072996
0.070352
0.113012
0.128406
0.481205
0.235699
0.084065
0.149860
0.205090
0.114763
0.128267
0.358684
0.063807
0.115210
0.279880
0.294294
0.321655
0.176504
0.184995
0.126444
0.154104
0.154259
0.082579
0.333601
0.065373
0.159174
0.168017
0.259554
0.210126
0.065952
0.144749
0.350828
0.267803
0.188672
0.037682
0.052813
0.472939
0.145808
0.115661
0.230981
0.043000
0.172712
0.088658
0.177022
0.096346
0.208041
0.142243
0.358885
0.139358
0.078902
0.066344
0.152820
0.149466
0.041123
0.112890
0.273543
0.307985
0.039135
0.109718
0.138165
0.253327
0.130146
0.327657
0.276391
0.092403
0.083407
0.136501
0.056378
0.124683
0.036308
0.094011
0.238605
0.166848
0.211539
0.144984
0.114951
0.212552
0.043524
0.156225
0.108723
0.249915
0.185197
0.133171
0.021463
0.134102
0.454084
0.092801
0.121244
0.037823
0.097916
0.216027
0.181278
0.096361
0.331810
0.222997
0.123807
0.187809
0.065342
0.074330
0.120354
0.079501
0.060310
0.253199
0.097165
0.168047
0.122740
0.155889
0.037015
0.124262
0.302741
0.133013
0.282569
0.062532
0.291269
0.081205
0.175810
0.188874
0.052764
0.162406
0.057132
0.135945
0.132223
0.067322
0.148713
0.024168
0.035871
0.115774
0.119313
0.434267
0.230960
0.107829
0.121973
0.012595
0.413482
0.274852
0.082999
0.195145
0.162660
0.079704
0.402624
0.219931
0.168930
0.141618
0.241100
0.103393
0.117311
0.138812
0.324752
0.100249
0.107227
0.155867
0.127145
0.191853
0.070523
0.131956
0.075241
0.057623
0.072411
0.143241
0.176864
0.161436
0.112219
0.165227
0.106217
0.049816
0.264991
0.463123
0.099950
0.088060
0.225660
0.263726
0.186264
0.101912
0.044106
0.073115
0.132707
0.118744
0.041648
0.184566
0.312141
0.090260
0.326994
0.058817
0.111379
0.117276
0.158107
0.128578
0.130307
0.188367
0.137166
0.209385
0.106963
0.284610
0.044295
0.018778
0.122398
0.095281
0.050053
0.070851
0.156070
0.280051
0.103145
0.098038
0.079708
0.195947
0.111359
0.102551
0.135733
0.131758
0.160591
0.027134
0.092089
0.159667
0.042007
0.466415
0.272330
0.056486
0.102588
0.076518
0.054547
0.135775
0.106231
0.113932
0.173181
0.085259
0.108767
0.251977
0.064782
0.031148
0.030398
0.025479
0.232968
0.214047
0.132904
0.170168
0.568104
0.054235
0.205792
0.053154
0.256768
0.483504
0.084080
0.146174
0.115016
0.160148
0.158367
0.092795
0.140454
0.140464
0.041926
0.202896
0.332683
0.073448
0.145314
0.206438
0.022503
0.215228
0.252634
0.200349
0.309893
0.028362
0.049658
0.088248
0.020207
0.205102
0.048341
0.057363
0.216201
0.072174
0.201148
0.102841
0.234715
0.178237
0.193337
0.066083
0.096184
0.124771
0.050399
0.135703
0.103519
0.259463
0.186649
0.067119
0.134070
0.019183
0.145791
0.033384
0.033533
0.196951
0.363548
0.094108
0.192037
0.156469
0.175918
0.091788
0.459391
0.027133
0.308272
0.050833
0.015551
0.205928
0.020697
0.390648
0.054489
0.125495
0.166648
0.113732
0.212261
0.047948
0.135658
0.181741
0.110550
0.053305
0.141437
0.304733
0.035132
0.385148
0.206591
0.092981
0.140185
0.357837
0.155647
0.037114
0.080576
0.041160
0.288006
0.045368
0.086720
0.179863
0.093622
0.158677
0.517418
0.050245
0.110050
0.176284
0.028173
0.293822
0.074144
0.161417
0.459545
0.048539
0.191291
0.169490
0.267961
0.033334
0.132139
0.265764
0.223356
0.200689
0.123176
0.075340
0.189171
0.170505
0.096140
0.083014
0.137181
0.162637
0.173734
0.187477
0.094031
0.101234
0.061251
0.326939
0.148184
0.030674
0.038483
0.251049
0.307164
0.097487
0.050709
0.069614
0.498645
0.061837
0.290464
0.276944
0.195674
0.062846
0.048398
0.067811
0.125557
0.077014
0.243177
0.047240
0.211907
0.086425
0.060247
0.528947
0.252388
0.101724
0.211307
0.100215
0.067536
0.060572
0.073136
0.146713
0.109508
0.018971
0.124610
0.091805
0.095631
0.089056
0.080265
0.087829
0.050087
0.107584
0.114898
0.109809
0.131809
0.095185
0.032796
0.072483
0.232977
0.133521
0.185822
0.050921
0.184236
0.248094
0.183297
0.065340
0.000723
0.127543
0.255895
0.103599
0.178595
0.111754
0.272873
0.068687
0.177331
0.082338
0.070066
0.365306
0.015686
0.241636
0.113534
0.061047
0.297938
0.129383
0.151608
0.225051
0.088677
0.047395
0.046856
0.121603
0.260786
0.047178
0.193208
0.177573
0.148896
0.397095
0.131845
0.096087
0.066991
0.228716
0.180866
0.328086
0.041605
0.090653
0.057246
0.083431
0.207767
0.168487
0.362416
0.022199
0.087767
0.176900
0.080287
0.095323
0.314931
0.193752
0.267086
0.150482
0.107571
0.285943
0.058300
0.133845
0.176832
0.122065
0.077744
0.073307
0.061772
0.083822
0.054394
0.029341
0.067859
0.088221
0.203557
0.090146
0.122751
0.196521
0.342222
0.090162
0.153818
0.080608
0.057658
0.013030
0.035912
0.069547
0.200337
0.092843
0.126754
0.208466
0.164794
0.216941
0.052327
0.064441
0.025461
0.034775
0.098906
0.091584
0.128161
0.071014
0.232470
0.265587
0.173042
0.220160
0.032832
0.406906
0.043555
0.179167
0.223920
0.224855
0.357498
0.021391
0.054298
0.131137
0.141624
0.200913
0.110012
0.074825
0.076687
0.090091
0.031897
0.137723
0.055637
0.038549
0.284370
0.076289
0.181980
0.090802
0.110789
0.091526
0.195500
0.180719
0.080278
0.084755
0.227142
0.077766
0.266909
0.072569
0.228338
0.114920
0.051228
0.142255
0.084731
0.241524
0.108333
0.090878
0.060913
0.211257
0.231114
0.129754
0.064965
0.294114
0.202846
0.243118
0.299769
0.265589
0.213752
0.034582
0.021292
0.089567
0.104352
0.062582
0.162958
0.143157
0.315057
0.339351
0.190683
0.116127
0.223736
0.122060
0.241656
0.084488
0.318670
0.198161
0.028791
0.172892
0.168538
0.066020
0.165544
0.282149
0.055130
0.100367
0.035564
0.082936
0.275760
0.100892
0.326536
0.143182
0.276432
0.269956
0.034215
0.075599
0.217644
0.141955
0.164985
0.079169
0.074514
0.175285
0.268035
0.177885
0.118067
0.171766
0.069311
0.143760
0.196863
0.102024
0.261997
0.053425
0.109552
0.203654
0.059331
0.081901
0.036687
0.039876
0.073007
0.027793
0.394356
0.104635
0.144958
0.133244
0.081856
0.039569
0.279201
0.223446
0.175982
0.188268
0.057708
0.201550
0.106053
0.082454
0.040584
0.159706
0.220361
0.178894
0.081537
0.028450
0.125707
0.252240
0.063157
0.015473
0.082500
0.232508
0.110601
0.131113
0.018016
0.028606
0.290815
0.094342
0.162537
0.199026
0.014411
0.037799
0.191251
0.029320
0.027773
0.134241
0.049575
0.159071
0.331508
0.431305
0.315398
0.118386
0.126635
0.219163
0.125628
0.054962
0.040087
0.164922
0.026326
0.077396
0.079798
0.242860
0.097467
0.206249
0.307510
0.086745
0.097332
0.051833
0.162932
0.069904
0.016819
0.225920
0.123794
0.318182
0.192474
0.058021
0.045148
0.187927
0.024806
0.049563
0.147382
0.129139
0.018463
0.071140
0.054487
0.308998
0.236939
0.146370
0.250131
0.247759
0.023897
0.073725
0.054998
0.029525
0.305265
0.155702
0.032074
0.021324
0.090932
0.299465
0.019962
0.242999
0.240266
0.089430
0.024958
0.233478
0.149139
0.113042
0.104044
0.155390
0.032867
0.150016
0.036464
0.106434
0.102350
0.068346
0.000709
0.048719
0.106266
0.143701
0.040162
0.079218
0.028414
0.270491
0.123029
0.045082
0.154039
0.115766
0.199561
0.202133
0.026949
0.061798
0.032046
0.200403
0.085023
0.122041
0.039511
0.113980
0.153139
0.104059
0.113789
0.149344
0.030972
0.060120
0.352326
0.028758
0.103463
0.158257
0.046408
0.103301
0.379053
0.193958
0.243427
0.097210
0.067305
0.228044
0.250056
0.106702
0.048966
0.334387
0.094972
0.053870
0.192863
0.086633
0.209061
0.054937
0.050660
0.111129
0.215122
0.172636
0.319202
0.136638
0.040458
0.074582
0.049007
0.088599
0.088240
0.044084
0.070691
0.086729
0.139927
0.057073
0.027805
0.037036
0.103370
0.297042
0.040944
0.192054
0.317887
0.217893
0.170448
0.037572
0.063568
0.149773
0.129880
0.288780
0.093192
0.029454
0.114774
0.046629
0.098817
0.192069
0.103151
0.199345
0.233071
0.228552
0.183032
0.270584
0.100087
0.183389
0.205716
0.081518
0.156566
0.224459
0.201651
0.228499
0.162435
0.199630
0.051202
0.310186
0.088296
0.056870
0.161159
0.045962
0.100118
0.074170
0.183449
0.103094
0.193115
0.280665
0.030623
0.218472
0.056411
0.030852
0.210881
0.061445
0.031366
0.106636
0.082310
0.109062
0.073859
0.072900
0.393891
0.128868
0.120496
0.408722
0.144330
0.226418
0.224388
0.055867
0.107617
0.052563
0.075436
0.057827
0.064519
0.127841
0.019851
0.196744
0.043922
0.195807
0.220712
0.284835
0.128146
0.124190
0.181226
0.041797
0.007894
0.095771
0.057480
0.020547
0.168688
0.072908
0.192091
0.324148
0.338572
0.059594
0.121811
0.288577
0.080949
0.427015
0.077156
0.137521
0.367723
0.089480
0.371910
0.071205
0.213546
0.226151
0.098642
0.179913
0.130568
0.024839
0.143455
0.283259
0.109799
0.054236
0.144899
0.089315
0.113259
0.083663
0.175333
0.081839
0.054594
0.120763
0.031316
0.057062
0.132623
0.216530
0.043190
0.144450
0.113488
0.044363
0.115273
0.204650
0.253559
0.028750
0.299225
0.157311
0.053855
0.202814
0.229834
0.092046
0.147464
0.026680
0.094396
0.032536
0.126910
0.034353
0.084582
0.310586
0.061759
0.122797
0.112353
0.053777
0.142694
0.083173
0.177831
0.044307
0.145518
0.344763
0.115350
0.100271
0.035679
0.273243
0.108489
0.125535
0.184904
0.102741
0.424512
0.071621
0.250723
0.097917
0.118635
0.134475
0.063219
0.116225
0.089463
0.077136
0.055598
0.060649
0.054935
0.164644
0.079515
0.059676
0.089278
0.080798
0.159766
0.060973
0.164072
0.320766
0.296214
0.144646
0.062340
0.087742
0.019951
0.087139
0.167346
0.072801
0.193232
0.179061
0.066866
0.097691
0.046483
0.119458
0.102002
0.124964
0.176485
0.028572
0.075477
0.099479
0.121273
0.178703
0.317722
0.290610
0.333926
0.103129
0.240032
0.050084
0.026698
0.137828
0.084139
0.011249
0.317804
0.050844
0.091553
0.268052
0.165175
0.213593
0.106991
0.067588
0.232532
0.356935
0.078730
0.114672
0.095356
0.038243
0.062599
0.032459
0.097264
0.092048
0.016576
0.121455
0.107435
0.217821
0.225100
0.205147
0.172512
0.058785
0.036829
0.075140
0.031697
0.101361
0.108836
0.253971
0.004832
0.029115
0.261303
0.145631
0.096446
0.187753
0.153658
0.039692
0.083244
0.077128
0.091721
0.450174
0.039247
0.228196
0.103806
0.153237
0.171439
0.024393
0.126593
0.031323
0.030848
0.100964
0.201265
0.090664
0.068291
0.128913
0.104631
0.324395
0.099334
0.092566
0.172673
0.056277
0.185184
0.031744
0.194764
0.257753
0.169706
0.030411
0.107137
0.093130
0.087890
0.061246
0.160832
0.091302
0.085714
0.095583
0.155108
0.116325
0.165039
0.030317
0.374372
0.038935
0.062460
0.095086
0.100088
0.080865
0.120652
0.152986
0.064889
0.304974
0.135499
0.106501
0.136756
0.172478
0.186980
0.023675
0.077251
0.040162
0.090212
0.229500
0.068382
0.063257
0.172739
0.076373
0.071466
0.216918
0.086965
0.241494
0.058017
0.071453
0.064881
0.188262
0.047387
0.028488
0.044821
0.150855
0.178563
0.057116
0.075426
0.026170
0.013740
0.084668
0.197204
0.071545
0.122731
0.257156
0.039149
0.033437
0.032688
0.018186
0.066487
0.258953
0.083800
0.122901
0.061396
0.061644
0.085355
0.115475
0.264298
0.167384
0.163145
0.124976
0.092300
0.104467
0.186503
0.236078
0.206735
0.101361
0.181074
0.210209
0.100653
0.085836
0.162839
0.129005
0.353173
0.207461
0.130526
0.146920
0.070768
0.027196
0.087715
0.095623
0.305883
0.196454
0.214763
0.076955
0.146725
0.182910
0.079143
0.079460
0.233647
0.302073
0.253842
0.071195
0.289767
0.117489
0.084635
0.047413
0.192301
0.128401
0.038987
0.157943
0.185064
0.045965
0.096211
0.086042
0.106702
0.287995
0.164019
0.019972
0.090121
0.203484
0.048020
0.164131
0.276723
0.078022
0.149429
0.072805
0.137634
0.250709
0.078305
0.091549
0.139346
0.057417
0.062731
0.119351
0.134764
0.328933
0.067748
0.067386
0.040789
0.097327
0.085930
0.066292
0.098648
0.122961
0.124417
0.105645
0.063538
0.039520
0.300109
0.138905
0.289235
0.021205
0.058443
0.263634
0.051572
0.281524
0.216841
0.105679
0.267850
0.254367
0.049015
0.085002
0.048732
0.089068
0.054165
0.123633
0.177516
0.066132
0.371318
0.123992
0.107883
0.330328
0.088239
0.150850
0.211906
0.053245
0.035032
0.114756
0.153238
0.026652
0.063855
0.042974
0.148660
0.113460
0.121167
0.075054
0.050866
0.079138
0.221339
0.127037
0.042952
0.035772
0.191160
0.077287
0.054047
0.102211
0.148658
0.034432
0.063075
0.054822
0.052030
0.168264
0.039564
0.087107
0.030903
0.196874
0.246415
0.295381
0.296284
0.065594
0.043575
0.022187
0.133338
0.154601
0.061380
0.031197
0.141726
0.235032
0.171682
0.110512
0.102332
0.206691
0.042034
0.325531
0.319725
0.145330
0.044394
0.123816
0.031183
0.101286
0.149405
0.078557
0.164077
0.099168
0.288959
0.106926
0.124236
0.306595
0.094055
0.107350
0.088514
0.158961
0.061092
0.081779
0.208720
0.073098
0.232688
0.069354
0.100284
0.028621
0.112923
0.102952
0.039679
0.096287
0.048265
0.082117
0.079329
0.085160
0.355563
0.231778
0.078070
0.224714
0.016240
0.024315
0.169739
0.135787
0.068658
0.071090
0.094018
0.312676
0.048511
0.036890
0.186957
0.170387
0.007942
0.156425
0.055920
0.293045
0.105799
0.220235
0.177829
0.173457
0.205054
0.023734
0.145518
0.108594
0.119059
0.062505
0.240025
0.177282
0.150532
0.072538
0.048415
0.016885
0.106400
0.265547
0.126689
0.037311
0.167374
0.377031
0.349512
0.132053
0.025210
0.492088
0.121239
0.101750
0.240718
0.167216
0.144687
0.074321
0.033574
0.160753
0.160265
0.096684
0.170338
0.106174
0.057777
0.141116
0.112067
0.040439
0.208804
0.077950
0.091835
0.030725
0.101359
0.246796
0.070291
0.040170
0.213743
0.174677
0.106863
0.073994
0.281971
0.173695
0.197632
0.081926
0.141148
0.078415
0.016178
0.130860
0.024912
0.107356
0.087194
0.163492
0.028491
0.151288
0.091955
0.287799
0.086661
0.077413
0.065226
0.030652
0.416449
0.177680
0.261121
0.094374
0.079365
0.033813
0.104784
0.040472
0.098027
0.158331
0.041665
0.169860
0.080220
0.184127
0.049935
0.049939
0.114533
0.108442
0.126905
0.257123
0.332197
0.113670
0.012178
0.245636
0.132569
0.018644
0.105946
0.090785
0.263351
0.226079
0.189799
0.043171
0.046987
0.118866
0.121830
0.145670
0.026171
0.042229
0.106928
0.176295
0.039549
0.041394
0.318254
0.047809
0.123986
0.166354
0.056777
0.027506
0.037914
0.041739
0.102213
0.121429
0.077718
0.094965
0.049474
0.022526
0.066331
0.117903
0.089605
0.055650
0.049523
0.160410
0.012632
0.090801
0.206248
0.359155
0.346214
0.018083
0.193125
0.121069
0.056017
0.141448
0.087826
0.254311
0.134215
0.035774
0.146853
0.120442
0.128870
0.033164
0.021604
0.080513
0.008792
0.089473
0.066635
0.042886
0.016481
0.235992
0.077083
0.105903
0.236406
0.359702
0.160644
0.035283
0.277967
0.099306
0.054314
0.108657
0.094145
0.099963
0.101147
0.068807
0.047910
0.131576
0.106760
0.222401
0.055366
0.178854
0.024035
0.194649
0.219913
0.069641
0.280280
0.494297
0.050044
0.172311
0.039289
0.155677
0.032997
0.067876
0.116347
0.131277
0.171875
0.154404
0.042676
0.340234
0.094920
0.197827
0.033827
0.232450
0.057165
0.097439
0.006964
0.048910
0.045462
0.020705
0.159697
0.070389
0.162802
0.144155
0.126707
0.122840
0.132359
0.021287
0.056061
0.077975
0.042638
0.117964
0.032991
0.134779
0.190689
0.087892
0.028402
0.079445
0.239103
0.210845
0.052037
0.357005
0.211025
0.043082
0.273804
0.039817
0.074575
0.078207
0.105990
0.265916
0.194503
0.097364
0.052150
0.106159
0.058611
0.334613
0.040062
0.069066
0.162787
0.046830
0.231255
0.063998
0.100693
0.082541
0.096355
0.034683
0.157390
0.143483
0.248084
0.146226
0.036836
0.229575
0.127998
0.157104
0.140245
0.168311
0.320327
0.029312
0.088152
0.084672
0.295191
0.093872
0.025441
0.061500
0.114879
0.085508
0.066086
0.153900
0.124544
0.071255
0.159203
0.034973
0.175763
0.165992
0.382499
0.244952
0.023435
0.017863
0.070844
0.100822
0.010246
0.061038
0.067381
0.037914
0.082758
0.231716
0.060856
0.338318
0.089487
0.122490
0.250230
0.015279
0.120044
0.029587
0.204046
0.095523
0.045771
0.106877
0.104534
0.083799
0.158087
0.072015
0.156838
0.202371
0.045286
0.115336
0.000075
0.110476
0.096818
0.194890
0.100682
0.072299
0.022925
0.014932
0.013042
0.312505
0.191569
0.021293
0.111620
0.122014
0.024140
0.122344
0.267087
0.058000
0.081340
0.370128
0.060755
0.068653
0.048363
0.053391
0.247042
0.226417
0.080357
0.131653
0.108697
0.128088
0.064367
0.285478
0.101876
0.040568
0.389680
0.138366
0.044828
0.060904
0.176128
0.072418
0.044771
0.155642
0.066788
0.162945
0.104256
0.149678
0.199623
0.142339
0.113584
0.175113
0.051169
0.239114
0.070075
0.116944
0.069088
0.098191
0.052292
0.038033
0.104081
0.101456
0.047932
0.138380
0.132157
0.190200
0.069611
0.078292
0.118879
0.158839
0.194803
0.058372
0.141335
0.077108
0.175926
0.165555
0.086754
0.054642
0.206730
0.047617
0.110957
0.029573
0.089380
0.081511
0.022071
0.074824
0.085331
0.299742
0.065896
0.214552
0.017049
0.019211
0.055504
0.033098
0.077632
0.083535
0.197109
0.165841
0.116957
0.010694
0.099132
0.097189
0.171000
0.020504
0.059504
0.039944
0.045772
0.096856
0.223001
0.163458
0.040279
0.016795
0.243154
0.236362
0.080902
0.217707
0.140960
0.062704
0.129055
0.094114
0.097078
0.183765
0.272399
0.121291
0.115814
0.062541
0.084399
0.143593
0.128435
0.049374
0.124709
0.112112
0.034589
0.409064
0.224485
0.091037
0.232467
0.021148
0.190139
0.100129
0.100618
0.093959
0.059216
0.089827
0.283257
0.355836
0.110632
0.506567
0.153074
0.099843
0.226369
0.124259
0.030382
0.079699
0.114927
0.081203
0.029233
0.077334
0.072388
0.100150
0.027262
0.000279
0.069008
0.042002
0.027372
0.155884
0.102387
0.046532
0.114826
0.046629
0.267256
0.077613
0.037646
0.085318
0.110092
0.186828
0.181429
0.108717
0.103330
0.131461
0.061284
0.160321
0.021149
0.104170
0.015720
0.103356
0.171979
0.119332
0.109629
0.083619
0.121398
0.031442
0.024538
0.283692
0.143235
0.059661
0.508163
0.043526
0.079901
0.031286
0.193196
0.205712
0.208680
0.236419
0.086259
0.128759
0.123699
0.121995
0.083258
0.395295
0.012552
0.027559
0.170858
0.206456
0.162209
0.142781
0.115625
0.035164
0.034017
0.321577
0.021838
0.137568
0.351407
0.108644
0.199253
0.141225
0.047097
0.038981
0.142953
0.133559
0.082868
0.062031
0.252218
0.015504
0.143357
0.135168
0.259047
0.209955
0.182088
0.063669
0.109584
0.039498
0.117287
0.046040
0.038082
0.145714
0.072648
0.068211
0.035824
0.060006
0.210440
0.082367
0.243635
0.042596
0.037429
0.071332
0.164050
0.071136
0.073938
0.008001
0.154555
0.112137
0.225501
0.033971
0.054601
0.069620
0.263884
0.150391
0.009446
0.185716
0.086411
0.060918
0.040223
0.024602
0.108756
0.082657
0.098131
0.044032
0.243593
0.076236
0.129279
0.140110
0.215725
0.314401
0.216826
0.033249
0.067453
0.110270
0.016512
0.358839
0.153278
0.177973
0.126268
0.049822
0.122220
0.111627
0.143844
0.079256
0.023026
0.287737
0.188624
0.292876
0.091521
0.024001
0.023921
0.042453
0.031935
0.129507
0.033176
0.110751
0.082947
0.288546
0.132021
0.020376
0.032991
0.061179
0.016400
0.119859
0.235856
0.274764
0.161008
0.155054
0.134583
0.144753
0.293009
0.187751
0.085522
0.193671
0.057951
0.189263
0.070623
0.072623
0.065283
0.091081
0.152373
0.042427
0.261202
0.084444
0.111424
0.201979
0.040196
0.097662
0.125877
0.187917
0.099600
0.053519
0.098977
0.010500
0.043441
0.074995
0.157293
0.015706
0.126098
0.163661
0.034032
0.123447
0.097370
0.247032
0.184619
0.146514
0.038350
0.055146
0.145903
0.173121
0.106970
0.135323
0.184561
0.192819
0.094509
0.212393
0.061542
0.023398
0.307153
0.348781
0.017029
0.063249
0.093669
0.189582
0.040153
0.022171
0.097115
0.042687
0.036944
0.019804
0.073386
0.246737
0.026239
0.068466
0.152621
0.213024
0.090917
0.098676
0.029447
0.047724
0.221986
0.154732
0.027655
0.008697
0.215438
0.111300
0.081926
0.208895
0.038026
0.201910
0.071738
0.066352
0.150805
0.117907
0.110123
0.115406
0.069227
0.010696
0.189475
0.032397
0.130405
0.171690
0.081911
0.125491
0.099745
0.085369
0.030970
0.071064
0.088300
0.022711
0.305335
0.137610
0.131187
0.087018
0.150606
0.111711
0.086371
0.133838
0.416480
0.071408
0.010260
0.115128
0.235993
0.140531
0.123683
0.378872
0.052396
0.202854
0.165625
0.126768
0.048140
0.105196
0.161812
0.114365
0.078975
0.330141
0.159594
0.074839
0.105026
0.338658
0.063192
0.092455
0.142361
0.204180
0.049724
0.073275
0.199679
0.022690
0.069680
0.035030
0.163150
0.028180
0.200566
0.105971
0.073467
0.122787
0.076505
0.126642
0.025537
0.194014
0.064716
0.132837
0.049497
0.088458
0.145890
0.062838
0.102950
0.103679
0.033079
0.168594
0.265852
0.151227
0.060603
0.019900
0.181756
0.094355
0.133685
0.048463
0.148300
0.088623
0.263009
0.192679
0.043467
0.150043
0.141434
0.150155
0.174584
0.039375
0.248789
0.104280
0.276640
0.013734
0.043382
0.149116
0.031860
0.138003
0.057123
0.052746
0.145637
0.141809
0.111514
0.063463
0.122610
0.161663
0.278571
0.231362
0.207601
0.145596
0.281461
0.080979
0.008356
0.447445
0.031930
0.050078
0.015532
0.062274
0.108169
0.132138
0.140997
0.159532
0.094439
0.262217
0.119027
0.060288
0.124239
0.112998
0.016595
0.112831
0.064162
0.078255
0.031710
0.111587
0.068771
0.080261
0.078232
0.032252
0.039079
0.366662
0.141645
0.190016
0.135398
0.076049
0.062994
0.020155
0.027872
0.075077
0.028154
0.064559
0.275548
0.136637
0.014725
0.027973
0.258027
0.160539
0.054954
0.135005
0.061092
0.074580
0.200869
0.021075
0.078615
0.245092
0.152062
0.052972
0.172015
0.066592
0.077468
0.114047
0.243992
0.042163
0.180116
0.064387
0.072051
0.093228
0.159280
0.007702
0.065818
0.062879
0.052161
0.107447
0.091641
0.047350
0.190302
0.031463
0.189155
0.169518
0.015346
0.239167
0.278475
0.077489
0.157280
0.118675
0.029522
0.135646
0.058167
0.257762
0.091839
0.096766
0.170083
0.074738
0.046543
0.106337
0.130968
0.204027
0.058308
0.248149
0.244840
0.028019
0.129520
0.218225
0.015432
0.146809
0.085445
0.132746
0.116834
0.030328
0.022775
0.234858
0.060536
0.163464
0.055542
0.009947
0.187193
0.018828
0.010415
0.300046
0.049203
0.070366
0.042297
0.415662
0.328873
0.160687
0.152806
0.217829
0.149916
0.027710
0.198385
0.035451
0.330709
0.085909
0.062934
0.337915
0.044158
0.018631
0.144471
0.122591
0.149568
0.032969
0.100035
0.093871
0.118644
0.237453
0.048963
0.022241
0.151189
0.024241
0.034114
0.055120
0.046950
0.044516
0.056462
0.064556
0.047801
0.046231
0.107628
0.156981
0.260897
0.294242
0.109683
0.189903
0.022582
0.022190
0.202264
0.016285
0.056124
0.038506
0.050216
0.106199
0.168132
0.112548
0.015420
0.110659
0.145635
0.009783
0.121606
0.017372
0.020473
0.078670
0.106363
0.069128
0.045518
0.037790
0.148567
0.059203
0.078816
0.075546
0.236273
0.038673
0.024837
0.114440
0.052901
0.062243
0.109108
0.314212
0.096142
0.245611
0.120605
0.076572
0.099861
0.034862
0.151570
0.132065
0.026127
0.043327
0.164799
0.051206
0.053147
0.064083
0.073884
0.061249
0.133458
0.523751
0.119197
0.068242
0.109561
0.102618
0.136552
0.259191
0.025222
0.131597
0.196600
0.219182
0.179791
0.123451
0.199765
0.201397
0.073175
0.070769
0.108523
0.208445
0.120071
0.107683
0.054531
0.130888
0.086641
0.024493
0.061606
0.062790
0.056596
0.136007
0.132467
0.066213
0.374591
0.087288
0.032552
0.082683
0.027499
0.077254
0.152495
0.110099
0.102087
0.056271
0.156719
0.231458
0.304432
0.081071
0.170910
0.075996
0.198618
0.165448
0.131571
0.078646
0.017479
0.039837
0.063387
0.185415
0.066374
0.256659
0.110475
0.058012
0.111561
0.182059
0.161773
0.011442
0.099440
0.071727
0.139906
0.051772
0.110979
0.106370
0.237233
0.123056
0.153699
0.032839
0.100479
0.069426
0.026099
0.067883
0.175574
0.065163
0.097926
0.129510
0.064104
0.102559
0.062606
0.090317
0.082832
0.082556
0.160525
0.067434
0.092331
0.457366
0.119076
0.045685
0.085496
0.009912
0.125713
0.118967
0.054801
0.066076
0.134302
0.184957
0.028393
0.123071
0.011677
0.180924
