2.401674
2.469980
3.712429
2.445132
2.213859
2.162468
2.090758
2.256398
2.180782
2.114903
2.021602
2.061301
2.046080
2.049263
1.990027
2.003525
2.029837
2.050748
2.028042
2.083051
2.002902
2.002526
1.910640
1.967898
2.082988
1.952842
1.894334
1.926507
1.909108
2.002616
2.056216
1.997015
1.942919
1.967435
1.972611
1.874959
2.024894
1.960446
1.940813
1.959160
1.983143
1.929871
1.954405
1.986087
1.962057
1.942732
1.629388
1.925391
2.005496
2.032074
1.929273
1.949294
1.839813
1.936497
1.925903
1.740273
1.943707
1.864933
1.816284
1.890952
1.853420
1.933466
1.804012
1.851011
1.832973
1.873818
1.852966
1.753934
1.845216
1.935779
1.785510
1.825819
1.744906
1.681205
1.845199
1.861845
2.017422
1.755229
1.750782
1.854067
1.970773
1.955770
1.812480
1.784242
1.778200
1.840528
1.940895
1.848415
1.862760
1.820262
1.848337
1.793311
1.914546
1.922751
1.852613
1.844054
1.912211
1.728330
1.868242
1.890341
1.912766
1.817386
1.722827
1.838005
1.666472
1.787193
1.785739
1.768353
1.839503
1.787565
1.946916
1.761725
1.833431
1.821842
1.799379
1.893857
1.797999
1.843587
1.702911
1.862116
1.808568
1.951550
1.785392
1.760891
1.812194
1.767369
1.861386
1.718967
1.805784
1.945156
1.739515
1.818564
1.765466
1.739289
1.810138
1.824521
1.868608
1.834139
1.663059
1.771170
2.008252
1.852524
1.715793
1.758953
1.748171
1.781028
1.784116
1.718477
1.963898
1.685946
1.804127
1.725085
1.822232
1.805035
1.743353
1.723338
1.781783
1.737816
1.766163
1.607522
1.854385
1.702422
1.750963
1.771620
1.919882
1.811338
1.766766
1.958563
1.663564
1.857965
1.813847
1.723039
1.750044
1.821667
1.855069
1.862696
1.663869
1.845040
1.674716
1.813345
1.782393
2.007500
1.728217
1.771294
1.983458
1.773185
1.737812
1.814352
1.681890
1.625586
1.701109
1.791156
1.744303
1.731894
1.859059
1.796789
1.801590
1.719940
1.901957
1.974038
1.933620
1.847238
1.806652
1.735023
1.760842
1.825196
1.680831
1.742249
1.827574
1.580975
1.899085
1.746280
1.796254
1.910712
1.889188
1.851234
1.725176
1.713989
1.878521
1.827366
1.569021
1.707278
1.785904
1.668903
1.595729
1.889726
1.662131
1.814332
1.805174
1.870757
1.806610
1.904539
1.674873
1.681887
1.923126
1.899586
1.732411
1.665312
1.861147
1.844686
1.746656
1.781525
1.722504
1.623999
1.821710
1.699430
1.844037
1.811196
1.716628
1.597481
1.662896
1.865065
1.669706
1.945654
1.715695
1.647584
1.855501
1.827711
1.734925
1.824966
1.732618
1.655818
1.823511
1.871804
1.790423
1.793720
1.864179
1.899116
1.849865
1.753627
1.687152
1.869458
1.691480
1.817387
1.732712
1.801495
1.787107
1.898357
1.769268
1.708481
1.871745
1.874020
1.651529
1.666895
1.799496
1.890027
1.692742
1.762512
1.873315
1.800746
1.736792
1.724933
1.825393
1.568584
1.781696
1.806652
1.814657
1.831755
1.806771
1.702614
1.908373
1.818128
1.630506
1.681687
1.749945
1.775726
1.823361
1.618192
1.750354
1.826392
1.825547
1.742653
1.874042
1.647713
1.885964
1.784974
1.695642
1.714101
1.787348
1.778248
1.749018
1.799835
1.637168
1.911164
1.632967
1.741256
1.750857
1.683857
1.707008
1.700078
1.713814
1.798487
1.854354
1.767859
1.697315
1.769922
1.752765
1.666702
1.681417
1.885416
1.800282
1.650445
1.698514
1.618993
1.777366
1.756047
1.650092
1.740381
1.635650
1.588471
1.566724
1.745263
1.936501
1.826055
1.790999
1.881761
1.761177
1.763840
1.714381
1.704425
1.714366
1.920722
1.742466
1.693433
1.718439
1.683982
1.786353
1.911523
1.753929
1.858159
1.954736
1.826297
1.631041
1.684198
1.734722
1.523949
1.758546
1.545686
1.716613
1.853888
1.661066
1.906593
1.820773
1.629054
1.684311
1.619820
1.916700
1.790209
1.720515
1.728606
1.708692
1.893581
1.885779
1.714459
1.716983
1.731898
1.688970
1.926477
1.921475
1.715174
1.839749
1.675529
1.736793
1.807757
1.644481
1.826498
1.751212
1.745492
1.807160
1.709381
1.657151
1.729841
1.663225
1.758090
1.659480
1.642782
1.854606
1.741928
1.836038
1.692806
1.556793
1.744632
1.860244
1.721765
1.769139
1.761564
1.811940
1.989793
1.784758
1.655344
1.731276
1.638281
1.742033
1.833073
1.944275
1.848283
1.741475
1.754530
1.666580
1.646118
1.642790
1.699665
1.641831
1.802624
1.828040
1.764040
1.764649
1.593972
1.733220
1.819106
1.679020
1.580898
1.696351
1.928829
1.759002
1.774331
1.836178
1.699987
1.781986
1.683463
1.668391
1.747627
1.892297
1.705916
1.728006
1.708298
1.853697
1.745565
1.826538
1.830383
1.739126
1.775640
1.569386
1.719578
1.613594
1.870234
1.694228
1.666685
1.847012
1.674281
1.748460
1.687104
1.715065
1.712543
1.815579
1.813665
1.635029
1.842270
1.657158
1.767022
1.853898
1.747344
1.719888
1.647476
1.753585
1.690390
1.703941
1.732090
1.668543
1.704957
1.735647
1.640978
1.636778
1.838525
1.745314
1.755578
1.849554
1.737079
1.793654
1.767088
1.790201
1.821959
1.722692
1.627622
1.636931
1.698123
2.158051
1.690772
1.793569
1.749285
1.740692
1.829269
1.838821
1.652106
1.852693
1.725603
1.866458
1.827690
1.747963
1.681974
1.740879
1.780996
2.034972
1.658461
1.726233
1.722638
1.927662
1.771370
1.673360
1.554473
1.552722
1.722795
1.663361
1.576770
1.716462
1.727976
1.627532
1.675591
1.718934
1.612707
1.652373
1.629078
1.583703
1.660925
1.692652
1.704533
1.874185
1.660042
1.741060
1.699165
1.852081
1.634013
1.617949
1.758309
1.715385
1.563103
1.752886
1.710519
1.895253
1.756698
1.729354
1.636704
1.686190
1.803864
1.677035
1.644832
1.800277
1.690397
1.823372
1.672559
1.659193
1.804683
1.584263
1.852421
1.604366
1.721269
1.691088
1.815501
1.835971
1.674992
1.689826
1.688326
1.588095
1.827338
1.722860
1.717036
1.959846
1.601357
1.735398
1.644968
1.705023
1.661288
1.570990
1.757413
1.857565
1.668380
1.808321
1.785617
1.832855
1.673071
1.800652
1.848700
1.708904
1.746480
1.719467
1.669508
1.719907
1.760121
1.579078
1.774674
1.702106
1.860812
1.630191
1.736746
1.734005
1.843840
1.521663
1.666640
1.817345
1.920617
1.642526
1.720246
1.585053
1.779266
1.830371
1.743435
1.632457
1.694759
1.862164
1.743174
1.876094
1.687113
1.731454
1.712143
1.688533
1.664793
1.758361
1.684226
1.634319
1.608328
1.665875
1.686061
1.663865
1.597469
1.626104
1.615146
1.794815
1.708664
1.661530
1.908012
1.618896
1.696573
1.744962
1.638053
1.602857
1.707957
1.640369
1.661689
1.837195
1.692785
1.718785
1.722040
1.753918
1.728343
1.707661
1.835140
1.663161
1.636192
1.687437
1.908083
1.756552
1.658076
1.569174
1.757437
1.671162
1.637141
1.649328
1.724660
1.730607
1.678133
1.825106
1.679184
1.689446
1.670008
1.789150
1.763242
1.689265
1.598452
1.723161
1.517994
1.687297
1.614992
1.826099
1.839116
1.599146
1.645439
1.688212
1.696080
1.818623
1.679261
1.785872
1.782902
1.638907
1.664967
1.677083
1.745394
1.694026
1.798625
1.776626
1.615068
1.798316
1.693123
1.775303
1.687067
1.672479
1.610449
1.548190
1.683482
1.777724
1.813066
1.853552
1.608388
1.739150
1.665961
1.733280
1.724480
1.692671
1.688405
1.763595
1.768884
1.825407
1.631442
1.725402
1.657804
1.705533
1.764012
1.755000
1.636822
1.646946
1.845971
1.747923
2.020703
1.914295
1.593554
1.649659
1.925694
1.548012
1.732164
1.837557
1.616347
1.851970
1.751827
1.882545
1.680972
1.717119
1.926914
1.717688
1.776905
1.752210
1.569318
1.639654
1.692701
1.451711
1.679411
1.719448
1.569027
1.640863
1.616827
1.735361
1.690208
1.866588
1.795140
1.836799
1.705606
1.651066
1.646967
1.775636
1.683115
1.692213
1.766783
1.674747
1.660631
1.722872
1.725981
1.610249
1.587697
1.620788
1.804252
2.044054
1.690513
1.696298
1.576102
1.691451
1.640904
1.690296
1.635300
1.775130
1.734114
1.837883
1.653533
1.570062
1.825760
1.778430
1.799186
1.626873
1.759902
1.604046
1.759162
1.850766
1.880309
1.933966
1.738700
1.667979
1.644360
1.785616
1.652292
1.738785
1.937926
1.684308
1.793879
1.783798
1.759569
2.004435
1.809055
1.917578
1.383245
1.800694
1.772656
1.455338
1.656222
1.897041
1.654687
1.599639
1.591318
1.694773
1.823390
1.681828
1.608435
1.761002
1.615143
1.645090
1.682782
1.576695
1.757827
1.789055
1.731426
1.587318
1.866935
1.674197
1.772169
1.598466
1.707880
1.729430
1.445189
1.721007
1.707332
1.751881
1.766541
1.865258
1.693352
1.694860
1.590728
1.869226
1.705322
1.721448
1.566109
1.845953
1.688911
1.735104
1.683424
1.932094
1.808810
1.847988
1.735171
1.670069
1.827905
1.771748
1.755954
1.600475
1.720549
1.783203
1.654081
1.797814
1.648425
1.609369
1.788090
1.570711
1.698427
1.612681
1.771139
1.649839
1.771757
1.804111
1.477680
1.662291
1.771652
1.728243
1.783293
1.714611
1.839517
1.796980
1.606820
1.984105
1.775061
1.720636
1.645830
1.624743
1.615174
1.604637
1.536171
1.667498
1.849660
1.799463
1.709769
1.812283
1.712505
1.764217
1.675880
1.625283
1.687012
1.675098
1.804809
1.930228
1.800779
1.577811
1.665220
1.641473
1.850580
1.672578
1.712998
1.616215
1.752589
1.958053
1.923447
1.572172
1.820802
1.790315
1.721710
1.676019
1.694951
1.698930
1.815615
1.619476
1.818204
1.617989
1.756036
1.828838
1.727544
1.698875
1.619522
1.578411
1.902354
1.588646
1.713648
1.598124
1.710104
1.662086
1.643789
1.726798
1.697374
1.754131
1.948129
1.738140
1.737860
1.535071
1.769197
1.654481
1.660734
1.744706
1.531185
1.704737
1.723129
1.554391
1.859151
1.717368
1.686511
1.935621
1.573594
1.796112
1.628119
1.770962
1.707840
1.786546
1.770072
1.809412
1.784491
1.793864
1.764929
1.601489
1.745148
1.726892
1.698867
1.772993
1.755142
1.643791
1.605726
1.588084
1.776163
1.610296
1.597405
1.616671
1.738436
1.737505
1.832391
1.560571
1.696301
1.609464
1.604236
1.780275
1.833059
1.532700
1.796641
1.767289
1.892443
1.653585
1.743616
1.616561
1.912524
1.634091
1.570858
1.622030
1.734597
1.739825
1.701731
1.745149
1.754426
1.684484
1.809470
1.661170
1.651958
1.695727
1.693507
1.732659
1.615884
1.755821
1.721108
1.624247
1.819643
1.619055
1.720212
1.691883
1.668028
1.812769
1.883373
1.831118
1.758245
1.741526
1.705309
1.617235
1.611052
1.714886
1.882111
1.735297
1.679533
1.666888
1.685079
1.782795
1.743715
1.497960
1.790174
1.832007
1.712454
1.764498
1.532856
1.696679
1.918517
1.646766
1.703450
1.718339
1.508059
1.760543
1.892043
1.629518
1.822037
1.857214
1.782439
1.665336
1.693707
1.589607
1.800523
1.660673
1.588218
1.785549
1.653035
1.646703
1.739152
1.701096
1.659925
1.674433
1.702838
1.671514
1.766015
1.689547
1.729133
1.878866
1.796833
1.644797
1.581368
1.640087
1.692461
1.575753
1.874585
1.614995
1.685692
1.588397
1.845856
1.760184
1.782751
1.685819
1.616830
1.586403
1.620958
1.812859
1.519497
1.819176
1.679463
1.817465
1.794293
1.831372
1.854109
1.745956
1.769006
1.744748
1.709333
2.005199
1.750436
1.645535
1.720136
1.580603
1.699137
1.594997
1.771207
1.715506
1.734391
1.638783
1.649665
1.755963
1.624631
1.640648
1.715439
1.602327
1.673205
1.787625
1.749213
1.625177
1.742405
1.752780
1.622400
1.622790
1.800249
1.599762
1.781808
1.719997
1.633541
1.634683
1.674427
1.730363
1.765305
1.625772
1.732271
1.639432
1.638553
1.892670
1.810961
1.678192
1.759341
1.560717
1.722795
1.785089
1.845388
1.663838
1.594785
1.634195
1.870482
1.601172
1.746351
1.592396
1.710039
1.668047
1.560811
1.780884
1.532099
1.611414
1.850147
1.862343
1.649439
1.720016
1.784399
1.753028
1.624495
1.729724
1.583251
1.645941
1.674839
1.679456
1.642848
1.758268
1.685667
1.803045
1.583461
1.738998
1.694501
1.683541
1.696014
1.784444
1.664745
1.927154
1.685322
1.685974
1.751135
1.672138
1.589145
1.763314
1.809350
1.688276
1.755795
1.734270
1.826128
1.727183
1.879031
1.490494
1.653148
1.601721
1.732085
1.816239
1.558939
1.649819
1.536723
1.545407
1.643559
1.608274
1.822221
1.702083
1.590163
1.530840
1.720690
1.658358
1.811198
1.661259
1.628972
1.714120
1.662850
1.649144
1.686340
1.726683
1.767679
1.782604
1.667951
1.596740
1.709972
1.636833
1.727793
1.761078
1.782861
1.722441
1.765950
1.582989
1.756944
2.033021
1.607730
1.539825
1.647301
1.818589
1.502346
1.508132
1.785110
1.590432
1.640139
1.685754
1.777152
1.574356
1.631660
1.812243
1.632063
1.661042
1.715455
1.818263
1.763680
1.751562
1.793696
1.586974
1.950661
1.782963
1.543783
1.797550
1.748988
1.628616
1.789888
1.807872
1.675772
1.789498
1.765338
1.589612
1.699722
1.541306
1.540572
1.921339
1.568505
1.757114
1.711203
1.638266
1.739898
1.701542
1.698250
1.626201
1.862619
1.721356
1.650899
1.813317
1.635454
1.801376
1.747578
1.878201
1.733710
1.657118
1.651611
1.714838
1.755117
1.682951
1.605949
1.834269
1.633611
1.671396
1.839154
1.638416
1.627836
1.551896
1.577009
1.774052
1.544455
1.694715
1.649973
1.535811
1.922831
1.618651
1.769845
1.842458
1.519435
1.705564
1.837590
1.674297
1.768617
1.625315
1.617280
1.672772
1.630424
1.785292
1.681452
1.691698
1.713951
1.541772
1.570572
1.748729
1.700934
1.589524
1.798793
1.599157
1.637355
1.787147
1.914182
1.642400
1.558794
1.651484
1.682321
1.726715
1.661097
1.816253
1.717595
1.620975
1.783781
1.920837
1.680469
1.769281
1.693931
1.680965
1.777275
1.674022
1.766766
1.701959
1.561062
1.635348
1.657308
1.765756
1.893587
1.807257
1.479086
1.802450
1.631233
1.732548
1.740611
1.743490
1.557000
1.512086
1.516927
1.631583
1.614845
1.815152
1.733228
1.588793
1.846974
1.713138
1.637798
1.671015
1.690519
1.711906
1.621612
1.755500
1.777756
1.822648
1.560126
1.664264
1.690561
1.767621
1.591106
1.706582
1.668712
1.701588
1.926104
1.697040
1.676471
1.671632
1.704398
1.933536
1.720540
1.691946
1.848816
1.681158
1.701348
1.745751
1.738323
1.621303
1.727379
1.654832
1.769075
1.678274
1.542204
1.572885
1.691911
1.655764
1.866545
1.636484
1.897841
1.622750
1.773037
1.769029
1.732474
2.100973
1.720083
1.633752
1.859554
1.654101
1.568812
1.709796
1.722522
1.671949
1.617986
1.594745
1.655160
1.643973
1.842677
1.660118
1.647663
1.646380
1.626520
1.609656
1.740793
1.837920
1.885790
1.691911
1.727336
1.844687
1.752604
1.791396
1.831276
1.718576
1.619555
1.742790
1.728507
1.776705
1.625737
1.761745
1.694017
1.640410
1.911916
1.672858
1.927823
1.402530
1.794400
1.561635
1.548241
1.810974
1.759576
1.686823
1.760159
1.645828
1.684944
1.548521
1.836780
1.837411
1.658414
1.575593
1.875887
1.649536
1.682231
1.690146
1.717373
1.674948
1.650181
1.728335
1.849123
1.749794
1.803043
1.566866
1.544731
1.711460
1.644858
1.610762
1.739598
1.652595
1.735509
1.776923
1.744050
1.916151
1.650214
1.540187
1.817833
1.617671
1.706941
1.718192
1.476229
1.743862
1.689579
1.839437
1.816891
1.572038
1.593166
1.715868
1.662469
1.644877
1.622604
1.965698
1.833308
1.799360
1.785396
1.695043
1.633235
1.716208
1.564590
1.736656
1.643653
1.828424
1.499900
1.734861
1.630664
1.637798
1.746618
1.529237
1.732399
1.577867
1.498771
1.691428
1.754386
1.647993
1.857634
2.028881
1.630130
1.661446
1.626176
1.723707
1.623075
1.547095
1.848816
1.637122
1.633489
1.795927
1.636476
1.702191
1.575185
1.760980
1.651577
1.671175
1.534240
1.735937
1.754135
1.721312
1.767069
1.944025
1.670703
1.668854
1.823244
1.562808
1.566242
1.670857
1.707285
1.703318
1.584670
1.673469
1.692998
1.666047
1.696882
1.722063
1.716497
1.631720
1.559514
1.717134
1.652989
1.647575
1.815133
1.800389
1.612919
1.768558
1.615955
1.610474
1.572345
1.682530
1.760462
1.841445
1.901142
1.642014
1.796917
1.978564
1.815874
1.789431
1.588654
1.651960
1.709751
1.659539
1.561051
1.755316
1.518912
1.633825
1.708848
1.842627
1.880023
1.794740
1.760707
1.761102
1.767658
1.639839
1.724588
1.860907
1.832447
1.675516
1.575476
1.594633
1.678612
1.648691
1.495608
1.636242
1.793560
1.754197
1.729608
1.739685
1.720150
1.745732
1.573454
1.496444
1.621282
1.602372
1.935166
1.579331
1.813178
1.808341
1.702565
1.581402
1.576013
1.842733
1.571034
1.561934
1.678130
1.796558
1.819174
2.096846
1.791384
1.812573
1.843000
1.766381
1.742509
1.689109
1.636112
1.678773
1.396966
1.542517
1.547635
1.638885
1.706046
1.450345
1.869254
1.820328
1.626193
1.788627
1.708018
1.667894
2.074360
1.547253
1.612458
1.838903
1.624939
1.833280
1.597428
1.630720
1.613520
1.719297
1.558529
1.755933
1.778224
1.673016
1.742990
1.565558
1.640393
1.768306
1.879453
1.635656
1.874437
1.866604
1.511771
1.825971
1.787864
1.588391
1.687833
1.777223
1.561455
1.630737
1.642053
1.735659
1.591459
1.784185
1.690769
1.706528
1.687188
1.750886
1.630331
1.663635
1.557003
1.585523
1.619681
1.633376
1.656434
1.713313
1.646567
1.535089
1.808822
1.698919
1.639588
1.672143
1.574979
1.547036
1.613359
1.645011
1.697360
1.780309
1.662563
1.684616
1.797798
1.757717
1.653303
1.603376
1.687039
1.996798
1.665708
1.735369
1.787624
1.709502
1.757056
1.663557
1.820215
1.588291
1.648818
1.600418
1.720946
1.623399
1.663877
1.700605
1.807526
1.814479
1.805464
1.841931
1.874475
1.707731
1.649468
1.954439
1.587094
1.940159
1.615107
1.654928
1.715150
1.649436
1.685730
1.653072
1.672935
1.584543
1.552116
1.529215
1.497753
1.542658
1.527002
1.742250
1.795295
1.728230
1.846476
1.742362
1.758132
1.660473
1.787595
1.985207
1.647081
1.471102
1.819540
1.610587
1.599769
1.801752
1.530502
1.672035
1.828288
1.863789
1.854888
1.706351
1.645311
1.592789
1.631546
1.744244
1.621685
1.674364
1.724152
1.868970
1.672720
1.693530
1.771764
1.798316
1.760278
1.801737
1.748970
1.794734
1.563410
1.844462
1.551744
1.678428
1.834724
1.488320
1.686604
1.771505
1.686717
1.507385
1.615732
1.783560
1.534455
1.755827
1.446206
1.622585
1.924391
1.931616
1.450689
1.633293
1.599218
1.685211
1.663315
1.760704
1.708736
1.617406
1.662988
1.842974
1.621183
1.864425
1.610430
1.779797
1.680658
1.637813
1.854594
1.656315
1.518513
1.703581
1.611217
1.836075
1.439025
1.731775
1.792694
1.731928
1.699158
1.664362
1.752891
1.769438
1.829619
1.738179
1.690773
1.843017
1.881520
1.701571
1.731547
1.837994
1.568189
1.642057
1.745413
1.736223
1.641457
1.873691
1.620333
1.556808
1.602322
1.587588
1.858858
1.718454
1.632169
1.722496
1.585293
1.614764
1.701768
1.631779
1.597211
1.629903
1.605129
1.726522
1.492317
1.667021
1.745242
1.856823
1.716806
1.904108
1.743407
1.664844
1.724383
1.737072
1.696841
1.477904
1.791058
1.534196
1.556099
1.792543
1.705952
1.778485
1.520798
1.629907
1.748955
1.514705
1.519561
1.607316
1.726164
1.466122
1.864017
1.585636
1.766159
1.881586
1.625328
1.876632
1.595427
1.668635
1.851342
1.635451
1.593451
1.741935
1.474077
1.731709
1.620740
1.753411
1.765345
1.684846
1.572117
1.871832
1.607742
1.602184
1.682408
1.714182
1.802130
1.804376
1.818221
1.698050
1.765035
1.785139
1.851993
1.655743
1.707480
1.954737
1.694237
1.661936
1.813268
1.686051
1.723033
1.620940
1.658809
1.694451
1.645311
1.681123
1.606147
1.716483
1.811288
1.625221
1.626390
1.651544
1.686403
1.560715
1.665746
1.668887
1.716251
1.898520
1.687453
1.699959
1.646337
1.791624
1.653431
1.646292
1.512863
1.748851
1.581417
1.781076
1.748213
1.553379
1.837977
1.703982
1.522865
1.525036
1.637936
1.604526
1.557310
1.620729
1.721658
1.711146
1.668667
1.640628
1.753454
1.641582
1.505260
1.761714
1.529840
1.585513
1.748219
1.830723
1.762821
1.684018
1.621139
1.643618
1.672275
1.674401
1.808321
1.780857
1.550634
1.854728
1.681811
1.623771
1.759622
1.634514
1.549330
1.710300
1.629635
1.631953
1.811009
1.663971
1.474497
1.875324
1.773740
1.630374
1.769623
1.539032
1.723214
1.623728
1.559559
1.766007
1.749169
1.614297
1.547206
1.564680
1.737002
1.848413
1.624097
1.583505
1.576711
1.600977
1.672802
1.660211
1.651117
1.815244
1.705417
1.657102
1.940814
1.635412
1.844215
1.595178
1.609864
1.929125
1.641257
1.708835
1.767580
1.548788
1.690838
1.670650
1.599545
1.495998
1.627886
1.747028
1.821762
1.667924
1.793593
1.715863
1.758314
1.760664
1.756446
1.658650
1.702089
1.632244
1.817365
1.653173
1.758101
1.738247
1.647158
1.908172
1.751384
1.917103
1.813219
1.766618
1.552439
1.763236
1.588937
1.928890
1.708858
1.710378
1.833101
1.804113
1.558405
1.824017
1.659374
1.593665
1.773219
1.668216
1.666444
1.615814
1.850156
1.725887
1.613537
1.532393
1.655551
1.695417
1.744018
1.457072
1.791779
1.809213
1.607855
1.803514
1.541082
1.716428
1.913257
1.597977
1.713042
1.641851
1.754713
1.571246
1.604581
1.587568
1.739126
1.637943
1.588127
1.636613
1.745221
1.749693
1.328732
1.562276
1.917200
1.633025
1.690987
1.631705
1.650031
1.882795
1.682372
1.536731
1.677762
1.835300
1.660295
1.793827
1.536425
1.531185
1.749877
1.653260
1.648487
1.618414
1.656877
1.643573
1.617420
1.653734
1.631855
1.576407
1.754100
1.720821
1.664730
1.539006
1.697441
1.654971
1.629801
1.892487
1.732699
1.696611
1.783559
1.857733
1.633300
1.907045
1.581623
1.795173
1.747305
1.606315
1.436073
1.887407
1.679322
1.437365
1.617431
1.653200
1.726431
1.786183
1.795725
1.670483
1.813993
1.615116
1.741949
1.765859
1.604768
1.727037
1.750947
1.530766
1.624041
1.627704
1.740577
1.797436
1.560211
1.813889
1.445328
1.906691
1.759514
1.858470
1.591248
1.869403
1.737160
1.845405
1.626717
1.637003
1.627753
1.520765
1.600890
1.554406
1.630783
1.571921
1.739727
1.708710
1.526955
1.617293
1.707749
1.637915
1.703274
1.657028
1.606884
1.728047
1.666434
1.657773
1.675640
1.840420
1.755266
1.626973
1.958363
1.663486
1.830760
1.687215
1.552900
1.613626
1.500881
1.719875
1.733080
1.741058
1.782190
1.670053
1.661301
1.943154
1.553796
1.645566
1.594482
1.774334
1.637180
1.563379
1.653522
1.792062
1.732172
1.748147
1.578197
1.667878
1.621145
1.607187
1.700467
1.735537
1.661400
1.634034
1.627377
1.872779
1.707505
1.718519
1.776207
1.542982
1.788591
1.732194
1.530928
1.709005
1.702853
1.572972
1.656628
1.679764
1.608623
1.791261
1.863841
1.575822
1.681127
1.604614
1.566969
1.717473
1.522838
1.780913
1.578372
1.535347
1.743627
1.688798
1.799146
1.856023
1.633094
1.762636
1.643302
1.570375
1.702627
1.572687
1.755450
1.550745
1.749519
1.572444
1.815354
1.804324
1.956533
1.567780
1.725848
1.711939
1.751891
1.747110
1.796929
1.567822
1.739892
1.854030
1.618569
1.603215
1.953030
1.553128
1.500166
1.696838
1.703809
1.611944
1.711841
1.656013
1.739215
1.851982
1.722693
1.614040
1.602942
1.636506
1.682627
1.820644
1.622769
1.655065
1.744893
1.576468
1.595855
1.739779
1.807179
1.671143
1.602323
1.684507
1.850065
1.609546
1.798917
1.750008
1.742470
1.789965
1.654263
1.813676
1.475076
1.581359
1.715784
1.623455
1.668152
1.825997
1.641086
1.681346
1.652963
1.494002
1.647085
1.790512
1.800453
1.677215
1.607645
1.827552
1.727579
1.742420
1.799172
1.709934
1.728952
1.577935
1.917492
1.721173
1.532451
1.697145
1.539551
1.704602
1.604735
1.668586
1.884485
1.649275
1.700213
1.638132
1.776915
1.779679
1.679480
1.765059
1.635663
1.709018
1.625365
1.689873
1.635237
1.852397
1.706206
1.585647
1.575847
1.668538
1.583472
1.569607
1.725585
1.665599
1.859650
1.626851
1.882795
1.785400
1.783258
1.657987
1.565045
1.658221
1.714077
1.482173
1.829033
1.726017
1.714844
1.739706
1.576473
1.633494
1.597465
1.575977
1.712748
1.743189
1.548227
1.723057
1.632473
1.793955
1.747505
1.578152
1.512960
1.825253
1.813209
1.778180
1.591187
1.895239
1.543742
1.652521
1.748457
1.725956
1.753623
1.609124
1.626764
1.851018
1.646652
1.791271
1.798869
1.805605
1.504125
1.658936
1.619165
1.653460
1.841144
1.686209
1.732838
1.760826
1.620394
1.704690
1.717881
1.602993
1.620753
1.749601
1.728384
1.645807
1.606401
1.649770
1.571884
1.741689
1.726942
1.538903
1.635079
1.771504
1.613355
1.787958
1.624162
1.670578
1.737114
1.473931
1.640464
1.619884
1.646499
1.943518
1.735375
1.724816
1.609851
1.553979
1.784461
1.689591
1.768029
1.588700
1.698983
1.641199
1.841904
1.729843
1.628831
1.756811
1.667354
1.740917
1.786786
1.811430
1.618459
1.818177
1.668434
1.814086
1.824613
1.603185
1.701512
1.756939
1.823553
1.608827
1.586694
1.596758
1.799185
1.712143
1.715513
1.611453
1.709092
1.757039
1.706716
1.466709
1.642470
1.819667
1.612187
1.733999
1.614201
1.643916
1.768822
1.838271
1.618913
1.634801
1.646748
1.602005
1.730481
1.706304
1.676196
1.881471
1.507327
1.567245
1.784553
1.791422
1.905571
1.552900
1.622812
1.595021
1.645755
1.652616
1.564916
1.656952
1.688517
1.691463
1.684699
1.823055
1.691622
1.594946
1.760701
1.665525
1.768285
1.718251
1.591815
1.620435
1.415994
1.673486
1.729533
1.614605
2.115662
1.665507
1.675330
1.714790
1.632033
1.656734
1.717205
1.786673
1.722161
1.802866
1.542754
1.722340
1.584970
1.818076
1.686012
1.641503
1.759550
1.555423
1.840525
1.656940
1.597533
1.717871
1.753351
1.698583
1.779345
1.587045
1.597785
1.664696
1.615906
1.804545
1.629819
1.641323
1.778152
1.811486
1.818028
1.583856
1.711835
1.602564
1.476591
1.761998
1.892658
1.565235
1.613533
1.689203
1.637068
1.739208
1.626210
1.641953
1.722311
1.745211
1.616713
1.641063
1.640252
1.500629
1.712161
1.693084
1.631711
1.438618
1.639124
1.712515
1.586434
1.648028
1.656967
1.691409
1.598167
1.544966
1.566272
1.915549
1.749562
1.553094
1.748726
1.654446
1.799176
1.702644
1.759293
1.599247
1.696797
1.554462
1.655022
1.668392
1.608426
1.748868
1.749680
1.702453
1.744070
1.617637
1.605139
1.622013
1.601079
1.755174
1.530345
1.566886
1.689746
1.735440
1.764969
1.725027
1.711974
1.512108
1.587431
1.675140
1.646450
1.656106
1.739472
1.565669
1.677089
1.870184
1.593519
1.671729
1.387233
1.727925
1.765831
1.661791
1.636758
1.779193
1.691808
1.664496
1.667409
1.646606
1.691545
1.795978
1.876373
1.654342
1.666910
1.617846
1.730604
1.510099
1.665724
2.017577
1.660566
1.546536
1.737416
1.550971
1.606041
1.883390
1.630371
1.480736
1.570412
1.527796
1.794181
1.689701
1.550807
1.724553
1.573132
1.569082
1.940897
1.658059
1.730245
1.491947
1.736115
1.536816
1.785102
1.624059
1.658749
1.745628
1.805688
1.662095
1.706307
1.853251
1.777741
1.822500
1.704395
1.747514
1.677139
1.443463
1.583809
1.734184
1.651819
1.673373
1.638208
1.641448
1.672891
1.771983
1.610049
1.520436
1.602310
1.797494
1.619840
1.611512
1.824263
1.667511
1.652046
1.732686
1.463548
1.568079
1.553606
1.351718
1.772164
1.783798
1.690671
1.758090
1.839489
1.627813
1.861439
1.830404
1.748367
1.830477
1.570142
1.746820
1.619474
1.559524
1.723771
1.636544
1.766828
1.666341
1.733161
1.741676
1.550764
1.828880
1.646409
1.572238
1.642801
1.872429
1.424162
1.602328
1.709833
1.596372
1.593881
1.690255
1.504875
1.680390
1.687616
1.824761
1.548578
1.711424
1.809002
1.685882
1.591860
1.901189
1.719221
1.712551
1.808164
1.663753
1.537938
1.795541
1.830765
1.522487
1.616338
1.724559
1.605776
1.548113
1.682444
1.659115
1.626895
1.766489
1.657969
1.719351
1.635161
1.624315
1.643625
1.670636
1.776349
1.813930
1.644362
1.669751
1.711523
1.544408
1.803876
1.646688
1.661057
1.532637
1.677030
1.634623
1.605922
1.736409
1.433063
1.864499
1.699329
1.771171
1.497957
1.698178
1.820282
1.554554
1.614562
1.839160
1.770586
1.453298
1.599992
1.570941
1.619470
1.555600
1.782250
1.614725
1.645789
1.579838
1.674479
1.529420
1.626513
1.653287
1.592737
1.786974
1.900843
1.674709
1.622256
1.667045
1.718059
1.516588
1.839358
1.766035
1.726528
1.644425
1.626911
1.777852
1.689117
1.665809
1.642136
1.642986
1.571798
1.615565
1.753668
1.676280
1.758013
1.468642
1.714394
1.581537
1.780852
1.657411
1.907263
1.558952
1.731686
1.859981
1.479366
1.753460
1.546857
1.693128
1.606642
1.747675
1.625976
1.703808
1.711442
1.560998
1.717622
1.571426
1.660279
1.766804
1.784760
1.686675
1.717773
1.709129
1.771857
1.826086
1.611843
1.719627
1.574077
1.633337
1.611778
1.642518
1.573244
1.726975
1.838098
1.684996
1.784224
1.699749
1.587147
1.506214
1.688357
1.549427
1.607205
1.656052
1.604080
1.685022
1.639233
1.750330
1.535750
1.568727
1.540711
1.688570
1.612172
1.631732
1.635673
1.669523
1.594613
1.707201
1.614347
1.681943
1.644385
1.643719
1.605268
1.501782
1.699876
1.679106
1.552083
1.848993
1.794322
1.699209
1.851341
1.700212
1.577266
1.677932
1.831281
1.593989
1.622275
1.608070
1.663395
1.887416
1.592584
1.812291
1.657527
1.599275
1.486660
1.663902
1.807749
1.637458
1.449835
1.747520
1.523302
1.577294
1.696098
1.645750
1.848908
1.659858
1.936602
1.592227
1.769624
1.726480
1.502498
1.625891
1.773373
1.790965
1.748219
1.710889
1.699938
1.599619
1.669264
1.616156
1.691014
1.601222
1.776459
1.700850
1.923216
1.666928
1.738969
1.497721
1.800809
1.644576
1.603155
1.777524
1.787314
1.555588
1.577331
1.757124
1.686283
1.730040
1.525387
1.642042
1.703733
1.653451
1.597999
1.554544
1.590515
1.641337
1.714374
1.585828
1.594217
1.484418
1.677427
1.578791
1.588550
1.600373
1.779597
1.630414
1.665656
1.866922
1.646023
1.559580
1.552770
1.742544
1.751964
1.570630
1.728280
1.696457
1.706066
1.644413
1.600497
1.697554
1.689999
1.607126
1.578267
1.574269
1.593078
1.731559
1.609146
1.530579
1.755412
1.574432
1.625745
1.725241
1.608432
1.665995
1.730938
1.744190
1.757583
1.739236
1.908484
1.787829
1.701066
1.643957
1.585994
1.685670
1.631785
1.650268
1.567286
1.537935
1.746677
1.704794
1.636456
1.911700
1.676055
1.763491
1.522778
1.716049
1.716543
1.883920
1.451807
1.792898
1.681380
1.680634
1.775382
1.594116
1.733696
1.605060
1.688070
1.731018
1.582285
1.679531
1.696985
1.702796
1.769241
1.696770
1.571240
1.729939
1.744956
1.541266
1.672274
1.720894
1.696496
1.631849
1.691434
1.572592
1.655929
1.567387
1.756621
1.819001
1.806974
1.810766
1.558375
1.581347
1.700124
1.465195
1.738724
1.758735
1.934962
1.702889
1.765924
1.702046
1.761944
1.717489
1.723531
1.550161
1.702714
1.662094
1.738593
1.662785
1.608753
1.546795
1.638995
1.672168
1.520357
1.714146
1.723611
1.555609
1.711972
1.611938
1.575745
1.759744
1.585040
1.783900
1.772826
1.679090
1.809282
1.777942
1.593863
1.866351
1.670737
1.537023
1.795641
1.557215
1.752731
1.715571
1.714835
1.730901
1.591911
1.764882
1.665274
1.546016
1.646967
1.624868
1.647320
1.705486
1.563883
1.733478
1.641019
1.615084
2.033187
1.525287
1.606150
1.758292
1.838214
1.658058
1.644833
1.743824
1.548015
1.632334
1.700778
1.700967
1.715525
1.744908
1.796944
1.779199
1.554193
1.590224
1.829969
1.694669
1.714721
1.678639
1.622699
1.678918
1.605271
1.470803
1.519350
1.725507
1.776092
1.582423
1.915302
1.695195
1.738850
1.600631
1.457458
1.669358
1.802549
1.560281
1.496367
1.710114
1.621695
1.548283
1.764042
1.817504
1.648532
1.553138
1.614530
1.753551
1.790147
1.435569
1.645736
1.588881
1.746897
1.645933
1.541141
1.610886
1.550016
1.756881
1.656409
1.739782
1.904468
1.707958
1.615746
1.543576
1.620709
1.585682
1.674304
1.733052
1.868881
1.573039
1.593139
1.745682
1.707371
1.522781
1.547175
1.563507
1.914966
1.528338
1.777942
1.701297
1.575725
1.946660
1.803759
1.871586
1.654406
1.631648
1.722256
1.726020
1.730312
1.652247
1.654816
1.651397
1.752758
1.767447
1.370942
1.712000
1.797705
1.729821
1.677974
1.708330
1.903566
1.688633
1.767144
1.697334
1.654181
1.464331
1.585695
1.728773
1.796817
1.580365
1.756513
1.725502
1.592291
1.777097
1.791663
1.592841
1.719957
1.590693
1.604948
1.686656
1.718202
1.430167
1.625032
1.862651
1.610330
1.661292
1.879384
1.719417
1.870755
1.663772
1.773523
1.787418
1.651800
1.817702
1.822886
1.781867
1.579245
1.516840
1.526702
1.643638
1.498274
1.763289
1.926583
1.639668
1.697682
1.732394
1.565665
1.641171
1.629759
1.776418
1.924387
1.776647
1.553257
1.524142
1.770060
1.762945
1.684205
1.706504
1.652651
1.701980
1.573032
1.762476
1.669240
1.607518
1.750782
1.641453
1.570725
1.595587
1.762461
1.614874
1.563929
1.589779
1.556897
1.626703
1.551375
1.675111
1.755637
1.509693
1.857553
1.842956
1.644117
1.495106
1.553882
1.799907
1.690607
1.553795
1.789656
1.483872
1.487963
1.631402
1.752903
1.776525
1.803997
1.670486
1.647347
1.815912
2.041899
1.915109
1.616018
1.773646
1.622207
1.623538
1.761903
1.840212
1.611100
1.624482
1.521742
1.512377
1.652448
1.628902
1.679706
1.687143
1.672279
1.477927
1.626401
1.617628
1.661133
1.550599
1.506282
1.680969
1.473711
1.672535
1.545437
1.657572
1.643602
1.731075
1.662136
1.654620
1.781489
1.852360
1.713683
1.852626
1.596771
1.783258
1.698367
1.548266
1.717676
1.717072
1.675989
1.734702
1.599044
1.579360
1.468861
1.645267
1.796665
1.873198
1.708677
1.780449
1.597277
1.624694
1.598136
1.625631
1.665659
1.801661
1.535766
1.442323
1.643012
1.799141
1.516031
1.606144
1.654487
1.590824
1.795822
1.665277
1.757004
1.687723
1.591122
1.652055
1.740876
1.714717
1.545842
1.744280
1.877605
1.741638
1.589164
1.863754
1.734743
1.740567
1.633293
1.655074
1.624707
1.612536
1.526211
1.884148
1.550353
1.680961
1.571740
1.637290
1.742808
1.690376
1.730043
1.754333
1.671513
1.733421
1.495151
1.479191
1.676086
1.840022
1.681028
1.845772
1.588093
1.688709
1.468822
1.815365
1.545763
1.724311
1.672422
1.663146
1.725992
1.714033
1.587448
1.579472
1.610686
1.509081
1.807220
1.751745
1.500711
1.606614
1.666266
1.817770
1.675683
1.742993
1.705448
1.679962
1.854460
1.798562
1.565333
1.722053
1.636343
1.368960
1.665318
1.639824
1.668520
1.659706
1.639728
1.606363
1.683436
1.602031
1.603288
1.744778
1.607821
1.539801
1.637099
1.733744
1.831775
1.707787
1.694495
1.717165
1.647127
1.741960
1.787664
1.541865
1.899900
1.757271
1.692027
1.665133
1.702461
1.760212
1.664363
1.680997
1.742997
1.747510
1.804630
1.797093
1.566978
1.660876
1.607363
1.611058
1.565646
1.820167
1.732895
1.709544
1.634234
1.507569
1.570492
1.625012
1.667572
1.658939
1.746325
1.672518
1.557649
1.616741
1.860351
1.638148
1.390334
1.605945
1.584474
1.615513
1.651630
1.789132
1.692215
1.742562
1.817823
1.971146
1.731033
1.678548
1.579877
1.607853
1.589083
1.785748
1.807405
1.516641
1.632733
1.715903
1.553623
1.447508
1.801449
1.934613
1.510813
1.473262
1.606413
1.789456
1.582110
1.682899
1.664848
1.884313
1.548064
1.553594
1.695634
1.648123
1.745003
1.691926
1.519625
1.716333
1.573741
1.614235
1.794995
1.634296
1.827580
1.829973
1.716269
1.864287
1.673262
1.541678
1.722085
1.656631
1.817873
1.822255
1.650961
1.799078
1.577065
1.615410
1.688125
1.742062
1.541837
1.597831
1.875520
1.620368
1.680075
1.717493
1.722630
1.759889
1.714687
1.814713
1.478715
1.522325
1.674315
1.494380
1.491468
1.693351
1.614155
1.570971
1.719843
1.730514
1.705796
1.673642
1.624942
1.704632
1.496608
1.780296
1.650427
1.564737
1.735719
1.733347
1.578509
1.651178
1.691757
1.619695
1.628692
1.835844
1.764996
1.623840
1.634171
1.596671
1.758345
1.774537
1.531340
1.686954
1.639740
1.865805
1.748330
1.712204
1.606625
1.511420
1.712175
1.707344
1.503954
1.612187
1.746449
1.695061
1.632355
1.815037
1.632012
1.660247
1.664422
1.603695
1.566471
1.448052
1.577354
1.521247
1.817936
1.708153
1.782700
1.824198
1.590069
1.511677
1.680636
1.801939
1.685660
1.599392
1.603988
1.649436
1.681063
1.761844
1.631575
1.678378
1.744874
1.677893
1.778349
1.689332
1.652563
1.797650
1.845407
1.634118
1.709856
1.915809
1.552922
1.651709
1.774318
1.477549
1.607160
1.711105
1.713147
1.556907
1.667742
1.718284
1.699606
1.685112
1.802928
1.778165
1.674394
1.670498
1.646902
1.601516
1.716526
1.551639
1.661535
1.701887
1.724241
1.596151
1.692758
1.711769
1.628248
1.510607
1.952107
1.520912
1.658266
1.481807
1.670645
1.670556
1.729068
1.679033
1.585374
1.624859
1.563523
1.695161
1.781670
1.553196
1.609868
1.718898
1.667811
1.639225
1.573662
1.511102
1.543297
1.771296
1.591255
1.691437
1.585280
1.628542
1.682787
1.854636
1.703835
1.994979
1.687621
1.824251
1.735929
1.784767
1.742469
1.701625
1.477111
1.647860
1.702649
1.747091
1.615329
1.796909
1.841799
1.547698
1.724334
1.881888
1.661704
1.773131
1.639960
1.649133
1.789310
1.882056
1.531544
1.718923
1.637132
1.532113
1.810166
1.839948
1.678385
1.723420
1.522630
1.459162
1.698725
1.648712
1.389200
1.709257
1.654420
1.719340
1.588603
1.895439
1.741603
1.767362
1.507934
1.627340
1.639054
1.728937
1.685302
1.579555
1.755123
1.729728
1.619848
1.543544
1.689365
1.648741
1.760389
1.782069
1.607974
1.741307
1.665956
1.613916
1.624875
1.621867
1.685372
1.681309
1.898970
1.576235
1.481918
1.498820
1.892896
1.571980
1.755828
1.619021
1.667896
1.706380
1.672553
1.731808
1.570627
1.746451
1.540904
1.691849
1.621537
1.596001
1.730016
1.637018
1.797304
1.579286
1.642780
1.667684
1.802493
1.593900
1.542306
1.810330
1.731158
1.617180
1.587832
1.769157
1.512783
1.632297
1.608839
1.816769
1.585409
1.628070
1.863239
1.738378
1.744121
1.643897
1.615641
1.785986
1.842989
1.663492
1.539573
2.134047
1.520144
1.692801
1.726865
1.640781
1.620996
1.753269
1.677962
1.499143
1.716947
1.579898
1.523199
1.671448
1.580961
1.710253
1.535859
1.533461
1.573299
1.739894
1.848147
1.716232
1.708359
1.713664
1.770651
1.801094
1.711215
1.722934
1.562561
1.616757
1.629314
1.689301
1.801788
1.731239
1.790796
1.755521
1.722495
1.597396
1.781994
1.660141
1.516086
1.579661
1.631507
1.813713
1.644153
1.716340
1.758224
1.632207
1.299820
1.715284
1.479488
1.521936
