2.361553
2.053507
1.855555
2.283768
2.209848
2.223912
2.169393
2.114917
1.235318
2.148845
1.787650
1.595958
1.132528
0.956498
0.647968
0.719302
0.738356
0.760939
0.600088
0.729971
0.847797
0.619161
0.582696
0.717516
0.749178
0.692537
0.563894
0.398645
0.454659
0.469389
0.702897
1.025809
0.452798
0.285682
0.511846
0.258636
0.280006
0.409051
0.903143
0.684737
1.586443
0.721616
0.575343
0.538818
0.348167
0.364478
0.423204
0.457011
0.211716
0.444353
0.422835
0.475353
0.396315
0.399895
0.751806
0.335466
0.412997
0.536584
0.713642
0.854498
1.244356
0.769894
0.411451
0.368796
0.555652
0.470727
0.402505
0.315213
0.355285
0.329086
0.341975
0.186418
0.317038
0.393551
0.457571
0.177185
0.268126
0.351382
0.549743
0.266681
0.480087
0.347854
0.400376
0.355019
0.687200
0.413731
0.656237
0.585773
0.393056
0.464346
0.368734
0.442792
0.220919
0.308430
0.382852
0.252793
0.114218
0.236468
0.375237
0.534617
0.611975
0.250834
0.415113
0.346552
0.251270
0.312492
0.268698
0.874290
1.805023
0.791272
0.387269
0.326136
0.649627
0.349606
0.308566
0.416233
0.189341
0.394208
0.215213
0.294825
0.248212
0.394852
0.412643
0.388259
0.171809
0.794796
0.212825
0.209586
0.281843
0.211201
0.254857
0.258626
0.282155
0.263189
0.305782
0.306205
0.828506
1.374470
1.039700
0.612475
0.211261
0.460821
0.387809
0.695753
0.295145
0.288243
0.421746
0.427294
0.310296
0.356670
0.301807
0.435740
0.373177
0.291669
0.363239
0.219363
0.274338
0.226719
0.261733
0.394229
0.255548
0.304701
0.366651
0.465442
0.210065
0.251342
0.176724
0.312998
0.289811
0.534546
0.519786
0.276409
0.148816
0.524781
0.341584
0.184696
0.239931
0.499619
0.933111
0.769368
1.098080
0.483141
0.447724
0.374693
0.226662
0.512344
0.339107
0.322810
0.201854
0.287082
0.362628
0.395423
0.326916
0.181510
0.289285
0.227226
0.296933
0.171935
0.206885
0.127189
0.243369
0.311130
0.270300
0.304473
0.258003
0.460633
0.354207
0.174988
0.203542
0.350990
0.134826
0.564725
0.393211
0.181980
0.190392
0.334884
0.154280
0.173678
0.243271
0.246535
0.201968
0.258870
0.350049
0.482693
0.623250
0.517972
0.260595
0.277663
0.330651
0.285262
0.406478
0.331681
0.398567
0.179762
0.458052
0.287157
0.171881
0.408548
0.288468
0.113212
0.343536
0.370979
0.318878
0.299354
0.275793
0.355916
0.584041
0.486669
0.304117
0.342612
0.626330
0.358012
0.209887
0.247672
0.280841
0.245110
0.228735
0.215721
0.323384
0.449130
0.498843
0.410370
0.197383
0.213538
0.201293
0.319650
0.448529
0.095764
0.498803
0.217088
0.361477
0.263627
0.441667
0.280257
0.334052
0.421584
0.248872
0.209004
0.328116
0.348530
0.439686
0.326946
0.344914
0.439202
0.222305
0.338582
0.632674
0.069679
0.690516
0.721258
0.296815
0.123884
0.255781
0.294539
0.137605
0.213198
0.322395
0.208527
0.231608
0.484302
0.176761
0.213164
0.275586
0.199689
0.180594
0.388512
0.326124
0.253601
0.364948
0.485285
0.291010
0.255467
0.145680
0.176446
0.338648
0.326752
0.228442
0.281904
0.289062
0.355615
0.365769
0.254460
0.260110
0.399282
0.218823
0.333301
0.393509
0.271984
0.479549
0.153322
0.413897
0.292122
0.300576
0.233666
0.667049
0.449628
0.377277
0.321373
0.548638
0.476814
0.383736
0.399018
0.165536
0.478622
0.184430
0.217423
0.156932
0.228894
0.270439
0.311203
0.167619
0.247704
0.267856
0.239431
0.156887
0.284315
0.186502
0.234598
0.180767
0.188367
0.356660
0.431320
0.245065
0.192409
0.249529
0.221426
0.169490
0.361402
0.296903
0.224411
0.256401
0.470500
0.287663
0.198548
0.350033
0.319121
0.499442
0.484524
0.401320
0.653080
0.270277
0.203751
0.224925
0.436434
0.202083
0.333970
0.933728
1.148880
0.553618
0.363497
0.329072
0.141918
0.258472
0.146902
0.260940
0.238341
0.167804
0.398469
0.295354
0.192566
0.400576
0.315360
0.499036
0.373865
0.284680
0.313284
0.197673
0.289629
0.280710
0.227519
0.202062
0.282071
0.196193
0.222432
0.118750
0.179605
0.183815
0.468611
0.568343
0.340520
0.265625
0.321281
0.268704
0.324425
0.669735
0.602279
0.451962
0.278580
0.386943
0.265831
0.240078
0.479647
0.438961
0.447218
0.449050
0.291575
0.361130
0.246685
0.410506
0.237670
0.228417
0.240547
0.222268
0.217609
0.209340
0.341606
0.804837
0.351920
0.133950
0.231957
0.180127
0.248687
0.219272
0.278298
0.186522
0.178740
0.179538
0.160437
0.260491
0.484923
0.260303
0.311612
0.233353
0.325414
0.295539
0.145156
0.231302
0.424917
0.343290
0.322723
0.384722
0.176186
0.122751
0.244046
0.214153
0.137198
0.225153
0.286242
0.285419
0.221226
0.371649
0.142620
0.266998
0.195130
0.182330
0.219958
0.117856
0.179711
0.236013
0.492099
0.607607
0.708009
0.331986
0.242038
0.144289
0.502000
0.165043
0.199599
0.339827
0.183998
0.173327
0.367286
0.296610
0.324270
0.208595
0.342961
0.280181
0.208298
0.304667
0.293609
0.244407
0.274059
0.266754
0.376705
0.382459
0.140784
0.540557
0.415661
0.253152
0.488956
0.570804
0.163658
0.226120
0.162871
0.235135
0.314092
0.305727
0.248288
0.474865
0.482627
0.362477
0.185749
0.243569
0.327694
0.214605
0.284057
0.495572
0.292191
0.869198
0.374131
0.349464
0.287177
0.655137
0.310865
0.383492
0.532590
0.352854
0.485616
0.342888
0.324061
0.439849
0.189689
0.268398
0.287251
0.270736
0.193665
0.226333
0.271911
0.139930
0.188478
0.231803
0.303682
0.255382
0.365367
0.563753
0.377726
0.316982
0.233718
0.246325
0.268439
0.227246
0.165179
0.194445
0.414597
0.214296
0.269705
0.123635
0.122915
0.174449
0.242506
0.228769
0.284041
0.176470
0.242617
0.245257
0.239325
0.297011
0.698733
0.259301
0.533778
0.292425
0.309064
0.171281
0.148548
0.248027
0.160390
0.216204
0.217924
0.259632
0.240759
0.107177
0.286765
0.341117
0.236584
0.163734
0.162673
0.392336
0.880827
0.927441
0.693936
0.421796
0.350621
0.572356
0.162610
0.371648
0.266445
0.294764
0.313500
0.398794
0.266906
0.267846
0.354443
0.245644
0.295509
0.257371
0.182773
0.185300
0.189654
0.393265
0.235126
0.227014
0.201401
0.231046
0.317421
0.233087
0.160203
0.112514
0.326715
0.314920
0.204558
0.160298
0.196970
0.174129
0.207947
0.157827
0.279836
0.227677
0.499349
0.438636
0.195663
0.551904
0.244878
0.318439
0.195639
0.268748
0.368526
0.237357
0.209014
0.355717
0.196096
0.359239
0.350231
0.338368
0.356716
0.246587
0.522297
0.888556
0.602718
0.521452
0.670263
0.384799
0.511120
0.187419
0.356381
0.258216
0.173358
0.310161
0.329635
0.152640
0.196958
0.137706
0.241406
0.212448
0.278252
0.330407
0.320391
0.161145
0.280350
0.174049
0.217670
0.083947
0.273735
0.155144
0.269627
0.288369
0.160677
0.360682
0.252926
0.188955
0.483924
0.533807
0.432272
0.514356
0.272583
0.313921
0.199934
0.168279
0.239681
0.140807
0.328606
0.530820
0.253845
0.332674
0.444749
0.201867
0.175807
0.243795
0.330323
0.211784
0.403588
0.436004
0.442793
0.463710
0.275861
0.323378
0.179657
0.277467
0.202387
0.377190
0.257772
0.220061
0.297154
0.277475
0.529134
0.309992
0.257997
0.257894
0.304155
0.317713
0.304970
0.356518
0.453461
0.817004
0.514941
0.314810
0.301110
0.211620
0.369377
0.242254
0.261883
0.289013
0.224722
0.284630
0.436130
0.355697
0.153614
0.175792
0.168368
0.276613
0.305737
0.377982
0.291856
0.147524
0.266346
0.224453
0.294584
0.397893
0.110476
0.207396
0.170850
0.173377
0.071351
0.201829
0.227550
0.123071
0.257759
0.322231
0.243881
0.396213
0.313452
0.261799
0.232206
0.294848
0.363209
0.137636
0.271739
0.641173
0.222180
0.286554
0.121769
0.159702
0.266757
0.113543
0.213247
0.143315
0.515044
0.357116
0.229427
0.233741
0.336709
0.216458
0.219651
0.383927
0.604090
0.268453
0.365655
0.388830
0.334654
0.227664
0.246214
0.526484
0.206168
0.317468
0.314370
0.275840
0.361577
0.271301
0.251062
0.378953
0.203330
0.115427
0.301342
0.187092
0.103300
0.286078
0.275916
0.328079
0.510937
0.350835
0.425823
0.388859
0.329491
0.229911
0.218784
0.226774
0.233671
0.323041
0.247545
0.152374
0.251778
0.149131
0.203937
0.288632
0.503316
0.353145
0.268851
0.359462
0.192260
0.182983
0.289278
0.343280
0.142179
0.331088
0.393239
0.366269
0.313965
0.282484
0.181635
0.249506
0.382213
0.240648
0.116583
0.278332
0.145585
0.625391
0.232357
0.477812
0.132564
0.144944
0.232021
0.218454
0.200637
0.314444
0.282335
0.378327
0.588898
0.339976
0.258103
0.382066
0.379771
0.098180
0.356936
0.128055
0.162847
0.153003
0.190973
0.572138
0.298347
0.252364
0.429908
0.418437
0.404249
0.357400
0.252319
0.345266
0.283621
0.272834
0.205811
0.419498
0.159601
0.293609
0.158600
0.132605
0.275406
0.165355
0.507861
0.248717
0.159670
0.413946
0.480819
0.175377
0.278049
0.282173
0.159772
0.192320
0.164859
0.232677
0.354050
0.314018
0.170737
0.218053
0.245584
0.257555
0.136785
0.249733
0.180782
0.271002
0.228092
0.140972
0.192264
0.304910
0.208964
0.489411
0.329797
0.426831
0.215471
0.196041
0.135846
0.310948
0.313973
0.095828
0.476051
0.200037
0.282926
0.332291
0.344655
0.473613
0.695871
0.242629
0.172421
0.281405
0.188758
0.290431
0.244083
0.160090
0.262269
0.218573
0.232449
0.335303
0.386064
0.347180
0.136743
0.244451
0.174330
0.513610
0.321589
0.275951
0.194605
0.108965
0.200691
0.171521
0.332550
0.199375
0.295791
0.142239
0.139420
0.463551
0.166240
0.282491
0.195506
0.189244
0.367596
0.288481
0.733373
0.177733
0.315890
0.264886
0.281021
0.164195
0.228210
0.175248
0.141520
0.291030
0.134721
0.226192
0.275427
0.329413
0.392609
0.245122
0.190408
0.321670
0.149686
0.684994
0.930561
1.388320
0.351118
0.328215
0.533169
0.271128
0.463764
0.322014
0.275243
0.239450
0.679329
0.199545
0.211727
0.386647
0.315758
0.338941
0.367622
0.110300
0.314325
0.316685
0.320382
0.292677
0.288518
0.387515
0.384542
0.452082
0.164110
0.238152
0.280019
0.271577
0.514348
0.263358
0.169771
0.230203
0.196205
0.227408
0.221643
0.215070
0.149694
0.202430
0.284025
0.296740
0.288195
0.263641
0.318642
0.535806
0.287645
0.514337
0.145846
0.166653
0.195676
0.255006
0.300768
0.335104
0.666695
0.285213
0.176728
0.254796
0.408200
0.354907
0.353460
0.527599
0.607988
0.224290
0.313267
0.296219
0.182428
0.291961
0.393563
0.318939
0.352762
0.164056
0.186545
0.168934
0.193773
0.351059
0.062920
0.356558
0.156299
0.228947
0.369493
0.157621
0.168100
0.123426
0.143581
0.255242
0.234424
0.221284
0.297490
0.246130
0.093601
0.376724
0.234773
0.392556
0.194697
0.258376
0.152060
0.241097
0.449675
0.462952
0.242650
0.222517
0.242058
0.143571
0.250793
0.341960
0.096490
0.235077
0.108435
0.234200
0.364488
0.503981
0.830870
2.053839
0.760738
0.688643
0.297056
0.302725
0.420109
0.260174
0.370042
0.293346
0.154807
0.414409
0.183636
0.195352
0.268894
0.227306
0.214906
0.116610
0.299109
0.279847
0.303047
0.290255
0.562886
0.255955
0.205369
0.321880
0.346620
0.189229
0.520934
0.277297
0.253994
0.153280
0.403009
0.330469
0.269250
0.457179
0.248921
0.346186
0.533217
0.390202
0.327415
0.234563
0.206040
0.164113
0.272105
0.104377
0.363858
0.651961
0.531458
0.253491
0.505203
0.286581
0.319847
0.208340
0.263324
0.435539
0.529646
0.273337
0.339298
0.324197
0.354056
0.185630
0.279932
0.083224
0.209307
0.157044
0.167904
0.254992
0.416517
0.145701
0.282021
0.687073
1.312188
0.508070
0.388325
0.259307
0.355691
0.408668
0.468723
0.234757
0.111093
0.263625
0.217193
0.343657
0.247679
0.209153
0.283813
0.383540
0.394757
0.401051
0.340527
0.102506
0.215667
0.357497
0.121220
0.241737
0.254514
0.379536
0.264854
0.219163
0.248366
0.360611
0.167508
0.207461
0.319660
0.356242
0.240551
0.313438
0.154212
0.398694
0.139076
0.296556
0.140103
0.215292
0.175788
0.266322
0.320813
0.468055
0.695240
0.886104
0.257994
0.318532
0.275002
0.289821
0.167475
0.236441
0.278535
0.251724
0.148275
0.265734
0.358984
0.269609
0.269031
0.260291
0.227565
0.205894
0.141636
0.184218
0.247146
0.211452
0.291763
0.439625
0.549500
0.365912
0.222549
0.139141
0.094642
0.291660
0.118662
0.319293
0.383305
0.397473
0.433378
0.562706
0.161179
0.262886
0.324993
0.356232
0.193501
0.311205
0.238736
0.275423
0.536902
0.135933
0.348513
0.217813
0.319370
0.376510
0.303343
0.168336
0.282432
0.165126
0.218098
0.117564
0.079693
0.407991
0.312092
0.371772
0.506932
0.175907
0.431178
0.318417
0.250419
0.525561
0.305690
0.350504
0.347266
0.408060
0.233554
0.432067
0.338221
0.443303
0.472796
0.356166
0.288665
0.236327
0.275540
0.304922
0.409966
0.431387
0.298627
0.317544
0.356022
0.188430
0.359882
0.255774
0.234157
0.164849
0.120718
0.257412
0.199504
0.239035
0.138021
0.193179
0.151582
0.458281
0.356566
0.395104
0.544689
0.412103
0.104323
0.279472
0.215341
0.203460
0.331272
0.179275
0.219683
0.296618
0.303955
0.248578
0.237993
0.285948
0.091964
0.103519
0.147322
0.219698
0.163014
0.277409
0.432368
0.673928
1.101154
0.459691
0.266347
0.323487
0.264440
0.237314
0.241092
0.167685
0.349645
0.321969
0.378355
0.282123
0.227795
0.253357
0.311254
0.321860
0.118456
0.310444
0.319916
0.296277
0.209784
0.193615
0.247064
0.225518
0.264648
0.185824
0.270598
0.185235
0.221388
0.312461
0.226635
0.220618
0.370326
0.365310
0.164119
0.225875
0.193188
0.200552
0.205169
0.451763
0.240176
0.077876
0.307735
0.125553
0.240644
0.207387
0.189679
0.230866
0.336240
0.204642
0.495011
0.293945
0.468024
0.327752
0.325912
0.340671
0.116344
0.278740
0.171950
0.310829
0.245990
0.290228
0.209590
0.468999
0.383263
0.339009
0.262718
0.180452
0.286994
0.360619
0.240292
0.631288
0.502757
0.152304
0.136112
0.338529
0.391275
0.409741
0.584156
0.856982
0.345728
0.251285
0.215466
0.429824
0.266763
0.208752
0.235371
0.552293
0.176408
0.142328
0.275378
0.273897
0.275302
0.626977
0.236631
0.234607
0.316586
0.221696
0.308688
0.224837
0.193668
0.363330
0.355868
0.317810
0.284694
0.140787
0.173086
0.161418
0.126920
0.189400
0.137318
0.518245
0.173289
0.377562
0.321754
0.583414
0.196970
0.333787
0.307288
0.296552
0.176901
0.266740
0.617332
0.288206
0.321751
0.301483
0.583344
0.523707
0.211327
0.188764
0.255910
0.311487
0.337869
0.178423
0.164395
0.375171
0.316390
0.516447
0.209489
0.456222
0.177530
0.133292
0.149829
0.156603
0.400894
0.299866
0.200247
0.263765
0.266623
0.238563
0.162051
0.263054
0.179235
0.238446
0.309157
0.979686
0.575412
0.303875
0.447172
0.207736
0.295089
0.296836
0.258022
0.217295
0.145395
0.490134
0.197619
0.277968
0.129689
0.325759
0.173416
0.226024
0.261648
0.361087
0.112185
0.488918
0.258586
0.290738
0.338861
0.200493
0.280794
0.328839
0.547337
0.956408
0.423918
0.228004
0.369583
0.305091
0.151846
0.196868
0.350338
0.296106
0.193259
0.193388
0.178571
0.221463
0.297934
0.182417
0.203705
0.170931
0.165527
0.370552
0.261021
0.295787
0.148935
0.198942
0.151461
0.175084
0.287949
0.148948
0.183958
0.120847
0.297528
0.204428
0.256950
0.823169
0.286771
0.314528
0.208357
0.283262
0.383554
0.210609
0.319137
0.325950
0.205647
0.213333
0.490939
0.273305
0.289012
0.150818
0.184080
0.346096
0.153192
0.432478
0.322986
0.229346
0.356470
0.281344
0.370387
0.242203
0.300907
0.418500
0.189180
0.353478
0.185291
0.270330
0.223850
0.361739
0.139759
0.219114
0.569308
0.225025
0.208212
0.225821
0.346011
0.291702
0.309168
0.294572
0.188678
0.420593
0.204948
0.398117
0.339446
0.265889
0.224831
0.276662
0.328911
0.098280
0.340100
0.393390
0.262514
0.359209
0.755553
0.340414
0.229312
0.185811
0.281050
0.232803
0.165903
0.261110
0.295475
0.314159
0.296170
0.232782
0.228741
0.189585
0.318079
0.483372
0.692796
0.346134
0.299757
0.246529
0.338779
0.471479
0.374248
0.448748
0.615311
0.438716
0.315554
0.257549
0.261592
0.382884
0.171727
0.296907
0.162676
0.124436
0.424799
0.208438
0.128852
0.160603
0.223190
0.235259
0.259362
0.137965
0.177969
0.431823
0.258263
0.462157
0.485844
0.685806
0.163999
0.416467
0.291129
0.641521
0.281139
0.363344
0.363069
0.309309
0.185425
0.303918
0.201035
0.202685
0.298420
0.201382
0.275543
0.385091
0.168991
0.304974
0.225682
0.164180
0.234744
0.365172
0.223782
0.119537
0.203826
0.121532
0.118953
0.295750
0.278365
0.147383
0.204830
0.172285
0.240733
0.123818
0.182368
0.259455
0.142196
0.134832
0.344416
0.145248
0.419141
0.203533
0.154815
0.285956
0.293295
0.277660
0.186746
0.240326
0.247216
0.280200
0.431068
0.255777
0.391530
0.343345
0.345623
0.199528
0.315293
0.340601
0.461266
0.473248
0.272688
0.170486
0.500512
0.216631
0.270484
0.398787
0.197638
0.350695
0.264124
0.396713
0.460609
0.461319
0.431758
0.252993
0.239678
0.442612
0.599238
0.333873
0.349885
0.187844
0.150431
0.206797
0.283049
0.195789
0.306166
0.187478
0.231161
0.268698
0.273471
0.223525
0.109338
0.113562
0.270979
0.138628
0.213873
0.506723
0.283248
0.375943
0.270381
0.159355
0.384023
0.433077
0.261572
0.236787
0.243150
0.150306
0.272371
0.327989
0.483794
0.391660
0.352184
0.246511
0.156365
0.163537
0.115572
0.115418
0.201213
0.362292
0.162697
0.298280
0.209957
0.217148
0.233882
0.420546
0.113091
0.239258
0.194916
0.334148
0.273033
0.407819
0.245502
0.329225
0.250445
0.201546
0.204591
0.186263
0.216705
0.572102
0.512413
0.161617
0.180144
0.238486
0.308189
0.611688
0.153052
0.266076
0.433327
0.212544
0.327455
0.567631
0.870820
0.356427
0.486646
0.271447
0.105207
0.276365
0.264285
0.189814
0.167291
0.405204
0.246856
0.203631
0.295081
0.277795
0.412583
0.568709
0.604038
0.154574
0.329396
0.181541
0.279689
0.162243
0.233443
0.237444
0.200325
0.173912
0.202753
0.293571
0.252143
0.364713
0.153892
0.238854
0.202223
0.364114
0.101221
0.230524
0.273543
0.290868
0.285143
0.408885
0.187742
0.107509
0.182006
0.121739
0.281011
0.181694
0.255056
0.226519
0.649546
0.157324
0.358497
0.131671
0.101462
0.403337
0.310985
0.195751
0.183790
0.220454
0.230464
0.235470
0.176213
0.205676
0.314975
0.348830
0.097989
0.426651
0.255865
0.327789
0.164109
0.122682
0.236656
0.245939
0.548957
0.288756
0.256316
0.307005
0.466518
0.405262
0.251304
0.204628
0.317535
0.244564
0.276312
0.137594
0.180390
0.288377
0.247204
0.239751
0.112217
0.403464
0.437712
0.444456
0.615343
0.275240
0.170394
0.402077
0.241246
0.339213
0.340485
0.187705
0.276620
0.512527
0.474373
0.358955
0.415923
0.412632
0.320526
0.460554
0.231955
0.365839
0.241902
0.390062
0.309664
0.514079
0.175893
0.164384
0.241918
0.228983
0.629034
0.232282
0.224948
0.137388
0.260787
0.254957
0.170169
0.219738
0.159043
0.079649
0.259816
0.275876
0.225786
0.130744
0.178599
0.198869
0.270726
0.178487
0.455064
0.372961
0.418702
0.329849
0.304484
0.291748
0.272316
0.602116
0.227403
0.161951
0.182714
0.125747
0.259735
0.245679
0.136636
0.241490
0.182461
0.256505
0.522250
0.243263
0.227880
0.507036
0.181273
0.310793
0.155308
0.281266
0.295013
0.205876
0.198712
0.240918
0.197143
0.231501
0.219546
0.143668
0.215295
0.205429
0.115015
0.245609
0.156618
0.144438
0.142565
0.372582
0.379265
0.280178
0.461582
0.265285
0.425792
0.125246
0.254041
0.281587
0.396020
0.099654
0.158983
0.505691
0.315113
0.207339
0.176154
0.189564
0.385735
0.420011
0.295823
0.254004
0.449528
0.193710
0.340109
0.319172
0.186273
0.363429
0.435427
1.437130
1.947097
0.569481
0.527537
0.561203
0.343617
0.220340
0.297781
0.405327
0.483495
0.211545
0.149965
0.468797
0.258505
0.276615
0.283476
0.162545
0.168323
0.279269
0.183982
0.343746
0.188853
0.249965
0.245812
0.314422
0.576868
0.770495
0.155635
0.255293
0.399001
0.204990
0.494792
0.437624
0.460806
0.102037
0.234677
0.315160
0.354289
0.349667
0.269971
0.228202
0.173226
0.121970
0.211419
0.322255
0.142435
0.220642
0.170379
0.294939
0.272726
0.272637
0.126061
0.106091
0.295316
0.422579
0.485842
0.255823
0.423779
0.329612
0.393638
0.345556
0.341109
0.196425
0.205470
0.118247
0.284863
0.163915
0.181253
0.463605
0.352074
0.323045
0.235045
0.271979
0.206170
0.252141
0.306807
0.202262
0.126149
0.123318
0.196550
0.272761
0.253160
0.300445
0.264909
0.349602
0.159265
0.210508
0.423663
0.360370
0.166698
0.301739
0.383801
0.402558
0.151031
0.234404
0.230495
0.356445
0.221089
0.335207
0.198194
0.240325
0.240116
0.118109
0.254654
0.489156
0.319169
1.141569
3.036767
0.938883
1.065172
0.630161
0.999100
0.659179
0.432386
0.430849
0.556897
0.238859
0.208712
0.569916
0.363549
0.230640
0.372070
0.429403
0.278888
0.336577
0.131749
0.131724
0.378380
0.340379
0.457440
0.237050
0.163967
0.222045
0.440698
0.403583
0.385465
0.139060
0.277638
0.326094
0.094249
0.166875
0.190384
0.151576
0.330453
0.280526
0.330592
0.239446
0.222743
0.435883
0.382989
0.257030
0.398590
0.804607
0.218480
0.155000
0.112772
0.218504
0.202383
0.157530
0.117901
0.168789
0.203167
0.239740
0.384647
0.198807
0.283481
0.388211
0.135752
0.485423
0.093307
0.280773
0.181482
0.344070
0.379809
0.411800
0.136553
0.175852
0.224926
0.373518
0.227795
0.328805
0.194664
0.311462
0.382511
0.336879
0.211488
0.277256
0.197521
0.388313
0.214786
0.202783
0.268211
0.608887
0.316789
0.145605
0.400800
0.387349
0.367658
0.215121
0.243284
0.291970
0.169853
0.143505
0.224167
0.360509
0.270632
0.261288
0.189342
0.110019
0.206947
0.290512
0.197747
0.211022
0.224302
0.167202
0.410587
0.633428
0.531781
0.343238
0.234889
0.235145
0.144092
0.233893
0.304784
0.213099
0.162734
0.288583
0.337073
0.240325
0.603585
0.425901
0.316950
0.257256
0.176174
0.159172
0.095885
0.187309
0.169854
0.232554
0.077777
0.226569
0.331333
0.229296
0.216677
0.094614
0.226123
0.435812
0.356176
0.797094
0.280930
0.320262
0.310291
0.359928
0.196515
0.187865
0.260817
0.209902
0.497796
0.140313
0.386540
0.148893
0.268634
0.290918
0.396249
0.338781
0.152136
0.239489
0.398813
0.382939
0.204340
0.281123
0.171047
0.310413
0.222578
0.208410
0.244235
0.215792
0.367403
0.191170
0.231522
0.414556
0.198296
0.115578
0.126078
0.416581
0.579516
0.210451
0.157687
0.219473
0.126551
0.215230
0.157663
0.288397
0.141668
0.343727
0.206017
0.321570
0.372298
0.264522
0.264193
0.270907
0.351553
0.314822
0.210503
0.143944
0.221232
0.338741
0.340556
0.207440
0.171535
0.176488
0.112198
0.190295
0.448600
0.233878
0.293430
0.186629
0.255250
0.101504
0.147618
0.219246
0.203617
0.287953
0.398308
0.421877
0.229669
0.257002
0.195623
0.485625
0.550709
0.471747
0.629618
0.160565
0.350272
0.287202
0.163437
0.185394
0.526605
0.553795
0.423683
0.259114
0.273007
0.455651
0.193591
0.267786
0.240356
0.286761
0.184381
0.320614
0.260772
0.375846
0.258553
0.396108
0.181435
0.288410
0.208762
0.195828
0.166279
0.140957
0.217558
0.116446
0.072249
0.204346
0.347635
0.210727
0.084457
0.268860
0.491530
0.509908
0.337624
0.208289
0.160117
0.465310
0.276621
0.302450
0.308453
0.644886
1.066611
1.094541
0.478336
0.213746
0.185815
0.353420
0.295470
0.289533
0.262942
0.167329
0.172881
0.242317
0.262784
0.265880
0.187509
0.207521
0.326167
0.248538
0.204754
0.173973
0.114612
0.294397
0.188596
0.318119
0.144525
0.264952
0.633665
0.254653
0.318046
0.205289
0.205682
0.205468
0.307927
0.193805
0.252139
0.211168
0.127860
0.242899
0.156036
0.316016
0.236116
0.303792
0.252487
0.157123
0.503452
0.220016
0.262117
0.229837
0.181645
0.367281
0.486453
0.343915
0.141170
0.395142
0.240981
0.330068
0.359592
0.311369
0.318189
0.396071
0.280798
0.251161
0.365802
0.214566
0.235360
0.220808
0.348344
0.592671
2.003622
1.648854
0.695824
0.805164
0.612474
0.584335
0.300563
0.368004
0.350500
0.302033
0.290407
0.571442
0.391488
0.420725
0.220924
0.091033
0.424940
0.212914
0.460081
0.147730
0.170736
0.241107
0.229373
0.194770
0.405433
0.115212
0.233830
0.214672
0.300521
0.254668
0.291763
0.360357
0.250192
0.401841
0.178955
0.321188
0.212496
0.143286
0.156732
0.186956
0.210869
0.321521
0.421197
0.186175
0.145509
0.421625
0.269997
0.224712
0.148443
0.294263
0.105339
0.214610
0.420896
0.136069
0.328109
0.301118
0.197616
0.366867
0.243118
0.218809
0.420619
0.438367
0.257826
0.249760
0.208690
0.265473
0.228025
0.081592
0.319328
0.193771
0.246126
0.191744
0.186795
0.212649
0.250637
0.332363
0.395165
0.201304
0.210997
0.171789
0.253554
0.120423
0.137966
0.297123
0.235382
0.217324
0.087631
0.258234
0.402701
0.188250
0.283696
0.284695
0.188692
0.287330
0.409446
0.677137
0.362620
0.210893
0.258363
0.395724
0.172023
0.282174
0.093346
0.303001
0.479642
0.167409
0.301860
0.549853
0.147114
0.226088
0.250252
0.241714
0.257027
0.120685
0.109742
0.330924
0.481849
0.418491
0.312211
0.391673
0.509987
0.591351
0.318883
0.442994
0.357441
0.170802
0.278185
0.236400
0.317316
0.084069
0.151367
0.363148
0.363156
0.222271
0.191310
0.127141
0.110453
0.142998
0.227059
0.156139
0.234691
0.263282
0.200253
0.432000
0.312942
0.291801
0.482800
0.433988
0.481245
0.170351
0.190297
0.292572
0.171543
0.408590
0.389050
0.101242
0.156384
0.629815
0.299853
0.206081
0.226536
0.179027
0.214825
0.465008
0.289142
0.170555
0.208094
0.144246
0.188825
0.250039
0.359264
0.147229
0.218723
0.171362
0.343406
0.269556
0.282393
0.359802
0.253359
0.150932
0.210730
0.258226
0.195114
0.123067
0.236404
0.172000
0.173727
0.225607
0.207868
0.191774
0.203420
0.095568
0.343714
0.294818
0.219970
0.203911
0.106880
0.294286
0.279370
0.466737
0.328881
0.379903
0.379735
0.138243
0.363305
0.388313
0.444293
0.294040
0.236375
0.243663
0.354907
0.267803
0.298308
0.111992
0.326465
0.396724
0.337728
0.155385
0.365733
0.403697
0.492694
0.592420
0.306176
0.456232
0.247746
0.481892
0.230918
0.407164
0.255015
0.134651
0.208638
0.184516
0.203751
0.261209
0.553853
0.224529
0.271853
0.276653
0.196486
0.133362
0.249471
0.407864
0.682598
0.992639
0.926242
0.626677
0.510552
0.371280
0.405361
0.253897
0.246305
0.245555
0.399547
0.340707
0.189067
0.163827
0.191740
0.275572
0.233253
0.235690
0.274718
0.341318
0.244600
0.233504
0.253158
0.353782
0.592646
0.212537
0.198210
0.421096
0.148646
0.220502
0.288297
0.208510
0.145128
0.160056
0.267622
0.255393
0.284044
0.242453
0.215227
0.547370
0.308955
0.115466
0.228528
0.218818
0.141098
0.110633
0.177342
0.122396
0.188654
0.188317
0.281034
0.228515
0.193343
0.314784
0.395997
0.357929
0.268578
0.332414
0.254390
0.260727
0.195973
0.256190
0.137922
0.158197
0.337737
0.122033
0.231386
0.115032
0.254259
0.231886
0.435829
0.375482
0.357641
0.346596
0.392307
0.311460
0.164373
0.266623
0.178592
0.324006
0.102527
0.123643
0.206947
0.129962
0.201023
0.277475
0.381771
0.113227
0.460954
0.318035
0.230867
0.232248
0.296193
0.239110
0.249455
0.178637
0.144121
0.473070
0.397861
0.277921
0.320038
0.161990
0.147168
0.212456
0.175662
0.372423
0.123159
0.155443
0.396183
0.256460
0.413269
0.251518
0.352642
0.607630
0.199404
0.255345
0.366798
0.290845
0.192003
0.489901
0.246959
0.133563
0.290568
0.566500
0.429476
0.260548
0.408657
0.312363
0.414135
0.356225
0.593981
0.396747
0.264409
0.295683
0.253959
0.179632
0.191228
0.317855
0.218297
0.181283
0.215112
0.299703
0.295032
0.382271
0.349891
0.213662
0.531456
0.329196
0.216738
0.115052
0.260691
0.216079
0.282391
0.347919
0.239342
0.133814
0.347589
0.213992
0.344867
0.129186
0.219393
0.457068
0.198597
0.165697
0.256121
0.355406
0.284309
0.172297
0.379479
0.190264
0.169290
0.206978
0.283203
0.465141
0.191710
0.125229
0.303478
0.247888
0.251951
0.170470
0.358418
0.270692
0.127317
0.379911
0.317119
0.294905
0.291247
0.214550
0.514808
0.220975
0.308996
0.191035
0.288579
0.243076
0.325108
0.192176
0.310986
0.342876
0.456353
0.377896
0.214528
0.162535
0.199648
0.256983
0.138988
0.213602
0.204024
0.216005
0.203517
0.267275
0.244103
0.227596
0.143273
0.275260
0.446239
0.334693
0.212692
0.299520
0.187899
0.274509
0.363235
0.261139
0.363547
0.207006
0.372132
0.273269
0.402556
0.289907
0.375843
0.422299
0.219179
0.162761
0.197383
0.313883
0.128942
0.100898
0.276633
0.180693
0.192713
0.319397
0.305384
0.288880
0.436484
0.595583
0.306574
0.312648
0.291711
0.201689
0.184781
0.269554
0.165426
0.273033
0.268265
0.351844
0.248496
0.774560
1.967704
0.894191
0.453593
0.573936
0.387965
0.364775
0.532660
0.419750
0.523771
0.300185
0.315785
0.328832
0.305516
0.227989
0.280156
0.202799
0.240636
0.291868
0.164938
0.186565
0.204695
0.293044
0.281843
0.145512
0.211691
0.377600
0.151380
0.422348
0.338275
0.163252
0.185111
0.107521
0.404021
0.168980
0.296248
0.235146
0.234722
0.294567
0.191123
0.183261
0.263856
0.205551
0.198999
0.259277
0.196441
0.355517
0.365065
0.324533
0.172388
0.325731
0.197642
0.483836
0.170574
0.184521
0.252591
0.131646
0.117025
0.352846
0.199743
0.607200
0.315854
0.218616
0.396934
0.137839
0.228487
0.229901
0.309499
0.216955
0.237622
0.286378
0.159948
0.313345
0.394396
0.170008
0.343333
0.236193
0.272703
0.236548
0.206361
0.153528
0.147161
0.354238
0.297115
0.552610
0.332820
0.373715
0.342951
0.400316
0.253908
0.207658
0.342410
0.273686
0.334667
0.344633
0.179590
0.279953
0.257469
0.124374
0.322104
0.177310
0.339841
0.194963
0.156186
0.244063
0.228937
0.287945
0.201729
0.341204
0.245910
0.154727
0.328826
0.292160
0.352110
0.357806
0.265332
0.221032
0.355648
0.141665
0.177374
0.233405
0.133347
0.158480
0.215302
0.416331
0.173287
0.240291
0.573407
0.183152
0.111005
0.355256
0.162491
0.382453
0.283493
0.430461
1.092856
1.633416
0.352108
0.690838
0.299212
0.259290
0.230395
0.152481
0.403138
0.285448
0.206075
0.258741
0.193772
0.172616
0.106510
0.175516
0.303933
0.178576
0.389223
0.377368
0.279662
0.176802
0.565602
0.526272
0.391268
0.342247
0.190786
0.207701
0.446639
0.161148
0.174472
0.209588
0.248595
0.134706
0.276967
0.187340
0.428900
0.298493
0.331265
0.183043
0.185398
0.378969
0.093708
0.183754
0.243572
0.121709
0.182212
0.172335
0.264120
0.236683
0.172995
0.311037
0.526552
0.247158
0.279508
0.514667
0.421193
0.496699
0.301452
0.370808
0.098888
0.117400
0.258098
0.188742
0.292567
0.093005
0.247455
0.191461
0.173860
0.299269
0.114470
0.132637
0.215770
0.283297
0.344587
0.649302
0.172509
0.275945
0.309669
0.376350
0.292476
0.246435
0.208874
0.151679
0.234361
0.374650
0.224146
0.296391
0.326826
0.257261
0.243609
0.285012
0.217587
0.185210
0.145125
0.225298
0.126465
0.262722
0.219973
0.207137
0.244600
0.245924
0.271788
0.203372
0.362313
0.181545
0.727355
0.388197
0.509469
0.427984
0.196225
0.220627
0.113849
0.179904
0.169503
0.370417
0.160509
0.278096
0.353793
0.509896
0.397393
0.364757
0.339012
0.391751
0.336226
0.267792
0.212272
0.207057
0.328635
0.301671
0.229458
0.218082
0.266109
0.492739
0.354426
0.170219
0.242973
0.359167
0.674674
0.217665
0.398870
0.211557
0.155549
0.232403
0.244468
0.185432
0.293297
0.231176
0.290767
0.181046
0.214554
0.257364
0.228126
0.301421
0.194531
0.188508
0.449501
0.423056
0.382000
0.318667
0.141443
0.232510
0.336440
0.469298
0.339339
0.171442
0.278072
0.396589
0.269411
0.330980
0.358058
0.198321
0.374187
0.199524
0.293111
0.382631
0.225856
0.265449
0.205371
0.233883
0.215476
0.149420
0.232615
0.392044
0.190305
0.298115
0.173838
0.175986
0.167625
0.173180
0.373066
0.443857
0.250756
0.121720
0.232709
0.091769
0.262733
0.366943
0.361520
0.269403
0.391840
0.247503
0.115218
0.203201
0.190716
0.517969
0.390758
0.618408
0.308154
0.327174
0.153558
0.250675
0.130564
0.162389
0.228658
0.370504
0.333336
0.231451
0.441300
0.185970
0.170886
0.099661
0.099709
0.238227
0.200668
0.241751
0.182171
0.190112
0.332795
0.303527
0.210677
0.304790
0.203602
0.257918
