2.282267
1.222368
5.855423
2.406583
2.437242
2.410423
2.247539
2.147701
2.058509
1.950827
1.781139
1.785745
1.715585
1.642676
1.841154
1.745084
1.952105
1.796337
1.522170
1.345418
1.894391
1.719550
1.163242
2.022666
1.033042
2.514276
1.050156
1.089999
1.035375
1.659323
1.858406
0.983240
1.477044
0.853404
1.613830
0.834200
0.538835
1.020484
0.533416
2.150095
1.225461
2.414275
0.983922
1.446135
1.434347
0.698527
0.671782
0.752335
1.080830
0.436327
0.192631
1.539164
1.453986
2.989919
0.943839
0.748430
0.562644
0.309615
0.245855
0.659346
0.361227
0.255443
0.327186
0.808449
0.552952
0.904228
0.257492
0.239345
0.403476
0.260863
0.344245
0.193564
1.102840
0.353151
0.176229
0.228409
0.668635
0.889000
0.743123
2.099630
0.780445
0.783896
0.598352
0.466898
0.182114
0.179737
0.214523
0.166916
0.287229
0.341828
0.459897
0.183224
0.766927
0.367993
0.229341
1.249034
0.348989
0.271535
0.141353
0.654259
0.536811
0.226007
0.341433
0.519126
0.574567
0.402277
0.200303
0.372628
0.669749
1.453166
1.222176
2.934160
0.181914
0.132042
0.426608
0.126959
0.118912
0.736341
0.184204
0.355691
0.134640
0.144078
0.159574
0.042290
0.114421
0.190217
0.158472
0.337359
0.492320
0.201526
0.482935
0.798846
0.478468
0.434608
0.209913
0.221143
0.154273
0.409494
0.194303
0.357899
0.182623
0.242332
0.574782
1.074783
3.251543
0.183779
0.098328
0.269153
0.212512
0.413273
0.206319
0.049959
0.209362
0.380191
0.075692
0.170316
1.131694
0.430042
0.373541
0.210800
1.777666
2.387392
10.455198
4.438805
2.558506
1.062028
0.389967
0.543348
0.341183
0.160953
0.168470
0.214308
0.467874
0.286290
0.218806
0.262758
0.180789
0.074300
0.103227
0.284383
0.225797
0.200178
0.342486
0.379106
0.059355
0.241853
0.765160
0.294099
0.112699
0.199498
0.862734
0.156291
0.381729
0.190227
0.110716
0.127309
0.281700
0.122553
0.234909
0.414524
0.210305
0.201034
0.208058
0.106559
0.262206
0.433787
0.130332
0.136213
0.028930
0.099852
0.092572
0.206139
0.070070
0.314019
0.242186
0.528578
0.209193
0.422505
1.175422
0.670126
0.288053
1.765079
1.482230
4.153008
0.715034
0.137812
0.381118
0.198480
0.029927
0.141864
0.328251
0.026999
0.039544
0.277492
0.245679
0.356904
0.127160
0.305247
0.113352
0.324068
0.370627
0.027048
0.470938
0.055976
0.172005
0.145012
0.085667
0.198981
0.136994
0.482833
0.426052
0.123681
0.229250
0.280660
0.153838
1.067642
0.400521
0.218310
0.279099
0.254413
0.019096
0.349540
0.085401
0.083741
0.147070
0.052536
0.019231
0.386374
0.206663
0.289379
0.075622
0.158172
0.280009
0.335952
0.122491
0.089371
0.166400
0.616043
0.093347
0.145037
0.244821
0.383225
0.268205
0.085281
0.104355
0.088941
0.661028
0.194795
1.187312
0.952099
4.164093
0.171268
0.071469
0.143672
0.362176
0.284936
0.254674
0.279713
0.319850
0.055667
0.144377
0.098071
0.026921
0.265852
0.138073
0.061860
0.078777
0.633289
0.139823
0.120999
0.132923
0.491176
0.111717
0.095264
0.406539
0.142733
0.090860
0.092852
0.141367
0.234589
0.071126
0.351328
0.510548
0.165025
0.097267
0.283350
0.046484
0.319831
0.175566
0.141274
0.065691
1.047265
0.315173
0.029351
0.350347
0.098870
0.421256
0.233142
0.463744
0.114042
0.525068
0.175947
0.061110
0.226068
0.586882
0.234476
0.237046
0.236579
0.070440
0.109211
2.486773
1.443998
3.047745
0.944774
0.601286
0.365313
0.511089
0.374973
0.137260
0.177042
0.098537
0.194523
0.025929
0.678003
0.148328
0.016421
0.141107
0.353177
0.067420
0.034955
0.165727
0.178875
0.035180
0.131270
0.156843
0.211413
0.764830
0.142300
0.079766
0.468928
0.174848
0.213098
0.208886
0.115806
0.151282
0.061982
0.028562
0.030912
0.085209
0.220762
0.055642
0.158640
0.392614
0.134933
0.190757
0.056286
0.102233
0.154986
0.133570
0.077265
0.366611
0.066066
0.054204
0.050023
0.043517
0.107644
0.201602
0.160636
1.153647
0.139656
0.074633
0.248245
0.188052
0.154797
0.129585
0.322752
0.320983
0.144649
0.011976
0.538681
0.073909
0.928262
0.040178
0.477129
0.110180
0.097725
0.590655
0.054536
0.422719
0.091575
0.142959
0.428235
0.684747
0.026639
0.405418
0.034181
0.254160
0.039771
0.108042
0.157574
0.446125
0.358422
1.471438
1.274764
2.326863
18.305553
1.626490
2.263731
0.460329
0.526850
0.297224
0.227001
0.345347
0.337915
0.327922
0.400641
0.176678
0.096715
0.528722
0.126601
0.062028
0.510417
0.089493
0.031215
0.079615
0.222176
0.334114
0.063835
0.152396
0.121829
0.254111
0.219297
0.169917
0.100238
0.401794
0.257750
0.083521
0.222825
0.130308
0.067436
0.437452
0.024883
0.012391
0.193488
0.204090
0.219892
0.107945
0.014675
0.047357
0.291554
0.039073
0.071263
0.484348
0.151586
0.352381
0.026449
0.205697
0.070123
0.068235
0.142872
0.815580
0.064654
0.020504
0.039303
0.093610
0.158619
0.209063
0.123615
0.049097
0.109310
0.101368
0.209540
1.212256
0.061305
0.305129
0.197414
0.626206
0.116763
0.015827
0.026496
0.085368
0.246402
0.016277
0.197125
0.129105
0.597512
0.624340
0.021094
0.133891
0.425188
0.362253
0.408689
0.299225
0.032921
0.350681
0.163526
0.214949
0.160726
0.167194
0.120896
0.056168
0.364246
0.098903
0.171971
0.024782
0.024122
0.156290
0.351198
0.017143
0.309583
0.167329
0.608348
0.035615
0.110014
0.526793
0.253872
0.290107
0.017973
0.029062
0.156955
0.144908
0.103035
0.322688
0.129775
1.107375
1.436569
0.732552
0.205286
0.107769
0.121205
0.380888
0.041944
0.153609
0.048380
0.024062
0.055804
0.048022
1.210237
0.020049
0.199471
0.118052
0.241208
0.240526
0.053597
0.220204
0.076092
0.261008
0.334164
0.140047
0.038654
0.122635
0.517692
0.263758
0.100868
0.138601
0.190031
0.199511
0.093075
0.049557
0.045949
0.047878
0.127853
0.060906
0.046962
0.160688
0.195115
0.483900
0.077251
0.133841
0.141965
0.682661
0.079768
0.209985
0.081941
0.030589
0.465604
0.030689
0.109895
0.020627
0.065277
0.201092
0.024988
0.040823
0.281530
0.293456
0.336081
0.238041
0.111345
0.132286
0.013670
0.069300
0.048811
0.028205
0.200727
0.064359
0.309930
0.228507
0.151738
1.591624
0.309309
5.049596
1.035980
0.408859
0.058151
0.185972
0.381832
0.010626
0.481739
0.102783
0.067160
0.065647
0.052446
0.052889
0.299142
0.444002
0.041240
0.074180
0.549620
0.031498
0.242642
0.049607
0.290952
0.046254
0.028571
0.161237
0.141699
0.454800
0.121875
0.031693
0.222270
0.132644
0.327210
0.200469
0.593038
0.016486
0.025270
0.033676
0.415870
0.068420
0.021294
0.173069
0.212595
0.200358
0.454197
0.314784
0.506221
0.299958
0.051297
1.395193
0.271550
0.024508
0.193154
0.125913
0.050801
0.141546
0.430820
0.086075
0.821346
3.518102
0.885446
5.401570
0.745158
0.242845
0.146746
0.318253
0.094491
0.322257
0.109633
0.040198
0.347539
0.072138
0.460835
0.092393
0.052625
0.054860
0.068520
0.105953
0.110003
0.016336
0.390702
0.184216
0.527284
0.043843
0.033656
0.164514
0.067612
0.581647
0.163671
0.070344
0.135995
0.046633
0.382206
0.008614
0.065290
0.140961
0.043373
0.142834
0.257319
0.091147
0.033557
0.124227
0.032822
0.112838
0.003541
0.066374
0.321016
0.142498
0.023856
0.123284
0.083290
0.037042
0.125441
0.100072
0.101794
0.358126
0.260191
0.130783
1.196460
0.044307
0.041790
0.256762
0.335633
0.463738
0.092649
0.065679
0.063532
0.405046
0.475302
0.114988
0.039734
0.052490
0.488984
0.141522
0.046462
0.057996
0.063672
0.056690
0.007671
0.225913
0.010256
0.458004
0.290009
0.149033
0.085335
0.026679
0.616121
2.128240
23.614853
5.110421
1.280280
0.702491
0.734177
0.354244
0.375719
0.443232
0.192789
0.109085
0.388890
0.105386
0.130493
0.151401
0.221480
0.263517
0.116631
0.440450
0.041050
0.107601
0.274923
0.116417
0.399670
0.519742
0.199714
0.243908
0.077330
0.119395
0.116283
0.132708
0.558636
0.061890
0.035595
0.131806
0.151280
0.347318
0.130555
0.150023
0.250572
0.125054
0.025445
0.106150
0.460833
0.221711
0.097883
0.285478
0.044681
0.234317
0.071624
0.094172
0.042326
0.031486
0.020186
0.634064
0.309217
0.056249
0.013025
0.196488
0.401246
0.132538
0.073834
0.052894
0.212300
0.115664
0.252378
0.115442
0.025821
0.023183
0.107217
0.375688
0.045459
0.112937
0.042991
0.039877
0.152456
0.098079
0.150814
0.043259
0.115591
0.124696
3.748945
0.128298
0.066706
0.421392
0.006592
0.049080
0.057470
0.355732
0.067633
0.094771
0.223416
0.165282
0.148888
0.233585
1.186612
0.356222
0.261068
0.032870
0.245244
0.020513
0.500558
0.263687
0.272336
0.082444
0.138809
0.133429
0.340039
0.088016
0.341561
0.062316
0.048855
0.181412
0.073753
0.164171
0.122798
0.041312
0.064999
0.066275
0.318673
0.604641
0.115142
0.143637
0.005997
0.371877
0.137507
0.575774
0.104100
0.060609
0.076902
0.273445
1.921741
0.858761
9.045105
4.377961
5.367911
0.024761
0.241222
0.181376
0.054362
0.024715
0.173557
0.023578
0.056931
0.053093
0.073771
0.195818
0.167567
0.277716
0.043377
0.024579
0.441785
0.063477
0.697941
0.040805
0.141148
0.064588
0.294703
0.038998
0.175442
0.156820
0.080298
0.050845
0.080250
0.137839
0.119648
0.025574
1.337038
0.039125
0.166665
0.290849
0.062710
0.081443
0.027905
0.031936
0.104480
0.218541
0.336052
0.412810
0.154657
0.223881
0.052134
0.312003
0.144246
0.036589
0.065315
0.170487
0.037209
0.004632
0.317624
0.083497
0.006361
0.194234
0.064015
0.518129
0.170199
0.082010
0.118667
0.006494
0.025314
0.097752
0.120134
0.198377
0.301596
0.140501
0.071168
0.269697
0.041517
0.084057
0.075540
0.126327
0.012665
0.056616
0.062095
0.002521
0.023851
0.193949
0.059559
0.058376
0.029922
0.028611
0.051460
0.392439
0.240816
0.471826
2.782926
2.744485
20.110233
3.970595
2.280794
1.804247
0.957371
1.052495
1.669605
1.181686
0.654085
0.328743
0.537631
1.356666
0.294275
0.125203
0.034595
0.185190
0.265239
0.172944
0.461180
0.129317
0.251244
0.107603
0.079259
0.094877
0.365831
0.308094
0.234998
0.073472
0.066943
0.127382
0.203193
0.023784
0.025138
0.575400
0.538804
0.113303
0.183112
0.026964
0.038078
0.013009
1.118086
0.133296
0.188653
0.150262
0.034130
0.635850
0.251231
0.057332
0.406442
0.339706
0.092104
0.220449
0.110312
0.036020
0.059486
0.157156
0.216592
0.051937
0.436416
0.081004
0.627471
0.032782
0.230227
0.137360
0.459487
0.131751
0.155068
0.071247
0.114250
0.052657
0.027006
0.068297
0.152911
0.047486
0.051852
0.282479
0.069774
0.060979
0.102735
0.475663
0.179051
0.065120
0.334561
0.049356
0.095393
0.161320
0.037706
0.002977
0.065895
0.038503
0.108779
0.110381
1.237363
0.385246
0.102276
0.043068
0.088601
0.260518
0.089359
0.044416
0.204325
0.300970
0.001099
0.421628
0.264046
0.331246
0.030375
0.024866
1.307713
0.174040
0.309345
0.022042
0.344450
0.356173
0.122956
0.063191
0.163634
0.001068
0.286595
0.101234
0.227940
0.274042
0.169895
0.038837
0.114475
0.103865
0.161695
0.096584
0.252337
0.002540
0.112873
0.104224
0.024800
0.030598
0.140527
0.095021
0.230119
0.661857
0.393652
1.186882
2.002564
11.898422
2.391986
1.026288
0.441247
0.030864
0.134787
0.293142
0.403470
0.075591
0.053259
0.091587
0.546496
0.023243
0.013939
0.095340
0.223947
0.007001
0.071256
0.013472
0.294691
0.101013
0.103429
0.137536
0.054926
0.132580
0.003317
0.097632
0.207543
0.245793
0.058713
0.065040
0.135073
0.032016
0.103284
0.383135
0.022452
0.158179
0.407314
0.538522
0.008337
0.126305
0.122720
0.394777
0.057849
0.127735
0.210887
0.046174
0.012100
0.029375
0.070005
1.110867
0.373268
0.022742
0.220613
0.004193
0.678319
0.169825
0.024478
0.286582
0.186253
0.647023
0.032099
2.191808
3.202170
13.003958
2.349572
1.097566
0.532835
0.659589
0.445106
0.305546
0.325998
0.258874
0.215639
0.043512
0.374680
0.218152
0.101198
0.093292
0.442968
0.204808
0.088659
0.091683
0.150802
0.094428
0.643690
0.160308
0.068119
0.076170
0.058545
0.019055
0.371546
0.230478
0.066452
0.030062
0.309227
0.023408
0.015917
0.037429
0.321289
0.011648
0.196125
0.146814
0.154516
0.102659
0.042923
0.254928
0.092068
0.121729
0.698827
0.078951
0.032773
0.064059
1.174255
0.086698
0.090054
0.005220
0.559826
0.074971
0.060623
0.216120
0.212587
0.162922
0.024780
0.050267
0.380015
0.487026
0.019893
0.254616
0.255738
0.127703
0.047685
0.045448
0.696162
0.225165
0.247694
0.127819
0.284634
0.044152
0.081109
0.194637
0.014081
0.407124
0.141779
0.090982
0.331647
0.091724
0.007857
0.564756
0.341849
0.021532
0.208444
0.019422
0.126270
0.166676
0.037450
1.336890
0.130816
0.106274
0.040926
0.128534
0.256294
0.087289
0.014173
0.057065
0.067733
0.372321
0.374382
0.234484
0.179592
0.060179
0.343386
0.448870
0.424719
0.086431
1.047982
0.150887
0.044297
0.177490
0.042705
0.405822
0.507634
3.318415
6.714934
17.678005
7.494448
1.512140
0.971054
0.799920
0.744666
0.429027
0.532658
0.305669
0.307881
0.107260
0.145819
0.715534
0.092143
0.600613
0.106031
0.111361
0.149778
0.070585
0.035195
0.054830
0.025316
0.812652
0.226198
0.026861
0.154627
0.235902
0.111204
0.092873
0.051930
0.153001
0.297168
0.074758
0.220106
0.432091
0.027256
0.431952
0.026377
0.095025
0.158772
0.209035
0.034222
0.090227
1.379017
0.063257
0.074940
0.040711
0.011216
0.058369
0.343551
0.074020
0.123327
0.138841
0.105566
0.022719
0.044357
0.621963
0.078851
0.046553
0.008010
0.581278
0.005519
0.054110
0.075508
0.062671
0.015491
0.278739
0.818620
0.196086
0.017783
0.064066
0.326736
0.031488
0.403468
0.196221
0.129685
0.444655
0.120719
0.262532
0.006320
0.053772
0.022869
0.101464
0.654562
0.048004
0.085062
0.189646
0.677107
0.143628
0.453268
0.247560
0.032775
0.078124
0.023513
0.185375
0.038718
0.460495
0.050311
0.048979
0.281697
0.255350
0.003876
0.116142
0.233739
0.520605
0.134292
0.007832
0.161015
0.041828
0.182467
0.052962
0.084442
0.031615
0.351034
0.149615
0.022504
0.016417
0.271293
0.273218
0.068995
0.059842
0.057878
0.033308
0.018596
0.029704
0.174893
0.013658
0.128256
0.006238
0.104167
0.120440
0.228989
0.053277
0.036117
0.308253
0.039552
0.069024
0.677519
0.169711
0.008357
0.384990
0.095524
0.251811
1.678084
0.171033
0.039245
0.046863
0.038776
1.358693
0.201504
0.304898
0.004168
0.450791
0.329712
0.004361
0.716455
0.191388
0.069960
0.047030
0.177959
0.086722
0.030132
0.058702
0.579347
0.045167
0.056907
0.611269
0.923537
1.743104
2.817859
1.806767
7.807167
1.933392
0.076838
0.475703
0.288326
0.061479
0.151615
0.086887
0.096367
0.073588
0.184243
0.047780
0.093780
0.508829
0.110372
0.054631
0.035686
0.015843
0.046665
0.122952
0.070404
0.403108
0.002540
0.350193
0.083878
0.020434
1.219156
0.018006
0.016359
0.124647
0.102708
0.072276
0.092495
0.015971
0.066562
0.060039
0.173375
0.048299
0.035826
0.086651
0.046926
0.315918
0.499823
0.147702
0.094779
0.044795
0.359832
0.146747
0.027386
0.286191
0.013396
0.135298
0.040097
0.659075
0.307456
0.012643
0.075567
0.025604
0.278041
0.101440
0.286685
0.008500
0.306969
0.121649
0.061982
0.109467
0.055564
0.037591
0.144073
0.047554
0.929108
0.172094
0.010679
0.385277
0.047550
0.221174
0.017687
0.161419
0.204358
0.017010
0.675896
0.011012
0.115553
0.096393
0.003090
0.026111
0.326484
0.393255
0.021857
0.034045
0.012661
0.855103
0.741219
3.583261
16.603024
20.557083
3.781843
4.110226
3.026051
3.398849
2.846420
2.449647
1.406718
2.184895
2.036012
1.832355
1.999770
1.711761
2.321781
1.486802
1.021965
1.063758
1.089113
0.918166
1.412105
0.839270
0.324498
0.724922
0.870441
1.200175
0.587865
0.740434
0.437909
0.447555
0.630609
0.268086
0.502178
0.721579
0.317671
0.171534
1.184358
0.808865
0.605183
0.203175
0.337688
0.255072
0.325061
0.180924
0.903332
0.394060
0.538525
0.246853
0.594436
0.534291
0.468320
0.401404
0.288101
0.481813
0.394820
0.263943
0.144510
0.487271
0.321452
0.201616
0.181170
0.435105
0.245492
0.656611
0.525424
0.434859
0.315190
0.741472
0.149174
0.071363
0.002930
0.058387
0.627150
0.053758
0.524483
0.199334
0.420732
0.188816
0.190781
0.082754
0.092678
0.333594
0.196097
0.588562
3.850379
0.281939
0.130964
0.427293
0.227020
0.174718
0.041564
0.292095
0.047565
0.072609
0.147371
0.127686
0.126362
0.468830
0.193293
0.148355
0.291122
0.163588
0.385097
0.386480
0.249500
0.183024
0.256263
0.064495
0.167587
0.182923
0.110877
1.434868
1.999588
36.364742
0.149340
0.413735
0.065925
0.032215
0.039416
0.105072
0.386321
0.286473
0.391592
0.237743
0.145850
0.890577
0.399219
0.023170
0.037701
0.355584
0.013981
0.483878
0.191851
0.726179
0.302555
0.365458
0.388959
0.148016
0.295566
0.092836
0.125863
0.510862
0.203866
0.161039
0.083575
0.163061
0.065666
0.112634
0.103034
0.033979
0.313225
0.660227
0.143314
0.545061
0.042404
0.555527
0.096418
0.141356
0.270705
0.200959
0.116499
0.336387
0.159639
0.330819
0.095502
0.012386
0.065221
0.043749
0.125144
0.236397
0.043084
0.042937
0.276455
0.396603
0.074371
0.026403
0.162792
0.480302
0.051476
0.208047
0.029403
0.019354
1.106828
0.131253
0.025244
0.081036
0.141809
0.058479
0.188141
0.380048
2.876958
2.231750
3.996228
11.219160
0.039037
0.091271
0.193631
0.178635
0.084891
0.159890
0.327108
0.274629
0.082335
0.382783
0.179905
0.267495
0.081610
0.113532
0.012698
0.058821
0.240098
0.207800
0.324732
0.046509
0.008953
0.159732
0.435829
0.883782
0.113423
0.824225
0.361122
0.010702
0.029341
0.037835
0.022445
0.283792
0.047060
0.053396
0.182503
0.052449
0.094701
0.012775
0.157425
0.150841
0.500309
0.092764
0.612600
0.432796
1.187712
0.018348
0.226341
0.193774
0.298991
0.321216
0.421364
1.202118
4.345307
8.644095
13.872954
6.113208
4.477470
0.816075
1.363428
0.594921
0.689805
0.816341
0.250871
0.479499
0.522047
0.176883
0.165701
0.269229
0.054897
0.155269
0.141682
0.506963
0.528584
0.147680
0.198647
0.389597
0.430879
0.420532
0.278053
0.303862
0.335990
0.081413
0.416880
0.050649
0.023050
0.350403
0.044414
0.131673
0.873232
0.587867
0.309222
0.232216
0.010870
0.117510
0.011324
0.324637
0.052141
0.071844
0.266579
0.088077
0.550299
0.338856
0.034009
0.258625
0.003301
0.165221
0.168613
0.270651
0.057501
0.167998
0.136798
0.093954
0.219035
0.026967
0.062530
0.040032
0.435755
0.117585
0.437190
0.171608
0.350253
0.092758
0.648039
0.125498
0.033520
0.252086
0.383245
0.036507
0.038034
0.480875
0.002012
0.382985
0.080455
0.432964
0.102981
0.160859
0.375399
0.059810
0.396520
0.102485
0.085879
0.583797
0.155365
0.037171
0.074134
0.113586
0.113443
0.008172
0.055336
0.180444
0.052421
0.161133
0.035631
0.640447
0.437638
0.076646
0.301099
0.105508
0.017759
0.005925
0.232303
0.162998
0.471711
0.003929
0.349002
0.103061
0.023730
0.058170
0.021179
0.053528
0.175054
0.483458
0.028160
0.045330
0.097922
0.031242
0.265824
0.123941
0.508729
0.197277
0.341046
0.034046
0.335209
0.151191
1.038035
0.013266
0.010997
0.178144
0.014098
0.104745
0.046082
0.042134
0.155415
0.270381
0.219175
0.006128
0.010175
0.058706
0.212154
0.052330
0.074259
0.495447
0.018629
0.413811
0.656073
0.089633
1.566928
0.109724
0.072828
0.538897
0.465793
0.084332
0.033068
0.073655
0.150236
0.135267
0.138430
0.223699
0.103140
0.367162
0.071089
0.345184
0.192324
0.166942
0.080316
0.209795
0.571382
0.095950
0.209198
0.022337
0.358942
0.825646
2.285973
5.606786
34.949932
13.089987
0.681952
0.435462
0.934578
0.358932
0.329851
0.121726
0.238764
0.316088
0.476269
0.084686
0.285271
0.172182
0.348113
0.041271
0.112426
0.377121
0.257273
0.199090
0.248536
0.217853
0.310477
0.172385
0.036922
0.044846
0.108685
0.083540
0.123863
0.074384
0.028842
0.167522
0.132291
0.133659
0.128660
0.078953
0.032193
0.019514
0.032356
0.753631
0.111444
0.098081
0.149429
0.194156
0.075522
0.476038
0.089789
0.311450
0.090072
0.045201
0.580699
0.089995
0.757775
0.229546
0.103302
0.484835
0.096461
0.087533
0.494266
0.186874
0.062045
0.302372
0.060907
0.026801
0.093386
0.113473
0.092395
0.380140
0.156881
0.194955
1.302833
0.035814
0.082943
0.068971
0.498431
0.461137
0.004548
0.544398
0.063393
0.144695
0.591355
0.121818
0.065188
0.111681
0.160568
0.275644
0.022307
0.014821
0.107219
0.057354
0.078851
0.127470
0.357110
0.407021
0.081609
0.086090
1.071806
0.045180
0.291244
0.376498
0.078179
0.073677
0.071965
0.032334
0.144044
0.023912
0.212000
0.500179
0.130500
0.048676
0.448147
0.005893
0.127580
0.013559
0.045224
0.274981
0.014465
0.091790
0.143579
0.113418
0.592403
0.185648
0.015747
0.252035
0.297401
0.549044
0.535645
0.101202
0.019372
0.871405
0.388012
0.007316
0.367848
0.020505
0.019791
0.067377
0.176239
0.155332
0.722096
0.035091
0.408425
0.212696
0.221296
0.271593
0.427936
0.316022
0.099603
0.003877
1.253490
0.085583
0.110282
0.011608
0.030851
0.371716
0.295677
0.369445
0.526215
0.306992
0.372349
0.053771
0.035349
0.022352
0.276142
0.530556
0.399344
0.346570
0.127054
0.208273
0.155187
0.242617
0.057573
0.013397
0.301812
0.003015
0.586506
0.551521
0.165726
0.404090
0.213883
0.116782
0.027960
0.085133
0.603551
0.250185
0.178094
1.676525
1.478958
3.835740
0.660031
0.197454
0.226987
0.182820
0.018503
0.141046
0.368853
0.028024
0.302820
0.177532
0.163845
0.110651
0.875775
0.149960
0.290236
0.366063
0.028614
0.045966
0.297640
0.348948
0.005046
0.358273
0.010247
0.070358
0.220314
0.052502
0.089087
0.618394
0.006562
0.082138
0.032753
0.266163
0.404368
0.232470
0.440660
0.015350
0.042549
0.173831
0.083184
0.218072
0.156127
0.577950
0.096560
0.027944
0.005447
0.039594
0.088099
0.017587
0.557871
0.208072
0.411728
0.088292
0.141401
0.013067
0.410909
0.131931
0.280177
0.004847
0.998861
0.013921
0.063576
0.059168
0.047814
0.255108
1.251610
0.038929
0.029301
0.124353
0.039989
0.321389
0.312334
0.030232
0.026115
0.146689
0.178544
0.224167
0.105810
0.013982
0.051484
0.636626
0.226281
0.004747
1.004147
0.115766
0.131529
0.079794
0.414953
0.198361
0.043922
0.397850
0.063704
0.625999
0.072241
0.653744
0.008495
0.035850
0.107157
0.146004
0.596253
1.148982
0.328910
0.187870
0.127891
0.102011
0.185702
0.001559
0.982808
0.052922
0.210356
0.328361
0.002847
0.377331
0.223774
0.009870
0.625016
1.068772
30.505325
3.072772
0.697699
0.683383
0.454485
1.012586
0.614289
0.342731
0.332992
0.399821
0.287121
0.287985
0.123258
0.397447
0.035513
0.144189
0.084128
0.537898
0.972620
0.223275
0.047644
0.776795
0.094897
1.317723
0.308804
0.215202
0.065046
0.077494
0.133969
0.120997
0.009071
0.135457
0.160858
0.030648
0.036557
0.441598
0.100469
0.427272
0.058964
0.325273
0.092060
0.080997
0.323259
0.490976
0.556015
0.012339
0.018425
0.205142
0.045202
0.348051
0.566505
0.357732
0.004092
0.027222
0.060100
0.065415
0.059366
0.052653
0.113988
0.096184
0.161332
0.081059
0.614515
0.055685
0.045667
0.100719
0.016148
0.055804
0.000718
0.040344
0.295536
0.017619
0.030014
0.141211
0.003562
0.351399
0.069394
0.480450
0.158807
0.145847
0.118467
0.104148
0.010348
0.195866
0.118991
0.034958
0.080867
0.013301
0.075473
0.009791
0.128992
0.140921
0.491371
1.218370
0.053515
0.340292
0.400246
0.529357
0.026398
0.285233
0.398752
0.006260
0.157777
0.093020
0.022562
0.292981
0.410028
0.187816
0.054169
0.044211
0.033633
0.408040
0.335494
0.015719
0.075303
0.162771
0.000384
1.588976
0.100414
0.032677
0.013334
0.062928
0.429509
0.076005
0.053074
0.565664
0.054298
0.190711
0.425156
0.102876
0.006015
0.186701
0.001288
0.113329
0.076862
0.005210
0.079720
0.237786
0.048148
0.006561
0.408084
0.020201
0.005429
0.285256
0.593625
0.314926
0.027352
0.040287
0.096237
0.011652
0.015812
0.062242
0.032344
0.282149
0.224580
0.015653
0.063865
0.128270
0.075125
1.381569
0.163029
0.013113
0.141314
0.434835
0.038913
0.055024
0.247586
0.033629
0.123868
0.157599
0.005233
0.079875
0.053973
0.066312
0.052546
0.061214
0.007608
0.024447
0.109247
0.502517
0.587649
0.057300
0.273673
0.072339
0.254750
0.334786
0.642026
0.119713
0.619581
0.133239
0.068170
0.907658
0.008447
0.991186
0.255919
0.016174
0.060328
0.047435
0.150017
0.396622
0.977160
0.084108
0.093400
0.197491
0.065160
0.398997
0.000166
1.033907
0.036519
0.153310
1.479947
0.537214
0.011521
0.113734
0.496904
0.487870
0.001955
0.286585
0.265536
0.001139
0.459989
0.017309
0.167087
0.534921
0.180539
0.432868
0.625080
0.880569
10.941703
1.078902
0.101213
0.084291
0.019866
0.184225
0.397485
1.022735
0.063968
0.348983
0.090838
0.012469
0.437333
0.001690
0.001269
0.031767
0.029644
0.553566
0.056299
0.112005
0.150347
0.025786
0.299760
0.010916
0.007587
0.282535
0.020829
0.267485
0.116181
0.022116
0.415110
0.013038
0.000898
0.106354
0.087129
0.318922
0.196965
0.191056
0.233216
0.027931
0.042216
0.064509
0.302971
0.035665
0.378250
0.589117
0.240446
0.017701
0.005870
0.052117
0.019233
0.034271
0.113957
0.039509
0.038465
0.086921
0.051861
0.062786
0.050202
0.038745
0.156729
0.031157
0.007953
0.049143
0.162254
0.000810
0.004456
0.005837
0.137630
0.344644
0.376302
0.068577
2.066027
3.030390
21.186323
5.489198
0.608450
0.306017
0.231198
0.423201
0.498021
0.128174
0.345499
1.364712
0.352558
0.239516
0.184868
0.087481
0.646693
0.422181
0.809098
0.208889
0.539912
0.333561
0.088897
0.030556
0.326810
0.089021
0.014534
0.051059
0.078606
0.091426
0.034848
0.040055
0.037237
0.044337
0.732280
0.003500
0.451315
0.033963
0.046425
0.028279
0.024619
0.041535
0.377077
0.127760
0.310526
0.356677
0.107162
0.494221
0.457399
0.069599
0.079390
0.197909
0.065489
0.021360
0.004172
0.429928
0.005767
0.577537
0.489178
0.312803
0.008236
0.010640
0.016849
0.125054
0.303861
0.383311
0.003384
0.108852
0.001853
0.003238
0.168996
0.114246
0.077700
0.135024
0.217496
1.494142
0.058037
0.239331
0.010737
0.066791
0.005339
0.090071
0.081543
0.082831
0.014449
0.002513
0.146556
0.372241
0.154874
0.452410
0.041817
0.194655
0.000186
0.020392
0.388428
0.021867
0.201224
0.350588
0.051912
0.286689
0.227041
0.387501
0.011482
0.019355
0.074116
0.274120
0.140745
0.128388
0.051290
0.088820
0.028080
0.401430
0.099820
0.078614
0.532004
0.004961
0.049815
0.237416
0.042098
0.359824
0.057358
0.031415
0.164378
0.137245
0.264250
0.181076
0.125812
1.357297
0.030703
0.025877
0.019452
0.143523
0.004730
0.070880
0.056412
0.098209
0.484945
0.028660
0.047541
0.837262
0.028548
0.157937
0.002331
0.006452
0.015144
0.163661
0.052329
0.314458
0.016896
0.781113
0.001431
0.261111
0.039133
0.003994
0.796416
0.028249
0.087883
0.124025
0.021051
0.502290
0.007587
0.281964
0.028286
0.160136
0.001388
0.001496
0.352117
0.096780
0.366308
0.378797
0.198004
0.508095
0.024630
0.006481
0.067208
0.006682
0.004512
0.305044
0.182900
0.515687
0.136821
0.146851
0.031334
0.378022
0.278063
1.224171
0.572522
4.330925
0.365952
0.060536
0.140696
0.342080
0.075909
0.050831
0.484010
0.048421
0.023754
0.007714
0.309861
0.024575
0.005221
0.342320
0.209997
0.396898
0.042786
0.350895
0.415784
0.010385
0.157807
1.406179
0.309816
0.020417
0.064361
0.425145
0.055719
0.034761
0.061704
0.215840
0.201787
0.050593
0.030555
0.114770
0.204165
0.125381
0.050676
0.050892
0.072210
0.064790
0.715894
0.321526
0.245090
0.494879
0.027688
0.010238
0.076463
0.579702
0.043487
0.039441
0.036868
0.054104
0.001475
1.524283
0.674927
0.213589
0.029205
0.020304
0.004516
0.052998
0.101149
0.013536
0.106496
0.086864
0.637512
0.018686
0.036577
0.224095
0.000731
0.017794
0.072050
0.006505
0.174951
0.127121
0.057912
0.000418
0.045367
0.321865
0.038074
0.011881
0.944545
0.033889
0.017519
0.001719
0.113728
0.144018
0.522800
0.075701
0.270724
0.018742
1.105044
0.008218
0.170956
0.228989
0.181911
1.598093
0.001680
0.002822
0.043895
0.000100
0.549508
1.148461
0.247334
0.996979
0.417895
0.116138
0.107691
0.016248
0.009205
0.305893
0.016389
0.101625
0.012363
0.078157
0.029853
0.083418
0.035630
0.337862
0.048105
0.342802
0.350697
0.040998
0.416323
0.170508
0.720506
0.058584
0.160007
0.023590
0.012284
0.001188
0.195683
0.162166
0.020389
0.129755
0.542532
0.016057
0.027483
0.088878
0.004518
0.288203
0.933356
0.243014
0.182465
0.034406
0.080123
0.245717
0.087765
0.061082
0.031446
0.030498
0.172142
0.046834
0.002097
0.026593
0.019474
0.003609
0.127675
0.163721
0.036498
0.332732
0.051152
0.019907
0.373228
0.320839
0.545124
0.164703
0.382934
0.534480
0.120655
0.068654
0.007696
0.605238
0.026738
0.719060
0.274354
0.042077
0.177780
0.450316
0.194837
0.023039
0.176284
0.065246
0.006523
0.155038
0.530103
0.054041
0.286578
0.253835
0.051902
0.049801
0.133912
1.420254
0.013489
0.025149
0.001145
0.243037
0.036259
0.329795
1.306293
3.266680
32.115402
5.873468
0.651214
0.256148
0.207603
0.159683
0.408063
0.084840
0.013599
0.136265
0.047142
0.354710
0.078441
0.101050
0.051394
0.004289
0.043734
0.052614
0.189065
0.116691
0.135134
0.098227
0.062137
0.015776
0.099201
0.053674
0.273375
0.064726
0.163913
0.063830
0.026567
0.328146
0.273927
0.216095
0.103055
0.182937
0.273854
0.070050
0.237922
0.100019
0.311565
0.050565
0.002154
0.145848
0.011128
0.189724
0.176510
0.049522
0.003677
0.312446
0.307039
0.201634
0.912018
0.045803
0.029815
0.080866
0.013945
0.049104
0.225509
0.066581
1.122867
0.294064
0.030214
0.058790
0.349615
0.049336
0.003426
1.332038
0.063154
0.104111
0.011090
0.119596
0.015188
0.002338
0.112794
0.017406
0.069923
0.298716
0.099043
0.127284
0.154936
0.040090
0.024785
0.166205
0.012748
0.030308
0.161260
0.405951
0.142217
0.155159
0.003485
0.164729
0.084298
1.294660
0.001696
0.267534
0.017987
0.657383
0.262690
0.031239
0.003390
0.226135
0.840062
0.152536
0.354189
0.139320
0.029669
0.101540
0.022871
0.001413
0.048074
0.350445
0.953436
0.282023
0.709338
0.004218
0.012487
0.122797
0.100663
0.009176
0.140183
0.420418
0.008319
0.055578
0.109918
0.031211
0.660923
0.488940
0.046020
0.021055
0.018904
0.053536
0.091358
0.367676
0.049088
0.134064
0.047658
0.115027
1.090477
4.578917
27.645624
23.764013
1.815116
1.743338
1.993418
1.717066
1.501001
1.047615
0.758161
0.751127
0.823807
0.774582
0.724536
0.566666
0.814590
0.754603
0.722507
0.699114
0.270766
0.400664
0.956376
0.300877
0.619348
0.262663
0.244508
0.355627
0.147301
0.112843
0.286501
0.096096
0.385751
0.102815
0.109388
0.260243
0.325004
0.479366
0.401887
0.129923
0.988705
0.155726
0.070162
0.052145
0.134079
0.237216
0.571048
0.068264
0.131687
0.401951
0.483797
0.231974
0.064610
0.229989
0.262181
0.147041
0.134834
0.261905
0.126418
0.089684
0.417563
0.082528
0.009592
0.085114
0.157502
0.078301
0.302279
0.557341
0.137748
0.056078
0.070566
0.376626
0.162921
0.061000
0.315539
0.494012
0.149151
0.069475
0.187695
0.154797
0.104302
0.057060
0.216280
0.043895
0.115271
0.305526
0.241244
0.143384
0.015841
0.641603
0.170013
0.412746
0.461913
0.044419
0.075521
0.207982
0.119593
0.212106
0.392399
0.051827
0.298234
0.091076
0.067902
0.180928
0.111268
0.073377
0.079987
0.050500
0.079823
0.014158
0.391205
0.041573
1.023530
0.026006
0.379098
0.033535
0.037559
0.327054
0.358886
0.033352
0.183430
0.035543
0.268051
1.176941
0.135796
0.050965
0.266102
0.182510
0.072381
0.036829
0.314958
0.054578
0.446501
0.685485
0.018828
0.038491
0.050298
0.164731
0.194802
0.031190
0.223021
0.008609
1.354930
0.136336
0.336243
0.119858
0.297837
0.117653
0.223953
0.042040
0.167383
0.156080
0.041146
0.045843
0.130517
0.069650
0.235558
0.106677
0.398491
0.041143
0.104532
0.169296
0.121065
0.376832
0.005710
1.215828
0.142394
0.028650
0.051790
0.277419
0.353414
0.093806
0.002960
0.271410
0.045300
0.106215
0.166797
0.377358
0.077503
0.125182
0.277019
0.050047
0.048705
0.131222
0.133327
0.480049
0.005194
0.038577
0.351188
0.323699
0.331653
0.235081
0.010159
0.220081
0.348946
0.079276
0.167334
0.085190
0.372563
0.261176
0.058004
0.266286
0.127364
0.016838
0.235470
0.119113
0.664919
0.060187
0.088969
0.335298
0.285495
0.113272
0.089519
0.244595
0.337571
0.087442
0.139811
0.270631
0.725415
1.345785
13.702272
1.339772
0.127926
0.044466
0.073852
0.372395
0.382786
0.413275
0.042548
0.296566
0.040815
0.222933
0.354642
0.298172
0.048190
0.028170
0.212430
0.052909
1.076037
0.132289
0.056609
0.171332
0.011424
0.151568
0.332652
0.288227
0.051772
0.009207
0.090705
0.183811
0.046167
0.083024
0.235127
0.057109
0.152250
0.015360
0.053409
0.030589
0.410448
0.031266
0.025756
0.313651
0.312081
0.258348
0.016100
0.053461
0.165063
0.060015
0.029654
0.222676
0.039935
0.395908
0.161989
0.055451
0.436682
0.582347
0.055246
0.363451
0.035757
1.183983
0.303555
0.189813
3.917246
4.183602
25.453331
12.788470
1.399751
0.288617
0.215695
0.023497
0.554976
0.136905
0.374609
0.019029
0.185648
0.156681
0.265997
0.071895
0.035630
0.137559
0.199899
0.122100
0.367680
0.185337
0.095347
0.151766
0.015654
0.088454
0.357825
0.021826
0.007329
0.022086
0.074026
0.042633
0.297654
0.142347
0.128159
0.138290
0.206750
0.384728
0.657031
0.283452
0.303622
0.186953
0.427306
0.378150
0.327324
0.151075
0.246220
0.137147
0.012318
0.222227
0.194241
0.392075
0.009892
0.049652
0.271533
0.335382
0.049353
0.028340
0.221414
0.001171
0.037606
0.030507
0.135043
0.002411
0.104817
0.147023
0.020555
0.135726
0.092433
0.293646
0.001084
0.670523
0.087448
0.120208
0.032352
0.028362
0.002342
0.007958
0.007281
1.154730
0.125018
0.097520
0.035661
0.000683
0.018009
0.289473
0.408127
0.288028
0.122975
0.479977
0.005088
0.037391
0.137220
0.223169
0.022773
0.017291
0.255440
0.107651
0.203205
0.016193
0.113381
0.331009
0.312347
0.196352
0.113086
0.507801
0.331735
0.037992
0.393067
0.028733
0.373581
0.465146
1.092968
3.265547
37.023193
7.354925
1.077286
0.309156
0.483382
0.546628
0.075087
0.583826
0.465489
0.341231
0.140459
0.199030
0.323326
0.103837
0.953111
0.114580
0.244731
0.113413
0.060143
0.217857
0.193113
0.202684
0.166070
0.071457
0.100690
0.147042
0.147190
0.182868
0.083908
0.475407
0.041221
0.264587
0.037993
0.070624
0.036882
0.141974
1.323390
0.579694
0.032276
0.551036
0.169384
0.217269
0.274870
0.055686
0.233921
0.237748
0.217268
0.066839
0.108348
0.095009
0.441094
0.031554
0.378705
0.114993
0.101336
0.017158
0.008455
0.252866
0.228999
0.153636
0.686637
0.026565
0.069411
0.215866
0.045320
0.030344
0.307250
0.128607
0.354925
0.002622
0.078164
0.008988
0.021361
0.309099
0.154973
0.121268
0.128386
0.075557
0.026672
0.024694
0.321642
0.014789
0.066880
0.048387
0.017737
0.461257
0.041775
0.471760
1.195633
0.015799
0.973538
0.496028
0.340730
0.039408
0.005187
0.240704
0.077842
0.294757
0.028963
0.018541
0.016281
0.127312
0.239631
0.002374
0.028045
0.207837
0.012617
0.187640
0.011519
0.192058
0.386768
0.063882
0.114076
0.079658
0.014856
0.106002
0.020479
1.402643
0.295657
0.067560
0.340386
0.221476
0.109655
0.721070
0.045603
0.058661
0.402664
0.621978
0.013145
0.023081
0.147426
0.023038
0.014266
1.076322
0.274369
0.043862
0.100729
0.161671
0.046380
0.192211
0.394791
1.358220
0.441483
2.260208
1.970875
8.696258
0.299873
0.337669
0.080801
0.087882
0.021407
0.156394
0.037513
0.122183
0.172706
0.084417
0.165990
0.148356
0.049252
0.151584
0.047731
0.540309
0.003768
0.039296
0.081033
1.071538
0.193470
0.036180
0.049111
0.016302
0.487190
0.053480
0.457910
0.036978
0.005234
0.080489
0.147509
0.096514
0.145287
0.136490
0.462219
0.157502
0.098415
0.061860
0.088229
0.012983
0.128325
0.007265
0.010667
0.016303
0.010169
0.450065
0.617543
0.018870
0.068663
0.066727
0.219443
0.646635
0.175696
0.204831
0.067377
0.093309
0.001157
0.124292
0.336673
0.495515
0.042076
0.160004
0.043596
0.029415
0.168186
0.476602
0.285592
0.806495
1.330787
7.535081
7.602736
6.469309
1.268967
0.560455
0.128256
0.298191
0.272291
0.329059
0.011458
0.082196
0.499631
0.062661
0.131848
0.087225
0.008022
0.404741
0.011668
0.011395
0.162112
0.061407
0.506796
0.019684
0.303904
0.044258
0.081364
0.198257
0.087809
0.130981
0.181674
0.022655
0.077551
0.114349
0.015025
0.356400
0.305274
0.052146
0.292125
0.093707
0.095554
0.051708
0.350287
0.287781
0.099154
0.015712
0.046430
0.119537
0.443967
0.315885
0.241023
0.372919
0.584711
0.216899
0.198613
0.156162
0.012737
0.100429
0.002070
0.534180
0.102552
0.002864
0.128510
1.149088
0.061297
0.104561
0.327337
0.238911
0.381579
0.048503
0.044206
0.057268
0.004665
0.077314
0.032747
0.106285
0.068798
0.586702
0.040054
0.838671
0.915372
0.398941
0.005867
0.017050
0.113441
0.065039
0.022322
0.093727
0.137341
0.086923
0.319426
0.722419
0.399323
0.092848
0.235084
0.171111
0.018728
0.178731
0.371865
0.059239
0.030113
0.144065
0.062779
0.102260
1.217786
0.219008
0.206870
0.065344
0.002373
0.027191
0.100682
0.084853
0.117324
0.052528
0.186191
0.083198
0.309910
0.169484
0.029076
0.019722
0.008169
0.658936
1.725873
7.061902
19.718077
11.258547
1.038497
0.752212
0.554781
0.060249
0.114135
0.051633
0.155109
0.097990
0.201124
0.110082
0.217569
0.567928
0.096294
0.206625
0.181663
0.028714
0.083036
0.004075
0.070331
0.259924
0.067720
0.135530
0.187841
0.007440
0.504909
0.042605
0.006201
0.028627
0.034907
0.087355
0.183616
0.545285
0.072071
0.789595
0.026102
0.054942
0.087610
0.342268
0.004979
0.036847
0.072193
0.622407
0.010522
0.016705
0.059754
0.012121
0.346625
1.158089
0.102185
0.021105
0.045128
0.010323
0.138180
0.030431
0.216900
0.563170
0.059873
0.340107
0.048682
0.167074
0.003492
0.065894
0.421616
0.075049
0.028592
0.069504
0.194477
0.003472
0.035386
0.122105
0.033243
1.194980
0.147381
0.245263
0.023690
0.003174
0.019224
0.419100
0.003071
0.651362
0.343990
0.192873
0.108088
0.118560
0.050054
0.053126
0.200633
0.005504
0.114718
0.163636
0.348228
0.004121
0.071723
0.235434
0.047981
0.704043
0.056546
0.668441
0.768095
0.012195
0.297555
0.425244
0.513367
0.833472
0.216630
0.125776
0.045930
0.105349
0.362927
0.350832
0.214728
0.009481
0.153585
0.198240
0.142734
0.065667
0.131199
0.080000
0.084031
0.033696
0.221587
0.061084
0.145543
0.015888
0.042463
0.018813
0.057892
0.339009
0.127845
0.824500
1.197946
16.896473
0.747093
0.928098
0.151038
0.512888
0.233631
0.134393
0.185251
0.061685
0.237400
0.026138
0.545666
0.080115
1.621281
0.216553
0.064708
0.009760
0.634572
0.072954
0.013456
0.057687
0.518802
0.353179
0.078940
0.026575
0.296781
0.266484
0.267547
0.042979
0.067791
0.066504
0.008443
0.407046
0.123888
0.126572
0.222144
0.012195
0.032043
0.140772
0.161696
0.139670
0.083665
0.023013
0.072327
0.101754
0.010596
0.134247
0.009423
0.002597
0.079871
0.463803
0.021012
0.033874
0.071307
0.017846
0.315515
0.390884
0.160849
0.339436
0.173253
0.087917
3.435659
5.782206
10.282680
2.964241
1.585764
2.833387
1.315831
0.731649
0.534670
0.994258
0.251573
0.521237
0.503138
0.687021
0.399847
0.537919
0.454726
0.302397
0.466661
0.462598
0.273031
0.504147
0.217398
0.290153
0.275188
0.387204
0.109836
0.374030
0.326960
0.246539
1.292684
0.238575
0.176238
0.457942
0.418118
0.148600
0.399011
0.258903
0.175941
0.156472
0.285647
0.525413
0.330559
0.113173
0.545499
0.243183
0.287530
0.138595
0.184339
0.278849
0.123189
0.061883
0.374039
0.133280
0.115437
0.126798
0.304445
0.160190
0.365697
0.040583
0.191435
0.054125
0.167703
0.036156
0.026339
0.490006
0.139514
0.051254
0.742735
0.145230
0.297774
0.260239
0.264931
0.397739
0.036324
0.227593
0.140202
0.051692
0.256862
0.275837
0.230518
0.151908
0.049935
0.044979
0.084254
0.049828
0.067720
0.013471
0.156791
0.244060
0.114139
0.212746
0.098675
0.007742
1.420562
0.127122
0.283624
0.249395
0.060217
0.005677
0.016791
0.040782
0.153356
0.282727
0.168177
0.366186
0.175576
0.007799
0.075677
0.465199
0.102223
0.440703
0.014827
0.405496
0.047220
0.066170
0.031331
0.031096
0.443804
0.627434
0.047543
0.078697
0.022856
0.060108
0.442371
0.329851
0.021385
0.233464
0.019312
0.001962
0.353453
0.092897
0.337892
0.179562
0.041299
1.145954
0.224723
0.046336
0.288812
0.085274
0.023117
0.046001
0.023639
0.125798
0.225995
0.054844
0.121540
0.051206
0.017799
0.100109
0.054578
0.333505
0.068024
0.015740
0.232131
0.090522
0.037786
0.101205
0.036283
0.081353
0.219273
0.005158
0.022304
0.330942
0.779332
0.181617
0.066788
0.043896
0.559888
0.393979
0.134141
0.010983
0.150331
0.102987
0.053074
0.003876
0.233036
0.510047
0.075162
0.310695
0.063364
0.129963
0.112148
0.636499
0.007038
0.151993
0.195552
0.062815
0.336216
0.175079
0.051307
0.268171
0.013570
0.027021
0.328690
0.325804
0.084168
0.003502
0.039247
0.742336
0.016941
0.166042
0.370468
0.002183
0.187024
0.234826
0.246226
0.017515
0.032986
0.160314
0.007354
0.016782
0.071858
0.067731
0.015746
0.047481
0.179627
0.276797
0.127556
0.005579
0.002624
0.643737
0.056814
0.024119
0.367537
0.660983
0.270401
0.117277
0.140061
0.017930
0.265527
0.048399
0.181436
0.361334
0.145937
1.371917
0.056024
0.018647
0.176028
0.062686
0.244710
0.815893
0.551896
0.800433
0.431676
0.069760
0.082435
0.013292
0.381121
0.043410
0.020053
0.012963
0.004728
0.143590
0.310406
0.002058
0.028868
0.136812
0.343825
0.173072
0.030681
0.021451
0.066441
0.030884
0.181771
0.831504
0.151078
0.489712
0.275716
0.326403
0.019505
0.206594
0.259631
0.025027
0.362223
1.064730
0.383732
0.003775
0.540763
0.783313
9.244659
36.236122
18.946976
3.003293
0.594111
0.497142
0.648851
0.339254
0.134489
0.074061
0.135011
0.328074
0.508940
0.238330
0.553341
0.181390
0.127525
0.170315
0.179182
0.451033
0.245430
0.058213
0.118459
0.076502
0.401695
0.714455
0.009468
0.094699
0.042725
0.469520
0.087871
0.235987
0.192235
0.055348
0.092883
0.183523
0.169552
0.037624
0.452414
0.140941
0.018767
0.304531
0.009455
0.142637
0.074020
0.022843
0.007628
0.580711
0.178170
0.165660
0.037715
0.294742
0.054840
0.030444
0.466823
0.672823
0.631308
0.567060
0.037848
0.072710
0.208607
0.007821
0.062700
0.011495
0.285213
0.576312
0.027003
0.064563
0.413863
0.100309
0.030221
0.134867
0.041783
0.083235
0.040226
0.014534
0.032623
0.360805
0.094309
0.064159
0.543922
0.106456
0.292393
0.008549
0.038282
0.029009
0.004996
0.004849
0.020714
0.518096
0.058723
1.308805
0.512420
0.055649
0.000076
0.047572
0.294377
0.084439
0.193951
0.006815
0.032362
0.404820
0.027219
0.040110
0.005188
0.068464
0.085976
0.190426
0.063771
0.054372
0.280878
0.434076
0.271247
0.189135
0.214868
0.075209
0.003197
0.009408
0.039160
0.369993
0.046872
0.056365
1.376213
0.049900
0.130279
0.058438
0.826190
0.038003
0.408171
0.009832
0.227166
0.508912
0.019568
0.694614
0.026751
0.668487
0.008518
0.052176
0.000173
