2.374026
2.239478
1.838630
2.124196
2.100453
2.067080
2.042140
1.961663
1.825463
1.670022
1.838597
1.442683
1.297335
0.994039
1.173884
1.391623
0.879222
1.204345
0.889881
1.070529
1.006338
0.907819
0.941677
1.544224
0.952263
1.261182
0.481177
0.602972
0.903204
0.290975
1.689516
0.598890
0.516120
0.582816
0.686030
0.383414
0.254293
0.783100
0.336808
0.633976
0.270424
0.421234
0.497604
0.312061
0.709055
0.456093
0.420093
0.414481
0.308076
0.409335
0.245817
0.272687
0.809110
0.554941
0.319332
0.352845
0.285396
0.435646
0.497624
0.219344
0.180498
0.177675
0.261628
0.309126
0.550159
0.586772
0.694837
0.287654
0.177608
0.261757
0.343670
0.158959
0.456026
0.147995
0.485999
0.687766
0.217506
0.462179
0.202725
0.843952
0.184611
0.439760
0.411891
0.282641
0.392196
0.385292
0.285500
0.320087
0.377023
0.224431
0.669082
0.171272
0.309022
0.221227
0.318021
0.187416
0.373309
0.300387
0.590669
0.341995
0.164585
0.326197
0.456372
0.268426
0.374661
0.201300
0.434593
0.364204
0.605300
0.221268
0.219110
0.271265
0.238478
0.261304
0.275518
0.255374
0.369088
0.096566
0.273982
0.191676
0.421352
0.614854
0.240988
0.318687
0.372567
0.174290
0.332748
0.125780
0.424558
0.470422
0.215607
0.386233
0.216782
0.190142
0.354390
0.216518
0.278596
0.338218
0.289544
0.229331
0.726323
0.279035
0.283442
0.152782
0.174403
0.179944
0.165498
0.096817
0.149063
0.207130
0.338010
0.253938
0.708167
0.104007
0.515315
0.147864
0.147649
0.360823
0.195154
0.384306
0.285492
0.186469
0.303556
0.186813
0.130321
0.300158
0.336285
0.170255
0.224709
0.253759
0.219865
0.139275
0.199795
0.251758
0.381454
0.361718
0.250555
0.157336
0.287835
0.462663
0.233969
0.232793
0.971186
0.275810
0.374038
0.200538
0.238989
0.298080
0.235319
0.168998
0.179647
0.221895
0.264311
0.165690
0.337057
0.349896
0.190302
0.102085
0.091353
0.301465
0.161273
0.281458
0.207557
0.542474
0.311730
0.128209
0.177696
0.153908
0.174929
0.119413
0.721520
0.478742
0.388358
0.455071
0.280692
0.343237
0.195878
0.488025
0.496885
0.247832
0.475959
0.121957
0.113339
0.305845
0.133438
0.090451
0.208235
0.324628
0.347049
0.280253
0.558150
0.108005
0.407728
0.252862
0.578189
0.348179
0.146248
0.144432
0.641572
0.333371
0.339116
0.412117
0.177751
0.204623
0.217529
0.183556
0.266275
0.213882
0.164349
0.325596
0.097390
0.275283
0.152969
0.475259
0.395816
0.362063
0.271364
0.411047
0.249264
0.313383
0.215966
0.234983
0.341442
0.277005
0.217554
0.253701
0.146881
0.208278
0.327249
0.184487
0.358569
0.143090
0.238260
0.240311
0.078299
0.669468
0.433567
0.219030
0.156287
0.451239
0.227763
0.298428
0.285003
0.373393
0.599088
0.461433
0.114296
0.214532
0.292062
0.206620
0.514181
0.251020
0.239538
0.218161
0.211978
0.165135
0.205783
0.147546
0.205379
0.243781
0.319400
0.499290
0.179496
0.103321
0.177834
0.095060
0.151340
0.235644
0.307078
0.241273
0.324593
0.228045
0.305464
0.269774
0.306170
0.663269
0.208468
0.327882
0.128071
0.314605
0.144109
0.140615
0.293316
0.231365
0.177117
0.306176
0.225513
0.423369
0.264645
0.168326
0.095860
0.247610
0.340507
0.155689
0.249624
0.189451
0.148293
0.145926
0.100406
0.541018
0.204431
0.236864
0.189438
0.270658
0.350381
0.382557
0.186147
0.178553
0.203688
0.198280
0.070182
0.374347
0.239701
0.140114
0.173479
0.281697
0.456890
0.545968
0.240111
0.207411
0.152745
0.287482
0.103043
0.372829
0.240097
0.452951
0.366732
0.206125
0.225870
0.250267
0.122871
0.202619
0.289979
0.162161
0.200455
0.271247
0.118381
0.245072
0.181023
1.409442
0.342727
0.328332
0.158361
0.196375
0.153114
0.238174
0.186897
0.059941
0.370723
0.392007
0.271206
0.140637
0.203405
0.243199
0.212744
0.342827
0.286419
0.413544
0.223034
0.326101
0.289871
0.192988
0.124287
0.437865
0.303921
0.125377
0.174060
0.131036
0.252391
0.333788
0.333258
0.183317
0.095156
0.153029
0.286718
0.166151
0.115418
0.434377
0.236871
1.628287
0.127467
0.402182
0.178820
0.122127
0.174357
0.281394
0.197566
0.316802
0.101277
0.128069
0.230843
0.151931
0.295529
0.204532
0.255874
0.220403
0.182846
0.283098
0.525973
1.066230
0.384730
0.275903
0.100748
0.212959
0.110997
0.230282
0.137753
0.111336
0.143864
0.122236
0.301528
0.217669
0.182821
0.261768
0.101810
0.310883
0.194321
0.234670
0.218522
0.381852
0.137471
0.108196
0.258579
0.132367
0.271315
0.216217
0.434321
0.486568
0.148748
0.311952
0.256958
0.134642
0.142079
0.153430
0.218267
0.362207
0.158629
0.145447
0.182295
0.122478
0.245081
0.350663
0.330811
1.207357
0.320169
0.209702
0.287338
0.149228
0.101909
0.341977
0.125110
0.256497
0.112654
0.084334
0.345492
0.099035
0.184327
0.333668
0.159190
0.198638
0.312404
0.408866
0.439030
0.156460
0.337545
0.315686
0.186858
0.348826
0.188455
0.347038
0.347811
0.188997
0.225227
0.184267
0.225659
0.337592
0.165821
0.361496
0.091844
0.500041
0.667472
0.184506
0.247631
0.243744
0.341388
0.143668
0.162559
0.259376
0.317768
0.271850
0.094668
0.145516
0.296496
0.177126
0.203343
0.274723
0.107856
0.191820
0.174425
0.169966
0.228296
0.613039
0.639410
0.635396
0.204691
0.176463
0.111011
0.204973
0.153089
0.035837
0.099222
0.200227
0.105927
0.223236
0.192149
0.141042
0.167658
0.362304
0.270376
0.222588
0.088283
0.198784
0.086370
0.128565
0.611052
0.353160
0.261285
0.268204
0.459207
0.321262
0.265479
0.350223
0.475126
0.200276
0.100565
0.093268
0.103400
0.095124
0.409241
0.112981
0.472928
0.217334
0.300963
0.738121
0.220921
0.198988
0.111201
0.101651
0.288822
0.183030
0.205721
0.255171
0.316730
0.165088
0.146649
0.489830
0.175652
0.203683
0.266160
0.133133
0.140971
0.222936
0.237252
0.182926
0.349565
0.339148
0.195234
0.289777
0.224907
0.203845
0.288992
0.191579
0.401534
0.211355
0.151591
0.465303
0.262022
0.194217
0.275385
0.857012
0.419873
0.225969
0.252570
0.127931
0.165897
0.169536
0.110481
0.208437
0.209335
0.212754
0.274038
0.190657
0.170465
0.282530
0.329292
0.216936
0.227703
0.225217
0.099772
0.131827
0.107809
0.159994
0.284025
0.568760
0.354750
0.167442
0.173951
0.269943
0.196445
0.241568
0.252783
0.514204
0.419462
0.339020
0.069445
0.738218
0.197380
0.397834
0.342865
0.157928
0.321524
0.399127
0.226128
0.597201
0.182083
0.226570
0.353904
0.209967
0.167707
0.363136
0.164399
0.340264
0.229874
0.135024
0.195281
0.321174
0.126667
0.379940
0.087405
0.125630
0.080909
0.103681
0.124491
0.192365
0.474934
0.240953
0.103661
0.236240
0.102722
0.203470
0.213422
0.401302
0.624733
0.232050
0.118278
0.233875
0.103601
0.196733
0.210956
0.259282
0.125359
0.063092
0.217881
0.106841
0.238441
0.087922
0.127631
0.312576
0.206509
0.173791
0.233606
0.208092
0.526592
0.388572
0.764292
0.155136
0.130039
0.158864
0.181340
0.205412
0.222187
0.216217
0.121942
0.227369
0.109579
0.146974
0.158624
0.205644
0.271420
0.262725
0.121341
0.262257
0.387411
0.297920
0.297541
1.729536
0.497624
0.280454
0.171600
0.241595
0.139865
0.291788
0.153850
0.162264
0.121435
0.233121
0.198944
0.169830
0.379410
0.196940
0.529936
0.455701
0.249050
0.118878
0.100300
0.119099
0.142664
0.197403
0.162634
0.195686
0.280007
0.081710
0.393794
0.205900
0.687271
0.362486
0.132764
0.224047
0.211632
0.088710
0.199105
0.162799
0.111310
0.173675
0.232428
0.268816
0.129156
0.112352
0.184372
0.129284
0.133940
0.241284
0.205126
0.390260
0.187913
0.473107
0.252431
0.217696
0.129356
0.114745
0.155320
0.208810
0.093257
0.103222
0.151809
0.170083
0.144156
0.144696
0.158399
0.265004
0.210237
0.339537
0.331917
0.351925
0.288979
0.240152
0.155487
0.163325
0.268892
0.858359
0.279261
0.153136
0.283985
0.155255
0.091472
0.277938
0.206513
0.778195
0.181135
0.909545
0.144061
0.082556
0.127453
0.191680
0.148736
0.098301
0.306548
0.161457
0.290212
0.250754
0.138528
0.146058
0.138470
0.183187
0.250014
0.107260
0.165239
0.407418
0.075636
0.121462
0.166122
0.261007
0.106359
0.340360
0.295404
0.169259
0.351362
0.595872
0.713911
0.184796
0.348058
0.245884
0.231786
0.127021
0.135567
0.213641
0.240933
0.098810
0.129167
0.486165
0.122807
0.053923
0.158810
0.545740
0.497303
0.051861
0.208122
0.129867
0.500310
0.450091
0.308170
0.264036
0.154186
0.100097
0.322047
0.377765
0.227774
0.181017
0.104863
0.306483
0.206724
0.377999
0.381881
0.307339
0.431291
0.211105
0.113034
0.079237
0.158020
0.451847
0.173373
0.284535
0.228776
0.176683
0.218420
0.163841
0.193576
0.280267
0.181524
0.093823
0.333199
0.565363
0.294401
0.277671
0.170116
0.311498
0.483222
0.144028
0.319044
0.279500
0.239635
0.096338
0.103307
0.269243
0.168607
0.248443
0.071314
0.402929
0.145156
0.434137
0.436139
0.175246
0.222158
0.203966
0.172794
0.157185
0.227807
0.161490
0.154916
0.307687
0.187344
0.187964
0.192241
0.109041
0.165751
0.109794
0.105036
0.372648
0.142932
0.480512
0.143658
0.109611
0.253659
0.174356
0.606392
0.293105
0.198315
0.156411
0.183607
0.101230
0.145913
0.258085
0.292267
0.555015
0.329461
0.100887
0.134873
0.210859
0.151574
0.250584
0.551848
0.179111
0.237030
0.082670
0.128344
0.185454
0.353765
0.146640
0.121098
0.317824
0.548632
0.291134
0.086449
0.161089
0.131711
0.071219
0.247211
0.209184
0.162328
0.458605
0.266587
0.425596
0.256219
0.338020
0.320850
0.085659
0.153902
0.378755
0.237834
0.272588
0.145430
0.178885
0.107977
0.231854
0.098949
0.592330
0.365402
0.507590
0.269206
0.212123
0.137078
0.116449
0.240276
0.110108
0.117808
0.122788
0.279437
0.106135
0.321030
0.102631
0.109970
0.194771
0.271503
0.103526
0.180198
0.106325
0.470850
0.568828
0.540302
0.694252
0.494303
0.182229
0.362570
0.210831
0.173101
0.194681
0.230041
0.367293
0.274533
0.193541
0.091848
0.227398
0.084435
0.331712
0.183888
0.425404
0.176871
0.233329
0.243951
0.180362
0.192919
0.211875
0.178829
0.265057
0.146353
0.409161
0.633562
0.275583
0.153369
0.157920
0.098255
0.147403
0.064083
0.423468
0.100731
0.237311
0.253826
0.174501
0.103848
0.512233
0.094928
0.304207
0.286535
0.554386
0.458793
0.117279
0.161180
0.277419
0.261584
0.176576
0.237645
0.134870
0.174021
0.241145
0.152497
0.201686
0.156471
0.189098
0.152592
0.502125
0.116120
0.201503
0.273340
0.183326
0.254891
0.412224
0.120228
0.277670
0.066343
0.110367
0.219717
0.178771
0.198814
0.115355
0.260219
0.150027
0.225533
0.318199
0.181980
0.211355
0.053740
0.089892
0.161920
0.246919
0.224743
0.358142
0.302393
0.420700
0.190828
0.247102
0.229954
0.262936
0.159536
0.292281
0.499436
0.313533
0.043469
0.087915
0.202194
0.181197
0.115700
0.220314
0.307946
0.214268
0.272140
0.359148
0.227998
0.134145
0.208749
0.283946
0.210801
0.082458
0.370850
0.092128
0.972946
0.207817
0.391136
0.172943
0.148844
0.142184
0.316889
0.092133
0.446034
0.132611
0.115131
0.370118
0.234755
0.331506
0.253365
0.101767
0.145398
0.198049
0.259156
0.365627
0.085354
0.242877
0.140311
0.162640
0.301590
0.215063
0.055548
0.241747
0.252598
0.376421
0.143416
0.091308
0.154540
0.208941
0.407295
1.175483
1.230917
0.455841
0.247350
0.197163
0.255578
0.226519
0.189191
0.140861
0.425676
0.348294
0.082228
0.258856
0.187004
0.151761
0.147430
0.284160
0.115086
0.211569
0.278438
0.264800
0.287020
0.158653
0.179167
0.310516
0.173901
0.208196
0.369671
0.258218
0.296596
0.251841
0.337981
0.323456
0.086002
0.094733
0.231012
0.146741
0.130644
0.424119
0.086104
0.185772
0.332220
0.141605
0.214247
0.151786
0.130005
0.247654
0.267434
0.320989
0.463573
0.137039
0.432454
0.084328
0.513194
0.096773
0.255600
0.233181
0.124685
0.067709
0.248371
0.369763
0.486842
0.243040
0.175460
0.262271
0.534823
0.100281
0.128512
0.113111
0.252766
0.064388
0.128262
0.200651
0.468458
0.818774
0.772031
0.330261
0.116685
0.170925
0.162176
0.284710
0.083777
0.127066
0.253591
0.206919
0.116527
0.304192
0.138253
0.272931
0.157858
0.213679
0.163316
0.318318
0.221233
0.901199
0.135918
0.305596
0.200999
0.187625
0.333705
0.164944
0.163783
0.270431
0.189156
0.180510
0.294180
0.317885
0.101086
0.362425
0.349122
0.409156
0.114633
0.178989
0.224919
0.164130
0.117311
0.199981
0.163245
0.112823
0.149610
0.390109
0.105251
0.348784
0.168353
0.259000
0.088533
0.255702
0.316690
0.195257
0.183813
0.124637
0.255555
0.098525
0.085317
0.178427
0.200236
0.350771
0.416449
0.437228
0.311734
0.177465
0.147616
0.121888
0.287500
0.133697
0.186307
0.212828
0.142381
0.260580
0.286696
0.213811
0.261917
0.453430
0.111800
0.331499
0.106664
0.325277
0.264147
0.221492
0.186943
0.159305
0.181674
0.259968
0.279814
0.086712
0.148570
0.139465
0.334623
0.226397
0.207224
0.170857
0.290032
0.307239
0.361745
0.151803
0.179444
0.304068
0.371767
0.101895
0.112648
0.090714
0.213792
0.218109
0.088919
0.249904
0.525299
0.207487
0.248886
0.136431
0.630105
0.254410
0.196437
0.205609
0.611523
0.165376
0.210652
0.125815
0.169520
0.132935
0.261036
0.270829
0.077887
0.137099
0.150195
0.241924
0.129219
0.207809
0.242245
0.113049
0.156186
0.295166
0.310818
0.145704
0.243964
0.063620
0.465166
0.103822
0.170778
0.244794
0.263032
0.103486
0.270241
0.255820
0.255407
0.107647
0.240931
0.187782
0.246686
0.137047
0.270601
0.208729
0.110202
0.182105
0.353678
0.158246
0.193202
0.138079
0.250000
0.254602
0.423407
0.103807
0.295296
0.407933
0.212291
0.141711
0.217340
0.178166
0.176078
0.194020
0.235169
0.382030
0.138254
0.439903
0.077924
0.228782
0.242342
0.107807
0.291927
0.057757
0.238393
0.133505
0.217788
0.149662
0.182414
0.154821
0.422170
0.146619
0.207649
0.417347
0.166084
0.625106
0.268408
0.137556
0.239069
0.166457
0.132272
0.196804
0.175606
0.351201
0.287039
0.187125
0.459675
0.360944
0.241163
0.222080
0.138200
0.202414
0.324089
0.251013
0.331614
0.502173
0.243098
0.210961
0.240144
0.126188
0.181916
0.065892
0.154258
0.157035
0.050978
0.150579
0.168535
0.183918
0.084186
0.227116
0.466806
0.472088
0.106581
0.372042
0.121658
0.101123
0.244483
0.227931
0.219027
0.135183
0.342057
0.260980
0.260965
0.126684
0.152817
0.070564
0.282489
0.335808
0.111813
0.098967
0.239069
0.172635
0.236081
0.364083
0.420600
0.394414
0.156754
0.493146
0.419896
0.199683
0.284513
0.134687
0.360286
0.163158
0.167737
0.398197
0.208814
0.073255
0.145382
0.175172
0.415542
0.133756
0.368569
0.313884
0.233456
0.308328
0.460221
0.242142
0.131579
0.341914
0.098219
0.189431
0.249338
0.257173
0.255953
0.368043
0.200075
0.196295
0.326276
0.208858
0.206920
0.260923
0.132841
0.176828
0.153124
0.224795
0.465364
0.230886
0.256149
0.355414
0.320691
0.380637
0.168106
0.206735
0.160982
0.256590
0.106375
0.210931
0.232471
0.270423
0.104751
0.175254
0.326663
0.153626
0.176512
0.114190
0.188794
0.586784
0.080566
0.282714
0.355157
0.124444
0.180019
0.352372
0.124749
0.243408
0.113674
0.512780
0.116634
0.261442
0.223086
0.178421
0.160708
0.169744
0.116993
0.236917
0.231389
0.130672
0.164293
0.532069
0.379786
0.473562
0.099587
0.338775
0.081875
0.159939
0.214152
0.283879
0.245174
0.124680
0.062903
0.471726
0.220628
0.146424
0.160879
0.312850
0.338407
0.187805
0.195210
0.221955
0.152294
0.103660
0.227785
0.206074
0.329334
0.068395
0.184327
0.121875
0.172793
0.209075
0.156288
0.128090
0.174155
0.263388
1.545106
0.367435
0.538702
0.526260
0.276391
0.190018
0.328753
0.296808
0.120281
0.210938
0.487289
0.470043
0.195298
0.250533
0.196796
0.093750
0.140956
0.121211
0.247431
0.138223
0.142978
0.189632
0.114181
0.394661
0.117647
0.182413
0.178051
0.312541
0.173325
0.216059
0.110764
0.192351
0.370947
0.258938
0.169866
0.260884
0.090173
0.194411
0.138212
0.289800
0.294474
1.440847
0.249074
0.168680
0.294635
0.228812
0.288958
0.245082
0.193987
0.109037
0.120936
0.157531
0.270924
0.152184
0.200473
0.190652
0.198412
0.283744
0.068847
0.259651
0.066294
0.230907
0.295241
0.341348
0.174655
0.271806
0.186529
0.228100
0.260139
0.144669
0.112170
0.530903
0.274930
2.259367
0.418994
0.233686
0.128479
0.325104
0.141529
0.369753
0.136366
0.183381
0.130137
0.192613
0.111105
0.100279
0.176851
0.157342
0.383417
0.154001
0.124490
0.098616
0.203969
0.293654
0.355167
0.185840
0.292122
0.196289
0.196946
0.203003
0.137064
0.308031
0.108738
0.189543
0.201350
0.150568
0.361685
0.095256
0.319301
0.344688
0.200301
0.158649
0.167624
0.268408
0.306054
0.221938
0.113329
0.089224
0.219204
0.226996
0.140472
0.179820
0.181341
0.151337
0.348318
0.338018
0.481632
0.388105
0.283646
0.276474
0.207042
0.114873
0.223396
0.122780
0.119952
0.108830
0.311518
0.083300
0.201924
0.126479
0.191898
0.182735
0.237342
0.117248
0.152104
0.039152
0.300077
0.172848
0.244887
0.120987
0.210495
0.164769
0.233038
0.081368
0.195875
0.325844
0.236897
0.230677
0.403567
0.249863
0.225646
0.178580
0.750448
0.386660
0.100035
0.255804
0.121583
0.329710
0.282735
0.234317
0.208488
0.276131
0.269021
0.136704
0.264192
0.210411
0.161325
0.151313
0.112356
0.102436
0.136354
0.166815
0.196300
0.169875
0.430937
0.192021
0.280136
0.162231
0.157332
0.188498
0.263674
0.165772
0.377688
0.277822
0.302883
0.299672
0.291925
0.229568
0.124842
0.350918
0.089175
0.230790
0.491435
0.116803
0.292272
0.186945
0.236097
0.154269
0.175274
0.259461
0.259760
0.140192
0.111977
0.269397
0.085154
0.415478
0.049946
0.123052
0.133718
0.198184
0.281495
0.258398
0.791962
0.181935
0.104600
0.147716
0.246130
0.072686
0.225289
0.297443
0.313227
0.310685
0.230475
0.126550
0.319980
0.195637
0.238060
0.101406
0.373253
0.179122
0.389965
0.106018
0.244455
0.251008
0.274632
0.220316
0.175386
0.248400
0.312873
0.062690
0.183250
0.122775
0.426872
0.074457
0.230570
0.229716
0.389068
0.301895
0.325097
0.552176
0.301444
0.238219
0.140881
0.073955
0.324595
0.182822
0.092097
0.360661
0.293983
0.185154
0.186276
0.368741
0.262632
0.262472
0.189538
0.153008
0.185016
0.106754
0.428177
0.583041
0.258220
0.165579
0.188025
0.081846
0.114828
0.236211
0.148387
0.148664
0.303871
0.170954
0.252837
0.498165
0.259520
0.133366
0.113598
0.124908
0.259892
0.262699
0.244481
0.145291
0.153290
0.066376
0.230534
0.090985
0.204626
0.185300
0.254381
0.255871
0.159527
0.194244
0.229175
0.164417
0.175244
0.172760
0.279883
0.429462
0.079824
0.263926
0.129311
0.165767
0.273724
0.160985
0.160710
0.232326
0.210375
0.298176
0.102548
0.498928
0.132807
0.348122
0.287127
0.244653
0.173260
0.281361
0.115570
0.473605
0.105119
0.186412
0.137665
0.213481
0.129269
0.105401
0.176762
0.241822
0.167443
0.121262
0.273785
0.255446
0.288211
0.307360
0.083850
0.122510
0.267015
0.225218
0.243504
0.205183
0.099564
0.159778
0.516557
0.102913
0.150751
0.157598
0.112931
0.110058
0.179158
0.614462
1.038047
1.571455
0.433906
0.127882
0.194616
0.104473
0.430021
0.157581
0.234352
0.080464
0.230391
0.196635
0.165034
0.124364
0.339186
0.106796
0.132009
0.306113
0.328035
0.289042
0.480317
0.071180
0.238478
0.107871
0.250028
0.228195
0.186925
0.230310
0.173414
0.164881
0.194988
0.076408
0.116774
0.283816
1.308608
0.272834
0.302910
0.305247
0.155767
0.252040
0.174576
0.183614
0.187264
0.194488
0.137857
0.248325
0.256099
0.093081
0.104526
0.274104
0.058814
0.277563
0.277280
0.200057
0.276969
0.193974
0.246579
0.193036
0.148238
0.389790
0.157119
0.334464
0.342630
0.299258
0.413168
0.158360
0.174132
0.120245
0.121301
0.205078
0.226504
0.150728
0.090190
0.143167
0.116286
0.145227
0.090973
0.172895
0.165718
0.306899
0.259651
0.266274
0.234771
0.121690
0.574916
0.359436
0.138451
0.176577
0.273150
0.109917
0.089693
0.305463
0.364479
0.451667
0.130575
0.261025
0.251647
0.225383
0.161981
0.200789
0.306854
0.118709
0.220781
0.127240
0.231057
0.152538
0.361787
0.134109
0.118812
0.202278
0.241702
0.303712
0.167531
0.236915
0.250595
0.219711
0.202618
0.240685
0.197959
0.304663
0.130202
0.456900
0.132593
0.177595
0.133196
0.094364
0.355022
0.155017
0.060908
0.209939
0.139159
0.184818
0.170976
0.307134
0.139724
0.152917
0.166079
0.256140
0.166977
0.257649
0.126128
0.226497
0.434806
0.184341
0.179905
0.401342
0.398683
0.296030
0.106026
0.245165
0.118352
0.218288
0.336189
0.117112
0.145032
0.137476
0.315906
0.464119
0.225270
0.101904
0.493687
0.190261
0.188711
0.196188
0.109216
0.186131
0.155028
0.284332
0.160601
0.277632
0.300037
0.210916
0.121316
0.251326
0.112288
0.482052
0.177023
0.323241
0.293807
0.084896
0.091411
0.262286
0.187827
0.171157
0.105598
0.305956
0.135079
0.139994
0.141066
0.255965
0.079063
0.142834
0.130980
0.501818
0.291197
0.157125
0.220595
0.238250
0.095512
0.966865
0.327131
0.464138
0.128874
0.175058
0.139523
0.344848
0.218931
0.112632
0.159966
0.117000
0.200812
0.282187
0.150036
0.176518
0.079417
0.133539
0.055832
0.186116
0.144890
0.231464
0.139481
0.484313
3.393277
0.225321
0.304116
0.225665
0.280893
0.217431
0.148362
0.233167
0.269840
0.206406
0.291781
0.219218
0.315984
0.223182
0.156242
0.322152
0.268807
0.073666
0.136376
0.217678
0.102574
0.186872
0.171365
0.237223
0.219709
0.493980
0.318431
0.321978
0.220040
0.464573
0.238544
0.322671
0.138506
0.312846
0.128670
0.194686
0.117971
0.107960
0.197480
0.374989
0.185728
0.355720
0.313049
0.503191
0.337786
0.224101
0.147589
0.188957
0.179875
0.528549
0.110597
0.146319
0.132276
0.453487
0.063827
0.125887
0.193399
0.227609
0.112028
0.406152
0.102619
0.295863
0.132655
0.193941
0.070621
0.144848
0.217589
0.155236
0.163005
0.280880
0.762667
0.497338
0.299522
0.137135
0.161329
0.314912
0.176627
0.262951
0.116622
0.163647
0.193940
0.115727
0.192635
0.288170
0.172992
0.126025
0.186746
0.422502
0.114073
0.332284
0.138282
0.256851
0.130638
0.167302
0.081144
0.430317
0.370559
0.225786
0.099220
0.119472
0.252570
0.180456
0.403388
0.379627
0.074330
0.294733
0.180026
0.200302
0.147152
0.218497
0.226329
0.381662
0.234022
0.260110
0.155529
0.168028
0.138754
0.160367
0.557137
0.231683
0.226960
0.244455
0.147098
0.118638
0.099780
0.186611
0.199877
0.171050
0.261355
0.431292
0.190560
0.206414
0.078293
0.251488
0.136260
0.309089
0.098486
0.385299
0.267206
0.332708
0.136081
0.554346
0.180051
0.118854
0.061344
0.517774
0.297484
0.246049
0.181134
0.343972
0.279383
0.140024
0.311351
0.092734
0.188089
0.155549
0.230741
0.489903
0.113448
0.184136
0.086846
0.238816
0.272178
0.116356
1.196720
0.168589
0.159154
0.189923
0.138455
0.363692
0.065437
0.146736
0.353272
0.122011
0.263562
0.201633
0.182042
0.423386
0.242851
0.109944
0.263669
0.233727
0.212626
0.147428
0.239968
0.125447
0.149509
0.144226
0.272310
0.338027
0.171465
0.206641
0.231485
0.089246
0.253784
0.274699
0.621820
0.317288
0.359332
0.367874
0.072810
0.152087
0.136500
0.395339
0.344787
0.230685
0.100988
0.163308
0.183550
0.228543
0.080365
0.339625
0.148242
0.109648
0.142361
0.070248
0.254330
0.195207
0.103938
0.276213
0.122991
0.141849
0.320212
0.065154
0.150286
0.631551
0.145937
0.178211
0.191494
0.215374
0.616862
0.131610
0.267537
0.171470
0.091487
0.226869
0.136178
0.149655
0.150379
0.140537
0.141166
0.189925
0.209620
0.200339
0.082879
0.268288
0.266843
0.159202
0.113961
0.171096
0.086012
0.214323
0.150016
0.209559
0.223722
0.077525
0.543268
0.264090
0.228293
0.130043
0.267016
0.098183
0.364493
0.097906
0.384579
0.267535
0.086399
0.321645
0.333155
0.215404
0.124452
0.181855
0.371350
0.113269
0.316114
0.272483
0.169592
0.103395
0.400799
0.315255
0.136529
0.310032
0.277890
0.163876
0.168665
0.126158
0.218196
0.211277
0.300466
0.184118
0.333489
0.160323
0.334874
0.137757
0.171652
0.122013
0.107906
0.225300
0.097048
0.299877
0.393476
0.185043
0.127818
0.136084
0.137010
0.392064
0.220395
0.318508
0.094818
0.240382
0.255094
0.147250
0.139807
0.146583
0.179243
0.393793
0.093360
0.259935
0.317418
0.336650
0.131818
0.135229
0.111021
0.560867
0.148221
0.078942
0.119983
0.227005
0.503761
0.175720
0.962718
0.739114
0.461466
0.140881
0.210405
0.230168
0.112725
0.107331
0.370434
0.103520
0.197483
0.099122
0.169177
0.231722
0.406349
0.165808
0.062329
0.230045
0.434782
0.307697
0.136935
0.357544
0.080459
0.134127
0.127271
0.062687
0.131881
0.273994
0.248316
0.154709
0.237338
0.291395
0.465146
0.825601
0.220223
0.126750
0.401151
0.200517
0.185656
0.241111
0.242765
0.153155
0.130101
0.398663
0.092867
0.227023
0.189408
0.210338
0.221731
0.223010
0.175863
0.349703
0.150072
0.109481
0.129495
0.230207
0.064963
0.111074
0.425771
0.092287
0.100543
0.254640
0.124447
0.133595
0.276554
0.363223
0.099186
0.479555
0.243723
0.259824
0.193793
0.138471
0.148487
0.467255
0.216012
0.363169
0.227634
0.456291
0.171020
0.207234
0.089491
0.283591
0.185951
0.170024
0.201779
0.114951
0.241911
0.159758
0.241041
0.228013
0.191306
0.252705
0.569382
0.263967
0.163158
0.164921
0.109893
0.162088
0.095626
0.275904
0.079825
0.279885
0.270952
0.212169
0.266737
0.293145
0.250523
0.168680
0.305641
0.558273
0.725860
0.532899
0.315225
0.230627
0.245261
0.171325
0.208546
0.132248
0.058183
0.315006
0.192820
0.144628
0.214336
0.134224
0.150830
0.160920
0.135565
0.536715
0.171951
0.395851
0.225146
0.153209
0.263386
0.150710
0.234063
0.162281
0.193881
0.305649
0.154772
0.132078
0.117208
0.244411
0.593732
0.341833
0.465606
0.188603
0.145810
0.227346
0.173264
0.157481
0.284462
0.259031
0.128841
0.091203
0.098583
0.400096
0.045055
0.125743
0.131977
0.202034
0.176042
0.063223
0.298107
0.191199
0.174453
0.294801
0.340440
0.499381
0.392023
1.705854
0.214538
0.256341
0.180789
0.144198
0.254651
0.119819
0.063124
0.200994
0.251859
0.091598
0.110372
0.250696
0.194770
0.239696
0.418826
0.261182
0.203914
0.250684
0.091892
0.179467
0.072254
0.179269
0.197863
0.137104
0.147659
0.219018
0.404714
0.212357
0.414526
0.156310
0.317956
0.550182
0.180251
0.127897
0.208018
0.320813
0.084222
0.092584
0.083890
0.134078
0.081120
0.171290
0.095354
0.225003
0.194380
0.214285
0.237632
0.236946
0.243965
0.256144
0.174506
0.257285
0.287092
0.210716
0.291678
0.308652
0.209399
0.410982
0.119208
0.274574
0.174057
0.105710
0.175319
0.251545
0.100389
0.143887
0.131341
0.246736
0.195809
0.234137
0.181905
0.146895
0.234632
0.161867
0.258776
0.119390
0.098633
0.322093
0.336153
0.280897
0.132194
0.372907
0.250139
0.173632
0.237082
0.087076
0.102817
0.199530
0.299178
0.218387
0.492179
0.161994
0.321562
0.512077
0.263906
0.355324
0.340052
0.199407
0.162616
0.242382
0.152872
0.141789
0.168393
0.170844
0.295431
0.215458
0.223746
0.205567
0.125625
0.196150
0.323096
0.428748
0.327589
0.164893
0.151525
0.150375
0.325315
0.091375
0.118296
0.200944
0.140290
0.218983
0.088685
0.232547
0.133225
0.121408
0.131758
0.382127
0.189440
0.191332
0.091657
0.158320
0.332257
0.126386
0.169970
0.197916
0.281870
0.076890
0.399624
0.083444
0.258752
0.341276
0.175546
0.155693
0.571132
0.086250
0.227280
0.138055
0.089434
0.248625
0.206918
0.363147
0.224671
0.117244
0.165941
0.380812
0.211081
0.212602
0.591730
0.233143
0.254333
0.097943
0.339425
0.202720
0.337905
0.112730
0.115536
0.257664
0.426292
0.368055
0.113404
0.237397
0.255183
0.110752
0.256481
0.232760
0.193142
0.149109
0.185691
0.140285
0.571426
0.637927
0.786082
1.122177
0.349612
0.415049
0.342546
0.356648
0.345940
0.196040
0.255164
0.388503
0.171549
0.081078
0.182337
0.106563
0.102116
0.097439
0.334758
0.127947
0.171421
0.139771
0.179190
0.259417
0.171284
0.386399
0.145010
0.096654
0.159052
0.201695
0.312129
0.360011
0.678138
0.950588
0.256973
0.131229
0.181328
0.298066
0.233452
0.211036
0.169947
0.334817
0.114322
0.371203
0.082363
0.143789
0.105485
0.203274
0.307030
0.227228
0.360402
0.459028
0.113627
0.263256
0.170975
0.406405
0.114775
0.216358
0.208585
0.060904
0.282723
0.181489
0.423936
0.131112
0.280099
0.532610
0.181303
0.163546
0.181466
0.127513
0.071349
0.398993
0.127204
0.118362
0.170453
0.212578
0.328395
0.163864
0.273632
0.139123
0.347893
0.274571
0.116818
0.228792
0.420718
0.164609
0.216642
0.065241
0.392209
0.219762
0.166852
0.364116
0.194127
0.489461
0.105836
0.315986
0.121551
0.255537
0.074241
0.279411
0.102374
0.262463
0.157380
0.109318
0.204597
0.340990
0.049372
0.237497
0.089367
0.185541
0.117093
0.121643
0.212504
0.235436
0.306869
0.132884
0.158817
0.198116
0.116012
0.166124
0.231434
0.239478
0.210753
0.383033
0.215013
0.324087
0.119400
0.206520
0.106951
0.137389
0.437402
0.132334
0.219067
0.211454
0.158166
0.456490
0.336883
0.143575
0.187643
0.274074
0.258048
0.205290
0.414634
0.073181
0.150984
0.155296
0.147084
0.315860
0.590866
0.252660
0.270031
0.327728
0.208205
0.213631
0.173058
0.405632
0.283940
0.164815
0.275478
0.358512
0.511459
0.178129
0.628932
0.132943
0.252845
0.179234
0.124977
0.091061
0.164577
0.322876
0.348996
0.109375
0.076843
0.142918
0.099878
0.302773
0.114900
0.234311
0.307752
0.197354
0.471300
0.332662
0.517699
0.373711
0.360755
0.180170
0.213270
0.105536
0.317594
0.171340
0.215361
0.260672
0.117166
0.247071
0.207579
0.081371
0.411896
0.239868
0.331448
0.205567
0.067106
0.186803
0.273484
0.326519
0.132852
0.174553
0.104040
0.355524
0.102725
0.143108
0.128637
0.186012
0.269633
0.062651
0.528062
0.772711
0.729298
0.223286
0.136902
0.260574
0.108289
0.106792
0.433922
0.067630
0.174096
0.115662
0.253434
0.164108
0.318129
0.374639
0.110500
0.389410
0.240719
0.309285
0.342693
0.187977
0.227306
0.189796
0.246444
0.132048
0.251526
0.151647
0.210443
0.134624
0.263767
0.103123
0.130017
0.157961
0.198876
0.162413
0.398584
0.136474
0.207678
0.156315
0.179543
0.334278
0.123246
0.234410
0.293450
0.330310
0.271246
0.232323
0.140226
0.196650
0.202179
0.072695
0.172088
0.081407
0.137287
0.189036
0.266611
0.186742
0.138431
0.115364
0.229546
0.136351
0.291198
0.126764
0.438567
0.418875
0.239243
0.249627
0.326946
0.254384
0.316984
0.163872
0.229138
0.322420
0.350506
0.300940
0.112198
0.087517
0.122718
0.215796
0.117285
0.115002
0.101458
0.230146
0.100212
0.281532
0.302901
0.135376
0.232636
0.222038
0.243933
0.196813
0.256557
0.499908
0.639664
2.598771
1.296075
0.694987
0.161848
0.110818
0.109361
0.266245
0.203732
0.297937
0.192401
0.156718
0.187749
0.103242
0.347289
0.154863
0.170290
0.134471
0.134208
0.213465
0.415649
0.260344
0.264809
0.202289
0.135373
0.326677
0.146361
0.132583
0.133057
0.097384
0.065605
0.184454
0.156382
0.108964
0.148019
0.300726
0.154101
0.144141
0.212612
0.132908
0.253738
0.177584
0.093358
0.102107
0.040337
0.317753
0.309854
0.268832
0.142444
0.264847
0.249610
0.115631
0.156695
0.136722
0.392712
0.106590
0.207658
0.301818
0.172832
0.248180
0.303817
0.346459
0.209755
0.284279
0.150481
0.123182
0.226659
0.216411
0.624745
0.442020
0.215209
0.116768
0.112249
0.123736
0.133513
0.273992
0.429460
0.290454
0.451980
0.128393
0.238134
0.603132
0.234651
0.297444
0.223723
0.204205
0.280581
0.269029
0.314277
0.179053
0.369736
0.278169
0.092385
0.144037
0.296441
0.039385
0.105481
0.297815
0.379302
0.289987
0.297833
0.105281
0.200182
0.125421
0.173217
0.224214
0.105266
0.326240
0.145250
0.279950
0.114059
0.170057
0.236036
0.128801
0.145918
0.094526
0.359633
0.096407
0.136110
0.141787
0.447986
0.165071
0.099343
0.255346
0.151969
0.360631
0.209143
0.296863
0.164240
0.232087
0.164048
0.075733
0.103111
0.233379
0.311242
0.224713
0.242483
0.252093
0.167320
0.316448
0.452377
0.307748
0.209355
0.897664
0.089590
0.202361
0.235507
0.334599
0.266136
0.200134
0.252059
0.211600
0.070528
0.143779
0.300791
0.143411
0.137638
0.304594
0.074460
0.451178
0.332574
0.424681
0.437829
0.451864
0.242373
0.169039
0.196034
0.133432
0.243349
0.177758
0.258506
0.172509
0.110965
0.182192
0.228860
0.112279
0.223652
0.200444
0.071357
0.289737
0.136589
0.104219
0.097760
0.079517
0.223009
0.108735
0.151377
0.156793
0.194850
0.394129
0.212722
0.088915
0.150288
0.118811
0.326212
0.227437
0.178813
0.174023
0.246188
0.097372
0.156576
0.189981
0.256952
0.212503
0.111734
0.105391
0.163858
0.090089
0.175886
0.227307
0.238453
0.058848
0.099929
0.201056
0.188358
0.145475
0.329801
0.454154
0.314100
0.365884
0.160116
0.194438
0.200493
0.361013
0.297054
0.193180
0.170756
0.299189
0.122579
0.074955
0.435047
2.569648
0.559093
0.313348
0.135643
0.111258
0.201057
0.274636
0.090774
0.222268
0.102919
0.153766
0.308297
0.177665
0.216107
0.166811
0.322777
0.316318
0.766457
0.529613
0.908583
0.155222
0.110424
0.308396
0.260980
0.160147
0.159295
0.225439
0.210009
0.114865
0.322154
0.116503
0.150833
0.096733
0.315819
0.050210
0.231626
0.129768
0.128701
0.474266
0.357342
0.431628
0.458038
0.133781
0.204669
0.313200
0.182712
0.175225
0.095395
0.413124
0.307212
0.336706
0.203864
0.297875
0.190991
0.253075
0.111020
0.116040
0.163386
0.102376
0.056639
0.409413
0.087317
0.864430
0.106050
0.088689
0.099891
0.172374
0.285020
0.210193
0.130359
0.216353
0.221616
0.241818
0.079934
0.255483
0.278321
0.275917
0.106289
0.489432
0.522282
0.240944
0.140501
0.271977
0.132162
0.395037
0.099849
0.202906
0.136158
0.122608
0.318946
0.229839
0.327033
0.460273
0.265253
0.212962
0.122763
0.174018
0.311190
0.139353
0.251936
0.256261
0.115631
0.253033
0.236443
0.401225
0.116824
0.110519
0.128543
0.141466
0.148390
0.305612
0.150954
0.287263
0.132553
0.238473
0.162642
0.311875
0.243098
0.220012
0.371168
0.317797
0.306052
0.083304
0.147932
0.265569
0.045736
0.327371
0.220739
0.257694
0.175059
0.317795
0.344333
0.051669
0.228337
0.263416
0.137347
0.098016
0.223296
0.057616
0.310156
0.175316
0.342293
0.114306
0.224754
0.121042
0.873150
0.201303
0.364683
0.158869
0.295358
0.143954
0.100196
0.174458
0.177459
0.284901
0.218082
0.396128
0.152308
0.147275
0.153004
0.110776
0.102820
0.247399
0.234334
0.106378
0.144866
0.177196
0.511020
0.145084
0.668339
0.171964
0.426597
0.163135
0.192360
0.224006
0.284549
0.408311
0.232431
0.122177
0.398520
0.412052
0.139216
0.200732
0.174041
0.308070
0.151810
0.180225
0.353728
0.340565
0.262470
0.174257
0.115714
0.180096
0.070449
0.277434
0.122819
0.112603
0.117175
0.132224
0.131475
0.156470
0.101321
0.249142
0.462972
0.284748
0.104402
0.260231
0.137166
0.136899
0.394720
0.286295
0.179535
0.280275
0.566291
0.295364
0.275513
0.134991
0.281603
0.410890
0.153252
0.161302
0.145944
0.114662
0.227550
0.165674
0.174982
0.146207
0.090583
0.126447
0.234309
0.437674
0.136581
0.209043
0.110946
0.493829
0.392501
0.208713
0.111867
0.306114
0.249531
0.159508
0.191162
0.220641
0.094349
0.295503
0.225288
0.465190
0.656256
0.250479
0.116545
0.065872
0.318646
0.128941
0.141311
0.298917
0.251874
0.344541
0.287460
0.284201
0.268817
0.645789
0.327482
0.198887
0.174102
0.237905
0.180661
0.223083
0.118726
0.183378
0.126229
0.156405
0.427552
0.263725
0.210851
0.133360
0.302997
0.142024
0.169937
0.211286
0.082952
0.097113
0.215961
0.291607
0.156518
0.318562
0.337968
0.079984
0.104590
0.089234
0.401400
0.344387
0.096904
0.169108
0.255397
0.106724
0.157108
0.416491
0.270008
0.120800
0.162071
0.112135
0.080774
0.319678
0.178027
0.113169
0.511927
0.228535
0.249547
0.254330
0.284385
0.284531
0.108748
0.083387
0.142585
0.239915
0.151947
0.192053
0.142998
0.202098
0.269499
0.233374
0.208626
0.046276
0.210594
0.116268
0.203792
1.690206
0.421866
0.298555
0.259164
0.207737
0.143150
0.182686
0.140631
0.331104
0.178275
0.120943
0.223718
0.791636
0.154964
0.172720
0.218622
0.222043
0.289103
0.177984
0.131773
0.229213
0.097627
0.163237
0.188867
0.133983
0.137305
0.175525
0.198276
0.107053
0.154954
0.315321
0.288230
0.346038
0.239627
0.123361
0.358441
0.270036
0.137435
0.166087
0.171325
0.240180
0.243413
0.147822
0.240340
0.237569
0.155757
0.288968
0.209465
0.135537
0.163644
0.194414
0.169493
0.185757
0.116118
0.100910
0.408447
0.676741
0.285435
0.121674
0.377601
0.178496
0.110718
0.095238
0.086506
0.176117
0.235086
0.176127
0.095059
0.170032
0.681459
0.264753
0.601040
0.072437
0.116263
0.299459
0.097944
0.300270
0.316045
0.074277
0.389535
0.234984
0.142247
0.202831
0.203241
0.188302
0.120199
0.113245
0.243646
0.286724
0.223805
0.237782
0.273011
0.433747
0.060005
0.209477
0.262894
0.325953
0.416130
0.635678
0.338643
0.327754
0.348287
0.227211
0.157503
0.155880
0.201880
0.387580
0.295923
0.110322
0.215551
0.164082
0.059869
0.276665
0.453171
0.103548
0.199884
0.167757
0.316823
0.201308
0.341904
0.101436
0.419651
0.231236
0.104114
0.226580
0.193784
0.078576
0.474357
0.185326
0.234554
0.180096
0.187709
0.183458
0.149543
0.047255
0.261499
0.310259
0.091074
0.108931
0.056134
0.106635
0.082458
0.218333
0.131762
0.257892
0.121477
0.644009
0.454924
0.203664
0.200041
0.259125
0.251852
0.497470
0.144636
0.198382
0.167311
0.129799
0.281517
0.111507
0.283090
0.301975
0.505875
0.698552
0.108007
0.221405
0.117990
0.117380
0.156078
0.149233
0.255868
0.108109
0.368557
0.124612
0.336456
0.696574
0.788331
0.171298
0.361998
0.129799
0.147391
0.251364
0.187154
0.231874
0.151220
0.140956
0.257603
0.166180
0.192150
0.214905
0.206897
0.109702
0.087389
0.123772
0.557635
0.067774
0.533062
0.225796
0.137100
0.262941
0.361881
0.298454
0.052436
0.147905
0.065182
0.290924
0.208991
0.307639
0.082249
0.245899
0.136325
0.163017
0.385781
0.286877
0.066659
0.213086
0.208435
0.303945
0.390245
0.341936
0.301094
0.147079
0.237216
0.198521
0.168794
0.231640
0.221628
0.289320
0.169393
0.349795
0.347276
0.149111
0.095541
0.233748
0.118040
0.174500
0.148329
0.310587
0.176034
0.150745
0.305150
0.212884
0.267786
0.114630
0.314867
0.340092
0.232353
0.126634
0.150315
0.378076
0.268360
0.105554
0.264112
0.111565
0.305534
0.113152
0.148214
0.181742
0.205352
0.128228
0.081445
0.100694
0.266464
0.129812
0.176722
0.252856
0.240058
0.256926
0.233741
0.218396
0.036295
0.330714
0.136283
0.309316
0.205130
0.314679
0.300136
0.277462
0.418856
0.585545
0.432978
0.539110
0.175643
0.194265
0.245354
0.187274
0.179162
0.184131
0.387078
0.255976
0.318191
0.123007
0.060240
0.113715
0.127580
0.138186
0.081349
0.289888
0.292229
0.481505
0.167832
0.151511
0.272474
0.344473
0.137057
0.284423
0.209263
0.083917
0.265268
0.074755
0.258989
0.124335
0.125736
0.044686
0.309088
0.124183
0.495746
0.320595
0.198363
0.233747
0.100540
0.253828
0.145645
0.270718
0.150416
0.183376
0.143453
0.217969
0.448046
0.093462
0.599630
0.100857
0.459586
0.217074
0.185979
0.220412
0.109625
0.182259
0.212400
0.252614
0.147983
0.177499
0.150195
0.128531
0.492132
0.421454
0.199058
0.141199
0.432673
0.296488
0.285647
0.092606
0.197819
0.145175
0.169050
0.303915
0.270597
0.240321
0.201700
0.188110
0.105350
0.081578
0.149676
0.329289
0.207601
0.109624
0.438985
0.100723
0.214219
0.169931
0.388833
0.200156
0.300883
0.125713
0.315636
0.132417
0.109434
0.114324
0.130119
0.151346
0.114277
0.248756
0.231886
0.090177
0.213786
0.236047
0.237350
0.188904
0.115532
0.230561
0.529438
0.109401
0.358685
0.554905
0.757740
1.021831
0.633487
0.172881
0.207125
0.092621
0.291899
0.169780
0.233303
0.407486
0.115681
0.271108
0.266675
0.085040
0.400123
0.175464
0.551414
0.226366
0.106421
0.154341
0.083787
0.301444
0.217100
0.294054
0.187880
0.151977
0.143861
0.340315
0.300905
0.368533
0.226723
0.159752
0.177188
0.113445
0.151914
0.175174
0.396287
0.277226
0.128723
0.157953
0.173239
0.279858
0.415954
0.211570
0.351769
0.110025
0.270813
0.276886
0.188105
0.289276
0.136865
0.198103
0.133308
0.341149
0.123957
0.256629
0.244565
0.183367
0.092278
0.326171
0.240371
0.199924
0.148473
0.205437
0.210295
0.212484
0.204090
0.113543
0.133789
0.120124
0.146729
0.273687
0.120961
0.211102
0.191288
0.304433
0.077853
0.131903
0.156157
0.127054
0.113620
0.108043
0.187907
0.186762
0.044653
0.292004
0.304285
0.406100
0.045376
0.215957
0.338093
0.178539
0.134923
0.161719
0.047103
0.276521
0.164680
0.255263
0.489098
0.400225
0.261120
0.295272
0.239430
0.164667
0.263489
0.313071
0.205159
0.179573
0.166816
0.158751
0.177838
0.170116
0.148821
0.267834
0.338924
0.151521
0.370183
0.428031
0.086576
0.167092
0.267572
0.147956
0.137741
0.177179
0.343414
0.175029
0.105885
0.113056
0.212525
0.313319
0.120852
0.280076
0.412167
0.469102
0.130217
0.392241
0.269331
0.138579
0.233994
0.113263
0.312520
0.108388
0.151625
0.405481
0.439354
0.173828
0.112592
0.291391
0.174994
0.109357
0.105626
0.306661
0.108036
0.452140
0.352891
0.187006
0.122296
0.423213
0.381878
0.463913
0.244398
0.128492
0.078664
0.186874
0.205626
0.219904
0.248205
0.278945
0.175035
0.377895
0.093945
0.086932
0.106842
0.308356
0.309291
0.049720
0.356429
0.171067
0.113188
0.348274
0.584266
0.550579
0.953417
0.282507
0.765826
0.157891
0.147193
0.091331
0.151150
0.165615
0.250934
0.159005
0.233292
0.323360
0.165177
0.142035
0.574168
0.188001
0.244165
0.167768
0.111081
0.232563
0.164346
0.268455
0.168622
0.207360
0.198121
0.176976
0.290043
0.115423
0.144165
0.324706
0.179218
0.152402
0.193144
0.077235
0.412812
0.124467
0.276437
0.381784
0.176974
0.307711
0.543451
0.091723
0.156598
0.268802
0.262138
0.225753
0.238054
0.224159
0.138489
0.201738
0.143349
0.326097
0.262382
0.149794
0.151141
0.152820
0.223047
0.500182
0.296942
0.308054
0.290135
0.107325
0.146162
0.106455
0.215424
0.167241
0.199097
0.115076
0.356670
0.223131
0.204129
0.178192
0.264216
0.109556
0.227279
0.170576
0.269389
0.138557
0.271896
0.216243
0.126576
0.226708
0.208633
0.138937
0.216285
0.228372
0.598772
0.262984
0.131707
0.112215
0.307593
0.215189
0.210560
0.212542
0.111864
0.071906
0.146821
0.146369
0.039195
0.268904
0.198051
0.303764
0.374045
0.469922
0.249463
0.347934
0.153816
0.245812
0.120686
0.251038
0.292140
0.156733
0.286042
0.225993
0.254140
0.255675
0.196855
0.419972
0.099448
0.059400
0.113160
0.371349
0.506618
0.086937
0.552926
0.160153
0.125838
0.370335
0.131262
0.199285
0.322296
0.176496
0.230483
0.217711
0.173024
0.229964
0.253524
0.204937
0.164301
0.128362
0.125654
0.591830
0.205093
0.114169
0.382731
0.151072
0.262099
0.125867
0.205606
0.246836
0.295744
0.401592
0.122256
0.177767
0.190273
0.263524
0.115296
0.103560
0.290993
0.089123
0.242260
0.174312
0.582054
