2.833615
2.189800
2.258055
1.998518
2.294774
2.145223
1.796951
1.226607
1.479511
2.014920
1.576617
1.213534
0.626365
0.682849
0.738386
1.846034
1.155888
0.837514
0.374943
0.375312
0.391715
0.383201
0.499809
0.390667
0.366361
0.296914
0.425056
0.752221
0.540554
0.360551
0.463103
0.496404
0.198158
0.169436
0.334243
0.286412
0.461611
0.265736
0.395034
0.202379
0.337301
0.192860
0.335084
0.103248
0.218653
0.309783
0.218173
0.360281
0.504568
0.485791
0.230418
0.395212
0.461580
0.389071
0.368389
0.405458
0.179042
0.313015
0.233052
0.338618
0.372963
0.357349
0.129075
0.272600
0.285808
0.227581
0.367563
0.098027
0.386850
0.411889
0.216620
0.178432
0.238966
0.259688
0.247668
0.495313
0.355020
0.413960
0.263017
0.283246
0.327449
0.120047
0.220074
0.244300
0.178878
0.179240
0.139986
0.233816
0.214149
0.062911
0.152605
0.537652
0.160649
0.394312
0.177246
0.083277
0.181471
0.388275
0.164165
0.293864
0.166033
0.308590
0.055537
0.312737
0.384138
0.117050
0.261111
0.198654
0.173000
0.213901
0.615034
0.045492
0.313455
0.332982
0.173224
0.238033
0.130113
0.185617
0.278845
0.171208
0.043686
0.260772
0.282863
0.359764
0.243880
0.278602
0.097908
0.106634
0.140034
0.102007
0.073226
0.170562
0.168603
0.057990
0.150311
0.199458
0.120371
0.180306
0.371026
0.245179
0.064063
0.259599
0.094725
0.181119
0.250083
0.150288
0.357225
0.248327
0.087393
0.230590
0.117503
0.157754
0.056394
0.100351
0.021750
0.091064
0.296353
0.225900
0.135234
0.068501
0.230629
0.172669
0.239110
0.032971
0.181002
0.134619
0.140942
0.121169
0.123398
0.086523
0.348360
0.203347
0.179383
0.255481
0.180673
0.146917
0.032392
0.198214
0.251691
0.279749
0.274902
0.146462
0.130503
0.051718
0.054430
0.518564
0.163861
0.055780
0.104925
0.146499
0.094733
0.109859
0.086820
0.146530
0.035195
0.237982
0.143920
0.139891
0.115385
0.616332
0.114767
0.041368
0.048650
0.091037
0.095563
0.188505
0.156260
0.456785
0.120947
0.150242
0.259120
0.377688
0.134899
0.091263
0.092968
0.303834
0.136393
0.082185
0.077866
0.040628
0.088838
0.140100
0.134911
0.105223
0.225586
0.050166
0.104664
0.109637
0.114833
0.089397
0.196338
0.242635
0.050475
0.097486
0.252166
0.171294
0.071885
0.218871
0.235610
0.059742
0.084699
0.065751
0.110512
0.229694
0.187476
0.076025
0.050078
0.038377
0.436145
0.153267
0.183629
0.272492
0.033342
0.026307
0.255601
0.115935
0.078231
0.149405
0.066502
0.509221
0.200890
0.057422
0.163661
0.211147
0.192875
0.123128
0.351050
0.187707
0.086132
0.044815
0.037501
0.208665
0.277728
0.252629
0.032396
0.065171
0.147121
0.335243
0.157286
0.196296
0.235233
0.075868
0.138349
0.017897
0.079024
0.099830
0.267117
0.053693
0.086326
0.611683
0.103323
0.138536
0.050996
0.063018
0.097597
0.046538
0.042188
0.370189
0.108645
0.089894
0.189044
0.015004
0.058247
0.161768
0.138758
0.248858
0.070588
0.089913
0.154127
0.285934
0.205540
0.302213
0.068514
0.051065
0.065741
0.250337
0.149087
0.029718
0.221038
0.114822
0.060670
0.180603
0.113631
0.153996
0.070861
0.095109
0.100208
0.055314
0.102896
0.094053
0.090898
0.211499
0.247301
0.188070
0.029691
0.283203
0.063839
0.045406
0.056794
0.139426
0.280655
0.011914
0.227405
0.210383
0.365037
0.120654
0.125050
0.215067
0.184387
0.123750
0.092063
0.059773
0.013839
0.050533
0.101448
0.099794
0.094188
0.161937
0.090458
0.057884
0.144374
0.228049
0.145278
0.055330
0.053305
0.357094
0.132047
0.076675
0.172679
0.120512
0.076665
0.142216
0.343003
0.046837
0.137553
0.070382
0.063184
0.261695
0.027010
0.340487
0.296490
0.023749
0.104448
0.253205
0.036931
0.049033
0.138534
0.134077
0.074453
0.055399
0.078688
0.151476
0.102042
0.041273
0.093298
0.149653
0.091775
0.067360
0.086251
0.004687
0.019133
0.414296
0.259690
0.062586
0.120401
0.054995
0.065046
0.091886
0.035122
0.122693
0.095438
0.084185
0.083554
0.032306
0.102778
0.037744
0.277138
0.316526
0.046026
0.039179
0.273602
0.137548
0.037406
0.057332
0.254449
0.043882
0.049803
0.070530
0.202953
0.158425
0.122006
0.063335
0.103508
0.032301
0.058300
0.070227
0.259439
0.312738
0.133342
0.132552
0.593028
0.126426
0.043796
0.106129
0.032026
0.150961
0.090521
0.255933
0.253985
0.021002
0.042118
0.143329
0.122810
0.095722
0.083276
0.034450
0.255517
0.075609
0.067009
0.209849
0.050547
0.075417
0.098717
0.083968
0.054508
0.028023
0.046679
0.192359
0.047504
0.115620
0.319275
0.081891
0.030294
0.397064
0.076175
0.131763
0.021268
0.035136
0.049285
0.042309
0.044881
0.247506
0.098251
0.048901
0.111349
0.106324
0.024924
0.031784
0.110438
0.027418
0.133831
0.155214
0.063954
0.059986
0.312856
0.208149
0.101733
0.032427
0.089046
0.070474
0.216150
0.072570
0.057298
0.114175
0.055868
0.040136
0.022866
0.260603
0.091897
0.053003
0.010715
0.193416
0.188731
0.074410
0.092357
0.167317
0.205966
0.011048
0.032260
0.616372
0.054043
0.111682
0.058861
0.058457
0.084264
0.062531
0.082681
0.214115
0.161408
0.268207
0.029564
0.075145
0.154942
0.119188
0.232461
0.272744
0.077282
0.420636
0.049691
0.030131
0.044715
0.100601
0.043077
0.120867
0.057512
0.074224
0.097852
0.020889
0.057330
0.198121
0.031879
0.053038
0.179596
0.026067
0.027866
0.026105
0.096510
0.016926
0.194122
0.221632
0.067091
0.123546
0.106839
0.019204
0.160042
0.276325
0.034377
0.110018
0.055089
0.066504
0.028549
0.221777
0.323273
0.062752
0.099495
0.062354
0.023362
0.085790
0.232696
0.039716
0.223267
0.054788
0.101164
0.140783
0.010238
0.537640
0.165624
0.016058
0.169827
0.116552
0.117097
0.019216
0.167210
0.150971
0.117501
0.095917
0.106850
0.183603
0.148339
0.159158
0.049744
0.131123
0.108096
0.167871
0.282955
0.123761
0.259176
0.040905
0.034542
0.070528
0.009842
0.118399
0.058790
0.055652
0.048175
0.219607
0.043035
0.051080
0.138953
0.126154
0.035191
0.028371
0.152527
0.047311
0.066905
0.078077
0.084051
0.143512
0.068809
0.131907
0.112122
0.081078
0.013982
0.163724
0.195772
0.080068
0.125091
0.067056
0.048698
0.040061
0.074549
0.058976
0.275615
0.181611
0.115183
0.041473
0.171111
0.033423
0.183801
0.051159
0.025846
0.099406
0.045912
0.020613
0.603153
0.208905
0.040348
0.034328
0.049476
0.054936
0.114563
0.189894
0.198394
0.115326
0.117490
0.095829
0.044287
0.041246
0.138449
0.147552
0.121342
0.113453
0.232713
0.044356
0.018833
0.094548
0.210048
0.095105
0.015626
0.037616
0.310679
0.057654
0.046247
0.033988
0.063203
0.276750
0.150449
0.032389
0.066284
0.046459
0.067926
0.026892
0.043354
0.099962
0.251039
0.063485
0.085330
0.172330
0.057857
0.071661
0.053996
0.079790
0.110721
0.046158
0.011318
0.104434
0.075692
0.043812
0.242966
0.012234
0.045695
0.164957
0.088682
0.160857
0.245482
0.101321
0.037540
0.082821
0.028469
0.044124
0.042379
0.105583
0.022065
0.024555
0.070321
0.135713
0.244291
0.163195
0.089065
0.315391
0.024140
0.125522
0.032868
0.040367
0.065225
0.216294
0.054293
0.081704
0.167887
0.051967
0.077482
0.077618
0.065812
0.084446
0.210061
0.051906
0.101409
0.087526
0.053626
0.038840
0.141151
0.087187
0.088461
0.062716
0.599512
0.243527
0.084846
0.033059
0.045561
0.289432
0.052695
0.103926
0.101293
0.129316
0.038896
0.071264
0.056227
0.023468
0.035996
0.039918
0.066056
0.150813
0.052046
0.033981
0.159364
0.125277
0.200043
0.054780
0.230512
0.063096
0.083849
0.007486
0.142146
0.044468
0.235627
0.025653
0.076255
0.023321
0.054876
0.113755
0.021848
0.012708
0.072819
0.033167
0.083253
0.022012
0.061311
0.072277
0.023345
0.046336
0.077812
0.047444
0.218843
0.064123
0.063865
0.206335
0.293221
0.119430
0.058023
0.364340
0.021046
0.244215
0.054145
0.155304
0.030973
0.020711
0.030222
0.032248
0.102258
0.178443
0.096295
0.039518
0.020551
0.050762
0.102663
0.101129
0.151722
0.146621
0.097085
0.064720
0.210575
0.144763
0.041114
0.058826
0.027632
0.039890
0.022910
0.208979
0.024533
0.021796
0.047616
0.069007
0.030102
0.098447
0.144669
0.132718
0.164960
0.087822
0.193816
0.283357
0.051189
0.011687
0.282890
0.160353
0.137372
0.069469
0.061174
0.085941
0.025783
0.064309
0.024653
0.279581
0.157678
0.156182
0.133479
0.103199
0.041744
0.092531
0.134098
0.022430
0.100812
0.155097
0.081381
0.029854
0.024238
0.066131
0.045880
0.086650
0.022978
0.048853
0.031596
0.021496
0.129551
0.255151
0.042858
0.031961
0.149857
0.160488
0.064869
0.046332
0.557428
0.283640
0.119930
0.034119
0.026461
0.103924
0.037888
0.017769
0.019607
0.252550
0.031890
0.034163
0.182761
0.232677
0.105222
0.058193
0.056367
0.167480
0.692195
0.014603
0.041265
0.243712
0.074661
0.012852
0.010708
0.174750
0.049655
0.075687
0.124115
0.035180
0.024814
0.072682
0.083322
0.163601
0.061353
0.124848
0.100963
0.018818
0.050989
0.096125
0.072873
0.129376
0.011792
0.113200
0.207499
0.036259
0.164614
0.220275
0.018574
0.036590
0.018938
0.270142
0.122399
0.207404
0.046711
0.046662
0.126260
0.104964
0.193662
0.103392
0.168550
0.087758
0.017294
0.020361
0.021094
0.031343
0.126594
0.118155
0.022269
0.056204
0.084702
0.055864
0.027342
0.105354
0.264449
0.023222
0.025222
0.044931
0.115198
0.037853
0.096421
0.016643
0.023558
0.099532
0.186598
0.148533
0.194178
0.319627
0.059164
0.089278
0.024357
0.127119
0.019081
0.008110
0.064334
0.102033
0.111969
0.120836
0.038794
0.056595
0.050226
0.065603
0.077883
0.103490
0.052822
0.119431
0.050917
0.176905
0.070310
0.093466
0.054160
0.048179
0.358781
0.151698
0.036629
0.023666
0.025885
0.047248
0.018290
0.067813
0.047775
0.051253
0.148146
0.037424
0.078088
0.130304
0.516666
0.021144
0.043004
0.049473
0.145188
0.142652
0.084480
0.022511
0.222518
0.050833
0.234697
0.076251
0.217046
0.031639
0.122803
0.035425
0.101939
0.066376
0.014189
0.025092
0.197928
0.104261
0.016585
0.095487
0.035772
0.128908
0.030820
0.168253
0.122328
0.145247
0.148825
0.098055
0.024095
0.053513
0.138822
0.044806
0.021085
0.146740
0.027763
0.210094
0.128944
0.095451
0.012984
0.034049
0.037330
0.150766
0.039507
0.011595
0.059358
0.083190
0.109001
0.032422
0.252504
0.031301
0.098602
0.106351
0.145519
0.042930
0.083591
0.101147
0.004583
0.178536
0.019972
0.025241
0.084666
0.004045
0.037085
0.014157
0.133636
0.033693
0.022849
0.174243
0.010076
0.124514
0.140633
0.029856
0.019012
0.062908
0.045432
0.086373
0.286418
0.018899
0.088922
0.111661
0.115379
0.177180
0.021364
0.113548
0.077714
0.057913
0.041832
0.079443
0.211772
0.067695
0.021621
0.065650
0.016104
0.045173
0.045384
0.061610
0.078196
0.073329
0.053469
0.102650
0.092324
0.059349
0.049830
0.014397
0.046215
0.134200
0.029968
0.090471
0.061087
0.155833
0.004738
0.032101
0.038930
0.116986
0.170090
0.026385
0.189450
0.087908
0.028492
0.053328
0.033991
0.021695
0.143562
0.162539
0.125006
0.543582
0.018626
0.037146
0.114945
0.032028
0.171359
0.072790
0.134988
0.011680
0.042537
0.040911
0.149387
0.168734
0.281511
0.125852
0.092281
0.114796
0.022834
0.020268
0.396944
0.076784
0.036884
0.013061
0.141370
0.133600
0.020683
0.067674
0.069278
0.097081
0.009683
0.274544
0.013493
0.047090
0.251998
0.161904
0.033904
0.185392
0.040747
0.043604
0.064364
0.160208
0.182606
0.019604
0.162643
0.043631
0.203837
0.020671
0.084441
0.032988
0.054584
0.057999
0.050212
0.019897
0.070425
0.058320
0.153738
0.044852
0.038241
0.088869
0.112159
0.088969
0.014490
0.024513
0.037061
0.103669
0.064782
0.125405
0.011923
0.095392
0.021491
0.170289
0.033929
0.065435
0.061363
0.058665
0.133068
0.051740
0.036381
0.070350
0.116961
0.024190
0.150027
0.010219
0.056472
0.022149
0.055714
0.156367
0.131945
0.067840
0.028443
0.251626
0.544793
0.034456
0.026695
0.072894
0.146260
0.049290
0.137957
0.026625
0.034155
0.128440
0.035928
0.088644
0.057892
0.013217
0.009399
0.046761
0.191708
0.014466
0.015506
0.088863
0.097090
0.117739
0.437257
0.077715
0.118521
0.162330
0.130459
0.041008
0.008969
0.048615
0.050426
0.018453
0.019932
0.177033
0.061133
0.018937
0.055172
0.335099
0.195090
0.143013
0.061452
0.082918
0.188149
0.027225
0.119036
0.074468
0.068113
0.035393
0.016641
0.009473
0.054905
0.021167
0.090336
0.055070
0.390246
0.136747
0.085145
0.196539
0.215724
0.139332
0.104273
0.281954
0.057498
0.044081
0.167640
0.591473
0.020870
0.047468
0.053708
0.035875
0.018536
0.093693
0.100165
0.104952
0.027954
0.009002
0.054521
0.086364
0.170670
0.024154
0.147971
0.083374
0.076512
0.074395
0.078507
0.038087
0.006551
0.051226
0.066699
0.099290
0.024714
0.022926
0.015195
0.062533
0.098818
0.068285
0.045049
0.040084
0.036823
0.040902
0.016199
0.023796
0.042334
0.068337
0.074675
0.045956
0.088788
0.011011
0.021162
0.005777
0.068754
0.052548
0.026695
0.037115
0.104093
0.029854
0.018692
0.022658
0.030541
0.052559
0.022499
0.091483
0.012456
0.079136
0.041637
0.048115
0.125880
0.079831
0.075238
0.059359
0.061333
0.077448
0.067772
0.109386
0.091942
0.075943
0.021122
0.089172
0.019221
0.068702
0.064532
0.076962
0.197703
0.005892
0.174154
0.016641
0.012166
0.022432
0.031042
0.068418
0.116100
0.003274
0.620082
0.051724
0.032138
0.024663
0.059633
0.065863
0.039273
0.045353
0.127957
0.023798
0.020272
0.045501
0.154845
0.017219
0.311688
0.019217
0.017874
0.065276
0.065901
0.050824
0.067978
0.258334
0.082914
0.474404
0.085147
0.068679
0.026469
0.205581
0.061519
0.096124
0.023536
0.159773
0.091871
0.022354
0.278805
0.023187
0.062320
0.173632
0.032486
0.093470
0.016747
0.155305
0.011203
0.124246
0.007960
0.112327
0.201722
0.019002
0.049344
0.115100
0.046612
0.030588
0.229360
0.064138
0.015070
0.016805
0.091099
0.013022
0.027545
0.034700
0.053677
0.088978
0.066347
0.098264
0.104218
0.064846
0.104250
0.019318
0.033488
0.139764
0.217038
0.111224
0.080888
0.101990
0.053128
0.019210
0.049948
0.129862
0.038825
0.032077
0.051559
0.038726
0.182042
0.066387
0.207464
0.044067
0.004650
0.118196
0.110881
0.552082
0.017976
0.134794
0.009717
0.037552
0.150068
0.022719
0.061096
0.052994
0.083408
0.120165
0.119185
0.018326
0.201131
0.113326
0.070164
0.047668
0.010363
0.103853
0.026041
0.015413
0.018238
0.044915
0.240842
0.131036
0.013150
0.045708
0.073824
0.072038
0.025364
0.105614
0.039918
0.010241
0.270980
0.057055
0.042117
0.126670
0.064329
0.119631
0.064938
0.061202
0.123259
0.027310
0.061564
0.025039
0.006008
0.111001
0.023576
0.018099
0.010053
0.157534
0.008664
0.047781
0.077994
0.088292
0.092522
0.033287
0.131613
0.063748
0.057997
0.189671
0.006248
0.046386
0.012313
0.095304
0.203805
0.088612
0.018807
0.016222
0.058384
0.338980
0.145798
0.081263
0.025859
0.076825
0.272270
0.046556
0.005854
0.144315
0.019763
0.005208
0.157575
0.109851
0.009356
0.503362
0.137426
0.084852
0.106391
0.056864
0.072117
0.140692
0.057994
0.007575
0.037890
0.112906
0.023191
0.102211
0.057433
0.024807
0.067699
0.041856
0.028271
0.055285
0.010027
0.095359
0.011640
0.087133
0.061141
0.077361
0.043928
0.006804
0.099623
0.039091
0.044205
0.009831
0.018969
0.088667
0.018590
0.067451
0.054120
0.210827
0.109127
0.224742
0.055641
0.041694
0.006741
0.021009
0.008027
0.022026
0.042642
0.015454
0.102130
0.115360
0.091718
0.144720
0.199687
0.132639
0.170760
0.040953
0.056921
0.150845
0.033297
0.015075
0.200441
0.125188
0.018459
0.015396
0.047198
0.047657
0.006564
0.014835
0.135308
0.006226
0.081473
0.041173
0.013345
0.016403
0.180589
0.059372
0.070795
0.023435
0.010254
0.124940
0.219611
0.095373
0.231165
0.138093
0.016925
0.010614
0.082877
0.012745
0.007768
0.018868
0.020176
0.032353
0.097439
0.031695
0.029707
0.040886
0.011479
0.013222
0.075235
0.097444
0.213178
0.061418
0.159864
0.120657
0.046491
0.095227
0.155604
0.547500
0.019097
0.130706
0.053395
0.063556
0.052934
0.149339
0.254812
0.047467
0.036860
0.038948
0.308140
0.080777
0.043741
0.054825
0.168716
0.145011
0.076620
0.204326
0.023166
0.121962
0.009259
0.033759
0.029308
0.066893
0.044538
0.066143
0.089187
0.025819
0.021912
0.110901
0.038927
0.019981
0.186721
0.047553
0.032042
0.008028
0.013825
0.058593
0.044452
0.047945
0.012560
0.184835
0.023505
0.017668
0.125322
0.021640
0.030382
0.022947
0.033219
0.068357
0.009175
0.073874
0.029616
0.030055
0.080804
0.229412
0.042690
0.151523
0.107681
0.111722
0.004370
0.069485
0.126656
0.070557
0.034695
0.028729
0.014289
0.009036
0.108486
0.057530
0.119335
0.049834
0.295193
0.191822
0.192276
0.015591
0.015189
0.085732
0.113320
0.008747
0.021303
0.158690
0.045865
0.065507
0.095099
0.143188
0.018837
0.081416
0.015149
0.021448
0.018110
0.041428
0.255756
0.075903
0.047459
0.042112
0.065836
0.041979
0.028181
0.077084
0.028154
0.007362
0.044344
0.046691
0.018721
0.060209
0.072528
0.053325
0.224209
0.046251
0.121848
0.201303
0.016719
0.052077
0.150588
0.036743
0.083460
0.006559
0.079000
0.214894
0.086244
0.180091
0.010074
0.079505
0.029486
0.055829
0.064969
0.536248
0.090659
0.031592
0.075676
0.063350
0.096456
0.221598
0.057338
0.041273
0.135570
0.061206
0.095268
0.018557
0.027568
0.088180
0.041548
0.148915
0.011273
0.041216
0.047307
0.016059
0.041451
0.045255
0.013822
0.099737
0.126292
0.166363
0.079185
0.019589
0.009903
0.015015
0.091912
0.060328
0.084345
0.032403
0.235823
0.090847
0.020200
0.013103
0.015834
0.118688
0.027835
0.171852
0.014706
0.019245
0.012332
0.096692
0.039592
0.036707
0.066309
0.170569
0.130120
0.048554
0.225827
0.043749
0.019802
0.051929
0.085697
0.025768
0.009184
0.039328
0.082163
0.642346
0.051412
0.120689
0.026446
0.034002
0.009703
0.078300
0.033447
0.020968
0.051002
0.119124
0.094069
0.123135
0.102993
0.056265
0.006244
0.069299
0.057013
0.047569
0.067960
0.052441
0.109405
0.021855
0.146947
0.080732
0.027314
0.023655
0.013055
0.041762
0.147523
0.191192
0.211112
0.236769
0.049343
0.022631
0.020597
0.057690
0.043473
0.143064
0.056053
0.015346
0.059268
0.011172
0.060052
0.080992
0.039548
0.035280
0.031139
0.023179
0.033175
0.029281
0.376156
0.085901
0.012766
0.111181
0.051041
0.561990
0.011023
0.007164
0.050768
0.262721
0.026522
0.013172
0.090286
0.036777
0.078790
0.178374
0.027507
0.044257
0.169467
0.105508
0.027707
0.032304
0.084877
0.023675
0.012592
0.065220
0.070990
0.061789
0.045642
0.072363
0.256855
0.031920
0.136225
0.135399
0.103410
0.026149
0.044566
0.066544
0.164036
0.008129
0.106788
0.031393
0.063665
0.026253
0.043001
0.083509
0.009053
0.062894
0.115156
0.081364
0.061094
0.029898
0.086485
0.081168
0.023350
0.106880
0.120765
0.027014
0.008127
0.095432
0.196364
0.142140
0.032657
0.026072
0.015951
0.011646
0.086874
0.032437
0.018306
0.058880
0.018564
0.227962
0.230160
0.043068
0.051229
0.167278
0.015971
0.047025
0.194800
0.009977
0.117042
0.086439
0.020731
0.053492
0.054989
0.146628
0.010841
0.046914
0.021868
0.206745
0.025969
0.092979
0.018230
0.034531
0.143005
0.070542
0.084746
0.129775
0.029989
0.052500
0.079448
0.080068
0.567264
0.125042
0.033147
0.012285
0.022995
0.007236
0.012500
0.044816
0.119421
0.096962
0.070610
0.058734
0.279132
0.061631
0.048809
0.082817
0.127808
0.055576
0.015898
0.116545
0.029500
0.019375
0.021226
0.043780
0.074211
0.007270
0.193154
0.114533
0.009732
0.017214
0.112723
0.057354
0.042546
0.060226
0.032792
0.015348
0.064893
0.027813
0.044981
0.021952
0.125549
0.026156
0.072155
0.029921
0.104461
0.017491
0.027869
0.205366
0.076389
0.011297
0.012805
0.004794
0.003369
0.031542
0.076108
0.007296
0.062681
0.304902
0.080597
0.020785
0.011137
0.308457
0.130459
0.108426
0.087836
0.045894
0.064027
0.040761
0.019923
0.037531
0.138786
0.007945
0.174025
0.044440
0.012196
0.025531
0.026685
0.151343
0.074089
0.007556
0.052890
0.026324
0.012825
0.034514
0.180917
0.023527
0.505770
0.016600
0.022845
0.046162
0.014324
0.137959
0.225241
0.013378
0.128372
0.016336
0.021555
0.007215
0.062307
0.096980
0.078575
0.005144
0.132968
0.067493
0.132030
0.013357
0.138773
0.030539
0.045347
0.145049
0.036286
0.049989
0.017285
0.015684
0.120758
0.018499
0.112831
0.058901
0.021063
0.059238
0.030812
0.073891
0.139728
0.010209
0.104248
0.006589
0.057691
0.024794
0.236077
0.068277
0.058446
0.026456
0.020690
0.069928
0.126026
0.078299
0.066281
0.046867
0.047178
0.142088
0.067955
0.068720
0.036268
0.176353
0.022445
0.036824
0.030214
0.059668
0.020705
0.045680
0.154419
0.021132
0.072078
0.064192
0.027729
0.096218
0.026112
0.073190
0.021573
0.029711
0.095941
0.046172
0.035110
0.105116
0.021520
0.050322
0.152591
0.009311
0.056977
0.523884
0.040327
0.057532
0.072810
0.080197
0.034450
0.062889
0.026958
0.022959
0.021618
0.218325
0.030632
0.017939
0.056864
0.033411
0.032544
0.006150
0.009389
0.020811
0.025993
0.043995
0.107752
0.043872
0.076000
0.039476
0.132091
0.136677
0.054407
0.105696
0.055631
0.107251
0.039510
0.016380
0.089273
0.046283
0.173520
0.102313
0.228667
0.040805
0.011269
0.093938
0.020589
0.081602
0.015029
0.010194
0.184904
0.061162
0.060301
0.007796
0.012974
0.118091
0.065964
0.022538
0.065075
0.049383
0.041752
0.026089
0.148716
0.038754
0.040205
0.117806
0.110311
0.007425
0.026855
0.372130
0.059974
0.026121
0.017214
0.069113
0.209916
0.011880
0.104890
0.005674
0.068547
0.015133
0.060291
0.111836
0.013905
0.195882
0.019948
0.007192
0.094681
0.066067
0.039834
0.016875
0.033214
0.101785
0.173394
0.063035
0.055076
0.005617
0.012377
0.083088
0.054824
0.093042
0.140309
0.023667
0.050606
0.139356
0.004846
0.010273
0.073512
0.631770
0.041538
0.039267
0.097344
0.185375
0.027912
0.133022
0.072880
0.175110
0.272660
0.017382
0.101167
0.015610
0.019614
0.140202
0.048942
0.034225
0.037493
0.091340
0.013276
0.093853
0.010337
0.064845
0.009210
0.045334
0.068158
0.010940
0.046642
0.055484
0.141395
0.141108
0.036615
0.061870
0.117357
0.116464
0.029410
0.066884
0.062841
0.019521
0.014153
0.167287
0.137455
0.005315
0.037856
0.060064
0.011712
0.011558
0.026157
0.012977
0.020745
0.057330
0.041448
0.010580
0.055506
0.026269
0.018455
0.121625
0.081499
0.100068
0.027898
0.025899
0.077421
0.544778
0.067747
0.080897
0.116907
0.225726
0.064542
0.104072
0.044502
0.081546
0.022406
0.004310
0.171986
0.031374
0.049708
0.156067
0.013553
0.036621
0.175659
0.028568
0.122975
0.073420
0.008541
0.056565
0.018237
0.044374
0.118603
0.007635
0.035784
0.028406
0.112704
0.300818
0.043627
0.092525
0.025760
0.179004
0.028740
0.014072
0.029368
0.106144
0.091010
0.034971
0.200484
0.026446
0.024446
0.031846
0.042703
0.021528
0.017482
0.070424
0.017370
0.057662
0.004709
0.157706
0.052422
0.031908
0.109868
0.048811
0.016125
0.006415
0.088779
0.017467
0.038493
0.028273
0.082751
0.070241
0.019750
0.008533
0.253755
0.033163
0.047862
0.013279
0.031684
0.042530
0.117673
0.009718
0.007363
0.172159
0.079392
0.146811
0.081218
0.029364
0.037957
0.031997
0.064106
0.058309
0.039226
0.012731
0.228737
0.049203
0.503951
0.067232
0.233540
0.017329
0.021743
0.091027
0.056427
0.015054
0.057598
0.084815
0.004303
0.086298
0.026143
0.031570
0.092106
0.015938
0.025537
0.115732
0.049776
0.019383
0.157099
0.128098
0.104133
0.017410
0.010697
0.075773
0.101529
0.010426
0.010913
0.022296
0.043901
0.249767
0.144054
0.056653
0.098228
0.035798
0.022770
0.030206
0.016334
0.103071
0.080064
0.054819
0.020069
0.053552
0.076974
0.083266
0.012010
0.055057
0.041936
0.008092
0.066131
0.017565
0.011901
0.152706
0.130317
0.061791
0.058529
0.044897
0.051659
0.152512
0.051523
0.034849
0.029914
0.064025
0.126108
0.096572
0.047378
0.021427
0.013687
0.007195
0.064938
0.055348
0.038380
0.011599
0.028930
0.203553
0.058728
0.019544
0.046277
0.037745
0.074284
0.096574
0.048039
0.024884
0.010045
0.057572
0.054953
0.215053
0.004876
0.090569
0.009569
0.096447
0.024460
0.089468
0.020827
0.091707
0.043118
0.007612
0.091361
0.032511
0.165131
0.017357
0.038371
0.011487
0.021353
0.015528
0.134105
0.047092
0.264392
0.125744
0.147396
0.008717
0.049423
0.032449
0.126084
0.021192
0.105340
0.082314
0.033737
0.004446
0.021304
0.026575
0.128094
0.039230
0.047079
0.139479
0.049053
0.029393
0.010189
0.004386
0.162164
0.220181
0.057919
0.114936
0.070664
0.029082
0.007415
0.037493
0.014187
0.065734
0.012466
0.015512
0.029575
0.088721
0.045798
0.024325
0.020914
0.048428
0.008988
0.312241
0.113634
0.032808
0.105107
0.083053
0.063221
0.034774
0.042832
0.004977
0.146809
0.012011
0.083079
0.003431
0.045758
0.036080
0.144136
0.166607
0.150249
0.048662
0.050806
0.500960
0.155888
0.034890
0.023494
0.021063
0.022401
0.015610
0.069855
0.014159
0.020658
0.029324
0.018389
0.062167
0.005714
0.009808
0.023685
0.094098
0.004779
0.024130
0.023538
0.049617
0.032560
0.042787
0.015668
0.084977
0.077810
0.044120
0.026112
0.052575
0.099502
0.007380
0.085986
0.045801
0.041777
0.096380
0.064516
0.012170
0.013087
0.026208
0.036906
0.031993
0.028296
0.112962
0.092730
0.058419
0.028363
0.002945
0.081809
0.096274
0.056504
0.047330
0.077433
0.109813
0.299520
0.058627
0.163888
0.043275
0.187298
0.125519
0.010863
0.071136
0.176392
0.135982
0.033984
0.172988
0.041460
0.010531
0.060307
0.013730
0.029896
0.502709
0.064249
0.038780
0.071759
0.402367
0.037690
0.028744
0.065027
0.060664
0.089009
0.037353
0.198295
0.020905
0.013520
0.113011
0.020232
0.054271
0.028891
0.057294
0.099104
0.003140
0.076277
0.014544
0.029781
0.118318
0.024347
0.017318
0.118648
0.058255
0.119784
0.049607
0.066662
0.046772
0.017923
0.008874
0.129899
0.102046
0.022719
0.045723
0.063387
0.110248
0.012953
0.011009
0.006110
0.060078
0.083799
0.059791
0.016051
0.024470
0.149390
0.062383
0.044461
0.129210
0.021094
0.039805
0.052970
0.092820
0.033094
0.006919
0.063763
0.015490
0.005815
0.022936
0.028467
0.089448
0.189018
0.111027
0.031311
0.151263
0.024772
0.009449
0.085444
0.013947
0.008849
0.095122
0.029404
0.093550
0.100157
0.134756
0.008041
0.012182
0.111149
0.033860
0.011950
0.034523
0.246736
0.003691
0.070210
0.110800
0.017123
0.042592
0.014230
0.144737
0.100052
0.038158
0.043967
0.025295
0.008362
0.060023
0.037311
0.016491
0.013076
0.156559
0.206666
0.062356
0.037107
0.095355
0.018472
0.123261
0.283189
0.047081
0.017048
0.036743
0.021389
0.013286
0.031173
0.096065
0.585844
0.026053
0.025402
0.117221
0.092045
0.045357
0.011132
0.065520
0.022896
0.018311
0.055654
0.215660
0.074366
0.195573
0.028414
0.111674
0.016400
0.029345
0.111928
0.029056
0.267730
0.088127
0.020652
0.012089
0.008910
0.119771
0.080114
0.013752
0.059008
0.097395
0.045175
0.015056
0.073325
0.077440
0.029007
0.108651
0.076675
0.014504
0.092525
0.046175
0.024482
0.014903
0.015274
0.149272
0.135626
0.072132
0.188025
0.010089
0.133165
0.015885
0.014128
0.008465
0.040830
0.012580
0.023287
0.009504
0.026924
0.062998
0.011198
0.077827
0.502150
0.332266
0.006038
0.013162
0.013620
0.054408
0.020887
0.034255
0.053684
0.026974
0.074523
0.050908
0.069929
0.125227
0.013638
0.032585
0.058561
0.021717
0.152493
0.007647
0.151216
0.008805
0.016227
0.066176
0.011471
0.036493
0.058490
0.168981
0.101539
0.037478
0.044222
0.039232
0.060704
0.004708
0.536826
0.035447
0.040492
0.077873
0.037148
0.011982
0.022791
0.064068
0.098582
0.027564
0.006909
0.100633
0.081093
0.023749
0.144157
0.031242
0.050216
0.062138
0.009620
0.023578
0.045279
0.015960
0.149484
0.059903
0.073729
0.074805
0.024810
0.094839
0.010220
0.144713
0.017682
0.051766
0.026399
0.202121
0.027173
0.080923
0.010277
0.117984
0.005733
0.065676
0.007166
0.029023
0.034262
0.013190
0.051067
0.025407
0.018177
0.009283
0.068521
0.151826
0.043764
0.037595
0.070037
0.073310
0.021761
0.119341
0.122952
0.017338
0.023745
0.024383
0.021387
0.002770
0.006234
0.072244
0.277381
0.246650
0.079384
0.052528
0.043046
0.138977
0.029115
0.004881
0.107411
0.107121
0.024284
0.020856
0.017662
0.038771
0.044314
0.118247
0.075390
0.016693
0.009043
0.103112
0.123510
0.046943
0.237475
0.094522
0.057344
0.042774
0.099885
0.310171
0.103526
0.072388
0.027259
0.028205
0.030120
0.117376
0.086326
0.072594
0.026512
0.070144
0.116299
0.075765
0.080591
0.022281
0.017022
0.096276
0.003130
0.027191
0.039684
0.044463
0.068102
0.005805
0.015133
0.023554
0.033912
0.155106
0.017297
0.044926
0.118390
0.017996
0.050479
0.011060
0.025352
0.045841
0.054547
0.523456
0.026606
0.107315
0.044952
0.079914
0.034264
0.009414
0.046484
0.015431
0.006342
0.107042
0.006477
0.170894
0.010052
0.029367
0.217150
