2.232611
2.053267
1.523681
1.988205
2.003574
1.884358
1.970539
1.512092
1.810610
1.589555
1.693740
1.378343
1.286370
1.335361
0.868943
1.740826
0.882497
1.337003
2.377436
0.894261
1.249592
0.891990
1.054177
0.984908
0.398889
2.019977
0.793945
1.205751
0.859613
0.695195
0.746126
0.516867
0.925165
0.792164
0.952521
0.647829
1.569385
0.486798
0.990803
1.142670
0.556281
0.612990
0.672855
0.285927
0.780078
0.335720
0.491933
0.518205
1.878328
0.597304
0.712723
0.578817
0.426535
0.556124
0.655004
0.246140
1.477440
0.485192
0.629213
0.669814
0.510498
0.556114
0.559025
0.621570
0.299811
0.376194
0.343149
0.390920
0.297331
0.904781
0.303404
0.541235
0.294041
0.931130
0.206471
0.475795
0.913205
0.304083
0.602628
0.456968
0.445235
0.758835
0.302403
0.999446
0.344753
0.613137
0.318681
0.376627
0.283116
0.218281
0.416981
0.319636
0.626229
0.285860
0.435474
0.410065
0.255724
0.502372
0.197070
0.854302
0.235970
0.747072
0.393156
0.326709
0.221438
0.425713
0.171738
0.354084
0.330082
0.233436
0.438839
0.290998
0.798376
0.973553
0.700167
0.512608
0.367995
0.191499
0.324849
0.140253
0.463486
0.321558
0.673354
2.906918
0.574278
0.432810
0.322439
0.356246
0.471549
0.388586
0.331243
0.299832
0.407892
0.418239
0.679275
0.656244
0.144736
0.351016
0.483101
0.433267
0.172285
0.202231
0.389039
0.328209
0.203641
0.385343
0.130687
0.189102
0.226631
0.365419
0.617595
0.256722
0.670163
0.138714
1.132230
0.859733
0.384035
0.420965
0.240723
0.385444
0.249409
0.397196
0.355627
0.468888
0.146079
0.284555
0.325782
0.289496
0.295722
0.255879
0.461906
0.133799
0.243713
0.213625
0.288606
0.279354
0.302894
0.507381
0.543193
0.392300
0.255384
0.171691
0.415416
0.344748
0.478750
0.253427
0.309923
0.252787
0.413246
0.822840
0.126346
0.437651
0.233128
0.540587
0.537417
0.967466
0.334406
1.044680
0.332735
0.258633
0.169227
0.231735
0.459180
0.272631
0.198145
0.480381
0.406457
0.127191
0.308574
0.130735
0.399799
0.590925
0.380684
0.162302
0.508086
0.115824
0.228052
0.388248
0.462411
0.282152
0.140778
0.398464
0.187935
0.537092
0.266717
0.231291
0.253706
0.216517
0.160103
0.244900
0.118381
0.323259
0.455798
0.252980
0.373249
0.154170
0.318987
0.170944
0.434255
0.296039
0.288585
0.165821
0.168443
0.447281
0.239525
0.202090
0.415231
0.330030
0.766131
0.345620
1.729213
0.397586
0.423057
0.345300
0.290470
0.449512
0.401161
0.394524
0.165263
0.242204
0.254480
0.203931
0.209794
0.205310
0.204743
0.273379
0.249316
0.276175
0.262812
0.291724
0.424175
0.248280
0.412989
0.229869
1.507932
0.393567
0.848647
0.450951
0.245761
0.325332
0.253007
0.267918
0.375860
0.440412
0.368666
0.289488
0.268224
0.679003
0.301178
0.219440
0.182540
0.276734
0.166984
0.304480
0.271365
0.401637
0.279898
0.253307
0.300180
0.288201
0.339458
0.353512
0.266704
0.197098
0.300949
0.385280
0.314422
0.180537
0.472507
0.203983
0.408564
0.726559
0.409302
0.429127
0.217309
0.240754
0.317709
0.280386
0.295851
0.470482
0.276524
0.283999
0.399391
0.257119
0.293311
0.532617
0.270114
0.697137
0.078961
1.601458
0.741860
0.611106
0.238133
0.330712
0.273870
0.381977
0.288054
0.349624
0.175523
0.155528
0.358117
0.246263
0.295490
0.207734
0.161999
0.286954
0.350896
0.294193
0.209194
0.510622
0.383412
0.161416
0.318221
0.217638
0.151901
0.318113
0.336770
0.238620
0.229492
0.418739
0.209572
0.242496
0.325692
0.240159
0.455695
0.178998
0.325790
0.338386
0.349946
0.181591
0.393875
0.235706
0.188319
0.312515
0.430098
0.144009
0.296012
0.353068
0.384700
0.222549
0.340525
0.190454
0.450940
0.422244
0.456689
0.105313
0.284793
0.400760
0.340121
0.391307
0.287693
0.129072
0.227896
0.174543
0.178027
0.254261
0.143065
0.186475
0.251093
0.256849
0.426101
0.863669
0.222441
0.465798
0.302355
0.512545
0.160433
0.166068
0.243895
0.300247
0.389723
0.256182
0.260612
0.272439
0.277684
0.420153
0.635462
0.254129
0.407323
0.248502
0.385918
0.270038
0.356545
0.224025
0.190476
0.219739
0.235203
0.268909
0.217257
0.521010
0.184053
0.330777
0.198995
0.387686
0.326427
0.320822
0.250408
0.255724
0.173114
0.258706
0.406590
0.104961
0.868908
0.214644
0.488643
0.177336
0.265798
0.526212
0.489027
0.499723
0.117914
0.351358
0.286864
0.317948
0.257619
0.512668
0.169588
0.186931
0.106273
0.398268
0.113627
0.392894
0.290159
0.145910
0.371476
0.159787
0.238305
0.261308
0.293553
0.266845
0.387181
0.364043
0.623768
0.297738
0.252464
0.332142
0.231010
0.309486
0.253732
0.175340
0.119001
0.195805
0.244033
0.119144
0.384871
0.114500
0.393163
0.519755
0.099706
0.273809
0.279743
0.509934
0.497718
0.245623
0.229836
0.256519
0.228909
0.154775
0.178013
0.182911
0.280303
0.197932
0.264278
0.283159
0.229272
0.270762
0.293898
0.385623
0.196281
0.476763
1.142662
0.350483
0.185621
0.140629
0.319082
0.393938
0.301106
0.248835
0.122938
0.188283
0.205858
0.381820
0.338160
0.138573
0.263392
0.130900
0.291749
0.297842
0.325642
0.252523
0.208611
0.436710
0.248328
0.317563
0.241620
0.296672
0.202601
0.382295
0.421576
0.208778
0.406615
0.205152
0.168466
0.252010
0.382244
0.162949
0.272887
0.118859
0.361520
0.434341
0.530177
0.380688
0.424310
0.151049
0.210127
0.182069
0.362018
0.237921
0.118952
0.271375
0.235807
0.569408
0.249454
0.350770
0.201638
0.427282
0.129636
0.481238
0.353332
0.137410
0.222396
0.371972
0.247575
0.549499
0.478149
0.143803
0.200060
0.399147
0.112138
0.342391
0.230408
0.112956
0.247927
0.182109
0.286323
0.249730
0.276726
0.328455
0.417824
0.378082
0.210570
0.521824
0.287850
0.284996
0.448254
0.287157
0.158967
0.187453
0.203323
0.322737
0.125700
0.243907
0.223346
0.386811
0.133752
0.549462
0.205169
0.389377
0.112986
0.391213
0.142735
0.563179
0.278577
0.188704
0.317572
0.257712
0.310267
0.118551
0.304304
0.326029
0.231119
0.170620
0.262108
0.300760
0.442431
0.503407
0.127040
0.429899
0.391131
0.160723
0.300935
0.401410
0.395653
0.431568
0.505144
0.104613
0.172606
0.161123
0.304107
0.273151
0.282584
0.322401
0.122551
0.379226
0.212774
0.300803
0.198127
0.296732
0.386601
0.257509
0.151113
0.148796
0.340838
1.177310
0.184951
1.520118
0.404155
0.445543
0.233448
0.246157
0.323279
0.212163
0.175437
0.316293
0.250276
0.679359
0.160619
0.376519
0.145478
0.557323
0.163709
0.247536
0.318897
0.150010
0.395286
0.152356
0.324493
0.144593
0.336463
0.418618
0.299980
0.226213
0.404271
0.149308
0.275742
0.179135
0.299913
0.331034
0.370478
0.186300
0.850151
0.095376
0.690264
0.220262
0.250938
0.156602
0.156830
0.272118
0.286040
0.308555
0.233041
0.190481
0.181326
0.257082
0.392823
0.295942
0.497343
0.246884
0.545174
0.371127
0.333586
0.300797
0.279656
0.122703
0.290720
0.301823
0.158052
0.293767
0.273659
0.237926
0.271899
0.142100
0.237142
0.242349
0.279143
0.249902
0.288012
0.264558
0.158525
0.427761
0.157457
0.397191
0.229043
0.332777
0.200306
0.158593
0.153456
0.312660
0.205089
0.162354
0.227279
0.209689
0.293641
0.419324
0.237256
0.283977
0.530303
0.280065
0.406157
0.320419
0.196405
0.196750
0.179398
0.339317
0.320413
0.110955
0.514654
0.492160
0.331177
0.298485
0.400760
0.294275
0.167251
0.404423
0.420235
0.169072
0.255905
0.193663
0.180596
0.529957
0.132172
0.335895
0.223590
0.234740
0.370306
0.123496
0.342241
0.229060
0.345863
0.206964
0.221535
0.271756
0.258702
0.439098
0.119959
0.962054
0.299888
2.131867
0.383447
0.408600
0.232056
0.323616
0.234727
0.333078
0.166050
0.231113
0.262135
0.253293
0.346090
0.218526
0.421645
0.229817
0.140535
0.214498
0.223219
0.238871
0.143840
0.149243
0.368115
0.209353
0.445693
0.181623
0.181544
0.170358
0.170028
0.204288
0.241195
0.109074
0.275177
0.249180
0.701791
0.455529
0.230966
0.356043
0.235078
0.174862
0.231505
0.275860
0.192342
0.228079
0.414789
0.252662
0.305637
0.255969
0.332676
0.324367
0.350635
0.328107
0.218872
0.156532
0.260617
0.312020
0.301470
0.263144
0.159454
0.159813
0.226408
0.298795
0.263284
0.154307
0.435075
0.145909
0.164877
0.399482
0.188573
0.148682
0.422226
0.130179
0.242156
0.286605
0.578402
0.267479
0.787717
0.404840
0.387158
0.302551
0.432111
0.098117
0.127116
0.197141
0.228632
0.174923
0.285317
0.272627
0.333845
0.201674
0.113562
0.224081
0.311147
0.183035
0.364087
0.194120
0.340231
0.373037
0.377625
0.259964
0.377301
0.514398
0.418803
0.302564
0.205389
0.199214
0.291080
0.123707
0.222285
0.291742
0.173411
0.267862
0.188294
0.215831
0.503811
0.267040
0.675679
0.163094
0.320015
0.233635
0.355395
0.178050
0.213267
0.377496
0.205211
0.236291
0.225581
0.317735
0.234684
0.256397
0.181876
0.393694
0.216163
0.235751
0.310007
0.126459
0.259789
0.464861
0.162343
0.141223
0.338096
1.182652
1.244389
0.261036
0.368072
0.279388
0.222961
0.223416
0.253201
0.364484
0.286981
0.336567
0.184872
0.234343
0.240507
0.311957
0.328475
0.244301
0.187590
0.328595
0.235403
0.230973
0.218417
0.305141
0.242948
0.282734
0.128612
0.304450
0.290285
0.484819
0.291342
0.275731
0.321925
0.222650
0.194658
0.384840
0.206878
0.480697
0.386342
0.536623
0.140558
0.173067
0.248382
0.165112
0.102816
0.161779
0.382231
0.195208
0.392126
0.178808
0.576006
0.652225
0.192359
1.666114
0.312546
0.644980
0.098776
0.213116
0.265697
0.371320
0.264691
0.230258
0.305248
0.193277
0.293721
0.249770
0.294248
0.164623
0.246887
0.284659
0.321150
0.227351
0.487918
0.152848
0.351540
0.288549
0.348639
0.471317
0.439502
0.475122
0.111590
0.362144
0.373837
0.149327
0.227498
0.372150
0.159257
0.242951
0.164560
0.190935
0.259080
0.129891
0.238516
0.484077
1.687680
0.178713
0.423642
0.141480
0.210441
0.275399
0.166264
0.271934
0.173597
0.280043
0.294170
0.227241
0.190448
0.406146
0.134907
0.471503
0.204533
0.072822
0.317106
0.221094
0.247095
0.492306
0.368690
0.101896
0.319591
0.184807
0.236082
0.190729
0.249006
0.408222
0.242348
0.176285
0.283583
0.247401
0.263686
0.241101
0.369659
0.353656
0.435407
0.396246
0.280307
0.353647
0.132040
0.211972
0.198775
0.443941
0.197898
0.305254
0.211939
0.276382
0.280272
0.272527
0.326723
0.116375
0.454077
1.145698
0.223519
0.599499
0.342559
0.394515
0.376794
0.125474
0.242111
0.263061
0.214272
0.432721
0.269620
0.223964
0.224626
0.205030
0.130785
0.169079
0.156049
0.215947
0.300707
0.245209
0.476234
0.313147
0.198948
0.180185
0.274453
0.290408
0.485044
0.154684
0.522481
0.199584
0.340833
0.356082
0.183463
0.125051
0.338146
0.169158
0.321213
0.217987
0.434767
0.303988
0.250874
0.354082
0.168940
0.235969
0.150058
0.281237
0.210979
0.200983
0.178005
0.226396
0.406367
0.504587
0.262083
1.005323
0.332882
0.567730
0.147800
0.342791
0.147867
0.385259
0.206298
0.157520
0.285632
0.237209
0.164732
0.319536
0.146898
0.237033
0.320149
0.270281
0.327546
0.230213
0.212106
0.189991
0.244728
0.123939
0.212369
0.407932
0.126565
0.247835
0.185816
0.294232
0.217034
0.319342
0.397543
0.221996
0.564805
0.120131
1.701627
0.408038
0.414999
0.259637
0.297696
0.225358
0.165084
0.330346
0.211490
0.358865
0.192078
0.251615
0.344465
0.326457
0.305479
0.313503
0.301764
0.198499
0.287680
0.286478
0.249894
0.212720
0.142848
0.205079
0.162138
0.590901
0.269365
0.287643
0.181164
0.168746
0.137169
0.429412
0.151881
0.357461
0.339534
0.473593
0.282098
0.131671
0.322839
0.183167
0.190531
0.282152
0.266346
0.296993
0.212575
0.232716
0.116505
0.286586
0.766258
0.168711
0.371258
0.230150
0.272387
0.162117
0.159743
0.220567
0.254445
0.229761
0.213444
0.202017
0.229470
0.222137
0.461845
0.231137
0.151424
0.194548
0.364038
0.313059
0.325835
0.275939
0.187484
0.412929
0.201230
0.117668
0.328678
0.177396
0.592411
0.291384
0.233849
0.523036
0.605827
0.181348
0.260078
0.246678
0.148802
0.281638
0.208188
0.243507
0.244554
0.199760
0.213175
0.211787
0.340242
0.332389
0.448639
0.297092
0.807394
0.819780
0.226635
0.204522
0.164567
0.361694
0.286160
0.227761
0.418934
0.265528
0.242403
0.264180
0.451847
0.418309
0.252807
0.405138
0.174558
0.220869
0.227334
0.204333
0.178299
0.286184
0.261420
0.225551
0.303067
0.223442
0.307411
0.151028
0.262861
0.253745
0.267832
0.191148
0.317851
0.483625
0.241706
0.208415
0.079946
0.556813
0.293491
0.327480
0.351009
0.088902
0.222098
0.182940
0.227159
0.189444
0.180053
0.106575
0.742864
0.114593
0.220975
0.255228
0.116924
0.213935
0.206719
0.319531
0.170141
0.610291
1.248031
0.482073
0.359324
0.388310
0.221583
0.279277
0.352171
0.315174
0.212977
0.271642
0.224120
0.244977
0.154124
0.288010
0.270358
0.207299
0.406561
0.131158
0.334980
0.242525
0.122129
0.266914
0.300627
0.144258
0.517344
0.329455
0.190254
0.208548
0.118856
0.315651
0.397591
0.251733
0.295750
0.220069
0.148798
0.157278
0.396553
0.498769
0.178948
0.726793
1.594543
0.366755
0.172585
0.433247
0.301401
0.195594
0.361098
0.297770
0.346264
0.118709
0.357786
0.226844
0.187112
0.187281
0.257790
0.184790
0.158797
0.296417
0.297433
0.277700
0.175697
0.279777
0.076418
0.234610
0.444852
0.299216
0.355634
0.375579
0.324934
0.108804
0.237461
0.234029
0.262440
0.298344
0.212938
0.214163
0.303858
0.198412
0.374456
0.481879
0.142658
0.177409
0.207568
0.395177
0.385639
0.206426
0.234283
0.208632
0.659046
0.273878
0.157771
0.290972
0.337205
0.385470
0.207797
0.280193
0.168568
0.222687
0.333003
0.318275
0.222660
0.528224
0.130066
0.163818
0.095951
0.481075
0.312685
0.371902
0.213791
0.431102
0.172979
0.156439
0.250982
0.159696
0.407848
0.159717
0.280813
0.254065
0.242960
0.151507
0.161172
0.187277
0.365348
0.193389
0.455714
0.208129
0.122320
0.206245
0.191702
0.176214
0.261063
0.121810
0.465966
0.129357
0.405774
0.226330
0.398338
0.336946
0.199966
0.157660
0.363840
0.539746
0.242876
1.415741
0.582972
0.617866
0.227897
0.169347
0.428902
0.185367
0.266211
0.245688
0.514924
0.213111
0.137349
0.431241
0.135714
0.274072
0.167216
0.218177
0.214920
0.230720
0.234159
0.376288
0.279598
0.193516
0.371817
0.214831
0.242062
0.249806
0.176523
0.172012
0.129755
0.216801
0.198153
0.458819
0.295741
0.267516
0.215584
0.232496
0.183740
0.333454
0.363628
0.097726
0.326214
0.265651
0.368022
0.267095
0.217296
0.288668
0.367177
0.244336
0.125439
0.383475
0.151560
0.442698
0.155790
0.243104
0.079682
0.134959
0.350192
0.243472
0.339304
0.174395
0.117713
0.258243
0.176173
0.387041
0.175246
0.252886
0.115362
0.253917
0.174126
0.747173
0.187953
0.949604
0.198903
1.322302
0.198507
0.362980
0.248283
0.238705
0.303851
0.174093
0.403872
0.150850
0.271615
0.355637
0.332426
0.613680
0.225433
0.311165
0.174049
0.417159
0.297529
0.533668
0.325660
0.373491
0.388433
0.423078
0.226005
0.240448
0.292761
0.260202
0.274784
0.483596
0.112264
0.099534
0.153049
0.392602
0.287048
0.135753
0.149977
0.187883
0.299037
0.224914
0.291660
0.510600
0.174833
0.499558
0.058658
0.441081
0.288268
0.293590
0.139743
0.579516
0.326958
0.227734
0.161192
0.239836
0.204521
0.192433
0.204365
0.337323
0.223340
0.324065
0.433958
0.161448
0.230686
0.554492
0.240412
0.337647
0.236391
0.209434
0.408736
0.237484
0.301441
0.144347
0.243103
0.240214
0.285821
0.155561
0.193018
0.251669
0.229960
0.311569
0.202464
0.250684
0.285315
0.285924
0.382659
0.214301
0.198433
0.263541
0.264335
0.159410
0.171137
0.159190
0.359477
0.249307
0.215329
0.110319
0.258654
0.223459
0.166635
0.411046
0.198350
0.281367
0.234320
0.126416
0.219064
0.311683
0.472029
0.203502
0.825409
0.348752
0.523530
0.279481
0.297259
0.252499
0.260813
0.244770
0.390993
0.097891
0.135751
0.198560
0.103108
0.277341
0.234481
0.517934
0.225285
0.366243
0.257010
0.324247
0.232919
0.410908
0.457077
0.273587
0.186786
0.244958
0.105083
0.180415
0.340869
0.352445
0.191210
0.374837
0.112214
0.224487
0.378192
0.252026
0.394978
0.168519
0.432954
0.255498
0.248818
0.199705
0.370597
0.271455
0.285705
0.381950
0.207379
0.266434
1.059678
0.445280
0.268937
0.131184
0.383296
0.296325
0.121305
0.225691
0.410176
0.283239
0.292507
0.414861
0.291673
0.617371
0.234085
1.018837
0.295792
0.421349
0.360817
0.209476
0.383253
0.204252
0.114332
0.200558
0.310335
0.227059
0.181704
0.438824
0.206198
0.246200
0.205675
0.120903
0.484510
0.351927
0.225682
0.301981
0.213859
0.138391
0.195449
0.240137
0.237495
0.211457
0.179418
0.297222
0.205786
0.484477
0.228532
0.196563
0.280576
0.227449
0.229476
0.233541
0.289878
0.203132
0.376688
0.148214
0.304711
0.365090
0.198360
0.198471
0.346968
0.155287
0.212977
0.110227
0.241733
0.465874
0.269742
0.190924
0.422084
0.151765
0.214054
0.425406
0.216362
0.195040
0.245988
0.151789
0.212420
0.222348
0.184245
0.329736
0.166925
0.485748
0.257556
0.787375
0.299202
0.585218
0.231010
0.275179
0.182121
0.383755
0.247750
0.309891
0.393982
0.528557
0.240022
0.126730
0.323558
0.175804
0.323630
0.364546
0.457831
0.273486
0.223293
0.207910
0.295914
0.244821
0.359462
0.285036
0.289356
0.195217
0.218365
0.317089
0.372837
0.280524
0.252398
0.139568
0.098133
0.274962
0.261666
0.182057
0.150843
0.213662
0.269460
0.384618
0.181989
0.312568
0.229021
0.191338
0.148113
0.265463
0.162051
0.173055
0.328956
0.358559
0.218763
0.154662
0.321896
0.264690
0.440530
0.307090
0.173617
0.255770
0.281879
0.328903
0.250598
0.350512
0.216516
0.269638
0.259467
0.160086
0.212066
0.290179
0.340188
0.136762
0.483334
0.155892
0.263619
0.216351
0.289455
0.417532
0.306876
0.469194
0.171285
0.183548
0.247659
0.273984
0.229254
0.224723
0.272406
0.392822
0.152861
0.230184
0.144319
0.591334
0.749888
1.594983
0.412653
0.360440
0.372141
0.219978
0.163251
0.375447
0.263701
0.154141
0.407698
0.157584
0.308220
0.201123
0.234173
0.254966
0.167247
0.128311
0.129733
0.331080
0.335810
0.198076
0.160393
0.115284
0.326460
0.163019
0.456499
0.162179
0.126445
0.251644
0.151326
0.155065
0.158559
0.180459
0.306162
0.184540
0.569324
0.138723
0.249248
0.167419
0.259318
0.148030
0.356885
0.306422
0.416786
0.287713
0.299303
0.122371
0.220760
0.120888
0.359630
0.223906
0.210081
0.309449
0.214368
0.358081
0.240687
0.378107
0.513169
0.203693
0.513318
0.146334
0.251056
0.120337
0.307035
0.327710
0.330070
0.165758
0.313978
0.284588
0.148664
0.344287
0.200473
0.318532
0.144850
0.292757
0.302826
0.173180
0.478257
0.160494
0.290564
0.189334
0.185438
0.470916
0.139174
0.491553
0.304148
0.262060
0.118549
0.176290
0.463376
0.126441
0.303807
0.263328
0.230397
0.355169
0.223797
0.148546
0.223430
0.188583
0.599079
0.518234
0.461069
0.148291
0.455862
0.416257
0.280486
0.168615
0.240148
0.286136
0.348549
0.179994
0.138043
0.436343
0.222400
0.185231
0.114658
0.303618
0.140179
0.389786
0.207959
0.245537
0.110411
0.228008
0.227636
0.266616
0.442233
0.465099
0.055124
0.540557
0.286082
1.749757
0.295637
0.501984
0.421693
0.240742
0.200201
0.151921
0.468520
0.263806
0.159179
0.182249
0.403803
0.209210
0.174778
0.125310
0.334162
0.291465
0.421537
0.159188
0.236383
0.486844
0.284971
0.269527
0.160461
0.207821
0.303076
0.250588
0.115780
0.119069
0.268583
0.301253
0.136798
0.130128
0.380857
0.091498
0.148767
0.287529
0.242585
0.235146
0.438478
0.201689
0.178259
0.432801
0.289205
0.209661
0.261418
0.357191
0.157130
0.226244
0.167493
0.174757
0.297072
0.555906
0.108979
0.998095
0.416190
0.828562
0.198236
0.323789
0.194112
0.242459
0.184203
0.230322
0.240770
0.328672
0.283359
0.187730
0.195022
0.395688
0.306556
0.405250
0.226314
0.173222
0.406245
0.140075
0.418587
0.190253
0.401087
0.218820
0.334513
0.163135
0.328276
0.179642
0.189150
0.134703
0.130039
0.338158
0.196719
0.285564
0.520685
0.225553
0.386270
0.228791
0.348822
0.272881
0.432040
0.173348
0.185118
0.178244
0.168291
0.342508
0.413304
0.255224
0.194573
0.402815
0.187003
0.191051
0.203992
0.292012
0.375103
0.147500
0.365206
0.242169
0.414924
0.085146
0.263865
0.204949
0.276242
0.162641
0.291525
0.186809
0.246548
0.314272
0.155600
0.273566
0.420808
0.325880
0.618835
0.164735
0.176769
0.496195
0.212367
0.193924
0.334041
0.255043
0.249205
0.285272
0.098206
0.378762
0.299583
0.383945
0.174854
0.307411
0.523408
0.080365
0.206134
0.264044
0.206017
0.314696
0.299537
0.260048
0.154763
0.302993
0.153188
0.299241
0.131976
0.356290
0.323539
0.193586
0.391303
0.202170
0.353351
0.195747
0.123981
0.272525
0.192920
0.368215
0.250688
0.306100
0.135275
0.176172
0.259021
0.275117
0.332476
0.197351
0.197022
0.197254
0.284531
0.179375
0.232094
0.301310
0.391758
0.253633
0.274760
0.245129
0.431310
0.105355
0.689291
0.110771
0.918927
0.153688
1.148168
0.322867
0.233061
0.229806
0.163820
0.221344
0.288037
0.393015
0.215650
0.234326
0.249035
0.194968
0.282690
0.229866
0.257554
0.421103
0.203021
0.135700
0.311475
0.209537
0.280080
0.546433
0.175334
0.528731
0.147431
0.298318
0.364966
0.347105
0.129497
0.211966
0.389476
0.093943
0.334979
0.287276
0.229974
0.309512
0.192066
0.154833
0.214491
0.147486
0.156232
0.158875
0.237307
0.191507
0.525418
0.194892
0.651421
0.196989
0.122244
0.301608
0.615540
0.152691
0.437556
0.287856
0.230728
0.241046
0.171923
0.213699
0.205961
0.188175
0.218387
0.365795
0.394746
0.206282
0.289817
0.222719
0.212860
0.563078
0.261845
0.398490
0.201787
0.269271
0.119171
0.418671
0.242240
0.269489
0.298692
0.341184
0.188215
0.167144
0.248302
0.222071
0.435607
0.091645
0.247739
0.233568
0.699852
0.098678
0.412158
0.131242
0.391448
0.144503
0.300533
0.201477
0.211665
0.182978
0.239563
0.230615
0.261834
0.205300
0.238238
0.191707
0.195544
0.124383
0.186085
0.476287
0.244025
0.384733
0.216034
0.422429
0.460108
0.127433
0.291843
0.244973
0.138089
0.190008
0.247957
0.323147
0.466780
0.299496
0.457574
0.197804
0.265909
0.137935
0.125089
0.282441
0.111196
0.270240
0.269230
0.181791
0.159510
0.286377
0.117417
0.333341
0.196024
0.349021
0.380837
0.399337
0.259547
0.303139
0.538663
0.129575
0.390342
0.221555
0.612928
0.126051
0.318291
0.186571
0.436226
0.187158
0.196639
0.236455
0.264488
0.283249
0.340424
0.206786
0.344978
0.668660
0.170680
0.293687
0.517896
0.093511
0.263281
0.338972
0.197199
0.331444
0.230716
0.243665
0.206933
0.410092
0.143029
0.785325
0.312702
0.154663
0.316490
0.140331
0.263566
0.236045
0.145756
0.221793
0.239613
0.124862
0.224578
0.290769
0.151291
0.341140
0.177954
0.256087
0.451708
0.231577
0.272467
0.169657
0.365506
0.314283
0.251007
0.178903
0.248097
0.305115
0.357562
0.204417
0.097730
0.450466
0.154078
0.284068
0.268313
0.314091
0.447886
0.248853
0.195942
0.213900
0.252529
0.259981
0.168964
0.227840
0.183791
0.389721
0.305616
0.440707
0.314967
0.112887
0.363392
0.153109
0.382600
0.263099
0.294563
0.187750
0.391069
0.288303
0.314697
0.374422
0.088797
0.342263
0.126075
0.185612
0.165910
0.167459
0.225011
0.174216
0.440792
0.444838
0.574371
0.143500
0.313254
0.272248
0.295370
0.243132
0.268289
0.171178
0.240611
0.194842
0.262699
0.168264
0.273377
0.168073
0.324100
0.229094
0.238504
0.106975
0.206524
0.275879
0.303780
0.243980
0.168182
0.286128
0.083362
0.435713
0.499527
0.456344
0.191486
0.289400
0.265803
0.283606
0.080037
0.358839
0.126604
0.333174
0.198177
0.761562
0.209032
0.186017
0.313506
0.389255
0.125871
0.431977
0.248596
0.472654
0.190368
0.745723
2.202921
0.566925
0.182375
0.310876
0.399076
0.222090
0.428042
0.339579
0.400891
0.325273
0.335874
0.240122
0.246957
0.298789
0.143496
0.165354
0.374279
0.181778
0.238739
0.250357
0.281783
0.187997
0.272540
0.100608
0.276601
0.147519
0.277734
0.184095
0.236087
0.371643
0.286285
0.227476
0.288514
0.182596
0.383278
0.244941
0.151019
0.124983
0.434607
0.154936
0.519379
0.126900
0.206433
0.194296
0.220422
0.108510
0.321304
0.176345
1.312617
0.444563
0.235427
0.316307
0.207640
0.175904
0.317642
0.257336
0.249956
0.184545
0.324598
0.193378
0.342308
0.389585
0.203360
0.274741
0.401301
0.163588
0.346709
0.293255
0.213919
0.219450
0.212726
0.245471
0.430777
0.240982
0.274239
0.341572
0.192172
0.281237
0.214491
0.229068
0.184645
0.258215
0.239646
0.204501
0.372082
0.167198
0.506466
0.202419
0.257327
0.110949
0.259136
0.258507
0.250953
0.348757
0.458416
0.446160
0.358238
0.294489
0.275223
0.218490
0.349955
0.191267
0.128398
0.071735
0.142407
0.296406
0.216832
0.154798
0.396642
0.199225
0.231991
0.131643
0.312522
0.347817
0.441573
0.122684
0.562070
0.181648
0.355623
0.124498
0.245159
0.256743
0.250588
0.104437
0.397653
0.180303
0.308024
0.218913
0.194716
0.366642
0.290870
0.281894
0.240459
0.850736
0.222875
0.499740
0.315550
0.303985
0.238421
0.281238
0.159534
0.302297
0.323168
0.185997
0.228421
0.283727
0.134330
0.210553
0.202872
0.365500
0.106473
0.244312
0.373151
0.328159
0.321601
0.226403
0.304490
0.122230
0.306083
0.098352
0.334234
0.429274
0.322295
0.313987
0.391250
0.335011
0.164273
0.368265
0.210432
0.296098
0.164100
0.336424
0.147510
0.287505
0.180420
0.154249
0.284442
0.199512
0.290333
0.325196
0.601873
0.155417
0.217354
0.260974
0.136901
0.258142
0.194491
0.278226
0.154227
0.174323
0.271897
0.287118
0.307891
1.163021
0.570746
0.261313
0.260899
0.099657
0.371766
0.283834
0.250476
0.286505
0.182250
0.402204
0.077767
0.414857
0.161331
0.235750
0.303757
0.376989
0.251925
0.154833
0.278428
0.150526
0.271681
0.408548
0.336464
0.196065
0.477736
0.127467
0.312756
0.192057
0.198436
0.175603
0.287932
0.526186
0.131981
0.177708
0.094454
0.230647
0.202548
0.384224
0.338331
0.284381
0.297660
0.150191
0.337222
0.140581
0.235434
0.293699
0.190889
0.394399
0.193088
0.194382
0.299545
0.100718
0.196427
0.383711
0.389420
0.249007
0.201763
0.382840
0.318608
0.147117
0.522681
0.478245
0.345096
0.147920
0.162229
0.294284
0.468560
0.693693
0.242973
0.225423
0.297656
0.463615
0.484743
0.168457
0.134412
0.327251
0.207637
0.324489
0.106157
0.220103
0.280063
0.259211
0.287453
0.447633
0.243937
0.147628
0.320968
0.283138
0.204942
0.143628
0.113768
0.264019
0.193673
0.442785
0.162510
0.448505
0.159928
0.442181
0.313669
0.294060
0.154442
0.305704
0.184827
0.237906
0.169918
0.180773
0.149902
0.180166
0.281100
0.235391
0.355847
0.293089
0.253242
0.574266
0.532850
0.325622
0.328725
0.184854
0.205571
0.365388
0.187755
0.244750
0.146968
0.724907
0.387701
0.130427
0.162743
0.184024
0.295704
0.236624
0.202253
0.525539
0.115910
0.216640
0.230531
0.398556
0.279473
0.156742
0.195587
0.103965
0.203706
0.182272
0.263958
0.247042
0.158597
0.311525
0.204830
0.588702
0.204154
0.110010
0.285234
0.477245
0.347688
0.191394
0.241411
0.267713
0.104763
0.310730
0.306609
0.191575
0.528550
0.253507
0.158063
0.304931
0.494836
0.275591
0.365437
0.189884
0.170375
0.900814
0.068498
0.377769
0.218398
0.342709
0.152591
0.299007
0.241127
0.219007
0.179882
0.129591
0.351546
0.153090
0.282004
0.235694
0.254463
0.251631
0.275219
0.101360
0.226235
0.242940
0.325760
0.401692
0.131808
0.293722
0.284574
0.109823
0.314981
0.099248
0.537045
0.193382
0.408406
0.154151
0.150882
0.180681
0.213535
0.220539
0.295705
0.309343
0.307325
0.318831
0.240983
0.358407
0.336803
0.256426
0.421259
0.076044
0.402429
0.641036
0.145812
0.215704
0.242098
0.354283
0.190367
0.116825
0.231643
0.229577
0.297345
0.715676
0.285150
0.140182
0.210813
0.250445
0.217649
0.260986
0.291606
0.266815
0.189522
0.222812
0.146075
0.404113
0.143166
0.169821
0.239105
0.200782
0.168757
0.373440
0.230278
0.296029
0.175761
0.277231
0.219656
0.355899
0.156041
0.270819
0.409286
0.370453
0.160907
0.195856
0.105705
0.286063
0.151433
0.473122
0.283145
0.259483
0.256907
0.302977
0.307859
0.215593
0.148355
0.192123
0.084949
0.522593
0.188708
0.152222
0.123629
0.353453
0.229670
0.129395
0.291258
0.223648
0.168003
0.323056
0.170161
0.327474
0.366401
0.204611
0.609366
0.190744
0.482537
0.202333
0.365878
0.406699
0.255098
0.186675
0.241647
0.282161
0.282051
0.205455
0.382136
0.338110
0.257644
0.211426
0.280443
0.249103
0.307650
0.407377
0.231412
0.209870
0.184508
0.251956
0.292768
0.125267
0.155003
0.162000
0.233318
0.172148
0.264509
0.216579
0.113400
0.431625
0.125210
0.460472
0.271917
0.457804
0.460521
0.308172
0.155649
0.423907
0.149491
0.338643
0.379710
0.261253
0.234288
0.110683
0.366097
0.146013
0.120526
0.234849
0.276657
0.266028
0.130683
0.209042
0.345475
0.266099
0.075609
0.174034
0.283945
0.564528
0.301567
0.184870
0.433926
0.216340
0.157178
0.226340
0.462476
0.338841
0.412497
0.397556
0.303332
0.283168
0.273704
0.547629
2.137348
0.663180
0.378555
0.284473
0.154558
0.189705
0.315507
0.178077
0.247474
0.364099
0.276358
0.227715
0.255656
0.203260
0.114819
0.243593
0.140457
0.233767
0.140960
0.352149
0.179907
0.345680
0.360023
0.309343
0.164774
0.358425
0.105016
0.272728
0.244278
0.256698
0.266414
0.390533
0.274071
0.208386
0.356370
0.366342
0.266773
0.168488
0.285600
0.182136
0.177681
0.337272
0.420203
0.112584
0.347010
0.271072
0.309513
0.181837
0.227934
0.233006
0.289184
0.451578
0.146797
0.333152
0.293439
0.176914
0.330151
0.154123
0.215581
0.281995
0.237281
0.480706
0.210243
0.514353
0.155010
0.189428
0.360067
0.331388
0.238427
0.356025
0.822352
0.253860
0.552079
0.267939
0.195846
0.265018
0.172463
0.163578
0.107676
0.282526
0.314276
0.229721
0.158683
0.299688
0.145344
0.158772
0.208875
0.174542
0.268526
0.331117
0.156494
0.258745
0.201329
0.272092
0.169450
0.570356
0.154649
0.225704
0.363031
0.275344
0.349800
0.294089
0.341671
0.259975
0.130187
0.342936
0.256091
0.139887
0.190309
0.176721
0.377253
0.159377
0.369254
0.269666
0.156496
0.149646
0.361347
0.193690
0.281947
0.358244
0.458557
0.161347
0.237152
0.196842
0.127579
0.353502
0.242625
0.343744
0.217027
0.284843
0.177635
0.140493
0.194403
0.271349
0.292664
0.492642
0.187523
0.127429
0.455033
0.270516
0.302971
0.169288
0.465923
0.272383
0.437652
0.180700
0.224053
0.281107
0.279140
0.239037
0.198832
0.269718
0.318248
0.289430
0.211844
0.169923
0.175133
0.258882
0.199378
0.173855
0.301458
0.272106
0.190038
0.209890
0.312774
0.269202
0.307751
0.383352
0.178836
0.660931
0.198462
0.244161
0.172120
0.392582
0.365979
0.473828
0.231464
0.193505
0.152629
0.354870
0.175592
0.178206
0.208838
0.239333
0.142863
0.148583
0.297072
0.202012
0.526551
0.244155
0.208254
0.256841
0.109878
0.568493
0.301883
0.728558
0.425089
0.387335
0.185057
0.242657
0.134686
0.255655
0.280970
0.259966
0.276136
0.166573
0.186122
0.157008
0.276193
0.242551
0.327017
0.277290
0.178714
0.112817
0.231698
0.247791
0.097372
0.310560
0.404974
0.237689
0.280354
0.301035
0.268903
0.374192
0.235505
0.317542
0.192097
0.329073
0.142816
0.188288
0.308160
0.456915
0.311912
0.165646
0.263035
0.183457
0.095066
0.302894
0.176663
0.498666
0.125195
0.235582
0.365014
0.197640
0.327069
0.252493
0.349530
0.303620
0.254150
0.108005
0.145424
0.207632
0.341975
0.257214
0.376194
0.260607
0.248048
0.234944
0.235021
0.125327
0.390370
0.163619
0.383835
0.379163
0.162267
0.406650
0.253923
0.531890
0.101296
1.071548
0.179769
1.286097
0.412432
0.344984
0.294882
0.153243
0.438395
0.218498
0.256055
0.120152
0.246642
0.127431
0.361190
0.195931
0.299792
0.269369
0.140666
0.285456
0.301787
0.341721
0.394313
0.218615
0.297156
0.294047
0.184431
0.243589
0.266181
0.309560
0.254979
0.300916
0.113325
0.219967
0.251275
0.389219
0.324189
0.158649
0.250116
0.265377
0.136477
0.177674
0.401543
0.201360
0.243494
0.168576
0.329817
0.152612
0.365389
0.198165
0.204102
0.111361
0.295939
0.357190
0.298205
0.452093
0.219466
0.370651
0.240447
0.434708
0.266797
0.327184
0.220224
0.292194
0.223226
0.138021
0.190052
0.358769
0.109941
0.351026
0.349274
0.363337
0.191477
0.414310
0.216760
0.176046
0.198051
0.233721
0.286633
0.314948
0.442502
0.146211
0.333312
0.249921
0.211647
0.261155
0.149178
0.363924
0.211779
0.260221
0.184390
0.113984
0.308658
0.202831
0.194451
0.351292
0.165089
0.485420
0.605628
0.259198
0.793101
0.086351
0.344259
0.180334
0.219677
0.246423
0.299479
0.243140
0.245784
0.294523
0.339083
0.170718
0.258793
0.218425
0.434830
0.207561
0.274641
0.298704
0.288442
0.272730
0.276775
0.268052
0.116954
0.503294
0.247551
0.381775
0.103026
0.288857
0.271085
0.277142
0.259309
0.276420
0.172429
0.451897
0.241672
0.350665
0.136852
0.333556
0.153096
0.155378
0.389985
0.223299
0.239648
0.379044
0.165346
0.350505
0.154207
0.126741
0.292392
0.468700
0.159557
0.201887
0.191383
0.233504
0.234061
0.293152
0.487820
0.269767
0.341481
0.224399
0.250690
0.180753
0.297872
0.199188
0.173166
0.281198
0.368479
0.203875
0.235607
0.125723
0.179967
0.097890
0.363659
0.655427
0.088830
0.678642
0.312686
0.385715
0.334340
0.398336
0.087854
0.192428
0.162940
0.284252
0.557542
0.283730
0.290980
0.129923
0.349364
0.332071
0.278609
0.182359
0.350789
0.469372
0.087151
0.341397
0.283395
0.221962
0.359540
0.177479
0.203670
0.157736
0.171798
0.324048
0.181448
0.167892
0.355574
0.225137
0.326511
0.200547
0.337122
0.116947
0.115720
0.244632
0.275606
0.220219
0.237616
0.188086
0.439628
0.351124
0.259171
0.299061
0.145303
0.442587
0.168674
0.281993
0.418200
0.191507
0.291396
0.214350
0.383208
0.200992
0.375511
0.252585
0.135859
0.283414
0.473832
0.143186
0.320496
0.592704
0.854120
0.156316
0.216410
0.177036
0.105960
0.125935
0.134515
0.239853
0.214380
0.213191
0.307534
0.113304
0.243986
0.352255
0.363248
0.298427
0.145012
0.363223
0.251499
0.234501
0.106360
0.337373
0.160006
0.124572
0.466736
0.210670
0.274970
0.209646
0.223254
0.321979
0.383245
0.283746
0.168294
0.279439
0.204395
0.094800
0.279661
0.450197
0.197808
0.183172
0.193601
0.261856
0.290355
0.211498
0.276297
0.090782
0.320743
0.223637
0.259319
0.254281
0.249526
0.235049
0.330614
0.074417
0.117987
0.269300
0.265991
0.128930
0.471166
0.124757
0.364836
0.446416
0.152634
0.658361
2.730296
0.365837
0.314235
0.222143
0.633397
0.224757
0.177635
0.108044
0.224308
0.225316
0.405472
0.228829
0.259262
0.301772
0.172073
0.133012
0.200903
0.298410
0.375781
0.174272
0.166082
0.147774
0.176618
0.260990
0.338429
0.328119
0.280832
0.668636
0.290723
0.304600
0.405366
0.223464
0.149642
0.292039
0.216983
0.298254
0.178845
0.120703
0.217842
0.257255
0.216478
0.354891
0.298444
0.212828
0.236713
0.194278
0.191661
0.148145
0.312391
0.277165
0.195017
0.350226
0.468544
0.392683
0.192096
0.277259
0.150909
0.200199
0.190898
0.258775
0.108176
0.098874
0.201610
0.416334
0.337010
0.227296
0.253084
0.367744
1.437718
0.375929
0.254346
0.174081
0.341102
0.323681
0.280533
0.354140
0.200215
0.164181
0.304898
0.203724
0.339420
0.173978
0.438702
0.350086
0.272687
0.073926
0.311697
0.114748
0.185938
0.380416
0.362148
0.279920
0.397331
0.260142
0.200356
0.239365
0.142352
0.280763
0.287692
0.125117
0.413711
0.197209
0.266802
0.202424
0.253885
0.285712
0.196181
0.231861
0.214019
0.411826
0.506972
0.155691
0.284890
0.172211
0.299814
0.206722
0.277834
0.466968
0.129562
0.266617
0.179407
0.268589
0.355182
0.151530
0.224926
0.333669
0.245557
0.308972
0.126107
0.620517
0.109690
0.351143
0.212029
0.122427
0.430045
0.247917
0.224527
0.200927
0.292082
0.343648
0.112089
0.319512
0.415531
0.448714
0.271438
0.181171
0.203722
0.213292
0.179776
0.195379
0.159547
0.259653
0.219746
0.168700
0.403597
0.246617
0.288412
0.350353
0.286308
0.210984
0.052716
0.140208
0.299166
0.206929
0.148692
0.341793
0.163398
0.262870
0.157146
0.212912
0.268269
0.379114
0.157062
0.299104
0.258226
0.132754
0.235083
0.425257
0.360623
0.303882
0.158845
0.269080
0.180971
0.211602
0.269646
0.114343
0.211460
0.531417
0.158107
0.213212
0.226261
0.267013
0.383918
0.252082
0.302233
0.307921
0.153324
0.279626
0.263055
0.313558
0.219146
0.260936
0.515761
0.304717
0.110702
0.264701
0.268909
0.134231
0.101721
0.356424
0.135806
0.224407
0.126509
0.354665
0.203285
0.427477
0.319737
0.461409
0.358956
0.179780
0.291873
0.203512
0.336923
0.138453
0.196226
0.409154
0.296638
0.297069
0.195378
0.090979
0.199868
0.246184
0.113478
0.204536
0.299512
0.219071
0.302333
0.112252
0.185426
0.180390
0.228796
0.429909
0.163432
0.403828
0.214073
0.219422
0.355529
0.191448
0.200345
0.222909
0.342318
0.362471
0.121731
0.226137
0.391535
0.154422
0.224398
0.160554
0.116318
0.281658
0.099336
0.426826
0.150303
0.306991
0.197359
0.143628
0.283430
0.246460
0.242056
0.359699
0.309838
0.262295
0.394072
0.456368
0.123401
0.558760
0.347925
0.313536
0.173061
0.200304
0.326999
0.610378
0.150360
0.467351
0.188672
0.922942
0.200587
0.317668
0.188643
0.206241
0.287685
0.214844
0.157572
0.119784
0.477800
0.179405
0.279879
0.245633
0.305668
0.281998
0.448237
0.140509
0.337961
0.398092
0.162398
0.314798
0.171926
0.293129
0.120562
0.205076
0.182415
0.284701
0.234081
0.317785
0.220555
0.388697
0.274829
0.279716
0.096048
0.258842
0.266221
0.303422
0.201461
0.149632
0.300284
0.260032
0.283463
0.123385
0.174702
0.231404
0.233570
0.364317
0.231198
0.246491
0.213530
0.464366
0.396219
0.459493
0.321155
0.267850
0.129840
0.149751
0.301557
0.252972
0.268449
0.147569
0.309207
0.210023
0.392105
0.220282
0.421966
0.156594
0.452761
0.232472
0.647810
0.158967
0.551937
0.223403
0.445133
0.215022
0.168215
0.320852
0.207791
0.321856
0.247092
0.505618
0.271731
0.151423
0.211252
0.170493
0.107527
0.227836
0.244687
0.200121
0.273430
0.195927
0.170794
0.205526
0.092975
0.292180
0.232967
0.105229
0.602956
