2.519722
2.411356
2.202909
2.073514
2.078723
1.994318
1.892137
2.006021
1.936580
1.930968
2.050221
1.935987
1.848040
1.897415
1.967983
1.928426
2.075345
1.927757
1.937583
2.045078
1.828113
1.874673
1.883591
2.033582
1.966446
1.954677
1.819981
1.909328
1.877800
1.733547
1.862917
1.781395
1.800500
1.731030
1.839654
1.792938
1.822013
2.036439
1.855502
1.941309
1.784822
1.667406
1.869844
1.941116
1.736751
1.701028
1.745039
1.661043
1.860705
1.916570
1.852468
1.797855
1.965340
1.800614
1.776942
1.785342
1.715371
1.927747
1.743947
2.066712
1.892345
1.774145
1.868481
1.850085
1.717999
1.703770
1.790106
1.695570
1.817080
1.800220
1.910712
1.723372
1.721561
1.748037
1.745518
1.735594
1.682845
1.778909
1.716390
1.721617
1.841517
1.718726
1.832018
1.671992
1.867389
1.803138
1.632672
1.642799
1.701792
1.816864
1.806976
1.722820
1.937348
1.868591
1.628744
1.801529
1.752225
2.020726
1.797350
1.857737
1.908604
1.840513
1.634207
1.894830
1.952358
2.042039
1.979149
1.876379
1.658733
1.774062
1.976535
1.719056
1.654645
1.830913
1.693794
1.879962
1.654374
1.687175
1.685720
1.818079
1.732024
1.867926
1.703897
1.707048
1.850722
1.952441
1.702401
1.834084
1.886767
2.168485
2.134560
1.890946
1.919756
1.787117
1.785362
1.703062
1.856811
1.809623
1.654720
1.899549
1.703657
1.783538
2.008678
1.865243
1.818789
1.781771
1.807525
1.834360
1.876692
1.608974
1.676094
1.787595
1.774269
1.849149
1.942106
1.987667
1.860591
1.716799
1.781476
1.775537
1.766374
1.812801
1.729579
1.744951
1.843798
1.731913
1.800796
1.754363
1.706757
1.725629
1.900002
1.735519
1.934830
1.710937
1.781536
1.719850
1.840312
1.947784
1.827970
2.040708
1.704275
1.690527
1.935075
1.877105
1.848590
1.835418
1.753139
1.915600
1.905724
1.742478
1.683975
1.811573
1.821762
1.649602
1.757298
1.832441
1.741029
1.646721
1.843532
1.758376
2.106061
1.891133
1.807435
1.953963
1.737504
1.882041
1.796411
1.902362
1.936240
1.856786
1.681340
1.833057
1.686550
1.696138
1.951226
1.968981
1.737967
1.944945
1.731591
1.901844
2.024075
1.508962
1.643822
1.858532
1.846068
1.822735
1.871098
1.785889
1.926096
1.653891
1.664948
1.761768
1.916925
1.704187
1.922351
1.863024
1.742024
1.988217
1.801056
1.720860
1.787984
1.769403
1.915271
1.818730
1.694258
1.936407
1.710457
1.852945
1.876970
1.811323
1.679975
1.793955
1.622586
1.817796
1.835581
2.084543
1.842741
1.698183
1.760643
2.014550
1.756604
1.760630
1.945224
1.712720
1.698200
1.867216
1.872395
1.885648
1.796066
1.826028
1.688827
1.791102
1.959392
1.862886
1.860192
1.764889
1.724869
1.774820
1.733903
1.715715
1.736742
1.872746
1.878691
1.912858
1.950145
1.802751
1.957952
2.053308
1.922083
1.923013
1.879350
1.884040
1.638337
1.729334
1.636367
1.776207
1.845677
2.008231
1.748058
1.648307
1.784561
1.675358
1.894899
2.046895
1.783868
2.019410
1.886647
1.845396
1.829730
1.757497
1.637367
2.007583
1.798912
1.937527
1.759773
1.920537
1.654607
1.834859
1.806323
1.779271
1.818836
1.948641
1.615830
1.640167
1.818811
2.307735
1.739260
1.964255
1.734091
1.882142
1.772086
1.741110
1.924393
1.851698
1.954790
1.766959
1.807285
1.657273
1.848709
1.817167
1.735624
1.780766
1.814015
1.772978
1.792632
1.716424
1.877631
1.906211
1.767952
1.792285
1.792212
1.750241
1.699266
2.013075
2.043015
1.915751
2.006115
1.854063
1.750158
1.770643
1.779418
1.875512
1.814587
1.918829
1.785736
1.947724
2.035814
1.966017
1.755100
1.816697
1.782085
1.812209
1.776479
1.733218
1.692310
1.769894
1.802585
1.821970
1.611823
1.660698
1.902597
1.597725
1.998967
1.983158
1.789829
1.888361
1.589003
1.787481
1.777468
1.751842
1.918657
1.582467
1.912759
2.052763
1.899781
1.632931
1.677995
1.765145
1.938593
1.780050
1.760791
1.922878
1.457176
1.887368
1.750254
1.847682
1.957996
1.889202
2.036469
1.785306
1.744523
1.880036
1.637345
1.774053
1.850453
2.026952
1.699731
1.611243
1.866504
1.959844
1.694847
1.749545
1.740699
1.825119
1.614908
1.960000
1.829958
1.657811
1.728364
1.662203
1.635425
1.895065
2.185595
1.986296
1.926741
1.919118
1.936737
1.689409
1.795236
1.765704
1.741029
1.869232
2.020244
1.804989
1.980313
1.784069
2.121449
1.735442
1.932229
1.925939
1.916355
1.813762
1.830389
1.706547
1.934008
1.770781
1.912431
2.108407
1.928589
1.797485
1.630970
1.773541
1.976382
1.851764
1.696022
1.670821
1.676011
1.863398
1.874261
1.735446
1.865490
1.726143
1.770766
2.015527
1.985461
1.858662
1.874808
1.711071
1.709810
1.947502
1.969152
1.781859
1.943573
1.911556
1.796894
2.054743
1.806462
1.841032
1.878532
1.862412
1.896647
1.898803
1.730003
1.763473
1.679241
1.785414
1.810407
2.120663
1.957345
2.031329
2.023977
1.736328
1.859084
1.794325
1.804471
1.980361
1.773743
1.795780
1.768769
1.671054
1.804930
1.945872
1.729210
1.801547
2.074702
1.871198
2.048727
1.855404
1.722422
1.785393
1.951441
2.022281
1.789157
1.733163
1.674995
1.861857
1.665852
1.883089
1.711004
1.751450
1.747807
1.690547
1.972290
1.667006
1.648422
1.826485
1.960576
1.830846
1.653822
1.882450
1.858530
1.934261
2.049160
1.918854
2.028712
1.929317
1.678651
1.779650
2.004756
1.947612
1.740211
1.710983
2.010848
1.735536
1.754686
1.921017
1.652218
1.869172
1.963918
1.822784
1.856690
1.750443
1.635006
1.918796
1.714163
1.725575
1.863935
1.836179
2.041129
1.849554
1.928501
2.142385
1.946960
1.940474
1.902985
1.745758
1.823828
1.962741
1.717623
1.772064
1.844524
1.802892
2.018006
1.825112
1.756999
2.094346
1.759260
1.596641
1.678786
1.875727
1.642578
1.708231
1.747206
1.950497
1.830052
1.980297
2.031736
1.849991
2.118678
1.791432
1.853028
1.654488
1.725675
2.065558
1.843895
1.771201
1.735796
1.921973
1.817827
1.927392
2.110932
1.902540
1.697185
1.906952
1.886964
2.078136
2.025177
1.635892
1.876079
2.090193
1.832200
1.800547
1.838378
1.816930
1.664486
1.862882
1.718266
1.793992
1.916460
1.705128
1.943603
1.952056
1.888010
1.789069
1.846276
1.773669
1.652762
1.793238
2.084471
2.184902
1.717551
1.855677
1.818833
2.068359
1.961551
2.212532
1.598223
1.987183
1.720366
1.781799
2.010561
1.872729
2.057750
1.913569
1.759398
1.754261
1.822982
1.783122
1.892649
1.702726
1.824489
2.081177
1.781070
2.046536
1.734470
1.982647
1.891689
1.877920
1.823962
1.935791
1.881163
1.681857
1.825209
1.797243
1.699811
1.760811
1.834784
1.904065
1.734576
1.878684
1.918233
1.821633
1.981737
2.156837
2.064733
1.914992
1.825055
1.910491
1.861793
1.797969
1.719493
1.986820
1.913704
1.882077
1.647588
1.979379
1.866019
1.914681
1.954760
1.724525
1.916196
1.839709
1.887575
1.852641
1.653658
1.615385
1.774869
1.663496
1.672311
1.876081
1.769211
1.842095
1.757689
1.686362
1.950110
1.689114
2.051607
1.686688
2.000400
1.706214
1.683659
2.130858
1.962817
1.701870
2.395761
1.870259
1.888747
1.959139
1.793139
1.843847
1.981536
1.763633
1.990644
1.912236
1.683563
1.777403
1.775108
1.865022
1.863991
1.892053
1.858661
2.044066
1.808552
2.101082
1.865092
2.102430
1.633557
2.020037
1.966950
1.726342
2.043328
1.751099
1.884899
1.857514
1.904619
1.630965
2.043531
1.859451
1.814329
1.695777
1.908664
2.252510
1.896474
1.700393
2.016613
1.755409
1.628319
1.846929
1.851015
2.102372
1.698195
2.060742
1.785371
1.820366
1.980713
1.906338
2.043133
1.850906
1.957435
1.581866
1.743613
1.881359
2.073549
2.012815
1.938600
1.764179
1.826023
2.030684
1.966010
1.723999
1.755712
1.744177
2.016958
1.937079
1.677894
1.848331
1.886312
1.717722
1.981463
1.586304
1.858238
1.713656
1.646565
2.185183
1.815014
1.677671
1.847288
1.871268
2.208131
1.872191
1.759378
1.769527
1.688392
1.687289
2.198240
1.970324
1.931998
1.946236
1.981232
1.762358
1.760452
1.916039
1.944147
1.684315
1.832388
1.859886
1.838781
1.681798
1.867896
1.951391
2.150921
1.690714
1.758379
1.727799
1.966034
1.955021
1.656377
1.928724
1.803167
2.041963
2.040505
1.688544
1.587077
1.657081
1.899143
1.873500
1.778649
1.695088
1.760116
2.172428
1.795061
1.714751
1.984586
2.051929
1.901991
1.837541
2.016859
1.721202
1.938711
1.718121
2.246366
1.759859
1.838268
2.135320
1.890897
1.861909
1.815541
1.969684
1.725230
1.729721
1.885992
1.892915
1.607473
1.839737
1.924745
1.841844
1.834310
1.757767
1.706518
1.840468
1.689266
2.010698
1.781040
1.815776
1.901809
1.734831
1.773487
2.205588
1.740903
1.783463
1.747628
1.708342
1.859263
2.173759
1.990520
2.080940
1.623411
1.679060
1.718583
2.124069
1.873194
1.752408
1.880878
1.713745
2.060067
2.036543
1.814311
1.724151
1.782936
1.914690
1.980414
2.210306
1.807739
1.666217
1.885965
1.713421
1.994885
2.005352
2.054657
1.911495
1.774643
1.703256
1.683632
1.916828
2.042151
1.755480
1.726088
1.870395
1.731457
1.941460
1.733040
2.091623
1.828670
1.803345
1.911961
1.936328
1.605033
1.990430
1.827990
2.020725
1.688658
1.876646
1.947689
1.770400
1.835100
1.741297
1.911437
1.707558
2.136438
2.062176
1.841128
1.748854
1.731857
2.395337
1.828814
1.769461
1.733539
1.945440
1.856269
1.884400
1.867693
2.029604
1.864981
1.686064
1.790075
1.889710
1.849598
1.866335
1.925541
2.112980
1.855209
1.872265
1.683784
1.832008
1.947911
1.753854
1.632596
1.750958
2.058125
1.803461
1.872862
1.768725
1.848500
1.684874
1.774956
1.713381
1.779617
1.981490
1.705393
1.777557
2.213469
1.922382
1.818820
1.792914
1.829580
1.966360
1.781329
1.775796
1.738825
2.360189
1.840257
2.011226
1.938960
1.737299
1.783087
1.715984
2.025693
1.890408
1.941868
1.973175
1.835353
1.888225
1.794096
1.734896
2.064106
1.709910
1.671813
2.116914
1.781403
1.787519
2.101306
1.746857
1.805736
1.957799
1.806832
1.543328
1.908110
2.049576
1.674491
1.966017
1.808640
1.798583
2.113981
1.792702
1.785560
2.145136
1.693652
1.675916
1.932427
1.805710
1.704155
1.718162
1.908359
1.871803
1.872807
2.126379
1.816594
1.787882
1.835728
1.943429
1.951532
1.815583
1.649663
1.647385
1.860706
1.727990
1.958950
1.828931
1.661290
1.855054
1.752643
1.790308
1.948007
2.103216
1.646626
1.882262
1.719796
1.891782
2.033037
2.024647
1.790967
1.844014
2.114259
1.978801
1.925998
1.933078
1.862274
1.893627
2.188013
1.844585
1.913756
1.788304
1.895294
1.729316
1.992937
1.821482
1.836354
1.837221
1.853380
1.858269
1.880664
1.826819
2.009432
1.810729
1.780626
1.695917
2.152216
1.639408
1.654247
1.801624
1.651971
1.882590
1.964530
1.861274
1.972641
1.938583
1.991642
1.953019
1.834764
1.666882
1.860171
1.903668
1.724880
1.807610
1.889734
1.714886
1.715192
1.884009
1.965331
1.653675
1.808424
1.920040
2.007248
1.961929
2.093107
2.002076
1.904179
1.814008
1.772687
1.861783
1.876303
1.945914
1.709388
1.946780
1.729608
1.756385
1.713086
1.874188
1.888504
1.897096
1.703289
1.634863
1.902111
1.703006
1.603546
1.821071
1.767942
2.077536
1.610769
1.850288
2.192322
1.830379
1.667133
1.828170
1.930626
2.013538
1.874183
1.730088
2.015316
1.661684
1.998965
1.858916
1.837179
1.955797
1.756094
1.827749
1.781326
2.022506
1.905789
1.856927
1.808080
1.864474
2.048031
1.831940
1.874869
2.077126
1.687067
1.820205
1.915933
1.762285
2.050945
2.016616
1.666282
1.974727
1.886607
1.728462
2.072997
1.884340
1.808304
1.899081
1.772665
1.866406
1.727707
1.791967
1.693528
1.792212
1.869772
2.002431
1.891669
1.906444
2.093991
1.957662
2.043174
1.753435
1.852549
1.710588
1.763265
1.964035
1.916738
2.016870
1.977603
2.039286
1.936179
1.891758
1.595875
1.766731
1.819937
1.939360
1.742060
1.682130
1.761819
2.011264
1.817779
1.897771
1.873453
1.792832
1.644812
1.884489
1.756250
1.904824
1.909837
1.751440
1.722983
1.887274
2.071362
2.104183
2.045368
1.872215
1.788055
1.880109
1.626883
1.709045
1.707560
1.805623
1.856501
1.868001
1.797161
1.825454
1.675419
2.067728
1.728852
1.931568
1.968044
1.864697
1.779909
1.710405
2.086851
1.833200
1.782921
2.042756
1.877072
1.977227
1.826508
1.995924
1.693780
1.845697
1.760193
2.098180
1.873598
1.758685
1.854287
1.888416
2.034743
1.789783
1.770542
1.851463
1.760562
1.898233
1.654838
2.146641
1.911295
1.787659
1.783514
1.664891
1.932317
1.816332
1.985537
1.868504
1.729077
1.822759
2.022584
1.986729
1.598425
1.890109
1.731567
1.830963
1.906030
2.075846
1.861853
1.888561
1.744483
1.780187
1.815144
1.674983
1.976142
1.798786
1.725387
1.871064
1.855100
1.643354
1.818359
1.679831
1.990967
2.043998
1.848106
2.006108
1.817171
1.890260
2.065802
1.902308
2.121237
1.856213
1.976066
1.872126
1.877499
1.868513
1.930820
1.882818
1.808720
1.758687
1.940500
1.816025
1.656854
2.181997
1.940286
1.918574
1.912720
1.938271
1.878816
2.022666
1.710266
1.862389
1.786417
2.015329
2.324900
1.747148
1.938157
1.829532
1.901546
1.901058
2.053912
1.991112
1.851730
1.694872
2.003561
1.646874
1.981658
1.687157
1.919357
1.844667
2.074625
1.649208
1.728532
1.772942
2.137551
1.788924
1.772584
1.796746
1.844075
1.599542
1.910283
1.954037
1.846693
1.992498
1.881160
1.790998
1.742079
1.827173
1.888016
2.076841
1.728687
1.783894
2.029281
1.998189
1.849439
2.016997
2.058810
1.624726
1.856733
1.927472
1.940191
1.874902
1.843700
1.950000
1.971267
1.867544
2.021746
1.782825
1.980550
1.962822
1.762863
1.735942
1.699814
2.179113
1.903065
1.946772
1.870958
1.868948
2.011697
1.828673
2.011421
2.157479
1.807434
1.863562
1.774426
1.839599
1.837167
2.040566
1.758654
1.599245
1.880426
1.816038
1.832492
1.952917
2.002311
1.788352
2.177609
1.888750
1.972606
1.768741
1.855084
1.849317
1.961464
1.860708
1.851265
1.888478
1.837425
1.811164
1.826135
1.723846
1.824780
1.730725
1.602787
1.862383
1.914171
1.837688
2.199859
1.656059
1.627528
1.940817
2.029846
1.833771
1.851477
1.709509
1.933756
1.944541
1.772441
1.604256
2.070096
2.062748
1.914477
1.830818
1.738216
1.729557
1.854667
1.761737
1.931321
1.783399
1.940517
1.892990
1.538824
1.888691
1.808245
2.117202
1.947623
1.861879
1.931910
2.114560
1.961833
1.685250
1.972362
1.723348
1.948892
1.862260
1.721650
1.863751
1.839012
1.849517
1.978170
1.834251
1.922013
1.801821
1.711501
1.841543
1.958514
1.924762
2.018853
1.884065
1.878516
1.714451
1.846058
1.740564
1.843025
1.893941
1.697475
1.724034
1.910404
1.911804
1.697966
1.891817
1.871775
1.833449
1.854941
2.017236
2.025343
1.773583
1.865199
2.105443
1.716482
1.655409
1.789791
2.202336
1.860822
1.769247
1.874519
1.717397
1.968209
1.927921
2.207510
1.902867
1.558961
2.194822
1.896611
1.768918
1.989525
1.868762
1.702301
1.935911
1.994607
2.009693
1.697536
1.634986
1.797181
1.783335
2.100705
1.918787
1.945260
1.801711
2.076020
1.981879
1.859755
1.851933
1.818450
1.856899
1.651590
1.936383
1.726015
1.847699
1.875506
1.834189
1.637205
1.810256
1.914243
1.973228
1.886738
1.896236
1.947906
1.794913
1.918466
2.246103
1.697872
2.134422
1.924948
1.777215
1.790127
1.823877
1.853617
1.908802
2.019095
1.836259
1.787592
1.704433
1.861939
2.412311
1.946319
2.014380
1.823564
1.823100
1.772624
2.132828
1.826471
2.134387
1.935870
1.840052
2.004344
1.926398
1.918307
1.832289
1.928668
1.571969
1.830634
1.742783
1.886460
1.941178
2.028473
2.123048
1.997575
1.787338
1.910480
1.852112
1.797747
1.961868
2.145963
1.633221
1.982634
1.771773
1.737990
1.996455
1.778854
1.724100
1.746257
1.896307
1.792893
2.039296
1.835033
2.026583
1.929866
1.845692
1.849494
1.791157
1.947663
1.893172
1.671608
2.275545
1.816808
1.984727
1.853845
1.905416
1.816717
2.007121
1.785900
1.841802
1.709443
1.774622
1.844870
1.717657
2.054728
1.920927
1.635998
1.739796
1.726355
1.721541
1.976561
1.942781
2.020006
1.742819
1.630806
1.878306
1.602740
1.694468
1.868775
1.882469
1.828130
1.884902
1.971366
1.976532
1.876330
1.713666
1.820401
2.022282
1.922142
1.889605
1.864256
2.141156
2.091579
1.756863
1.680097
2.019109
2.181627
2.129214
1.914033
1.813734
1.765367
1.881930
1.887013
1.630489
1.873155
1.939495
2.058092
1.652730
1.708206
1.775693
1.750366
1.710114
1.779144
1.941987
1.914529
1.730857
1.746358
1.664124
2.012063
1.991065
1.886237
1.969432
1.991438
1.712865
1.722953
1.749280
1.832437
1.945188
1.747830
1.871850
2.323046
1.689816
2.055830
2.153310
1.868631
1.962934
1.815427
1.944425
2.180122
1.786532
1.725572
2.001164
1.770024
1.923921
1.897911
2.142802
1.907676
1.734155
1.655735
1.732695
1.616355
1.897588
1.849548
1.970887
2.043276
1.588790
1.787577
1.830558
1.627733
1.867827
1.908751
1.960444
1.838558
1.737609
1.791040
1.917128
1.686723
1.680586
1.927178
2.010831
1.540938
1.787135
1.825533
1.791732
2.024269
1.889480
1.827720
1.950618
1.878834
1.921553
1.845588
1.828216
2.062454
1.706778
1.937858
1.875274
1.761970
1.894361
1.851686
1.639449
1.762322
1.749377
1.808852
1.783123
1.764334
1.993448
1.602796
1.730033
2.026254
1.790734
1.766038
1.824018
2.036130
2.106002
1.856081
1.882052
1.896378
2.004070
1.790162
1.963579
1.887337
1.748665
1.921352
2.002529
1.845652
1.724625
1.987267
1.962842
1.959834
1.810449
1.976017
1.975427
1.796180
1.689663
1.983947
1.905430
1.931831
1.797333
1.946968
1.822734
1.932377
1.632743
1.973214
1.820676
1.994671
2.041036
1.888539
1.943338
1.910115
1.753660
1.925781
1.939093
2.165481
1.632299
2.020245
1.797436
1.806094
1.764904
1.736106
1.616788
1.950138
1.902100
1.826719
2.109548
1.807028
1.964309
1.756615
1.972066
2.047233
1.868776
1.737992
1.741482
1.796362
1.673003
1.865493
1.886487
1.708815
1.816957
1.998394
1.686202
2.039392
2.002942
1.748749
1.720939
1.882558
2.027172
1.798682
1.770389
1.970097
2.122740
1.748919
1.850582
1.723683
2.182833
2.048848
1.857571
1.680707
1.752430
1.889820
1.711137
1.820719
1.678968
1.719853
1.877856
1.858108
1.851465
2.151071
1.797514
1.846789
1.792968
2.006357
1.810686
1.793455
1.648822
1.732094
2.011677
2.016201
1.924245
1.989777
1.790335
1.981738
1.781553
1.775152
1.842719
1.734081
1.980366
1.824966
1.977456
1.696182
1.819159
2.092549
1.910088
1.657399
1.882106
1.730659
1.687632
2.146264
1.696042
1.932179
2.040466
1.873487
2.030472
2.028602
1.791889
1.897485
1.632088
1.732025
1.992566
2.140683
1.758013
1.683006
1.618477
1.835509
1.809538
1.947072
1.761218
1.915654
2.051937
2.151947
2.274796
2.062211
1.856359
1.602820
1.806401
1.982513
1.768112
1.739820
1.839979
1.715063
1.846938
1.860656
1.872949
1.725490
1.705442
1.657294
2.041183
1.890047
1.763168
1.821256
1.810848
1.853242
2.089267
2.029860
1.796676
2.164317
1.963445
1.704827
1.841923
1.948149
1.871158
2.057439
1.847496
1.768162
1.611215
1.801213
2.153788
1.940099
1.887350
1.785328
2.118123
2.084328
1.632694
1.815971
1.839960
1.679256
1.772815
1.700487
2.020931
1.796096
2.103985
1.947374
2.003971
1.863137
1.810449
1.921212
1.766234
1.887278
1.830459
1.843214
1.876097
1.731844
1.893887
1.838480
2.080191
1.677907
1.769479
1.879035
1.816041
1.892591
2.055660
1.744590
1.828701
1.942865
1.962322
1.792441
1.977983
1.909051
2.210199
1.908244
1.829013
1.917414
1.646993
1.915103
1.849423
2.042786
1.903774
2.113357
2.007212
1.660527
1.780330
1.832257
1.683924
1.830121
1.857675
2.000394
1.936471
1.621999
1.950501
1.758122
2.025137
1.974344
1.904371
1.786787
1.979966
1.941290
1.957371
1.905926
1.893216
1.915644
1.935038
1.835665
1.764060
1.993719
1.833478
1.851356
1.777955
2.145077
1.907117
1.711005
1.777364
1.871878
1.655474
1.766040
1.806643
1.759538
1.933170
1.629240
1.825066
1.850194
1.698550
2.043441
1.807879
1.784158
2.188346
1.805066
1.796054
2.050522
1.906546
2.254621
1.756787
1.858087
2.317703
1.704144
2.036677
1.831140
2.191049
2.331113
1.732099
1.746157
1.853003
1.756233
1.942202
1.896689
1.916558
1.630484
1.716589
1.893349
1.575825
1.748914
1.782549
1.955632
1.721057
1.649805
2.047759
1.869577
1.881901
1.889371
1.750072
1.808843
1.913038
2.172067
1.904610
1.872913
1.841999
1.762280
2.029402
1.978731
1.894734
1.705763
1.884526
1.770641
1.930173
1.794467
1.615018
2.077503
1.896475
1.906511
1.764086
1.830436
1.881214
1.644387
1.896488
1.905226
1.988394
1.952097
1.681407
1.735871
1.951935
1.703335
2.045015
1.899821
2.081006
1.805275
1.805326
1.636738
1.747690
1.821079
1.819450
1.844014
1.793776
1.970571
1.961385
1.898878
1.852021
1.907406
1.885464
1.755491
1.672772
1.769009
1.927273
1.997910
1.748402
1.911106
1.991679
1.946621
2.120705
1.924682
1.611468
1.808634
1.952035
1.795860
1.994331
1.787204
1.975754
2.025817
1.777358
1.734563
2.303658
2.027290
2.049898
1.797006
1.818501
1.877934
1.934047
1.802052
1.837020
1.889079
2.117676
1.790593
1.776279
1.961643
2.017610
1.773810
1.952380
1.811044
1.627565
1.844590
1.834224
1.964471
1.835302
2.028545
1.793531
1.807918
1.836070
1.784823
1.719745
1.823699
1.915342
1.902709
1.791512
1.916457
1.751810
1.932458
1.845152
1.695788
1.778744
1.732244
1.830702
1.694246
2.037230
1.800453
1.915508
1.867946
2.157936
1.938208
2.014419
1.847989
1.936803
1.821628
1.878243
2.070996
1.958776
1.751626
2.280952
1.847341
1.929813
1.795270
1.868219
1.853600
1.723367
1.957219
1.793661
1.962662
1.861278
1.775174
1.806607
1.820812
2.194803
1.868611
2.020988
1.831000
1.854046
1.913435
1.783471
1.893204
1.721864
1.871220
1.691575
1.842386
1.903065
1.838681
1.942615
1.954543
1.861161
1.843583
2.043313
1.872482
2.022564
1.735180
1.803185
1.679824
1.926860
1.852251
1.986405
1.469533
1.835586
2.170645
2.109026
1.693429
1.828644
1.783051
1.972464
2.046005
2.140429
1.727630
2.095048
2.045758
1.849574
1.837991
1.758842
1.935742
1.630186
1.869849
1.887080
1.918346
2.126382
1.919608
1.797111
1.797418
1.847486
1.754097
1.935204
1.859959
1.859928
1.808460
1.755865
2.121697
1.944671
1.728948
1.820821
2.040389
1.815552
1.735112
1.641731
2.023202
1.814956
1.921276
1.830733
1.843407
1.962850
1.988556
2.038499
1.976555
1.602214
1.894462
1.906080
1.736891
1.896670
2.160360
1.754480
1.863835
2.009990
1.897376
1.991071
2.126314
1.748057
1.824046
1.894540
1.805289
1.793462
2.011945
1.888852
1.939252
1.857635
1.782190
1.831900
1.877890
1.738882
1.833316
1.619343
1.966243
1.713735
1.717991
1.548075
1.835907
1.915970
1.785645
2.029944
1.911628
2.000858
1.916315
1.715144
1.824640
1.694872
2.077718
1.771497
1.875360
1.948424
1.823885
1.700050
1.689956
1.816952
1.847666
1.598571
2.026143
1.793209
1.724530
1.810315
1.816374
1.768677
2.038170
1.746137
1.748841
1.903858
1.805897
2.177139
1.763725
1.986126
2.041610
2.028521
1.916871
2.011212
1.812476
1.926486
2.043093
1.919810
2.011645
1.765589
2.024760
1.699799
2.242289
1.901370
1.692344
1.965601
2.038914
1.851999
1.999563
1.742590
1.721846
1.692926
1.813370
2.124746
1.859359
2.031929
1.815480
1.711251
1.858956
1.831738
1.663597
1.704662
1.886243
1.952229
1.801504
2.138575
1.820243
1.889992
1.860062
1.709728
1.811453
1.932068
1.991102
2.100823
1.827813
1.765560
1.787469
1.805594
2.098191
1.693500
1.745420
1.848942
1.814461
1.684684
1.914532
1.884537
2.002556
1.733469
2.116187
2.173785
2.203794
1.726472
1.860220
1.872210
1.846281
2.089277
2.104007
2.139904
1.876786
1.929626
1.815597
1.785464
1.805924
1.975402
1.765451
2.041580
1.985107
1.826846
2.203361
1.969040
1.791617
1.621875
1.713950
1.694887
1.718436
2.099715
1.524682
1.773547
1.691091
1.767319
1.692259
2.059443
2.101566
1.998303
1.930430
1.702019
1.888870
1.541076
1.910681
2.069618
1.879639
1.950320
1.726221
1.956452
1.885417
1.865165
2.050632
1.916042
1.899064
1.743805
1.918290
1.868795
1.835970
2.296132
1.569112
2.140333
1.698655
1.701353
1.650091
1.901481
1.567850
2.043668
1.866613
1.737980
1.710927
1.910599
2.001834
1.644475
1.707611
1.949290
1.895622
1.884754
1.755481
2.060736
1.857933
1.744805
1.847573
1.828667
1.811498
1.721498
1.752358
1.755238
1.902048
1.680992
1.868438
1.755183
1.848081
1.945274
1.913068
2.218234
1.820011
1.942839
1.831371
2.144987
1.706812
1.680796
1.698880
1.953372
1.722259
1.498090
1.695680
1.847969
1.763717
1.893030
2.231447
2.083252
1.795168
1.988144
1.799978
1.701448
2.282198
1.971102
1.975034
1.826663
1.970982
1.632491
2.116632
1.823599
1.674727
1.706735
1.834575
2.078107
2.091726
1.888793
1.798425
1.674635
1.741625
1.767599
1.864449
1.884749
1.763073
1.920974
1.992471
1.787486
1.855407
1.880598
2.078001
1.787083
1.867601
1.834484
1.932233
1.755913
1.660095
1.735335
1.897370
1.955468
2.042780
1.787524
2.157916
1.978608
1.890095
2.179940
2.072219
2.022103
1.653456
1.770376
1.919851
1.919240
1.950305
2.023812
1.810987
1.755762
1.922344
1.776457
2.213874
1.731834
1.804488
1.688909
1.802111
2.064704
1.667655
1.765926
1.775195
1.958127
2.001923
1.803231
1.795283
1.837582
1.783131
1.801811
1.819260
1.795278
1.788241
2.058269
1.969515
1.717515
1.791219
2.157218
1.753589
1.969059
2.046707
1.828519
1.759153
1.760906
1.752052
1.979897
1.597251
1.896428
1.878126
1.846234
1.763284
1.629516
1.740182
1.845311
1.865052
1.838957
1.616983
1.600454
1.940058
1.834701
1.756482
1.863373
1.866879
1.855709
2.213887
2.131104
1.770724
1.883022
1.948061
2.125784
2.024105
1.865947
2.022688
1.984743
1.765334
1.842696
1.939937
1.937750
1.627106
1.763191
1.697526
1.926359
1.788111
1.996535
2.090447
1.780312
1.916869
1.889914
2.131358
2.037023
1.837002
1.816351
2.028987
1.691531
1.760956
1.946992
2.020493
1.810810
1.916483
1.884935
1.694784
1.594905
1.674111
1.868134
2.251121
2.048425
2.046629
1.987826
1.803398
1.826743
1.951638
1.956083
1.809524
1.727921
2.255647
1.666408
2.025650
1.902076
1.856893
2.101698
1.753203
1.767316
1.710756
1.737260
1.839433
2.001006
1.901426
1.819620
1.874905
1.790365
2.109500
1.780507
1.751341
1.849195
2.099539
1.716039
1.808898
2.085445
2.021124
1.940789
1.732234
1.732177
1.832637
1.766462
2.007403
2.162567
1.856125
1.846411
1.801586
1.962103
1.812220
1.649264
2.309159
1.905668
1.811722
1.823906
1.860887
1.581939
1.597839
1.894630
1.842110
1.652490
1.951073
1.886721
2.107102
1.793350
2.053174
1.882561
1.768225
1.877176
1.848488
1.799259
1.783707
1.883273
2.029364
2.044615
1.900914
1.910575
1.827231
1.882772
1.823262
1.881960
1.813534
1.983128
1.872540
1.810115
1.814100
1.796840
1.692224
1.782665
1.739034
1.924413
1.624974
2.056988
1.924727
1.868311
2.174478
2.042094
1.908328
1.841487
2.003857
1.610127
2.037434
1.715597
1.874996
1.843367
1.954137
1.837406
2.096661
1.963600
1.951740
1.747749
1.965416
1.781029
1.824561
1.695035
1.903092
2.018530
2.032048
1.806131
1.807523
1.801618
1.688849
1.657861
1.702020
2.016610
1.823281
1.979629
1.995704
1.850659
1.677111
1.760506
1.938786
2.086221
2.011543
1.787831
1.864076
1.990574
1.734363
1.809252
1.995952
1.894397
2.005519
1.936492
2.104983
1.986066
1.884642
1.976861
2.014303
1.744229
1.770996
1.838991
1.954948
1.947348
1.988440
1.630490
1.813102
2.000122
1.807734
1.960603
1.734246
1.682413
1.982141
2.304641
1.942551
1.953242
1.964223
1.738750
1.938963
1.903400
1.780159
1.759026
1.671479
1.881216
2.040862
1.919528
2.003976
1.765018
1.690712
1.689309
1.830020
1.971392
1.620470
2.068969
1.844282
1.913247
1.910966
1.662964
1.908142
1.631661
2.298276
1.881492
1.900138
1.888720
1.968869
1.911988
1.603810
1.910766
1.962334
1.953411
1.796994
2.245201
1.873741
1.540344
1.870967
2.080371
1.797544
1.619104
1.885385
2.193324
1.696121
1.674633
2.001767
1.846124
1.743787
1.973045
1.841827
1.680968
1.949296
1.813289
1.873422
1.667695
1.937595
2.108217
1.870177
2.045199
1.868262
1.658470
2.090729
1.824227
1.872506
1.972882
1.887805
1.775020
1.833577
1.798461
2.109931
1.898719
1.891723
1.749084
1.943809
1.686322
1.887484
2.089433
2.043980
1.764207
1.781784
1.736359
1.841349
1.795139
1.780158
1.825250
1.974015
1.615465
1.989444
1.881520
1.765013
1.620119
1.911836
1.911981
1.907570
1.947630
2.037690
1.806886
1.846328
1.991346
1.766766
1.762080
1.927820
1.767877
1.705811
1.834746
2.017337
2.065607
1.868127
1.871987
1.749566
1.809110
1.905149
1.745599
1.566844
1.837531
2.129674
1.990260
1.955774
1.914780
2.239790
1.924704
1.914508
1.818388
1.913660
1.887705
1.736598
1.989282
1.839239
1.741174
1.830365
1.959203
1.838807
2.039358
2.218264
1.879110
1.911475
1.961453
2.102358
1.962521
1.749766
1.840827
1.710481
2.117927
1.861100
1.768208
1.907450
1.813347
1.943499
1.890361
1.998681
1.610862
1.544430
2.022179
1.676909
1.926508
1.913711
1.999572
2.043074
1.803617
1.899131
1.718822
1.890978
1.659460
1.900088
1.750565
1.960736
1.734617
2.135208
1.648048
1.953632
1.959805
1.957867
2.004610
1.936800
1.910411
1.869861
1.802053
1.858442
1.811775
2.009902
2.119025
1.761408
2.022986
1.965829
1.936740
1.947175
1.911213
2.021559
1.962410
1.786103
1.938037
1.667658
2.182496
1.667080
1.929414
1.730714
1.593311
1.691670
1.924927
1.761208
2.107202
1.862017
1.630466
1.765871
1.926377
2.061984
1.779546
1.645691
1.794817
2.019156
1.786846
1.758429
2.146000
1.949983
2.117474
1.882296
1.804118
2.085583
2.003189
1.942979
1.639039
1.776102
1.820119
1.922374
1.991607
1.899394
2.103511
1.719316
2.319280
1.843816
2.014339
2.301778
1.876275
1.965377
1.979193
1.982086
1.756561
1.986561
1.820480
2.064827
1.783318
1.692659
2.004978
2.070417
1.727642
1.936499
1.795100
1.915875
1.900436
1.706931
1.726529
2.010923
2.089160
1.797997
1.725339
1.642256
1.970868
1.965238
1.577079
2.295788
1.910065
1.771723
1.970290
1.887254
1.980798
1.849829
1.958265
1.796142
2.207422
2.102001
2.002272
1.804335
1.776905
1.996136
1.902119
1.699228
1.573729
1.758434
1.985937
1.787855
1.796062
1.772937
1.814558
1.793678
1.660231
1.953986
2.300304
1.941120
1.983818
1.873334
1.985044
1.715471
1.822378
2.057934
1.814713
2.029868
2.203765
2.032401
1.951717
1.996858
1.908453
1.882910
1.826695
1.862230
1.652758
2.086967
1.771482
1.643266
1.955654
1.761837
1.534104
2.103239
2.025585
2.016742
2.054235
1.864956
1.806378
1.716737
1.800306
1.646626
1.687627
1.980338
1.823468
1.940632
1.822929
1.749907
1.716619
1.789362
1.668099
1.860920
1.704764
2.277856
2.008960
1.869829
2.064769
1.835180
1.859749
1.766907
2.137751
1.748165
2.150262
1.942016
1.741649
2.109743
1.782296
1.770796
1.908192
1.901941
1.761465
1.585745
2.030881
2.022947
1.945370
1.917590
1.846135
1.822585
1.744820
1.996789
1.851332
1.882635
1.892152
1.907466
1.888090
1.887811
1.951613
1.935878
1.793267
1.864128
2.009823
1.901361
1.886498
1.656098
1.696052
1.839678
1.884885
1.749427
1.983138
1.953844
1.606406
1.992977
1.662761
1.865079
1.732692
1.777906
1.761426
1.724087
1.710434
1.998953
1.734878
1.682156
1.886690
1.696660
1.666311
1.833526
1.842868
1.869713
1.888920
2.040932
1.981730
1.814102
1.596721
1.866090
1.803654
1.958052
1.979882
1.825475
2.034415
1.904566
2.023431
1.994240
1.908209
1.845501
1.827029
1.919583
2.185540
1.916092
1.800440
1.876779
1.700783
1.756801
2.165693
1.869735
1.753245
1.839945
1.804469
1.735612
1.896342
1.973651
1.987319
1.911625
1.890902
2.127558
1.655805
1.735319
2.018158
1.882390
1.847792
1.871903
1.933872
2.000937
1.585057
1.897219
1.732447
1.867833
1.837700
1.641862
1.870268
1.900487
1.726016
1.806316
1.823651
1.782488
2.056670
1.750091
1.687016
1.690681
1.830114
1.900704
1.869459
1.704100
1.955958
1.892869
1.898494
1.899814
1.846453
1.741747
1.788440
1.640562
1.890932
1.830781
2.234234
2.061388
1.941213
1.675608
1.758005
2.026502
1.672648
1.922542
1.795184
1.811446
1.952059
1.861178
1.751870
1.877189
1.924300
1.914165
1.764077
1.745163
1.767446
1.687763
2.211423
1.814496
1.820217
1.697676
1.889768
1.807867
1.950555
1.885779
2.145857
1.871228
1.758757
2.121995
1.975364
1.799791
2.105917
1.825877
1.839931
1.966679
1.778615
1.971292
2.086753
1.916068
1.891517
1.920822
1.864235
1.837242
1.711205
1.996167
1.902565
1.798127
1.834568
1.767306
1.765216
1.692699
1.840723
1.790509
1.673757
2.003797
1.959582
2.021456
1.949644
1.953533
2.034783
1.874077
1.769928
1.596280
1.734183
1.858033
1.848615
1.748336
1.724641
1.744327
2.025908
1.862917
1.603922
2.280669
1.733215
1.867667
1.797804
1.731384
1.811184
1.838668
1.684601
2.024485
1.782722
2.061499
1.903018
2.027729
2.009274
1.957598
1.839753
1.588066
2.025582
2.172183
1.746567
1.809209
2.021458
1.824939
1.700062
1.705389
1.862236
1.809852
2.025105
1.635983
1.795845
1.724097
2.181290
1.890420
2.195044
2.034923
1.857948
1.816885
1.751473
1.746573
1.938779
1.934894
2.020256
1.895764
1.699594
1.810529
1.743666
2.116132
1.863970
1.692347
1.828616
1.895709
1.846537
1.838361
1.963939
1.918461
1.646361
1.781007
1.838614
2.070092
1.986886
2.157924
1.736862
1.860092
2.062706
1.979067
1.690412
1.933330
1.659276
1.923048
2.125489
1.907855
1.891412
2.002091
1.594390
1.879247
1.560826
1.988448
1.738870
2.107518
1.733095
1.937745
1.902375
1.963465
1.729182
1.925872
1.826037
1.782119
1.941533
1.887108
1.827977
1.836020
1.854933
1.920889
1.653715
1.810261
1.916439
1.876331
1.927513
1.830434
1.810054
1.742829
1.734050
1.847868
1.844689
2.154250
1.711076
1.939703
1.854985
1.836041
1.778390
1.809225
1.857917
1.763999
1.730602
1.659513
1.876073
1.673304
2.014971
1.965788
2.053545
1.847748
1.879323
1.770477
1.765214
1.801238
1.787777
1.797118
2.102159
1.507079
1.808298
2.135547
1.882708
1.882137
1.769016
1.765474
1.790694
2.097878
1.862807
1.937299
1.850927
1.662324
1.583833
1.741712
1.927401
1.780624
1.959689
1.892578
1.817338
1.842118
1.897300
1.956692
1.833681
1.549080
1.958294
1.792270
1.892938
1.688952
2.070881
2.091777
1.822037
1.940615
2.017596
1.868638
1.902535
1.877198
1.767116
1.966055
1.948986
1.854915
2.000928
1.806490
1.929963
2.032344
1.841244
1.666963
2.203307
1.925131
1.574676
1.603323
1.678642
1.694704
1.841706
1.919254
1.720193
2.259244
1.751037
2.263795
1.915236
2.024942
2.151274
1.851530
1.927275
1.699270
1.883623
2.072585
1.886689
1.725743
1.932463
1.618045
1.890341
1.961191
2.072225
1.734513
1.894804
1.656109
1.926188
1.927989
1.897127
1.751631
1.927496
2.027036
1.666770
1.810101
1.800524
1.851391
1.823142
1.802754
1.925101
1.914280
1.836179
1.892197
1.663919
1.665142
2.084486
1.827215
1.871173
1.764130
1.717486
1.893579
1.948193
1.647401
1.728566
1.754709
1.856587
1.777812
1.872915
1.911961
1.893469
2.098132
1.867302
2.026372
2.090498
1.983324
1.626182
1.792852
1.828308
2.092531
1.820521
1.853049
1.987893
1.900527
1.698942
1.763963
1.715642
1.972891
1.753297
2.142959
1.879880
2.100531
1.760001
1.811536
1.685046
1.852212
1.786851
2.237254
1.888469
1.939690
1.916920
1.903394
1.629570
1.850879
1.845452
1.685365
1.680578
2.079314
1.756721
1.797616
1.809720
2.081698
1.805416
2.043145
2.011729
1.967905
1.804995
1.883032
1.782014
1.924615
1.871816
1.919449
1.857499
1.986779
1.657900
1.778362
1.832761
1.885444
1.898056
2.069621
1.820790
2.085712
1.698585
1.799235
1.909452
1.614926
1.814661
2.282555
1.796319
1.780193
2.287675
1.818786
1.535526
1.808829
1.856435
1.849198
2.053719
1.989386
1.979566
1.619575
1.802830
1.988101
1.715347
1.949331
1.907407
1.931778
2.023338
2.059419
1.859118
1.777617
1.804519
1.686979
1.797474
2.001757
1.788322
1.899890
2.212103
2.097691
1.692565
1.831195
1.768516
1.941308
1.889881
1.736314
1.698680
1.943945
1.658650
2.143017
1.738085
1.895374
1.887863
1.602750
1.833352
1.716805
1.922173
1.813104
2.160250
1.741203
1.763561
1.884130
2.167706
1.971323
1.765439
1.698712
1.860190
1.997186
1.735076
1.761509
1.831298
1.957797
1.698313
2.073195
1.656710
1.680057
1.851923
1.959579
2.221429
1.885119
2.014113
1.811786
1.854158
1.745685
1.896930
1.883270
1.949532
1.652761
1.779893
2.057997
1.954402
1.832865
1.830827
1.805418
1.748835
1.730240
1.897199
1.841666
1.769201
1.886789
1.721999
1.720352
1.904711
1.936720
1.957514
1.784480
2.004594
1.710509
1.725492
1.945322
1.808327
1.993373
1.954329
1.735697
1.907188
2.008507
1.817439
1.858744
1.853112
1.690115
1.662215
1.773685
1.916039
1.689764
1.884591
1.935102
1.846157
1.967554
1.728499
2.085812
2.057089
2.114438
2.142657
1.824458
1.616610
1.940824
1.959602
1.824852
1.928330
1.623976
1.685370
1.701139
1.554848
1.785867
1.949999
1.899736
1.744525
2.094770
1.764436
1.928881
1.934604
1.828209
1.875628
2.115813
1.860493
1.708541
2.008462
2.084371
1.837767
1.870061
1.645566
1.832012
1.629807
2.071939
1.688264
2.092491
1.847367
1.710777
1.895107
2.010453
1.850576
2.045101
1.635384
1.954613
2.145447
1.802582
1.649839
1.962494
2.333485
1.671941
1.766484
2.109959
1.939768
2.055050
1.882318
1.882602
1.600192
1.616512
1.727745
1.735385
1.899855
1.920470
2.038120
1.807259
2.170930
1.503666
1.782444
1.811405
1.803069
1.924599
1.798889
1.875788
1.697037
2.035632
2.457372
1.944453
2.241781
1.951237
1.885106
1.660842
1.761477
2.018313
1.821331
1.955221
1.851364
1.799429
1.885172
1.767351
1.881390
1.923161
1.980785
2.198782
2.079391
1.781515
1.940226
1.921435
1.840416
1.890934
1.757193
1.879445
1.800831
2.103781
1.722358
1.871531
1.850754
1.770916
1.797531
2.149489
2.114305
1.985073
1.716346
2.161849
1.792828
1.957079
1.794608
1.929892
1.710158
1.678883
1.743843
2.063218
1.829831
1.705415
1.712962
1.673554
1.612789
1.636023
1.820507
1.740080
1.746997
1.806252
1.978109
1.964514
1.727509
1.888123
1.638726
1.779679
1.789453
2.110189
1.962092
1.902122
2.024921
1.903138
1.816257
2.152916
1.787097
1.867750
1.927720
1.924107
1.987830
1.870202
1.540722
1.719420
1.746896
1.841860
1.907113
1.980226
2.019112
1.889183
1.884513
1.804330
1.773173
1.890738
1.882529
1.710146
1.701375
1.724605
1.887754
2.007668
1.863370
1.789344
1.957894
1.873339
2.093759
1.743250
1.835483
1.708401
1.965489
1.739847
1.706971
1.617059
1.786122
1.772087
1.868953
1.963702
1.911743
1.814213
1.885606
2.002529
1.702891
1.806761
2.037205
2.313951
1.855785
1.779532
