2.226525
2.236981
2.556606
2.458500
2.210228
2.286132
2.426437
2.298663
3.047263
2.456792
2.570677
2.216669
2.295975
2.759982
2.277491
2.435228
2.153265
2.558503
2.361057
2.492595
2.697896
2.041922
1.939996
1.560175
0.976455
2.496281
1.160776
1.870728
0.901628
2.283022
1.773183
1.796913
0.922250
2.050905
1.522535
1.702136
1.332424
0.807724
2.423522
0.444287
0.427377
1.649788
1.723482
1.264160
1.348295
0.465135
2.526174
0.841866
2.940260
2.035246
0.446513
0.321530
0.615526
1.641267
0.821752
0.730495
3.846337
0.043695
0.144153
1.937743
0.027939
0.250942
0.125305
0.100065
2.035954
0.572541
0.024360
0.088294
0.394898
0.089957
0.951078
1.571244
0.504910
1.012615
0.237990
1.502769
2.196785
0.095700
0.107005
0.053174
3.498183
1.052715
0.476609
0.031442
0.003851
0.011156
0.906237
0.155214
0.682688
0.206224
0.838810
2.506081
2.208513
0.884496
0.315602
0.394190
0.262247
0.092361
0.222896
0.258360
0.512746
0.001614
0.346240
2.549639
0.256846
0.050356
0.075533
1.527715
3.044867
0.115977
4.712752
2.803908
0.970658
0.668428
0.248693
1.948256
0.002521
0.264985
0.332085
0.235920
0.183206
0.000860
0.150085
0.171980
0.309027
0.853623
0.141289
0.469044
0.096750
0.095005
0.316155
0.236102
1.593367
0.513394
0.009815
0.238401
0.077358
0.053647
0.105033
1.939606
0.010646
0.146900
0.069855
0.044630
0.323310
0.905664
0.620830
0.177953
0.051286
3.107673
0.253276
1.126963
1.283311
0.015606
1.311819
0.123164
0.432760
2.837078
0.229824
0.059593
1.022089
0.148767
0.170328
0.612900
0.034095
0.002737
0.915761
0.007327
0.104518
0.025781
0.048465
0.205504
1.150815
0.015122
1.036278
0.003420
2.540276
1.636541
0.047095
1.000887
0.231292
1.209002
0.014314
0.008668
0.507849
0.136441
0.531610
0.127852
0.039827
0.999951
1.364904
0.073937
0.015209
1.109072
6.241840
1.853807
0.460224
0.017067
0.280751
0.007118
1.294176
0.114417
0.103209
0.435191
0.058958
0.003018
0.328476
0.208416
0.010417
0.034222
0.198827
1.895919
3.709814
2.308016
0.059808
1.853899
1.654009
0.309575
0.077029
0.286163
0.189153
0.053377
0.065036
0.049061
0.031146
0.078479
0.526813
0.024179
0.386822
0.119091
1.166634
0.002659
0.090619
0.615368
1.387667
0.981420
0.287163
0.293335
0.091403
0.047119
0.246614
0.000161
1.611906
0.035911
1.637392
0.018728
0.773688
0.535874
0.445082
0.167343
2.936106
0.061797
0.126536
1.370242
0.004868
2.201787
0.036693
0.390771
0.033611
0.029800
2.834749
2.014506
1.765340
0.000247
0.001854
0.001597
0.002710
0.062575
0.201996
1.590926
0.162277
1.598062
0.795785
0.468226
0.046533
1.494124
0.745201
0.005110
0.047759
0.004340
0.076197
0.086466
0.003146
0.013334
0.000273
0.783751
0.049379
0.072713
0.674840
0.245365
0.017900
0.905016
0.094598
0.017929
0.184470
0.104974
0.171682
3.081610
2.681317
0.003716
1.160776
1.370488
0.248426
0.041438
5.271940
0.650764
0.015288
0.151649
0.000259
0.008286
0.850064
1.395721
0.001667
0.001511
0.003833
0.114046
0.831230
0.009267
0.001106
2.575210
0.331340
0.446378
0.010936
0.029865
0.005371
3.144150
0.069445
0.074966
0.009638
0.123732
0.639419
0.936928
0.617570
0.235932
0.015768
0.019970
0.221395
0.004582
0.046639
0.033784
0.220978
0.187395
0.152850
5.546707
1.820838
1.026240
0.199834
0.522175
0.026445
0.208618
0.371442
0.135984
0.042179
0.217253
0.028512
0.163222
0.107869
0.180492
0.121275
1.821003
0.088371
0.158523
0.814931
0.636938
0.020305
0.044160
0.575863
1.136166
0.347870
0.228077
1.240664
0.003450
1.044460
0.297265
1.310439
0.016637
0.125782
1.396902
0.000759
1.333340
0.002988
0.108310
0.010400
2.569054
0.214981
0.616051
0.072016
1.819667
0.105391
1.236738
0.603050
0.428482
1.089549
0.114154
1.801086
0.396503
0.321393
0.179143
0.143217
2.987622
1.072184
0.006602
0.043796
3.025169
0.769876
0.229196
3.376708
0.692862
0.188682
0.003609
0.710319
0.023086
0.420634
0.196389
0.772258
0.125525
0.142905
0.955317
0.001815
0.030260
0.152636
0.001765
0.016639
0.003823
0.352937
1.663238
0.049999
1.873872
0.075971
0.260035
1.136698
0.002992
0.407652
0.100581
0.041492
0.270020
0.145015
1.380219
0.610563
0.391377
0.050877
0.021943
0.030510
0.001053
0.035183
0.492824
0.418476
0.779293
0.033356
0.068994
0.780315
1.665924
0.061595
0.031703
0.030194
0.687034
0.142896
0.113342
0.166171
0.128499
0.124349
1.007505
0.255166
0.110415
0.023263
0.305569
0.033188
1.121828
0.195081
0.117452
2.029433
0.028484
0.129202
0.130773
1.866507
1.464469
0.000682
0.003046
0.760978
0.030196
0.067577
0.189996
0.054074
0.167561
0.050708
0.131944
0.118839
0.003762
0.377742
2.024589
0.014552
0.436069
0.269356
0.004549
4.855271
1.058065
0.179908
0.085717
0.748037
0.064471
0.899267
0.153579
0.059067
0.084169
0.018252
0.024038
0.161578
0.036495
0.126739
0.000466
1.823688
0.179116
0.013268
0.980915
0.008004
0.252790
0.077439
0.006177
0.004316
0.892476
0.342013
0.078736
0.010104
1.661707
4.578853
0.035453
0.050115
0.044027
0.021218
1.586561
0.182105
0.150984
0.004341
0.269919
0.174300
0.170480
0.355935
0.007219
0.058031
0.141488
1.240313
0.009973
0.016120
1.843854
0.403577
0.002438
0.020527
0.053002
0.380414
0.045257
0.004738
0.050879
1.706215
0.013288
0.466838
0.066032
0.612366
0.133730
6.331610
0.211448
0.010022
0.021004
0.224912
0.039091
0.127813
1.095372
0.047001
2.596233
0.000338
0.981776
0.127380
1.115991
0.199035
0.323073
0.866467
0.018795
0.186680
0.060069
1.715679
0.125085
0.018756
0.200956
2.080332
0.053321
0.364918
0.278781
0.310603
0.055596
0.018255
1.611428
0.314721
0.092703
0.018475
0.055480
0.130887
0.281582
0.028971
0.575379
0.283154
0.289392
0.031627
0.032175
0.269585
0.137880
0.021133
0.244430
0.411041
1.487984
0.052006
0.128185
0.003478
0.157934
0.160264
0.907359
2.929909
1.085757
0.826123
0.374328
0.159683
1.784418
0.015801
0.010551
0.761161
0.030518
0.001775
0.172884
0.017206
0.071022
0.717171
0.008304
0.321871
0.704247
0.360901
3.453742
0.233539
1.193629
0.009151
0.375976
0.014160
0.106786
2.125963
1.873667
0.446940
0.299170
0.227389
0.021766
0.008977
0.023403
0.295564
0.003674
0.064125
0.562277
0.196992
0.236136
1.020152
0.460970
1.196168
0.026087
0.022266
0.105442
0.624308
0.034142
2.346991
3.339545
0.057048
0.145011
0.208481
0.375728
0.048505
0.000966
0.089263
0.232078
0.022093
0.042964
1.560797
0.406174
0.002670
0.029095
1.278553
0.337612
2.638826
0.046515
1.604904
0.740167
0.786071
0.305139
0.166090
0.023602
0.468857
0.361375
0.265133
0.677874
0.706554
0.696646
0.032803
0.154708
0.093876
0.597327
0.012715
0.006359
0.288825
0.017564
1.280025
0.038226
0.018517
0.004137
0.063574
2.113592
0.095505
0.018712
3.597970
0.024811
0.080440
0.026319
0.015121
0.430959
0.068798
0.515282
1.638904
0.086235
0.015209
0.131071
0.444603
0.022686
0.025572
0.013338
0.065335
0.220105
0.394865
0.208267
0.091423
0.538961
0.091134
0.009473
0.152260
0.244393
0.011700
0.259113
0.034111
0.163635
0.723248
0.334311
0.887975
0.027763
0.001878
0.122934
0.011327
0.173089
0.135041
0.695681
0.114406
0.021937
0.243985
0.000380
0.134946
2.030354
0.099639
0.058418
0.010135
0.109600
0.574297
0.261584
0.207873
0.384081
0.015793
0.021254
0.008472
0.152313
2.598861
2.575102
0.208615
0.045741
0.089831
0.351233
0.003977
0.459477
0.033312
0.108914
0.711690
0.087839
0.012366
1.431383
0.688322
0.457173
0.172761
1.003514
0.368328
0.029812
0.001739
0.030244
0.003258
0.000675
0.016667
0.106401
0.002452
0.043124
0.029819
0.039128
0.133950
1.770419
