2.317992
2.404644
2.231900
2.226257
2.199993
2.249365
1.682896
1.493385
1.302425
1.592996
1.761986
1.084753
0.872962
0.982067
0.888722
1.021114
0.924442
0.935128
0.954959
1.086332
0.688570
0.615950
0.582090
0.427129
0.494152
0.466803
0.720873
0.563141
0.534411
0.667484
0.605037
0.395499
0.577610
0.566698
0.770862
0.518076
0.450160
0.481150
0.374999
0.314001
0.539275
0.248619
0.160809
0.487579
0.752937
0.609676
0.317263
0.563347
0.438589
0.431758
0.285154
0.374620
0.259128
0.198027
0.294904
0.206577
0.457735
0.338230
0.464452
0.504610
0.374758
0.354736
0.207866
0.234401
0.464276
0.206378
0.324571
0.467964
0.378487
0.167363
0.319270
0.265538
0.350749
0.518206
0.373297
0.073110
0.154506
0.191814
0.635065
0.301882
0.254358
0.171813
0.332499
0.213326
0.148445
0.295450
0.189087
0.424778
0.523697
0.402721
0.079010
0.136925
0.247228
0.314000
0.166099
0.100598
0.310541
0.154672
0.094280
0.226232
0.529984
0.250007
0.433783
0.226165
0.142652
0.114632
0.325998
0.133633
0.293853
0.456499
0.203810
0.142290
0.250926
0.162962
0.435430
0.345501
0.134763
0.238000
0.309280
0.263747
0.108004
0.253877
0.266479
0.053503
0.266988
0.530119
0.082058
0.255202
0.234859
0.387708
0.212253
0.068115
0.127769
0.302391
0.127617
0.227732
0.430972
0.265634
0.448927
0.264162
0.195970
0.063958
0.232727
0.145490
0.302345
0.232254
0.109956
0.091395
0.335578
0.230953
0.196671
0.489130
0.364545
0.132407
0.157656
0.382459
0.150704
0.169489
0.090844
0.095147
0.200247
0.124297
0.133440
0.139970
0.310355
0.332402
0.117177
0.094283
0.324938
0.430100
0.320505
0.183866
0.149937
0.240870
0.314035
0.269411
0.082304
0.163581
0.079545
0.077324
0.129947
0.185673
0.266944
0.494626
0.442662
0.256943
0.196037
0.085477
0.264893
0.396178
0.074623
0.158532
0.252991
0.181479
0.079987
0.066777
0.125201
0.438013
0.248440
0.150954
0.180593
0.051792
0.266669
0.072771
0.079872
0.108313
0.236983
0.209361
0.072095
0.199612
0.098990
0.341389
0.100675
0.149686
0.091828
0.357538
0.206026
0.147900
0.460782
0.147226
0.185270
0.117592
0.110303
0.173112
0.069197
0.230772
0.423003
0.140967
0.172483
0.160635
0.469722
0.210664
0.108836
0.101909
0.105246
0.140968
0.168908
0.387662
0.274157
0.177788
0.344260
0.134222
0.191113
0.169792
0.141524
0.086590
0.422237
0.429048
0.167272
0.247396
0.030374
0.088311
0.071781
0.161791
0.077428
0.308987
0.092364
0.288707
0.294082
0.123708
0.313974
0.075064
0.162223
0.105615
0.373764
0.223301
0.167427
0.370487
0.028036
0.064806
0.206550
0.247367
0.091165
0.354703
0.100109
0.141914
0.023529
0.103810
0.077188
0.162052
0.267333
0.167427
0.130677
0.045311
0.358897
0.134546
0.120944
0.051992
0.144084
0.205392
0.249292
0.140926
0.303057
0.149416
0.138196
0.247620
0.164718
0.058988
0.031537
0.137937
0.056760
0.206840
0.438220
0.059821
0.302299
0.044590
0.061064
0.184581
0.307193
0.430128
0.075584
0.010886
0.122152
0.090450
0.183533
0.185134
0.145345
0.080038
0.079493
0.197100
0.143433
0.077762
0.076524
0.274638
0.198177
0.060266
0.482353
0.296783
0.150241
0.159255
0.143344
0.195202
0.075766
0.129151
0.068801
0.316268
0.268818
0.351768
0.217408
0.283393
0.221411
0.093842
0.019467
0.236602
0.075648
0.129811
0.036150
0.173327
0.063629
0.132383
0.235705
0.207653
0.059483
0.094879
0.082039
0.117558
0.273863
0.278847
0.111503
0.113110
0.124391
0.161631
0.182162
0.137859
0.335179
0.105589
0.284223
0.036038
0.153090
0.209592
0.099477
0.049097
0.064284
0.274939
0.431420
0.135301
0.274465
0.017835
0.379053
0.025602
0.098698
0.090305
0.043620
0.261458
0.113615
0.064440
0.087718
0.219448
0.071412
0.069159
0.079908
0.077817
0.083994
0.056598
0.145804
0.079392
0.204019
0.116202
0.094377
0.344824
0.106122
0.097486
0.067807
0.133147
0.088571
0.125800
0.132737
0.059918
0.126041
0.131782
0.178561
0.160295
0.194918
0.464121
0.138345
0.226217
0.030977
0.181171
0.295081
0.233015
0.182958
0.162672
0.138957
0.071072
0.117846
0.060430
0.058525
0.142131
0.016196
0.152856
0.308860
0.156756
0.039860
0.157644
0.160558
0.288271
0.304678
0.071124
0.441862
0.071710
0.043086
0.271250
0.515101
0.260518
0.065745
0.141829
0.148582
0.257167
0.146552
0.128656
0.112102
0.144795
0.130920
0.072742
0.128017
0.020108
0.038213
0.043678
0.187606
0.060421
0.029755
0.350041
0.359355
0.242866
0.306762
0.082483
0.221941
0.257646
0.165217
0.069924
0.100394
0.251500
0.149944
0.338378
0.058090
0.091882
0.125780
0.197828
0.051814
0.039778
0.161630
0.057926
0.099583
0.246828
0.045597
0.089320
0.148855
0.175633
0.407999
0.216909
0.259745
0.246663
0.224684
0.170767
0.061410
0.092928
0.226134
0.029529
0.144273
0.067685
0.291008
0.045898
0.081806
0.183055
0.230798
0.060718
0.051331
0.133610
0.111474
0.243476
0.053350
0.095294
0.035658
0.064047
0.305402
0.176352
0.164665
0.202839
0.198508
0.143951
0.043006
0.256859
0.402389
0.086256
0.345908
0.073104
0.246109
0.098331
0.085039
0.198333
0.174677
0.079201
0.109075
0.050039
0.079042
0.176629
0.072275
0.043551
0.034442
0.091678
0.270960
0.060783
0.075385
0.155689
0.235593
0.209365
0.142128
0.235190
0.157365
0.069427
0.213130
0.312802
0.244750
0.106385
0.135413
0.048976
0.065660
0.264018
0.106949
0.137624
0.310041
0.190057
0.175916
0.032607
0.135283
0.220335
0.168663
0.079256
0.175800
0.019606
0.069735
0.040264
0.088424
0.138309
0.173178
0.126348
0.179741
0.253280
0.075625
0.084932
0.072362
0.062199
0.257165
0.386229
0.198313
0.229268
0.017185
0.146037
0.105107
0.156453
0.081477
0.151240
0.106973
0.478854
0.055030
0.180629
0.131178
0.125875
0.030331
0.093318
0.187744
0.038053
0.080442
0.110867
0.088405
0.140353
0.059040
0.064776
0.299890
0.114793
0.022124
0.059449
0.286277
0.178414
0.017556
0.125971
0.069978
0.165551
0.016393
0.040145
0.078363
0.167280
0.210259
0.187954
0.085814
0.051020
0.011372
0.238948
0.266358
0.083831
0.182533
0.211379
0.070809
0.039905
0.078166
0.028877
0.095703
0.037805
0.126784
0.114179
0.090604
0.049553
0.084087
0.224586
0.075787
0.040026
0.040203
0.140108
0.378680
0.159855
0.252362
0.031670
0.014727
0.057666
0.023938
0.063592
0.160067
0.060293
0.207770
0.009210
0.087839
0.068783
0.030418
0.194292
0.048851
0.065421
0.030261
0.035821
0.239058
0.158778
0.199173
0.017879
0.070592
0.061143
0.196054
0.054805
0.293718
0.055646
0.252287
0.374903
0.061490
0.107588
0.064791
0.050929
0.114150
0.088710
0.325183
0.058769
0.245262
0.214674
0.121588
0.349275
0.061094
0.039599
0.115172
0.439411
0.171924
0.051143
0.183056
0.040570
0.139812
0.012557
0.037411
0.068045
0.305489
0.199750
0.103083
0.242877
0.067359
0.035949
0.158825
0.051627
0.164796
0.099019
0.021668
0.047246
0.134598
0.063072
0.141797
0.089827
0.205950
0.248132
0.100560
0.063444
0.159037
0.018739
0.278398
0.212845
0.301856
0.054299
0.222403
0.138556
0.039629
0.023050
0.070866
0.204707
0.077115
0.015242
0.190902
0.034376
0.115834
0.032816
0.194276
0.127639
0.208820
0.083143
0.433173
0.110213
0.456300
0.058310
0.160308
0.514071
0.053829
0.061892
0.185217
0.138079
0.120970
0.169192
0.198999
0.051268
0.283678
0.026614
0.197024
0.049503
0.163869
0.053958
0.073068
0.067026
0.085808
0.046334
0.307699
0.247235
0.059117
0.141963
0.024585
0.117300
0.142806
0.126306
0.042820
0.205498
0.020983
0.065241
0.102808
0.359684
0.041820
0.082402
0.044077
0.089181
0.211153
0.358051
0.053118
0.026207
0.095856
0.055925
0.157475
0.057332
0.032781
0.105334
0.238303
0.035189
0.037236
0.073138
0.169823
0.030370
0.169137
0.096411
0.027034
0.093405
0.073395
0.173658
0.325645
0.016459
0.362186
0.037972
0.075039
0.109643
0.224065
0.122431
0.046279
0.014940
0.094753
0.137125
0.026895
0.006690
0.202727
0.019364
0.016679
0.097847
0.077812
0.174468
0.108302
0.319736
0.107429
0.124843
0.034856
0.158155
0.097033
0.097643
0.327089
0.188416
0.017156
0.073336
0.020345
0.143953
0.196317
0.100191
0.095492
0.077575
0.057558
0.108119
0.126263
0.042187
0.112701
0.060792
0.245803
0.144161
0.173946
0.026430
0.028509
0.180321
0.087294
0.025740
0.285619
0.092215
0.060384
0.283844
0.070029
0.104390
0.090506
0.042791
0.200380
0.054257
0.063068
0.136894
0.080649
0.112853
0.252112
0.274520
0.083802
0.140272
0.181262
0.039544
0.077356
0.157182
0.111577
0.022469
0.142369
0.084531
0.148510
0.267684
0.221577
0.167702
0.075433
0.041411
0.117830
0.295406
0.045587
0.166959
0.080757
0.062393
0.031741
0.058678
0.151408
0.023468
0.107324
0.023658
0.029298
0.084070
0.075291
0.056174
0.120285
0.199554
0.114706
0.029338
0.076806
0.099678
0.264565
0.169617
0.028127
0.015210
0.043509
0.079835
0.149148
0.210686
0.225798
0.060970
0.068308
0.292217
0.496013
0.269334
0.064924
0.127699
0.063130
0.047808
0.020956
0.050251
0.038320
0.031024
0.146319
0.418262
0.065120
0.075197
0.293351
0.081385
0.259541
0.043158
0.051893
0.043056
0.119248
0.143106
0.157455
0.051969
0.208565
0.071247
0.071283
0.461419
0.049635
0.044110
0.037428
0.137155
0.068347
0.110588
0.124494
0.086843
0.232144
0.018755
0.106457
0.335117
0.051024
0.048118
0.137565
0.149210
0.072744
0.079618
0.077663
0.143814
0.035497
0.059330
0.030404
0.156540
0.162577
0.128344
0.263776
0.125580
0.104500
0.123419
0.022427
0.112114
0.105728
0.253757
0.050228
0.040280
0.082718
0.028823
0.063932
0.206931
0.034813
0.165994
0.071651
0.153775
0.015858
0.188777
0.113422
0.022391
0.072847
0.056952
0.064147
0.071311
0.046508
0.278660
0.068670
0.154735
0.119043
0.141961
0.076434
0.156845
0.078380
0.051361
0.050975
0.043235
0.027951
0.101945
0.024292
0.107191
0.024506
0.153164
0.332735
0.049019
0.159957
0.134476
0.154667
0.069481
0.118531
0.081677
0.044722
0.098970
0.171475
0.014174
0.071872
0.144408
0.336320
0.077348
0.095605
0.195465
0.203598
0.192319
0.035732
0.186377
0.017165
0.333117
0.033056
0.029697
0.060307
0.065699
0.063054
0.072064
0.201471
0.020300
0.160549
0.150301
0.083409
0.219858
0.046123
0.094373
0.060221
0.061264
0.081333
0.226584
0.103652
0.108991
0.024826
0.018677
0.013386
0.079425
0.156930
0.082048
0.095390
0.177133
0.145626
0.008098
0.084357
0.016082
0.143273
0.430321
0.061175
0.080154
0.058874
0.012792
0.023207
0.131876
0.071612
0.375596
0.058348
0.013760
0.172137
0.031341
0.097593
0.078864
0.020428
0.075761
0.046822
0.016020
0.122813
0.156974
0.411317
0.060643
0.037610
0.044145
0.024789
0.048600
0.150171
0.063827
0.006971
0.029546
0.163700
0.166916
0.021409
0.026168
0.299015
0.084695
0.103128
0.153603
0.233908
0.359475
0.062105
0.248103
0.083482
0.192846
0.134616
0.137799
0.132560
0.079425
0.033895
0.054307
0.012813
0.127301
0.028863
0.108977
0.337215
0.094318
0.039748
0.068009
0.072013
0.164395
0.302072
0.034418
0.104998
0.094738
0.078248
0.047682
0.021953
0.096691
0.053831
0.142425
0.243196
0.102388
0.014737
0.055059
0.127056
0.031387
0.090492
0.075737
0.130277
0.297566
0.096729
0.130243
0.007031
0.273210
0.206882
0.144622
0.088335
0.283453
0.172032
0.034130
0.246473
0.100782
0.027129
0.039949
0.120995
0.048594
0.107179
0.100426
0.136471
0.107291
0.057872
0.073164
0.050148
0.114741
0.196750
0.258525
0.233481
0.053094
0.125825
0.020060
0.102643
0.037533
0.116615
0.032278
0.087923
0.247913
0.128096
0.120743
0.112163
0.056773
0.199951
0.162646
0.175326
0.095604
0.018073
0.128198
0.026942
0.084834
0.156986
0.024513
0.466587
0.026335
0.106427
0.067744
0.006079
0.024038
0.202568
0.107883
0.112292
0.026727
0.030808
0.183424
0.066717
0.107478
0.012055
0.029162
0.016355
0.065792
0.129419
0.065687
0.067526
0.141832
0.051854
0.176544
0.047292
0.023497
0.334750
0.129031
0.050557
0.072775
0.076069
0.027526
0.172613
0.113072
0.131542
0.182437
0.168401
0.240789
0.014998
0.067299
0.095025
0.130816
0.136584
0.093161
0.123548
0.049355
0.079409
0.028393
0.027787
0.286370
0.200029
0.017070
0.205966
0.116746
0.029125
0.200408
0.031175
0.182558
0.207323
0.181040
0.108613
0.233525
0.157937
0.082443
0.073783
0.060033
0.065541
0.015780
0.189815
0.074264
0.189040
0.059092
0.037946
0.082994
0.206118
0.120954
0.066809
0.109494
0.203458
0.043590
0.071903
0.102581
0.015717
0.019903
0.075676
0.027327
0.018504
0.296278
0.075536
0.234495
0.046937
0.010231
0.145636
0.128615
0.037820
0.063689
0.254543
0.030063
0.016535
0.092496
0.048096
0.133126
0.084372
0.034572
0.109910
0.050261
0.087187
0.023227
0.056709
0.069905
0.103524
0.151597
0.314124
0.018333
0.030273
0.111318
0.029452
0.467481
0.147390
0.011674
0.075185
0.116635
0.167750
0.068445
0.129997
0.109005
0.063284
0.125114
0.117017
0.114474
0.145974
0.218498
0.023157
0.113195
0.025814
0.222786
0.302489
0.089560
0.012628
0.034488
0.115245
0.095070
0.152539
0.306025
0.080316
0.080413
0.145969
0.038891
0.109434
0.012112
0.071885
0.101337
0.042592
0.167306
0.041485
0.019002
0.201479
0.063837
0.150459
0.017662
0.135560
0.350833
0.202121
0.012558
0.114973
0.046496
0.090495
0.104082
0.173793
0.039048
0.083070
0.053533
0.162566
0.185267
0.234399
0.016758
0.049114
0.064322
0.111400
0.104854
0.036066
0.027049
0.103695
0.097879
0.058536
0.076902
0.015881
0.010359
0.039069
0.367221
0.055921
0.059699
0.020161
0.034355
0.076190
0.055366
0.234911
0.029511
0.073927
0.072051
0.065848
0.021647
0.070875
0.142050
0.043328
0.126944
0.042097
0.212318
0.103388
0.026304
0.048048
0.014358
0.172103
0.233637
0.084826
0.246879
0.027785
0.049567
0.147490
0.132070
0.039544
0.103609
0.054105
0.196943
0.013089
0.040280
0.128558
0.077915
0.166017
0.092006
0.033719
0.035999
0.122168
0.107652
0.109339
0.081683
0.061155
0.095530
0.217109
0.013102
0.079184
0.072600
0.201563
0.239337
0.078840
0.027239
0.012929
0.085292
0.154715
0.082782
0.008357
0.066790
0.108531
0.095693
0.086275
0.160578
0.102377
0.280742
0.015698
0.004238
0.115399
0.108712
0.059180
0.052494
0.076920
0.046944
0.103080
0.049312
0.020782
0.086270
0.247712
0.047307
0.188398
0.016396
0.293563
0.042611
0.002887
0.047327
0.197535
0.041127
0.092391
0.171714
0.181601
0.085030
0.306298
0.071302
0.077807
0.182206
0.046883
0.057172
0.071669
0.166337
0.035602
0.031650
0.074246
0.088012
0.079624
0.035255
0.032218
0.057851
0.183927
0.089354
0.020740
0.040398
0.194385
0.093917
0.038857
0.093044
0.196655
0.312694
0.134243
0.022584
0.020883
0.049141
0.133330
0.110098
0.242631
0.068675
0.153742
0.040432
0.150707
0.086344
0.188980
0.394095
0.021763
0.093077
0.133086
0.087485
0.157935
0.085195
0.045618
0.154509
0.105079
0.109468
0.120115
0.393870
0.158376
0.065725
0.185181
0.026821
0.063531
0.059926
0.157692
0.208019
0.112782
0.068513
0.049947
0.011200
0.159660
0.042692
0.128981
0.071781
0.174969
0.105628
0.059890
0.019918
0.144090
0.191739
0.009275
0.020438
0.134093
0.038373
0.066169
0.033631
0.048854
0.146016
0.153150
0.205519
0.036213
0.100574
0.024911
0.029195
0.151197
0.084325
0.080834
0.134594
0.237882
0.067001
0.071589
0.039486
0.140353
0.052479
0.035559
0.147785
0.167506
0.016761
0.024438
0.025187
0.083895
0.040939
0.115370
0.091715
0.205824
0.068214
0.049197
0.006965
0.296683
0.037586
0.096722
0.063215
0.124423
0.032756
0.169341
0.020505
0.095305
0.042808
0.039042
0.113656
0.052690
0.021708
0.176185
0.097596
0.048552
0.030250
0.144130
0.093597
0.113527
0.092119
0.110283
0.063485
0.065604
0.195694
0.026906
0.134054
0.188881
0.100500
0.205084
0.027306
0.052749
0.245154
0.050806
0.114853
0.150803
0.042310
0.034018
0.029602
0.105810
0.205491
0.137990
0.047380
0.026803
0.111859
0.044615
0.019801
0.028674
0.065946
0.026553
0.052804
0.230347
0.096171
0.083234
0.164866
0.229046
0.156240
0.054987
0.494307
0.075596
0.009948
0.027397
0.024792
0.180202
0.099293
0.099007
0.177820
0.057896
0.048596
0.095353
0.158433
0.067570
0.269603
0.131691
0.332445
0.030130
0.065015
0.061957
0.040983
0.306221
0.011209
0.091564
0.068162
0.187990
0.076815
0.061227
0.079207
0.018156
0.058908
0.140264
0.070473
0.074301
0.061148
0.039697
0.149559
0.233772
0.261448
0.040933
0.016308
0.061826
0.064446
0.019883
0.014302
0.071254
0.041163
0.052333
0.155602
0.009523
0.058165
0.019621
0.083137
0.119923
0.144540
0.178540
0.022128
0.223317
0.134358
0.090617
0.117161
0.075674
0.015158
0.048744
0.044872
0.069489
0.068149
0.008398
0.238865
0.025927
0.052647
0.116368
0.120223
0.067254
0.140234
0.081754
0.124710
0.370003
0.036040
0.134284
0.080233
0.080303
0.037480
0.111182
0.139846
0.005547
0.133911
0.026151
0.185099
0.057473
0.011667
0.031212
0.032652
0.010700
0.198479
0.114856
0.115198
0.056259
0.043112
0.173655
0.012676
0.090113
0.065992
0.036385
0.159018
0.029609
0.194768
0.088992
0.017244
0.116421
0.217488
0.015329
0.102043
0.027145
0.014141
0.156477
0.205244
0.106391
0.085418
0.193250
0.050820
0.181786
0.071931
0.049519
0.106310
0.058751
0.040029
0.154596
0.129715
0.078630
0.248632
0.048253
0.272473
0.066076
0.006759
0.024125
0.078671
0.087625
0.094178
0.142114
0.150319
0.192669
0.181719
0.014164
0.055576
0.031421
0.070187
0.144052
0.012947
0.053812
0.117020
0.012818
0.063559
0.216166
0.125892
0.141947
0.052297
0.206481
0.094619
0.187938
0.038893
0.066870
0.023440
0.139741
0.146133
0.152443
0.067317
0.068441
0.059189
0.173989
0.046174
0.181269
0.018311
0.064970
0.171036
0.040725
0.405817
0.186377
0.018544
0.041035
0.093699
0.031755
0.054512
0.113114
0.099762
0.028736
0.022865
0.013738
0.047519
0.016534
0.033331
0.029872
0.148462
0.175637
0.106407
0.023198
0.139853
0.229695
0.014770
0.027245
0.049293
0.037096
0.006677
0.018308
0.106674
0.065859
0.012937
0.015170
0.075837
0.219020
0.057293
0.016772
0.171008
0.074949
0.250762
0.011221
0.189477
0.042030
0.176998
0.142284
0.084453
0.175738
0.157748
0.069102
0.093396
0.106482
0.218072
0.020749
0.056320
0.046921
0.071159
0.271060
0.103481
0.115902
0.163026
0.088982
0.077079
0.249348
0.041022
0.103798
0.198137
0.008844
0.133723
0.006173
0.156191
0.217958
0.064752
0.194932
0.018111
0.040287
0.012198
0.110197
0.066218
0.127002
0.125269
0.069696
0.030431
0.078095
0.010901
0.061130
0.018729
0.239330
0.051421
0.177870
0.107908
0.203907
0.069885
0.134168
0.030085
0.036668
0.048763
0.008731
0.101957
0.127672
0.194854
0.014471
0.062558
0.130236
0.211088
0.035745
0.227644
0.011710
0.103885
0.128928
0.033001
0.012313
0.010180
0.077527
0.103402
0.073040
0.014813
0.063098
0.127640
0.010766
0.008008
0.093937
0.032711
0.098100
0.048522
0.031689
0.144838
0.164942
0.151264
0.035422
0.007983
0.138681
0.356384
0.054391
0.013636
0.146764
0.034524
0.050461
0.090632
0.059371
0.136609
0.020866
0.066606
0.193457
0.161589
0.135635
0.025025
0.066388
0.087390
0.099037
0.036244
0.134164
0.049904
0.039721
0.035944
0.065611
0.033917
0.069585
0.055850
0.114876
0.088452
0.046968
0.024116
0.060395
0.084502
0.234798
0.056163
0.100446
0.119130
0.030588
0.029077
0.089725
0.025989
0.148417
0.064613
0.032495
0.121425
0.031520
0.151907
0.268501
0.083355
0.045718
0.201823
0.252250
0.090611
0.055104
0.021746
0.142502
0.014303
0.023213
0.126141
0.069865
0.133534
0.043500
0.013889
0.161385
0.190662
0.008006
0.024632
0.067074
0.031760
0.260059
0.084505
0.041766
0.016089
0.099828
0.235362
0.102192
0.065709
0.006051
0.080903
0.167449
0.171497
0.077187
0.048195
0.023748
0.029252
0.148751
0.036689
0.006070
0.055125
0.071317
0.013143
0.106557
0.164221
0.136912
0.248034
0.032740
0.018407
0.122009
0.252176
0.269824
0.068177
0.060180
0.051003
0.019004
0.190783
0.255765
0.215668
0.040249
0.043578
0.072143
0.035377
0.024415
0.241494
0.152097
0.084490
0.019091
0.026106
0.061456
0.166626
0.088972
0.090040
0.140051
0.205055
0.052856
0.060907
0.048968
0.049679
0.070963
0.030034
0.068468
0.192755
0.117226
0.021109
0.033874
0.107506
0.048650
0.020097
0.050507
0.138017
0.027514
0.376913
0.090162
0.040419
0.053159
0.003374
0.010695
0.026597
0.024743
0.013451
0.195778
0.058576
0.083188
0.011827
0.089222
0.263325
0.222070
0.081561
0.137711
0.358158
0.034740
0.083416
0.215688
0.137276
0.123568
0.003996
0.123324
0.034529
0.089125
0.162800
0.046591
0.086404
0.067032
0.144260
0.230078
0.157565
0.030769
0.083719
0.037735
0.018491
0.053990
0.012785
0.022667
0.152356
0.148696
0.042896
0.048048
0.069431
0.116594
0.244995
0.153622
0.026402
0.012086
0.096189
0.087721
0.007569
0.189765
0.099706
0.113040
0.016203
0.076891
0.059250
0.034119
0.048693
0.051848
0.036591
0.033912
0.022187
0.044663
0.034585
0.088897
0.133711
0.447252
0.028218
0.131835
0.022772
0.071832
0.089353
0.119622
0.037029
0.037802
0.037925
0.110616
0.178749
0.138769
0.063820
0.123073
0.025718
0.046681
0.217463
0.045662
0.134449
0.046146
0.118014
0.024170
0.028094
0.173684
0.187889
0.005503
0.022459
0.098416
0.049126
0.042078
0.013860
0.005523
0.007776
0.037596
0.174916
0.023811
0.022494
0.095854
0.056308
0.014557
0.130506
0.030809
0.051789
0.066295
0.102175
0.086375
0.020512
0.013023
0.168359
0.019908
0.031665
0.050960
0.024462
0.143913
0.368357
0.013682
0.097367
0.097577
0.017943
0.051985
0.082511
0.153434
0.068446
0.012374
0.196868
0.177482
0.029935
0.026367
0.018589
0.119288
0.025013
0.034998
0.038159
0.040613
0.014971
0.272811
0.111475
0.047027
0.050076
0.086132
0.016134
0.026435
0.220315
0.081427
0.089628
0.034330
0.113815
0.022180
0.098409
0.107229
0.099350
0.142125
0.067277
0.080300
0.129587
0.134056
0.060196
0.186616
0.010737
0.078646
0.173355
0.031454
0.090409
0.103141
0.031605
0.017371
0.034239
0.120633
0.042747
0.112257
0.107826
0.230331
0.122664
0.009469
0.027065
0.087780
0.370502
0.145297
0.066210
0.114447
0.070247
0.218546
0.049687
0.026986
0.007557
0.004241
0.061997
0.067557
0.254317
0.482972
0.098842
0.116856
0.080223
0.148671
0.095593
0.067674
0.026536
0.029224
0.007734
0.266108
0.122191
0.113498
0.008048
0.205952
0.056159
0.046942
0.045872
0.172702
0.105253
0.040309
0.028921
0.025360
0.782063
0.066375
0.086127
0.035132
0.140935
0.028525
0.098337
0.013845
0.061479
0.064132
0.050977
0.066214
0.005370
0.038440
0.216660
0.060645
0.516300
0.023947
0.010504
0.069101
0.003548
0.010190
0.060752
0.088489
0.011664
0.025223
0.042199
0.110462
0.049443
0.028064
0.060532
0.046573
0.136620
0.032414
0.030467
0.041399
0.097982
0.078177
0.166441
0.086244
0.093032
0.025196
0.063640
0.044390
0.094183
0.049298
0.044945
0.140527
0.065032
0.009123
0.197065
0.158052
0.113312
0.088131
0.029002
0.051363
0.065386
0.102739
0.083558
0.104002
0.036401
0.205558
0.046707
0.251753
0.169078
0.169396
0.123411
0.098149
0.052874
0.060315
0.113730
0.037546
0.093752
0.118797
0.111363
0.035277
0.028710
0.072247
0.020301
0.023686
0.151735
0.238083
0.167120
0.010974
0.201954
0.074227
0.012539
0.158952
0.053818
0.180127
0.182105
0.055367
0.061845
0.100248
0.009425
0.079832
0.019667
0.120283
0.109118
0.017271
0.123810
0.098127
0.124894
0.088009
0.069632
0.006105
0.006154
0.079715
0.014134
0.025649
0.086111
0.173940
0.082892
0.017486
0.012841
0.050729
0.143263
0.177576
0.162294
0.060898
0.024885
0.119767
0.017174
0.184217
0.063582
0.094921
0.053027
0.048692
0.155083
0.100793
0.067710
0.012971
0.029161
0.066653
0.052406
0.141464
0.175719
0.075337
0.013833
0.069401
0.045442
0.027770
0.018409
0.372273
0.073946
0.076056
0.224964
0.088777
0.010874
0.109080
0.254442
0.014797
0.020976
0.082726
0.228503
0.095961
0.058764
0.024445
0.111486
0.065607
0.018485
0.053435
0.031648
0.071033
0.147089
0.071152
0.036183
0.011978
0.162979
0.092614
0.090802
0.144247
0.141957
0.059136
0.008100
0.035481
0.121037
0.025318
0.070492
0.248360
0.041597
0.051803
0.044928
0.012379
0.013855
0.024400
0.023316
0.006206
0.069085
0.101075
0.119001
0.147672
0.093087
0.220391
0.190794
0.047810
0.085488
0.057998
0.325689
0.067531
0.101891
0.011499
0.034672
0.093229
0.189705
0.069483
0.054767
0.014207
0.143573
0.010347
0.120639
0.084197
0.021611
0.069736
0.022722
0.166569
0.030600
0.069691
0.181136
0.089027
0.079061
0.009766
0.078678
0.014353
0.058799
0.012818
0.010462
0.090983
0.047388
0.054170
0.108741
0.204215
0.001616
0.218574
0.099552
0.086447
0.034236
0.024658
0.070011
0.345940
0.076503
0.038331
0.103229
0.011439
0.101716
0.103775
0.091934
0.097905
0.067240
0.023408
0.008079
0.041432
0.259642
0.203909
0.078399
0.217782
0.208112
0.047040
0.045814
0.007948
0.257503
0.061066
0.026807
0.161713
0.044524
0.014586
0.025023
0.028814
0.077246
0.120252
0.036396
0.047890
0.037528
0.019672
0.045649
0.124586
0.173163
0.174985
0.077724
0.064195
0.083786
0.008739
0.011026
0.125010
0.057200
0.026518
0.110540
0.244939
0.190244
0.079842
0.009734
0.074452
0.135761
0.025538
0.247242
0.006827
0.027947
0.028825
0.148769
0.094276
0.049187
0.404667
0.157153
0.032253
0.011155
0.101090
0.157416
0.063572
0.175442
0.042318
0.025839
0.282207
0.008683
0.033065
0.057171
0.148124
0.047361
0.016992
0.161489
0.047412
0.024760
0.106492
0.042200
0.070536
0.189894
0.010416
0.037780
0.082278
0.125472
0.028922
0.027243
0.024784
0.067233
0.084152
0.013106
0.070007
0.064820
0.080326
0.192160
0.032181
0.053344
0.060022
0.012687
0.049974
0.052802
0.173357
0.023108
0.023946
0.212480
0.033383
0.106021
0.152220
0.043802
0.059073
0.076228
0.154189
0.021507
0.120166
0.090441
0.006171
0.032233
0.019401
0.180208
0.111050
0.067132
0.017736
0.051780
0.019043
0.260634
0.015919
0.027213
0.030690
0.038990
0.046520
0.160629
0.146451
0.072653
0.035257
0.084870
0.100130
0.325600
0.104247
0.035712
0.013439
0.037409
0.136000
0.127563
0.092678
0.021740
0.216026
0.025824
0.101242
0.061819
0.009662
0.178879
0.091203
0.053502
0.042068
0.040155
0.089833
0.168841
0.036044
0.306634
0.232429
0.022717
0.018357
0.100624
0.032978
0.028887
0.043212
0.045540
0.099866
0.023784
0.045395
0.053404
0.035329
0.127264
0.097257
0.195931
0.024065
0.036322
0.059225
0.212575
0.088645
0.112171
0.005463
0.077506
0.096397
0.034436
0.073706
0.124926
0.037375
0.053934
0.057932
0.139278
0.016564
0.229432
0.024039
0.127249
0.173561
0.006277
0.097852
0.108418
0.015445
0.192670
0.052710
0.045228
0.014281
0.148836
0.192884
0.202307
0.105400
0.114219
0.157904
0.152845
0.149858
0.112650
0.144651
0.101119
0.005197
0.087172
0.007128
0.115344
0.148206
0.051481
0.014050
0.022608
0.020825
0.001687
0.125993
0.132829
0.081073
0.298783
0.065020
0.058284
0.044282
0.056008
0.006651
0.054508
0.195577
0.116028
0.213999
0.018557
0.110392
0.007497
0.021869
0.015788
0.079154
0.071857
0.218314
0.062378
0.093987
0.143690
0.081045
0.052624
0.099215
0.009762
0.024323
0.051464
0.074322
0.229316
0.069795
0.046309
0.047592
0.124439
0.078576
0.048095
0.123651
0.035082
0.005683
0.033284
0.069979
0.131022
0.143005
0.094678
0.034755
0.017833
0.033752
0.033693
0.082760
0.145008
0.100314
0.185304
0.107455
0.028584
0.009230
0.079534
0.016423
0.027712
0.081173
0.131747
0.122846
0.161470
0.140863
0.061089
0.009400
0.086826
0.211917
0.169200
0.016892
0.057025
0.264424
0.056299
0.082804
0.070190
0.018880
0.015713
0.020407
0.078797
0.007730
0.128113
0.044815
0.024769
0.009275
0.045633
0.107421
0.008098
0.019406
0.043552
0.070252
0.110043
0.076601
0.030154
0.019640
0.050321
0.268405
0.140298
0.247293
0.125681
0.035850
0.033803
0.004336
0.202086
0.071558
0.103719
0.183676
0.081756
0.144180
0.014094
0.130369
0.061918
0.208122
0.235123
0.014610
0.038905
0.032712
0.036241
0.083895
0.041427
0.207512
0.008267
0.019661
0.055436
0.045717
0.041772
0.022719
0.006451
0.026267
0.056707
0.041768
0.013497
0.157046
0.202481
0.017059
0.018169
0.078848
0.233397
0.222418
0.039712
0.045408
0.114140
0.045921
0.079258
0.150729
0.108375
0.044090
0.203587
0.004446
0.024928
0.028957
0.013106
0.290542
0.104373
0.069198
0.127835
0.109634
0.020989
0.202208
0.048660
0.013441
0.059556
0.113898
0.042428
0.201179
0.163404
0.006511
0.118663
0.138393
0.041783
0.034902
0.018685
0.019822
0.165577
0.049895
0.043977
0.006521
0.152138
0.096091
0.040534
0.043430
0.097242
0.032232
0.033440
0.116747
0.096340
0.027830
0.258004
0.061397
0.044511
0.028176
0.047856
0.115660
0.336061
0.025301
0.056625
0.103331
0.060269
0.069520
0.014705
0.127302
0.040863
0.051518
0.127543
0.174570
0.230851
0.004135
0.030891
0.283505
0.080775
0.037373
0.039991
0.091082
0.151407
0.066349
0.114637
0.079982
0.091578
0.022056
0.061013
0.165143
0.219256
0.081988
0.100955
0.058161
0.210063
0.036552
0.146705
0.071889
0.020479
0.032710
0.013414
0.189200
0.029710
0.012440
0.083314
0.071406
0.025767
0.061839
0.166958
0.041199
0.035992
0.045988
0.086762
0.226853
0.010356
0.091618
0.027688
0.050932
0.033020
0.176063
0.029614
0.019918
0.116814
0.212826
0.041761
0.083038
0.071521
0.042759
0.008368
0.132312
0.004397
0.012828
0.018806
0.014671
0.010510
0.030015
0.021113
0.086940
0.116418
0.032830
0.226193
0.020331
0.099834
0.029374
0.027624
0.070436
0.077452
0.020783
0.030862
0.090653
0.044926
0.054334
0.028497
0.048918
0.011348
0.067778
0.063379
0.039315
0.092021
0.065727
0.044620
0.082115
0.028640
0.130059
0.216351
0.101178
0.157680
0.010511
0.057324
0.020435
0.202412
0.043194
0.497977
0.078177
0.022054
0.014391
0.023712
0.091898
0.037005
0.030552
0.073311
0.082660
0.057042
0.159874
0.251711
0.013325
0.302108
0.046487
0.087287
0.008466
0.129602
0.118915
0.038119
0.105241
0.228051
0.098533
0.251221
0.046330
0.029547
0.036538
0.052171
0.009177
0.016814
0.010135
0.067479
0.021307
0.038008
0.110031
0.245979
0.016690
0.011912
0.010071
0.032318
0.023208
0.032528
0.061435
0.098737
0.025591
0.056205
0.069090
0.030269
0.022721
0.040114
0.012772
0.025902
0.079056
0.064445
0.062433
0.264917
0.049519
0.033711
0.078148
0.014712
0.008042
0.008985
0.068185
0.136485
0.012336
0.015153
0.126792
0.056760
0.052977
0.028482
0.037808
0.248214
0.016490
0.215677
0.073863
0.088850
0.142337
0.104536
0.046374
0.007470
0.392678
0.163968
0.010849
0.016040
0.184378
0.013357
0.048859
0.161728
0.213414
0.115570
0.039250
0.007050
0.008638
0.052635
0.122784
0.031930
0.127788
0.091848
0.080368
0.199510
0.096527
0.043900
0.055753
0.066573
0.032506
0.043201
0.024170
0.066302
0.121731
0.021800
0.022148
0.286462
0.071876
0.008491
0.125553
0.053267
0.230145
0.026067
0.018874
0.068855
0.037785
0.040149
0.210335
0.141243
0.027292
0.191255
0.049454
0.009262
0.013122
0.146027
0.037112
0.208669
0.025118
0.120022
0.011173
0.021461
0.037058
0.101057
0.215588
0.065596
0.042659
0.011307
0.060911
0.045588
0.378151
0.012647
0.134744
0.079206
0.073562
0.014149
0.273475
0.189132
0.013122
0.097543
0.038296
0.037673
0.068203
0.063729
0.063857
0.049092
0.004183
0.244500
0.245435
0.066259
0.014645
0.163514
0.057459
0.069425
0.031258
0.154760
0.062410
0.005407
0.037616
0.054831
0.150958
0.131270
0.067506
0.037395
0.014581
0.070327
0.022624
0.019182
0.101599
0.022390
0.015741
0.115976
0.131537
0.040895
0.059083
0.017869
0.011976
0.080530
0.038552
0.065362
0.018351
0.052855
0.045605
0.028794
0.294412
0.034270
0.154402
0.097683
0.088911
0.093289
0.019166
0.135685
0.022750
0.338025
0.014408
0.136382
0.033075
0.080626
0.005799
0.135768
0.109567
0.060686
0.011687
0.114564
0.162558
0.129908
0.058379
0.010715
0.005980
0.020132
0.057309
0.174808
0.023911
0.083776
0.050298
0.007607
0.092041
0.017902
0.074662
0.134912
0.022915
0.214156
0.003864
0.031563
0.036806
0.096307
0.137427
0.014189
0.045919
0.033241
0.253655
0.116337
0.077997
0.104194
0.023527
0.179531
0.131331
0.041371
0.052673
0.075488
0.047041
0.227726
0.184617
0.059106
0.068930
0.112442
0.027555
0.028299
0.025877
0.150634
0.086605
0.006840
0.107060
0.025289
0.026204
0.023342
0.007449
0.130922
0.009023
0.038722
0.048717
0.012951
0.014329
0.088190
0.030598
0.103278
0.171426
0.005352
0.005880
0.429166
0.014821
0.012551
0.174640
0.149844
0.124801
0.065135
0.022966
0.026703
0.135774
0.051692
0.183711
0.051689
0.017262
0.010764
0.040929
0.156106
0.049615
0.071175
0.127493
0.070262
0.065734
0.055028
0.068327
0.050182
0.192171
0.260399
0.033655
0.012407
0.056702
0.067536
0.064887
0.018290
0.189145
0.186564
0.023691
0.328919
0.117977
0.024782
0.047495
0.158668
0.208801
0.007791
0.052084
0.038722
0.028423
0.122357
0.279952
0.081918
0.080873
0.011376
0.021922
0.068026
0.017827
0.125014
0.015971
0.027618
0.068972
0.080765
0.214135
0.064387
0.006586
0.054810
0.010122
0.076876
0.074376
0.008644
0.037168
0.307207
0.040283
0.085822
0.010438
0.248359
0.056797
0.015942
0.043659
0.022938
0.013714
0.233061
0.043029
0.011380
0.058606
0.027209
0.059375
0.139159
0.306386
0.033010
0.122241
0.178808
0.037981
0.120004
0.171946
0.177883
0.104612
0.089236
0.116890
0.253673
0.055499
0.053190
0.047097
0.041938
0.026025
0.021634
0.115638
0.008317
0.037664
0.208279
0.094767
0.012668
0.054332
0.047769
0.055193
0.023247
0.149890
0.006042
0.047217
0.255827
0.126215
0.016488
0.014090
0.153092
0.027108
0.129454
0.119647
0.031664
0.049541
0.015028
0.169392
0.071455
0.077827
0.113668
0.009475
0.069998
0.006086
0.026247
0.064240
0.032717
0.116670
0.125013
0.009099
0.012244
0.075192
0.209661
0.154877
0.017943
0.080821
0.010174
0.054200
0.013387
0.192182
0.039143
0.014642
0.221425
0.014740
0.005588
0.085861
0.022255
0.048059
0.135828
0.084963
0.138504
0.042356
0.089468
0.085289
0.010570
0.014550
0.100686
0.006954
0.209769
0.009950
0.117365
0.054981
0.069030
0.178202
0.078986
0.058804
0.124876
0.115794
0.077632
0.113342
0.008690
0.004489
0.095935
0.082297
0.170882
0.025985
0.040783
0.078876
0.011261
0.247332
0.072804
0.005393
0.002566
0.047681
0.115314
0.022948
0.057165
0.076243
0.174509
0.024925
0.010739
0.195426
0.197729
0.035544
0.027873
0.084990
0.042278
0.059270
0.085030
0.037617
0.223006
0.119669
0.053652
0.052868
0.091051
0.013420
0.010250
0.024822
0.015201
0.085748
0.009643
0.004396
0.180075
0.045133
0.017209
0.046344
0.003380
0.066977
0.121643
0.055541
0.100433
0.177089
0.213676
0.174051
0.065563
0.005235
0.018449
0.026966
0.017163
0.116830
0.110607
0.011231
0.054681
0.058751
0.026631
0.053537
0.113498
0.064717
0.045871
0.370761
0.118913
0.020605
0.029420
0.014529
0.022876
0.203797
0.028140
0.023012
0.149778
0.018130
0.056814
0.212072
0.133053
0.041541
0.019865
0.008903
0.013209
0.136331
0.056965
0.121750
0.029408
0.070218
0.022468
0.075412
0.058290
0.093834
0.114038
0.044501
0.188582
0.228895
0.043813
0.266552
0.068851
0.050723
0.344533
0.210017
0.036387
0.032899
0.046213
0.049895
0.176766
0.337376
0.037340
0.089439
0.011291
0.151777
0.014800
0.112753
0.040915
0.133870
0.057331
0.028397
0.048159
0.072252
0.163775
0.171259
0.094408
0.039724
0.028786
0.135716
0.085824
0.023589
0.093420
0.013124
0.009848
0.112436
0.036564
0.006676
0.011938
0.192104
0.027311
0.040482
0.025750
0.005357
0.032058
0.033722
0.010959
0.073240
0.246393
0.040672
0.006151
0.065790
0.065484
0.042198
0.188376
0.009852
0.028016
0.055713
0.041469
0.019199
0.055230
0.198580
0.163615
0.063839
0.012441
0.014185
0.014407
0.051373
0.216417
0.007544
0.059682
0.114576
0.008535
0.034182
0.113094
0.026661
0.078010
0.187873
0.054585
0.111942
0.045574
0.049100
0.200735
0.086451
0.072154
0.232662
0.118317
0.027892
0.220042
0.031579
0.011024
0.072935
0.027805
0.032903
0.031540
0.029743
0.134303
0.009270
0.041352
0.058979
0.015139
0.030194
0.036854
0.011087
0.020982
0.025376
0.032780
0.114860
0.139164
0.033273
0.154529
0.046509
0.029005
0.027216
0.072773
0.311776
0.094094
0.042441
0.209296
0.155784
0.176601
0.161155
0.246590
0.015069
0.025236
0.130471
0.053779
0.061890
0.022223
0.016657
0.060527
0.243011
0.039213
0.240057
0.024599
0.212483
0.217029
0.161203
0.120532
0.031390
0.008494
0.093613
0.008041
0.051299
0.045092
0.062153
0.036597
0.112665
0.043098
0.001746
0.031930
0.052340
0.088040
0.008137
0.032984
0.079780
0.148240
0.178987
0.048924
0.046829
0.003376
0.012697
0.023902
0.064211
0.013215
0.066533
0.029698
0.079811
0.005339
0.129316
0.018261
0.018640
0.020461
0.330830
0.164756
0.134500
0.054807
0.037059
0.079655
0.022115
0.126003
0.040204
0.118494
0.253480
0.032872
0.028900
0.104652
0.042159
0.030664
0.015626
0.046554
0.071623
0.021094
0.293494
0.006399
0.033352
0.043043
0.143120
0.118183
0.133082
0.030095
0.013559
0.054128
0.031072
0.033773
0.073173
0.106492
0.150416
0.018112
0.027896
0.006909
0.004487
0.014957
0.008377
0.047317
0.119981
0.113259
0.007121
0.167207
0.050380
0.179914
0.065404
0.064332
0.018201
0.041575
0.077636
0.127184
0.084203
0.005414
0.029020
0.020349
0.164774
0.048789
0.153822
0.041951
0.092249
0.260274
0.107068
0.063930
0.023605
0.042094
0.032180
0.050808
0.134213
0.197111
0.096167
0.094698
0.065685
0.176877
0.029351
0.123811
0.177351
0.170839
0.045991
0.059680
0.151605
0.300860
0.080541
0.033430
0.063747
0.083536
0.006897
0.015976
0.049689
0.125346
0.085671
0.136531
0.167115
0.059781
0.068237
0.024301
0.008955
0.011975
0.223280
0.029745
0.104374
0.201623
0.022938
0.012630
0.017350
0.050573
0.021526
0.013853
0.016764
0.013256
0.032004
0.008081
0.025354
0.047488
0.040504
0.037942
0.271793
0.025007
0.020480
0.004067
0.018447
0.009953
0.008946
0.097415
0.082741
0.047367
0.003442
0.056843
0.049855
0.048889
0.014799
0.100490
0.069511
0.081649
0.025057
0.016440
0.075169
0.021136
0.048683
0.023409
0.060772
0.182309
0.024201
0.006340
0.135885
0.069579
0.018524
0.006822
0.019077
0.181223
0.046274
0.081828
0.117593
0.039879
0.003454
0.179583
0.134557
0.260053
0.042584
0.021326
0.011573
0.021881
0.061398
0.096747
0.014073
0.173688
0.107967
0.050545
0.126319
0.125260
0.029297
0.190414
0.083877
0.052866
0.012212
0.036309
0.103078
0.049112
0.073013
0.075340
0.006841
0.086360
0.065653
0.013789
0.024167
0.082525
0.057383
0.010450
0.051953
0.092229
0.137622
0.026273
0.118857
0.009565
0.011545
0.015938
0.068336
0.136467
0.163090
0.546290
0.005336
0.129679
0.200482
0.053549
0.338083
0.261062
0.286952
0.036175
0.080212
0.032556
0.050965
0.015892
0.165703
0.022838
0.031532
0.022895
0.028627
0.043997
0.037932
0.033183
0.080989
0.085942
0.074335
0.048126
0.077193
0.015931
0.028335
0.143097
0.243632
0.088450
0.093769
0.012961
0.057267
0.048868
0.076439
0.148581
0.050781
0.071542
0.009990
0.045725
0.029149
0.068234
0.040261
0.004906
0.056382
0.129949
0.106663
0.083195
0.190098
0.020699
0.013962
0.093405
0.155682
0.035968
0.154946
0.030023
0.021390
0.023028
0.119673
0.038054
0.056750
0.024156
0.122326
0.059625
0.047624
0.062434
0.025798
0.142667
0.207921
0.014554
0.079400
0.007150
0.035553
0.049886
0.017239
0.179945
0.011936
0.280758
0.011510
0.012133
0.107754
0.080463
0.160248
0.052028
0.047533
0.007424
0.040905
0.059917
0.045424
0.117061
0.260885
0.050578
0.054663
0.030116
0.067564
0.063994
0.037052
0.067228
0.057599
0.064766
0.007307
0.179769
0.083322
0.144833
0.156237
0.014562
0.011629
0.048966
0.006424
0.050845
0.009755
0.058112
0.049154
0.035757
0.034688
0.092415
0.069527
0.069339
0.014204
0.160467
0.064126
0.009542
0.034050
0.004553
0.137536
0.024037
0.023721
0.257918
0.143761
0.076058
0.049681
0.164921
0.019371
0.026729
0.019259
0.156109
0.035585
0.068320
0.086310
0.215384
0.184807
0.069290
0.256798
0.009449
0.027927
0.158197
0.066386
0.083731
0.170125
0.026502
0.022294
0.047121
0.031528
0.041798
0.145863
0.088062
0.160777
0.012102
0.002593
0.070703
0.134067
0.004814
0.043717
0.149058
0.102470
0.024346
0.233535
0.028037
0.130852
0.018942
0.089321
0.011024
0.187015
0.081933
0.083315
0.110307
0.037938
0.124010
0.062275
0.006336
0.004659
0.053929
0.037482
0.017535
0.127212
0.065601
0.008646
0.009754
0.013171
0.071710
0.030919
0.005974
0.012015
0.118593
0.176785
0.039433
0.023459
