2.333566
2.108016
2.231593
2.117000
1.808890
1.893667
1.543754
1.839961
1.982177
2.044688
1.847273
1.760377
1.240229
1.701523
1.257830
1.021184
1.036829
1.104857
0.891565
1.096790
1.649397
1.102748
0.450259
0.479452
0.598938
0.563035
0.576019
0.205238
0.504371
0.650068
0.387116
0.501508
0.455472
1.099963
2.355221
1.486675
0.642835
0.494076
0.265893
0.299523
0.374079
0.218769
0.439942
0.321651
0.553879
0.407201
0.408823
0.400346
0.282221
0.300992
0.312463
0.273685
0.498676
0.438785
0.491368
0.635718
0.368689
0.331237
0.358496
0.217553
0.475501
0.169938
0.265445
0.503367
0.375770
0.411557
0.669427
0.601485
0.340954
0.455415
0.314062
0.322834
0.416214
0.261392
0.285881
0.606126
0.412531
0.470213
0.823083
0.985598
0.281393
0.370172
0.723267
0.449096
0.244933
0.288122
0.242128
0.181736
0.298498
0.291513
0.243909
0.172708
0.301249
0.357286
0.226926
0.775025
0.665398
0.341426
0.347976
0.401481
0.393998
0.310070
0.207616
0.287589
0.333458
0.160383
0.225143
0.314350
0.371934
0.282029
0.222692
0.268617
0.404022
0.176378
0.226284
0.249799
0.487755
0.320475
0.224414
0.270314
0.112096
0.311097
0.331152
0.274554
0.145747
0.379164
0.335430
0.670147
0.230508
0.230935
0.330163
0.268901
0.346076
0.378532
0.438956
0.231167
0.185499
0.310302
0.218768
0.261689
0.527975
0.671285
0.994019
0.491741
0.346930
0.289884
0.316334
0.289926
0.405187
0.360724
0.296216
0.236362
0.163028
0.384968
0.294756
0.179745
0.273009
0.136377
0.340513
0.429090
0.741056
0.403258
0.198437
0.353847
0.345835
0.249947
0.299336
0.601344
0.167136
0.328442
0.341830
0.534778
0.279416
0.361127
0.301663
0.403959
0.389806
0.314279
0.358500
0.269095
0.162906
0.150181
0.181879
0.128409
0.252379
0.269542
0.203059
0.205622
0.271625
0.501323
1.269745
1.532533
0.752339
0.275318
0.324450
0.346778
0.257130
0.201051
0.348605
0.356885
0.258263
0.210232
0.266280
0.216339
0.206517
0.191457
0.173242
0.518590
0.443361
0.527038
0.208868
0.256967
0.210388
0.310442
0.497182
0.478915
0.218434
0.223814
0.198320
0.241242
0.293965
0.145943
0.318736
0.138377
0.292664
0.365889
0.221365
0.231770
0.350104
0.208419
0.229255
0.229578
0.213047
0.302199
0.520480
0.372403
0.335297
0.193053
0.443570
0.167833
0.316430
0.337397
0.132698
0.337582
0.213612
0.144253
0.238417
0.259093
0.392298
0.295185
0.223835
0.221511
0.330348
0.206475
0.214768
0.284491
0.350446
0.325626
0.361453
0.234256
0.191978
0.297880
0.429007
0.355902
0.364086
0.231173
0.275539
0.595962
0.420240
0.250851
0.282820
0.389228
0.221548
0.225008
0.201196
0.345435
0.403936
0.324428
0.372745
0.333092
0.288050
0.242121
0.303212
0.280901
0.276534
0.248813
0.286348
0.287438
0.256728
0.149750
0.454628
0.257070
0.441449
0.308607
0.210572
0.292082
0.429497
0.218751
0.181252
0.227974
0.120231
0.317413
0.349752
0.211226
0.356500
0.212975
0.315192
0.542204
0.875762
0.573085
0.348725
0.137120
0.360459
0.780141
0.647268
0.521179
0.336610
0.288622
0.323042
0.297795
0.271408
0.237551
0.288678
0.182549
0.378492
0.440382
0.424649
0.652933
0.249712
0.263619
0.202757
0.192542
0.149487
0.334856
0.344849
0.301434
0.157497
0.345273
0.431615
0.263271
0.221926
0.173028
0.169010
0.186649
0.226634
0.303593
0.345666
0.292395
0.152544
0.500139
0.592023
0.424739
0.332139
0.377756
0.252240
0.226239
0.283493
0.339220
0.207329
0.318955
0.457192
0.239375
0.256433
0.282234
0.368137
0.198922
0.328309
0.403699
0.634014
0.530002
0.380712
0.319585
0.169993
0.152969
0.294193
0.111248
0.340692
0.182489
0.156454
0.253466
0.194568
0.373094
0.221924
0.225109
0.242210
0.293894
0.287622
0.312574
0.323086
0.459904
0.530874
0.168665
0.255765
0.336515
0.309441
0.339050
0.255269
0.288575
0.196711
0.234519
0.337334
0.303182
0.212210
0.122722
0.215209
0.233833
0.196091
0.139318
0.391939
0.306333
0.135149
0.118958
0.187614
0.343495
0.263843
0.170537
0.165282
0.194726
0.228964
0.140375
0.280577
0.097535
0.483853
0.396197
0.441941
0.182568
0.213930
0.155364
0.249971
0.331757
0.252062
0.381454
0.372695
0.346498
0.334619
0.450634
0.319636
0.416899
0.438224
0.188075
0.270284
0.150271
0.137550
0.190071
0.325825
0.258496
0.257138
0.195887
0.235785
0.201835
0.430645
0.183657
0.177188
0.235393
0.417538
0.279380
0.286253
0.465498
0.267241
0.359683
0.254909
0.191043
0.167362
0.352521
0.232264
0.261457
0.440864
0.707061
0.755752
0.655483
0.206102
0.289288
0.107317
0.339529
0.149267
0.144535
0.201781
0.164039
0.129401
0.143457
0.124299
0.212141
0.232486
0.243551
0.303357
0.199403
0.299916
0.372407
0.258284
0.194750
0.373821
0.184250
0.534366
0.366666
0.598460
0.360167
0.474127
0.247193
0.242977
0.170919
0.164671
0.380872
0.249406
0.307974
0.340675
0.288094
0.285564
0.228254
0.153262
0.206712
0.389419
0.297849
0.336326
0.199565
0.160437
0.232234
0.241729
0.120908
0.297147
0.211911
0.182750
0.202214
0.413893
0.244248
0.282893
0.171491
0.280131
0.345647
0.403575
0.375480
0.361266
0.602295
0.625736
0.578903
0.649064
0.177941
0.351000
0.285725
0.304602
0.108497
0.140607
0.257895
0.384715
0.276496
0.622012
0.382797
0.306596
0.316039
0.289203
0.301413
0.200155
0.275185
0.193594
0.278889
0.215678
0.198742
0.142470
0.373811
0.281534
0.360860
0.263794
0.393623
0.236735
0.260382
0.234895
0.416728
0.330028
0.338811
0.298563
0.289535
0.113350
0.255010
0.195597
0.272286
0.278723
0.155570
0.129747
0.196787
0.439334
0.299858
0.277537
0.191630
0.466828
0.232027
0.291787
0.353631
0.435454
0.431740
0.110944
0.115894
0.111630
0.272687
0.297414
0.180058
0.277826
0.231170
0.233834
0.203845
0.363765
0.215686
0.377425
0.199236
0.257122
0.246506
0.212016
0.363431
0.344800
0.368202
0.293714
0.304734
0.292447
0.243984
0.203386
0.317467
0.399854
0.225112
0.411886
0.304777
0.328321
0.287557
0.280111
0.184552
0.167531
0.502413
0.219529
0.379416
0.276722
0.271585
0.408020
0.370230
0.204156
0.281751
0.408188
0.406279
0.179193
0.244322
0.079001
0.307967
0.216269
0.219268
0.368093
0.529060
0.270648
0.304595
0.227812
0.354599
0.224767
0.222575
0.097947
0.180780
0.359535
0.402445
0.417392
0.207514
0.290703
0.227034
0.585991
0.524537
0.314269
0.253653
0.241550
0.353388
0.175158
0.179243
0.358130
0.223510
0.246619
0.311090
0.162536
0.219070
0.189653
0.348209
0.624603
0.288105
0.166153
0.135121
0.313325
0.285538
0.232358
0.253947
0.226588
0.272101
0.235300
0.090536
0.414353
0.366211
0.298643
0.207035
0.206208
0.244393
0.221511
0.351607
0.324810
0.411032
0.255420
0.187287
0.132557
0.212840
0.221539
0.357729
0.277262
0.217669
0.419525
0.147795
0.330882
0.536880
0.769895
0.653165
0.348910
0.202906
0.230990
0.148240
0.156489
0.246670
0.375291
0.265378
0.391702
0.220306
0.142323
0.214715
0.168465
0.269572
0.199341
0.211433
0.169036
0.265961
0.281920
0.169340
0.264417
0.183313
0.400262
0.260345
0.216142
0.378832
0.448579
0.395528
0.337923
0.538840
0.426720
0.325061
0.417151
0.428104
0.236108
0.171457
0.145735
0.264312
0.346671
0.479883
0.477347
0.182112
0.145827
0.259123
0.396961
0.274232
0.125531
0.222458
0.102683
0.395674
0.595122
0.620202
0.315366
0.242497
0.243224
0.266544
0.310654
0.260423
0.151769
0.491167
0.230602
0.283122
0.247685
0.289413
0.175774
0.238044
0.239489
0.269127
0.205413
0.334824
0.323383
0.184326
0.323830
0.312443
0.449875
0.436348
0.139417
0.171754
0.268080
0.330617
0.121691
0.441031
0.464642
0.369027
0.263343
0.226284
0.203715
0.281838
0.237010
0.239009
0.310528
0.160751
0.177961
0.269066
0.571026
0.226513
0.310884
0.224208
0.229149
0.253649
0.294205
0.191296
0.208718
0.195945
0.177223
0.202350
0.420402
0.325423
0.279443
0.176633
0.157050
0.123989
0.217767
0.561543
0.165975
0.230348
0.213257
0.182099
0.155556
0.229174
0.258436
0.137876
0.353102
0.145133
0.225775
0.231023
0.208665
0.310830
0.321770
0.222883
0.106122
0.153315
0.234125
0.547316
0.276927
0.202820
0.287130
0.380716
0.363012
0.249059
0.171866
0.290526
0.257310
0.319168
0.234542
0.309898
0.152476
0.284976
0.238244
0.085984
0.217067
0.214384
0.173034
0.219645
0.219460
0.122176
0.202503
0.122856
0.259217
0.145152
0.216264
0.293653
0.166836
0.317331
0.123284
0.137973
0.312109
0.325209
0.360808
0.287658
0.536924
0.415838
0.155789
0.324336
0.265033
0.191697
0.233242
0.299888
0.313101
0.347497
0.362846
0.107504
0.282284
0.205256
0.222945
0.249773
0.294573
0.372366
0.292825
0.212788
0.258948
0.213460
0.350710
0.317538
0.303485
0.244920
0.283019
0.203714
0.164400
0.571122
0.189054
0.291419
0.578084
0.541501
0.197763
0.261352
0.207017
0.209124
0.236636
0.431035
0.341893
0.302968
0.481768
0.312484
0.285283
0.678249
0.675223
0.553199
0.256412
0.202890
0.185503
0.295750
0.173994
0.420163
0.125060
0.165329
0.579263
0.535830
0.564957
0.635189
0.382108
0.198680
0.336876
0.236882
0.387396
0.199627
0.288458
0.394409
0.221573
0.230559
0.241935
0.300385
0.235546
0.312739
0.262384
0.297959
0.144988
0.241044
0.406487
0.240793
0.318297
0.142998
0.467093
0.176384
0.258245
0.303398
0.181354
0.260320
0.335375
0.185132
0.332618
0.387808
0.466554
0.315591
0.258635
0.334629
0.233119
0.219672
0.159952
0.238404
0.468125
0.346456
0.285510
0.357493
0.422960
0.285936
0.374778
0.382410
0.272005
0.244829
0.322935
0.278868
0.375070
0.171585
0.247562
0.223049
0.278948
0.487565
0.307612
0.183739
0.233738
0.217843
0.214852
0.425305
0.224846
0.220118
0.309951
0.163260
0.152699
0.339139
0.342912
0.293479
0.225413
0.399701
0.457208
0.188483
0.251005
0.212894
0.246943
0.606383
0.330084
0.314937
0.273356
0.502509
0.121505
0.387130
0.199581
0.144756
0.300545
0.196946
0.281642
0.206465
0.264897
0.257148
0.446172
0.341181
0.170827
0.255238
0.177348
0.206962
0.102587
0.089950
0.334610
0.400066
0.615035
0.324326
0.215046
0.258388
0.263829
0.236472
0.146370
0.421725
0.169333
0.214920
0.168430
0.130709
0.306065
0.271233
0.370621
0.193232
0.246453
0.547376
0.321848
0.209742
0.392469
0.333247
0.255976
0.157819
0.236986
0.220584
0.168564
0.147739
0.185069
0.312260
0.266347
0.409353
0.276999
0.157587
0.204789
0.333048
0.317232
0.263779
0.251820
0.192226
0.181680
0.245052
0.246215
0.187995
0.214675
0.095623
0.317163
0.304103
0.140639
0.115586
0.156515
0.174376
0.189079
0.288560
0.295810
0.204886
0.266036
0.208629
0.160612
0.211119
0.278412
0.326413
0.277888
0.156441
0.237235
0.138139
0.355802
0.115682
0.344127
0.204884
0.205868
0.610566
0.373672
0.339522
0.266786
0.462410
0.243219
0.148076
0.523780
0.393292
0.209200
0.326694
0.294549
0.304326
0.226134
0.114632
0.227917
0.115829
0.332877
0.267240
0.339591
0.241246
0.345877
0.271853
0.470218
0.232343
0.338149
0.143576
0.159924
0.118808
0.245504
0.175405
0.382638
0.321707
0.169417
0.209321
0.194356
0.165109
0.165164
0.211019
0.154180
0.340085
0.311152
0.228347
0.399060
0.473970
0.499389
0.212642
0.220193
0.245086
0.192611
0.267805
0.275354
0.467913
0.384407
0.212677
0.260420
0.428767
0.149597
0.162317
0.391038
0.286202
0.249501
0.232766
0.258244
0.178542
0.191107
0.112605
0.382427
0.209678
0.355109
0.253619
0.307801
0.142839
0.472001
0.247891
0.322882
0.207612
0.134909
0.221180
0.120621
0.241008
0.170389
0.077885
0.216297
0.181521
0.252194
0.192542
0.351835
0.530008
0.403326
0.210169
0.297223
0.312708
0.290216
0.272012
0.292782
0.292880
0.173426
0.201361
0.588949
0.657086
0.345666
0.532885
0.339615
0.269916
0.361867
0.506986
0.275372
0.307637
0.215098
0.165252
0.279759
0.325686
0.449991
0.312573
0.389551
0.241846
0.092466
0.242374
0.195026
0.167960
0.044793
0.144678
0.342342
0.406409
0.178278
0.348864
0.205554
0.192253
0.229539
0.282487
0.171430
0.185354
0.208588
0.249610
0.165219
0.269627
0.431313
0.458770
0.272154
0.309489
0.257384
0.113150
0.200698
0.210226
0.418576
0.320002
0.237344
0.121069
0.133165
0.329127
0.462580
0.315050
0.224919
0.272597
0.346694
0.224797
0.204936
0.181926
0.373092
0.257166
0.383386
0.262978
0.396221
0.130617
0.315854
0.291657
0.389930
0.273535
0.304104
0.160043
0.218107
0.161077
0.227591
0.241629
0.263974
0.158025
0.312435
0.275156
0.124273
0.145012
0.277310
0.308643
0.197274
0.264055
0.188312
0.136213
0.310995
0.336248
0.258333
0.317382
0.310606
0.207463
0.143963
0.185213
0.170322
0.189586
0.247734
0.316805
0.219956
0.407117
0.335323
0.317507
0.189727
0.292504
0.513990
0.184612
0.353910
0.252802
0.491564
0.572092
0.248054
0.491479
0.270001
0.343269
0.151560
0.424345
0.289051
0.241321
0.144825
0.465353
0.227910
0.277037
0.291867
0.134814
0.266887
0.263385
0.117475
0.143034
0.389293
0.324306
0.338534
0.171954
0.220718
0.315904
0.213025
0.119488
0.134427
0.158918
0.381956
0.294461
0.188624
0.269920
0.354677
0.399882
0.273323
0.348671
0.207308
0.189531
0.317734
0.331528
0.270486
0.259211
0.117311
0.091785
0.144476
0.193291
0.144161
0.185631
0.369590
0.150068
0.222293
0.131900
0.229853
0.147547
0.419439
0.195648
0.201551
0.266778
0.173976
0.252880
0.291516
0.222951
0.205090
0.291763
0.174256
0.479809
0.258690
0.232828
0.073187
0.148147
0.506597
0.396522
0.210817
0.324732
0.097745
0.193260
0.352740
0.257389
0.384002
0.290425
0.409230
0.407288
0.406832
0.389063
0.225030
0.164782
0.144769
0.193842
0.248138
0.344566
0.377643
0.340821
0.399053
0.186454
0.356692
0.513975
0.505157
0.387065
0.280088
0.223338
0.302968
0.106379
0.280987
0.300800
0.348919
0.422397
0.277606
0.098894
0.149491
0.253919
0.240968
0.134334
0.128953
0.131812
0.409095
0.125265
0.172674
0.252174
0.157460
0.580948
0.327227
0.305166
0.348512
0.250932
0.130312
0.092635
0.243759
0.387700
0.131277
0.135876
0.495063
0.449942
0.221172
0.215566
0.265287
0.207192
0.179541
0.459581
0.464717
0.454394
0.285124
0.393309
0.188788
0.187511
0.156378
0.171669
0.340856
0.278240
0.326762
0.353405
0.268800
0.370649
0.302137
0.098797
0.342719
0.328392
0.425825
0.229820
0.238479
0.127037
0.215727
0.107241
0.211629
0.194333
0.447662
0.270642
0.237767
0.250476
0.213811
0.193609
0.239652
0.541739
0.307466
0.144018
0.143973
0.218989
0.374332
0.160182
0.182231
0.274829
0.330113
0.233381
0.207970
0.207289
0.410861
0.511096
0.369624
0.425108
0.194508
0.209638
0.294666
0.425123
0.459334
0.300633
0.147562
0.249073
0.151309
0.464315
0.323328
0.147260
0.133383
0.096802
0.385467
0.204842
0.163567
0.332222
0.145564
0.198246
0.336572
0.333036
0.452541
0.286844
0.263534
0.397088
0.396309
0.576510
0.210721
0.182182
0.243015
0.136083
0.300391
0.362003
0.171372
0.121384
0.088866
0.694555
0.258305
0.264835
0.421755
0.270816
0.201227
0.203341
0.608615
0.627174
0.142023
0.190083
0.354919
0.315902
0.420794
0.237871
0.187164
0.372018
0.350545
0.757797
0.630452
0.280592
0.316846
0.220660
0.145824
0.277530
0.116613
0.132854
0.233268
0.265396
0.187245
0.292676
0.169476
0.239651
0.233087
0.229544
0.254310
0.212323
0.242542
0.235194
0.195374
0.168880
0.272801
0.246634
0.218571
0.167700
0.206128
0.249849
0.212573
0.384946
0.549697
1.383130
1.306487
0.715610
0.402758
0.293090
0.210262
0.155481
0.105920
0.293279
0.439643
0.253922
0.121667
0.131587
0.222069
0.192350
0.112332
0.260187
0.163118
0.180561
0.323760
0.321763
0.264592
0.280686
0.391264
0.223586
0.206670
0.461752
0.194143
0.267713
0.258858
0.486015
0.332457
0.335005
0.185335
0.318821
0.409805
0.423303
0.306265
0.462382
0.448549
0.372949
0.291744
0.327847
0.277233
0.295494
0.137212
0.237785
0.313338
0.280517
0.177589
0.261223
0.425067
0.232577
0.221799
0.273887
0.410360
0.342844
0.335386
0.210196
0.164930
0.207839
0.302877
0.245240
0.341156
0.179261
0.179195
0.117649
0.276463
0.285624
0.489185
0.339469
0.433731
0.199123
0.185903
0.165033
0.107259
0.280933
0.304378
0.254949
0.195807
0.268859
0.199737
0.260366
0.306304
0.250103
0.093849
0.227128
0.194157
0.116945
0.279974
0.105838
0.293362
0.275908
0.298420
0.807372
0.568869
0.304887
0.427797
0.214400
0.168598
0.251491
0.237951
0.167476
0.340886
0.165069
0.268901
0.245745
0.223370
0.300909
0.267887
0.393748
0.221918
0.318379
0.128385
0.116987
0.268102
0.106198
0.240531
0.477489
0.345744
0.503014
0.470640
0.419677
0.504295
0.305846
0.274092
0.215233
0.168440
0.215033
0.280518
0.249214
0.164966
0.462950
0.412852
0.187793
0.267069
0.278273
0.618017
0.355218
0.356398
0.449427
0.209720
0.165531
0.421333
0.270713
0.297113
0.200635
0.168323
0.313279
0.395679
0.196675
0.264135
0.231666
0.185283
0.208909
0.148370
0.289591
0.203717
0.281123
0.248705
0.208158
0.243322
0.274868
0.351060
0.330585
0.316520
0.245138
0.211405
0.171349
0.270070
0.220455
0.204143
0.249170
0.267974
0.280076
0.225612
0.241193
0.147840
0.229805
0.150136
0.241019
0.174299
0.276468
0.266434
0.272007
0.308339
0.373960
0.274024
0.239140
0.309137
0.205287
0.213271
0.210725
0.243790
0.372548
0.223963
0.261053
0.096158
0.123811
0.117723
0.177721
0.251209
0.375040
0.287447
0.148059
0.090833
0.398169
0.441797
0.521330
0.497492
0.313558
0.221396
0.314515
0.214613
0.368914
0.183945
0.164908
0.257402
0.217972
0.388279
0.531074
0.301273
0.278090
0.266803
0.199950
0.345578
0.231214
0.400641
0.283937
0.288292
0.256428
0.131645
0.292706
0.123062
0.222730
0.254989
0.244163
0.267258
0.172856
0.144862
0.372010
0.241512
0.562878
0.536147
0.394583
0.208339
0.152330
0.230192
0.100329
0.323959
0.230445
0.385809
0.336480
0.137322
0.346213
0.433617
0.391548
0.261591
0.295387
0.322057
0.230337
0.113302
0.227337
0.232958
0.136252
0.282903
0.395084
0.379617
0.356058
0.135536
0.232018
0.324549
0.198024
0.158488
0.196592
0.204582
0.265700
0.329594
0.133428
0.118700
0.299483
0.204463
0.123249
0.356162
0.458624
0.287182
0.215878
0.151983
0.322427
0.362228
0.130137
0.363372
0.419800
0.255073
0.619663
0.264975
0.227589
0.259521
0.256433
0.167421
0.174729
0.197585
0.156542
0.413849
0.357552
0.161215
0.114351
0.252153
0.230279
0.292862
0.201928
0.221671
0.287858
0.209654
0.441296
0.598972
0.255937
0.149896
0.135164
0.143604
0.137535
0.232927
0.101344
0.330610
0.347660
0.340056
0.347670
0.238802
0.281152
0.541650
0.676151
0.282183
0.306563
0.152718
0.266183
0.091770
0.343199
0.370517
0.253445
0.116234
0.146373
0.315356
0.254705
0.347673
0.329882
0.133156
0.314902
0.148656
0.353436
0.439053
0.534712
0.243645
0.376008
0.156996
0.273292
0.224466
0.249119
0.301454
0.325832
0.302822
0.199668
0.181419
0.379044
0.270896
0.172459
0.216317
0.250038
0.154539
0.223361
0.254751
0.145767
0.231160
0.339204
0.355933
0.237890
0.375462
0.327670
0.409088
0.183266
0.165405
0.324597
0.313907
0.155759
0.187621
0.074853
0.232355
0.199291
0.310558
0.229878
0.240232
0.259055
0.339284
0.333669
0.228804
0.255719
0.258155
0.322704
0.571620
0.239479
0.154255
0.211194
0.178426
0.147690
0.133604
0.366111
0.365065
0.242225
0.159576
0.233397
0.281882
0.250509
0.146699
0.315321
0.184740
0.162807
0.237978
0.187065
0.224293
0.211576
0.528311
0.597371
0.552498
0.285204
0.125394
0.393248
0.157832
0.294507
0.232931
0.235635
0.241512
0.170985
0.236976
0.287080
0.345809
0.282241
0.218759
0.239771
0.229653
0.210098
0.214948
0.104674
0.284929
0.169082
0.163606
0.316381
0.261436
0.184077
0.296586
0.310885
0.154601
0.191270
0.105719
0.174644
0.217784
0.347420
0.101966
0.139780
0.285406
0.366151
0.325936
0.262722
0.083304
0.233393
0.336872
0.163995
0.474923
0.532827
0.422412
0.177737
0.248138
0.259815
0.238065
0.118431
0.299428
0.396553
0.265203
0.166700
0.253178
0.262458
0.468996
0.333522
0.296858
0.250997
0.257965
0.136038
0.415543
0.374952
0.348424
0.268977
0.346273
0.486046
0.399478
0.362340
0.297769
0.127277
0.163699
0.269033
0.248717
0.199895
0.201217
0.367259
0.173778
0.420745
0.375208
0.292085
0.264262
0.157819
0.209590
0.111755
0.168775
0.338442
0.183194
0.365401
0.271060
0.167061
0.105105
0.249631
0.424594
0.227668
0.223940
0.494751
0.280201
0.247019
0.280729
0.326055
0.353280
0.280350
0.293127
0.057560
0.360546
0.336013
0.282916
0.312147
0.171728
0.340580
0.536127
0.267583
0.382145
0.280290
0.323169
0.486397
0.232779
0.154771
0.085024
0.124243
0.358338
0.252238
0.294671
0.189276
0.300819
0.384934
0.296296
0.892129
0.449465
0.218257
0.198288
0.378562
0.185832
0.224466
0.221137
0.394088
0.129111
0.195493
0.244041
0.301869
0.228785
0.189555
0.184784
0.459815
0.377895
0.349718
0.334361
0.138701
0.136673
0.192320
0.272399
0.297841
0.308543
0.254755
0.316979
0.651672
0.553601
0.276491
0.239219
0.154317
0.251211
0.172469
0.211078
0.335557
0.279214
0.265263
0.413111
0.314188
0.276453
0.368093
0.345137
0.283680
0.221485
0.205609
0.164613
0.239905
0.160563
0.118160
0.261629
0.320410
0.135240
0.333556
0.337837
0.191136
0.160374
0.220297
0.265764
0.227738
0.314604
0.318979
0.351822
0.201790
0.364966
0.141535
0.280455
0.339552
0.503951
0.295168
0.415474
0.265298
0.128723
0.214149
0.312042
0.249868
0.181953
0.220358
0.188341
0.215325
0.185004
0.178285
0.281179
0.418074
0.505779
0.236747
0.366703
0.370647
0.332388
0.336172
0.164371
0.234807
0.232986
0.250968
0.363696
0.247158
0.255597
0.242481
0.125256
0.315076
0.331891
0.221224
0.071039
0.313593
0.240058
0.435277
0.236706
0.139842
0.267563
0.395034
0.594780
0.613581
0.285362
0.287952
0.270972
0.650364
0.506003
0.274147
0.124588
0.081672
0.130892
0.222853
0.166937
0.184632
0.242270
0.205393
0.327745
0.326943
0.506080
0.320155
0.419793
0.237612
0.272695
0.377001
0.416122
0.236012
0.193273
0.355876
0.133967
0.263267
0.297274
0.183759
0.146764
0.290129
0.242332
0.321562
0.209607
0.213076
0.211478
0.338621
0.254645
0.317244
0.320447
0.116212
0.255874
0.373380
0.436998
0.279631
0.271868
0.075876
0.425053
0.407622
0.381593
0.404690
0.139448
0.290370
0.199078
0.187720
0.221332
0.361456
0.192681
0.181326
0.157098
0.099368
0.259161
0.166185
0.194834
0.156817
0.164209
0.161723
0.165746
0.221613
0.217291
0.186735
0.112886
0.269269
0.264881
0.237531
0.330826
0.235788
0.096170
0.275245
0.332291
0.197116
0.218741
0.236655
0.273747
0.197182
0.261688
0.173386
0.294055
0.223347
0.257309
0.241016
0.132898
0.245426
0.338427
0.300675
0.234967
0.345978
0.278799
0.164148
0.232049
0.122736
0.305361
0.148526
0.250832
0.331364
0.463760
0.722446
0.635500
0.356388
0.273735
0.365822
0.469584
0.362976
0.214575
0.212314
0.285315
0.274916
0.134066
0.187703
0.234085
0.125959
0.166489
0.176994
0.389009
0.178854
0.252073
0.189867
0.411430
0.350832
0.328454
0.390526
0.246085
0.101927
0.186162
0.364025
0.217543
0.264564
0.347548
0.242249
0.341676
0.327656
0.377689
0.126018
0.185328
0.281120
0.215934
0.286182
0.176104
0.271632
0.291926
0.301993
0.143648
0.285139
0.213517
0.215956
0.086068
0.243838
0.345897
0.456973
0.364364
0.246282
0.347705
0.277093
0.159295
0.113392
0.159720
0.337654
0.276271
0.231930
0.461447
0.362166
0.161249
0.290112
0.180404
0.280070
0.245461
0.309789
0.442040
0.136406
0.095011
0.314885
0.278457
0.524937
0.234273
0.195639
0.215327
0.307999
0.332727
0.191133
0.368112
0.227062
0.181907
0.167865
0.248097
0.211716
0.247192
0.213167
0.341883
0.157820
0.248502
0.287045
0.109774
0.214081
0.223025
0.135663
0.203949
0.217338
0.252745
0.367099
0.229990
0.332983
0.400273
0.309439
0.334695
0.197280
0.161563
0.336782
0.171511
0.074573
0.232812
0.387659
0.231403
0.275119
0.478943
0.202464
0.443543
0.213852
0.200527
0.388390
0.395493
0.441128
0.371541
0.253560
0.239068
0.223673
0.202018
0.254436
0.146115
0.232858
0.217673
0.220081
0.167180
0.234766
0.289348
0.458532
0.377041
0.229350
0.372900
0.357642
0.200373
0.313354
0.441133
0.519954
0.313917
0.201750
0.160511
0.260232
0.393544
0.224706
0.220656
0.152403
0.240802
0.351468
0.240868
0.172007
0.152033
0.300987
0.242230
0.272996
0.173921
0.231385
0.162721
0.144903
0.222981
0.297005
0.261998
0.187406
0.226874
0.382343
0.233730
0.424798
0.529977
0.171206
0.205604
0.194944
0.304364
0.220225
0.088061
0.160072
0.260167
0.073396
0.205466
0.239280
0.132968
0.246290
0.202607
0.444272
0.247457
0.317734
0.416806
0.405085
0.529635
0.267800
0.245412
0.247514
0.322464
0.163973
0.302945
0.165408
0.426671
0.323844
0.178203
0.221809
0.372082
0.256850
0.253928
0.159560
0.251988
0.212385
0.295950
0.249454
0.179672
0.180553
0.186773
0.292834
0.366357
0.239469
0.167224
0.231781
0.510859
0.410441
0.394493
0.252154
0.122950
0.333875
0.165794
0.161041
0.224601
0.326989
0.101843
0.300564
0.226900
0.251711
0.209331
0.173851
0.178275
0.166465
0.299828
0.560481
0.279385
0.332510
0.142692
0.285213
0.256514
0.171263
0.197406
0.265179
0.261935
0.234413
0.122707
0.191368
0.244365
0.312201
0.291793
0.218400
0.216965
0.224672
0.366956
0.231844
0.501093
0.179434
0.167842
0.270407
0.161704
0.310910
0.199023
0.481203
0.252705
0.208995
0.253799
0.222063
0.181190
0.153034
0.247339
0.363875
0.329021
0.171041
0.371737
0.225885
0.180554
0.334639
0.386383
0.263362
0.228654
0.250414
0.330936
0.357539
0.385959
0.461313
1.108370
0.599377
0.280305
0.255524
0.140963
0.263326
0.261853
0.117881
0.165986
0.325197
0.291878
0.200287
0.121399
0.154848
0.119577
0.147394
0.172908
0.276683
0.229778
0.362870
0.340068
0.130577
0.195256
0.298822
0.239419
0.183850
0.133674
0.292454
0.317065
0.213414
0.159976
0.277952
0.272160
0.194824
0.393683
0.121428
0.128592
0.226406
0.226504
0.233338
0.270109
0.368863
0.148356
0.188180
0.103870
0.320224
0.155504
0.238564
0.440972
0.358240
0.426483
0.240339
0.342231
0.266428
0.111024
0.135329
0.290855
0.364619
0.298002
0.287574
0.233294
0.216511
0.173444
0.454799
0.331552
0.263313
0.146594
0.214516
0.262940
0.278262
0.322148
0.157961
0.191802
0.150680
0.213465
0.276629
0.389063
0.169431
0.184271
0.449529
0.682515
0.681273
0.318523
0.280450
0.203119
0.249325
0.177643
0.383613
0.295472
0.271598
0.089781
0.290162
0.281526
0.387217
0.343925
0.359632
0.168427
0.218247
0.485752
0.471326
0.376521
0.204500
0.276775
0.225227
0.134647
0.462377
0.265411
0.233406
0.144822
0.519902
0.332948
0.341483
0.140860
0.374546
0.161604
0.071691
0.184192
0.188871
0.216173
0.263009
0.202596
0.276053
0.298593
0.187332
0.314189
0.131246
0.193052
0.251427
0.273685
0.293564
0.324702
0.080819
0.197861
0.081396
0.248328
0.410198
0.262842
0.338787
0.172128
0.423476
0.297180
0.297820
0.339920
0.115992
0.303050
0.200839
0.239280
0.313143
0.186413
0.266416
0.443273
0.490464
0.452276
0.301593
0.221121
0.293263
0.306529
0.241980
0.245440
0.470070
0.527915
0.271975
0.227139
0.451590
0.208444
0.326359
0.205227
0.190563
0.307480
0.133712
0.179640
0.401456
0.352348
0.229135
0.203042
0.194384
0.351277
0.401190
0.205729
0.230649
0.154473
0.169826
0.241021
0.384520
0.254621
0.087802
0.236622
0.192179
0.326642
0.404094
0.142128
0.486002
0.305546
0.316804
0.142168
0.309978
0.297483
0.181441
0.275993
0.289411
0.347739
0.119064
0.318342
0.344253
0.233900
0.219269
0.448429
0.351201
0.321288
0.267344
0.222802
0.147478
0.195675
0.193048
0.509956
0.197089
0.479753
0.393152
0.503134
0.280808
0.410530
0.212884
0.187616
0.355953
0.286393
0.244221
0.078523
0.135927
0.271940
0.254859
0.164127
0.302934
0.173294
0.213224
0.179646
0.198298
0.218634
0.279594
0.175132
0.214796
0.196617
0.263901
0.226722
0.309642
0.229128
0.253906
0.062463
0.323384
0.237046
0.431850
0.456798
0.202600
0.258762
0.295270
0.272844
0.280188
0.120501
0.135537
0.341765
0.277369
0.376224
0.265627
0.280672
0.202027
0.310674
0.698027
0.393000
0.318559
0.290505
0.161882
0.114273
0.079775
0.206985
0.380087
0.307464
0.146134
0.080825
0.215215
0.337630
0.189649
0.198663
0.230189
0.118020
0.215330
0.154007
0.321436
0.116932
0.204065
0.364429
0.450855
0.233702
0.374955
0.204189
0.250485
0.213835
0.175117
0.234326
0.194601
0.260364
0.564929
0.158680
0.185273
0.310277
0.092226
0.204948
0.368104
0.222710
0.226308
0.343659
0.155884
0.271605
0.265201
0.337167
0.231257
0.175336
0.202047
0.230001
0.209887
0.085404
0.424930
0.345707
0.298118
0.372910
0.365113
0.169275
0.209160
0.297860
0.303095
0.338389
0.382553
0.144491
0.154648
0.399501
0.245695
0.153926
0.238318
0.174286
0.142353
0.356865
0.205398
0.198592
0.352678
0.212143
0.368756
0.163576
0.425738
0.174636
0.112759
0.300767
0.536622
0.887929
0.538385
0.195295
0.304233
0.308865
0.210297
0.504231
0.415785
0.248688
0.327519
0.314433
0.173746
0.319479
0.185254
0.193886
0.460681
0.365583
0.436928
0.145777
0.280761
0.321106
0.234693
0.295151
0.198199
0.223536
0.318944
0.226109
0.370207
0.149017
0.378788
0.287271
0.274773
0.313258
0.142159
0.254489
0.388269
0.100104
0.129464
0.180991
0.358012
0.240723
0.469810
0.577195
0.414574
0.351115
0.223827
0.112803
0.253066
0.242197
0.193387
0.163358
0.306357
0.209128
0.233348
0.314463
0.346587
0.121227
0.139203
0.120535
0.265499
0.187426
0.103237
0.242761
0.397202
0.194431
0.351492
0.230721
0.272164
0.254555
0.203497
0.307746
0.254874
0.225229
0.244048
0.256834
0.202392
0.350019
0.096815
0.352259
0.222210
0.169286
0.430645
0.140625
0.189089
0.216971
0.254869
0.241598
0.210973
0.293857
0.174520
0.272994
0.283789
0.264890
0.205529
0.212533
0.315949
0.218845
0.142799
0.177184
0.220075
0.195171
0.130111
0.320386
0.540895
0.394428
0.241280
0.170708
0.242804
0.252724
0.266009
0.268954
0.226015
0.341495
0.315419
0.243236
0.245099
0.193050
0.157178
0.123602
0.235783
0.363071
0.319916
0.222899
0.151196
0.246652
0.292377
0.424032
0.294189
0.281293
0.326644
0.286916
0.168583
0.146291
0.133855
0.145108
0.150312
0.133941
0.335776
0.133804
0.157592
0.302519
0.331838
0.357361
0.312340
0.311889
0.132822
0.184094
0.271482
0.162436
0.130535
0.085089
0.250151
0.180317
0.122692
0.259059
0.322647
0.254154
0.304999
0.392250
0.573887
0.389887
0.242759
0.420620
0.171408
0.224941
0.175619
0.174455
0.222866
0.339396
0.402535
0.316185
0.382735
0.319842
0.119563
0.357528
0.276183
0.242701
0.317028
0.343355
0.212618
0.251656
0.108574
0.121634
0.141061
0.348994
0.442467
0.523227
0.260591
0.432749
0.323185
0.328812
0.211336
0.283250
0.398447
0.512903
0.345444
0.162488
0.184116
0.226082
0.259493
0.149127
0.238397
0.229265
0.191031
0.122551
0.179926
0.087845
0.299937
0.125013
0.132699
0.186022
0.310881
0.136488
0.287046
0.107448
0.266522
0.710758
0.510203
0.300447
0.359683
0.180474
0.182759
0.164226
0.196465
0.117252
0.179666
0.193445
0.132280
0.185729
0.365382
0.194069
0.214380
0.296036
0.249821
0.159495
0.246692
0.202909
0.192057
0.096782
0.226554
0.327732
0.327774
0.320219
0.243327
0.230941
0.155098
0.254306
0.343868
0.425366
0.444352
0.459838
0.187464
0.159887
0.250987
0.342456
0.245437
0.356744
0.295271
0.237107
0.451971
0.440053
0.485316
0.245624
0.293203
0.465437
0.150712
0.258839
0.346927
0.253255
0.375008
0.295440
0.161228
0.172002
0.171439
0.243332
0.156313
0.173720
0.504340
0.174938
0.198993
0.191756
0.251505
0.162188
0.130045
0.163130
0.156519
0.279803
0.355366
0.266513
0.514026
0.224529
0.143215
0.258132
0.148618
0.158523
0.209342
0.342119
0.230887
0.444807
0.243699
0.204910
0.180634
0.401593
0.288850
0.243154
0.359763
0.193837
0.291843
0.212953
0.244959
0.291422
0.436043
0.129884
0.167898
0.098325
0.255757
0.216653
0.272499
0.264843
0.247730
0.276197
0.279607
0.286131
0.240228
0.201539
0.401186
0.251125
0.186946
0.207702
0.265317
0.225003
0.200584
0.316629
0.227427
0.213460
0.265446
0.240748
0.221939
0.300627
0.164908
0.182472
0.212214
0.152823
0.286295
0.310330
0.150079
0.186647
0.089345
0.153526
0.686928
0.883759
1.197747
0.118858
0.226018
0.195218
0.211302
0.190456
0.305251
0.273287
0.175193
0.262515
0.263876
0.331730
0.309200
0.437915
0.289466
0.681467
0.709067
0.614622
0.462981
0.295637
0.169526
0.206202
0.311008
0.126364
0.267435
0.181882
0.241857
0.357735
0.279823
0.118444
0.312888
0.230583
0.363712
0.234843
0.277306
0.380408
0.316296
0.275256
0.232088
0.352079
0.206875
0.113930
0.183364
0.278800
0.348634
0.312724
0.154960
0.130999
0.249427
0.213631
0.248532
0.200420
0.429551
0.228727
0.293414
0.583010
0.450599
0.438560
0.416276
0.346304
0.459536
0.513662
0.185096
0.121539
0.411608
0.286261
0.200041
0.232321
0.302583
0.335266
0.262144
0.240644
0.163597
0.257127
0.360178
0.353074
0.284701
0.160231
0.386149
0.224836
0.310508
0.294919
0.151367
0.177783
0.201120
0.346114
0.375203
0.196427
0.401420
0.493884
0.234594
0.156615
0.257824
0.198555
0.288068
0.162052
0.255719
0.212443
0.230236
0.182385
0.099719
0.195428
0.173818
0.405405
0.075356
0.218934
0.276178
0.151958
0.165781
0.271340
0.142006
0.119893
0.247221
