2.340058
2.231626
1.901725
2.128158
2.089974
1.845546
1.432835
1.778974
1.339182
1.717949
1.464019
1.524069
1.093376
0.958120
2.117402
1.160806
0.742769
0.871959
0.784500
0.533610
1.408543
0.723239
0.705656
0.588785
0.914861
0.792731
0.415745
0.486173
0.614877
0.222888
0.344239
0.528247
0.658470
0.449275
1.162898
0.363986
0.191732
0.392227
0.374388
0.612020
0.506806
0.268786
0.588590
0.627268
0.452894
0.529284
0.516049
0.411814
0.630659
0.230383
0.272058
0.284957
0.222341
0.904279
0.478111
0.377950
0.821752
0.751731
0.687681
0.384006
0.626005
0.268661
0.401283
0.859876
0.268581
0.340703
0.398248
0.495763
0.165119
1.010569
0.609521
0.563413
0.287028
0.367412
0.346332
0.178886
0.239722
0.236125
0.463883
2.053729
1.506846
0.558221
0.346641
0.274600
0.241811
0.224228
0.129446
0.378104
0.349239
1.019872
0.335107
0.696818
0.100935
1.057235
0.631276
0.533484
0.434231
0.241698
0.216144
0.183476
0.381409
1.225215
0.888237
0.581801
0.473639
0.450094
0.094356
0.730640
0.546660
2.253432
0.964216
0.239575
0.165850
0.256628
0.448436
0.098495
1.020784
0.353922
0.196200
1.260623
0.259614
0.417916
0.174049
0.083097
0.144865
0.378337
1.087541
0.583785
0.142074
0.498093
0.323004
2.041221
0.643099
0.739855
0.456406
0.488006
1.212848
0.285932
0.196657
0.228613
0.108249
0.730025
0.257479
0.373553
0.175033
0.312559
0.117458
0.470756
3.581096
1.762594
0.496117
1.385692
2.250808
1.055863
1.159589
1.120213
0.538803
0.879580
0.442142
0.443573
0.302968
0.453573
0.368261
0.351069
0.347972
1.123246
0.485228
0.550504
0.513358
2.282001
0.380469
0.158776
0.565668
0.288606
0.454383
0.493207
0.548352
0.819902
0.138089
1.217434
0.139422
0.693485
2.060400
0.531528
0.241609
0.482500
0.168354
0.287353
4.603971
0.512327
0.280647
0.288912
0.232008
0.402299
0.070941
0.178416
0.437002
0.658194
0.162242
0.124536
0.329365
0.136915
1.653951
1.175173
0.439644
0.305587
0.121334
0.096011
0.323947
0.429011
0.281115
0.466513
0.272560
0.566531
0.131644
0.505063
0.400099
0.416362
0.726358
0.378418
0.240468
0.202728
0.133532
0.171615
0.179292
1.703301
0.203631
0.185429
0.188562
0.512054
0.368804
0.131698
0.392940
0.918066
0.511241
0.199345
0.260264
0.417374
0.254622
0.568089
0.528311
0.394374
0.342489
0.140334
0.384784
0.287794
0.029061
0.081483
0.800522
1.201287
0.599490
0.117450
0.357529
0.192765
0.136045
0.798282
0.223530
0.580853
0.120299
0.182592
0.744768
0.697859
0.203434
0.211814
0.206570
0.709337
0.145853
0.463805
0.241919
4.977989
1.235368
1.227528
0.649755
0.650523
1.370791
0.642924
0.317814
0.475945
1.802770
1.116229
0.592631
1.065698
7.358567
1.532430
1.097687
0.692922
0.738812
2.150915
1.302630
1.324642
1.566909
0.820715
1.543214
1.480299
1.546015
0.362560
2.151803
1.138859
0.813017
0.819743
0.723778
0.194046
0.113000
0.236841
0.406149
0.296891
0.153683
0.527311
1.372869
1.533359
4.103851
2.820125
1.032781
1.148919
0.448397
0.690145
0.485328
0.453257
0.231761
0.248925
0.241183
0.113288
0.113766
0.355553
0.590058
0.178398
0.409908
0.205288
0.373329
0.462520
0.297856
0.148555
0.454792
0.128794
0.066173
0.171327
0.245343
0.066957
0.718300
0.459554
0.565922
1.970573
2.061482
4.184160
3.614793
2.642349
0.301891
0.627676
1.144016
2.152911
0.918822
0.723121
0.609893
0.249399
0.088930
0.474574
0.431109
0.801806
0.357564
0.328472
0.658267
0.485984
1.028744
0.700069
0.500345
0.177369
0.353431
0.232220
0.178020
0.358588
0.364929
0.133955
0.347103
0.099328
0.391677
0.764940
0.250179
0.491654
0.184971
0.210275
0.141688
0.211236
0.198641
0.865765
0.580121
0.536227
0.244228
0.402586
0.411530
0.156379
0.364219
0.924425
1.797038
0.514665
0.669460
0.581307
0.192006
0.176119
0.178636
0.163096
2.033991
0.532491
0.467416
0.292609
0.309289
0.077881
0.554713
0.277909
0.267373
0.145376
0.158253
0.116408
0.131212
0.274338
0.624547
0.237579
0.313096
1.735868
1.390117
2.439658
1.152511
0.569698
0.497015
0.232435
0.561872
0.582713
0.457939
0.684798
0.419371
0.546725
0.754755
0.343643
0.692181
0.512912
0.956312
0.309217
0.261074
0.231811
0.305587
0.318406
0.156551
0.766945
0.550988
1.724528
1.888795
0.748058
0.189143
0.219149
0.534404
0.354195
0.173796
0.359921
0.258568
0.495924
0.461708
0.362887
0.340079
0.634424
0.302142
0.210381
0.163830
1.386060
0.248244
0.193859
0.188403
0.685895
0.265285
0.118240
0.307425
0.291442
0.181697
0.171349
0.552876
0.900248
0.403757
0.138645
0.133075
0.513125
0.400424
0.131143
0.400025
0.200837
0.421210
0.639375
0.340858
0.355943
0.324004
0.200152
0.398683
0.445473
0.110262
0.184961
0.848087
0.476773
0.279009
0.278752
0.691639
0.625667
0.136010
0.217453
0.433693
0.210903
1.191031
0.544211
0.263025
0.133402
0.107574
1.409324
0.727348
0.157919
0.287482
0.204792
0.610751
0.180177
0.191545
0.348290
0.136068
0.403758
0.166870
0.197222
0.504185
0.508327
0.154638
0.162790
0.338290
0.193302
0.796247
3.112099
0.100915
0.307642
1.074007
0.632497
0.358069
0.287730
0.458101
0.311306
0.188050
0.253369
0.512011
0.228056
0.174501
0.337035
0.538731
0.065992
1.178294
0.854435
0.756982
0.443285
1.037337
0.227598
0.158414
1.036714
1.506383
0.536697
0.551179
0.638060
0.306846
0.268913
0.184100
0.587216
0.646543
4.676864
2.468001
9.587397
3.592607
10.821457
7.525297
2.431057
2.751335
2.399699
3.312044
4.200063
0.311037
0.350655
0.514134
0.211336
0.690261
0.418303
0.128408
0.483522
0.210077
0.198433
0.109317
0.131187
0.251359
0.498305
0.688461
0.311042
0.517833
0.195924
0.067327
0.293011
0.252448
0.462105
0.369552
0.486149
0.324854
0.203534
0.120240
0.103405
0.954071
0.577878
0.592571
0.215071
0.496269
0.197811
0.265092
0.123543
0.133989
0.180075
0.218342
0.086080
0.289914
0.155572
0.461384
0.205117
0.371277
0.549709
1.677597
1.677681
1.872642
0.686878
0.362366
0.336605
0.244537
0.666294
0.631212
0.555653
0.571263
0.207578
0.461088
0.175353
0.428889
0.142546
0.589905
0.296407
1.344574
0.352004
0.390600
0.347807
0.285238
0.132458
0.673032
0.518735
1.120917
0.353110
0.186873
0.166555
0.486449
0.239135
0.204768
0.623875
0.480246
0.225368
0.182245
0.490147
1.190989
0.295083
0.118067
0.273516
0.200692
1.202890
0.266218
0.625776
0.628544
0.392304
0.911134
0.172010
0.165954
0.392001
0.258402
0.918576
0.218546
0.141160
0.428601
0.056097
0.072008
0.075216
0.202774
0.623456
2.024166
1.197968
0.917836
1.064505
0.790032
0.722867
0.504390
0.494500
0.687464
0.674649
0.256967
0.219201
0.191218
0.308113
0.331585
0.243145
0.330797
0.537629
0.302418
0.232498
0.423547
0.291621
0.110231
0.501711
0.376643
0.175163
0.324357
0.399460
0.755775
0.176602
0.176561
0.347675
0.364226
0.363864
0.339330
0.367684
0.186005
0.079264
0.201535
0.288284
0.320650
0.301216
0.326566
0.324017
0.642071
1.698831
1.873903
0.398779
0.288664
0.875035
0.449687
0.139437
0.249224
0.212593
0.486091
0.480477
0.174743
0.104946
0.477706
0.418753
0.713836
0.291415
0.639231
0.191550
0.363281
0.152767
0.221557
0.418136
1.174105
3.930264
1.562174
1.674724
1.148206
1.190629
0.439652
0.485619
0.279899
0.344198
0.636709
0.453405
0.510366
0.222173
0.515969
0.921036
0.296438
0.194483
0.314446
0.210734
0.450712
0.539760
1.250835
0.516210
0.266379
0.101427
0.282469
0.239918
0.471722
0.976952
0.214654
0.143559
0.148744
0.285902
1.748138
0.204553
0.213246
0.110289
0.098706
0.106340
0.058259
0.397443
0.205647
0.158247
0.159852
0.417015
0.632433
0.335514
0.452324
1.105860
0.230549
0.362764
0.150302
0.415540
0.139949
0.332071
0.247521
0.064101
0.150373
0.152403
0.321694
4.086188
1.720030
1.125403
1.266209
0.447603
0.464387
0.221541
0.496594
0.539464
0.403468
0.315061
0.618469
1.682752
0.274903
0.225311
0.383318
1.490831
0.620372
0.789561
0.249560
0.441857
0.481189
1.040673
0.923583
0.198156
0.181588
0.331172
0.209031
0.299932
0.635916
0.941352
0.497856
0.194275
0.153865
0.254280
0.625987
0.394945
0.200707
0.388759
0.282658
1.083351
0.540185
0.173295
0.199916
0.215939
0.372937
0.612529
0.189892
0.288315
0.225686
0.387882
0.261234
0.407684
0.299669
0.147688
0.582700
3.457294
0.141031
0.116341
0.139459
0.318298
0.303249
0.240129
0.116363
0.201370
0.372278
0.906000
1.052121
0.784675
0.341062
0.871868
0.749741
1.120427
0.275754
0.384050
0.311047
0.208451
0.360372
0.591204
0.169894
0.426082
0.852821
0.119981
0.608740
0.152267
0.143244
0.558195
0.434522
0.185014
0.289901
1.085964
0.407256
0.367499
0.258587
0.457434
0.247066
0.458579
0.232968
0.359280
0.291421
0.096341
0.302004
0.499835
0.385404
0.227788
0.311198
0.110587
0.049820
0.233495
0.161620
0.159427
0.252035
0.063675
0.198462
0.057235
0.143164
0.304469
1.387513
0.220530
0.315646
0.382809
1.655645
0.377436
0.508544
0.385978
0.230914
0.281029
0.246012
0.770864
1.191305
0.680339
0.074707
0.214485
0.163783
0.243457
0.621600
4.217607
2.220236
1.960170
1.026103
1.143684
0.654648
0.539292
0.105943
1.671062
0.863485
0.769932
0.720042
0.344447
0.183581
0.333008
0.091431
0.190720
0.044435
0.096523
0.443948
0.036211
0.600760
0.324715
0.193697
0.307061
0.082115
0.230242
0.167669
0.136205
0.289340
0.220544
0.077667
0.248355
0.331686
0.491154
2.940010
0.851513
0.365141
0.327428
0.246914
0.175321
0.241221
0.311361
0.165537
0.305519
0.779427
0.159392
0.174271
0.259824
0.597780
0.936243
0.173646
0.358909
0.924690
1.174854
0.506712
0.212838
0.129088
1.052598
1.659418
1.926634
0.604366
0.356304
0.102260
0.291218
0.166595
0.227011
0.156068
0.512264
0.105372
0.053839
0.334870
0.120594
0.718640
0.542495
0.747766
0.174075
0.228234
0.249739
0.166510
0.338067
0.219663
0.104331
1.012420
1.792796
0.450576
0.386968
0.392610
0.398586
0.142815
0.478032
0.317554
0.234001
0.452015
0.555483
0.264535
0.285502
0.168277
0.186998
0.101140
0.867364
1.000560
1.013264
0.465842
0.271630
0.287328
1.075384
0.197327
0.335300
0.515608
0.814728
0.285093
0.472561
0.112484
0.138718
0.077582
0.411482
0.286856
0.464851
0.363699
0.237779
0.124329
0.106785
0.119365
0.308057
0.180458
0.543984
0.296763
0.798930
0.213199
0.339678
0.183710
0.275851
0.171725
0.807964
1.174375
0.794873
0.480481
0.306272
0.320626
0.659546
0.303074
0.182978
0.252852
0.220629
0.870358
0.255363
0.185852
0.367328
0.716041
0.214437
0.392573
1.139229
0.314861
0.613713
0.201535
0.235815
0.155788
0.212161
0.163168
0.703065
2.157089
4.775818
1.377362
1.846924
1.458610
0.736759
0.589984
0.640996
0.805531
0.243446
0.297676
0.261037
0.269274
0.393729
0.409240
0.166234
1.129960
0.467505
0.288731
0.295951
0.336412
0.097705
0.339373
0.106816
0.317454
0.394599
0.270645
0.403563
0.483229
0.372470
0.234969
0.522728
0.638837
0.568999
0.270603
0.366656
0.315941
0.200973
0.436167
0.574055
0.268929
0.402159
0.467643
0.231293
0.536674
0.418601
1.024167
0.295854
0.112242
0.629713
1.068858
0.406028
0.196636
0.296578
0.398086
0.275762
0.328819
0.183017
1.380693
0.262209
0.396214
0.305767
0.342115
0.626832
0.517375
0.370188
0.511541
0.617525
0.189222
0.281097
0.555296
0.494111
0.321148
0.359361
0.379738
0.359241
0.230645
0.756344
0.183519
0.099585
0.457090
0.224715
0.251856
0.263318
0.468249
0.100113
0.257059
0.601865
0.325331
0.194405
0.266217
0.476245
0.178353
0.372707
0.611686
0.356602
0.658156
0.289964
0.346017
0.169361
0.586711
0.300869
0.336817
0.364914
0.333614
1.641293
1.174389
0.209070
0.608948
0.372992
0.345666
0.774275
0.379288
0.235758
0.207162
0.572601
0.716355
0.470275
0.200448
0.248872
0.286497
0.372836
0.137006
0.611624
0.683439
0.604816
0.468322
0.348387
2.214748
0.372444
0.187253
0.225093
0.193847
0.187572
0.173836
6.853181
1.764698
1.671403
1.325603
1.148647
0.693906
0.700947
0.388269
2.052724
3.797879
2.203500
1.928012
1.265993
0.541786
0.613246
1.139457
1.639232
0.618895
0.509441
0.698920
0.455307
1.129046
0.420813
0.378033
0.719903
0.554132
1.076871
0.611215
0.395344
0.466796
0.572983
0.267370
0.256135
0.300694
0.646096
0.522221
0.371111
0.478526
0.791477
0.458634
0.928690
0.262244
0.308516
0.182013
0.432858
0.778824
0.606903
0.450005
0.339723
0.220388
0.252523
0.311226
0.273999
0.847810
0.225681
0.974637
0.529341
0.164107
0.286443
0.431831
0.408386
0.268621
0.255858
0.185802
1.055827
0.434714
0.404490
0.290279
0.495065
0.189945
0.275504
0.271521
0.515140
0.481225
1.499136
1.366567
0.280001
1.064581
0.168541
0.236025
0.502999
0.421950
0.827744
0.799284
0.156679
0.163168
0.358816
0.149521
0.233291
0.241879
0.210808
0.841910
0.320923
0.393117
0.530802
0.767149
1.123785
0.572079
0.446700
0.426322
0.923116
0.173890
0.539792
0.188685
0.595500
0.105925
0.648039
0.603761
0.357899
0.278398
0.204152
0.658184
0.513816
0.317746
0.461478
0.947701
0.832306
0.142651
0.159144
0.255747
0.234921
0.300565
2.260664
2.370555
1.565889
1.415118
1.681244
1.420527
0.968477
1.256894
0.649057
1.102576
0.509441
0.254716
0.310320
1.103803
0.608300
0.348513
0.417847
0.419402
0.146079
0.288998
0.201604
0.381238
0.357487
0.238113
0.151325
0.808680
0.494446
0.316983
0.409274
0.304625
0.504460
0.293315
0.356186
0.281330
0.497428
0.282119
0.229410
0.361168
0.262656
0.242032
0.408930
0.576952
0.559870
0.529340
0.949852
0.317811
0.238768
0.423619
0.176671
0.578695
0.546585
0.339562
0.237395
0.363820
0.141263
0.303827
0.418382
0.690992
0.497988
0.234925
0.552891
0.374157
0.456749
0.118992
0.526493
0.192349
0.380826
0.336576
0.385215
0.286993
0.906329
0.459732
0.429450
0.321906
0.657784
0.203996
0.591305
0.369817
0.350176
0.329924
0.164389
0.809230
1.687078
0.402703
0.385589
0.943061
1.253617
1.186436
0.624444
0.182699
0.630630
0.362810
1.017964
0.308665
0.774719
0.103640
0.276347
0.267554
0.156290
0.299930
1.436898
1.635288
0.426479
0.463481
0.308640
0.235574
0.145611
0.238115
1.041776
0.759776
0.306430
0.371673
0.548333
0.369251
0.247607
0.208666
0.163311
0.446536
1.095278
0.604381
0.442524
0.190213
0.252186
0.242203
0.309641
0.196920
0.118085
0.220664
0.546499
0.492510
0.203760
0.222139
0.616933
0.746189
0.357873
0.064671
0.241850
1.140093
0.449351
0.287264
0.385513
0.382199
0.128979
0.251833
0.279686
0.161694
0.450481
0.612329
0.660089
0.331107
0.360644
0.182322
0.162960
0.230636
0.169497
1.259054
1.058004
0.284576
0.569244
0.742168
0.295371
0.490482
0.602301
0.222351
0.191555
0.547060
1.240698
0.530747
0.259076
0.268677
0.262108
0.247794
0.630285
0.922137
0.635575
0.270275
0.275832
0.955966
1.126482
0.360281
0.202434
0.497850
0.237112
0.664736
0.299933
0.272357
0.588790
0.123768
0.435848
0.202756
0.317660
0.417585
0.234438
0.172096
0.486377
0.790573
0.229875
0.206513
0.493193
0.540636
0.303536
0.184585
1.023335
0.453058
0.229793
0.159106
0.281828
0.066057
0.356273
0.328112
1.043992
0.476823
0.348317
0.170180
0.219630
0.374691
0.377371
0.243928
0.081230
0.414465
1.165357
0.816375
0.714460
0.387948
0.129717
0.297251
0.193308
0.247651
0.220455
0.762050
0.492625
0.734565
0.495978
0.196261
0.180855
0.397574
0.104622
0.196378
1.634470
0.316771
0.098599
0.702567
1.148436
1.034568
0.521050
0.846935
0.228367
0.051342
0.187586
0.409429
5.775903
1.559118
1.018174
0.957193
0.436523
0.353950
0.442892
0.311302
0.088069
0.544295
0.186820
0.952118
0.912076
2.117593
0.980470
0.457847
0.263265
0.537349
0.122073
0.464113
0.361993
0.138981
0.670352
0.344634
0.216769
0.363902
0.483155
0.176967
0.169144
0.658479
0.145991
0.201366
0.543142
0.540262
0.280045
1.003393
0.594412
0.246742
0.162281
0.114155
0.338716
0.623096
0.074429
0.441513
0.199535
0.389058
0.893205
0.980631
1.824215
1.010910
0.629159
0.230341
0.092767
0.233857
0.337403
0.231337
0.202077
0.134516
0.167515
0.971340
0.233446
0.068374
0.264901
0.324837
0.390837
0.121822
0.089573
1.034652
0.310593
0.279529
0.329252
0.603186
0.610011
0.449977
0.697935
0.222670
1.204990
0.626228
0.326712
0.195673
0.185440
0.123053
0.175959
0.120361
0.274413
0.265254
0.116847
0.245466
0.048378
0.053128
0.246244
0.658809
0.270532
0.155225
0.131319
0.423051
0.383082
0.076919
0.121849
0.162137
0.614039
1.953264
1.552335
0.213327
0.115478
0.248828
0.160729
0.189939
0.378186
0.067545
0.299588
0.626772
0.185224
0.358622
0.406085
0.845794
0.285632
0.086780
0.117831
0.338952
0.418680
0.208959
0.068823
0.283477
0.634099
0.346021
0.168767
0.112907
0.249642
0.245793
1.291163
0.217922
0.160005
0.316553
0.337536
0.245371
0.150492
0.302376
0.184816
0.158597
0.358522
2.681745
1.837805
1.340205
1.440139
1.343009
2.333542
0.898562
0.947133
0.632446
1.072184
0.189997
0.467646
0.790632
2.847600
0.770561
0.516998
0.571271
0.434628
0.621924
0.116052
0.773980
0.296220
0.435766
0.286908
1.112847
0.491025
0.248741
0.307975
0.534302
0.451674
0.388170
0.134621
0.417539
0.320350
0.158901
0.416134
0.381675
0.236015
0.264166
0.349180
0.231670
0.172401
0.162524
0.166914
0.271727
2.266756
0.465272
0.190290
0.486801
0.155182
0.167417
0.134230
0.355915
0.229758
0.702514
0.486461
0.279154
0.178058
0.154024
0.261114
0.129430
0.279720
0.156725
0.113728
0.232034
0.428445
0.218167
0.373338
1.290830
0.439566
0.356009
0.243880
0.616434
1.421724
1.616037
0.751137
0.597668
0.669358
0.195836
0.325865
0.165200
0.301259
0.139578
0.495549
0.499525
0.753489
0.186738
0.281451
0.395314
0.363984
0.699394
0.183163
0.484287
0.185635
0.768053
0.206027
0.336829
0.238093
0.218393
0.738553
0.327175
0.276065
0.182774
0.321151
2.692071
0.389377
0.120664
0.258930
0.274535
0.328441
0.332782
0.199810
0.307061
0.241458
0.277300
0.373488
1.114666
0.304567
0.255867
0.140019
0.222190
0.208833
0.518574
0.207976
0.378246
0.308182
0.944667
0.707832
0.270869
0.206200
0.197959
0.290038
0.207334
0.290807
0.190927
0.443633
0.236474
0.239160
0.639329
0.394347
0.439106
0.478536
0.412273
0.328941
0.202245
0.245053
0.141585
0.307534
0.225389
0.288407
0.455847
0.089200
0.667448
0.172877
0.314949
1.099540
0.132037
0.105198
0.310578
0.136702
0.517306
0.765155
0.373215
0.276667
0.299951
0.432049
0.307587
0.467825
0.754550
0.184893
0.109808
0.439129
0.353971
0.584772
0.131017
0.224452
1.858600
0.518974
0.288910
0.154516
0.296946
0.292488
0.077948
0.133206
0.468657
0.466969
0.295013
0.172175
0.134433
0.113707
0.502200
0.215000
0.511409
0.322675
0.227290
0.276348
0.357013
0.139971
0.344616
0.417074
0.201715
0.771986
0.143232
0.155505
0.119200
0.111279
0.420978
0.501274
0.909106
0.449253
0.204311
0.456097
1.000006
0.850529
0.463087
1.885542
1.005405
0.688710
0.410167
0.142529
0.106163
0.498288
0.270766
0.083032
0.113071
0.443947
0.201354
0.137073
0.188540
0.338198
0.212479
0.918039
0.532333
2.588109
0.427967
0.304845
0.219959
1.549673
0.785625
1.276024
0.260109
0.155840
0.387902
0.469796
0.110935
0.467892
0.262049
0.268712
0.327410
0.484125
0.291641
0.346596
0.145415
0.858353
0.378120
0.178152
0.215229
0.137130
0.202774
0.179503
0.182012
0.609926
0.308007
0.599369
0.112375
0.890172
0.737858
0.471257
0.073708
0.530983
0.288235
0.158887
0.550730
1.314111
1.241587
1.731972
0.780400
1.537003
0.774856
1.402104
1.201494
0.939272
0.478258
0.540026
0.607382
0.199572
0.179809
3.154619
0.625287
0.551852
0.487200
0.532614
0.233472
0.594776
0.550799
0.300899
0.294638
0.367807
0.444536
0.289650
0.944126
0.637577
0.483307
0.243058
0.128750
0.354473
0.160071
0.404272
0.696263
0.666585
0.266230
0.980297
0.149617
0.244436
0.345440
0.279547
0.397785
0.075705
0.456178
0.307935
0.409556
0.493180
0.288118
0.155892
0.257156
0.098338
0.285474
0.123258
0.322536
0.734754
1.289069
0.738659
0.191239
0.137109
1.228979
0.193111
0.490157
0.246402
0.171577
0.092787
0.145498
1.177885
0.684737
0.142876
0.317622
0.195100
0.386371
0.404162
0.317255
0.753251
0.731575
0.377731
0.764170
0.179706
0.508715
0.252854
0.364679
0.233521
0.301173
0.409469
0.183893
0.175533
0.739270
0.491551
0.796474
0.351135
0.361021
0.170947
0.340881
0.128973
0.243123
2.350677
0.532877
0.527657
1.908390
4.514057
1.139518
1.014280
0.956969
0.529302
0.523440
1.518767
2.932021
1.556056
2.094382
0.897926
0.913052
0.551037
1.003124
0.538011
0.722631
0.462064
0.414677
0.251270
0.854938
0.799207
0.502299
0.359589
0.310992
0.487184
0.553186
0.106850
0.559899
0.084985
0.276752
0.555569
1.495186
0.148350
0.399714
0.396669
0.422791
0.176220
0.113491
0.152868
0.160625
0.254525
0.516772
0.762842
0.131359
0.243459
0.811389
0.460102
0.534393
0.249933
0.950314
0.271842
0.190186
0.967917
0.226384
0.134677
0.172454
0.389025
3.181184
1.488505
0.588885
0.428933
0.220543
0.307300
0.322452
0.181425
0.184784
0.548224
0.444192
0.499933
0.147198
0.512826
0.105658
0.349973
0.390731
0.689926
0.116597
0.249111
0.242498
0.099236
0.462081
0.377378
0.339863
0.623612
0.144951
0.318783
0.316592
0.271390
0.126687
0.126647
0.090547
0.418271
0.221861
0.505200
0.285936
0.544090
0.601294
1.069120
0.457542
0.314718
0.241708
0.303244
0.464558
0.103950
0.293195
0.090079
0.768707
1.713642
0.740435
0.664624
0.706185
0.173841
0.396502
1.683730
2.714979
1.560962
0.498879
0.752791
0.365598
0.347086
0.305507
0.282881
0.238933
0.393346
0.666215
0.412284
0.691675
0.348877
0.326905
0.204422
1.027469
0.594539
0.347363
0.399456
0.354550
0.103071
0.503160
0.223929
2.325182
0.650119
0.471650
0.265426
0.450723
0.259104
0.312455
0.575926
0.297833
0.717794
0.380224
0.124242
0.435523
0.446278
0.319263
0.504065
0.132713
0.429820
0.153526
0.945733
0.467689
0.197622
0.401528
0.083437
0.070345
0.173027
0.230116
0.303209
0.081707
1.040389
0.436352
0.137825
0.096366
0.174173
0.092216
3.621336
1.158788
0.848954
0.763783
0.525935
0.288286
0.372456
0.251877
0.770617
0.367481
0.272245
0.665481
0.506396
0.603183
0.262922
0.456432
0.184023
0.435738
0.480217
0.409506
0.293963
0.859747
0.378616
0.172201
0.159288
0.097419
0.311152
0.140490
1.855381
0.627448
0.963897
0.708228
0.544245
0.233560
0.394831
0.267560
0.137728
0.311150
1.040261
0.995323
0.519529
0.367788
0.294268
0.128166
0.248153
1.032442
0.170168
0.275889
0.091766
0.171180
0.239694
0.055662
0.258210
0.540389
0.929110
0.220712
0.313324
0.226917
0.274400
0.564703
0.187965
0.233181
0.168392
0.356336
0.961680
1.039335
0.194646
0.116248
0.783163
0.504845
0.492177
0.183581
0.280812
1.013172
0.258165
0.496134
0.515427
0.092543
0.311140
0.219343
0.361472
1.214442
0.800302
0.348457
0.359201
0.125832
0.152336
0.378818
0.906069
0.168855
0.244893
0.366957
0.362772
1.020453
0.816406
0.420690
0.332926
0.299515
0.491202
0.210024
0.399251
0.246684
0.152961
0.356330
0.373662
0.368436
0.239678
0.161020
0.214132
0.210881
0.952440
0.247661
0.361395
0.231158
0.593783
0.112798
0.809798
0.222161
0.183655
0.248929
0.742290
0.630655
0.303266
0.081876
0.106137
0.157665
0.304697
2.822868
5.083986
1.980556
1.231993
1.155920
0.631341
0.469841
0.058739
0.479922
0.557060
0.440431
0.318698
0.163102
0.272755
0.699672
0.775985
0.351800
0.210420
0.493768
0.254453
0.197016
0.444464
0.175599
0.337459
0.296644
0.110678
0.589398
0.113492
0.223346
0.535495
0.674678
0.207259
0.231846
0.571977
0.235900
0.137508
0.373501
1.366304
0.264630
0.351327
1.152691
0.330226
0.293049
0.502591
0.216115
1.114059
0.580114
0.141646
0.233301
0.354109
0.359381
0.295540
0.483156
0.304033
0.284258
0.132527
0.147543
0.373669
0.145993
0.183493
0.131417
0.193631
0.273583
0.613395
0.261352
0.385753
0.318630
0.273491
0.290499
0.665107
0.169368
1.045034
0.750575
0.245857
0.128015
0.447765
0.301416
0.952859
1.193622
0.591268
0.659839
0.275922
1.044717
1.201055
0.234279
0.229104
1.477125
3.160070
1.191696
0.964939
0.471516
0.271532
1.161082
0.833712
0.321199
0.137483
0.267982
0.131441
0.595083
0.443425
0.117734
0.720489
0.298699
0.322662
0.125830
0.106364
0.418048
0.363926
0.521896
0.298896
0.344327
0.367695
0.256668
0.286078
0.235670
0.214298
0.459831
0.444360
0.333202
0.523106
0.509283
0.099307
0.861252
0.324772
0.304134
0.178404
0.211104
0.377503
0.115570
0.323863
0.453275
0.490927
0.243481
7.665503
2.110318
2.784064
2.583944
2.410955
1.248058
1.016767
1.859436
1.442143
1.130513
1.710620
2.179856
0.744499
3.090008
0.799982
1.300895
0.877407
3.342472
2.184415
0.988765
1.395156
1.591998
1.171589
0.976203
1.899231
1.083081
0.565633
0.677251
1.092090
0.552709
0.392371
0.774875
0.466815
0.443196
0.459603
0.562079
0.331031
0.783469
0.360948
0.365702
0.645619
0.471950
0.365275
0.626023
0.890202
0.435794
0.169978
0.582388
0.833913
0.466301
0.550854
0.288396
0.501759
0.478807
0.363187
0.192724
0.593510
0.485192
0.813999
0.298630
0.494926
0.411411
0.831622
1.868967
0.827005
0.305191
0.449975
0.633484
0.738524
0.337356
0.325133
0.218256
0.356631
0.375046
1.085933
1.267161
0.475241
0.352192
0.387280
0.119738
0.554821
1.961175
0.311616
0.448036
0.378882
0.669557
0.437845
0.608673
0.347445
0.461353
0.247688
0.766218
0.330928
0.341537
0.627000
0.239315
0.377720
0.707746
0.734930
0.947426
0.451852
0.187476
0.648209
0.886506
0.386124
0.747969
0.303415
0.303674
0.181476
0.683962
0.628140
0.203939
0.346842
0.991342
2.706032
1.575568
1.873652
2.365155
1.597755
1.875565
1.745340
0.627409
0.719915
0.669221
0.268260
0.237270
0.403439
0.611720
0.884754
0.704049
0.183247
0.315441
0.214928
0.512755
0.270642
0.385369
0.566348
0.289504
0.493115
0.898830
0.507408
0.462155
0.701378
0.802025
0.858491
0.451978
0.267388
0.830379
0.442331
0.383218
0.404945
1.160870
0.640317
0.400229
0.311689
0.304931
0.339815
0.722772
0.407014
0.406544
0.227448
0.311508
0.444353
0.309461
0.268371
0.284505
0.749523
0.724629
0.426976
0.216191
0.269045
0.636365
0.447855
0.833888
0.678513
0.264113
0.385171
0.280094
0.643476
0.300749
0.498810
0.395545
0.379118
0.293946
1.188437
0.864460
0.438304
0.099404
0.517257
0.208971
0.289277
0.332462
0.274471
0.250356
0.487275
0.411252
0.834123
0.326237
0.638960
0.204324
0.297087
0.219379
0.346052
0.332854
0.386150
1.344851
0.240953
0.280170
0.189514
0.335547
0.539844
0.279839
0.355286
0.225180
0.303328
0.124043
0.113026
0.302224
0.100168
0.250726
0.493335
0.332768
1.126624
0.387152
0.366713
0.859881
0.377173
0.463469
0.147314
0.488270
0.598131
0.308024
0.595699
0.424659
0.233638
0.227931
0.322610
0.134944
0.495139
0.487039
0.285652
0.403931
0.328223
0.308806
0.832132
0.584088
0.299357
0.425662
0.215105
0.154329
0.494045
0.733902
0.418781
0.367350
0.294305
0.788007
1.244488
0.542928
0.306633
0.235454
0.061334
0.116768
0.241346
0.390829
0.275665
0.202861
0.140308
0.252167
0.198754
1.219594
0.306876
0.886274
0.469676
0.544685
0.250761
0.225505
0.378372
1.897257
0.549378
0.342138
0.360031
0.280632
0.260269
0.234746
0.301145
1.101037
0.250872
0.467649
0.207201
0.138809
0.382153
0.172767
0.147132
0.144475
0.187546
2.691530
0.377867
0.251917
0.639523
0.131633
0.261274
0.215355
0.298534
0.390843
0.214051
0.597535
0.457579
0.495948
1.019473
0.269547
0.151865
0.517542
0.174786
0.223368
0.394249
0.443479
0.583381
0.271543
0.157268
0.195125
0.285014
0.096752
0.372273
0.302568
0.513280
0.268291
0.205612
0.546267
0.545839
0.180031
0.258840
0.482208
0.435156
0.347757
0.144023
0.203370
0.305956
0.319518
0.359444
0.291576
0.348572
0.155716
0.893879
0.577482
0.257223
0.571986
0.516744
0.663681
0.271071
0.189536
0.274649
0.158726
0.207166
0.129646
0.314290
0.303950
0.595009
0.282604
0.173367
0.156819
0.318219
0.532764
0.929225
0.254188
0.163380
0.249354
1.023011
0.248055
0.139202
0.684173
0.132056
0.135934
0.213432
0.620472
0.552116
0.549413
0.288195
0.459667
0.243098
0.191247
0.247564
0.688744
0.164303
0.166989
0.231292
0.354531
0.335979
0.153742
0.240888
1.369350
0.761576
0.652830
0.320754
0.215147
0.412530
0.248230
0.347881
0.154469
0.122531
0.928098
0.177902
0.967164
0.598517
0.368997
0.114325
0.621911
0.133821
0.338282
1.843784
0.605213
1.227339
0.316355
0.568317
0.303938
0.178338
0.112862
0.150324
0.421799
0.131151
0.468916
0.292512
0.107717
0.290928
0.814265
0.196830
0.285656
0.183322
0.256214
0.060748
0.433571
0.678304
0.345560
0.204397
0.531437
0.519758
0.209602
0.224270
0.218483
0.165500
0.152701
0.128565
0.198277
