2.299253
2.348260
2.270614
2.224374
2.204277
2.070545
2.141515
2.092258
2.007126
2.003655
1.900556
1.958612
1.868218
1.820899
1.651836
1.608904
1.701600
1.528794
1.612525
1.133511
1.357919
1.764586
1.435653
1.087870
1.753840
2.044436
1.466177
1.051548
1.160861
1.020210
0.669682
0.795569
0.779686
1.061027
2.041154
1.809028
1.290169
0.510006
0.722836
0.622679
0.587540
0.909231
0.428293
0.701221
0.547853
0.553065
0.492294
0.623188
0.352357
0.566016
0.856283
0.581875
0.321831
0.566240
0.417251
0.285124
0.417013
0.610680
0.574802
0.531909
0.372422
0.791425
0.963370
0.847773
0.474328
0.652704
0.507444
0.344119
0.382285
0.450389
0.322751
0.249158
0.471859
0.400689
0.439525
0.297940
0.457771
0.291257
0.171899
0.192885
0.478371
0.374020
0.386339
0.826178
0.350230
0.333259
0.525015
0.370133
0.638469
0.441821
0.354345
0.461134
0.226535
0.158094
0.354416
0.355967
0.298170
0.247794
0.405219
0.280120
0.318999
0.148408
0.376417
0.397659
0.258722
0.170799
0.337879
0.494632
0.332967
0.262681
0.175692
0.263614
0.298586
0.497639
0.303212
0.322417
0.401581
0.301868
0.330543
0.634833
0.243890
0.375782
0.274729
0.458199
0.434179
0.545401
0.475499
0.454633
0.356076
0.794065
0.442627
0.308155
0.369534
0.452508
0.290098
0.201755
0.429458
0.578582
0.439702
0.262873
0.156299
0.223616
0.385225
0.525755
0.582805
0.904045
0.806467
1.472415
1.684767
1.813670
0.757123
0.539802
0.572568
0.508629
0.326159
0.166922
0.221355
0.475260
0.292743
0.200424
0.176254
0.354979
0.252429
0.393768
0.258986
0.283324
0.148662
0.444111
0.410961
0.640085
0.387117
0.174044
0.114263
0.170256
0.237631
0.335450
0.296438
0.270295
0.220711
0.468117
0.499031
0.258298
0.307034
0.160864
0.383095
0.465617
0.333798
0.609156
0.287954
0.371404
0.345306
0.184442
0.406032
0.203598
0.310635
0.303222
0.179778
0.210073
0.301705
0.275424
0.213298
0.356370
0.147811
0.228945
0.343642
0.278307
0.309442
0.396964
0.565654
0.584046
0.268506
0.273003
0.291880
0.637320
0.491693
0.301696
0.239831
0.292351
0.403628
0.693287
0.408329
0.624936
0.117214
0.285878
0.224212
0.399917
0.342539
0.395004
0.380486
0.346521
0.329946
0.373294
0.473547
0.270350
0.211216
0.184281
0.419692
0.306105
0.171602
0.338496
0.350692
0.431352
0.232773
0.300804
0.216768
0.272832
0.205435
0.193575
0.309872
0.508907
0.371744
0.255461
0.230559
0.368601
0.196005
0.229140
0.300625
0.302977
0.276665
0.199777
0.440886
0.215274
0.524739
0.269700
0.260646
0.319844
0.188143
0.328843
0.325738
0.279355
0.311773
0.258707
0.351306
0.110620
0.259600
0.146189
0.288931
0.186261
0.364503
0.440283
0.230359
0.654340
0.334933
0.507963
0.340623
0.315629
0.476397
0.270483
0.344950
0.201911
0.486181
1.297320
3.065309
0.713434
1.069655
0.244403
0.316236
0.413622
0.303358
0.363458
0.623881
0.117084
0.215998
0.296666
0.350051
0.282418
0.301898
0.306548
0.469905
0.321409
0.293058
0.304821
0.259513
0.365487
0.409647
0.200035
0.243309
0.266438
0.195730
0.386750
0.573034
0.468528
0.386586
0.905845
0.335603
0.195258
0.364592
0.440632
0.337987
0.165361
0.236024
0.399316
0.334021
0.254703
0.413335
0.153228
0.285216
0.258235
0.233426
0.206686
0.354778
0.473838
0.402178
0.394944
0.386928
0.250287
0.446674
0.217859
0.164591
0.188389
0.268599
0.341046
0.176347
0.303656
0.435340
0.162877
0.360639
0.421662
0.376159
0.528261
0.502885
0.290519
0.326313
0.284491
0.333435
0.279888
0.165803
0.293135
0.391666
0.448036
0.237266
0.289807
0.283674
0.275971
0.186574
0.321733
0.149197
0.356691
0.667745
0.713344
0.215196
0.308536
0.241563
0.099078
0.293319
0.316572
0.310214
0.328943
0.220731
0.248295
0.410579
0.295238
0.220742
0.221957
0.309665
0.525869
0.258774
0.303448
0.394890
0.237365
0.111676
0.309967
0.201874
0.185241
0.278687
0.435233
0.487986
0.475569
0.212143
0.338862
0.229978
0.206898
0.130848
0.398489
0.424377
0.353752
0.504972
0.112637
0.270816
0.347027
0.361688
0.484419
0.286722
0.117356
0.302458
0.397738
0.268655
0.454752
0.277319
0.247119
0.407394
0.297320
0.314127
0.391546
0.341931
0.177284
0.342959
0.125676
0.419179
0.498897
0.612999
0.522773
0.429148
0.280466
0.233415
0.179048
0.339015
0.424132
0.309168
0.277271
0.230924
0.292311
0.258052
0.331678
0.300938
0.429804
0.353915
0.352849
0.310380
0.284557
0.216111
0.201981
0.307014
0.283584
0.327654
0.720126
0.240601
0.358636
0.202977
0.315821
0.205847
0.169161
0.256629
0.331493
0.312866
0.452780
0.277764
0.173941
0.252012
0.291688
0.270191
0.322161
0.448037
0.266664
0.254909
0.296182
0.336369
0.261328
0.365951
0.351012
0.226683
0.273122
0.260541
0.340636
0.212725
0.405752
0.310857
0.205094
0.273713
0.307317
0.114541
0.149593
0.229989
0.354998
0.293546
0.364541
0.174258
0.195772
0.153670
0.137575
0.255913
0.281769
0.366764
0.157099
0.136697
0.162987
0.187639
0.257448
0.250963
0.337821
0.350572
0.315325
0.201996
0.259755
0.391656
0.177062
0.304109
0.165140
0.202830
0.248299
0.288245
0.536200
0.141283
0.319653
0.499832
0.345473
0.231479
0.231793
0.352418
0.244736
0.166895
0.248832
0.245459
0.225772
0.116285
0.302166
0.301111
0.283977
0.258515
0.259113
0.421018
0.282576
0.207766
0.224425
0.485547
0.382045
0.337393
0.340170
0.427456
0.277544
0.164910
0.225908
0.308637
0.313715
0.210123
0.341162
0.222391
0.274396
0.388405
0.172789
0.215297
0.312047
0.316664
0.274045
0.308122
0.307271
0.289073
0.257401
0.137800
0.368053
0.429793
0.381908
0.354037
0.391496
0.426168
0.304157
0.407277
0.230708
0.230120
0.238016
0.401035
0.329034
0.181234
0.419536
0.143023
0.168100
0.136159
0.253660
0.335601
0.310876
0.204510
0.385546
0.368508
0.127944
0.345503
0.508822
0.569804
0.393392
0.169001
0.293630
0.143094
0.283620
0.298386
0.206540
0.189143
0.272701
0.280324
0.234883
0.181624
0.376233
0.467629
0.648591
0.566082
0.361207
0.487362
0.380342
0.309655
0.290431
0.256902
0.316147
0.258021
0.417688
0.227659
0.221951
0.173993
0.357234
0.238546
0.294595
0.445876
0.292018
0.246217
0.206464
0.385739
0.211812
0.156826
0.190623
0.593521
0.388186
0.207916
0.118873
0.365528
0.363359
0.278436
0.400546
0.387673
0.161632
0.225877
0.172286
0.149237
0.213204
0.258649
0.303440
0.257385
0.433316
0.322474
0.185484
0.252297
0.219894
0.283166
0.178715
0.265010
0.209851
0.196476
0.299920
0.349061
0.341628
0.280584
0.146175
0.232101
0.178757
0.171498
0.181342
0.310542
0.164892
0.272059
0.212492
0.252724
0.253424
0.463213
0.451079
0.290038
0.352350
0.245645
0.247018
0.123256
0.158069
0.229689
0.296870
0.241901
0.416493
0.441979
0.288496
0.456200
0.195415
0.232137
0.161809
0.326885
0.194194
0.203693
0.403783
0.212442
0.185231
0.131671
0.381930
0.221221
0.272736
0.347019
0.185520
0.151439
0.327117
0.256170
0.286622
0.388534
0.331574
0.182139
0.214082
0.641392
0.214502
0.148127
0.070432
0.316776
0.212637
0.132922
0.396220
0.365752
0.515430
0.336945
0.465506
0.246399
0.336824
0.295235
0.266848
0.293811
0.292661
0.303082
0.233475
0.320346
0.179749
0.157152
0.289413
0.227028
0.140381
0.159712
0.286256
0.267052
0.335784
0.286842
0.359502
0.439594
0.231323
0.311330
0.424174
0.468590
0.162629
0.339320
0.355719
0.281238
0.445863
0.294290
0.186790
0.415568
0.384783
0.255134
0.253549
0.234942
0.222645
0.222782
0.264693
0.362429
0.445156
0.266206
0.194867
0.226969
0.254150
0.420221
0.289682
0.302537
0.525497
0.253784
0.315924
0.319588
0.198756
0.276866
0.346579
0.451071
0.311345
0.224139
0.160839
0.238090
0.196469
0.180892
0.708315
0.552358
0.491872
0.285780
0.186742
0.310086
0.237018
0.116576
0.337334
0.305473
0.186885
0.385283
0.130623
0.293280
0.151924
0.306544
0.228182
0.166439
0.240514
0.303073
0.229009
0.246416
0.384447
0.965455
0.508657
0.247691
0.345664
0.567256
0.307400
0.366393
0.143645
0.413865
0.381962
0.299846
0.216533
0.407931
0.208910
0.197535
0.230341
0.326630
0.282433
0.208749
0.183538
0.394884
0.411638
0.381981
0.383847
0.378936
0.172631
0.216016
0.142561
0.117020
0.313732
0.388544
0.451496
0.170207
0.414640
0.120430
0.299373
0.272116
0.194507
0.201252
0.304198
0.262917
0.186564
0.298446
0.427792
0.285951
0.263100
0.220880
0.213240
0.183400
0.197111
0.151271
0.272700
0.373293
0.361722
0.356991
0.322130
0.266675
0.255178
0.317500
0.374408
0.365479
0.276637
0.294514
0.264552
0.143423
0.128103
0.525851
0.248079
0.241288
0.245173
0.270273
0.252849
0.151150
0.132857
0.192431
0.280271
0.363239
0.165702
0.197898
0.142065
0.126499
0.152072
0.087325
0.252936
0.390045
0.421177
0.513097
0.168775
0.247460
0.388226
0.438465
0.558088
0.650225
0.284400
0.162115
0.207353
0.189458
0.255232
0.281390
0.105092
0.441608
0.481043
0.398668
0.281558
0.397237
0.249251
0.275358
0.433383
0.602839
0.364134
0.183119
0.219687
0.409716
0.399378
0.306597
0.173015
0.276477
0.300819
0.278679
0.225899
0.332182
0.326087
0.228320
0.187926
0.228973
0.225221
0.281208
0.352786
0.272837
0.162355
0.221035
0.279544
0.238560
0.191891
0.284590
0.565842
0.314911
0.530799
0.314553
0.218326
0.295239
0.263850
0.186648
0.208760
0.417671
0.209154
0.210503
0.306427
0.235584
0.264399
0.152847
0.194072
0.227604
0.303029
0.217520
0.448063
0.597978
0.132465
0.425302
0.258210
0.228297
0.245078
0.261185
0.315529
0.349577
0.347404
0.328025
0.338855
0.337230
0.658517
0.506751
0.320245
0.247011
0.150562
0.186773
0.161434
0.268337
0.550434
0.204569
0.297955
0.245057
0.180330
0.245823
0.401852
0.242991
0.223760
0.203308
0.249135
0.160959
0.211638
0.347545
0.238509
0.297462
0.345482
0.320916
0.290308
0.347312
0.094863
0.217236
0.240937
0.383399
0.185143
0.239565
0.274539
0.097956
0.225193
0.225654
0.185449
0.273940
0.251522
0.253164
0.213704
0.310437
0.360933
0.651190
0.431676
0.194062
0.344281
0.362064
0.247650
0.251705
0.190788
0.192633
0.257778
0.220274
0.286900
0.423775
0.472568
0.347482
0.559330
0.293564
0.218857
0.168583
0.177166
0.320098
0.187290
0.357459
0.232508
0.297152
0.390010
0.186512
0.236995
0.288974
0.314988
0.230728
0.349211
0.467063
0.240029
0.155763
0.180481
0.269879
0.500538
0.157848
0.316155
0.160444
0.341270
0.160732
0.223364
0.165594
0.158237
0.245960
0.251183
0.261333
0.232584
0.497620
0.387933
0.440235
0.526505
0.269042
0.192591
0.270760
0.306932
0.285477
0.297890
0.610098
0.591869
0.377085
0.387823
0.465462
0.253382
0.298536
0.453939
0.211622
0.374097
0.376989
0.258165
0.475171
0.180953
0.358413
0.234441
0.219503
0.194185
0.426726
0.147309
0.202243
0.385921
0.341381
0.317511
0.242748
0.247824
0.184827
0.360217
0.164978
0.227512
0.191018
0.253988
0.263435
0.115978
0.174315
0.255657
0.319316
0.277201
0.260171
0.300017
0.311272
0.312830
0.190498
0.108550
0.164534
0.224654
0.254164
0.219158
0.304237
0.152144
0.231514
0.128207
0.254222
0.199265
0.193080
0.169466
0.274155
0.445474
0.377772
0.252336
0.364999
0.801798
0.392874
0.296037
0.118997
0.225345
0.127435
0.259268
0.210736
0.225800
0.334805
0.276605
0.527216
0.580752
0.561773
0.453676
0.201767
0.222389
0.098319
0.291205
0.302373
0.185613
0.192049
0.292091
0.421307
0.338539
0.477105
0.261393
0.318901
0.119393
0.410966
0.237896
0.265630
0.453619
0.295712
0.323984
0.238732
0.215215
0.304939
0.283984
0.282561
0.181458
0.457382
0.154058
0.277049
0.113667
0.158196
0.158508
0.217974
0.323231
0.338256
0.187455
0.116826
0.444078
0.197463
0.299939
0.313375
0.179410
0.194171
0.334367
0.375089
0.299109
0.322375
0.313850
0.321052
0.261077
0.114898
0.195503
0.468591
0.346647
0.366099
0.244328
0.229018
0.328152
0.307684
0.351703
0.230098
0.246563
0.474191
0.446353
0.374651
0.291814
0.227063
0.171142
0.158882
0.217595
0.555498
0.343176
0.291554
0.267973
0.210373
0.239400
0.259986
0.171145
0.179701
0.212348
0.247983
0.203089
0.173230
0.273688
0.289344
0.224308
0.328883
0.273036
0.142234
0.271353
0.376123
0.233327
0.308209
0.292225
0.227566
0.265983
0.168695
0.225967
0.264597
0.126031
0.197282
0.254211
0.251133
0.289346
0.351158
0.661731
0.160983
0.208776
0.168379
0.249020
0.235169
0.334531
0.278808
0.276837
0.211892
0.339451
0.121068
0.236855
0.320785
0.151285
0.440535
0.362875
0.374992
0.188007
0.287642
0.090667
0.242203
0.475054
0.296988
0.266229
0.436504
0.318457
0.149450
0.244463
0.248840
0.236003
0.249969
0.233831
0.312508
0.447643
0.350673
0.296213
0.343236
0.209456
0.181970
0.311773
0.168758
0.121312
0.341535
0.456349
0.544237
0.426833
0.542533
0.377845
0.229456
0.295779
0.384757
0.176886
0.380159
0.356865
0.177202
0.166794
0.168153
0.388838
0.416571
0.155499
0.103920
0.186094
0.565033
0.579828
0.316108
0.203464
0.206081
0.179652
0.211252
0.232700
0.157091
0.067401
0.224640
0.134463
0.148079
0.322735
0.278196
0.396169
0.510831
0.419090
0.185836
0.326532
0.549051
0.320647
0.249691
0.277495
0.319845
0.469748
0.357168
0.257195
0.466639
0.287717
0.148836
0.165342
0.219799
0.148363
0.211962
0.194237
0.149631
0.184812
0.237528
0.707258
0.255846
0.167456
0.129353
0.261821
0.231927
0.175603
0.167763
0.229734
0.260316
0.421149
0.362659
0.295389
0.169805
0.431977
0.291454
0.249154
0.184918
0.280372
0.292579
0.273401
0.151995
0.306641
0.192726
0.372999
0.206407
0.233424
0.354370
0.211356
0.252830
0.100821
0.348305
0.331601
0.383487
0.290274
0.201579
0.249558
0.264502
0.228125
0.330413
0.266430
0.284053
0.382496
0.159829
0.224815
0.404256
0.387410
0.220039
0.185019
0.349597
0.391246
0.341862
0.457784
0.342360
0.229406
0.206612
0.164373
0.346961
0.272290
0.290400
0.410799
0.363566
0.382359
0.122501
0.276654
0.264558
0.165579
0.141793
0.165899
0.154021
0.236512
0.337981
0.187120
0.194133
0.365848
0.510037
0.326207
0.382609
0.393108
1.011735
0.546714
0.349486
0.344857
0.223198
0.276200
0.311770
0.251178
0.213094
0.108426
0.240719
0.475851
0.158784
0.316786
0.225051
0.193239
0.270149
0.251511
0.253935
0.199268
0.261103
0.275662
0.194844
0.261325
0.230347
0.147340
0.252194
0.339801
0.179611
0.178787
0.167710
0.153456
0.359831
0.210692
0.173865
0.252816
0.249353
0.169726
0.248060
0.237377
0.209484
0.304891
0.135013
0.201968
0.174303
0.235928
0.336128
0.431556
0.295822
0.196781
0.247231
0.232356
0.522506
0.499112
0.207003
0.307220
0.149774
0.206935
0.280234
0.333706
0.194037
0.246052
0.477648
0.276782
0.283911
0.365079
0.465175
0.227198
0.269089
0.279081
0.205143
0.300968
0.150702
0.292695
0.321312
0.199268
0.450018
0.577789
0.296081
0.233461
0.164567
0.182971
0.234405
0.274726
0.287449
0.383424
0.574648
0.245463
0.328764
0.147982
0.311499
0.497348
0.148169
0.327591
0.232431
0.250945
0.285015
0.325846
0.254367
0.180976
0.396778
0.272241
0.378262
0.461399
0.483527
0.330799
0.276599
0.391947
0.275961
0.132599
0.236510
0.168078
0.216830
0.137737
0.279221
0.156169
0.420180
0.178804
0.202988
0.213671
0.276309
0.269433
0.179303
0.325491
0.234833
0.275061
0.595337
0.300299
0.265712
0.175726
0.198488
0.222531
0.292552
0.223785
0.294443
0.247312
0.313820
0.244330
0.292353
0.141019
0.173586
0.198301
0.087560
0.358944
0.290652
0.232126
0.354556
0.613441
0.247256
0.365364
0.247439
0.184547
0.253693
0.179903
0.313605
0.339612
0.178120
0.431923
0.249307
0.151286
0.192382
0.180641
0.166253
0.135505
0.403731
0.289809
0.356606
0.444390
0.385693
0.295458
0.279388
0.226960
0.328831
0.189640
0.304777
0.160526
0.253495
0.486748
0.337994
0.535963
0.288393
0.461819
0.215569
0.306616
0.391787
0.174669
0.266595
0.244920
0.194199
0.215817
0.383030
0.344540
0.224587
0.314834
0.460802
0.419950
0.230626
0.171110
0.206429
0.177184
0.231590
0.483188
0.305564
0.153844
0.258649
0.116658
0.441772
0.375184
0.220363
0.367246
0.146988
0.120117
0.156066
0.143777
0.271160
0.465726
0.379222
0.708877
0.339392
0.261715
0.332688
0.180195
0.264759
0.263421
0.406135
0.314646
0.224649
0.258426
0.190171
0.231887
0.329813
0.385007
0.227576
0.301254
0.339477
0.211127
0.236880
0.146866
0.254111
0.290284
0.315006
0.215399
0.073670
0.170500
0.149386
0.105649
0.432449
0.346393
0.212830
0.250470
0.146600
0.303855
0.137813
0.210687
0.142613
0.196241
0.243407
0.168672
0.270684
0.322951
0.191514
0.249461
0.201811
0.213904
0.409243
0.843673
0.722489
0.378620
0.258625
0.308737
0.273906
0.254437
0.215951
0.260792
0.254626
0.140397
0.273268
0.417182
0.614749
0.265331
0.368248
0.266342
0.511486
0.288244
0.389983
0.321774
0.195703
0.153572
0.188917
0.258486
0.217929
0.541336
0.180869
0.231165
0.343767
0.265587
0.346024
0.088504
0.229732
0.247697
0.312519
0.148148
0.171705
0.329169
0.329639
0.203741
0.104633
0.171733
0.086747
0.225875
0.270914
0.404628
0.157270
0.212707
0.392760
0.251850
0.390768
0.357089
0.363355
0.145568
0.348497
0.198425
0.197687
0.257741
0.242821
0.221608
0.200992
0.205753
0.186830
0.200374
0.548492
0.325627
0.234761
0.506437
0.297250
0.205098
0.275202
0.211307
0.257279
0.229602
0.355270
0.153531
0.334422
0.268419
0.320297
0.635995
0.363151
0.395525
0.273868
0.332486
0.226102
0.251705
0.151090
0.272728
0.249285
0.153223
0.143289
0.223342
0.164714
0.278756
0.273109
0.492015
0.476087
0.547945
0.192269
0.643554
0.208598
0.312164
0.276166
0.381011
0.179476
0.180287
0.244924
0.334883
0.155270
0.251911
0.303362
0.326878
0.164521
0.278787
0.160234
0.174915
0.269387
0.312740
0.163383
0.193719
0.157801
0.263411
0.209111
0.102230
0.277391
0.189214
0.185168
0.298726
0.315719
0.394621
0.305710
0.163400
0.299811
0.217838
0.179962
0.227086
0.152963
0.290278
0.264194
0.120816
0.365498
0.325310
0.304883
0.126335
0.253877
0.599107
0.148222
0.264068
0.195157
0.384952
0.373026
0.318933
0.386865
0.309607
0.229776
0.349762
0.333395
0.245293
0.298718
0.546111
0.398598
0.279637
0.338415
0.394989
0.338078
0.304548
0.317952
0.211506
0.176446
0.256222
0.359732
0.573467
0.828223
0.651580
0.267123
0.241361
0.209311
0.245098
0.272343
0.343879
0.143351
0.275806
0.338697
0.249296
0.317824
0.496674
0.441720
0.206477
0.250668
0.078012
0.144156
0.128532
0.244533
0.111672
0.205516
0.382120
0.428199
0.466732
0.402408
0.270563
0.296834
0.211570
0.210105
0.286598
0.185094
0.285812
0.291545
0.144039
0.201414
0.371604
0.350106
0.269626
0.302338
0.137773
0.210818
0.231832
0.235279
0.286127
0.379865
0.231287
0.233545
0.261590
0.214444
0.423269
0.555111
0.445588
0.338973
0.336389
0.172794
0.379275
0.267284
0.144586
0.297655
0.285662
0.275875
0.278360
0.259282
0.139893
0.344770
0.279339
0.381723
0.276140
0.181347
0.109573
0.430243
0.205464
0.279995
0.287334
0.179282
0.247495
0.178570
0.254135
0.497913
0.324622
0.221303
0.116260
0.295051
0.250953
0.141553
0.472082
0.392886
0.258945
0.524904
0.358760
0.248527
0.316861
0.343502
0.203957
0.183486
0.294063
0.288512
0.253832
0.163145
0.097143
0.115756
0.225014
0.311973
0.129828
0.293919
0.296219
0.308382
0.163042
0.203614
0.135483
0.414153
0.437265
0.362817
0.353315
0.137139
0.345411
0.152959
0.288823
0.145350
0.237837
0.385792
0.364210
0.247099
0.361199
0.500987
0.238544
0.294235
0.263878
0.211764
0.213381
0.208927
0.155790
0.265599
0.200556
0.188958
0.272286
0.194984
0.193475
0.298298
0.270034
0.194582
0.399236
0.360730
0.296705
0.535979
0.379234
0.341161
0.267551
0.246102
0.426845
0.331378
0.309925
0.356690
0.345904
0.465636
0.305344
0.477078
0.282084
0.078083
0.186818
0.235592
0.238668
0.114312
0.302164
0.242354
0.239442
0.169180
0.484381
0.449252
0.214665
0.311957
0.427543
0.241812
0.357383
0.222883
0.213702
0.292425
0.395058
0.340890
0.191789
0.453746
0.329041
0.199366
0.255214
0.154807
0.308897
0.224665
0.237799
0.218894
0.361891
0.373013
0.562142
0.509298
0.226633
0.314337
0.179068
0.195607
0.404971
0.314082
0.424966
0.231832
0.263111
0.164221
0.235448
0.119409
0.178607
0.176584
0.249060
0.302985
0.200339
0.411010
0.259710
0.304347
0.192892
0.266739
0.288087
0.333938
0.508565
0.483267
0.364317
0.413229
0.382931
0.234191
0.274077
0.153262
0.253509
0.107791
0.108917
0.555815
0.370262
0.200007
0.166322
0.282772
0.201824
0.302934
0.242023
0.276750
0.335123
0.232772
0.404569
0.441679
0.259818
0.225195
0.231423
0.189145
0.204173
0.347245
0.142951
0.292767
0.243460
0.311178
0.381361
0.220261
0.184946
0.166095
0.324740
0.225686
0.295981
0.272598
0.177874
0.251898
0.176773
0.161332
0.270246
0.332779
0.380367
0.500412
0.251668
0.333422
0.108134
0.273820
0.212425
0.120297
0.084569
0.106518
0.150732
0.241864
0.208601
0.249421
0.262415
0.182652
0.323834
0.222027
0.255081
0.259176
0.444661
0.150350
0.282036
0.265919
0.417551
1.418384
1.080083
0.476785
0.365654
0.241074
0.234029
0.160709
0.459041
0.207826
0.347834
0.339537
0.231674
0.421729
0.136347
0.444414
0.236506
0.272531
0.268650
0.212840
0.211343
0.195112
0.176707
0.143757
0.183443
0.328118
0.196490
0.280581
0.303816
0.284254
0.282159
0.184247
0.229029
0.354723
0.254456
0.268128
0.191827
0.208741
0.323274
0.245124
0.200371
0.179195
0.223466
0.295431
0.183296
0.369692
0.333722
0.264421
0.250922
0.261833
0.176408
0.233492
0.241663
0.435488
0.212383
0.242141
0.261836
0.171097
0.117779
0.400773
0.253284
0.210164
0.197543
0.258569
0.276868
0.229429
0.271261
0.157514
0.163240
0.303555
0.178335
0.210781
0.170523
0.379786
0.134755
0.212851
0.383193
0.097959
0.248276
0.303647
0.355557
0.280772
0.476902
0.347888
0.302965
0.299477
0.274805
0.407111
0.327467
0.220551
0.258911
0.391440
0.333795
0.171538
0.207481
0.150780
0.233137
0.194340
0.146283
0.274253
0.438870
0.298705
0.419073
0.396800
0.225127
0.126884
0.259086
0.168664
0.145710
0.125925
0.120981
0.179773
0.347916
0.185720
0.150703
0.494118
0.241482
0.161364
0.305368
0.172613
0.203848
0.176275
0.149370
0.536877
0.177652
0.218511
0.317288
0.253503
0.268835
0.211969
0.216418
0.208497
0.266847
0.394007
0.164577
0.196856
0.413535
0.422805
0.342809
0.451905
0.194218
0.242196
0.178563
0.316074
0.383178
0.307637
0.220637
0.111453
0.263420
0.233308
0.275560
0.128222
0.224539
0.365917
0.359341
0.986467
0.159776
0.231780
0.380992
0.206285
0.140728
0.167149
0.151864
0.417220
0.196875
0.310138
0.357026
0.313795
0.165540
0.260511
0.311977
0.196313
0.142803
0.322301
0.320428
0.364124
0.167596
0.276246
0.180876
0.506292
0.288925
0.208598
0.152966
0.280248
0.199556
0.083247
0.197165
0.292552
0.424876
0.331405
0.231653
0.291901
0.318811
0.191001
0.110465
0.159117
0.226926
0.321038
0.233123
0.267378
0.234149
0.275505
0.164258
0.125799
0.306924
0.199991
0.248689
0.207747
0.141844
0.291635
0.262744
0.207973
0.218786
0.385047
0.332418
0.198363
0.273343
0.282200
0.241686
0.361467
0.215863
0.322024
0.343500
0.372318
0.290519
0.165136
0.230173
0.402469
0.392133
0.145493
0.239642
0.453957
0.174815
0.312998
0.335154
0.242058
0.242535
0.367378
0.180301
0.330130
0.434992
0.232446
0.179692
0.212511
0.402713
0.252851
0.171152
0.283922
0.161491
0.211737
0.387163
0.245171
0.189369
0.266480
0.239396
0.200816
0.278117
0.357649
0.306960
0.167561
0.262492
0.203880
0.466410
0.734230
0.227124
0.284016
0.203377
0.264862
0.232022
0.304272
0.475282
0.355170
0.366650
0.204073
0.382996
0.204697
0.165191
0.183185
0.243879
0.273777
0.183408
0.195077
0.354944
0.151910
0.244121
0.207538
0.166335
0.292819
0.402965
0.325604
0.454239
0.313221
0.087543
0.317270
0.191625
0.199648
0.166413
0.174686
0.143130
0.271678
0.339975
0.387676
0.232988
0.632758
0.273175
0.303421
0.138828
0.249585
0.248163
0.363127
0.200896
0.290259
0.221634
0.342622
0.301169
0.376889
0.281373
0.189242
0.221603
0.287443
0.187486
0.258852
0.222921
0.299775
0.277940
0.885737
0.285451
0.306120
0.336448
0.305898
0.382061
0.373555
0.245595
0.228278
0.330246
0.309722
0.588533
0.400085
0.172795
0.105039
0.225561
0.270691
0.136182
0.405686
0.234129
0.191151
0.087629
0.149590
0.361901
0.297701
0.268570
0.537838
0.162123
0.402588
0.351861
0.271938
0.244847
0.230232
0.253222
0.251688
0.137484
0.169893
0.211035
0.405784
0.310490
0.205809
0.187755
0.189103
0.225431
0.199728
0.252784
0.443288
0.147419
0.144640
0.187156
0.424273
0.229964
0.309522
0.274094
0.389049
0.235697
0.180097
0.203237
0.203398
0.307251
0.277660
0.330254
0.445451
0.198586
0.214956
0.273012
0.293978
0.152894
0.347678
0.178742
0.376038
0.223502
0.219571
0.261193
0.190187
0.139036
0.468856
0.619808
0.430975
0.418239
0.421148
0.236026
0.167293
0.197582
0.117386
0.213089
0.143077
0.236191
0.228357
0.185377
0.225400
0.159290
0.193186
0.145530
0.178597
0.424547
0.210936
0.138539
0.156679
0.369362
0.453934
0.277089
0.332754
0.613674
0.565233
0.193332
0.310664
0.171519
0.278927
0.172260
0.251848
0.353338
0.385708
0.142612
0.261613
0.330620
0.491062
0.386081
0.269088
0.238984
0.265060
0.194653
0.199260
0.137056
0.293807
0.132997
0.201525
0.161454
0.326209
0.294591
0.260698
0.280998
0.268119
0.140023
0.112908
0.331673
0.551716
0.495536
0.383655
0.344274
0.222125
0.270903
0.357041
0.321802
0.301864
0.205644
0.389070
0.422510
0.204043
0.160489
0.204803
0.115617
0.312503
0.204187
0.301538
0.250546
0.266879
0.140978
0.275752
0.373287
0.366301
0.194973
0.422336
0.452813
0.177143
0.155609
0.149427
0.274120
0.273736
0.263588
0.326531
0.306179
0.199085
0.249854
0.139823
0.173675
0.203914
0.215679
0.396060
0.427501
0.612564
0.460370
0.222434
0.183885
0.189603
0.235438
0.269358
0.203792
0.459687
0.199509
0.352636
0.317061
0.348136
0.323130
0.207972
0.371767
0.293185
0.222258
0.200850
0.517167
0.245155
0.296196
0.349930
0.321546
0.274732
0.182084
0.252670
0.455140
0.326170
0.225317
0.168674
0.295837
0.273581
0.315677
0.342529
0.228278
0.288623
0.377606
0.267190
0.259316
0.240069
0.247114
0.153928
0.102541
0.256644
0.168416
0.193868
0.255984
0.285748
0.241339
0.143736
0.281603
0.289517
0.251631
0.271692
0.293175
0.525945
0.405919
0.248934
0.185275
0.161025
0.157853
0.334532
0.306251
0.251253
0.167603
0.158996
0.169961
0.165979
0.299020
0.537896
0.280134
0.343921
0.337781
0.272894
0.137704
0.191732
0.314662
0.105289
0.676881
1.172690
1.176486
0.487971
0.521596
0.265873
0.355498
0.280484
0.582013
0.354487
0.195037
0.264991
0.278748
0.334409
0.307312
0.191650
0.243680
0.298333
0.210936
0.380466
0.440301
0.221846
0.182824
0.275723
0.122239
0.182360
0.145072
0.241173
0.120179
0.521327
0.420265
0.205304
0.142021
0.354840
0.429150
0.325980
0.346614
0.206970
0.218105
0.191012
0.163306
0.172644
0.227146
0.358968
0.142694
0.281135
0.233454
0.170479
0.209371
0.276631
0.349282
0.268617
0.149596
0.477033
0.368752
0.107305
0.169769
0.109086
0.337018
0.297726
0.186679
0.344783
0.185857
0.470658
0.280270
0.274557
0.202371
0.098801
0.230789
0.220923
0.291953
0.108806
0.227612
0.232842
0.293911
0.276701
0.297003
0.354367
0.272288
0.216185
0.271164
0.346717
0.374405
0.189261
0.118000
0.298721
0.203715
0.255396
0.159912
0.480364
0.355260
0.205033
0.147421
0.286775
0.315887
0.097265
0.404125
0.204875
0.464314
0.455456
0.452224
0.215230
0.197975
0.239803
0.188708
0.113604
0.473240
0.338103
0.190184
0.247992
0.163963
0.185378
0.248748
0.422765
0.133026
0.277459
0.139479
0.204110
0.259606
0.153277
0.235485
0.143191
0.434947
0.113763
0.317866
0.232527
0.508735
0.310955
0.198717
0.233561
0.328595
0.257921
0.352808
0.408783
0.428954
0.288707
0.233833
0.145790
0.574017
0.400677
0.201357
0.310811
0.290803
0.258045
0.131566
0.345878
0.423344
0.707280
0.456715
0.461782
0.524871
0.201768
0.400713
0.255862
0.286400
0.113151
0.311530
0.395330
0.163336
0.315655
0.209471
0.181877
0.531423
0.381909
0.317322
0.255924
0.253404
0.187173
0.190486
0.253783
0.190723
0.235008
0.360428
0.291374
0.319814
0.527508
0.352561
0.400358
0.245629
0.356832
0.280117
0.244787
0.333601
0.293712
0.295793
0.433282
0.306426
0.365579
0.280161
0.195499
0.128433
0.133923
0.388519
0.149541
0.373112
0.237122
0.193449
0.169459
0.190482
0.209019
0.376684
0.374854
0.383749
0.208064
0.223164
0.283517
0.280821
0.252311
0.242047
0.273212
0.603360
0.340903
0.369140
0.154507
0.114074
0.410761
0.295162
0.278197
0.183595
0.117935
0.308086
0.208106
0.157988
0.178013
0.141753
0.421033
0.170200
0.135458
0.114994
0.186058
0.489355
0.185413
0.125681
0.282957
0.273376
0.161885
0.180171
0.321271
0.176655
0.067049
0.159115
0.254954
0.414462
0.438965
0.152763
0.225220
0.154683
0.162433
0.180429
0.310328
0.197143
0.273228
0.223318
0.415548
0.300061
0.274658
0.243791
0.181342
0.196865
0.196439
0.408686
0.422935
0.194355
0.157488
0.157987
0.260417
0.180926
0.361995
0.321796
0.112266
0.185258
0.165232
0.283074
0.357802
0.130766
0.269800
0.348327
0.264415
0.165583
0.134258
0.218511
0.168385
0.239054
0.452738
0.304926
0.492464
0.191788
0.248212
0.261493
0.286766
0.210759
0.311267
0.661979
2.231512
0.851466
0.590412
0.419789
0.420637
0.317658
0.467999
0.245873
0.291717
0.207171
0.229223
0.283975
0.157572
0.307928
0.222130
0.272664
0.479979
0.284589
0.288425
0.116246
0.245347
0.243794
0.262988
0.254305
0.117213
0.160869
0.265195
0.236611
0.357812
0.390451
0.305151
0.323233
0.346125
0.176440
0.211015
0.329814
0.196764
0.182084
0.327291
0.193157
0.205866
0.267884
0.436101
0.142292
0.569253
0.320868
0.330046
0.198206
0.188037
0.223926
0.132545
0.174121
0.183397
0.142663
0.326079
0.215857
0.270938
0.121045
0.297091
0.310093
0.176698
0.263471
0.182537
0.216037
0.176342
0.361711
0.219448
0.141666
0.410042
0.473974
0.241726
0.365595
0.281014
0.141273
0.155178
0.224603
0.164226
0.436812
0.217473
0.249790
0.200198
0.428162
0.362161
0.096117
0.131857
0.256540
0.157083
0.239060
0.279394
0.333518
0.294104
0.178825
0.288999
0.235156
0.406609
0.237730
0.244771
0.387071
0.249316
0.267893
0.362659
0.368175
0.353819
0.346188
0.227078
0.135155
0.173540
0.166801
0.365834
0.445076
0.263240
0.253023
0.295471
0.217038
0.309284
0.286728
0.128630
0.196461
0.395083
0.328845
0.338929
0.302952
0.189243
0.442033
0.429192
0.302221
0.342689
0.285134
0.265203
0.300349
0.250180
0.224929
0.241941
0.182114
0.279235
0.302145
0.286408
0.112117
0.216679
0.206571
0.263411
0.392519
0.176613
0.266707
0.367522
0.195094
0.307854
0.243808
0.355857
0.258899
0.223286
0.116473
0.550435
0.221826
0.172798
0.365133
0.155941
0.357309
0.141811
0.366114
0.248777
0.185362
0.299254
0.225617
0.199918
0.310259
0.150054
0.140926
0.140688
0.308160
0.236709
0.198811
0.290028
0.521665
0.435213
0.388990
0.440983
0.335566
0.113752
0.259405
0.281705
0.226132
0.607848
0.167477
0.272690
0.303397
0.190989
0.357879
0.286074
0.315341
0.338123
0.434577
0.145477
0.192232
0.187283
0.173087
0.140904
0.220859
0.211218
0.208333
0.268217
0.167002
0.096933
0.231825
0.148822
0.180089
0.438089
0.324497
0.264619
0.404487
0.281511
0.300412
0.581181
0.302230
0.259091
0.252210
0.156133
0.401363
0.258693
0.234556
0.143073
0.218481
0.389887
0.246733
0.182252
0.205112
0.081544
0.199396
0.162085
0.334290
0.243834
0.250906
0.263500
0.415501
0.142763
0.162829
0.240174
0.268211
0.284787
0.299276
0.175539
0.222719
0.249881
0.110097
0.199604
0.209321
0.225558
0.232681
0.162674
0.178096
0.331357
0.243676
0.287698
0.351106
0.281642
0.341741
0.517891
0.601119
0.306905
0.346994
0.239579
0.382209
0.222178
0.213773
0.252154
0.159561
0.239826
0.134086
0.191367
0.298808
0.333485
0.433876
0.133524
0.178307
0.352273
0.441246
0.350283
0.195476
0.300054
0.206274
0.184701
0.211703
0.437010
0.224653
0.308921
0.282849
0.333043
0.545726
0.329379
0.242972
0.185068
0.334948
0.115034
0.261541
0.194304
0.262952
0.460491
0.537913
0.135526
0.243214
0.249070
0.393340
0.224135
0.164377
0.253190
0.182370
0.307653
0.214326
0.339364
0.302925
0.284612
0.122631
0.086365
0.387405
0.193295
0.382446
0.147746
0.076881
0.295625
0.182838
0.183176
0.188880
0.214822
0.314245
0.227439
0.190540
0.277102
0.245409
0.622727
0.426940
0.330407
0.270093
0.190977
0.307812
0.403317
0.356330
0.207130
0.220931
0.446729
0.418786
0.172031
0.236347
0.250596
0.148330
0.177941
0.253905
0.323409
0.146369
0.176915
0.534024
0.354568
0.178309
0.279327
0.284168
0.274785
0.283117
0.314098
0.295387
0.300120
0.241103
0.210346
0.240662
0.349295
0.333496
0.204326
0.310000
0.220282
0.317776
0.236908
0.286890
0.139540
0.300480
0.312369
0.158245
0.155086
0.297058
0.189294
0.252707
0.366537
0.214160
0.335585
0.177526
0.149139
0.171981
0.310983
0.204617
0.226074
0.280501
0.165963
0.236608
0.330932
0.288005
0.230985
0.215775
0.283324
0.128455
0.201976
0.367816
0.260599
0.260727
0.230423
0.166865
0.539732
0.173932
0.247760
0.173447
0.224551
0.209566
0.297080
0.226473
0.217820
0.115994
0.148113
0.489407
0.258802
0.253949
0.315117
0.178923
0.217965
0.204786
0.265484
0.243362
0.238339
0.204284
0.176369
0.307090
0.415675
0.531205
0.485859
0.278789
0.200712
0.374150
0.325273
0.175327
0.137787
0.220550
0.294668
0.595095
1.011250
0.857916
0.323560
0.342812
0.135720
0.231907
0.373175
0.246096
0.194078
0.182263
0.235519
0.083799
0.142635
0.267196
0.296431
0.436645
0.821989
0.383312
0.463628
0.248317
0.251268
0.193683
0.213311
0.277039
0.198402
0.217406
0.238189
0.335626
0.554332
0.336151
0.330172
0.264417
0.250056
0.169233
0.224920
0.242793
0.352139
0.506537
0.316424
0.320729
0.259365
0.296018
0.209989
0.246608
0.234656
0.246394
0.402288
0.210147
0.251466
0.197768
0.165708
0.687949
0.447709
0.540730
0.519386
0.191791
0.284478
0.171625
0.281001
0.132087
0.203685
0.163823
0.171199
0.157743
0.269176
0.223838
0.359570
0.402512
0.363677
0.618951
0.581083
0.362611
0.471592
0.351862
0.268253
0.207967
0.096265
0.263840
0.256920
0.220220
0.220379
0.149861
0.153464
0.419602
0.310377
0.175174
0.272452
0.292980
0.172909
0.206952
0.395513
0.365715
