2.338317
2.129520
2.161497
2.095666
2.014789
1.956437
1.842708
1.748158
1.728633
1.733997
1.765097
1.470203
1.777778
1.895347
1.837579
1.547974
1.481394
1.481130
1.120787
1.394405
1.466776
1.246083
0.928195
0.956417
0.761318
0.956862
1.639163
0.846523
1.257150
1.489569
0.916874
0.965626
1.042440
1.057607
1.096503
0.920529
0.567583
0.830637
0.707621
0.990771
0.759424
0.982442
1.331239
1.462601
1.003885
0.797595
0.727650
0.454470
0.687454
0.640268
0.677063
0.572377
0.609612
0.610678
0.515727
0.813039
0.589685
0.494701
0.389773
0.453801
0.382687
0.368052
0.700219
0.822710
0.794963
0.420539
0.553091
0.471720
0.391550
0.609987
0.825103
0.512966
0.424209
0.516706
0.594128
0.573902
0.838644
0.516197
0.639110
0.500518
0.357162
0.522103
0.456739
0.618237
0.411102
0.618792
0.656399
0.920631
0.591803
0.656226
0.261961
0.351733
0.627162
0.434948
0.364539
0.474618
0.335166
0.590086
0.457484
0.557484
0.537107
0.517928
0.452870
0.672394
0.774603
0.478397
0.410473
0.349851
0.533292
0.437983
0.419211
0.324621
0.236243
0.274366
0.283310
0.429807
0.700345
1.146966
0.740460
0.825711
0.644405
0.400631
0.285258
0.186834
0.446069
0.303366
0.431416
0.374097
0.450705
0.312130
0.428972
0.632907
0.335989
0.251853
0.530642
0.452847
0.452010
0.307411
0.399491
0.443050
0.248639
0.389318
0.641280
0.519943
0.452756
0.255842
0.365626
0.407866
0.195854
1.151729
1.434870
0.722824
0.712643
0.543087
0.595332
0.361425
0.482976
0.356668
0.296208
0.485467
0.332884
0.481554
0.377369
0.184089
0.278146
0.349104
0.424781
0.408267
0.509871
0.375432
0.436375
0.486283
0.341842
0.245728
0.516563
0.253837
0.279839
0.158145
0.360093
0.612167
0.307410
0.308742
0.534880
0.368314
0.666327
0.628291
0.681591
0.383942
0.578673
0.488242
0.738209
0.430961
0.555629
0.476126
0.440722
0.255783
0.458285
0.334566
0.252274
0.528982
0.275795
0.681359
0.320863
0.266910
0.325954
0.259480
0.200718
0.400464
0.432473
0.249326
0.395700
0.575933
0.827252
0.487657
0.211303
0.504938
0.362029
0.179440
0.208255
0.328747
0.252589
0.429704
0.243985
0.168414
0.339748
0.275723
0.342580
0.247345
0.499567
0.349292
0.286634
0.215500
0.182787
0.293271
0.460641
0.312231
0.434846
0.356275
0.214091
0.425510
0.508268
0.417915
0.354653
0.241784
0.506362
0.447392
0.237644
0.367651
0.298553
0.402306
0.241382
0.217961
0.671806
0.515461
0.494754
0.520148
0.425029
0.441048
0.384974
0.379056
0.343084
0.342023
0.324663
0.137658
0.156314
0.329820
0.372590
0.250935
0.173905
0.169066
0.296284
0.510369
0.502540
0.524049
0.475031
0.600569
0.566902
0.272805
0.297679
0.386176
0.545392
0.428541
0.257188
0.324711
0.238130
0.646856
0.356829
0.253793
0.252407
0.403885
0.284626
0.413042
0.387989
0.240554
0.377584
0.401001
0.334964
0.036224
0.511120
0.595847
0.400113
0.265333
0.165885
0.338287
0.324972
0.354911
0.285901
0.479991
0.525740
0.447447
0.302400
0.475414
0.208957
0.164660
0.421106
0.375407
0.481531
0.345998
0.272712
0.176028
0.412584
0.369983
0.564898
0.535258
0.311613
0.279866
0.189094
0.270806
0.223731
0.366340
0.551301
0.160613
0.359534
0.146319
0.196594
0.279749
0.339186
0.533035
0.759909
0.527765
0.391316
0.349232
0.262580
0.287559
0.351864
0.302692
0.404704
0.594021
0.177858
0.202504
0.323360
0.346462
0.147744
0.271888
0.230125
0.434079
0.449475
0.282820
0.187593
0.394463
0.264434
0.426791
0.550919
0.244161
0.276537
0.209151
0.249138
0.197221
0.134450
0.404060
0.225945
0.283402
0.198252
0.303882
0.320955
0.277453
0.334246
0.256854
0.120558
0.240439
0.311406
0.274699
0.463084
0.306123
0.358368
0.458452
0.167644
0.293995
0.171010
0.321826
0.290034
0.229174
0.346466
0.307620
0.268880
0.368483
0.724471
0.286650
0.313250
0.207883
0.134883
0.386096
0.476340
0.342857
0.317113
0.300927
0.318670
0.509183
0.334491
0.189948
0.257785
0.367388
0.296220
0.437525
0.296994
0.262354
0.205869
0.482848
0.163934
0.321886
0.700698
0.256476
0.271512
0.192133
0.450523
0.664659
0.561287
0.402492
0.475208
0.426830
0.349647
0.220596
0.228362
0.227753
0.272742
0.183783
0.424636
0.326848
0.154705
0.214578
0.246848
0.443540
0.157237
0.299842
0.395138
0.303692
0.004538
0.362408
0.343391
0.251358
0.334121
0.400463
0.372826
0.227872
0.436200
0.292672
0.286569
0.309485
0.465937
0.440324
0.214358
0.214707
0.210062
0.261528
0.300606
0.283743
0.194104
0.430487
0.580134
0.376362
0.415258
0.161421
0.246425
0.287757
0.293230
0.165219
0.231746
0.220410
0.170071
0.251423
0.540247
0.396755
0.593333
0.381164
0.658751
0.187757
0.322667
0.338853
0.283156
0.393223
0.361797
0.325200
0.217227
0.262091
0.453891
0.276875
0.228528
0.392128
0.495509
0.193461
0.246063
0.409054
0.378507
0.307952
0.327295
0.207369
0.248482
0.203207
0.146466
0.357939
0.716093
0.281734
0.387151
0.268623
0.292768
0.158997
0.204514
0.221893
0.371538
0.131067
0.551570
0.748063
0.444638
0.271755
0.363977
0.467753
0.517686
0.370908
0.216632
0.373864
0.210136
0.197316
0.333652
0.256248
0.273396
0.392647
0.496760
0.282201
0.297697
0.231121
0.290505
0.438803
0.283129
0.337069
0.228819
0.379647
0.383095
0.117699
0.293494
0.384191
0.151373
0.255167
0.264051
0.336853
0.282628
0.406676
0.293231
0.344865
0.523798
0.423566
0.573811
0.432899
0.388793
0.282007
0.178367
0.257176
0.208423
0.311691
0.435381
0.487763
0.228237
0.395049
0.430065
0.357687
0.280875
0.477166
0.163833
0.182185
0.406356
0.343447
0.173540
0.203217
0.234680
0.158974
0.109038
0.201576
0.157877
0.162809
0.301969
0.439151
0.409334
0.196617
0.310241
0.370601
0.234849
0.497639
4.643648
1.181893
1.456657
1.460665
1.104221
1.217558
1.146198
1.046687
1.057436
0.940021
0.827117
0.628695
0.626985
0.594056
0.655482
0.597684
0.530927
0.501424
0.387183
0.493185
0.401169
0.311943
0.243589
0.290295
0.560207
0.833473
0.515718
0.327246
0.193615
0.245213
0.190515
0.201492
0.224492
0.327253
0.468069
0.240226
0.263669
0.278838
0.239326
0.473394
0.480077
0.210590
0.288498
0.144271
0.304772
0.430035
0.767842
0.535352
0.441538
0.463924
0.372918
0.351505
0.685938
0.687987
0.309067
0.208357
0.291183
0.363600
0.268185
0.360031
0.194328
0.181075
0.206270
0.186621
0.213320
0.377293
1.104756
1.804380
0.428735
0.396084
0.467088
0.301393
0.254003
0.405237
0.260817
0.204757
0.486744
0.370965
0.309606
0.452665
0.419330
0.515046
0.177287
0.245825
0.232955
0.455945
0.168701
0.303841
0.368635
0.266081
0.192530
0.301118
0.539348
0.326265
0.270326
0.673317
0.310147
0.548685
0.487697
0.461385
0.512014
0.249653
0.158451
0.270678
0.101481
0.205253
0.283767
0.244712
0.279008
0.336319
0.163788
0.307465
0.277116
0.284618
0.233774
0.378315
0.238573
0.333387
0.279584
0.200778
0.340421
0.286694
0.166196
0.245626
0.390961
0.661548
0.656486
0.323623
0.328438
0.282187
0.274722
0.162816
0.220283
0.197536
0.180547
0.101564
0.270731
0.206074
0.121493
0.152941
0.204455
0.283904
0.479352
0.589607
0.270343
0.572975
0.341755
0.268858
0.030389
0.492817
0.190934
0.251592
0.154946
0.204552
0.279923
0.278355
0.118014
0.376281
0.329955
0.241029
0.341952
0.274609
0.256440
0.170210
0.548212
0.408275
0.218254
0.384789
0.190780
0.153307
0.225459
0.132953
0.394419
0.186953
0.516647
0.479642
0.404813
0.278635
0.217215
0.356280
0.235167
0.428234
0.459166
0.657406
0.460202
0.314231
0.292164
0.378891
0.316059
0.210578
0.228211
0.237850
0.170274
0.533302
0.454055
0.325193
0.438838
0.397463
0.365940
0.366246
0.285655
0.452836
0.426325
0.381246
0.371544
0.281597
0.344920
0.343002
0.334379
0.284499
0.327340
0.132657
0.280492
0.195681
0.299106
0.325468
0.365337
0.253466
0.298809
0.353932
0.202777
0.248698
0.163186
0.202158
0.291475
0.206178
0.214351
0.195699
0.307690
0.362356
0.336189
0.324259
0.315018
0.200122
0.502949
0.351999
0.484131
0.444208
0.235228
0.223901
0.251910
0.264666
0.354829
0.331646
0.393035
0.320543
0.442775
0.261743
0.250817
0.136861
0.401297
0.254777
0.354592
0.177469
0.185179
0.343086
0.208053
0.300126
0.312354
0.305440
0.387389
0.297670
0.377210
0.414725
0.352669
0.316757
0.217278
0.359865
0.449902
0.279178
0.321234
0.210532
0.270872
0.153249
0.253283
0.350897
0.414621
0.158445
0.244858
0.343372
0.351911
0.235103
0.274099
0.431318
0.357575
0.460833
0.274209
0.494735
0.476518
0.556022
0.283257
0.240154
0.294146
0.267812
0.284979
0.258131
0.220986
0.039989
0.250695
0.276878
0.352540
0.243406
0.181731
0.251221
0.164071
0.153590
0.254395
0.337583
0.673672
0.267303
0.191299
0.251369
0.290500
0.346283
0.558509
0.412402
0.553059
0.433325
0.305897
0.296101
0.181239
0.211662
0.263552
0.257904
0.298007
0.344140
0.184312
0.390806
0.269079
0.127141
0.222817
0.267343
0.248606
0.296025
0.169295
0.433647
0.208418
0.365310
0.343212
0.322521
0.382441
0.443487
0.208368
0.283348
0.175341
0.251372
0.217793
0.432631
0.592128
0.640486
0.349577
0.322318
0.278826
0.209267
0.419808
0.268240
0.181142
0.241802
0.204147
0.454206
0.327523
0.242012
0.245134
0.223009
0.134950
0.311889
0.379617
0.414683
0.345405
0.321997
0.186118
0.276674
0.296477
0.373142
0.534910
0.431731
0.233161
0.449013
0.308413
0.199687
0.311520
0.347110
0.209509
0.526047
0.600828
0.372113
0.326247
0.101595
0.259860
0.319677
0.343588
0.222504
0.148291
0.161682
0.411757
0.656200
0.593930
0.471457
0.327220
0.286168
0.392603
0.518506
0.202964
0.155482
0.187221
0.175034
0.162562
0.165495
0.298019
0.438760
0.327861
0.234087
0.382713
0.373078
0.330277
0.383557
0.275806
0.207539
0.153387
0.197027
0.272546
0.146707
0.426074
0.298566
0.157887
0.197055
0.398682
0.542154
0.452916
0.128611
0.292426
0.181860
0.232815
0.189172
0.219252
0.521698
0.429906
0.513798
0.311617
0.370097
0.211753
0.304840
0.286881
0.179137
0.500544
0.516680
0.164515
0.488549
0.432030
0.227683
0.336014
0.341942
0.280277
0.316709
0.242936
0.125662
0.214555
0.267896
0.231961
0.245768
0.363413
0.427804
0.284122
0.223863
0.159366
0.370570
0.108707
0.139350
0.255850
0.144271
0.324954
0.343223
0.344569
0.220640
0.593871
0.515833
0.412640
0.317500
0.590730
0.314835
0.274960
0.300476
0.466090
0.655861
0.798116
0.265720
0.322564
0.210212
0.244762
0.265642
0.190750
0.282172
0.405448
0.368529
0.240361
0.255197
0.443362
0.213917
0.240779
0.410915
0.260085
0.188206
0.476183
0.442867
0.409341
0.272864
0.223633
0.125219
0.241853
0.202814
0.416134
0.286053
0.281192
0.182286
0.193009
0.248330
0.287150
0.300272
0.311511
0.424737
0.306422
0.237802
0.190066
0.170176
0.246214
0.269094
0.480476
0.296804
0.231601
0.199596
0.180747
0.234138
0.248657
0.389053
0.234487
0.469444
0.516507
0.302270
0.417480
0.275104
0.300094
0.169225
0.244693
0.268678
0.350737
0.446678
0.337000
0.341533
0.511975
0.484851
0.527960
0.183709
0.288716
0.199949
0.164106
0.279589
0.457122
0.220559
0.234555
0.622049
0.171572
0.455503
0.323303
0.458148
0.209968
0.127027
0.194008
0.329909
0.399706
0.574233
0.940132
1.215590
0.570414
0.387562
0.254095
0.268265
0.289320
0.277256
0.179462
0.188130
0.190095
0.134180
0.169148
0.206096
0.216065
0.484586
0.271269
0.265445
0.411616
0.373010
0.352857
0.317869
0.199353
0.304859
0.231118
0.182461
0.669680
0.850050
0.382431
0.257673
0.283184
0.475825
0.396766
0.225035
0.225138
0.301167
0.351157
0.256494
0.227218
0.223935
0.177181
0.258111
0.255268
0.489961
0.133026
0.246692
0.334551
0.199596
0.228379
0.329191
0.312682
0.383946
0.287462
0.291813
0.196594
0.363059
0.313075
0.427177
0.416145
0.379236
0.216508
0.179085
0.245920
0.331508
0.281207
0.193537
0.233332
0.322835
0.457342
0.191747
0.250663
0.126105
0.361699
0.168363
0.275217
0.322345
0.281329
0.392361
0.335780
0.223966
0.407135
0.101370
0.107298
0.381259
0.206584
0.206168
0.254179
0.253089
0.179171
0.187279
0.162553
0.181433
0.139621
0.114673
0.231843
0.218166
0.213138
0.141832
0.249891
0.218315
0.324823
0.525928
0.457307
0.207002
0.379962
0.495372
0.524137
0.306628
0.624672
0.282649
0.351183
0.320082
0.273372
0.430478
0.342789
0.189855
0.263379
0.266331
0.326698
0.412113
0.313255
0.226202
0.289881
0.469257
0.201920
0.263526
0.433491
0.337887
0.392460
0.293838
0.177682
0.206833
0.232490
0.103461
0.316212
0.281148
0.309901
0.320035
0.217730
0.190925
0.169692
0.404195
0.259502
0.198009
0.427128
0.321211
0.446444
0.227520
0.147960
0.158538
0.148037
0.197957
0.211070
0.239948
0.378230
0.386867
0.206882
0.360258
0.404494
0.487266
0.402008
0.359300
0.254533
0.231277
0.215459
0.327982
0.421792
0.319970
0.231999
0.139658
0.240980
0.302408
0.254419
0.415546
0.048836
0.306893
0.300923
0.280486
0.216871
0.213908
0.203423
0.343168
0.209369
0.275543
0.305992
0.332517
0.133938
0.250983
0.177768
0.194231
0.194360
0.209683
0.250314
0.458394
0.223701
0.230735
0.357062
0.335046
0.270987
0.299425
0.300929
0.257790
0.289082
0.288370
0.375220
0.352670
0.184512
0.388869
0.292260
0.464772
0.263202
0.269147
0.144186
0.219623
0.248993
0.248020
0.292187
0.403271
0.373494
0.255846
0.427666
0.294135
0.258478
0.247550
0.164929
0.310636
0.346551
0.851300
0.529109
0.409257
0.151672
0.417081
0.358016
0.216217
0.337209
0.243423
0.268152
0.230258
0.166281
0.340006
0.354772
0.377312
0.345198
0.324562
0.197385
0.671838
0.118963
0.163445
0.273243
0.234377
0.353619
0.249804
0.309080
0.458572
0.349963
0.341160
0.488011
0.434851
0.461263
0.384386
0.159204
0.181809
0.500125
0.369568
0.411239
0.313897
0.284691
0.570106
0.348339
0.427537
0.162487
0.382763
0.474858
0.572473
0.375099
0.374568
0.406148
0.377209
0.326233
0.238448
0.175570
0.331466
0.520781
0.354817
0.222139
0.153126
0.172202
0.204043
0.391334
0.569239
0.328429
0.212664
0.306641
0.214919
0.169393
0.268567
0.096102
0.251118
0.168902
0.278217
0.127430
0.198671
0.364380
0.448408
0.474873
0.176780
0.331574
0.362678
0.394399
0.190167
0.316738
0.357648
0.357099
0.284967
0.345893
0.306106
0.473625
0.570230
0.367699
0.353241
0.199757
0.282383
0.292803
0.150058
0.463555
0.629983
0.386296
0.213015
0.201170
0.385092
0.334652
0.229853
0.212011
0.290980
0.281966
0.263896
0.266719
0.213008
0.267983
0.138739
0.160771
0.312453
0.267390
0.569028
0.238854
0.137465
0.260168
0.491345
0.585827
0.601704
0.254955
0.219437
0.381929
0.522011
0.147613
0.153946
0.252311
0.252647
0.539077
0.120278
0.365272
0.294220
0.205417
0.325621
0.299036
0.145636
0.243432
0.279484
0.421987
0.464155
0.390530
0.511742
0.220408
0.314546
0.269143
0.297816
0.372135
0.341006
0.149776
0.215337
0.311874
0.266980
0.640780
0.254596
0.377912
0.168170
0.201643
0.306472
0.339155
0.328120
0.229373
0.205328
0.235253
0.215757
0.231397
0.111559
0.192732
0.179212
0.123818
0.178368
0.186251
0.313273
0.269746
0.248495
0.269171
0.411794
0.371746
0.230187
0.340469
0.322611
0.341832
0.219329
0.190023
0.201592
0.345211
0.438041
0.254040
0.157444
0.232177
0.396839
0.163950
0.226498
0.481209
0.359795
0.239923
0.175025
0.332521
0.330460
0.233087
0.337524
0.286576
0.275307
0.503096
0.207490
0.381686
0.385663
0.463911
0.523356
0.407536
0.390464
0.270373
0.178735
0.384067
0.589924
0.321586
0.304245
0.148064
0.274506
0.342774
0.316060
0.302905
0.298630
0.312673
0.285619
0.250789
0.093963
0.168635
0.167624
0.408139
0.623098
0.150475
0.221936
0.131161
0.301762
0.281191
0.416295
0.174020
0.154120
0.235791
0.333956
0.180840
0.291335
2.669309
10.931897
2.059170
2.003691
2.022181
1.876081
1.928729
1.994591
1.731862
1.865051
1.848190
1.551963
1.837559
1.792007
1.758630
1.438947
1.612241
1.448409
1.207834
1.138161
1.003749
0.931620
1.207871
1.297485
1.090934
0.868915
0.978555
1.168922
0.758093
0.913440
1.123623
0.983887
1.359119
1.024842
0.653221
0.748005
1.021578
0.904707
1.304360
1.393573
1.062616
0.840998
0.614240
0.757337
0.421222
0.624712
0.564937
0.331671
0.564758
0.489968
0.688189
0.733368
0.567612
0.556225
0.345547
0.491015
0.662299
0.540441
0.608115
0.563440
0.706605
0.511275
0.474310
0.627474
0.590418
0.396566
0.333402
0.313790
0.410828
0.462331
0.743124
0.729800
0.624607
0.573452
0.669784
0.530989
0.464830
0.491051
0.462273
0.338000
0.370719
0.485875
0.338739
0.308089
0.341018
0.394672
0.511143
0.294660
0.229083
0.571793
0.451794
0.292158
0.548644
0.512356
0.313272
0.385936
0.269233
0.324797
0.450183
0.223971
0.401985
0.288656
0.374454
0.370029
0.345755
0.312821
0.139355
0.213328
0.222723
0.239876
0.345014
0.277723
0.338250
0.711504
1.206448
0.677069
0.390034
0.412685
0.219981
0.338894
0.383212
0.094275
0.196262
0.531260
0.393297
0.496483
0.283495
0.412320
0.278619
0.360046
0.364559
0.424144
0.372521
0.268710
0.263186
0.610293
0.354512
0.503965
0.374271
0.596186
0.381847
0.332510
0.249385
0.461212
0.203259
0.198132
0.512260
0.299427
0.377894
0.113564
1.318298
0.739615
0.715005
0.406887
0.415351
0.457184
0.524881
0.361973
0.278043
0.244928
0.370920
0.448128
0.512940
0.293690
0.362044
0.294253
0.306017
0.288637
0.364005
0.354137
0.245946
0.344275
0.314231
0.305033
0.265130
0.376516
0.234893
0.429101
0.309109
0.167981
0.156501
0.464903
0.278725
0.372559
0.461715
0.237574
0.271767
0.335812
0.503493
0.412971
0.449619
0.297715
0.306719
0.355754
0.321174
0.198191
0.504058
0.337548
0.378420
0.216436
0.217703
0.540695
0.226018
0.317799
0.514487
0.262961
0.546859
0.338540
0.372279
0.543985
0.081759
0.274343
0.572380
0.284979
0.358512
0.189231
0.377196
0.363416
0.342147
0.319848
0.209781
0.175549
0.224103
0.235355
0.464186
0.195863
0.308078
0.377462
0.179691
0.217034
0.439336
0.380301
0.340669
0.349213
0.369811
0.485714
0.318567
0.391406
0.327481
0.193184
0.197909
0.213917
0.348978
0.266569
0.252629
0.305335
0.323485
0.438747
0.228836
0.133594
0.267612
0.347248
0.534556
0.394745
0.562440
0.527034
0.499217
0.384378
0.248413
0.329039
0.124184
0.304812
0.261632
0.646459
0.343488
0.186353
0.297480
0.225018
0.183094
0.416611
0.223885
0.152390
0.285008
0.309302
0.301492
0.234871
0.147662
0.299933
0.318934
0.222534
0.183439
0.230242
0.272606
0.255883
0.177444
0.422467
0.280515
0.154362
0.285648
0.230557
0.530642
0.276546
0.127573
0.225349
0.248974
0.557261
0.321287
0.553778
0.280156
1.676714
1.324225
0.505224
0.423641
0.557867
0.251478
0.582620
0.263183
0.343336
0.192669
0.399109
0.471709
0.166140
0.288048
0.209238
0.174612
0.305499
0.422965
0.562537
0.460442
0.366247
0.238226
0.293821
0.107205
0.225560
0.162244
0.186458
0.141006
0.368753
0.180751
0.319511
0.579011
0.298563
0.400971
0.342228
0.244476
0.224419
0.165919
0.269826
0.191984
0.399938
0.531118
0.342792
0.283978
0.322371
0.246151
0.212136
0.336229
0.277100
0.308733
0.415242
0.311283
0.230884
0.215922
0.348301
0.441293
0.263744
0.215742
0.479002
0.393419
0.277629
0.202064
0.157274
0.353885
0.237838
0.249616
0.353436
0.239138
0.267390
0.413874
0.275857
0.330348
0.225834
0.294099
0.215551
0.303695
0.468393
0.741037
0.423554
0.268745
0.210822
0.286504
0.338432
0.306808
0.313053
0.226325
0.202088
0.188863
0.142382
0.154969
0.153524
0.279008
0.239185
0.126046
0.103238
0.122930
0.238867
0.284779
0.164928
0.402269
0.369515
0.243008
0.127082
0.189156
0.181994
0.317787
0.356205
0.256067
0.448497
0.174954
0.207574
0.152783
0.192331
0.299315
0.360948
0.329708
0.141233
0.363228
0.176034
0.235917
0.191900
0.368207
0.356793
0.232785
0.176674
0.453116
0.533567
0.512721
0.564502
0.461455
0.226537
0.256289
0.209166
0.189642
0.470674
0.368761
0.419237
0.437398
0.262436
0.140015
0.215166
0.195828
0.274454
0.336030
0.280373
0.291856
0.409000
0.371790
0.033627
0.291097
0.338719
0.342975
0.404047
0.328031
0.559623
0.346853
0.302655
0.326887
0.172498
0.551827
0.624800
0.332933
0.399109
0.324288
0.266415
0.306973
0.210039
0.255065
0.249838
0.272690
0.295520
0.252965
0.258546
0.448840
0.190441
0.327168
0.343676
0.220901
0.238207
0.200543
0.187375
0.187875
0.198074
0.338382
0.144560
0.106719
0.150293
0.233024
0.277580
0.189317
0.232267
0.324746
0.290244
0.345730
0.281890
0.338619
0.239595
0.172855
0.211205
0.158008
0.126718
0.316367
0.205890
0.194791
0.252218
0.277886
0.198464
0.280267
0.267032
0.338458
0.222162
0.152716
0.222752
0.191309
0.104570
0.159798
0.215459
0.300902
0.381336
0.224149
0.225975
0.222541
0.224524
0.151598
0.237044
0.231159
0.361374
0.430196
0.287380
0.496474
0.318229
0.291901
0.295781
0.281255
0.211999
0.265864
0.253020
0.430072
0.359213
0.293356
0.272839
0.317665
0.325198
0.316427
0.372061
0.488944
0.294268
0.239686
0.271590
0.458742
0.444567
0.534613
0.471097
0.350008
0.259865
0.226441
0.310705
0.219145
0.154062
0.224078
0.258223
0.341205
0.328391
0.417556
0.298674
0.388164
0.287101
0.697752
0.306670
0.235377
0.355036
0.310515
0.318277
0.526671
0.246338
0.180379
0.281945
0.391069
0.177506
0.260119
0.269445
0.099236
0.259857
0.210511
0.240826
0.203184
0.348729
0.274838
0.216198
0.268001
0.191908
0.418176
0.405851
0.235387
0.447689
0.306568
0.509974
0.054167
0.284171
0.244136
0.236288
0.110361
0.226059
0.258640
0.277256
0.292890
0.276495
0.303776
0.385265
0.258217
0.449928
0.207235
0.230970
0.227628
0.375863
0.239924
0.161912
0.199329
0.221874
0.188592
0.179241
0.077748
0.189814
0.585946
0.222239
0.231523
0.204058
0.230421
0.247619
0.179497
0.144247
0.269219
0.174357
0.355227
0.206823
0.165658
0.217528
0.287758
0.454100
0.540934
0.726107
0.386396
0.367995
0.186161
0.226742
0.237254
0.357574
0.155021
0.245806
0.217367
0.343016
0.226958
0.222886
0.422784
0.154635
0.219273
0.332157
0.328904
0.343582
0.282813
0.211703
0.419489
0.272193
0.493665
0.416820
0.321421
0.248575
0.212185
0.192079
0.309817
0.265298
0.216130
0.182942
0.125898
0.161009
0.286014
0.257650
0.326823
0.245248
0.253483
0.341822
0.483561
0.353518
0.321171
0.310652
0.254396
0.743982
0.274512
0.570646
0.403916
0.242628
0.567309
0.303841
0.266717
0.106409
0.163234
0.137886
0.311840
0.277118
0.307155
0.238538
0.178961
0.290157
0.232143
0.272752
0.196797
0.172269
0.255921
0.230186
0.295900
0.236826
0.205079
0.266510
0.385787
0.349292
0.640012
0.567509
0.292926
0.210797
0.379354
0.406257
0.379146
0.290100
0.348478
0.261844
0.392018
0.283900
0.255868
0.199159
0.454601
0.459332
0.385249
0.360465
0.548733
0.276792
0.382621
0.297191
0.253938
0.279040
0.292665
0.153676
0.209089
0.406252
0.328468
0.477299
0.531912
0.224767
1.336375
1.073027
0.660276
0.468154
0.520771
0.428302
0.274700
0.289591
0.326423
0.363065
0.231093
0.156938
0.173183
0.263107
0.232140
0.414125
0.352724
0.162488
0.198981
0.391418
0.158492
0.243547
0.269888
0.192516
0.211017
0.264358
0.249064
0.220649
0.346118
0.208783
0.229144
0.119384
0.157223
0.183450
0.319897
0.263762
0.418665
0.439462
0.256532
0.273677
0.262178
0.436629
0.368227
0.292114
0.175279
0.293524
0.260798
0.192350
0.173486
0.192638
0.552921
0.410105
0.191343
0.322741
0.205577
0.258073
0.233881
0.386844
0.207901
0.233884
0.296033
0.373092
0.208568
0.244346
0.244324
0.321812
0.244702
0.520920
0.184544
0.209062
0.137456
0.205888
0.192834
0.135502
0.286223
0.479552
0.369228
0.287361
0.344871
0.255602
0.334202
0.285861
0.190775
0.302727
0.257776
0.397136
0.238997
0.251742
0.174087
0.262540
0.302035
0.347987
0.360078
0.215914
0.192033
0.307493
0.377527
0.172419
0.209602
0.210950
0.493022
0.397162
0.298604
0.440827
0.485873
0.380342
0.192578
0.136717
0.325428
0.386888
0.579731
0.521612
0.352221
0.264514
0.313098
0.176403
0.271576
0.182928
0.259604
0.204882
0.316802
0.177006
0.185952
0.227590
0.511634
0.169703
0.159055
0.218175
0.302357
0.310145
0.195034
0.376575
0.167613
0.425962
0.252359
0.324252
0.337289
0.531584
0.657662
0.276299
0.430190
0.356511
0.575584
0.316918
0.365181
0.242886
0.395689
0.370910
0.049593
0.218702
0.188395
0.253430
0.136796
0.144896
0.304053
0.177361
0.154546
0.167101
0.381744
0.309634
0.379358
0.547194
0.368181
0.181453
0.405033
0.284994
0.378917
0.322936
0.429900
0.258937
0.300311
0.264918
0.283774
0.337579
0.247311
0.264332
0.274588
0.321518
0.275909
0.191540
0.457035
0.522005
0.420640
0.539965
0.135177
0.246678
0.318684
0.261561
0.333753
0.507719
0.294763
0.441514
0.342140
0.231764
0.571627
0.225652
0.418108
0.272542
0.360245
0.299250
0.255921
0.203962
0.436115
0.671982
0.410208
0.349263
0.200120
0.255571
0.214939
0.367004
0.630354
0.225994
0.230509
0.172244
0.302313
0.354532
0.274495
0.269753
0.422008
0.232777
0.421273
0.374747
0.315973
0.242689
0.329353
0.369710
0.209591
0.335652
0.139071
0.177866
0.261834
0.274638
0.238539
0.270157
0.288322
0.553376
0.270930
0.229113
0.250120
0.168732
0.388215
0.335845
0.136426
0.250204
0.381390
0.293701
0.249918
0.174518
0.244654
0.145265
0.175455
0.323125
0.244110
0.215471
0.240437
0.325242
0.245496
0.106453
0.424132
0.506584
0.358845
0.345839
0.544545
0.407491
0.336016
0.301305
0.211755
0.277527
0.129505
0.216059
0.252856
0.386289
0.173056
0.426024
0.222789
0.245141
0.470881
0.190878
0.311360
0.174875
0.320069
0.401708
0.420905
0.220158
0.231522
0.385912
0.296082
0.226437
0.221150
0.117245
0.135678
0.262482
0.279953
0.187789
0.198253
0.228696
0.215419
0.178104
1.104289
0.514797
0.602080
0.288377
0.237143
0.252045
0.263801
0.405954
0.153372
0.321239
0.325074
0.196802
0.345608
0.180348
0.146514
0.384804
0.284729
0.239147
0.237037
0.351737
0.388940
0.327468
0.204526
0.320391
0.339372
0.188621
0.199675
0.386496
0.127735
0.379605
0.420178
0.695649
0.296085
0.466731
0.317959
0.246802
0.441496
0.415496
0.219081
0.185228
0.165860
0.365164
0.180614
0.311528
0.220215
0.249439
0.326272
0.230234
0.241385
0.456386
0.265835
0.166800
0.154621
0.254145
0.174686
0.282454
0.165866
0.109158
0.230479
0.374941
0.287475
0.241070
0.154343
0.236599
0.348600
0.196823
0.330282
0.286331
0.291931
0.140571
0.319736
0.349036
0.202763
0.269092
0.370658
0.375488
0.250654
0.218710
0.296862
0.347319
0.280206
0.176745
0.581283
0.462181
0.231221
0.291422
0.501816
0.247531
0.520330
0.353739
0.286255
0.439076
0.395638
0.398887
0.156641
0.375046
0.346550
0.255824
0.169059
0.189850
0.318416
0.507607
0.261825
0.339888
0.378078
0.290630
0.287210
0.174507
0.281606
0.447180
0.299219
0.336524
0.413364
0.177471
0.216186
0.233758
0.255536
0.139992
0.220317
0.184312
0.268309
0.191683
0.321290
0.146636
0.172601
0.252496
0.213059
0.281029
0.330061
0.245330
0.405415
0.145412
0.403240
0.239548
0.249116
0.164830
0.201342
0.268554
0.258730
0.193886
0.308858
0.209491
0.269361
0.206886
0.183190
0.358546
0.285399
0.369998
0.088226
0.615501
1.190549
0.659675
1.960961
0.778548
0.828016
0.553737
0.699864
0.295710
0.332158
0.573074
0.331993
0.188518
0.109514
0.268828
0.483740
0.327813
0.333173
0.449375
0.212952
0.219796
0.353216
0.309997
0.204256
0.263301
0.377049
0.204724
0.076199
0.133843
0.460715
0.275362
0.180549
0.233484
0.386848
0.340249
0.257080
0.164135
0.323510
0.385390
0.310912
0.175995
0.349563
0.162703
0.297028
0.356961
0.354086
0.225349
0.358101
0.190249
0.260204
0.239915
0.240539
0.384114
0.629022
0.486473
0.239194
0.223474
0.275620
0.263847
0.391668
0.531134
0.169078
0.330955
0.293561
0.194562
0.264086
0.230831
0.319968
0.244597
0.305960
0.479613
0.398280
0.310231
0.307351
0.292597
0.280658
0.272917
0.406503
0.330427
0.330721
0.300518
0.300356
0.277687
0.318705
0.308376
0.315057
0.181092
0.284604
0.213567
0.289052
0.134391
0.282852
0.161404
0.163416
0.224778
0.240509
0.121371
0.337971
0.176212
0.202087
0.173011
0.252642
0.312852
0.207167
0.255998
0.251051
0.265664
0.230680
0.114891
0.273642
0.345501
0.360217
0.163408
0.310715
0.248488
0.309983
0.122062
0.236520
0.257921
0.517745
0.375035
0.178403
0.399933
0.306755
0.297696
0.181334
0.524257
0.308478
0.271047
0.304034
0.461466
0.334784
0.389652
0.392505
0.235142
0.348541
0.285270
0.334369
0.299286
0.283902
0.232426
0.564708
0.417922
0.454224
0.330606
0.340936
0.122064
0.227550
0.462050
5.226683
1.359146
0.992423
1.266118
1.072220
0.699677
0.733484
0.710049
0.622954
0.881412
0.528438
0.553273
0.707452
0.463248
0.706087
0.426590
0.685076
0.344019
0.400967
0.586053
0.373425
0.599411
0.386417
0.414848
0.486272
0.339302
0.419799
0.325736
0.160034
0.401515
0.158398
0.330717
0.350744
0.238252
0.255664
0.166193
0.223292
0.359879
0.324380
0.301172
0.382038
0.354231
0.674618
0.319976
0.259299
0.198059
0.291151
0.274853
0.472758
0.185155
0.187803
0.242623
0.270685
0.474200
0.353631
0.303200
0.189759
0.361249
0.394344
0.344138
0.385279
0.370283
0.159698
0.215418
0.378914
0.589747
0.214475
0.386024
0.345845
0.452901
0.307428
0.151546
0.193884
0.316425
0.360098
0.215353
0.176174
0.179133
0.183364
0.376015
0.243997
0.206527
0.396893
0.351776
0.198742
0.193817
0.136601
0.184832
0.331138
0.306043
0.169483
0.370148
0.511469
0.210037
0.145546
0.137246
0.363201
0.461706
0.152985
0.538261
0.765276
0.210530
0.292961
0.375418
0.297332
0.236796
0.206464
0.255270
0.378645
0.103143
0.221585
0.357911
0.247592
0.335316
0.185264
0.299910
0.710550
0.225841
0.211758
0.494236
0.452587
0.324278
0.245398
0.283557
0.147048
0.373983
0.315919
0.205452
0.343240
0.273751
0.261258
0.222575
0.415117
0.276246
0.367205
0.301611
0.234947
0.411100
0.250329
0.248023
0.203594
0.205991
0.264633
0.212435
0.340910
0.119745
0.319453
0.245956
0.015028
0.208053
0.136331
0.382424
0.248443
0.265443
0.237995
0.327499
0.489595
0.194211
0.421721
0.493730
0.207713
0.186734
0.400035
0.182888
0.425314
0.354069
0.290733
0.246862
0.468746
0.420963
0.275041
0.279909
0.241950
0.224070
0.416268
0.178881
0.328799
0.477850
0.254469
0.277461
0.274542
0.146205
0.266726
0.377045
0.206604
0.435240
0.133342
0.070246
0.296345
0.192097
0.204176
0.279319
0.384922
1.104743
0.245065
0.283709
0.237687
0.384977
0.233866
0.400313
0.152765
0.394926
0.415583
0.395118
0.254471
0.231309
0.305451
0.224102
0.101009
0.260435
0.445054
0.339756
0.234655
0.175400
0.288642
0.474186
0.301407
0.477333
0.669431
0.248169
0.449860
0.351963
0.394895
0.406961
0.389455
0.148303
0.349392
0.165747
0.236852
0.160660
0.196561
0.252065
0.166929
0.263486
0.430131
0.316572
0.296749
0.253974
0.619081
0.212233
0.277497
0.286810
0.243212
0.161409
0.269768
0.136200
0.193916
0.189700
0.156124
0.200118
0.191576
0.265843
0.346081
0.435318
0.418412
0.312379
0.329812
0.255876
0.238885
0.232623
0.223237
0.249597
0.252002
0.257111
0.254245
0.221056
0.180839
0.163524
0.250073
0.185540
0.254515
0.234238
0.303433
0.424520
0.182288
0.493551
0.395545
0.353936
0.367470
0.227431
0.141809
0.277309
0.279158
0.324523
0.465813
0.435798
0.315528
0.495897
0.508447
0.236211
0.386961
0.276295
0.261061
0.189377
0.247045
0.321324
0.433330
0.030418
0.278881
0.311769
0.336389
0.318286
0.515790
0.258960
0.175476
0.275032
0.258408
0.293072
0.329449
0.204269
0.340846
0.353042
0.234304
0.196090
0.302660
0.435096
0.325496
0.273841
0.236326
0.160793
0.131573
0.248668
0.370642
0.390489
0.325259
0.460455
0.215348
0.148098
0.254912
0.197981
0.524140
0.211131
0.257148
0.283499
0.196585
0.289301
0.253610
0.217871
0.145297
0.221132
0.269648
0.377492
0.308642
0.533736
0.374899
0.144431
0.142486
0.129126
0.366360
0.378497
0.187296
0.268327
0.404733
0.597927
0.306016
0.279230
0.235099
0.171702
0.235335
0.248894
0.194953
0.403600
0.503968
0.173428
0.240617
0.369620
0.196468
0.211459
0.317514
0.351898
0.276420
0.130957
0.107868
0.315727
0.235491
0.330202
0.178589
0.192856
0.262427
0.443140
0.415214
0.279911
0.231587
0.363071
0.450570
0.306324
0.210385
0.440235
0.284038
0.177255
0.403124
0.366116
0.495215
0.302631
0.284530
0.522008
0.313517
0.230939
0.132351
0.250866
0.599028
0.428474
0.496841
0.258926
0.489568
0.392634
0.231655
0.397086
0.284508
0.275550
0.398183
0.270676
0.269220
0.112353
0.390980
0.338244
0.353400
0.212310
0.228519
0.172503
0.419262
0.302239
0.186794
0.348116
0.465129
0.275512
0.196655
0.371037
0.302415
0.287423
0.214304
0.282189
0.126339
0.139643
0.315238
0.148497
0.526286
0.205297
0.363722
0.183428
0.388511
0.314285
0.202264
0.266124
0.125623
0.156186
0.361864
3.604370
2.105233
1.149343
0.650041
0.653280
0.538095
0.498341
0.552248
0.507106
0.400192
0.267868
0.381274
0.203781
0.363056
0.497047
0.247853
0.502622
0.519347
0.297879
0.426619
0.152278
0.230204
0.377593
0.221371
0.217375
0.314317
0.207128
0.211434
0.346122
0.304518
0.424671
0.378874
0.321134
0.351732
0.401579
0.500082
0.457308
0.204339
0.355810
0.265644
0.207835
0.201419
0.290963
0.356731
0.348651
0.288982
0.279978
0.415312
0.291202
0.285364
0.417046
0.430821
0.233559
0.287302
0.441788
0.236781
0.177750
0.254280
0.194598
0.356640
0.177567
0.327160
0.445673
0.261704
0.366937
0.245147
0.195872
0.358916
0.330647
0.304364
0.285041
0.253164
0.165006
0.428173
0.414045
0.267795
0.202365
0.353657
0.388722
0.301306
0.248318
0.148226
0.169234
0.211527
0.153744
0.218752
0.146908
0.204370
0.264527
0.385899
0.281188
0.302638
0.112950
0.185934
0.206179
0.204309
0.277376
0.294848
0.290493
0.123765
0.258906
0.289390
0.272855
0.206688
0.243635
0.428430
0.190250
0.153896
0.367288
0.331163
0.328482
0.409248
0.174042
0.275361
0.306325
0.241225
0.198398
0.195390
0.182415
0.283710
0.410183
0.228406
0.168727
0.260080
0.359358
0.579576
0.209187
0.288898
0.200229
0.407868
0.322784
0.365392
0.150284
0.371721
0.487292
0.267183
0.324898
0.189013
0.247275
0.290382
0.175055
0.280884
0.355683
0.133476
0.099269
0.224173
0.254641
0.288286
0.026461
0.166325
0.156980
0.400496
0.589727
1.002286
0.960248
0.393088
0.183572
0.297119
0.274022
0.350778
0.298941
0.522312
0.303601
0.211121
0.266295
0.335078
0.213735
0.351652
0.201294
0.233333
0.231488
0.193262
0.174159
0.233736
0.271380
0.272370
0.236433
0.259950
0.211550
0.369750
0.188024
0.132485
0.265659
0.199628
0.094807
0.248996
0.272420
0.305953
0.321856
0.216798
0.348551
0.190622
0.420469
0.346480
0.191044
0.356511
0.320944
0.259546
0.162494
0.264995
0.129233
0.382712
0.523852
0.151900
0.188178
0.230802
0.232953
0.360562
0.298035
0.238797
0.327553
0.170985
0.245027
0.432336
0.378611
0.458750
0.238957
0.501223
0.188104
0.187549
0.181146
0.278557
0.196322
0.531483
0.334944
0.221475
0.135040
0.493583
0.231952
0.354535
0.512856
0.767614
0.597511
0.415579
0.252292
0.240555
0.149396
0.398581
0.343809
0.245207
0.355545
0.309924
0.356278
0.321616
0.293593
0.252603
0.375208
0.623675
0.197711
0.387249
0.300057
0.182112
0.230735
0.362028
0.205025
0.292217
0.184366
0.277791
0.233264
0.286892
0.257621
0.248238
0.270244
0.147225
0.127210
0.209963
0.331473
0.241720
0.274828
0.306358
0.280160
0.172390
0.302081
0.267472
0.228977
0.315041
0.325807
0.156522
0.153705
0.196427
0.289800
0.173380
0.186156
0.429186
0.611871
0.182417
0.307686
0.338136
0.229330
0.426788
0.182856
0.271968
0.336329
0.288000
0.423942
0.342629
0.337994
0.785676
12.191854
2.136752
2.048728
1.975359
1.987117
1.869461
1.932333
1.691178
1.761539
1.650109
1.623204
1.643045
1.401776
1.440120
1.227621
1.281529
1.324084
1.425204
0.920168
0.992506
1.075091
0.963790
0.759087
0.526567
0.646806
0.612708
0.694201
0.826774
0.567831
0.641881
0.626305
0.557830
0.693475
0.667548
0.487890
0.700801
0.731720
0.540031
0.548809
0.476652
0.912144
0.518676
0.520744
0.433490
0.587728
0.524311
0.488928
0.275676
0.632052
0.577119
0.380298
0.435132
0.407015
0.302213
0.574482
0.231448
0.308660
0.614806
0.471194
0.351691
0.375194
0.449747
0.346995
0.568201
0.362071
0.293717
0.327479
0.653898
0.590987
0.210058
0.262873
0.376518
0.291595
0.325321
0.454692
0.192171
0.137685
0.314062
0.306394
0.236124
0.229593
0.307052
0.444229
0.202864
0.549326
0.639778
0.320498
0.313813
0.474961
0.179959
0.191601
0.424359
0.388311
0.432785
0.452389
0.296884
0.220733
0.301592
0.215346
0.284098
0.249886
0.165213
0.288575
0.557107
0.382636
0.263184
0.312265
0.380925
0.623699
0.402945
0.355421
0.402617
0.363935
0.226747
0.154484
0.335336
0.231368
0.471560
0.339562
0.399766
0.462222
0.411999
0.217394
0.316760
0.236382
0.470388
0.146491
0.420856
0.527580
0.556317
0.229346
0.377676
0.243355
0.330815
0.363851
0.686861
0.341909
0.323696
0.170645
0.194945
0.143666
0.263794
0.245234
0.305456
0.247220
0.280201
0.369630
0.281563
0.016392
0.382858
0.131934
0.273430
0.254550
0.203510
0.250188
0.347752
0.384881
0.421615
0.364511
0.409677
0.228446
0.222834
0.187747
0.461718
0.417994
0.482315
0.757245
0.336225
0.210786
0.196787
0.263610
0.163142
0.191011
0.403462
0.702620
0.373504
0.335657
0.302251
0.403690
0.348539
0.301902
0.324264
0.343261
0.261669
0.366820
0.362035
0.367239
0.371811
0.426004
0.532839
0.427810
0.259463
0.360166
0.312037
0.305365
0.227100
0.234319
0.200062
0.559700
0.547464
0.363490
0.156978
0.168379
0.295740
0.211080
0.302660
0.208953
0.426822
0.455803
0.313491
0.424705
0.452796
0.168039
0.387320
0.313169
0.404165
0.235693
0.314362
0.395718
0.212651
0.270176
0.266362
0.198823
0.385910
0.202159
0.374237
0.188819
0.163149
0.171466
0.189992
0.225617
0.327034
0.215893
0.298651
0.150691
0.107863
0.271822
0.423222
0.456038
0.683328
0.448661
0.333094
0.274784
0.421434
0.531407
0.239974
0.188553
0.220543
0.280928
0.466765
0.208956
0.214536
0.318635
0.376656
0.272584
0.379552
0.187865
0.298885
0.168443
0.109386
0.368534
0.480858
0.395628
0.237466
0.209108
0.320359
0.170404
0.156448
0.416445
0.284449
0.431577
0.301919
0.330850
0.201058
0.249080
0.212517
0.451664
0.389056
0.309752
0.187662
0.395145
0.285912
0.283635
0.269218
0.168011
0.350576
0.352390
0.103588
0.309096
0.256211
0.248538
0.247721
0.324834
0.237679
0.406670
0.473485
0.406608
0.037611
0.303674
0.274705
