2.260312
2.477076
2.160077
2.024495
1.819493
1.542697
1.759465
1.681492
1.310074
0.864765
0.801335
0.618302
0.762853
0.628586
0.724444
0.532693
0.617399
0.526740
0.286485
0.263444
0.695301
0.605743
0.505767
0.239117
0.291278
0.331387
0.409775
0.502411
0.673857
0.345618
0.364762
0.446830
0.584279
0.394010
0.475191
0.373509
0.379702
0.244309
0.463653
0.148757
0.155056
0.324696
0.253130
0.395364
0.303294
0.372350
0.246908
0.162728
0.149557
0.600392
0.400375
0.245651
0.127005
0.488416
0.146486
0.217055
0.685294
0.375431
0.091810
0.205059
0.280136
0.210067
0.378946
0.327208
0.187836
0.139839
0.275796
0.145410
0.221408
0.313845
0.082869
0.244374
0.282839
0.152825
0.296383
0.347147
0.255252
0.166147
0.105267
0.157475
0.130224
0.273284
0.120850
0.186239
0.248021
0.117341
0.185282
0.545628
0.556918
0.332441
0.112033
0.183566
0.165188
0.514820
0.495996
0.159121
0.293436
0.190542
0.242717
0.203319
0.609261
0.285131
0.132693
0.173779
0.325809
0.200703
0.259664
0.092255
0.119349
0.170175
0.277461
0.279928
0.203764
0.243891
0.303230
0.091015
0.109969
0.053061
0.136248
0.087530
0.182672
0.100597
0.120898
0.193776
0.137790
0.157354
0.114273
0.489904
0.267747
0.153467
0.181497
0.370600
0.196110
0.160821
0.168797
0.130315
0.075325
0.070535
0.196952
0.300866
0.099919
0.163030
0.383113
0.395186
0.121758
0.089610
0.048236
0.171824
0.418603
0.156830
0.121169
0.426140
0.126094
0.110901
0.193217
0.066285
0.171622
0.266131
0.160883
0.288265
0.195677
0.078943
0.383279
0.060294
0.165204
0.239558
0.198445
0.047017
0.134508
0.195395
0.230490
0.149623
0.118734
0.201604
0.230200
0.256118
0.233444
0.075961
0.106130
0.349424
0.130786
0.026822
0.049938
0.303762
0.172833
0.271448
0.106346
0.098560
0.129263
0.287656
0.072187
0.188943
0.252189
0.088984
0.148783
0.278332
0.235753
0.231509
0.021178
0.082199
0.092753
0.203658
0.044131
0.076829
0.063386
0.393017
0.211832
0.059703
0.081676
0.057326
0.218511
0.247908
0.354161
0.117459
0.106125
0.274049
0.039845
0.075399
0.043933
0.143925
0.245670
0.066701
0.159660
0.117591
0.070257
0.098519
0.169543
0.185552
0.107998
0.074840
0.238319
0.118118
0.148156
0.116965
0.224889
0.211730
0.216979
0.087602
0.079474
0.102172
0.171145
0.195492
0.133024
0.244782
0.155603
0.028537
0.154589
0.111470
0.079171
0.341003
0.052554
0.053892
0.083632
0.239946
0.109337
0.074932
0.078953
0.095258
0.152342
0.077853
0.126576
0.218005
0.173415
0.089305
0.163316
0.087682
0.180212
0.026159
0.224979
0.161961
0.017444
0.169348
0.447818
0.164300
0.061319
0.104602
0.083422
0.051146
0.160745
0.140377
0.272951
0.175495
0.113185
0.082348
0.150827
0.138428
0.213907
0.041621
0.232180
0.426582
0.428504
0.028706
0.026622
0.054161
0.238710
0.105855
0.019651
0.049140
0.107238
0.101664
0.074351
0.035000
0.528937
0.042555
0.096228
0.147241
0.043957
0.213149
0.078365
0.120556
0.129419
0.126990
0.067328
0.222891
0.187045
0.129521
0.126134
0.033957
0.151459
0.018912
0.111088
0.048939
0.062391
0.410084
0.121115
0.099636
0.088668
0.112102
0.128350
0.237854
0.125062
0.086047
0.056869
0.204867
0.101746
0.309862
0.104204
0.167647
0.032854
0.016402
0.072227
0.112938
0.026001
0.083668
0.050594
0.122807
0.188643
0.057018
0.305171
0.425080
0.091136
0.083473
0.227572
0.068318
0.150098
0.072749
0.038290
0.126789
0.086076
0.058734
0.131424
0.116457
0.077776
0.265617
0.059703
0.131294
0.252959
0.183677
0.048561
0.085425
0.066434
0.063963
0.057886
0.578966
0.042977
0.123908
0.028277
0.238709
0.035559
0.078886
0.095009
0.054140
0.052667
0.240842
0.104008
0.249453
0.044188
0.094658
0.129313
0.042478
0.210318
0.184956
0.134962
0.049469
0.381304
0.094625
0.071292
0.186606
0.271781
0.038361
0.098479
0.179093
0.070883
0.079379
0.086797
0.116600
0.082168
0.052996
0.174762
0.024360
0.046725
0.041965
0.043734
0.061288
0.070424
0.056161
0.198798
0.151593
0.109362
0.152355
0.042471
0.060230
0.034229
0.309119
0.074380
0.700087
0.196220
0.277220
0.163653
0.136163
0.188278
0.107070
0.035476
0.110592
0.036214
0.033574
0.030807
0.033649
0.054107
0.070913
0.040528
0.059355
0.367576
0.032277
0.189352
0.086512
0.019406
0.093519
0.156929
0.156292
0.063263
0.062039
0.077471
0.096956
0.051630
0.196890
0.034591
0.083604
0.054958
0.063645
0.223920
0.149678
0.176930
0.199168
0.247318
0.043783
0.094662
0.012385
0.109252
0.058066
0.036288
0.218500
0.039760
0.181935
0.040990
0.143382
0.074887
0.111571
0.055776
0.077970
0.049354
0.159919
0.134110
0.251355
0.078733
0.051028
0.087474
0.271792
0.068407
0.083157
0.072567
0.193041
0.117783
0.043283
0.131388
0.060160
0.052243
0.130864
0.090217
0.031592
0.175580
0.078444
0.086792
0.221953
0.067012
0.085601
0.456903
0.022238
0.081260
0.109475
0.138024
0.271683
0.093240
0.065824
0.069348
0.220971
0.401730
0.527483
0.045155
0.039512
0.183519
0.051615
0.073640
0.127802
0.062705
0.073602
0.063448
0.056935
0.066854
0.042259
0.044529
0.113187
0.033054
0.070146
0.043343
0.239137
0.198515
0.036605
0.220274
0.046293
0.074222
0.091585
0.039914
0.036401
0.202640
0.058011
0.117248
0.058615
0.017759
0.080941
0.022232
0.082954
0.073690
0.062198
0.261247
0.091123
0.141223
0.084299
0.047715
0.017587
0.124783
0.235058
0.010710
0.050776
0.062031
0.083808
0.048885
0.116739
0.092042
0.131611
0.125053
0.252763
0.069899
0.038410
0.038523
0.151183
0.016718
0.011402
0.039809
0.032948
0.023065
0.053105
0.059549
0.089750
0.234954
0.102659
0.100621
0.202320
0.050570
0.156938
0.123133
0.066888
0.232788
0.299567
0.027634
0.365039
0.140436
0.063901
0.035839
0.042874
0.287775
0.028255
0.056451
0.053755
0.090584
0.310044
0.127169
0.248094
0.216628
0.165356
0.177749
0.030823
0.278494
0.032061
0.162668
0.052015
0.392030
0.163205
0.116663
0.056434
0.046630
0.162712
0.053256
0.221121
0.233280
0.032141
0.070033
0.042122
0.186835
0.054231
0.115484
0.188131
0.089444
0.085326
0.163512
0.099899
0.079608
0.019730
0.103513
0.015531
0.079294
0.170204
0.033662
0.023507
0.246310
0.035027
0.068372
0.074026
0.084490
0.035113
0.073272
0.074396
0.015733
0.298582
0.023709
0.261960
0.144803
0.106773
0.012430
0.046168
0.261426
0.031655
0.138126
0.013922
0.086541
0.076373
0.025007
0.166361
0.056510
0.066481
0.107982
0.026069
0.048526
0.089134
0.049052
0.101337
0.016830
0.144595
0.015591
0.023640
0.179473
0.145879
0.085525
0.153600
0.089009
0.028771
0.073381
0.044152
0.027114
0.190231
0.079209
0.143175
0.043346
0.064584
0.061051
0.050720
0.267443
0.073494
0.147521
0.083788
0.181170
0.311972
0.116879
0.180804
0.046675
0.063110
0.102180
0.127416
0.035448
0.079651
0.070012
0.071595
0.072795
0.040926
0.030900
0.327346
0.017942
0.017433
0.096300
0.008030
0.053897
0.017127
0.061872
0.067252
0.017945
0.096971
0.162659
0.033861
0.053350
0.429059
0.063817
0.088741
0.057488
0.023574
0.051908
0.058737
0.036103
0.212338
0.091184
0.052831
0.082500
0.025186
0.128064
0.060258
0.024202
0.022956
0.078036
0.094632
0.096650
0.072367
0.036608
0.047196
0.028605
0.060662
0.024925
0.087034
0.017593
0.067404
0.022778
0.080258
0.184649
0.015371
0.068932
0.252483
0.018191
0.091618
0.020550
0.125028
0.048753
0.044164
0.017080
0.046717
0.057327
0.034703
0.021202
0.082879
0.077726
0.057684
0.062384
0.178649
0.077127
0.081138
0.052305
0.070494
0.047890
0.066889
0.095907
0.247515
0.043671
0.029772
0.068181
0.068609
0.112331
0.046970
0.064854
0.054343
0.262930
0.139106
0.179256
0.088907
0.063670
0.134984
0.101056
0.161885
0.016872
0.044411
0.468458
0.123387
0.093343
0.055830
0.009699
0.064749
0.060589
0.075474
0.015024
0.150421
0.043866
0.290740
0.022357
0.098726
0.045792
0.010277
0.130444
0.132860
0.110138
0.112657
0.154552
0.023826
0.155313
0.005090
0.096760
0.055356
0.136685
0.085484
0.077278
0.068666
0.063431
0.084547
0.110434
0.275332
0.066512
0.029942
0.150248
0.116001
0.036483
0.041221
0.398770
0.036942
0.205902
0.070742
0.022735
0.040449
0.097874
0.117694
0.205517
0.150701
0.171372
0.236003
0.138083
0.287205
0.211223
0.055154
0.134991
0.022943
0.045519
0.041667
0.016596
0.004776
0.091800
0.225881
0.074242
0.121640
0.093307
0.063399
0.088511
0.011821
0.158708
0.127800
0.120765
0.016135
0.101119
0.134520
0.060525
0.159409
0.082752
0.008974
0.029794
0.134004
0.037945
0.118355
0.019628
0.254158
0.022471
0.018358
0.047250
0.144612
0.240971
0.029465
0.110135
0.042002
0.033213
0.109730
0.068281
0.028237
0.022313
0.063188
0.061724
0.188208
0.048598
0.083528
0.195067
0.035880
0.024794
0.146776
0.030065
0.088059
0.051587
0.146298
0.009415
0.037106
0.034403
0.252695
0.023200
0.017575
0.122966
0.060292
0.092081
0.134330
0.049727
0.079529
0.108912
0.035707
0.050989
0.213806
0.025280
0.109100
0.095388
0.064209
0.032119
0.046811
0.258613
0.168366
0.096657
0.108697
0.082645
0.017246
0.046698
0.095450
0.063454
0.046049
0.046713
0.143240
0.077462
0.077423
0.069726
0.078788
0.030125
0.034596
0.070094
0.016607
0.094394
0.057448
0.028702
0.192346
0.038237
0.042610
0.030272
0.093872
0.076295
0.235880
0.235234
0.193734
0.009799
0.018412
0.063110
0.050991
0.059255
0.081771
0.064196
0.217841
0.304959
0.042466
0.026759
0.053063
0.259066
0.119921
0.088631
0.025772
0.029497
0.108758
0.075297
0.025641
0.022616
0.053342
0.225890
0.073351
0.013814
0.055037
0.112568
0.163246
0.024881
0.182511
0.034984
0.140832
0.016515
0.228848
0.020471
0.005682
0.286187
0.067340
0.066434
0.015615
0.253054
0.080853
0.069491
0.062546
0.083916
0.031794
0.017156
0.129232
0.114080
0.091594
0.044846
0.058059
0.114990
0.035805
0.078760
0.045565
0.085805
0.019516
0.433303
0.169704
0.264898
0.034918
0.051041
0.049033
0.077196
0.034268
0.031228
0.047414
0.020341
0.145129
0.215943
0.165401
0.023351
0.061661
0.106116
0.150718
0.177684
0.027861
0.032138
0.024679
0.017270
0.042258
0.249561
0.122144
0.057269
0.087886
0.015995
0.177398
0.133140
0.029240
0.136303
0.070428
0.003705
0.046557
0.182612
0.179862
0.064423
0.139733
0.077416
0.058545
0.086824
0.018150
0.053012
0.153876
0.032584
0.092924
0.085372
0.070509
0.123392
0.229649
0.034482
0.023297
0.081701
0.115002
0.025283
0.034042
0.141052
0.037329
0.013186
0.234125
0.041071
0.049121
0.069855
0.127537
0.037383
0.149079
0.039677
0.085212
0.203036
0.192555
0.040047
0.096991
0.214272
0.049175
0.036360
0.265115
0.138500
0.055974
0.067512
0.160302
0.074811
0.184083
0.057117
0.084065
0.153086
0.007220
0.037771
0.139008
0.038055
0.421553
0.140975
0.025026
0.105133
0.036016
0.033184
0.033537
0.029810
0.027419
0.124402
0.141133
0.045684
0.093116
0.083664
0.134580
0.063029
0.063299
0.031799
0.228107
0.062979
0.086044
0.008250
0.069082
0.083203
0.214244
0.052323
0.069910
0.045748
0.068165
0.114737
0.099208
0.012521
0.025595
0.062328
0.082121
0.015356
0.030454
0.005731
0.086142
0.018327
0.016626
0.028798
0.024486
0.074045
0.024868
0.015446
0.028790
0.012119
0.053609
0.016251
0.108578
0.328336
0.089430
0.006543
0.031623
0.012320
0.097876
0.087635
0.058112
0.020221
0.214980
0.090255
0.077071
0.027726
0.032248
0.067831
0.031370
0.237283
0.103468
0.096203
0.005269
0.034289
0.015345
0.173942
0.039024
0.012945
0.012980
0.100329
0.278438
0.028563
0.046440
0.082175
0.064601
0.276045
0.179557
0.114675
0.061587
0.018162
0.048949
0.100711
0.020887
0.039969
0.009521
0.088817
0.030040
0.057511
0.050916
0.057607
0.066914
0.134513
0.016602
0.038363
0.044254
0.101253
0.055686
0.142894
0.029014
0.275746
0.064052
0.046557
0.047058
0.047048
0.034985
0.091214
0.038894
0.149537
0.078839
0.193847
0.081911
0.069304
0.123242
0.019991
0.019802
0.092988
0.151851
0.032966
0.033223
0.042220
0.088524
0.203642
0.192849
0.115541
0.022572
0.068262
0.082128
0.007333
0.069228
0.033568
0.014627
0.121307
0.098409
0.093942
0.067192
0.036551
0.020100
0.104337
0.120244
0.034801
0.040217
0.030244
0.153505
0.073421
0.017258
0.077462
0.025877
0.064252
0.046275
0.030476
0.043825
0.059823
0.091345
0.474741
0.020883
0.152126
0.059073
0.017899
0.015486
0.017946
0.074109
0.018230
0.007722
0.026140
0.119855
0.092156
0.092854
0.062038
0.061003
0.220357
0.046075
0.120202
0.022305
0.041725
0.022322
0.031155
0.166501
0.012636
0.076312
0.051907
0.170647
0.062270
0.093508
0.041129
0.031245
0.052274
0.035216
0.180839
0.419677
0.025194
0.164714
0.043459
0.082451
0.014501
0.225696
0.069928
0.127811
0.055044
0.091044
0.057293
0.106553
0.022041
0.222155
0.037506
0.067897
0.290855
0.102775
0.078338
0.059821
0.073058
0.051178
0.001566
0.013720
0.164956
0.014980
0.116212
0.216236
0.182378
0.038267
0.168378
0.077949
0.108262
0.047976
0.020741
0.018721
0.184008
0.178590
0.014761
0.017172
0.004975
0.069994
0.028101
0.064227
0.116091
0.409243
0.079795
0.017634
0.185836
0.047212
0.010195
0.020358
0.080329
0.039692
0.052018
0.048439
0.049746
0.054215
0.080040
0.089328
0.037154
0.234985
0.134369
0.070401
0.090132
0.136948
0.010355
0.059046
0.025710
0.018724
0.099389
0.028798
0.040919
0.045670
0.019400
0.010221
0.017142
0.073565
0.040642
0.027517
0.165964
0.076429
0.076667
0.302621
0.018108
0.504546
0.018857
0.036413
0.027400
0.077373
0.118727
0.227642
0.035131
0.039831
0.043248
0.004636
0.155060
0.011513
0.058078
0.019059
0.120837
0.013988
0.049896
0.019355
0.064350
0.028191
0.118195
0.089271
0.210535
0.074086
0.171269
0.145391
0.094557
0.069985
0.064043
0.040941
0.025499
0.081485
0.098330
0.072836
0.061465
0.074664
0.024103
0.059260
0.022983
0.067857
0.208480
0.037714
0.032546
0.048940
0.010055
0.050538
0.063682
0.135848
0.089298
0.017124
0.092083
0.033662
0.024537
0.052577
0.007800
0.103037
0.020780
0.166802
0.004367
0.110841
0.074889
0.034950
0.055506
0.082473
0.104399
0.032703
0.029802
0.075641
0.048432
0.080238
0.076332
0.218024
0.093079
0.241640
0.256735
0.011691
0.042116
0.031515
0.030506
0.018668
0.107371
0.024156
0.056687
0.065376
0.075107
0.001262
0.040424
0.033104
0.019538
0.027689
0.038790
0.014864
0.067915
0.114155
0.013476
0.105500
0.238136
0.078908
0.157355
0.018474
0.056329
0.286947
0.200645
0.130109
0.009415
0.017141
0.118421
0.019307
0.061183
0.028685
0.055526
0.086760
0.024598
0.037650
0.050546
0.076034
0.038976
0.026362
0.015591
0.089974
0.055335
0.031561
0.030198
0.019638
0.161886
0.046008
0.080380
0.016082
0.005056
0.034737
0.228210
0.109153
0.039101
0.055540
0.046129
0.007307
0.267068
0.009777
0.028808
0.074525
0.027679
0.064885
0.130757
0.012332
0.343612
0.020644
0.082992
0.061846
0.036140
0.021303
0.029542
0.031350
0.015476
0.149826
0.025769
0.064438
0.076682
0.031402
0.056077
0.014936
0.210884
0.136984
0.038083
0.043140
0.017778
0.094866
0.043451
0.024045
0.031158
0.026088
0.021480
0.081492
0.007463
0.156958
0.046778
0.126597
0.068662
0.242685
0.031436
0.060836
0.102976
0.064868
0.032498
0.085418
0.022238
0.075164
0.027349
0.477302
0.113203
0.037098
0.272681
0.073738
0.017742
0.022196
0.094627
0.095717
0.045891
0.230052
0.025352
0.075337
0.060488
0.020556
0.120479
0.048617
0.278234
0.062631
0.045632
0.018148
0.065616
0.068873
0.234935
0.036550
0.050236
0.020115
0.020411
0.025696
0.018102
0.198289
0.035650
0.107795
0.096507
0.117575
0.063194
0.166339
0.057930
0.011668
0.080779
0.034065
0.014402
0.121689
0.109934
0.039862
0.097329
0.044480
0.125745
0.047533
0.015035
0.022842
0.003934
0.196651
0.141934
0.018946
0.031848
0.074567
0.076408
0.038379
0.006020
0.029495
0.028508
0.038565
0.040100
0.067137
0.023014
0.006193
0.038153
0.173218
0.074405
0.130938
0.131859
0.062344
0.037562
0.101163
0.079477
0.061342
0.005170
0.169173
0.044035
0.073154
0.104133
0.051843
0.029003
0.014478
0.051113
0.209074
0.054027
0.210651
0.051519
0.030219
0.047442
0.062820
0.090988
0.122308
0.054324
0.112605
0.021455
0.025983
0.026627
0.371659
0.044042
0.087710
0.014029
0.161169
0.044403
0.108563
0.048121
0.142314
0.263112
0.247770
0.189452
0.027197
0.049504
0.073704
0.066981
0.044691
0.028847
0.019717
0.202140
0.073992
0.046923
0.071189
0.028239
0.033659
0.146202
0.013951
0.143079
0.044898
0.045125
0.099680
0.055708
0.053411
0.057581
0.049876
0.022291
0.039735
0.011666
0.013632
0.058284
0.093027
0.092296
0.014289
0.046733
0.017863
0.129845
0.229281
0.027200
0.240186
0.067304
0.123988
0.051831
0.036902
0.110297
0.039835
0.012846
0.016603
0.150517
0.008630
0.047320
0.124375
0.016081
0.015326
0.193954
0.072472
0.025012
0.037062
0.063267
0.041733
0.015803
0.029820
0.016276
0.070943
0.007119
0.046063
0.252361
0.032161
0.074526
0.217926
0.052476
0.064507
0.013964
0.188000
0.037528
0.022990
0.154911
0.157925
0.163257
0.058499
0.024276
0.017418
0.024521
0.055630
0.044950
0.026436
0.036909
0.035219
0.025084
0.077545
0.022863
0.071445
0.069316
0.022483
0.012918
0.015268
0.127308
0.070468
0.117257
0.110897
0.061472
0.017337
0.032501
0.096992
0.053507
0.171707
0.007563
0.079557
0.049389
0.032896
0.080605
0.101872
0.089538
0.075153
0.103613
0.029833
0.048831
0.013463
0.057448
0.181984
0.241924
0.020205
0.026870
0.071846
0.098176
0.024263
0.036115
0.105780
0.020715
0.114756
0.207655
0.011749
0.076966
0.027737
0.015935
0.136799
0.012019
0.111051
0.037928
0.063568
0.045661
0.009787
0.088792
0.032120
0.008854
0.395531
0.169509
0.015765
0.009897
0.040947
0.088876
0.088411
0.015071
0.014175
0.020312
0.055055
0.017014
0.068151
0.003527
0.030360
0.334971
0.051594
0.039677
0.110738
0.005905
0.026977
0.068685
0.088344
0.070055
0.038583
0.158601
0.037567
0.032460
0.110740
0.162159
0.265740
0.087461
0.020042
0.071300
0.016871
0.219272
0.185908
0.114365
0.026077
0.040341
0.106372
0.019657
0.035652
0.099331
0.199269
0.012246
0.041467
0.041969
0.095195
0.038527
0.100625
0.083831
0.091281
0.024612
0.054330
0.045469
0.030610
0.073180
0.010844
0.011618
0.035482
0.041750
0.274453
0.043448
0.071024
0.117768
0.015330
0.053993
0.016232
0.052338
0.081162
0.004836
0.040716
0.064880
0.035151
0.019811
0.090943
0.115348
0.036056
0.032247
0.074219
0.010338
0.234212
0.058836
0.032867
0.064098
0.038291
0.016272
0.080654
0.039971
0.084324
0.013936
0.017139
0.165498
0.017103
0.033295
0.076689
0.160295
0.011669
0.109125
0.056341
0.113341
0.127598
0.036584
0.023709
0.017207
0.093454
0.065528
0.020806
0.066395
0.015776
0.013216
0.022255
0.073809
0.141338
0.120247
0.089071
0.060828
0.132608
0.282131
0.051080
0.118019
0.030679
0.197213
0.028944
0.032646
0.051128
0.067831
0.032879
0.043963
0.016055
0.092725
0.058348
0.425611
0.019225
0.171721
0.069249
0.013225
0.038343
0.067045
0.017629
0.148088
0.023835
0.017465
0.137685
0.018660
0.005654
0.229980
0.073121
0.018660
0.018233
0.189984
0.058663
0.058410
0.169838
0.076790
0.040888
0.124982
0.033008
0.017940
0.037919
0.011158
0.026663
0.025490
0.135273
0.045348
0.356562
0.214994
0.012113
0.103837
0.022068
0.101209
0.021317
0.073668
0.006712
0.098286
0.009350
0.025037
0.049113
0.039830
0.066396
0.048708
0.138790
0.013709
0.015853
0.008969
0.019175
0.059196
0.096356
0.054832
0.169889
0.161898
0.037847
0.018577
0.020321
0.039353
0.017036
0.029556
0.012052
0.057147
0.056203
0.009702
0.007428
0.062294
0.060866
0.019312
0.098638
0.018851
0.019127
0.104785
0.005299
0.062437
0.080573
0.021523
0.188639
0.059325
0.170375
0.109996
0.115325
0.009767
0.054704
0.006497
0.031322
0.171283
0.061614
0.077147
0.132602
0.027052
0.007180
0.157282
0.065363
0.023606
0.049314
0.125556
0.043496
0.183711
0.005730
0.013157
0.046266
0.025423
0.034346
0.050145
0.029905
0.064142
0.012089
0.012243
0.031501
0.119248
0.019338
0.101668
0.047661
0.038557
0.032255
0.016128
0.010051
0.059702
0.031600
0.040723
0.058090
0.059387
0.024942
0.075098
0.137356
0.059747
0.031748
0.011897
0.008459
0.044880
0.025441
0.076781
0.040068
0.073994
0.095119
0.191274
0.021779
0.085500
0.079604
0.080519
0.050048
0.093207
0.225681
0.069022
0.230154
0.074186
0.111000
0.277805
0.041737
0.021401
0.032926
0.192917
0.067999
0.032953
0.192268
0.092589
0.198362
0.096225
0.041003
0.045408
0.088692
0.029930
0.045647
0.014036
0.061128
0.057368
0.037507
0.044286
0.164846
0.037722
0.039609
0.052232
0.322362
0.129286
0.096263
0.044910
0.027165
0.136292
0.039081
0.050379
0.032538
0.014997
0.123391
0.069719
0.024081
0.032330
0.021225
0.088377
0.082552
0.056134
0.036929
0.073791
0.039585
0.098145
0.082751
0.072208
0.042831
0.194224
0.080950
0.070984
0.112210
0.032078
0.061555
0.006429
0.048223
0.011818
0.059419
0.016315
0.051703
0.011506
0.025987
0.062516
0.010114
0.034412
0.114120
0.013459
0.005034
0.064085
0.006268
0.066709
0.102780
0.032225
0.008464
0.029798
0.087982
0.056546
0.040118
0.007146
0.007240
0.043467
0.011203
0.418383
0.023632
0.011931
0.147298
0.008075
0.257412
0.047968
0.018154
0.099245
0.043683
0.029320
0.065497
0.114268
0.179980
0.058306
0.036082
0.074016
0.005223
0.003884
0.028484
0.014010
0.004170
0.048387
0.057479
0.135869
0.130952
0.038767
0.024939
0.083335
0.004116
0.169404
0.060258
0.031205
0.151256
0.023568
0.028225
0.050809
0.098235
0.247059
0.031747
0.070117
0.005151
0.089542
0.023853
0.160812
0.144704
0.016484
0.007937
0.135450
0.047174
0.045883
0.072776
0.009726
0.005071
0.031717
0.013512
0.037741
0.029608
0.042089
0.037633
0.040202
0.010326
0.073384
0.022243
0.162432
0.012631
0.007309
0.067605
0.020932
0.049079
0.041793
0.056964
0.055064
0.028093
0.005876
0.026175
0.005584
0.034530
0.075067
0.025610
0.071926
0.020059
0.211661
0.022253
0.107703
0.134644
0.065876
0.025275
0.027136
0.038328
0.025399
0.108689
0.095094
0.017773
0.023591
0.070005
0.016825
0.168834
0.092885
0.350006
0.234434
0.031251
0.072591
0.034035
0.050030
0.037680
0.040459
0.130876
0.012707
0.026602
0.098668
0.008710
0.048706
0.023212
0.066101
0.020771
0.122888
0.049834
0.034648
0.025489
0.042584
0.026579
0.050976
0.014873
0.003537
0.160373
0.032136
0.020222
0.036314
0.007191
0.098817
0.153652
0.021999
0.042189
0.075954
0.126320
0.017189
0.020870
0.025786
0.017532
0.054365
0.037491
0.368772
0.009043
0.021419
0.173485
0.149824
0.033541
0.239677
0.068541
0.087266
0.076610
0.031963
0.081119
0.075079
0.019456
0.245944
0.102767
0.156371
0.007000
0.177579
0.017304
0.082017
0.029610
0.011556
0.026422
0.166995
0.043060
0.039122
0.018053
0.005738
0.029318
0.032045
0.019620
0.048630
0.069266
0.091553
0.048581
0.062469
0.011936
0.042492
0.067355
0.016433
0.020891
0.206748
0.082449
0.112595
0.081881
0.011728
0.014854
0.128061
0.031688
0.065320
0.021686
0.098617
0.381108
0.041662
0.088773
0.274109
0.051750
0.095425
0.074920
0.059800
0.048557
0.010988
0.031144
0.028052
0.074457
0.081909
0.007917
0.177787
0.067267
0.043778
0.107596
0.021990
0.016676
0.093759
0.008744
0.032264
0.023071
0.018217
0.157255
0.046407
0.012379
0.018950
0.085845
0.123201
0.020051
0.087761
0.035305
0.026992
0.062833
0.044553
0.067222
0.037693
0.011939
0.013011
0.035171
0.049670
0.128340
0.148447
0.091813
0.325857
0.062865
0.009980
0.020537
0.052113
0.052999
0.020092
0.064810
0.016140
0.017894
0.036645
0.057262
0.017607
0.021169
0.166476
0.036898
0.040923
0.005241
0.131772
0.063435
0.017814
0.073497
0.017363
0.035057
0.009536
0.023345
0.038705
0.018963
0.085914
0.037053
0.043827
0.211082
0.008164
0.137979
0.024730
0.048582
0.055820
0.065856
0.055122
0.204469
0.071306
0.055763
0.078941
0.014101
0.008601
0.010055
0.218344
0.015440
0.343504
0.016256
0.035789
0.183290
0.022676
0.148254
0.016323
0.032810
0.080090
0.024723
0.040761
0.040429
0.020749
0.012658
0.009402
0.057170
0.030121
0.029475
0.017261
0.121698
0.078451
0.004350
0.111049
0.167786
0.031988
0.090978
0.021504
0.107905
0.002959
0.036919
0.085770
0.045644
0.052018
0.111237
0.199746
0.076302
0.036968
0.013366
0.139490
0.050182
0.045987
0.019269
0.181812
0.014254
0.028825
0.024861
0.020398
0.131827
0.043884
0.012928
0.092240
0.020447
0.226484
0.070915
0.027560
0.084620
0.063078
0.018166
0.019212
0.157598
0.027399
0.020332
0.068310
0.013490
0.025635
0.015762
0.052128
0.053374
0.105859
0.094810
0.192561
0.012966
0.061058
0.055966
0.014510
0.037778
0.296208
0.065111
0.086023
0.067802
0.031384
0.213119
0.032737
0.015539
0.077250
0.079937
0.031798
0.178401
0.037852
0.055869
0.024700
0.028572
0.086048
0.216031
0.096370
0.119814
0.041011
0.085089
0.019893
0.044444
0.035670
0.048505
0.024264
0.021138
0.141516
0.044364
0.059465
0.034979
0.078995
0.019942
0.016563
0.014525
0.033229
0.013637
0.019065
0.034634
0.079600
0.052195
0.015129
0.057719
0.035655
0.008770
0.025388
0.016181
0.020782
0.007456
0.068935
0.080757
0.212722
0.065036
0.008633
0.014535
0.043604
0.249539
0.013616
0.024199
0.207545
0.034000
0.026759
0.032342
0.034281
0.116734
0.025935
0.050554
0.012224
0.023566
0.023265
0.029015
0.028612
0.173488
0.038502
0.025989
0.031179
0.012973
0.023098
0.140033
0.010045
0.016174
0.042746
0.046506
0.133158
0.044856
0.038580
0.413208
0.037090
0.021044
0.030591
0.096796
0.009326
0.054201
0.146744
0.125462
0.114651
0.035211
0.074844
0.027535
0.012020
0.022169
0.054465
0.008504
0.029104
0.015381
0.053387
0.007311
0.032186
0.268186
0.049927
0.160859
0.011605
0.008672
0.259985
0.044959
0.053007
0.033649
0.030619
0.017359
0.218121
0.073805
0.066997
0.027423
0.091875
0.010239
0.006436
0.258148
0.092422
0.016630
0.053123
0.039923
0.007596
0.083003
0.178883
0.009111
0.010631
0.098962
0.130278
0.006807
0.063733
0.125245
0.062722
0.019162
0.073425
0.046084
0.011696
0.025191
0.026809
0.048067
0.054429
0.022753
0.017996
0.050353
0.132768
0.092382
0.098481
0.007564
0.125120
0.120431
0.007696
0.065349
0.100473
0.033069
0.059768
0.132231
0.110626
0.023800
0.032857
0.193854
0.023972
0.074457
0.038019
0.010975
0.018932
0.017292
0.033154
0.063032
0.040327
0.058643
0.070529
0.059035
0.009132
0.100314
0.046876
0.072455
0.095019
0.011056
0.227451
0.132036
0.009619
0.031553
0.066001
0.075291
0.045625
0.057466
0.271699
0.011590
0.022825
0.019625
0.102496
0.015771
0.017725
0.362758
0.081979
0.010861
0.078833
0.042472
0.006260
0.028332
0.030132
0.007333
0.031081
0.033883
0.077666
0.214702
0.039115
0.033977
0.040703
0.032829
0.009918
0.046413
0.022318
0.015045
0.031296
0.367578
0.055396
0.014585
0.038503
0.043656
0.021149
0.023997
0.079722
0.041129
0.024206
0.094303
0.037866
0.082760
0.019308
0.074975
0.062820
0.006918
0.012027
0.038573
0.082350
0.012313
0.045180
0.043229
0.006891
0.106608
0.006969
0.014687
0.081033
0.082653
0.077506
0.025460
0.024420
0.039796
0.027701
0.040496
0.011902
0.007325
0.030475
0.155181
0.011143
0.103983
0.007776
0.014542
0.009716
0.053263
0.025012
0.095223
0.074016
0.013038
0.040236
0.057427
0.054855
0.035673
0.005402
0.092431
0.007510
0.043439
0.051978
0.079966
0.050917
0.050483
0.043947
0.007086
0.010472
0.288981
0.083554
0.024965
0.047139
0.011052
0.132800
0.105566
0.056207
0.069056
0.008669
0.067560
0.008949
0.203976
0.014253
0.078275
0.063947
0.004816
0.074841
0.023690
0.176205
0.206522
0.013611
0.018780
0.069652
0.003460
0.220139
0.025024
0.036204
0.117283
0.019223
0.015492
0.023759
0.222230
0.035487
0.136080
0.075501
0.074602
0.048454
0.034205
0.019565
0.125701
0.008431
0.006756
0.012745
0.036417
0.100967
0.028840
0.104024
0.019698
0.029194
0.005231
0.025617
0.011735
0.156952
0.006383
0.029452
0.098519
0.085096
0.031428
0.086562
0.005760
0.021628
0.073142
0.054678
0.061135
0.014557
0.402600
0.007126
0.164928
0.017646
0.023565
0.050414
0.084695
0.079330
0.061921
0.042477
0.205220
0.061191
0.016424
0.009070
0.169231
0.066744
0.030217
0.033645
0.024739
0.146171
0.041355
0.017945
0.005012
0.014064
0.035207
0.113820
0.024380
0.009499
0.116864
0.027053
0.161922
0.233693
0.024744
0.015426
0.017150
0.015345
0.020502
0.141505
0.007277
0.033940
0.034013
0.138001
0.190449
0.165550
0.002960
0.046890
0.177114
0.013816
0.227530
0.063240
0.026915
0.068792
0.030808
0.035171
0.029034
0.107328
0.186102
0.229328
0.165544
0.039459
0.045880
0.026954
0.097777
0.091836
0.061888
0.008844
0.049444
0.026069
0.009441
0.063209
0.026421
0.024306
0.031958
0.081104
0.017820
0.012308
0.017148
0.062632
0.112531
0.087893
0.007306
0.006267
0.017726
0.043256
0.038483
0.030448
0.011997
0.120848
0.063837
0.019360
0.014963
0.075260
0.023959
0.063409
0.132961
0.030374
0.019219
0.024627
0.109561
0.031744
0.028953
0.017010
0.041135
0.057616
0.021241
0.076176
0.020602
0.101206
0.012613
0.027507
0.026004
0.026887
0.019136
0.012626
0.006178
0.077220
0.032632
0.024300
0.115449
0.012483
0.198007
0.015586
0.104228
0.010794
0.029131
0.018488
0.010214
0.055088
0.260869
0.027326
0.086718
0.077600
0.030064
0.058215
0.182136
0.086340
0.409137
0.013123
0.058525
0.066392
0.023030
0.049357
0.242304
0.043008
0.035891
0.175876
0.020966
0.013880
0.005780
0.015580
0.009943
0.168232
0.090363
0.219621
0.024196
0.049815
0.017541
0.018038
0.031874
0.036291
0.056115
0.039713
0.035009
0.028180
0.072520
0.073956
0.019173
0.069633
0.075993
0.031266
0.027603
0.007958
0.055264
0.020148
0.184851
0.112192
0.162988
0.047725
0.018013
0.137549
0.106927
0.007292
0.109687
0.047070
0.012033
0.025305
0.035568
0.017804
0.054260
0.040249
0.010883
0.029536
0.127852
0.002386
0.184803
0.007035
0.057160
0.085527
0.045519
0.015771
0.036424
0.079229
0.037578
0.023598
0.022720
0.017310
0.016786
0.061094
0.014001
0.066447
0.008033
0.064050
0.007921
0.019663
0.021244
0.151449
0.196945
0.019791
0.029001
0.041289
0.019484
0.018342
0.104064
0.013387
0.091169
0.031641
0.204752
0.028920
0.010878
0.052939
0.084963
0.078373
0.006813
0.164236
0.164913
0.038326
0.007625
0.374935
0.019005
0.205891
0.051944
0.034061
0.049221
0.016610
0.018632
0.045477
0.144825
0.020685
0.069188
0.026399
0.040276
0.020289
0.071656
0.069808
0.076374
0.022029
0.015306
0.034146
0.028470
0.094680
0.030584
0.100078
0.007987
0.006234
0.068351
0.220438
0.018700
0.205052
0.023597
0.045796
0.090535
0.022564
0.027489
0.163849
0.075789
0.107896
0.009411
0.023596
0.030367
0.189976
0.022868
0.043758
0.022014
0.028438
0.026789
0.027369
0.033273
0.033201
0.067601
0.042940
0.102628
0.065825
0.053643
0.031306
0.088022
0.060665
0.022744
0.015888
0.188177
0.114506
0.028443
0.174611
0.038681
0.032452
0.026186
0.023431
0.141884
0.020738
0.028944
0.030308
0.158773
0.027163
0.185601
0.036809
0.031655
0.038376
0.062704
0.009201
0.026329
0.012910
0.037428
0.027365
0.144454
0.156759
0.010771
0.046441
0.077555
0.010173
0.006218
0.095784
0.035036
0.030350
0.061353
0.007151
0.013839
0.005007
0.005252
0.048298
0.057395
0.061727
0.168539
0.073894
0.094539
0.022565
0.008029
0.018542
0.033272
0.071296
0.131080
0.020015
0.151101
0.095338
0.017555
0.079724
0.023300
0.116505
0.093524
0.037180
0.105395
0.044026
0.127065
0.010547
0.052118
0.006508
0.024104
0.032017
0.019599
0.072300
0.013519
0.007704
0.077354
0.016493
0.007771
0.007949
0.181019
0.106722
0.008475
0.007284
0.054251
0.051594
0.013615
0.024913
0.168749
0.017953
0.162343
0.067243
0.120509
0.011369
0.020157
0.039899
0.357301
0.039660
0.007879
0.062269
0.083351
0.062628
0.031964
0.021992
0.172126
0.020747
0.055948
0.003568
0.030547
0.028732
0.007711
0.016668
0.055375
0.012912
0.071194
0.222366
0.041758
0.022519
0.006328
0.099045
0.050712
0.006300
0.161607
0.192506
0.069977
0.026074
0.042174
0.044457
0.020754
0.044989
0.019439
0.007636
0.023820
0.093897
0.076381
0.012197
0.026869
0.026933
0.179433
0.038061
0.053779
0.061367
0.177138
0.029579
0.049140
0.006214
0.039854
0.044139
0.013723
0.113989
0.034218
0.058896
0.065551
0.010660
0.044397
0.128274
0.007507
0.067529
0.063388
0.054979
0.043860
0.316152
0.055276
0.011500
0.014992
0.037265
0.095481
0.007108
0.011452
0.169296
0.038303
0.013110
0.013803
0.025773
0.047286
0.007726
0.059420
0.045251
0.119362
0.049389
0.090068
0.009960
0.066310
0.071810
0.018348
0.015300
0.167951
0.107982
0.154476
0.092891
0.084930
0.031075
0.040445
0.016664
0.090675
0.017518
0.031643
0.010956
0.041602
0.025949
0.101929
0.003621
0.036540
0.021513
0.020808
0.028567
0.161120
0.027580
0.010205
0.020898
0.008465
0.062943
0.064127
0.072367
0.067053
0.137634
0.017951
0.074365
0.175721
0.026379
0.148112
0.061030
0.047972
0.046457
0.169457
0.056506
0.019553
0.028955
0.142350
0.027123
0.048465
0.022534
0.101936
0.039102
0.088146
0.010167
0.061257
0.025140
0.005593
0.039189
0.012663
0.009397
0.012799
0.011164
0.016349
0.010720
0.013201
0.041358
0.018676
0.013826
0.286154
0.074222
0.017304
0.017504
0.023257
0.342041
0.288353
0.057392
0.058505
0.034896
0.008432
0.073778
0.044437
0.083218
0.021950
0.162920
0.067767
0.024025
0.020102
0.054245
0.413571
0.053297
0.035527
0.048720
0.035243
0.002740
0.027464
0.075751
0.044122
0.014631
0.015565
0.056450
0.068358
0.046816
0.036943
0.032827
0.118017
0.033142
0.016110
0.138654
0.001265
0.043596
0.131793
0.017945
0.010938
0.109578
0.094452
0.005528
0.005163
0.101345
0.040669
0.088767
0.014662
0.093337
0.012475
0.012717
0.229820
0.028663
0.008304
0.017310
0.111078
0.046542
0.109287
0.030400
0.059176
0.056545
0.011933
0.004618
0.020605
0.028386
0.047935
0.036346
0.033162
0.225557
0.110371
0.092658
0.012746
0.043211
0.050513
0.015356
0.004773
0.009570
0.058885
0.113524
0.058816
0.021255
0.050000
0.010757
0.035295
0.159933
0.020367
0.096428
0.025004
0.055458
0.008604
0.048214
0.142385
0.030643
0.048264
0.077398
0.029483
0.023950
0.083875
0.038040
0.024476
0.005013
0.093973
0.025281
0.012837
0.063214
0.184554
0.021675
0.009298
0.021272
0.040278
0.108565
0.023331
0.028296
0.012689
0.028953
0.091971
0.015563
0.030421
0.036288
0.073135
0.059339
0.044978
0.005955
0.015858
0.018488
0.005654
0.012888
0.073337
0.133274
0.010610
0.027622
0.007844
0.063484
0.030318
0.015581
0.021568
0.068027
0.011649
0.215873
0.229383
0.020254
0.033727
0.019122
0.184350
0.231700
0.005313
0.008105
0.026349
0.037845
0.004557
0.098452
0.108665
0.018304
0.235046
0.091379
0.019633
0.110236
0.008047
0.133665
0.061032
0.078882
0.051334
0.150023
0.005162
0.017043
0.022659
0.016861
0.008030
0.034126
0.023093
0.169126
0.065221
0.047534
0.135490
0.036358
0.033528
0.105515
0.042732
0.014947
0.009633
0.112067
0.045687
0.002186
0.150476
0.065063
0.098972
0.046132
0.137944
0.123988
0.011343
0.029083
0.073951
0.006080
0.005125
0.018306
0.013557
0.042716
0.009805
0.010129
0.061894
0.060088
0.008718
0.192002
0.009160
0.015718
0.046513
0.037989
0.016088
0.103422
0.005791
0.061245
0.013234
0.143494
0.034366
0.065042
0.031850
0.010156
0.027930
0.075821
0.151395
0.018264
0.350095
0.090296
0.022272
0.014667
0.021421
0.018607
0.047297
0.016799
0.047092
0.041270
0.068121
0.202203
0.071929
0.006948
0.038978
0.018785
0.020139
0.061007
0.201516
0.002594
0.005484
0.024524
0.063738
0.011309
0.414418
0.050310
0.056930
0.113524
0.069470
0.034765
0.021248
0.073169
0.026081
0.009952
0.069687
0.021408
0.059880
0.012279
0.018003
0.164320
0.003554
0.024628
0.029528
0.010379
0.012981
0.030165
0.044275
0.058841
0.028503
0.144975
0.049833
0.023897
0.037911
0.008586
0.142032
0.036224
0.060579
0.028703
0.021249
0.009031
0.122554
0.049031
0.077680
0.241410
0.023030
0.029470
0.046462
0.162729
0.066171
0.069391
0.047163
0.007624
0.028055
0.054104
0.048162
0.005897
0.029521
0.017235
0.005750
0.065144
0.018935
0.037735
0.040631
0.024511
0.017196
0.059192
0.027054
0.056327
0.048897
0.017346
0.051065
0.143686
0.014000
0.040485
0.039006
0.024081
0.010729
0.090113
0.005219
0.115292
0.058260
0.154018
0.023546
0.147278
0.155786
0.005804
0.164254
0.205887
0.036025
0.007091
0.018685
0.050626
0.013995
0.025434
0.032671
0.039541
0.018112
0.060078
0.048860
0.008140
0.023619
0.070903
0.055379
0.060592
0.046064
0.103298
0.104644
0.011180
0.032850
0.022555
0.011461
0.073582
0.063913
0.094195
0.013083
0.010797
0.095289
0.012326
0.008983
0.030145
0.056820
0.090424
0.201801
0.217336
0.039191
0.023544
0.051685
0.025133
0.011909
0.074726
0.014122
0.018113
0.187506
0.017979
0.112097
0.008600
0.046919
0.018802
0.025775
0.026386
0.045316
0.052964
0.059280
0.179095
0.016503
0.058100
0.107519
0.102094
0.006117
0.038411
0.013380
0.093382
0.048881
0.084625
0.094064
0.130798
0.063847
0.021635
0.072825
