2.361239
2.280252
2.437377
2.177021
2.109300
2.080448
2.038951
2.009378
2.145920
2.041360
2.033832
1.892487
1.989654
1.975622
1.963521
1.988650
1.883891
1.936243
1.891175
1.885327
1.779371
1.936682
1.946581
1.860069
1.828738
1.952312
1.971093
1.975558
1.912398
1.915050
1.764443
1.798789
1.913039
1.868515
1.770004
1.790570
1.823933
1.721549
1.778385
1.862525
1.866507
1.748160
1.849843
1.572886
1.728610
1.730128
1.904023
1.869504
1.659276
1.763057
1.836355
1.759497
1.624512
1.728188
1.816772
1.740421
1.780891
1.667138
1.598743
1.805875
1.675847
1.675650
1.598775
1.806653
1.681206
1.635498
1.808867
1.642605
1.905612
1.676362
1.548178
1.712348
1.692175
1.820368
1.696579
1.700686
1.706122
1.711841
1.794391
1.578581
1.662005
1.695877
1.593593
1.558454
1.830348
1.689746
1.578423
1.626639
1.474671
1.741313
1.720820
1.562374
1.691415
1.572258
1.883256
1.814729
1.627846
1.588672
1.816035
1.633373
1.613139
1.652428
1.581936
1.568136
1.467248
1.544784
1.592383
1.566375
1.697599
1.536142
1.710961
1.605365
1.796810
1.667650
1.554918
1.704841
1.732050
1.489167
1.686042
1.580648
1.706915
1.600302
1.657904
1.557201
1.466421
1.643958
1.639240
1.611105
1.517185
1.480342
1.615593
1.680866
1.428308
1.791641
1.750165
1.515165
1.752399
1.631208
1.531923
1.485384
1.637157
1.766954
1.545640
1.584772
1.609766
1.523350
1.610894
1.735658
1.495229
1.852272
1.701517
1.324316
1.491447
1.504711
1.537287
1.531473
1.567461
1.916338
1.682209
1.768892
1.553846
1.545699
1.737938
1.553433
1.399775
1.630562
1.678711
1.595067
1.631972
1.486185
1.576360
1.592381
1.591043
1.508402
1.550201
1.534780
1.511876
1.676090
1.612816
1.565542
1.750398
1.580621
1.522756
1.506085
1.568668
1.579565
1.685719
1.632471
1.512122
1.573676
1.606654
1.551588
1.610738
1.668672
1.497427
1.360942
1.644830
1.641693
1.596070
1.598750
1.363750
1.713662
1.533494
1.417734
1.677780
1.556208
1.636316
1.631776
1.593893
1.535989
1.471632
1.524046
1.516229
1.612106
1.472637
1.661026
1.785074
1.573970
1.615222
1.645580
1.504537
1.512279
1.531824
1.708147
1.576789
1.629600
1.536589
1.477393
1.403820
1.763017
1.493027
1.409795
1.574324
1.471049
1.822218
1.700599
1.627440
1.477913
1.435171
1.743385
1.340768
1.664847
1.502363
1.467395
1.850367
1.665506
1.588802
1.498169
1.633619
1.608434
1.414093
1.587494
1.536500
1.524677
1.543757
1.436640
1.451779
1.734841
1.591130
1.518903
1.682602
1.781916
1.525471
1.546794
1.606355
1.578677
1.585439
1.614501
1.836486
1.586078
1.359432
1.496741
1.426404
1.512358
1.394945
1.482231
1.551127
1.492791
1.587393
1.543042
1.739897
1.431529
1.694387
1.684172
1.520850
1.588156
1.511657
1.438015
1.729242
1.477112
1.552930
1.376397
1.696943
1.501687
1.477988
1.697366
1.468234
1.495767
1.543589
1.475722
1.744668
1.724992
1.538969
1.507486
1.269682
1.790483
1.589889
1.583954
1.665642
1.449129
1.568676
1.512818
1.517574
1.336491
1.485587
1.497088
1.442961
1.445957
1.502062
1.744438
1.526581
1.439554
1.421541
1.533009
1.327400
1.425351
1.570874
1.570601
1.238638
1.434618
1.543882
1.597631
1.382561
1.515297
1.445432
1.436898
1.451820
1.453145
1.733435
1.636263
1.633768
1.503353
1.474975
1.449299
1.606467
1.445155
1.780986
1.699634
1.535461
1.806178
1.421632
1.428526
1.565460
1.487107
1.703397
1.708057
1.677543
1.691804
1.473054
1.445890
1.530069
1.450997
1.648685
1.667407
1.380466
1.439610
1.647037
1.648032
1.769090
1.346647
1.683232
1.523716
1.657585
1.692102
1.605076
1.368356
1.619231
1.499512
1.544529
1.719620
1.426876
1.433696
1.575278
1.752359
1.247038
1.682116
1.429860
1.580123
1.393262
1.303756
1.495303
1.699731
1.660417
1.393458
1.848948
1.617402
1.250957
1.508500
1.429308
1.495294
1.490476
1.727701
1.340389
1.669649
1.628832
1.532570
1.516999
1.662015
1.580693
1.561008
1.624290
1.428515
1.668740
1.557202
1.467276
1.441838
1.494324
1.348372
1.553250
1.578793
1.584495
1.600732
1.689179
1.790586
1.352602
1.630891
1.312961
1.540638
1.733795
1.480957
1.534748
1.545459
1.458451
1.667312
1.470334
1.599036
1.698405
1.502206
1.328749
1.575444
1.620776
1.571218
1.608648
1.438139
1.623677
1.449682
1.515110
1.650711
1.534086
1.388729
1.551391
1.513169
1.521674
1.457006
1.694971
1.474439
1.435044
1.529529
1.498040
1.334533
1.395148
1.563680
1.659034
1.391252
1.545016
1.559261
1.537468
1.458097
1.332442
1.544530
1.350106
1.550249
1.518806
1.437041
1.727046
1.417799
1.458823
1.520421
1.536280
1.385927
1.649038
1.615718
1.478879
1.546558
1.406175
1.640715
1.486830
1.456845
1.427685
1.649391
1.363003
1.495002
1.484180
1.736266
1.445645
1.576905
1.499341
1.571902
1.522019
1.539008
1.369310
1.514406
1.598349
1.470093
1.524536
1.757795
1.541245
1.471212
1.403347
1.417661
1.703627
1.689103
1.316551
1.488051
1.513356
1.577304
1.594068
1.386395
1.434104
1.442977
1.474866
1.512523
1.877763
1.648854
1.496790
1.441761
1.498955
1.477696
1.415600
1.465917
1.573954
1.554752
1.484982
1.547873
1.441354
1.336431
1.660469
1.444286
1.584280
1.395528
1.493591
1.356049
1.435276
1.469909
1.618035
1.400111
1.461464
1.671537
1.573712
1.522962
1.436883
1.452186
1.418211
1.629877
1.385587
1.715580
1.457808
1.386240
1.658023
1.610840
1.480366
1.239096
1.396146
1.551453
1.494328
1.321327
1.469428
1.414274
1.641907
1.385682
1.463299
1.619783
1.663437
1.789556
1.419501
1.477535
1.723727
1.513585
1.522515
1.274649
1.485176
1.734659
1.417027
1.268185
1.297997
1.569041
1.481721
1.390974
1.690006
1.471669
1.383618
1.377210
1.375828
1.597614
1.601543
1.595863
1.441901
1.355585
1.549868
1.458644
1.671789
1.689462
1.548668
1.362324
1.607428
1.602608
1.527342
1.500453
1.446966
1.635082
1.353775
1.394962
1.497868
1.627191
1.343487
1.367818
1.213267
1.522482
1.228003
1.551632
1.480423
1.336292
1.375817
1.337844
1.390762
1.640745
1.624843
1.470364
1.654295
1.512728
1.644428
1.406000
1.664596
1.571633
1.548153
1.775498
1.555694
1.481186
1.494596
1.552969
1.496719
1.484954
1.565247
1.260024
1.339412
1.343637
1.607765
1.575134
1.616955
1.417891
1.511327
1.465117
1.423822
1.592889
1.325252
1.544189
1.623931
1.550013
1.592658
1.626115
1.562328
1.559860
1.383647
1.449099
1.306908
1.610746
1.487145
1.537519
1.375492
1.675181
1.581674
1.294045
1.734709
1.382711
1.564362
1.482356
1.468060
1.378036
1.647286
1.678918
1.623620
1.748346
1.371303
1.301579
1.396024
1.516288
1.317596
1.402928
1.278140
1.625818
1.454187
1.659671
1.544116
1.569476
1.380966
1.462923
1.382996
1.378827
1.400731
1.404909
1.554326
1.473448
1.402144
1.421498
1.336891
1.614422
1.282798
1.458004
1.533513
1.525005
1.410016
1.344415
1.397916
1.409675
1.524107
1.576535
1.326208
1.353014
1.351789
1.555048
1.680653
1.683912
1.447905
1.741164
1.326801
1.597269
1.488926
1.376570
1.369959
1.562627
1.553687
1.560981
1.503607
1.519261
1.510845
1.786083
1.394608
1.757904
1.432521
1.243374
1.564640
1.650448
1.547743
1.534708
1.431214
1.599772
1.608089
1.647311
1.336877
1.549911
1.532401
1.421373
1.606746
1.383585
1.555812
1.377306
1.470804
1.441682
1.478852
1.429515
1.455748
1.382372
1.523362
1.597422
1.425288
1.284119
1.409897
1.461534
1.341987
1.595968
1.339615
1.573105
1.499797
1.434544
1.382819
1.454178
1.737012
1.697575
1.534517
1.520139
1.420272
1.493840
1.425830
1.380449
1.651887
1.610296
1.406420
1.396051
1.408347
1.636819
1.429801
1.332200
1.441730
1.419840
1.534515
1.417087
1.514298
1.467299
1.430611
1.370182
1.790197
1.352649
1.538222
1.596099
1.390046
1.308890
1.318411
1.554556
1.450896
1.526398
1.369798
1.426190
1.320590
1.552297
1.499932
1.538930
1.405518
1.478482
1.644045
1.537591
1.868407
1.590028
1.605785
1.305530
1.412766
1.409246
1.729907
1.453580
1.369392
1.629067
1.267154
1.287533
1.391749
1.457033
1.485169
1.467041
1.540500
1.584376
1.500789
1.293755
1.371262
1.315584
1.592391
1.644268
1.362188
1.470746
1.525520
1.478459
1.439020
1.521562
1.513824
1.350133
1.383223
1.577262
1.451167
1.573322
1.458299
1.393356
1.397122
1.498197
1.407005
1.408011
1.444189
1.587999
1.593426
1.526134
1.503316
1.602505
1.477611
1.357200
1.550820
1.404530
1.494107
1.679239
1.614741
1.350388
1.254061
1.546623
1.550296
1.528894
1.264223
1.663955
1.314721
1.395357
1.481345
1.433328
1.452663
1.291067
1.490217
1.692760
1.629082
1.463828
1.485441
1.368599
1.429962
1.326295
1.660104
1.459155
1.576364
1.469870
1.442258
1.368755
1.380042
1.476544
1.591625
1.328328
1.613530
1.507278
1.523723
1.492016
1.611016
1.487386
1.594472
1.485187
1.482391
1.584783
1.264471
1.271539
1.376876
1.467353
1.466220
1.382209
1.428582
1.442167
1.570501
1.405447
1.445063
1.466310
1.425925
1.380806
1.482938
1.443632
1.363947
1.321051
1.392673
1.540885
1.650690
1.529703
1.603815
1.402999
1.456691
1.682594
1.388723
1.676115
1.525721
1.494860
1.439877
1.341813
1.375665
1.484334
1.445330
1.578352
1.304826
1.520291
1.424826
1.560058
1.543524
1.492143
1.425670
1.508085
1.264495
1.600842
1.483797
1.347386
1.353553
1.415667
1.383021
1.404464
1.654081
1.466995
1.507921
1.535624
1.567866
1.279873
1.457404
1.757831
1.532329
1.550480
1.410521
1.490817
1.304677
1.539065
1.420164
1.406777
1.485389
1.297524
1.496886
1.490304
1.766503
1.411810
1.328501
1.469295
1.432719
1.634240
1.440602
1.507057
1.468424
1.536679
1.501984
1.420331
1.522541
1.540991
1.351373
1.428606
1.469464
1.322955
1.268392
1.534033
1.440799
1.326962
1.288974
1.321188
1.650104
1.379169
1.445400
1.337822
1.592048
1.268296
1.582518
1.396904
1.252132
1.637970
1.499888
1.505220
1.552414
1.371174
1.574034
1.387878
1.448464
1.371338
1.624229
1.680544
1.423911
1.369395
1.432019
1.698559
1.620851
1.312070
1.534828
1.553388
1.422409
1.458547
1.470449
1.403173
1.329054
1.386731
1.413305
1.251855
1.499460
1.762932
1.266973
1.404624
1.261358
1.428835
1.357667
1.589200
1.748896
1.377746
1.307309
1.395481
1.368126
1.408238
1.459409
1.492708
1.357359
1.403473
1.258111
1.604094
1.320476
1.428831
1.474847
1.171766
1.422913
1.586310
1.450469
1.594462
1.630388
1.580106
1.344794
1.814975
1.361959
1.487038
1.398677
1.449767
1.497579
1.448700
1.617573
1.478322
1.460549
1.570489
1.308441
1.587839
1.423888
1.371531
1.471681
1.457345
1.461457
1.210411
1.468781
1.492299
1.466935
1.393101
1.359878
1.616857
1.400699
1.525439
1.650919
1.337809
1.485003
1.517743
1.444840
1.498846
1.484980
1.441400
1.694900
1.473037
1.327758
1.392633
1.134443
1.394208
1.513033
1.687235
1.513951
1.320757
1.448778
1.448967
1.574397
1.598236
1.308847
1.578814
1.694782
1.631452
1.459704
1.441130
1.526417
1.351479
1.303568
1.474333
1.360204
1.419907
1.598479
1.455411
1.429686
1.507929
1.344605
1.485345
1.590575
1.336211
1.619859
1.357566
1.366331
1.491354
1.469029
1.433158
1.323570
1.447638
1.410924
1.491327
1.414222
1.391657
1.431123
1.279522
1.481456
1.517806
1.532800
1.529030
1.457883
1.512030
1.491343
1.451948
1.304953
1.520278
1.432613
1.312168
1.350537
1.528939
1.300653
1.324755
1.517605
1.580622
1.488111
1.429256
1.405583
1.558683
1.424205
1.686169
1.543249
1.362289
1.488825
1.398701
1.385553
1.400949
1.349838
1.686174
1.507278
1.447903
1.395409
1.242569
1.347400
1.670070
1.353265
1.465362
1.521170
1.560369
1.323069
1.510071
1.479515
1.511513
1.401043
1.545586
1.518503
1.635184
1.589052
1.454561
1.369129
1.662336
1.545299
1.305070
1.434903
1.430742
1.447625
1.507120
1.381745
1.387950
1.636935
1.498337
1.321148
1.393522
1.390782
1.410575
1.397898
1.684032
1.282632
1.495072
1.399321
1.483932
1.448803
1.290044
1.471878
1.340404
1.366138
1.538241
1.486656
1.472885
1.494703
1.389315
1.367818
1.324675
1.259670
1.625370
1.451435
1.525825
1.440783
1.512040
1.261385
1.326382
1.591743
1.593786
1.519327
1.597470
1.498417
1.526608
1.394218
1.502399
1.309443
1.451575
1.402035
1.366733
1.427775
1.403978
1.407085
1.578786
1.522240
1.572988
1.349956
1.366874
1.503076
1.501604
1.527229
1.419847
1.279198
1.520514
1.220943
1.388275
1.542158
1.375805
1.446752
1.366770
1.270302
1.500455
1.439219
1.454646
1.485662
1.407782
1.515079
1.698148
1.382226
1.336498
1.608214
1.314233
1.420979
1.443315
1.200030
1.405194
1.488879
1.342424
1.425066
1.549985
1.446547
1.344821
1.360722
1.390583
1.404433
1.337189
1.507163
1.306246
1.588941
1.237673
1.442778
1.522225
1.638423
1.374071
1.364332
1.643715
1.653412
1.326123
1.286732
1.532929
1.564488
1.499105
1.399935
1.786161
1.529600
1.846855
1.469640
1.520447
1.406225
1.670369
1.250699
1.424811
1.386890
1.387432
1.795778
1.370679
1.525375
1.334975
1.346768
1.557375
1.574556
1.580742
1.402868
1.642627
1.329752
1.520613
1.241717
1.335776
1.509311
1.551344
1.373183
1.570159
1.411921
1.270007
1.501157
1.286431
1.430251
1.679727
1.474646
1.519897
1.386969
1.426283
1.377602
1.323150
1.342424
1.480919
1.338515
1.400646
1.392523
1.387301
1.493730
1.570369
1.402791
1.555708
1.349639
1.568949
1.400186
1.400957
1.272538
1.233028
1.617236
1.629248
1.311650
1.562450
1.624367
1.586507
1.610530
1.248181
1.524307
1.466232
1.540915
1.881500
1.373468
1.291694
1.475106
1.420499
1.312556
1.235497
1.294463
1.650292
1.290243
1.414553
1.477797
1.426220
1.392169
1.496898
1.342869
1.547673
1.228730
1.323902
1.679549
1.509829
1.420030
1.561704
1.551048
1.674552
1.459335
1.295499
1.481166
1.396859
1.408128
1.518393
1.256191
1.228982
1.380554
1.409843
1.486356
1.478049
1.343649
1.471731
1.443754
1.380811
1.437730
1.416164
1.326927
1.376267
1.463048
1.408523
1.364791
1.399087
1.756815
1.520272
1.513183
1.428422
1.459966
1.435402
1.711491
1.458126
1.623177
1.499976
1.478840
1.179841
1.503921
1.618403
1.402952
1.449494
1.584697
1.716214
1.323037
1.493097
1.234514
1.320375
1.555613
1.472287
1.368683
1.378133
1.463252
1.533513
1.332431
1.438315
1.500436
1.579202
1.362930
1.570182
1.533803
1.697206
1.400793
1.656576
1.578375
1.500369
1.353285
1.373776
1.414503
1.475463
1.487347
1.429862
1.474724
1.413327
1.422267
1.367824
1.356371
1.509197
1.349571
1.462233
1.349615
1.330191
1.651781
1.198848
1.610410
1.445441
1.711182
1.442945
1.357755
1.390525
1.462803
1.527578
1.444620
1.471479
1.513504
1.793293
1.534692
1.631041
1.176275
1.482153
1.548821
1.651408
1.306682
1.468955
1.451521
1.386766
1.466341
1.266934
1.539725
1.347953
1.320338
1.311232
1.609442
1.496710
1.070878
1.456796
1.701215
1.361511
1.491300
1.509035
1.394865
1.528582
1.343245
1.537603
1.469847
1.465308
1.258249
1.425859
1.347085
1.561905
1.390032
1.571168
1.333015
1.364663
1.406475
1.357433
1.719440
1.674181
1.482162
1.564869
1.408282
1.224160
1.493562
1.519027
1.490909
1.493535
1.258387
1.350425
1.473309
1.401193
1.368170
1.584200
1.361849
1.452941
1.472600
1.582618
1.475330
1.549716
1.629066
1.428594
1.267278
1.515176
1.601668
1.374842
1.307792
1.512124
1.520393
1.615630
1.420935
1.360290
1.258418
1.751802
1.393413
1.474562
1.323203
1.424698
1.477798
1.562762
1.549537
1.420129
1.417289
1.408329
1.226316
1.481264
1.261245
1.649518
1.520839
1.433057
1.498144
1.780495
1.490709
1.449975
1.252533
1.364521
1.479079
1.256793
1.372151
1.787554
1.629332
1.660025
1.525364
1.285441
1.295340
1.575768
1.682332
1.438822
1.219775
1.824475
1.264497
1.345032
1.355770
1.228865
1.456389
1.364093
1.486914
1.429199
1.697100
1.360545
1.449417
1.489215
1.450151
1.727048
1.149828
1.615887
1.490279
1.456306
1.406349
1.356592
1.529523
1.388085
1.206885
1.488493
1.392588
1.465036
1.290980
1.440752
1.286101
1.500205
1.529715
1.662336
1.698899
1.432784
1.367036
1.721952
1.344126
1.359796
1.441151
1.543967
1.425723
1.301973
1.543128
1.672219
1.454703
1.563451
1.327199
1.541307
1.576179
1.474813
1.306425
1.422021
1.395407
1.254359
1.496756
1.454851
1.258201
1.422915
1.485783
1.326803
1.578953
1.271013
1.445863
1.425261
1.472606
1.545568
1.706713
1.075524
1.351654
1.482770
1.231324
1.480381
1.603377
1.471768
1.483374
1.503934
1.235075
1.518318
1.309978
1.323985
1.361683
1.278141
1.497835
1.357103
1.379041
1.368487
1.625108
1.390890
1.271046
1.564794
1.186626
1.375320
1.515280
1.442451
1.291599
1.529036
1.546653
1.355248
1.577392
1.542658
1.361475
1.398084
1.555263
1.762763
1.564384
1.486665
1.390969
1.310906
1.338849
1.507016
1.417350
1.495976
1.574177
1.509590
1.432449
1.447740
1.569471
1.906611
1.383548
1.499791
1.486066
1.515913
1.168709
1.279422
1.438680
1.371461
1.543392
1.334492
1.442505
1.429412
1.238493
1.409314
1.456699
1.495406
1.598828
1.741624
1.462848
1.341640
1.554044
1.436405
1.446575
1.366060
1.348713
1.522870
1.479194
1.358389
1.618959
1.324510
1.374697
1.525429
1.403928
1.438623
1.525533
1.357486
1.417789
1.559279
1.304839
1.422760
1.649379
1.330594
1.326261
1.326346
1.465423
1.516843
1.577725
1.605151
1.471156
1.310561
1.433283
1.185180
1.521787
1.723603
1.479958
1.620079
1.288364
1.436744
1.597078
1.472420
1.555683
1.390141
1.388711
1.368945
1.426093
1.425226
1.324263
1.450852
1.378163
1.307234
1.533595
1.518875
1.355647
1.454648
1.338638
1.412983
1.377349
1.321774
1.420834
1.426388
1.433965
1.331024
1.423103
1.351580
1.460873
1.552429
1.341992
1.483845
1.319307
1.495123
1.286027
1.610672
1.351548
1.369488
1.737542
1.577509
1.487029
1.334840
1.471767
1.362289
1.392779
1.378843
1.518965
1.391158
1.423010
1.310568
1.533863
1.293783
1.366591
1.294532
1.345774
1.401846
1.374654
1.535980
1.559438
1.530747
1.487537
1.442335
1.441036
1.429785
1.534655
1.445939
1.269485
1.505333
1.433326
1.473290
1.221713
1.476031
1.404554
1.304497
1.531433
1.613301
1.545884
1.530822
1.190358
1.299619
1.620680
1.542571
1.279956
1.240130
1.368702
1.379574
1.419004
1.471057
1.435143
1.377702
1.479741
1.401699
1.470000
1.516404
1.728186
1.506853
1.749153
1.433922
1.307742
1.629878
1.452389
1.603568
1.589520
1.518650
1.764592
1.124153
1.594948
1.323935
1.357962
1.362815
1.512198
1.539707
1.448171
1.342011
1.244345
1.531239
1.486888
1.526406
1.295914
1.414879
1.424394
1.434976
1.535069
1.447732
1.587445
1.443053
1.436624
1.593138
1.330915
1.519106
1.608959
1.287101
1.542861
1.566841
1.480017
1.348451
1.430106
1.393025
1.555498
1.179139
1.590385
1.563639
1.360321
1.479236
1.499372
1.357156
1.559059
1.423933
1.600665
1.678743
1.244993
1.480067
1.290522
1.657600
1.307556
1.674963
1.390213
1.348099
1.289879
1.501915
1.641666
1.346832
1.384557
1.497352
1.689587
1.450709
1.571456
1.223525
1.439935
1.257226
1.479021
1.416994
1.432464
1.455725
1.683523
1.740556
1.712163
1.449430
1.574663
1.310287
1.412451
1.147400
1.594239
1.612316
1.362106
1.595882
1.427687
1.499249
1.285830
1.409346
1.352198
1.441161
1.406942
1.477494
1.247929
1.368063
1.404720
1.402781
1.468857
1.214622
1.449079
1.500446
1.544018
1.274374
1.548655
1.637580
1.356108
1.427278
1.257292
1.392296
1.561622
1.673265
1.312564
1.706479
1.220338
1.463581
1.394642
1.384337
1.403559
1.325878
1.459856
1.549135
1.336981
1.425795
1.545480
1.699512
1.416255
1.441831
1.418512
1.210647
1.597996
1.463989
1.307690
1.345399
1.583044
1.264996
1.409533
1.363301
1.508181
1.379164
1.351517
1.484400
1.333350
1.463723
1.485336
1.283732
1.441445
1.647951
1.398832
1.417412
1.470224
1.367234
1.490166
1.572442
1.278062
1.237126
1.542225
1.401821
1.398920
1.390046
1.497478
1.297202
1.409497
1.458753
1.432922
1.305449
1.688453
1.235927
1.359187
1.433732
1.351396
1.394828
1.555947
1.574780
1.707484
1.324828
1.252624
1.484088
1.498509
1.555628
1.581514
1.557642
1.499294
1.474736
1.331313
1.521780
1.387566
1.315355
1.415820
1.583852
1.538063
1.578281
1.322491
1.615252
1.433544
1.267570
1.411432
1.377719
1.435715
1.466808
1.340510
1.346034
1.522398
1.421944
1.583883
1.201580
1.371303
1.160390
1.417234
1.519734
1.381928
1.344574
1.553272
1.274485
1.366643
1.272985
1.520362
1.542932
1.410703
1.563503
1.474751
1.404712
1.643435
1.507052
1.531250
1.432138
1.424265
1.419003
1.463583
1.462954
1.461209
1.376559
1.643610
1.368731
1.280776
1.475183
1.303787
1.409914
1.353046
1.546207
1.485005
1.571939
1.477101
1.545384
1.391335
1.401512
1.338106
1.190375
1.362829
1.612553
1.356832
1.496740
1.584033
1.427691
1.380870
1.491589
1.624517
1.192334
1.465175
1.384907
1.304099
1.525570
1.445682
1.468127
1.613062
1.330950
1.533812
1.427151
1.391457
1.411373
1.606519
1.146512
1.523986
1.502903
1.492983
1.593289
1.368051
1.415826
1.563409
1.430030
1.509212
1.392154
1.243515
1.317408
1.380800
1.383462
1.448167
1.374529
1.278159
1.146142
1.713284
1.612329
1.537115
1.215751
1.615493
1.374641
1.527391
1.656860
1.376700
1.344705
1.426953
1.528160
1.445648
1.684335
1.486350
1.316897
1.537113
1.216240
1.505948
1.642327
1.385809
1.318173
1.194713
1.359097
1.475270
1.396613
1.357140
1.443839
1.418549
1.403523
1.138645
1.347784
1.483055
1.405313
1.341873
1.393832
1.240699
1.435195
1.664408
1.554996
1.263757
1.495427
1.555333
1.421480
1.549614
1.402092
1.608347
1.239314
1.709757
1.325725
1.519983
1.539867
1.416336
1.618543
1.515472
1.594322
1.451307
1.594043
1.412225
1.261889
1.448712
1.320478
1.392166
1.292639
1.593172
1.266260
1.371126
1.312789
1.418400
1.475448
1.607495
1.544455
1.705744
1.482124
1.369789
1.368146
1.422865
1.247402
1.542673
1.589274
1.355252
1.263814
1.376657
1.443179
1.634539
1.464787
1.304557
1.389780
1.508104
1.329230
1.325731
1.743039
1.558776
1.452661
1.416243
1.463248
1.359333
1.305406
1.269471
1.443149
1.661767
1.560463
1.646665
1.811931
1.292612
1.864959
1.413652
1.616124
1.620865
1.659230
1.524339
1.387051
1.364122
1.300344
1.388748
1.162259
1.382694
1.555150
1.393829
1.389226
1.430342
1.412683
1.443027
1.235136
1.433268
1.587446
1.459223
1.339931
1.415287
1.403726
1.313726
1.670392
1.374462
1.406478
1.574043
1.563352
1.319423
1.800771
1.399347
1.524171
1.676173
1.300802
1.647686
1.415792
1.644174
1.363496
1.398944
1.554205
1.349907
1.480026
1.444730
1.305663
1.426531
1.577184
1.281873
1.815396
1.693643
1.436481
1.190889
1.302238
1.479494
1.627374
1.344636
1.632991
1.424106
1.396646
1.307168
1.423044
1.242407
1.286463
1.470572
1.356620
1.757030
1.465614
1.490215
1.452661
1.641407
1.467935
1.500140
1.685931
1.431707
1.419247
1.353220
1.552812
1.411833
1.603816
1.392277
1.343900
1.324262
1.472433
1.321513
1.315957
1.578118
1.581254
1.564284
1.293831
1.435022
1.880237
1.558537
1.591467
1.330916
1.835053
1.502558
1.298276
1.363049
1.458511
1.560647
1.328887
1.306736
1.306053
1.543859
1.440441
1.447052
1.397919
1.427589
1.395248
1.595292
1.595815
1.356067
1.121618
1.602391
1.520850
1.585365
1.541545
1.603167
1.329692
1.387486
1.427186
1.437960
1.824462
1.365360
1.522291
1.389304
1.284034
1.395195
1.283914
1.321466
1.312627
1.247403
1.348628
1.454698
1.540056
1.414046
1.271298
1.302082
1.396142
1.590243
1.404223
1.469030
1.328172
1.265048
1.370311
1.316847
1.284612
1.575186
1.546151
1.511068
1.285476
1.252189
1.469396
1.248580
1.576595
1.632056
1.504277
1.411106
1.413126
1.635686
1.601046
1.457351
1.503451
1.391945
1.436072
1.511250
1.369334
1.615674
1.342636
1.457795
1.403557
1.385022
1.417649
1.387092
1.501265
1.428317
1.329803
1.321676
1.405281
1.258459
1.463626
1.283527
1.394280
1.521438
1.261504
1.402922
1.151226
1.367517
1.651277
1.499004
1.568151
1.313634
1.452474
1.455515
1.354313
1.313383
1.370363
1.329808
1.400506
1.477788
1.716790
1.244739
1.607179
1.150569
1.491056
1.547140
1.294572
1.430845
1.534786
1.621559
1.794926
1.387338
1.361338
1.290901
1.587928
1.522686
1.309442
1.550321
1.230351
1.235378
1.516297
1.412839
1.457210
1.557939
1.297580
1.591434
1.433762
1.578513
1.506510
1.282767
1.420557
1.371001
1.315651
1.565576
1.377976
1.370412
1.769924
1.421341
1.634138
1.391949
1.391749
1.394998
1.208269
1.348239
1.394237
1.523761
1.314903
1.468410
1.648242
1.685603
1.660634
1.514622
1.253297
1.446022
1.242300
1.533857
1.542467
1.448188
1.584777
1.427998
1.340783
1.146178
1.564598
1.509252
1.411499
1.649466
1.512430
1.403548
1.470248
1.156622
1.501296
1.447697
1.365064
1.436917
1.411808
1.592534
1.518210
1.217360
1.458947
1.545047
1.398076
1.514220
1.480950
1.557345
1.526071
1.402179
1.284689
1.521119
1.308272
1.479885
1.423693
1.668473
1.711370
1.644390
1.341065
1.324600
1.443256
1.537322
1.563461
1.411826
1.247391
1.387557
1.400671
1.322427
1.342829
1.395791
1.335603
1.388504
1.277729
1.509747
1.526200
1.381524
1.278238
1.404433
1.291815
1.292137
1.349376
1.493260
1.416287
1.663709
1.287857
1.553603
1.354114
1.610753
1.314741
1.175311
1.394711
1.450900
1.561286
1.391193
1.355789
1.604757
1.392862
1.248883
1.570339
1.771767
1.192250
1.288976
1.400702
1.299004
1.354190
1.601141
1.607770
1.399121
1.401761
1.285556
1.231754
1.454372
1.303758
1.367275
1.531048
1.460996
1.333985
1.391917
1.448152
1.433594
1.522923
1.534963
1.451973
1.432958
1.503234
1.373048
1.379728
1.696467
1.509705
1.313930
1.611650
1.248994
1.342766
1.437455
1.795907
1.570786
1.451845
1.497247
1.376108
1.662534
1.482322
1.352559
1.542359
1.358779
1.395583
1.453097
1.422248
1.319347
1.573596
1.451744
1.589198
1.464004
1.336069
1.262299
1.434258
1.510503
1.474122
1.410776
1.307068
1.498390
1.309364
1.306869
1.401633
1.519878
1.408906
1.460594
1.393132
1.171424
1.503267
1.610644
1.435790
1.707578
1.231253
1.489039
1.397463
1.530343
1.491418
1.393416
1.460084
1.677183
1.212538
1.646366
1.285282
1.548218
1.357515
1.194720
1.518471
1.407218
1.697550
1.471947
1.326411
1.406167
1.370155
1.386420
1.432610
1.448615
1.374342
1.519420
1.390299
1.700420
1.539018
1.504440
1.459327
1.743055
1.311467
1.605585
1.412387
1.671996
1.503524
1.627463
1.314078
1.401812
1.608428
1.162337
1.446722
1.402507
1.375154
1.372398
1.364268
1.311816
1.584437
1.415300
1.461324
1.730494
1.476418
1.388897
1.368398
1.601107
1.445759
1.497607
1.620053
1.390930
1.335557
1.598861
1.420794
1.520642
1.488998
1.662663
1.265128
1.457641
1.486386
1.628645
1.592509
1.496397
1.592688
1.422691
1.225035
1.375096
1.417170
1.456933
1.608044
1.280613
1.376465
1.405303
1.428057
1.404155
1.348882
1.603175
1.360434
1.513599
1.529320
1.842280
1.291713
1.267848
1.586055
1.372932
1.286420
1.367523
1.403561
1.492092
1.529663
1.577184
1.388664
1.475412
1.500973
1.294301
1.623169
1.081962
1.445906
1.402766
1.563158
1.403739
1.372274
1.698059
1.581993
1.321394
1.453942
1.259580
1.877144
1.329695
1.699469
1.570809
1.315793
1.359223
1.562783
1.512341
1.474827
1.325431
1.428363
1.325588
1.208674
1.437620
1.493291
1.531013
1.569852
1.509323
1.247107
1.353614
1.236135
1.378605
1.547724
1.680891
1.583125
1.244548
1.640116
1.536009
1.292445
1.629672
1.434639
1.312911
1.508372
1.463328
1.301314
1.231838
1.525435
1.440824
1.433629
1.390374
1.374586
1.495628
1.521757
1.545287
1.717746
1.480736
1.582166
1.323896
1.472309
1.378325
1.549778
1.324639
1.326592
1.358796
1.327907
1.372030
1.418544
1.508152
1.660994
1.487984
1.493418
1.571834
1.378678
1.601575
1.502916
1.354228
1.685194
1.396803
1.463942
1.455304
1.385033
1.289031
1.288973
1.311418
1.216203
1.362708
1.403686
1.503020
1.771572
1.297091
1.284186
1.424781
1.540140
1.424205
1.415364
1.579008
1.250773
1.343783
1.309349
1.351079
1.328699
1.415748
1.447399
1.753051
1.356384
1.544579
1.343340
1.842430
1.250803
1.158367
1.512158
1.426037
1.262162
1.347036
1.508194
1.356341
1.558977
1.408872
1.461951
1.416282
1.358512
1.397209
1.439655
1.383534
1.504848
1.287388
1.409146
1.470519
1.429972
1.650493
1.443950
1.237311
1.532525
1.312467
1.507947
1.516818
1.546265
1.569401
1.546304
1.343209
1.706819
1.353178
1.327924
1.808584
1.459765
1.333398
1.312315
1.433755
1.616947
1.364120
1.519309
1.562679
1.265582
1.299270
1.621959
1.662223
1.328225
1.403346
1.462041
1.479554
1.446187
1.420543
1.287477
1.313969
1.233168
1.277040
1.333005
1.406942
1.495526
1.286870
1.516364
1.260404
1.891436
1.408963
1.234576
1.379629
1.556071
1.423231
1.496996
1.495431
1.747267
1.290744
1.456461
1.383956
1.230671
1.274109
1.681984
1.666909
1.278438
1.498960
1.519421
1.511423
1.415823
1.521620
1.266369
1.594689
1.517478
1.524544
1.430682
1.440787
1.174653
1.476116
1.512628
1.345011
1.373250
1.411759
1.518587
1.487282
1.186183
1.383791
1.560574
1.519845
1.371289
1.364328
1.474432
1.339203
1.529306
1.643131
1.548371
1.371370
1.285762
1.525375
1.215828
1.457735
1.518452
1.835064
1.233304
1.381817
1.561672
1.395196
1.427156
1.438437
1.482282
1.293113
1.260168
1.546105
1.491489
1.450728
1.591055
1.252078
1.529025
1.449018
1.454259
1.377842
1.345932
1.502508
1.422483
1.408610
1.456141
1.431716
1.524722
1.590057
1.495487
1.247070
1.552280
1.373666
1.175503
1.572896
1.366458
1.619581
1.621188
1.477729
1.493349
1.492895
1.345417
1.434174
1.364996
1.316199
1.462578
1.220820
1.512484
1.586665
1.366392
1.456207
1.577003
1.320471
1.294586
1.245653
1.452956
1.912754
1.500551
1.514004
1.421293
1.263208
1.781578
1.516581
1.322009
1.459431
1.295676
1.433564
1.477827
1.549823
1.306840
1.491290
1.488199
1.315279
1.305775
1.476630
1.470182
1.337065
1.417473
1.549259
1.295963
1.200406
1.229820
1.435251
1.608897
1.748331
1.678000
1.532216
1.456119
1.315076
1.316567
1.596353
1.438744
1.587346
1.476425
1.524286
1.244184
1.700910
1.595352
1.275291
1.300404
1.718442
1.336389
1.365060
1.497894
1.446780
1.464068
1.501537
1.467003
1.564512
1.408307
1.605164
1.515321
1.420710
1.352323
1.391679
1.644950
1.611737
1.430710
1.477358
1.279384
1.291580
1.656424
1.431938
1.284144
1.361139
1.517433
1.273329
1.220747
1.524513
1.537575
1.605545
1.292583
1.456446
1.345042
1.445886
1.366545
1.156832
1.213381
1.233534
1.472854
1.600219
1.511382
1.601454
1.282023
1.499589
1.443876
1.358680
1.303515
1.597949
1.285248
1.645585
1.277009
1.467114
1.417789
1.478632
1.558011
1.733641
1.337191
1.324449
1.473242
1.387195
1.391759
1.508632
1.318933
1.332756
1.541595
1.585377
1.478004
1.678010
1.417263
1.353079
1.351342
1.363459
1.438194
1.269274
1.558154
1.241848
1.476272
1.671905
1.504115
1.259692
1.466316
1.599293
1.501237
1.444278
1.395351
1.590236
1.696603
1.367113
1.457711
1.442526
1.710642
1.461741
1.479966
1.402350
1.524406
1.334537
1.268435
1.422240
1.467536
1.340125
1.468123
1.224185
1.283830
1.239721
1.343732
1.628463
1.295939
1.480533
1.326649
1.438498
1.234634
1.264037
1.464346
1.304780
1.406239
1.482115
1.505819
1.467739
1.354617
1.621135
1.487805
1.568732
1.432742
1.465112
1.138008
1.512609
1.371389
1.273789
1.452284
1.405659
1.484886
1.504797
1.614655
1.243183
1.255336
1.488280
1.631215
1.602273
1.355185
1.387826
1.319322
1.429975
1.425825
1.391346
1.575510
1.522151
1.611013
1.510427
1.539159
1.605424
1.429921
1.406693
1.530732
1.402052
1.604420
1.327183
1.399380
1.703744
1.352017
1.319793
1.357532
1.607113
1.526833
1.449276
1.409086
1.475539
1.519639
1.363880
1.520625
1.313340
1.522632
1.177391
1.384899
1.516551
1.181374
1.541010
1.523055
1.699687
1.329414
1.642822
1.547847
1.568203
1.265634
1.560979
1.341870
1.356471
1.724227
1.326362
1.276274
1.420041
1.385443
1.337255
1.343679
1.344595
1.564209
1.204242
1.430132
1.457111
1.445455
1.468259
1.439157
1.496942
1.277546
1.365283
1.344915
1.469669
1.413922
1.300637
1.364476
1.584577
1.596337
1.293502
1.442162
1.462716
1.456839
1.545505
1.476690
1.281206
1.416632
1.327698
1.379378
1.196213
1.409069
1.411512
1.298530
1.419062
1.411186
1.528830
1.497353
1.165170
1.578407
1.165885
1.576037
1.159187
1.272189
1.296998
1.233292
1.490121
1.346503
1.369036
1.752050
1.446275
1.576358
1.242495
1.526741
1.523931
1.330520
1.421079
1.615207
1.442633
1.346186
1.545857
1.605015
1.293981
1.560348
1.472620
1.376889
1.565034
1.773691
1.318817
1.443396
1.546594
1.666206
1.647388
1.364409
1.367932
1.532043
1.519320
1.387414
1.256396
1.482758
1.479461
1.446439
1.842637
1.294160
1.479947
1.538448
1.589997
1.364487
1.230614
1.733841
1.505270
1.483228
1.268786
1.479953
1.358360
1.488743
1.261881
1.508069
1.318182
1.301247
1.531655
1.183531
1.597266
1.267499
1.564851
1.326901
1.645562
1.361388
1.364747
1.627135
1.780497
1.201807
1.397392
1.244979
1.550419
1.383457
1.449082
1.398123
1.446610
1.272562
1.196984
1.280902
1.314909
1.321248
1.395852
1.317856
1.449900
1.583569
1.423444
1.411006
1.452797
1.589517
1.390316
1.456627
1.435985
1.269114
1.253359
1.570748
1.560301
1.423567
1.368157
1.443537
1.512714
1.410206
1.405674
1.197963
1.299393
1.332161
1.572167
1.519214
1.479649
1.230014
1.421185
1.631279
1.483752
1.457992
1.479068
1.595978
1.308408
1.467195
1.374195
1.466858
1.417182
1.432214
1.644589
1.182075
1.280506
1.449111
1.282167
1.482030
1.592702
1.390436
1.372180
1.465392
1.553312
1.489114
1.454298
1.597207
1.360115
1.266829
1.362857
1.499651
1.534152
1.516716
1.909126
1.552891
1.516051
1.531349
1.532731
1.338995
1.410759
1.556935
1.326753
1.492249
1.304424
1.635098
1.237622
1.342226
1.541913
1.323831
1.391007
1.317209
1.311068
1.437678
1.271691
1.326987
1.252185
1.559818
1.341864
1.672174
1.360556
1.242812
1.501097
1.438684
1.132524
1.231695
1.470440
1.529971
1.546283
1.820854
1.574754
1.359061
1.729603
1.191983
1.574329
1.457279
1.469771
1.652093
1.147382
1.217765
1.530871
1.256133
1.722388
1.465677
1.364919
1.237462
1.326754
1.381430
1.756765
1.701112
1.390919
1.477355
1.787663
1.785518
1.304003
1.332996
1.475242
1.301094
1.490546
1.676068
1.343286
1.247398
1.325256
1.422718
1.408291
1.379724
1.403756
1.352755
1.485137
1.342988
1.377338
1.401606
1.588733
1.359342
1.373582
1.742768
1.609983
1.459836
1.339323
1.581059
1.570269
1.429410
1.377948
1.406442
1.701150
1.413298
1.390041
1.406349
1.126900
1.318603
1.570223
1.342885
1.316154
1.313944
1.406124
1.562690
1.348969
1.345445
1.381050
1.206094
1.440445
1.211438
1.522099
1.331915
1.505547
1.439326
1.627302
1.397225
1.600209
1.481461
1.427631
1.464505
1.285684
1.447338
1.640846
1.689780
1.268775
1.440119
1.217590
1.645279
1.221529
1.462024
1.774832
1.404677
1.398463
1.432855
1.737226
1.247943
1.242651
1.092993
1.403800
1.526044
1.300627
1.596070
1.329137
1.365452
1.525657
1.599030
1.511236
1.406077
1.374153
1.300320
1.478297
1.244283
1.549103
1.459352
1.333689
1.312911
1.373705
1.181104
1.785613
1.372214
1.383853
1.513328
1.416766
1.339925
1.573546
1.372296
1.306373
1.612642
1.253199
1.631080
1.418244
1.443688
1.636498
1.351246
1.231669
1.388279
1.514771
1.330182
1.325688
1.496011
1.524846
1.245786
1.443285
1.654842
1.420198
1.294177
1.632693
1.631343
1.573449
1.408777
1.466245
1.612393
1.713361
1.282279
1.190539
1.323241
1.300686
1.261505
1.355910
1.535573
1.451276
1.578137
1.409471
1.510766
1.666752
1.514530
1.383174
1.291439
1.459588
1.210504
1.472270
1.261392
1.543225
1.385701
1.473686
1.597063
1.432042
1.466658
1.459335
1.381331
1.450721
1.668079
1.326402
1.379005
1.377163
1.779674
1.574519
1.300533
1.541627
1.486174
1.149109
1.499771
1.414527
1.623670
1.496355
1.294795
1.795852
1.353008
1.667518
1.604562
1.532308
1.365515
1.473361
1.463175
1.275158
1.313842
1.217443
1.230347
1.325673
1.597908
1.552905
1.328267
1.446914
1.457364
1.257240
1.550038
1.365408
1.471460
1.447543
1.251312
1.525289
1.470577
1.374026
1.476197
1.534099
1.605014
1.435767
1.267785
1.488368
1.555247
1.350029
1.550119
1.553011
1.439363
1.277941
1.604476
1.406773
1.684729
1.431934
1.468264
1.500771
1.458717
1.517910
1.413375
1.547806
1.450255
1.303166
1.321024
1.423094
1.532635
1.297504
1.539859
1.502099
1.434440
1.326098
1.338896
1.400540
1.532151
1.248583
1.306402
1.251892
1.610842
1.519100
1.601198
1.215437
1.379927
1.419246
1.383655
1.358919
1.389879
1.482638
1.701880
1.238855
1.399674
1.285414
1.253357
1.392836
1.148607
1.702799
1.700696
1.327387
1.488211
1.476846
1.374071
1.480525
1.372423
1.708884
1.430444
1.559027
1.476864
1.628424
1.624244
1.266332
1.539818
1.598703
1.394088
1.380754
1.559686
1.515964
1.765518
1.208805
1.347978
1.243305
1.378518
1.512601
1.311957
1.710853
1.187965
1.470462
1.487638
1.481236
1.744721
1.483729
1.221286
1.359702
1.500454
1.305667
1.537031
1.379619
1.404499
1.443364
1.434207
1.330814
1.224393
1.549944
1.367340
1.233791
1.276131
1.259472
1.578509
1.487405
1.503287
1.223736
1.294214
1.328351
1.360281
1.320204
1.482725
1.552299
1.509827
1.495230
1.517873
1.508851
1.469217
1.437319
1.441190
1.564251
1.387238
1.472178
1.462869
1.307586
1.464669
1.307871
1.260318
1.311047
1.249181
1.432415
1.534946
1.532909
1.540987
1.505187
1.420512
1.510695
1.554847
1.647144
1.392290
1.376062
1.407272
1.415228
1.361553
1.435862
1.361502
1.310054
1.522886
1.445264
1.648265
1.317649
1.594741
1.583545
1.456876
1.315280
1.267031
1.628071
1.323690
1.614873
1.562490
1.257535
1.522521
1.371774
1.410324
1.450241
1.396937
1.344777
1.373220
1.479683
1.387430
1.413590
1.520620
1.309550
1.544427
1.497808
1.451455
1.551173
1.475691
1.552756
1.600355
1.337420
1.495303
1.425464
1.307082
1.400880
1.536354
1.574636
1.312695
1.233947
1.437848
1.455187
1.491289
1.304526
1.412603
1.212632
1.609214
1.455122
1.274299
1.274765
1.520344
1.440978
1.506688
1.487088
1.553086
1.682873
1.422683
1.410289
1.454976
1.441033
1.403993
1.658962
1.515279
1.356230
1.402174
1.323952
1.342636
1.682695
1.467767
1.383624
1.650661
1.412180
1.411598
1.244060
1.650944
1.488481
1.557259
1.369855
1.541801
1.563841
1.282421
1.484778
1.651285
1.434767
1.242779
1.214170
1.361651
1.581971
1.615785
1.547946
1.559974
1.199089
1.636675
1.313935
1.437480
1.607042
1.400557
1.397718
1.593479
1.495465
1.784816
1.660057
1.261804
1.416668
1.396207
