2.275580
2.197915
2.182573
2.068143
2.161900
2.106634
2.118981
1.962097
1.893676
2.003395
2.112195
1.947715
1.953538
1.871778
1.814783
1.680158
1.763679
1.668485
1.451674
1.724007
1.753155
1.675107
1.455009
1.438960
1.355007
1.164915
1.772727
1.367453
1.355259
1.172002
1.277037
1.654542
1.416627
1.133274
1.087180
2.145996
1.330250
1.431052
1.249493
1.135265
0.864184
1.253809
0.890279
0.833512
0.991935
0.738428
0.791669
1.315926
1.179014
0.853239
0.771188
1.041655
1.433454
1.112396
0.743368
1.187893
1.617588
1.052805
1.095291
0.936682
0.857666
1.069429
1.010139
1.064333
0.902767
0.924003
0.720610
0.754174
0.844552
0.595365
1.428949
1.043014
0.770860
0.778624
0.612625
0.906509
0.859548
1.074907
1.027114
1.444870
1.085116
1.006501
0.866989
0.683501
0.623363
0.611900
0.669711
0.933285
0.857558
0.717352
0.816805
0.815453
0.973446
0.650104
0.471920
0.573265
0.689595
0.968704
0.775945
0.745455
0.798043
0.826637
0.562949
0.724628
0.762083
0.574990
0.738141
0.579967
0.510854
1.140431
1.170286
1.174017
0.735716
0.457252
0.567482
0.978136
1.141627
1.131457
0.814370
0.552701
0.639615
0.572521
0.788590
0.820969
0.756178
0.808067
0.430903
0.631404
0.506390
0.704572
0.510610
0.744100
0.709725
0.786116
1.114523
1.328009
0.718397
0.560950
0.679256
0.674635
0.685417
1.798008
0.919084
0.789736
0.833740
0.731929
0.602913
0.570580
0.478419
0.493183
0.516334
0.571346
0.613208
0.419657
0.627869
0.789734
1.308803
0.762579
0.620326
0.785819
0.756081
0.608722
0.477460
0.711947
0.846418
0.892125
0.821167
0.632332
0.717499
0.621662
0.446842
0.495005
0.633792
0.818119
0.807052
0.623411
0.619981
0.538152
0.658023
0.491758
0.500588
0.575511
0.905682
0.880989
0.641667
0.450428
0.690429
0.522526
0.429662
0.549267
0.412916
0.622738
0.903213
0.644319
0.655799
0.644796
0.321900
0.628133
0.789014
0.829693
0.804498
0.975228
0.451628
0.650920
0.525739
0.772172
1.499724
1.053188
0.677765
0.738801
0.451946
0.533078
0.515232
0.470086
0.736696
0.633164
0.924805
1.128748
0.759894
0.485052
0.599695
0.413753
0.646430
0.434615
0.394428
0.533313
0.411723
0.740484
0.711841
0.514511
0.600198
0.639672
0.417409
0.547035
0.514509
0.554567
0.382321
0.531468
0.432728
0.634058
1.256276
0.575191
0.496071
0.480790
0.615805
0.598631
0.660850
0.542439
0.657971
0.579270
0.533764
0.538290
0.507947
0.425892
0.706192
1.073951
0.748545
0.398835
0.290296
0.362123
0.337103
0.652207
0.537369
0.368965
0.428857
0.669476
0.528956
0.636686
0.423937
0.627667
0.705292
0.611677
0.465227
0.738246
0.567456
0.495564
0.618825
0.570718
0.386056
0.278438
0.290779
0.183179
0.376383
0.607647
0.594197
0.665516
0.792561
0.580461
0.431512
0.471288
0.270825
0.280262
0.553280
0.609537
0.608013
0.586370
0.631579
0.531219
0.368050
0.315597
0.280695
0.557718
0.539915
0.510925
0.478435
0.279529
0.360181
0.518349
0.381331
0.615529
0.534061
0.544214
0.579549
0.527906
0.554738
0.453084
0.347108
0.334843
0.585737
0.672332
0.539000
0.922794
0.954846
0.955540
0.545593
0.825749
0.886783
0.542918
0.484769
0.564487
0.822050
0.510486
0.505349
0.534898
0.724263
0.664539
0.640066
0.384319
0.663989
0.542878
0.512323
1.090919
0.698372
0.836257
0.766873
0.672552
0.508050
0.393083
0.298326
0.297843
0.756895
1.065912
1.136514
0.580613
0.408240
0.383412
0.646441
0.452188
0.598114
0.646047
0.497418
0.470493
0.283440
0.307074
0.423948
0.517084
0.714108
0.692403
0.554609
0.473255
0.506942
0.760386
0.812091
0.432465
0.280908
0.387980
0.475131
0.597829
0.559979
0.463499
0.474809
0.645789
0.684699
0.404117
0.639670
0.531539
0.548707
0.293192
0.436894
0.404232
0.394764
0.360647
0.422082
0.330100
0.523234
0.901837
0.406945
0.419505
0.493901
0.567956
0.411935
0.320273
0.611103
0.556127
0.554757
0.480696
0.489091
0.769975
0.415827
0.411303
0.532493
0.472391
0.472783
0.560896
0.498661
0.501530
0.567439
0.595839
0.984802
1.325650
0.772632
0.787411
0.917738
0.442031
0.517341
0.493402
0.337005
0.459317
0.415384
0.401504
0.444687
0.429112
0.402717
0.537518
0.315048
0.506775
0.726349
0.451172
0.540033
0.404907
0.567938
0.928979
1.517957
0.716298
0.535516
0.527074
0.237041
0.486657
0.357766
0.466949
0.397052
0.506342
0.635649
0.689993
0.598410
0.402094
0.396769
0.419891
0.265349
0.505914
0.395078
0.417350
0.447526
0.344353
0.469108
0.556775
0.529175
0.824382
0.633355
0.671371
0.531201
0.678083
0.602006
0.515767
0.358208
0.496159
0.347366
0.381511
0.329584
0.420771
0.529821
0.533392
0.599844
1.573526
2.118092
0.423757
0.533508
0.571170
0.308647
0.556856
0.522047
0.674091
0.767291
0.724165
0.557895
0.556936
0.790008
0.367563
0.411972
0.541874
0.515518
0.301023
0.586503
0.622431
0.454637
0.533502
0.383861
0.360613
0.589453
0.498104
0.552689
0.589650
0.453321
0.739949
1.144686
0.660906
0.486624
0.280857
0.468299
0.324862
0.356898
0.301673
0.494140
0.621621
0.576711
0.367302
0.308525
0.470426
0.491151
0.346657
0.513615
0.450944
0.468234
0.530788
0.543013
0.512888
0.711908
0.548787
0.407026
0.678803
0.691616
0.771987
0.611744
0.442073
0.307614
0.553347
0.637412
0.640046
0.744975
0.462857
0.560556
0.401980
0.387331
0.588282
0.598488
0.347910
0.387064
0.414095
0.436642
0.632565
0.550430
0.423837
0.434359
0.395604
0.516789
0.255321
0.355686
0.332945
0.536082
0.513646
0.525497
0.737045
1.038375
0.564227
0.519245
0.436694
0.369352
0.340517
0.555792
0.326308
0.339139
0.341895
0.466434
0.285668
1.409171
2.036774
0.550824
0.450130
0.466787
0.597308
0.415260
0.598295
0.743490
0.834487
0.625021
0.440148
0.462381
0.423814
0.535893
0.472426
0.579677
0.430863
0.516304
0.404481
0.486448
0.555503
0.423639
0.307778
0.429614
0.593979
0.740156
0.543704
0.523118
0.377793
0.336785
0.479985
0.340401
0.583372
0.573207
0.786309
0.852903
0.576226
0.364363
0.424050
0.307257
0.546009
0.622359
0.554138
0.235371
0.405335
0.580546
0.468358
0.334159
0.283531
0.468654
0.259689
0.324090
0.346268
0.257207
0.480312
0.485269
0.398994
0.383910
0.556396
0.597951
0.648267
0.275708
0.410472
0.372010
0.375855
0.609221
0.446821
0.361030
0.454879
0.488230
0.456986
0.470242
0.557998
0.598181
0.591056
0.608806
0.433012
0.398951
0.655675
0.661745
0.317850
0.415331
0.413049
0.809680
0.396222
0.428204
0.537163
0.482057
0.421320
0.359133
0.356065
0.694981
0.965138
0.597435
0.634487
0.332832
0.690516
0.781886
0.479932
0.304288
0.312487
0.424369
0.869151
0.830580
0.414290
0.552029
0.380956
0.449999
0.667547
0.604263
0.753064
0.410874
0.471942
0.256752
0.501190
0.359768
0.271432
0.372954
0.597536
0.276179
0.412825
0.474324
0.310750
0.934984
0.514716
0.519569
0.890122
0.640317
0.584940
0.477245
0.598376
0.495969
0.473626
0.376579
0.246093
0.405755
0.381030
0.217060
0.369125
0.408708
0.380086
0.439178
0.552022
0.694596
0.455709
0.482795
0.249876
0.449346
0.390944
0.652675
0.418790
0.367949
0.471099
0.453228
0.449240
0.735457
0.990378
0.550844
0.310418
0.319959
0.283957
0.259058
0.345293
0.365756
0.431903
0.575653
0.572057
0.639607
0.553828
0.637505
0.649036
0.325522
0.304720
0.350960
0.508322
0.382801
1.000546
0.525951
0.727327
0.819789
0.793884
0.417141
0.413492
0.535108
0.654244
0.379218
0.429628
0.350652
0.297153
0.355931
0.537900
0.507199
0.438687
0.480122
0.598789
0.282162
0.494592
0.499477
0.416750
0.269198
0.353083
0.518115
0.222316
0.433186
0.426382
0.372289
0.406906
0.515152
0.435718
0.545338
0.291243
0.495841
0.612725
0.600998
0.495189
0.665766
0.413353
0.422606
0.301628
0.461111
0.395512
0.383116
0.297425
0.547870
0.550947
0.290608
0.460883
0.366021
0.368699
0.290314
0.370160
0.714829
0.783510
0.807410
0.414560
0.464923
0.521874
0.383035
0.484449
0.463731
0.519211
0.670917
0.646031
0.381917
0.684455
0.563515
0.422218
0.733702
0.628601
0.559986
0.475970
0.644355
0.549965
0.387058
0.390868
0.442905
0.379393
0.387617
0.523194
0.318171
0.557027
0.537583
0.407762
0.594875
0.778791
0.526491
0.649403
0.398927
0.422261
0.633712
0.478899
0.424940
0.425336
0.417671
0.376273
0.306595
0.217121
0.372416
0.451297
0.435536
0.691934
0.386791
0.452143
0.427715
0.535110
0.426958
0.407428
0.424289
0.627133
0.374051
0.536210
0.599081
0.309387
0.493117
0.502644
0.408561
0.386169
0.491737
0.370763
0.445518
0.505348
0.370051
0.431513
0.401502
0.451792
0.330957
0.327246
0.626956
0.561084
0.511588
0.367514
0.361098
0.379394
0.384967
0.750003
0.515534
0.497928
0.231081
0.370799
0.432919
0.425441
0.325462
0.323637
0.435657
0.356525
0.385296
0.683016
0.579075
0.426622
0.438770
0.406354
0.305666
0.588538
1.701283
2.029294
1.346895
1.062270
0.870736
0.459623
0.367295
0.469132
0.396785
0.352530
0.440329
0.664393
0.500881
0.312765
0.375639
0.323947
0.402501
0.588119
0.373474
0.277738
0.255208
0.770138
0.919583
0.806208
0.602422
0.491767
0.516244
0.479417
0.483008
0.311670
0.510967
0.416922
0.271299
0.262354
0.221857
0.503759
0.361093
0.517232
0.485135
0.501615
0.200885
0.369606
0.401309
0.399093
0.256045
0.255782
0.462049
0.349260
0.508776
0.505695
0.491935
0.382922
0.365694
0.694324
0.681816
0.584578
0.531624
0.602382
0.509201
0.450759
0.422222
0.176818
0.371297
0.379750
0.424029
0.592915
0.528419
0.451943
0.472069
0.652203
0.695877
0.761746
0.941438
0.407543
0.573178
0.383775
0.475974
0.351441
0.625883
0.428656
0.376582
0.447821
0.383005
0.338813
0.201705
0.420966
0.412338
0.369561
0.596757
0.312574
0.366753
0.665319
0.213899
0.252584
0.382324
0.368132
0.409652
0.262838
0.454605
0.539918
0.266946
0.562204
0.315971
0.548753
0.439619
0.368311
0.771754
0.753140
0.577957
0.420735
0.466365
0.325127
0.385777
0.333727
0.335341
0.380098
0.522287
0.410758
0.407854
0.510704
0.447116
0.737307
0.657053
0.546081
0.268702
0.519924
0.307145
0.403227
0.512862
0.314710
0.376346
0.562781
0.486854
0.724360
0.450624
0.370563
0.260450
0.516296
0.438879
0.429895
0.427309
0.329406
0.349170
0.401840
0.224081
0.118434
0.421956
0.642193
0.606135
0.404753
0.628571
0.459746
0.419201
0.595401
0.305107
0.270728
0.414747
0.420336
0.494639
0.391817
0.274026
0.622720
0.640925
0.410301
0.727777
0.671079
0.480126
0.462789
0.412360
0.289517
0.343261
0.228857
0.235647
0.375412
0.377515
0.625065
0.516617
0.214740
0.619738
0.616548
0.386409
0.300831
0.383705
0.439404
0.856792
0.924620
0.397439
0.354159
0.376095
0.377990
0.222564
0.296850
0.658094
0.592479
0.407599
0.362951
0.235211
0.405669
0.464636
0.350641
0.585598
0.331107
0.735939
0.790678
0.658951
0.355334
0.488436
0.386399
0.514194
0.525310
0.439626
0.237643
0.495725
0.208731
0.386278
0.639600
0.469246
0.242697
0.541459
0.296964
0.266050
0.613495
0.564945
0.475611
0.469183
0.590298
0.405545
0.456999
0.398338
0.422061
0.425365
0.641114
0.442591
0.453282
0.505026
0.566694
0.735179
0.461736
0.260553
0.337982
0.217440
0.235019
0.582728
0.325649
0.304184
0.338518
0.345892
0.399589
0.450735
0.875959
1.306440
0.644844
0.833853
0.677072
0.693264
0.377573
0.442454
0.441693
0.513768
0.377266
0.425087
0.534439
0.554750
0.644678
0.562046
0.465128
0.782493
1.011954
0.382753
0.367949
0.459137
0.402717
0.263219
0.391300
0.527591
0.338783
0.573723
0.387643
0.333926
0.354112
0.311148
0.398756
0.697119
0.601465
0.382656
0.369401
0.632908
0.422018
0.359106
0.585273
0.418280
0.333829
0.476467
0.363430
0.267860
0.399667
0.359129
0.459953
0.540103
0.364317
0.532182
0.399461
0.413745
0.539282
0.812899
0.551184
0.453518
0.401060
0.265091
0.680971
0.563958
0.303217
0.482978
0.603662
0.402355
0.342602
0.581728
0.826445
0.628489
0.580347
0.651903
0.533474
0.573076
0.519655
0.526255
0.367859
0.411484
0.302937
0.449246
0.561498
0.421054
0.382340
0.511793
0.426640
0.417529
0.373823
0.451944
0.271198
0.491561
0.612478
0.495571
0.419139
0.526782
0.292666
0.536799
0.433659
0.270476
0.362818
0.560938
0.749150
0.407803
0.551663
0.485756
0.381782
0.363689
0.248246
0.174971
0.716760
0.875048
0.455305
0.500858
0.285797
0.527788
0.377312
0.599438
0.440123
0.630966
0.598925
0.677043
0.349422
0.367474
0.409427
0.403999
0.313065
0.277991
0.287081
0.546824
0.373160
0.538108
0.420341
0.430500
0.540824
0.614522
0.473475
0.596820
0.400966
0.261374
0.529096
0.461910
0.399666
0.679105
0.274698
0.408034
0.428329
0.469827
0.777010
0.387551
0.318610
0.417061
0.354841
0.381003
0.520949
0.545321
0.349371
0.309297
0.455666
0.315063
0.284427
0.198638
0.457503
0.546124
0.466986
0.521196
0.645224
0.485667
0.455146
0.395444
0.455894
0.338494
0.187767
0.339299
0.223206
0.553372
0.373962
0.244795
0.471575
0.306005
0.413551
0.466857
0.388222
0.357861
0.381314
0.379942
0.346303
0.283649
0.475282
0.224896
0.620376
0.287656
0.553553
0.715919
0.424704
0.429358
0.278346
0.348405
0.506466
0.495655
0.562021
0.529119
0.389148
0.440216
0.250788
0.243315
0.430367
0.249389
0.470170
0.281694
0.608662
0.356048
0.480154
1.013227
0.463579
0.471976
0.481258
0.386064
0.455761
0.555428
0.373442
0.535409
0.947981
0.583006
0.325686
0.343898
0.472551
0.332514
0.235370
0.382030
0.529559
0.437874
0.360248
0.321267
0.362270
0.512089
0.509528
0.219456
0.469161
0.440039
0.626470
0.593699
0.709947
0.517067
0.305703
0.482815
0.545708
0.337600
0.400838
0.358732
0.485269
0.686187
0.491743
0.353718
0.271058
0.465023
0.295855
0.311784
0.381126
0.331431
0.558891
0.810262
1.645176
1.480836
1.156837
0.960572
0.719403
0.698323
0.564556
0.544830
0.605930
0.540484
0.503830
0.426373
0.388845
0.476665
0.466547
0.253466
0.530316
0.474180
0.471832
0.428387
0.399817
0.637817
0.469765
0.380805
0.583071
0.623063
0.330119
0.371796
0.281054
0.406173
0.577703
0.536533
0.403717
0.280291
0.365257
0.561070
0.330638
0.313462
0.242205
0.177981
0.391231
0.411661
0.437374
0.563687
0.514546
0.326157
0.315221
0.578184
0.393465
0.456440
0.338666
0.280196
0.333194
0.366777
0.354616
0.403193
0.472060
0.302376
0.369907
0.467559
0.269731
0.451180
0.477246
0.670955
0.479068
0.307897
0.297740
0.371740
0.197611
0.451047
0.607276
0.479515
0.351430
0.439308
0.297160
0.256462
0.286307
0.346145
0.286162
0.298254
0.497941
1.030390
0.905599
0.940786
0.563829
0.306047
0.278501
0.370348
0.215070
0.559171
0.454177
0.302787
0.389206
0.347414
0.474864
0.455904
0.569285
0.561384
0.602904
0.501154
0.651245
0.486345
0.348842
0.648001
0.540362
0.430760
0.392015
0.593933
0.592338
0.373637
0.388244
0.236327
0.393694
0.502755
0.322117
0.540398
0.236991
0.326378
0.394496
0.370281
0.227812
0.437100
0.466817
0.228909
0.328228
0.418728
0.554462
0.651177
0.316599
0.394246
0.417653
0.503535
0.309286
0.380530
0.539960
0.493244
0.387770
0.420591
0.604254
0.613558
0.400915
0.253723
0.265832
0.467779
0.315672
0.360816
0.687420
0.339381
0.476129
0.381406
0.285109
0.398967
0.647176
0.411254
0.467855
0.286054
0.328584
0.372464
0.463424
0.519405
0.463660
0.485618
0.356347
0.438618
0.587456
0.634355
0.303936
0.396815
0.559739
0.379147
0.361029
0.368010
0.334911
0.291931
0.335265
0.434491
0.647593
0.562168
0.432691
0.364584
0.359563
0.506423
0.419820
0.336661
0.519385
0.608132
0.722129
0.311449
0.529080
0.490258
0.431126
0.338432
0.382598
0.505360
0.753837
0.508519
0.306078
0.293616
0.252454
0.300348
0.216649
0.793344
0.762414
0.400767
0.430646
0.490221
0.386125
0.474041
0.451403
0.496189
0.419884
0.455684
0.562392
0.551219
0.883106
0.458180
0.316617
0.387969
0.413002
0.431811
0.481734
0.436195
0.551153
0.677549
0.524742
0.588597
0.399678
0.293547
0.326129
0.305936
0.279318
0.241088
0.432001
0.470202
0.507022
0.451429
0.467417
0.554656
0.705807
0.344786
0.643902
0.425403
0.507376
0.441233
0.479571
0.375373
0.406995
0.273026
0.273155
0.475806
0.380001
0.303077
0.436632
0.403849
0.225599
0.188871
0.347266
0.526417
0.630223
0.658340
0.344905
0.263718
0.305665
0.207065
0.283443
0.315234
0.410526
0.474022
0.334629
0.332186
0.530399
0.239897
0.458730
0.517884
0.529622
0.507003
0.374319
0.537956
0.266777
0.393804
0.560207
0.310984
0.272472
0.254569
0.479556
0.512954
0.511008
0.321788
0.301005
0.344897
0.407869
0.654690
0.561188
0.883247
0.537515
0.253048
0.378580
0.275984
0.299518
0.545097
0.423067
0.388034
0.661527
0.274381
0.662408
0.368789
0.379796
0.166431
0.279416
0.525581
0.768234
0.579672
0.457217
0.541685
0.353664
0.353015
0.618196
0.551649
0.527704
0.411950
0.426124
0.331751
0.517694
0.390966
0.418368
0.464147
0.614598
0.473738
0.396540
0.277881
0.405742
0.596276
0.529304
0.360052
0.430173
0.478634
0.302552
0.337141
0.305591
0.377096
0.327631
0.507217
0.590434
0.362837
0.328160
0.319937
0.364586
0.453367
0.270880
0.283572
0.317099
0.285072
0.362742
0.654569
0.487833
0.333969
0.385589
0.460737
0.326651
0.432148
0.396660
0.260904
0.281580
0.378035
0.239282
0.256324
0.471907
0.448090
0.617608
0.527902
0.712634
0.556002
0.430591
0.539584
0.476245
0.408014
0.395436
0.363987
0.322967
0.285591
0.328385
0.445796
0.586802
0.622576
0.777506
0.472494
0.266804
0.382971
0.333398
0.270394
0.239414
0.391549
0.296305
0.527214
0.523466
0.554255
0.431659
0.449130
0.362243
0.570547
0.298108
0.216947
0.322827
0.400901
0.353670
0.320725
0.374054
0.486602
0.390967
0.470376
0.358542
0.508635
0.454828
0.384788
0.323926
0.335556
0.276293
0.434315
0.338990
0.419485
0.518830
0.317396
0.451053
0.389081
0.323357
0.305732
0.271870
0.604347
0.487872
0.464694
0.381906
0.533989
0.642771
0.502114
0.624825
0.317179
0.413539
0.226848
0.384959
0.202068
0.347466
0.294593
0.485404
0.413915
0.426315
0.367401
0.331018
0.460645
0.264357
0.315511
0.421984
0.445677
0.344467
0.391758
0.425791
0.366969
0.385349
0.288459
0.242553
0.234970
0.357000
0.511619
0.429710
0.216461
0.413970
0.318444
0.468138
0.409878
0.412030
0.634363
0.443623
0.344454
0.305372
0.283164
0.306250
0.463159
0.396560
0.312342
0.211446
0.563845
1.129922
0.978642
0.527062
0.406314
0.452579
0.497891
0.425150
0.649422
0.604468
0.465911
0.472818
0.478245
0.509590
0.351388
0.329293
0.245352
0.346768
0.297636
0.504512
0.415151
0.984448
0.478133
0.560912
0.356321
0.541507
0.440807
0.301509
0.367397
0.518679
0.361543
0.423706
0.627456
0.601752
0.419824
0.389168
0.396564
0.384530
0.467078
0.485493
0.382865
0.352500
0.596517
0.444510
0.423481
0.343327
0.423590
0.402826
0.374541
0.397197
0.762194
0.611799
0.351311
0.416738
0.386800
0.221531
0.325163
0.309205
0.294918
0.399750
0.437938
0.276178
0.389724
0.498775
0.421729
0.441128
0.382334
0.382372
0.627881
0.653750
0.951250
0.456086
0.293698
0.399614
0.366292
0.381378
0.442771
0.336001
0.487574
0.167994
0.449746
0.493526
0.414543
0.380024
0.481625
0.331723
0.432689
0.541128
0.334447
0.372761
0.284687
0.259384
0.286968
0.219749
0.346287
0.190603
0.266917
0.476212
1.115510
0.525995
0.465165
0.312550
0.424726
0.218498
0.501497
0.425424
0.365303
0.342283
0.507941
0.426631
0.368176
0.498039
0.380551
0.271419
0.378381
0.441273
0.853598
0.586879
0.704573
0.474203
0.540274
0.568123
0.523985
0.357941
0.318147
0.303334
0.532170
0.629827
0.877841
0.530074
0.324528
0.459476
0.358030
0.495529
0.563252
0.662054
1.020649
0.917683
0.427129
0.343251
0.361745
0.265709
0.313068
0.541332
0.536630
0.462693
0.698305
0.387113
0.343224
0.472356
0.511376
0.530615
0.445040
0.411683
0.227958
0.378105
0.286363
0.448942
0.623305
0.500094
0.352505
0.337663
0.307443
0.371155
0.342165
0.441049
0.915329
0.954159
0.411859
0.424430
0.704555
0.377923
0.230479
0.453577
0.502200
0.637070
0.499684
0.665752
0.540318
0.562367
0.456960
0.406167
0.455674
0.402848
0.268138
0.333893
0.263012
0.651518
0.435537
0.433666
0.303984
0.432097
0.386051
0.726556
0.458716
0.380895
0.262965
0.523386
0.570747
0.438248
0.307376
0.492846
0.294317
0.379079
0.329931
0.391313
0.367217
0.326367
0.163990
0.300342
0.282748
0.355054
0.261028
0.224311
0.277367
0.589532
0.582644
0.493378
0.365006
0.514260
0.360877
0.195314
0.297682
0.372424
0.367955
0.396763
0.518924
1.223425
1.670150
0.818179
0.666719
0.549138
0.626650
0.575726
0.391966
0.341571
0.617993
0.358024
0.497202
0.601454
0.472852
0.502568
0.550068
0.904691
0.641463
0.441007
0.333755
0.391241
0.252779
0.412871
0.360390
0.374651
0.407176
0.582228
0.535439
0.586634
0.556458
0.370217
0.483567
0.509272
0.332182
0.511110
0.246774
0.282219
0.324574
0.310605
0.500830
0.529634
1.117238
0.833110
0.512710
0.370121
0.254168
0.491706
0.606298
0.531588
0.397952
0.256670
0.531196
0.384270
0.326834
0.379072
0.372709
0.239327
0.301631
0.441735
0.379798
0.749280
0.569832
0.317639
0.411215
0.252630
0.389733
0.283715
0.348599
0.462242
0.154585
0.237970
0.394872
0.518239
0.397505
0.293382
0.532729
0.478190
0.465348
0.404152
0.364838
0.359934
0.423057
0.393749
0.388576
0.335186
0.574832
0.502160
0.651739
0.537271
0.191252
0.382411
0.295977
0.651896
0.548105
0.446684
0.474902
0.307022
0.220104
0.352462
0.392238
0.260626
0.338174
0.419303
0.672864
0.635254
0.597161
0.498832
0.336784
0.348798
0.679841
0.714735
0.385172
0.578803
0.369073
0.553966
0.400900
0.366710
0.646013
0.592127
0.630436
0.469370
0.351992
0.304288
0.510988
0.372027
0.339605
0.211733
0.357871
0.314950
0.278197
0.408121
0.369756
0.308127
0.395439
0.664942
0.281866
0.520744
0.505890
0.516567
0.333690
0.275775
0.328962
0.364815
0.601173
0.470715
0.355490
0.520843
0.260007
0.372545
0.551680
0.864015
0.681302
0.388499
0.352900
0.327453
0.788100
0.476677
0.379301
0.278369
0.280166
0.537373
0.485411
0.390373
0.487247
0.437079
0.521917
0.543486
0.726146
0.708167
0.478238
0.363099
0.476413
0.362954
0.416635
0.434292
0.277676
0.329898
0.518485
0.533109
0.346142
0.499905
0.444058
0.403858
0.436835
0.474036
0.374714
0.385597
0.408892
0.477949
0.518304
0.323129
0.505486
0.325788
0.541886
0.324853
0.538704
0.277363
0.479683
0.475957
0.170131
0.405057
0.353233
0.392264
0.238247
0.266371
0.360032
0.213857
0.523663
0.325424
0.673452
0.844358
0.305024
0.355583
0.465051
0.533275
0.655079
0.435079
0.463002
0.336698
0.286297
0.385090
0.288211
0.295851
0.303838
0.314850
0.208966
0.484760
0.418007
0.657741
0.487666
0.310043
0.440463
0.551461
0.268713
0.274487
0.460361
0.446217
0.586653
0.448733
0.439045
0.360976
0.405159
0.330832
0.552964
0.347577
0.341724
0.393891
0.323583
0.399051
0.203964
0.430061
0.337595
0.731753
0.331263
0.564016
0.495804
0.535074
0.443731
0.417800
0.317087
0.271555
0.260610
0.467845
0.227637
0.256652
0.247466
0.379716
0.214392
0.204771
0.345572
0.374976
0.802177
0.618149
0.492019
0.321600
0.289643
0.600104
0.420001
0.394591
0.343740
0.380881
0.323067
0.515252
0.324778
0.340355
0.453136
0.309069
0.165396
0.457510
0.550500
0.451629
0.440462
0.386159
0.383088
0.423135
0.518130
0.740689
0.549276
0.605918
0.549451
0.324397
0.373052
0.536995
0.630638
0.628454
0.482390
0.541986
0.451292
0.260988
0.385418
0.600828
0.526453
0.549264
0.562365
0.249202
0.368275
0.350915
0.541535
0.276848
0.462042
0.471718
0.659763
0.420552
0.381080
0.731328
0.471305
0.391843
0.661219
0.246393
0.367854
0.446481
0.280891
0.368689
0.614789
0.263694
0.537251
0.382441
0.272151
0.438285
0.551429
0.458148
0.313645
0.469263
0.604178
0.471434
0.267323
0.270489
0.289715
0.400168
0.437719
0.567050
0.365148
0.474793
0.266668
0.551896
0.867592
0.724636
0.499203
0.479898
0.439943
0.314941
0.364956
0.440157
0.418553
0.307934
0.462144
0.257588
0.310520
0.406271
0.303313
0.283487
0.403738
0.410079
0.203979
0.556480
0.462128
0.211496
0.368481
0.402092
0.356041
0.409467
0.506400
0.351522
0.437086
0.439469
0.431884
0.448049
0.523284
0.357569
0.470285
0.258440
0.471521
0.403656
0.500043
0.486275
0.578293
0.429781
0.355654
0.350577
0.399934
0.389554
0.410816
0.320724
0.324186
0.359127
0.749675
0.382176
0.337757
0.521794
0.614582
0.323436
0.368736
0.419828
0.352469
0.209501
0.295847
0.358156
0.486310
0.385736
0.646093
0.408137
0.506301
0.519752
0.380789
0.568696
0.326554
0.559717
0.684555
0.433498
0.415107
0.450177
0.285108
0.384684
0.504225
0.405755
0.429713
0.510118
0.412739
0.581773
0.558755
0.412176
0.163023
0.397612
0.515585
0.388238
0.318350
0.307249
0.367358
0.510229
0.548005
0.408520
0.397074
0.373449
0.478181
0.542723
0.348085
0.497839
0.372349
0.412640
0.548151
0.286544
0.455323
0.439146
0.240231
0.506771
0.667822
0.350142
0.396279
0.471144
0.662579
0.294786
0.328911
0.383630
0.377825
0.454949
0.270194
0.339088
0.285508
0.407088
0.260418
0.303221
0.268857
0.388148
0.397880
0.340109
0.512689
0.350140
0.256865
0.334577
0.394039
0.397712
0.279864
0.233111
0.333535
0.526122
0.648477
0.312469
0.337477
0.277372
0.519988
0.384213
0.647901
0.813686
0.668389
0.509414
0.353113
0.382982
0.359963
0.297005
0.438168
0.262092
0.543911
0.541617
0.570060
0.558293
0.540074
0.649682
0.547131
0.261990
0.445742
0.504041
0.477429
0.367987
0.338394
0.582225
0.212298
0.310795
0.383313
0.439593
0.372671
0.370624
0.452386
0.632983
0.491015
0.492727
0.393155
0.439476
0.363821
0.397385
0.518966
0.234565
0.341652
0.462650
0.506255
0.447603
0.617785
0.436569
0.715121
0.345328
0.334079
0.189819
0.496026
0.329243
0.305129
0.248638
0.561344
0.318280
0.256452
0.311655
0.419024
0.493269
0.492654
0.446676
0.404998
0.292253
0.425396
0.477726
0.499926
0.405544
0.346699
0.356689
0.365169
0.256136
0.433294
0.427334
0.275488
0.268312
0.338429
0.569313
0.515885
0.603272
0.551310
0.422270
0.345469
0.141746
0.371984
0.282100
0.609770
0.510998
0.558665
0.531741
0.409125
0.528620
0.281501
0.334945
0.450320
0.459193
0.414405
0.418177
0.467139
0.319641
0.259599
0.543072
0.662561
0.355162
0.497372
0.597903
0.282410
0.575390
0.434412
0.658078
0.436364
0.302559
0.413496
0.499202
0.446117
0.485092
0.289599
0.236156
0.407484
0.385482
0.580776
0.523547
0.309021
0.286180
0.458797
0.448974
0.331604
0.264600
0.254196
0.501258
0.149432
0.309485
0.529522
0.376088
0.240493
0.182908
0.311166
0.384449
0.405475
0.489628
0.377566
0.432282
0.493497
0.449828
0.202420
0.311923
0.399748
0.346264
0.269676
0.198326
0.389847
0.282483
0.354313
0.330764
0.337091
0.255929
0.282052
0.506255
0.497100
0.433745
0.309460
0.409018
0.403289
0.441736
0.382804
0.489710
0.415202
0.314154
0.377932
0.565369
0.359019
0.461568
0.211207
0.623373
0.863896
0.496725
0.323365
0.260397
0.358133
0.240353
0.554612
0.500174
0.425544
0.675477
0.485637
0.392818
0.463908
0.335728
0.379370
0.329316
0.297354
0.238883
0.484722
0.546371
0.480705
0.324200
0.473664
0.379452
0.394210
0.325971
0.415909
0.245216
0.485326
0.311994
0.465517
0.345635
0.402757
0.275394
0.308369
0.332086
0.367475
0.509852
0.430080
0.252522
0.318057
0.394770
0.465265
0.524264
0.387430
0.389718
0.339900
0.581161
0.458189
0.264026
0.239515
0.325828
0.326860
0.242856
0.352611
0.242985
0.386991
0.546069
0.469016
0.346182
0.245992
0.440818
0.355107
0.475693
0.709164
0.608567
0.571066
0.360682
0.359140
0.210776
0.408886
0.414351
0.468474
0.395004
0.331101
0.515678
0.615622
1.071329
0.880756
0.686893
0.340586
0.391090
0.462843
0.325468
0.347548
0.401146
0.232337
0.307154
0.254680
0.431261
0.427840
0.331192
0.646659
0.415908
0.362271
0.495828
0.298069
0.427714
0.517704
0.376667
0.376245
0.426117
0.406293
0.276617
0.441605
0.283507
0.280391
0.440891
0.419993
0.556424
0.351960
0.256882
0.500119
0.277623
0.292955
0.404175
0.397015
0.353874
0.375312
0.335278
0.635225
0.724400
0.736153
0.549708
0.478241
0.602766
0.564323
0.596218
0.617090
0.901487
1.012723
0.697902
0.500087
0.480735
0.323680
0.467419
0.315655
0.385580
0.330505
0.511154
0.351317
0.521138
0.532998
0.454634
0.341672
0.412977
0.473599
0.427008
0.413794
0.469065
0.567186
0.284964
0.254770
0.195141
0.249079
0.349892
0.487981
0.461538
0.448319
0.389033
0.248425
0.536620
0.274430
0.408997
0.491496
0.401379
0.533839
0.526882
0.468309
0.343231
0.478149
0.242433
0.317173
0.399079
0.329229
0.252580
0.282555
0.271783
0.259251
0.423635
0.380347
0.453617
0.531266
0.335403
0.399639
0.375910
0.381295
0.307099
0.209804
0.272038
0.390770
0.212927
0.585169
0.671064
0.898256
0.494505
0.458243
0.610950
0.483230
0.419008
0.334030
0.320007
0.341195
0.451614
0.294014
0.319569
0.439211
0.351549
0.645826
0.859016
1.003313
0.381758
0.496594
0.505165
0.384878
0.448860
0.376651
0.409255
0.624380
0.371677
0.504358
0.560122
0.493797
0.424352
0.413162
0.278215
0.415305
0.263531
0.672254
0.303760
0.404720
0.341244
0.342550
0.448974
0.402648
0.413701
0.317728
0.572998
0.432784
0.494934
0.579472
0.738651
0.586216
0.266966
0.538813
0.418102
0.448025
0.295599
0.339176
0.424363
0.297696
0.339487
0.661369
0.310694
0.421639
0.226083
0.267179
0.530452
0.438046
0.303354
0.294869
0.521225
0.369169
0.447952
0.400192
0.313899
0.502793
0.374346
0.484394
0.328495
0.537451
0.438448
0.519737
0.379237
0.366107
0.327473
0.357257
0.295304
0.392657
0.543882
0.350328
0.365458
0.243320
0.417536
0.310565
0.408887
0.312702
0.456353
0.729418
0.565848
0.267684
0.309535
0.252889
0.344834
0.541147
0.513560
0.398206
0.513053
0.418212
0.444194
0.455712
0.409479
0.631882
0.717948
0.533656
0.602018
0.435213
0.449220
0.306997
0.310962
0.360487
0.193709
0.279004
0.467108
0.414914
0.354963
0.252875
0.264815
0.506533
0.258686
0.381753
0.469494
0.297092
0.548100
0.638342
0.406344
0.473740
0.472655
0.396804
0.249444
0.358261
0.358496
0.356042
0.394225
0.362733
0.253994
0.243396
0.313562
0.254589
0.373320
0.347126
0.469449
0.406454
0.501322
0.359456
0.682771
0.352012
0.290554
0.406041
0.415021
0.298584
0.396099
0.496217
0.445235
0.263488
0.277985
0.554484
0.553542
0.345704
0.565263
0.693834
0.474971
0.348416
0.355911
0.369273
0.451593
0.301456
0.283188
0.471198
0.478279
0.397937
0.582201
1.219483
1.279537
0.600412
0.571198
0.424868
0.323185
0.459132
0.333367
0.311935
0.170228
0.616931
0.527011
0.178752
0.460067
0.263297
0.493912
0.405224
0.344412
0.401002
0.337021
0.673565
0.846147
0.508889
0.485346
0.613641
0.250863
0.193411
0.266831
0.376678
0.372881
0.442323
0.392465
0.529394
0.455830
0.297669
0.219795
0.426918
0.631738
0.455773
0.544796
0.788553
0.590904
0.361323
0.405885
0.530886
0.590276
0.544879
0.278012
0.245144
0.254649
0.265656
0.276432
0.441812
0.253875
0.320025
0.499912
0.271354
0.268724
0.296604
0.434582
0.559666
0.594839
0.210855
0.367645
0.463200
0.550950
0.489013
0.517330
0.417183
0.279982
0.417645
0.379733
0.351795
0.312744
0.248483
0.376032
0.387525
0.458352
0.394872
0.662143
0.333055
0.487768
0.318451
0.460669
0.317581
0.481086
0.433188
0.632842
0.651031
0.445015
0.396145
0.327563
0.519356
0.391646
0.404672
0.384428
0.418474
0.425784
0.418669
0.381917
0.295359
0.217084
0.410328
0.368151
0.570579
0.384537
0.398077
0.628301
0.612341
0.455100
0.340419
0.472590
0.453528
0.437949
0.295260
0.423734
0.646544
0.546777
0.341320
0.383480
0.307923
0.405773
0.332832
0.225184
0.457518
0.321355
0.374263
0.420235
0.360712
0.565826
0.673175
0.604287
0.361082
0.331037
0.402884
0.418938
0.739567
0.372687
0.537075
0.345577
0.306088
0.435098
0.315265
0.193860
0.441566
0.367594
0.405025
0.369896
0.396493
0.527247
0.242348
0.404206
0.376585
0.507017
0.327443
0.233043
0.422395
0.263388
0.231569
0.607160
0.523288
0.431903
0.464607
0.446533
0.463501
0.270958
0.404319
0.285652
0.258922
0.283746
0.285312
0.202060
0.242024
0.295955
0.471333
0.297508
0.569891
0.530156
0.564546
0.552786
0.590410
0.547129
0.388868
0.319724
0.496251
0.535833
0.422708
0.319549
0.365510
0.469760
0.304288
0.412163
0.386407
0.388860
0.308921
0.367721
0.470835
0.435755
0.614538
0.357039
0.438941
0.311197
0.314051
0.415101
0.413704
0.416840
0.412079
0.812933
0.628761
0.356923
0.463384
0.359602
0.545572
0.427455
0.310044
0.410221
0.413855
0.327708
0.457420
0.428564
0.228029
0.287542
0.410698
0.447819
0.398809
0.484622
0.347505
0.482583
0.523521
0.612305
0.352116
0.266011
0.261426
0.304593
0.248200
0.435150
0.564612
0.490159
0.355432
0.378446
0.344684
0.519072
0.425559
0.469484
0.148452
0.450494
0.426193
0.375725
0.440171
0.334046
0.544174
0.405896
0.485987
0.660347
0.322891
0.506529
0.341300
0.390082
0.592256
0.588589
0.344692
0.518408
0.491009
0.530274
0.325430
0.330217
0.247383
0.446068
0.387193
0.355630
0.357173
0.429339
0.390266
0.606540
0.621425
0.713483
0.851905
0.425417
0.479475
0.382309
0.422064
0.603913
0.319031
0.475212
0.145938
0.273010
0.498808
0.267397
0.415051
0.392059
0.370977
0.530413
0.468861
0.354406
0.371630
0.334553
0.449230
0.347221
0.324841
0.388285
0.376103
0.240663
0.253188
0.456447
0.215082
0.300123
0.421946
0.470751
0.501212
0.178038
0.304477
0.172865
0.326536
0.235490
0.418707
0.480272
0.905956
0.427202
0.417198
0.333683
0.458945
0.342839
0.387575
0.493100
0.348996
0.244315
0.586607
0.336192
0.419955
0.309425
0.329932
0.313473
0.268984
0.356118
0.360489
0.311595
0.236481
0.325066
0.429315
0.439322
0.412435
0.296687
0.471408
0.395033
0.241923
0.449080
0.442662
0.375629
0.363661
0.309696
0.516150
0.329959
0.477162
0.552169
0.434616
0.525866
0.534266
0.245689
0.337529
0.403281
0.449022
0.420609
0.342433
0.412787
0.568894
0.363674
0.540742
0.350304
0.415904
0.486713
0.403412
0.445303
0.914010
0.332589
0.446261
0.412822
0.425572
0.395697
0.401506
0.395248
0.295296
0.422099
0.254147
0.412372
0.357142
0.497046
0.402397
0.368191
0.455993
0.422332
0.640656
0.494005
0.286488
0.333170
0.304703
0.299617
0.288167
0.223133
0.326792
0.640722
0.298514
0.300175
0.285105
0.261504
0.222593
0.347498
0.128393
0.205796
0.772309
0.262931
0.306196
0.449412
0.412476
0.322932
0.178056
0.383976
0.330618
0.314558
0.285119
0.473092
0.468894
0.259223
0.264809
0.320663
0.502828
0.462105
0.485175
0.401826
0.665573
0.424731
0.482875
0.356015
0.260000
0.291707
0.305182
0.440840
0.269594
0.725350
0.774847
0.643174
0.487472
0.297470
0.673735
0.457539
0.407296
0.691182
0.397144
0.418664
0.307477
0.280701
0.357830
0.520603
0.362615
0.284137
0.386190
0.371471
0.352621
0.288125
0.440504
0.423571
0.390510
0.499783
0.660520
0.276810
0.328344
0.441199
0.425328
0.435356
0.418155
0.507839
0.465557
0.767349
0.334200
0.431926
0.471242
0.267573
0.433769
0.406713
0.546620
0.544442
0.506345
0.311878
0.323203
0.524706
0.301678
0.093353
0.209367
0.449623
0.568270
0.657140
0.784901
0.811117
0.342095
0.356427
0.571959
0.371586
0.318281
0.501402
0.556743
0.501393
0.639135
0.594043
0.305282
0.379321
0.387888
0.341944
0.687641
0.274155
0.445879
0.318069
0.697495
0.340064
0.305059
0.267128
0.180494
0.269120
0.261646
0.441719
0.821636
0.420179
0.669253
0.427641
0.588258
0.568477
0.468959
0.311984
0.240113
0.284828
0.485538
0.484680
0.445029
0.269333
0.319943
0.311822
0.368726
0.410125
0.306862
0.533445
0.730188
0.862239
0.411883
0.380915
0.507564
0.502190
0.432164
0.467358
0.439700
0.302362
0.282927
0.406088
0.300846
0.221888
0.411980
0.537735
0.415874
0.524261
0.311956
0.304346
0.381159
0.487035
0.435194
0.350306
0.612593
0.280055
0.282762
0.415187
0.416572
0.410210
0.633292
0.522649
0.496134
0.369783
0.372780
0.312052
0.313311
0.437885
0.325612
0.421098
0.323704
0.216650
0.226861
0.553579
0.785131
1.267049
0.627262
0.425518
0.303754
0.406232
0.392068
0.386086
0.363389
0.355059
0.314000
0.228898
0.263287
0.189666
0.357299
0.219808
0.348931
0.390302
0.221791
0.285994
0.365094
0.455507
0.474660
0.388561
0.490638
0.444153
0.609660
0.462328
0.599341
0.233024
0.440441
0.384934
0.513040
0.299317
0.580842
0.504569
0.262607
0.515883
0.559931
0.305836
0.456739
0.372556
0.234224
0.313545
0.577070
0.657207
0.748134
0.520677
0.545345
0.204609
0.411546
0.385337
0.436024
0.346688
0.323184
0.347881
0.247923
0.317847
0.490741
0.537348
0.456027
0.419540
0.340340
0.409070
0.305816
0.458962
0.518187
0.400380
0.358279
0.558951
0.274859
0.282049
0.315860
0.272349
0.346391
0.282322
0.471755
0.416888
0.706846
0.452431
0.492469
0.520169
0.223969
0.573775
0.388300
0.517884
0.445670
0.190751
0.339809
0.420462
0.323632
0.206967
0.482421
0.362377
0.300117
0.355179
0.318239
0.257816
0.320150
0.519817
0.276996
0.356175
0.278993
0.558321
0.347546
0.375311
0.295948
0.200050
0.324608
0.367198
0.448606
0.445763
0.356015
0.345802
0.321476
0.302192
0.233985
0.332975
0.584282
0.338281
0.440162
0.380788
0.433040
0.624970
0.542696
0.502626
0.403740
0.512035
0.512986
0.182266
0.390134
0.266924
0.259430
0.273699
0.287944
0.374951
0.328905
0.235787
0.323388
0.285718
0.339874
0.351774
0.419701
0.406219
0.263170
0.346942
0.527688
0.620026
0.616971
0.414358
0.353224
0.418776
0.442084
0.296400
0.421866
0.445144
0.334358
0.611832
0.493284
0.406527
0.633274
0.224197
0.340341
0.352769
0.440965
0.485612
0.313185
0.409416
0.372195
0.558515
0.545682
0.428560
0.204639
0.384958
0.300822
0.409708
0.409454
0.271211
0.480250
0.312536
0.348768
0.562369
0.396695
0.432780
0.466983
0.999500
2.082937
0.231295
0.444054
0.439457
0.594399
0.499313
0.443087
0.584425
0.417007
0.296233
0.328940
0.463976
0.399935
0.535338
0.391307
0.312019
0.569518
0.616900
0.479291
0.530606
0.393189
0.262865
0.599496
0.260597
0.416007
0.332633
0.376718
0.436039
0.366193
0.381284
0.276988
0.404205
0.379832
0.432767
0.526311
0.501501
0.514623
0.454669
0.302123
0.436702
0.406542
0.451162
0.382601
0.416900
0.418299
0.511614
0.323386
0.337916
0.308950
0.366228
0.457335
0.258755
0.448248
0.686260
0.254604
0.386132
0.543310
0.346831
0.314318
0.385987
0.467385
0.300412
0.371043
0.536467
0.226959
0.346071
0.350913
0.540863
0.383874
0.196931
0.304441
0.288158
0.248263
0.276806
0.467760
0.375760
0.490744
0.506392
0.583643
0.586227
0.380412
0.516933
0.456805
0.360671
0.220087
0.257981
0.607226
0.267805
0.200044
0.252969
0.340294
0.340403
0.648935
0.249240
0.363970
0.540840
0.293515
0.453558
0.297499
0.451351
0.274061
0.363662
0.318661
0.395180
0.540721
0.426804
0.417426
0.374993
0.147438
0.500436
0.431503
0.791572
0.688609
0.389683
0.538589
0.430390
0.222156
0.578467
0.408834
0.284694
0.343529
0.272251
0.496871
0.431519
0.477323
0.334989
0.594042
0.338880
0.395419
0.626585
0.483432
0.462146
0.267212
0.357806
0.318631
0.418945
0.459126
0.458914
0.336474
0.380595
0.187932
0.331568
0.265864
0.179911
0.303643
0.212095
0.312435
0.250556
0.366384
0.384072
0.477549
0.355339
0.361148
0.492016
0.383166
0.323292
0.239450
0.312774
0.267225
0.257602
0.376812
0.339656
0.328568
0.332946
0.339832
0.355369
0.293914
0.600307
0.357107
0.545039
0.406979
0.352706
0.300858
0.484541
0.395160
0.289920
0.258561
0.323961
0.386002
0.507922
0.724429
0.637249
0.241979
0.315792
0.368254
0.283134
0.208304
0.267301
0.355411
0.234549
0.249261
0.463219
0.532240
0.582073
0.545112
0.227436
0.486600
0.459623
0.457128
0.338650
0.414025
0.431458
0.229133
0.312404
0.372630
0.352670
0.294882
0.291348
0.634448
0.747099
0.697902
0.254377
0.357526
0.566322
0.300966
0.215067
0.470973
0.434391
0.340368
0.298009
0.355598
0.719656
0.343347
0.343102
0.474318
0.518600
0.532302
0.477972
0.391199
0.329663
0.440908
0.471432
0.376807
0.258179
0.483831
0.378300
0.440829
0.487968
0.210932
0.218913
0.550936
0.579660
0.503042
0.706670
0.360312
0.346745
0.587410
0.559896
0.425838
0.269456
0.340431
0.385378
0.445452
0.512909
0.281789
0.589387
0.415934
0.373665
0.279479
0.289273
0.385181
0.699547
0.330341
0.481722
0.479174
0.484275
0.337863
0.298080
0.328637
0.453808
0.341771
0.365334
0.265861
0.576907
0.315477
0.592758
0.222644
0.293594
0.381413
0.249485
0.680012
0.263885
0.323473
0.330103
0.426015
0.430458
0.480642
0.368934
0.341789
0.290232
0.183745
0.247381
0.368149
0.393588
0.517505
0.367687
0.375672
0.251559
0.559097
0.332864
0.201958
0.259040
0.444485
0.550362
0.428533
0.223101
0.405843
0.418770
0.402073
0.337884
0.730161
0.419640
0.199204
0.225337
0.431499
0.240110
0.420022
0.382284
0.281603
0.241868
0.381658
0.368168
0.317061
0.587781
0.365211
0.299468
0.301800
0.286596
0.211948
0.400950
0.548634
0.437395
0.395715
0.202019
0.332550
0.364437
0.372637
0.267191
0.163264
0.387796
0.438401
0.207296
0.506661
0.621557
0.348460
0.249026
0.273967
0.282654
0.385095
0.473427
0.449359
0.913443
1.586782
0.648338
0.489059
0.657406
0.408224
0.404154
0.342256
0.404816
0.647571
0.312332
0.445827
0.459333
0.507683
0.281671
0.473655
0.379798
0.310827
0.440044
0.388302
0.466797
0.503297
0.332661
0.431925
0.358931
0.714495
0.924178
0.596840
0.334650
0.462337
0.403762
0.350286
0.309000
0.277579
0.829372
0.370856
0.403345
0.267338
0.175336
0.255769
0.344946
0.241024
0.519561
0.494206
0.327279
0.317834
0.721516
0.432923
0.411932
0.360332
0.443085
0.606967
0.609626
0.437632
0.388542
0.263198
0.300221
0.475087
0.515992
0.448213
0.851091
0.742006
0.898775
0.376103
0.274851
0.305625
0.323322
0.275482
0.490673
0.376048
0.438611
0.512375
0.684745
0.354272
0.414450
0.643043
0.390378
0.549025
0.408796
0.416186
0.330914
0.210877
0.233121
0.372742
0.414425
0.312676
0.450474
0.267762
0.577064
0.442831
0.346154
0.511790
0.467830
0.719657
0.254380
0.849367
0.901666
0.423518
0.393069
0.340023
0.452638
0.387803
0.523397
0.699858
0.448084
0.578340
0.348682
0.256461
0.479311
0.389269
0.432370
0.413264
0.415439
0.269249
0.340986
0.343298
0.525435
0.350295
0.229633
0.437375
0.337231
0.574313
0.386071
0.383225
0.449569
0.480038
0.339960
0.357740
0.495981
0.452044
0.345223
0.223279
0.299900
0.339155
0.290843
0.185579
0.212924
0.252656
0.644449
0.659159
0.401779
0.401500
0.366576
0.558938
0.363648
0.250691
0.503609
0.596746
0.249530
0.456725
0.405517
0.565969
0.227397
0.605141
0.609735
0.526929
0.522982
0.404518
0.307483
0.537093
0.334457
0.381599
0.547297
0.372259
0.422873
0.291804
0.281432
0.406817
1.117845
1.068273
0.678817
0.427731
0.408512
0.278233
0.363875
0.417804
0.445833
0.388219
0.380002
0.525650
0.436492
0.439043
0.267478
0.569251
0.687236
0.189455
0.176070
0.248107
0.236982
0.298448
0.326093
0.205546
0.340115
0.424120
0.508277
0.567223
0.635700
0.577868
0.410517
0.373509
0.323837
0.487922
0.364158
0.444112
0.566565
0.676617
0.734531
0.399101
0.486068
0.416396
0.236123
0.438554
0.150938
0.365909
0.447931
0.384545
0.337740
0.330718
0.494292
0.290370
0.335140
0.588026
0.496751
0.444690
0.330820
0.564400
0.325170
0.406545
0.323804
0.460855
0.556623
0.749625
0.786983
0.811706
0.290919
0.221697
0.333634
0.294623
0.386672
0.486738
0.518468
0.360439
0.299469
0.344806
0.329628
0.210153
0.248334
0.210606
0.294061
0.366155
0.191605
0.573600
0.391224
0.457786
0.385488
0.539548
0.442969
0.415355
0.447305
0.436689
0.256328
0.389867
0.387530
0.509964
0.331902
0.494579
0.297337
0.377274
0.366550
0.389815
0.301712
0.406892
0.712029
0.737534
0.418497
0.477835
0.407076
0.511414
0.352643
0.598646
0.539575
0.795405
0.567195
0.658070
0.406589
0.549150
