2.357888
2.293528
2.219476
2.270777
2.231930
2.231580
2.260170
2.224368
2.232994
2.238976
2.223131
2.241925
2.253646
2.248616
2.260354
2.265443
2.275231
2.280974
2.284561
2.291979
2.290746
2.292138
2.293639
2.294060
2.298569
2.294571
2.298469
2.299565
2.300424
2.300972
2.299474
2.301031
2.301087
2.299419
2.301476
2.300044
2.301312
2.300814
2.298407
2.301247
2.304154
2.302350
2.302850
2.303034
2.303973
2.301966
2.302151
2.302266
2.301064
2.301215
2.300120
2.300996
2.302001
2.301286
2.303771
2.301192
2.303269
2.303212
2.301265
2.303549
2.301786
2.302118
2.303043
2.304259
2.301749
2.301309
2.302624
2.302696
2.302746
2.303919
2.302865
2.303746
2.302638
2.303310
2.302522
2.302653
2.302254
2.302740
2.303040
2.303164
2.302346
2.302603
2.301766
2.303061
2.302758
2.301491
2.303381
2.302226
2.302186
2.302212
2.302130
2.302227
2.302342
2.302515
2.302482
2.302449
2.301944
2.302302
2.302639
2.302382
2.302889
2.302738
2.302263
2.302674
2.302326
2.302354
2.302555
2.302573
2.302403
2.302841
2.302584
2.302329
2.302415
2.302374
2.302685
2.302695
2.302538
2.302481
2.302643
2.302362
2.302303
2.302544
2.302621
2.302486
2.302435
2.302058
2.302337
2.302516
2.302660
2.302764
2.302223
2.302435
2.302353
2.302542
2.302377
2.302454
2.302725
2.302506
2.302542
2.302276
2.302554
2.302643
2.302839
2.302458
2.301952
2.302379
2.302371
2.302120
2.302800
2.302338
2.302235
2.302253
2.302505
2.302437
2.302946
2.302227
2.302175
2.302519
2.302281
2.302414
2.302283
2.302271
2.302215
2.300501
2.302547
2.302922
2.302372
2.302327
2.302485
2.302741
2.302653
2.302547
2.302423
2.302282
2.302593
2.302482
2.302340
2.302266
2.302304
2.302188
2.302307
2.302643
2.302607
2.302604
2.302589
2.302635
2.302623
2.302215
2.302519
2.302431
2.302534
2.302371
2.302477
2.302288
2.302381
2.302480
2.302323
2.302529
2.302649
2.302660
2.302557
2.302512
2.302615
2.302436
2.302482
2.302706
2.302026
2.302572
2.302672
2.302445
2.302517
2.302682
2.302603
2.302508
2.302355
2.302334
2.302647
2.302360
2.302503
2.302510
2.302569
2.303011
2.302299
2.302257
2.302267
2.302890
2.302532
2.302387
2.302227
2.302408
2.302527
2.302363
2.302697
2.302495
2.302284
2.302212
2.302672
2.302601
2.302478
2.302279
2.302629
2.302815
2.302350
2.302448
2.302246
2.302561
2.302651
2.302409
2.302520
2.302428
2.302500
2.302532
2.302553
2.302493
2.302424
2.302237
2.302584
2.302674
2.302777
2.302297
2.302767
2.302435
2.302180
2.302572
2.302185
2.302320
2.302139
2.302304
2.302394
2.302765
2.302488
2.302386
2.302579
2.302344
2.302726
2.302771
2.302489
2.302303
2.302811
2.302446
2.302626
2.302608
2.302342
2.300599
2.302488
2.302685
2.302707
2.302525
2.302644
2.302499
2.302726
2.302533
2.302475
2.302663
2.302520
2.302289
2.302214
2.302624
2.302461
2.302260
2.302356
2.302500
2.302497
2.302771
2.302454
2.302552
2.302443
2.302441
2.302113
2.302460
2.302793
2.302512
2.302518
2.302518
2.302579
2.302341
2.302675
2.302727
2.302541
2.302580
2.302236
2.302552
2.302701
2.302502
2.302562
2.302461
2.302642
2.302785
2.302608
2.302453
2.302310
2.302360
2.302308
2.302207
2.302640
2.302456
2.302668
2.302468
2.302434
2.301934
2.302371
2.302508
2.302379
2.302304
2.302563
2.302588
2.302524
2.302385
2.302650
2.302414
2.302625
2.302502
2.302572
2.302439
2.302859
2.302469
2.302370
2.302337
2.302492
2.302478
2.302452
2.302329
2.302234
2.302541
2.302574
2.302372
2.302626
2.302420
2.302385
2.302348
2.302626
2.302571
2.302658
2.302481
2.302403
2.302422
2.302525
2.302618
2.302603
2.302730
2.302363
2.302472
2.302537
2.302477
2.302652
2.302751
2.302375
2.302448
2.302487
2.302574
2.302161
2.302540
2.302477
2.302598
2.302425
2.302765
2.300767
2.302508
2.302841
2.302424
2.302342
2.302440
2.302536
2.302540
2.302626
2.302333
2.302405
2.302680
2.302394
2.302426
2.302457
2.302338
2.302463
2.302542
2.302711
2.302520
2.302538
2.302549
2.302356
2.302317
2.302545
2.302248
2.301999
2.302530
2.302389
2.302310
2.302346
2.302646
2.302534
2.302015
2.302695
2.302367
2.302608
2.302440
2.302460
2.302591
2.302383
2.302940
2.302556
2.302671
2.302494
2.302419
2.302326
2.302207
2.302243
2.302397
2.302420
2.302480
2.302434
2.302144
2.302308
2.302002
2.302158
2.302387
2.302632
2.302689
2.302589
2.302625
2.302334
2.302705
2.302624
2.302519
2.302354
2.302236
2.302372
2.302274
2.302702
2.302545
2.302614
2.302537
2.302410
2.302740
2.302520
2.302383
2.302603
2.302087
2.302544
2.302378
2.302717
2.302348
2.302497
2.302542
2.302423
2.302355
2.302008
2.302342
2.302671
2.302480
2.302340
2.302373
2.302298
2.302448
2.302277
2.302288
2.302549
2.302279
2.302634
2.302520
2.302514
2.302671
2.302351
2.302237
2.302788
2.302599
2.302454
2.302319
2.302560
2.302612
2.302463
2.302632
2.302395
2.302631
2.301678
2.302533
2.302485
2.302578
2.302625
2.302469
2.302453
2.302376
2.302646
2.302599
2.302723
2.302551
2.302543
2.302487
2.302695
2.302672
2.302247
2.302241
2.302335
2.302671
2.302427
2.302659
2.302455
2.302545
2.302865
2.302497
2.302338
2.302668
2.302876
2.302694
2.302360
2.302603
2.302681
2.302614
2.302474
2.302526
2.302745
2.302389
2.302756
2.302372
2.302537
2.302278
2.302544
2.302359
2.302276
2.303106
2.302357
2.302749
2.302408
2.302347
2.302382
2.302442
2.302271
2.302454
2.302469
2.302726
2.302270
2.302460
2.302353
2.302468
2.302403
2.302748
2.302330
2.302391
2.302471
2.302639
2.302508
2.302547
2.302378
2.302520
2.302375
2.302555
2.302401
2.302548
2.302379
2.302608
2.302569
2.302637
2.302689
2.302796
2.302557
2.302965
2.302525
2.302831
2.302177
2.302540
2.302809
2.303238
2.302312
2.302340
2.302319
2.302423
2.302614
2.302384
2.302704
2.302422
2.302161
2.302372
2.302643
2.302450
2.302518
2.302340
2.302577
2.302341
2.298625
2.302706
2.302290
2.302236
2.302417
2.302606
2.302448
2.302502
2.302115
2.302188
2.301927
2.302374
2.301954
2.302362
2.301572
2.302301
2.302135
2.302411
2.302739
2.302539
2.302295
2.302561
2.302418
2.302489
2.302568
2.302619
2.302355
2.302420
2.302251
2.302426
2.302516
2.302603
2.302584
2.302515
2.302434
2.302433
2.302192
2.302540
2.302315
2.302236
2.302395
2.302502
2.302479
2.302494
2.302584
2.302391
2.302531
2.302474
2.302538
2.302510
2.302594
2.302411
2.302388
2.302308
2.302374
2.302358
2.302565
2.302235
2.302710
2.302411
2.302824
2.302863
2.302048
2.302461
2.302133
2.302553
2.302463
2.303121
2.302552
2.302608
2.302353
2.302278
2.302248
2.302555
2.302793
2.302382
2.302329
2.302396
2.302633
2.302432
2.302577
2.302824
2.302510
2.302604
2.302567
2.302604
2.302615
2.302511
2.302422
2.302611
2.302834
2.302526
2.302743
2.302433
2.302386
2.302374
2.302407
2.302571
2.302478
2.302373
2.302580
2.302570
2.302415
2.302479
2.302432
2.302442
2.302233
2.302387
2.302222
2.302284
2.302560
2.302617
2.302367
2.302596
2.302426
2.302336
2.302155
2.302486
2.302257
2.302513
2.302371
2.302021
2.302450
2.302510
2.302355
2.302243
2.302460
2.302390
2.302601
2.302504
2.302597
2.302658
2.302600
2.302664
2.302637
2.302720
2.302727
2.302464
2.302380
2.302842
2.302694
2.302698
2.302188
2.302599
2.302629
2.302410
2.302573
2.302572
2.302537
2.302502
2.302474
2.302652
2.302362
2.302529
2.302767
2.302435
2.302459
2.302249
2.302663
2.302718
2.302585
2.303102
2.302674
2.302415
2.302221
2.302616
2.302312
2.302062
2.302606
2.302555
2.302423
2.302133
2.302554
2.302651
2.302511
2.302806
2.302454
2.302419
2.302021
2.302578
2.302446
2.302370
2.302106
2.302553
2.302702
2.302443
2.302558
2.302582
2.302923
2.302425
2.302174
2.302415
2.302396
2.302557
2.302303
2.302610
2.302528
2.302667
2.302380
2.302533
2.302389
2.302337
2.302350
2.302411
2.302481
2.302745
2.302696
2.302512
2.302505
2.300092
2.302187
2.302554
2.302597
2.302874
2.302512
2.302572
2.302491
2.302328
2.302423
2.302325
2.302440
2.302454
2.302341
2.302534
2.302699
2.302630
2.302608
2.302268
2.302626
2.302761
2.302681
2.302368
2.301989
2.302370
2.302375
2.302476
2.302626
2.302322
2.302492
2.302532
2.302288
2.302534
2.302118
2.302548
2.302151
2.302351
2.302346
2.302502
2.302281
2.302611
2.302428
2.302637
2.302738
2.302716
2.302536
2.302531
2.302270
2.302213
2.302585
2.302379
2.302461
2.302594
2.302354
2.302434
2.302363
2.302216
2.302380
2.302766
2.302542
2.302207
2.302577
2.302528
2.302309
2.302496
2.302196
2.302631
2.302577
2.302814
2.302649
2.302586
2.302611
2.302418
2.302722
2.302592
2.302316
2.302388
2.302609
2.302489
2.302674
2.302436
2.302351
2.302380
2.302500
2.302259
2.302174
2.302550
2.302571
2.302524
2.302581
2.302176
2.302508
2.302377
2.302617
2.302500
2.302573
2.302494
2.302431
2.302371
2.302658
2.302401
2.302421
2.302484
2.302439
2.302348
2.301985
2.300992
2.301593
2.302330
2.302460
2.302336
2.302606
2.302613
2.302271
2.302500
2.302624
2.302424
2.302539
2.302409
2.302482
2.302529
2.302305
2.302607
2.302773
2.302428
2.302339
2.302397
2.302795
2.302562
2.302503
2.302571
2.302506
2.302466
2.302606
2.302710
2.302978
2.302616
2.302687
2.302455
2.302362
2.302430
2.302480
2.302533
2.302310
2.302673
2.302510
2.302582
2.302467
2.302526
2.302676
2.302618
2.302614
2.302866
2.302512
2.302493
2.302483
2.302321
2.302632
2.302731
2.302333
2.302443
2.302618
2.302048
2.302569
2.302494
2.302769
2.302608
2.302310
2.302680
2.302748
2.302355
2.302314
2.302539
2.302467
2.302454
2.302482
2.302260
2.302625
2.302636
2.302444
2.302493
2.302175
2.302590
2.302404
2.302344
2.302540
2.302129
2.302321
2.302224
2.302660
2.302518
2.302429
2.302422
2.302264
2.302458
2.302560
2.302479
2.302394
2.302426
2.302432
2.302455
2.302664
2.302231
2.301125
2.302859
2.302895
2.302663
2.302711
2.302497
2.302713
2.302511
2.302264
2.302651
2.302442
2.302780
2.302533
2.302567
2.302555
2.302551
2.302454
2.302659
2.302608
2.302508
2.302594
2.302105
2.302343
2.302743
2.302888
2.302642
2.302728
2.302584
2.302593
2.302371
2.302502
2.302699
2.302373
2.302358
2.302424
2.302507
2.302508
2.302578
2.302688
2.302166
2.302388
2.302630
2.302460
2.302439
2.302542
2.302548
2.302536
2.302404
2.302503
2.302445
2.302588
2.302553
2.302678
2.302473
2.302615
2.302434
2.302277
2.302293
2.302630
2.302578
2.302396
2.302470
2.302478
2.302438
2.302568
2.302459
2.302397
2.302357
2.302220
2.302576
2.302437
2.302508
2.302612
2.302547
2.302516
2.302278
2.302373
2.302427
2.302528
2.302637
2.302627
2.302696
2.302529
2.302287
2.302524
2.302400
2.302778
2.302617
2.302692
2.302409
2.302355
2.302732
2.302349
2.302499
2.302433
2.302555
2.302402
2.302917
2.302567
2.302237
2.302337
2.302605
2.302339
2.302244
2.302524
2.302263
2.302568
2.302365
2.302751
2.302374
2.302642
2.302099
2.302493
2.302414
2.302485
2.302369
2.302416
2.302198
2.302710
2.302495
2.302750
2.302397
2.303182
2.302703
2.302557
2.302401
2.302286
2.302698
2.302278
2.302431
2.302583
2.302495
2.302342
2.302477
2.302516
2.301932
2.302225
2.302416
2.302760
2.302513
2.302504
2.302265
2.302629
2.302495
2.302542
2.302593
2.302423
2.302751
2.302593
2.302405
2.302528
2.302297
2.302626
2.302336
2.302355
2.302543
2.302360
2.302624
2.302454
2.302334
2.302533
2.302517
2.302310
2.302647
2.302615
2.302471
2.302596
2.302217
2.302426
2.302606
2.302735
2.302597
2.302572
2.302361
2.302416
2.302667
2.302593
2.302537
2.302339
2.302288
2.302447
2.302379
2.302391
2.302327
2.302040
2.302592
2.303007
2.302692
2.302497
2.302692
2.302508
2.302655
2.302571
2.302485
2.302386
2.302400
2.302242
2.302930
2.302486
2.302632
2.302481
2.302078
2.302333
2.302516
2.302584
2.302488
2.299576
2.302100
2.302007
2.302833
2.302637
2.302381
2.302457
2.302425
2.302415
2.302409
2.302420
2.302742
2.302561
2.302639
2.302463
2.302501
2.302615
2.302491
2.302505
2.302311
2.302308
2.302493
2.302373
2.302505
2.302364
2.302379
2.302544
2.302707
2.302679
2.302749
2.302656
2.302337
2.302642
2.302553
2.302486
2.302472
2.302526
2.302375
2.302467
2.302250
2.302568
2.302338
2.302476
2.302538
2.302414
2.302662
2.302622
2.302404
2.302613
2.302668
2.302521
2.302644
2.302607
2.302604
2.302546
2.302495
2.302838
2.302643
2.302497
2.302378
2.302261
2.302219
2.302350
2.302355
2.302234
2.302610
2.302645
2.302464
2.302557
2.302452
2.302169
2.302394
2.302942
2.302416
2.302489
2.302548
2.302374
2.302629
2.302783
2.302317
2.302696
2.302334
2.302370
2.302612
2.302548
2.302433
2.302505
2.302357
2.302429
2.302446
2.300615
2.302337
2.302413
2.302312
2.302460
2.302283
2.302407
2.302333
2.302562
2.302465
2.302513
2.302389
2.302190
2.302690
2.302440
2.302523
2.302362
2.302460
2.302287
2.302275
2.302010
2.302876
2.302645
2.302437
2.302455
2.302349
2.302366
2.302017
2.302663
2.302290
2.302459
2.302600
2.302332
2.302621
2.302667
2.302471
2.302542
2.302284
2.302552
2.302374
2.302569
2.302702
2.302733
2.302814
2.302526
2.302602
2.302427
2.302379
2.302485
2.302437
2.302595
2.302095
2.302835
2.302534
2.302390
2.302578
2.302552
2.302317
2.302635
2.302265
2.302610
2.302408
2.302328
2.302429
2.302421
2.302387
2.302283
2.302453
2.302467
2.302581
2.302403
2.302525
2.302350
2.302387
2.302461
2.302578
2.302716
2.302714
2.302657
2.302488
2.302709
2.302490
2.302392
2.302522
2.302372
2.302463
2.302255
2.302333
2.302622
2.302673
2.302579
2.302661
2.302272
2.302098
2.302519
2.302351
2.302387
2.302469
2.302618
2.302419
2.302544
2.302376
2.302512
2.302745
2.302482
2.302474
2.302504
2.302577
2.302493
2.302525
2.302630
2.302462
2.302351
2.302279
2.302330
2.302554
2.302763
2.302592
2.302591
2.302584
2.302571
2.302465
2.302771
2.302131
2.302276
2.302449
2.302470
2.302398
2.302403
2.302494
2.302642
2.302424
2.302521
2.302597
2.302620
2.302439
2.302396
2.302667
2.302311
2.302433
2.302548
2.302600
2.302510
2.302475
2.302584
2.302294
2.302333
2.302590
2.302536
2.302654
2.302511
2.302580
2.302680
2.302590
2.302589
2.302459
2.302823
2.302416
2.302069
2.302271
2.303413
2.302620
2.302681
2.302640
2.302697
2.302566
2.302416
2.302495
2.302602
2.302909
2.302642
2.302336
2.302929
2.302703
2.302779
2.302480
2.302367
2.302335
2.302630
2.302432
2.302280
2.302586
2.302691
2.302482
2.302588
2.302674
2.302322
2.302537
2.302496
2.302532
2.302530
2.302513
2.302580
2.302488
2.301345
2.302703
2.302145
2.302367
2.302733
2.302622
2.302609
2.302377
2.302400
2.302499
2.302212
2.302539
2.302593
2.302515
2.302412
2.302691
2.302323
2.302607
2.302388
2.302525
2.302490
2.302306
2.302455
2.302470
2.302515
2.302572
2.302457
2.302109
2.302421
2.302338
2.302243
2.302396
2.302336
2.302374
2.302352
2.302511
2.302710
2.302402
2.302393
2.302566
2.302498
2.302577
2.302461
2.302293
2.302508
2.302267
2.302593
2.302488
2.302552
2.302373
2.302520
2.302557
2.302644
2.302428
2.302516
2.302468
2.302219
2.302695
2.302530
2.302430
2.302079
2.302504
2.302456
2.302405
2.302475
2.302329
2.302382
2.302905
2.302586
2.302530
2.302443
2.302365
2.302297
2.302119
2.302646
2.302645
2.302539
2.302572
2.302477
2.302402
2.302228
2.302398
2.302410
2.302515
2.302381
2.302596
2.302192
2.302277
2.302320
2.302558
2.302557
2.302560
2.302460
2.302408
2.302518
2.302668
2.302353
2.302498
2.302480
2.302624
2.302474
2.300696
2.302454
2.302510
2.302303
2.302449
2.302193
2.302527
2.302603
2.302430
2.302478
2.302656
2.302309
2.302412
2.302588
2.302898
2.302627
2.302563
2.302592
2.302145
2.302454
2.302713
2.302577
2.302394
2.302623
2.302485
2.302423
2.302351
2.302693
2.302946
2.302553
2.302441
2.302409
2.302580
2.302809
2.302595
2.302315
2.302212
2.302265
2.302449
2.302763
2.302116
2.302445
2.302277
2.302576
2.302358
2.302635
2.302489
2.302524
2.302680
2.302236
2.302524
2.302665
2.302694
2.302856
2.302520
2.302301
2.302558
2.302640
2.302638
2.302465
2.302464
2.302801
2.302247
2.302297
2.302429
2.302320
2.302649
2.302473
2.302594
2.302871
2.302564
2.302469
2.302499
2.302850
2.302525
2.302390
2.302423
2.302499
2.302349
2.302306
2.302372
2.302527
2.302492
2.302021
2.302430
2.302351
2.302746
2.302774
2.302495
2.302531
2.302376
2.302469
2.302486
2.302491
2.302570
2.302462
2.302524
2.299800
2.302473
2.302444
2.302412
2.302633
2.302374
2.302485
2.302748
2.302523
2.302714
2.302555
2.302501
2.302306
2.302388
2.302704
2.302246
2.302593
2.302727
2.302615
2.302708
2.302504
2.302588
2.302474
2.302450
2.302368
2.302552
2.302562
2.302493
2.302599
2.302492
2.302603
2.302436
2.302522
2.302273
2.302193
2.302565
2.302635
2.302648
2.302967
2.302455
2.302386
2.302019
2.302737
2.302535
2.302640
2.302542
2.302473
2.302509
2.302373
2.302227
2.302632
2.302453
2.302470
2.302411
2.302432
2.302341
2.302292
2.302391
2.302419
2.302406
2.302635
2.302697
2.302632
2.302555
2.302421
2.302739
2.302267
2.302674
2.302713
2.302374
2.302377
2.302528
2.302316
2.302625
2.302448
2.302462
2.302781
2.302589
2.302395
2.302565
2.302544
2.302479
2.302577
2.302456
2.302391
2.302633
2.302508
2.302420
2.300604
2.302469
2.302304
2.302444
2.302660
2.302390
2.302489
2.302476
2.302445
2.302381
2.302582
2.302563
2.302504
2.302290
2.302565
2.302145
2.302489
2.302367
2.302734
2.302362
2.302589
2.302334
2.302573
2.302454
2.302521
2.302547
2.302454
2.302463
2.302705
2.302394
2.302378
2.302359
2.302649
2.302002
2.302432
2.302376
2.302454
2.302350
2.302605
2.302474
2.302443
2.302789
2.302518
2.302354
2.302239
2.302793
2.302284
2.302419
2.302222
2.302529
2.302116
2.302366
2.302038
2.302191
2.302287
2.302515
2.302292
2.302848
2.302624
2.302480
2.302449
2.302531
2.302733
2.302631
2.302586
2.302431
2.302401
2.302565
2.302712
2.302663
2.302618
2.302456
2.302334
2.302362
2.302265
2.302335
2.302490
2.302414
2.302470
2.302428
2.302470
2.302678
2.302291
2.302198
2.302369
2.302530
2.302556
2.302656
2.302469
2.302506
2.302439
2.302563
2.302478
2.302272
2.300304
2.301881
2.302699
2.302444
2.302291
2.302459
2.302682
2.302555
2.302490
2.302591
2.302505
2.302407
2.302592
2.302416
2.302452
2.302488
2.302629
2.302920
2.302673
2.302430
2.302405
2.302373
2.302663
2.302267
2.302638
2.302590
2.302484
2.302327
2.302505
2.302713
2.302492
2.302534
2.302570
2.302575
2.302677
2.302442
2.302265
2.302679
2.302244
2.302363
2.302501
2.302327
2.302509
2.302537
2.302545
2.302325
2.302504
2.302692
2.302620
2.302296
2.302543
2.302899
2.302675
2.302870
2.302638
2.302569
2.302606
2.302535
2.302559
2.302520
2.302599
2.302315
2.302528
2.302236
2.302359
2.302369
2.302570
2.302464
2.302556
2.302715
2.302784
2.302409
2.302354
2.302639
2.302740
2.302268
2.302417
2.302382
2.302450
2.301858
2.301953
2.302632
2.302350
2.302334
2.302457
2.302689
2.302349
2.302526
2.302394
2.302501
2.302678
2.302589
2.302367
2.302421
2.302711
2.302325
2.302205
2.302647
2.302361
2.302312
2.302308
2.302353
2.302258
2.302296
2.302647
2.302498
2.302490
2.302534
2.302563
2.302631
2.302568
2.302381
2.302362
2.302526
2.302567
2.302787
2.302524
2.302603
2.302561
2.302348
2.302459
2.302335
2.302537
2.302542
2.302618
2.302382
2.302152
2.302346
2.302486
2.302620
2.302747
2.302312
2.302688
2.302411
2.302313
2.302536
2.302568
2.302271
2.302530
2.302621
2.302559
2.302248
2.302476
2.302494
2.302323
2.302540
2.302518
2.302618
2.302531
2.302528
2.302488
2.302583
2.302619
2.302566
2.302749
2.302681
2.302465
2.302563
2.302337
2.302413
2.302470
2.302424
2.302487
2.302360
2.302236
2.302763
2.302020
2.302617
2.302518
2.302649
2.302244
2.302553
2.302510
2.302509
2.302526
2.302479
2.302848
2.301211
2.302436
2.302854
2.302769
2.302739
2.302598
2.302541
2.302520
2.302579
2.302379
2.302381
2.302395
2.302511
2.302642
2.302433
2.302576
2.302504
2.302524
2.302619
2.302681
2.302376
2.302474
2.302615
2.302495
2.302404
2.302173
2.302280
2.302441
2.302474
2.302483
2.302556
2.302570
2.302639
2.302565
2.302340
2.302453
2.302392
2.302727
2.302654
2.302422
2.302302
2.302575
2.302637
2.302534
2.302243
2.302415
2.302512
2.302166
2.302285
2.302949
2.302818
2.302508
2.302492
2.302155
2.302618
2.302298
2.302399
2.302682
2.302700
2.302640
2.302565
2.302249
2.302398
2.302624
2.302602
2.302376
2.302429
2.302153
2.302424
2.302365
2.302396
2.302546
2.302434
2.302319
2.302785
2.302566
2.302492
2.302481
2.302626
2.302423
2.302281
2.302384
2.302149
2.302378
2.302672
2.302495
2.302518
2.302684
2.302550
2.302487
2.302414
2.299035
2.302049
2.302338
2.302490
2.302539
2.302414
2.302217
2.302439
2.302336
2.302643
2.302520
2.302432
2.301887
2.302477
2.302919
2.302479
2.302735
2.302600
2.302532
2.302489
2.302349
2.302130
2.302438
2.302395
2.302573
2.302336
2.302570
2.302486
2.302691
2.302532
2.302670
2.302499
2.302659
2.302389
2.302542
2.302827
2.302552
2.302416
2.302445
2.302502
2.302276
2.302237
2.302369
2.302195
2.302574
2.302595
2.302763
2.302644
2.302683
2.302762
2.302511
2.302751
2.302609
2.302617
2.302425
2.302451
2.302327
2.302494
2.302334
2.302478
2.302278
2.302549
2.302485
2.302722
2.302474
2.302426
2.302373
2.302593
2.302585
2.302810
2.302621
2.302725
2.302483
2.302865
2.302444
2.302577
2.302402
2.302702
2.302338
2.302520
2.302419
2.302489
2.302566
2.302599
2.302588
2.302524
2.302596
2.302771
2.302603
2.302506
2.302495
2.302516
2.302452
2.302259
2.302553
2.302508
2.300209
2.302736
2.302116
2.302382
2.302675
2.302334
2.302589
2.302458
2.302533
2.302410
2.302280
2.302376
2.302496
2.302557
2.302787
2.302297
2.302744
2.302613
2.302335
2.302333
2.302681
2.302366
2.302491
2.302660
2.302613
2.302402
2.302503
2.302536
2.302172
2.302502
2.302615
2.302462
2.302751
2.302544
2.302826
2.302408
2.302477
2.302535
2.302605
2.302520
2.302589
2.302583
2.302418
2.302495
2.302326
2.302595
2.302609
2.302382
2.302643
2.302495
2.302398
2.302446
2.302653
2.302476
2.302565
2.302635
2.302772
2.302554
2.302523
2.302487
2.302756
2.302747
2.302605
2.302623
2.302234
2.302063
2.302636
2.302630
2.302518
2.302361
2.302362
2.302149
2.302476
2.302467
2.302630
2.302397
2.302511
2.302379
2.302453
2.302460
2.302445
2.302195
2.302614
2.302371
2.302570
2.302479
2.301000
2.302433
2.302621
2.302484
2.302238
2.302498
2.302516
2.302728
2.302499
2.302364
2.302610
2.302248
2.302606
2.302376
2.302784
2.302284
2.302455
2.302889
2.302626
2.302441
2.302082
2.302533
2.302467
2.302407
2.302448
2.302317
2.302460
2.302417
2.302651
2.302627
2.302437
2.302633
2.302636
2.302365
2.302588
2.302283
2.302621
2.302598
2.302188
2.302552
2.302602
2.302648
2.302350
2.302316
2.302505
2.302342
2.302424
2.302268
2.302367
2.302519
2.302117
2.302524
2.302705
2.302459
2.302391
2.302697
2.302619
2.302665
2.302318
2.302860
2.302485
2.302632
2.302471
2.302687
2.302568
2.302365
2.302204
2.302413
2.302476
2.302161
2.302586
2.302407
2.302474
2.302436
2.302369
2.302687
2.302573
2.302383
2.302495
2.302730
2.302409
2.302187
2.302630
2.302726
2.302512
2.302649
2.302372
2.302454
2.302397
2.302330
2.302570
2.302399
2.302475
2.302431
2.302562
2.301230
2.302056
2.302119
2.302513
2.302347
2.302573
2.302507
2.302496
2.302293
2.302713
2.302544
2.302462
2.302454
2.302428
2.302505
2.302646
2.302536
2.302323
2.302468
2.302419
2.302528
2.302488
2.302621
2.302637
2.302463
2.302474
2.302355
2.302713
2.302311
2.302704
2.302732
2.302355
2.302582
2.302379
2.302454
2.302226
2.302154
2.302521
2.302419
2.302360
2.302522
2.302555
2.302545
2.302388
2.302861
2.302454
2.302555
2.302658
2.302344
2.302575
2.302940
2.302724
2.302373
2.302435
2.302608
2.302379
2.302582
2.302714
2.302422
2.302580
2.302643
2.302400
2.302485
2.302479
2.302577
2.302413
2.302536
2.302494
2.302499
2.302603
2.302411
2.302659
2.302893
2.302591
2.302209
2.302541
2.302517
2.302520
2.302616
2.302269
2.302442
2.302430
2.302583
2.302944
2.302480
2.302689
2.302471
2.300148
2.302771
2.302340
2.302466
2.302454
2.302603
2.302784
2.302430
2.302447
2.302519
2.302191
2.302423
2.302431
2.302506
2.302592
2.302726
2.302497
2.302821
2.302602
2.302456
2.302531
2.302402
2.302484
2.302373
2.302381
2.302370
2.302237
2.302572
2.302477
2.302490
2.302667
2.302283
2.302570
2.302689
2.302311
2.302635
2.302516
2.302644
2.302522
2.302696
2.302455
2.302588
2.302340
2.302405
2.302761
2.302629
2.302494
2.302204
2.302700
2.302500
2.302711
2.302337
2.302419
2.302390
2.302365
2.302516
2.302361
2.302194
2.302519
2.302156
2.302491
2.302388
2.302554
2.302464
2.302463
2.302397
2.302637
2.302595
2.302832
2.302413
2.302394
2.302270
2.302697
2.302659
2.302411
2.302649
2.302427
2.302506
2.302556
2.302404
2.302762
2.302592
2.302201
2.302230
2.302465
2.302514
2.302411
2.302463
2.302528
2.302188
2.302344
2.302715
2.302533
2.302492
2.302427
2.302316
2.302680
2.302631
2.302371
2.302375
2.302375
2.302551
2.302701
2.302410
2.302317
2.302536
2.302386
2.302685
2.302398
2.302510
2.302428
2.302336
2.302542
2.302522
2.302484
2.302450
2.302747
2.302593
2.302350
2.302545
2.302509
2.302301
2.302181
2.302453
2.302425
2.302571
2.302360
2.302392
2.302628
2.302455
2.302516
2.302478
2.302391
2.302337
2.302421
2.302506
2.302596
2.302492
2.302438
2.302807
2.302312
2.302553
2.302594
2.302371
2.302400
2.302527
2.302354
2.302559
2.302531
2.302581
2.302392
2.302478
2.302394
2.302441
2.302516
2.302379
2.302393
2.302582
2.302634
2.302492
2.302671
2.302652
2.302588
2.302591
2.302732
2.302493
2.302348
2.302586
2.302535
2.302437
2.302463
2.302647
2.302532
2.302610
2.302549
2.302468
2.302536
2.302648
2.302466
2.301522
2.302481
2.302494
2.302629
2.302379
2.302408
2.302648
2.302722
2.302524
2.302333
2.302229
2.302565
2.302495
2.302483
2.302385
2.302363
2.302589
2.302649
2.302551
2.302450
2.302491
2.302354
2.302517
2.302724
2.302485
2.302467
2.302607
2.302646
2.302495
2.302464
2.302437
2.302531
2.302615
2.302586
2.302683
2.302565
2.302524
2.302243
2.302837
2.302351
2.302408
2.302416
2.302367
2.302441
2.302175
2.302541
2.302448
2.302560
2.302465
2.302753
2.302539
2.302230
2.302585
2.302535
2.302711
2.302563
2.302520
2.302389
2.302545
2.302751
2.302497
2.302381
2.302439
2.302390
2.302790
2.302585
2.302491
2.302624
2.302281
2.302665
2.302609
2.302381
2.302729
2.302510
2.302524
2.302619
2.302516
2.302549
2.302417
2.302251
2.302731
2.302152
2.302223
2.302739
2.302657
2.302431
2.302510
2.302385
2.302234
2.302484
2.302454
2.300677
2.302396
2.302728
2.302587
2.302593
2.302475
2.302709
2.303010
2.302445
2.302492
2.302422
2.302455
2.302586
2.302362
2.302294
2.302519
2.302428
2.302635
2.302488
2.302496
2.302516
2.302403
2.302509
2.302490
2.302191
2.302282
2.302510
2.302752
2.302502
2.302499
2.302763
2.302438
2.302562
2.302267
2.302506
2.302652
2.302649
2.302589
2.302560
2.302359
2.302870
2.302574
2.302695
2.302856
2.302634
2.302397
2.302446
2.302485
2.302431
2.302507
2.302507
2.302653
2.302464
2.302592
2.302682
2.302261
2.302495
2.302461
2.302408
2.302345
2.302441
2.302461
2.302569
2.302597
2.302465
2.302365
2.302704
2.302583
2.302593
2.302520
2.302406
2.302542
2.302719
2.302371
2.302475
2.302392
2.302394
2.302379
2.302385
2.302279
2.302795
2.302372
2.302219
2.302583
2.302526
2.302560
2.302577
2.302628
2.302449
2.302420
2.302709
2.302634
2.302442
2.302457
2.302723
2.302290
2.302357
2.302511
2.302372
2.302284
2.302240
2.302397
2.302506
2.302604
2.302462
2.302568
2.302641
2.302328
2.302559
2.302555
2.302569
2.302566
2.302474
2.302525
2.302336
2.302483
2.302432
2.302534
2.302303
2.302524
2.302508
2.302683
2.302418
2.302502
2.302542
2.302538
2.302408
2.302722
2.302304
2.302524
2.302458
2.302481
2.302465
2.302500
2.302399
2.302397
2.302507
2.302587
2.302518
2.302633
2.302439
2.302309
2.302583
2.302277
2.302463
2.302723
2.302435
2.302520
2.302518
2.302509
2.302714
2.302487
2.302513
2.302805
2.302559
2.302630
2.302472
2.302523
2.302435
2.302366
2.302325
2.302513
2.302547
2.302289
2.302474
2.302576
2.302412
2.302236
2.302478
2.302208
2.302346
2.302583
2.302628
2.302440
2.302560
2.302539
2.302256
2.302518
2.302301
2.302533
2.302531
2.302423
2.302388
2.302458
2.302558
2.302403
2.302354
2.302677
2.302501
2.302316
2.302608
2.302434
2.302267
2.302201
2.302421
2.302447
2.302492
2.302384
2.302581
2.302538
2.302387
2.302507
2.302449
2.302549
2.302524
2.302488
2.302687
2.302495
2.302672
2.302510
2.302843
2.302686
2.302654
2.302421
2.302703
2.302835
2.302573
2.302612
2.302519
2.302443
2.302471
2.302520
2.302383
2.302344
2.302740
2.302454
2.302556
2.302544
2.302525
2.302687
2.302567
2.302084
2.302387
2.302628
2.302325
2.302544
2.302438
2.302461
2.302526
2.302506
2.302665
2.302461
2.302374
2.302710
2.302521
2.302513
2.302657
2.302263
2.301993
2.302376
2.302627
2.302578
2.302685
2.302567
2.302516
2.302634
2.302446
2.302516
2.302633
2.302549
2.302348
2.302482
2.300701
2.302438
2.302691
2.302225
2.302461
2.302128
2.302478
2.302418
2.302306
2.302255
2.302445
2.302890
2.302638
2.302611
2.302770
2.302558
2.302591
2.302416
2.302567
2.302521
2.302659
2.302661
2.302335
2.302469
2.302772
2.302342
2.302450
2.302508
2.302438
2.302524
2.302632
2.302523
2.302517
2.302402
2.302391
2.302265
2.302591
2.302325
2.302433
2.302561
2.302404
2.302429
2.302289
2.302169
2.302452
2.302263
2.302572
2.302597
2.302796
2.302521
2.302671
2.302559
2.302453
2.302540
2.302458
2.302441
2.302284
2.302425
2.302544
2.302528
2.302344
2.302492
2.302426
2.302530
2.302381
2.302329
2.302522
2.302346
2.302411
2.302594
2.302618
2.302427
2.302392
2.302382
2.302589
2.302508
2.302330
2.302507
2.302296
2.302294
2.302510
2.302426
2.302391
2.302540
2.302579
2.302571
2.302579
2.302482
2.302296
2.302225
2.302632
2.302667
2.302817
2.302470
2.299777
2.302692
2.302534
2.302344
2.302629
2.302531
2.302458
2.302691
2.302323
2.302533
2.302467
2.302457
2.302684
2.302439
2.302632
2.302518
2.302655
2.302444
2.302510
2.302316
2.302509
2.302495
2.302505
2.302490
2.302317
2.302625
2.302304
2.302450
2.302440
2.302603
2.302396
2.302408
2.302527
2.302501
2.302513
2.302388
2.302660
2.302871
2.302433
2.302433
2.302678
2.302520
2.302311
2.302433
2.302319
2.302391
2.302201
2.302546
2.302227
2.302439
2.302416
2.302537
2.302338
2.302860
2.302429
2.302386
2.302589
2.302314
2.302289
2.302091
2.302483
2.302223
2.302826
2.302596
2.302641
2.302452
2.302042
2.302344
2.302255
2.302380
2.302430
2.302550
2.302330
2.302395
2.302460
2.302638
2.302555
2.302638
2.302560
2.302383
2.302299
2.302542
2.302615
2.302475
2.302469
2.302594
2.302398
2.302737
2.302578
2.302696
2.302567
2.301255
2.302444
2.302606
2.302372
2.302387
2.302694
2.302457
2.302345
2.302554
2.302569
2.302334
2.302546
2.302439
2.302722
2.302432
2.302651
2.302344
2.302696
2.302667
2.302611
2.302485
2.302410
2.302536
2.302681
2.302640
2.302422
2.302562
2.302775
2.302700
2.302527
2.302393
2.302577
2.302389
2.302567
2.302341
2.302675
2.302545
2.302331
2.302413
2.302538
2.302520
2.302393
2.302391
2.302253
2.302398
2.302629
2.302198
2.302343
2.302467
2.302483
2.302388
2.302401
2.302456
2.302460
2.302355
2.302437
2.302594
2.302676
2.302375
2.302509
2.302577
2.302278
2.302685
2.302520
2.302487
2.302292
2.302657
2.302444
2.302251
2.302503
2.302273
2.302319
2.302472
2.302615
2.302497
2.302566
2.302385
2.302795
2.302687
2.302587
2.302377
2.302534
2.302670
2.302469
2.302638
2.302551
2.301097
2.302555
2.302480
2.302610
2.302359
2.302405
2.302701
2.302593
2.302445
2.302337
2.302794
2.302329
2.302661
2.302486
2.302729
2.302606
2.302584
2.302615
2.302393
2.302471
2.302482
2.302284
2.302558
2.302602
2.302464
2.302639
2.302622
2.302536
2.302614
2.302425
2.302527
2.302777
2.302538
2.302594
2.302567
2.302587
2.302172
2.302427
2.302722
2.302598
2.302620
2.302275
2.302208
2.302558
2.302611
2.302584
2.302510
2.302572
2.302757
2.302432
2.302495
2.302544
2.302610
2.302629
2.302444
2.302426
2.302501
2.302479
2.302366
2.302749
2.302436
2.302346
2.302412
2.302335
2.302567
2.302624
2.302579
2.302729
2.302562
2.302595
2.302464
2.302495
2.302057
2.302597
2.302814
2.302521
2.302551
2.302594
2.302365
2.302495
2.302564
2.302551
2.302521
2.302285
2.302402
2.302447
2.302371
2.302686
2.302419
2.302604
2.302532
2.302331
2.302659
2.301920
2.302086
2.302446
2.302368
2.302505
2.302178
2.302556
2.302261
2.302391
2.302329
2.302221
2.302418
2.302541
2.302429
2.302918
2.302635
2.302433
2.302814
2.302568
2.302508
2.302512
2.302331
2.302512
2.302424
2.302478
2.302295
2.302260
2.302603
2.302525
2.302323
2.302413
2.302384
2.302637
2.302639
2.302381
2.302879
2.302640
2.302422
2.302654
2.302689
2.302605
2.302639
2.302670
2.302433
2.302431
2.302644
2.302587
2.302761
2.302580
2.302478
2.302492
2.302651
2.302432
2.302520
2.302674
2.302569
2.302461
2.302451
2.302484
2.302467
2.302361
2.302322
2.302545
2.302459
2.302336
2.302468
2.302568
2.302444
2.302097
2.302298
2.302406
2.302555
2.302719
2.302547
2.302516
2.302579
2.302837
2.302480
2.302616
2.302402
2.302633
2.302377
2.302172
2.302378
2.302699
2.302728
2.299801
2.302400
2.302941
2.302701
2.302468
2.302472
2.302405
2.302651
2.302625
2.302524
2.302562
2.302461
2.302409
2.302428
2.302688
2.302506
2.302366
2.302414
2.302543
2.302361
2.302396
2.302295
2.302575
2.302674
2.302375
2.302622
2.302390
2.302684
2.302366
2.302597
2.302644
2.302488
2.302657
2.302570
2.302765
2.302347
2.302635
2.302540
2.302655
2.302461
2.302428
2.302453
2.302539
2.302482
2.302479
2.302364
2.302282
2.302467
2.302167
2.302675
2.302384
2.302345
2.302423
2.302424
2.302279
2.302478
2.302469
2.302348
2.302431
2.302446
2.302778
2.302599
2.302371
2.302409
2.302533
2.302546
2.302445
2.302643
2.302390
2.302350
2.302639
2.302433
2.302482
2.302439
2.302449
2.302593
2.302559
2.302280
2.302361
2.302633
2.302657
2.302378
2.302601
2.302730
2.302437
2.302482
2.302706
2.302451
2.302596
2.302517
2.302517
2.302625
2.302557
2.302270
2.302548
2.302310
2.302836
2.302408
2.302372
2.302423
2.302373
2.302514
2.302663
2.302406
2.302595
2.302611
2.302708
2.302490
2.302454
2.302264
2.302460
2.302498
2.302409
2.302514
2.302597
2.302566
2.302745
2.302611
2.302430
2.302470
2.302404
2.302412
2.302520
2.302512
2.302673
2.302707
2.302394
2.302329
2.302536
2.302552
2.302709
2.302489
2.302528
2.302788
2.302421
2.302656
2.302258
2.302380
2.302573
2.302541
2.302384
2.302542
2.302528
2.302367
2.302287
2.302410
2.302327
2.302305
2.302491
2.302310
2.302319
2.302561
2.302707
2.302215
2.302663
2.302649
2.302712
2.302753
2.302544
2.302403
2.302550
2.302502
2.302552
2.302582
2.302613
2.302574
2.302480
2.302191
2.302770
2.302393
2.302346
2.302161
2.302498
2.302464
2.302626
2.302230
2.302416
2.302592
2.302728
2.302427
2.302617
2.301010
2.302403
2.302461
2.302418
2.302288
2.302592
2.302492
2.302439
2.302701
2.302516
2.302448
2.302490
2.302474
2.302581
2.302657
2.302413
2.302677
2.302252
2.301996
2.302377
2.302533
2.302588
2.302548
2.302447
2.302757
2.302420
2.302353
2.302432
2.302450
2.302588
2.302389
2.302564
2.302507
2.302491
2.302470
2.302343
2.302526
2.302627
2.302613
2.302728
2.302620
2.302351
2.302602
2.302826
2.302579
2.302488
2.302341
2.302613
2.302522
2.302722
2.302321
2.302628
2.302750
2.302536
2.302582
2.302653
2.302651
2.302419
2.302173
2.302690
2.302516
2.302536
2.302530
2.302441
2.302744
2.302671
2.302570
2.302503
2.302767
2.302474
2.302541
2.302391
2.302570
2.302406
2.302604
2.302482
2.302598
2.302588
2.302524
2.302512
2.302537
2.302470
2.302298
2.302600
2.302362
2.300538
2.302477
2.302639
2.302349
2.302609
2.302572
2.302727
2.302702
2.302167
2.302558
2.302447
2.302431
2.302374
2.302481
2.302406
2.302362
2.302276
2.302410
2.302533
2.302808
2.302391
2.302639
2.302564
2.302359
2.302464
2.302512
2.302542
2.302526
2.302704
2.302582
2.302519
2.302542
2.302506
2.302253
2.302508
2.302501
2.302398
2.302574
2.302683
2.302662
2.302317
2.302595
2.302480
2.302361
2.302662
2.302507
2.302383
2.302106
2.302581
2.302617
2.302591
2.302644
2.302509
2.302465
2.302329
2.302484
2.302557
2.302430
2.302356
2.302506
2.302629
2.302397
2.302592
2.302349
2.302413
2.302411
2.302461
2.302640
2.302610
2.302162
2.302367
2.302177
2.302494
2.302219
2.302371
2.302793
2.302613
2.302422
2.302568
2.302263
2.302527
2.302558
2.302712
2.301174
2.302428
2.302447
2.302363
2.302417
2.302499
2.302665
2.302532
2.302417
2.302472
2.302699
2.302459
2.302439
2.302539
2.302490
2.302586
2.302359
2.302310
2.302135
2.302753
2.302645
2.302551
2.302568
2.302408
2.302418
2.302709
2.302526
2.302234
2.302555
2.302700
2.302472
2.302400
2.302448
2.302364
2.302837
2.302659
2.302521
2.302642
2.302677
2.302660
2.302504
2.302794
2.302550
2.302618
2.302480
2.302593
2.302498
2.302666
2.302228
2.302742
2.302642
2.302606
2.302656
2.302426
2.302380
2.302389
2.302415
2.302582
2.302630
2.302553
2.302705
2.302637
2.302642
2.302301
2.302620
2.302410
2.302658
2.302314
2.302648
2.302436
2.302689
2.302383
2.302438
2.302593
2.302455
2.302562
2.302317
2.302311
2.302453
2.302272
2.300203
2.301683
2.302380
2.302800
2.302606
2.302372
2.302532
2.302511
2.302760
2.302468
2.302441
2.302491
2.302441
2.302292
2.302736
2.302542
2.302598
2.302876
2.302581
2.302450
2.302464
2.302285
2.302311
2.302527
2.302490
2.302752
2.302395
2.302415
2.302354
2.302426
2.302512
2.302506
2.302472
2.302382
2.302424
2.302399
2.302290
2.302526
2.302603
2.302432
2.302757
2.302227
2.302149
2.302477
2.302520
2.302389
2.302567
2.302385
2.302518
2.302497
2.302481
2.302603
2.302635
2.302151
2.302524
2.302422
2.302457
2.302453
2.302383
2.302565
2.302386
2.302505
2.302529
2.302536
2.302264
2.302385
2.302396
2.302449
2.302359
2.302563
2.302595
2.302518
2.302371
2.302814
2.302619
2.302418
2.302429
2.302661
2.302421
2.302237
2.302597
2.302402
2.302571
2.302351
2.302367
2.302476
2.302427
2.302543
2.302406
2.302658
2.302129
2.302333
2.302500
2.302471
2.300790
2.302362
2.302655
2.302873
2.302405
2.302511
2.302550
2.302518
2.302543
2.302539
2.302371
2.302468
2.302526
2.302493
2.302356
2.302469
2.302634
2.302258
2.302847
2.302749
2.302582
2.302197
2.302429
2.302441
2.302421
2.302756
2.302481
