2.340058
2.279122
2.185971
2.074339
2.298413
2.274381
2.233115
2.235422
2.201565
2.302916
2.296556
2.286671
2.279228
2.281463
2.274147
2.259865
2.254419
2.259773
2.258987
2.250048
2.250500
2.225920
2.239982
2.215487
2.306535
2.302041
2.296634
2.288141
2.284468
2.280955
2.269233
2.265234
2.271269
2.264197
2.264874
2.251636
2.253815
2.231215
2.235984
2.239979
2.239851
2.304586
2.303258
2.300184
2.294996
2.289295
2.285530
2.276892
2.288052
2.280817
2.269922
2.272138
2.263197
2.260412
2.254394
2.252573
2.245260
2.233870
2.248070
2.256548
2.304662
2.298002
2.297308
2.291174
2.288098
2.283686
2.280241
2.271985
2.274001
2.273449
2.268169
2.262795
2.258175
2.257125
2.251952
2.247801
2.262080
2.240736
2.240948
2.241602
2.224287
2.236830
2.232914
2.311026
2.303187
2.301450
2.297304
2.293558
2.292831
2.288290
2.290842
2.285854
2.281132
2.279188
2.274857
2.272676
2.266250
2.266154
2.270926
2.262290
2.265741
2.254218
2.252557
2.249489
2.246567
2.254626
2.249956
2.240551
2.297170
2.294924
2.294685
2.289217
2.289583
2.289344
2.284564
2.281390
2.279494
2.271630
2.264503
2.268876
2.267745
2.263835
2.257135
2.273382
2.257214
2.256521
2.251504
2.249191
2.263809
2.260150
2.253027
2.248385
2.234417
2.236732
2.231537
2.309926
2.305328
2.301980
2.298110
2.297484
2.294430
2.291342
2.286446
2.286296
2.288984
2.288733
2.276269
2.286328
2.281502
2.276598
2.276711
2.269680
2.268498
2.262234
2.270753
2.266107
2.254419
2.259878
2.251966
2.242794
2.228827
2.250806
2.249191
2.245075
2.300796
2.296771
2.293809
2.292192
2.293254
2.294999
2.284517
2.280726
2.279593
2.281139
2.278607
2.274155
2.272406
2.270242
2.270846
2.262331
2.267045
2.261909
2.263646
2.259367
2.257271
2.255019
2.263532
2.253792
2.236413
2.251307
2.251707
2.246115
2.245047
2.248231
2.228008
2.304252
2.301185
2.299862
2.295875
2.294490
2.294729
2.293821
2.288852
2.291952
2.288539
2.286114
2.283696
2.277554
2.278777
2.278768
2.272388
2.279311
2.276753
2.276058
2.266749
2.273630
2.261846
2.271945
2.265899
2.263744
2.249661
2.257216
2.251692
2.262575
2.262206
2.258966
2.267720
2.248255
2.254026
2.239307
2.256148
2.241092
2.305665
2.301942
2.301901
2.300197
2.295416
2.295530
2.296525
2.294852
2.292294
2.286624
2.284261
2.289708
2.285884
2.281307
2.275698
2.288922
2.281299
2.274494
2.273255
2.276240
2.266304
2.264701
2.270795
2.274487
2.270135
2.267529
2.250739
2.259603
2.258350
2.252043
2.265904
2.249240
2.257723
2.253211
2.249795
2.246781
2.258046
2.256438
2.250862
2.298737
2.297358
2.297686
2.293474
2.293151
2.293832
2.290378
2.288386
2.286186
2.282142
2.283854
2.286056
2.281465
2.286631
2.283334
2.281283
2.275996
2.275011
2.279664
2.271648
2.268171
2.273569
2.273685
2.266231
2.258002
2.274752
2.272722
2.260465
2.258532
2.260978
2.259677
2.268114
2.251550
2.257550
2.254272
2.244774
2.263466
2.248524
2.249902
2.246727
2.250446
2.241589
2.234459
2.298230
2.298197
2.294361
2.295324
2.292119
2.290564
2.289030
2.288152
2.289268
2.285985
2.285779
2.286990
2.285482
2.276248
2.280772
2.279447
2.274854
2.277504
2.275386
2.268922
2.272410
2.273309
2.268180
2.271449
2.271236
2.267047
2.269463
2.263364
2.266529
2.262962
2.263284
2.256990
2.251198
2.252030
2.251518
2.253134
2.257516
2.262519
2.245779
2.252483
2.255487
2.248237
2.257434
2.246522
2.224064
2.257109
2.250007
2.306414
2.304467
2.305698
2.303084
2.303861
2.301573
2.300002
2.299935
2.299160
2.296061
2.296446
2.293191
2.293181
2.293468
2.289678
2.287883
2.289584
2.285183
2.284738
2.284443
2.284548
2.281155
2.283684
2.278435
2.281246
2.276949
2.274287
2.273112
2.275053
2.272670
2.268747
2.263857
2.276514
2.279185
2.269461
2.276725
2.268600
2.265815
2.269922
2.277777
2.259677
2.253801
2.274730
2.253286
2.268802
2.252156
2.257697
2.235734
2.244308
2.300261
2.298276
2.298281
2.296251
2.295637
2.294811
2.293791
2.290607
2.289955
2.291972
2.289543
2.288605
2.286532
2.284655
2.286103
2.283074
2.280112
2.279569
2.276146
2.278142
2.273181
2.270930
2.272487
2.270769
2.273686
2.267597
2.269976
2.264909
2.278495
2.254010
2.262020
2.264681
2.266700
2.266786
2.263206
2.257953
2.260266
2.270392
2.254178
2.255659
2.245900
2.259764
2.252495
2.252401
2.246597
2.265122
2.240553
2.252587
2.255298
2.248448
2.247934
2.304247
2.302386
2.301433
2.300524
2.299104
2.298987
2.298266
2.297833
2.294340
2.296888
2.291167
2.293195
2.294026
2.289979
2.286980
2.286459
2.288466
2.288414
2.287629
2.284840
2.286772
2.280710
2.279720
2.285404
2.280099
2.284029
2.276651
2.277442
2.274610
2.277215
2.271374
2.274374
2.273965
2.271063
2.266849
2.268775
2.269478
2.269394
2.257068
2.260850
2.259040
2.257005
2.260689
2.262564
2.261376
2.252105
2.248773
2.252256
2.262888
2.261047
2.253750
2.257974
2.252417
2.302003
2.300573
2.298824
2.297692
2.298522
2.296867
2.294825
2.293672
2.293303
2.293667
2.292555
2.290056
2.291237
2.287029
2.287512
2.285500
2.281527
2.283805
2.287612
2.284132
2.281838
2.281473
2.278572
2.278415
2.277007
2.272869
2.273461
2.273656
2.275759
2.268260
2.271099
2.266808
2.270546
2.260442
2.271228
2.268149
2.257020
2.262380
2.272353
2.264194
2.265111
2.261764
2.267217
2.253059
2.251754
2.255806
2.253765
2.263819
2.253880
2.251489
2.249810
2.252347
2.263798
2.254323
2.252992
2.251480
2.251596
2.299866
2.301680
2.298013
2.296884
2.295968
2.296154
2.295141
2.293899
2.292511
2.291896
2.295817
2.291083
2.289231
2.289385
2.287824
2.283900
2.288293
2.283977
2.281477
2.285583
2.282749
2.278494
2.281115
2.279366
2.280886
2.281042
2.283719
2.280993
2.273437
2.274027
2.268762
2.265322
2.278348
2.273947
2.280631
2.271470
2.264598
2.276830
2.260658
2.255895
2.269805
2.258533
2.264696
2.283437
2.266471
2.250898
2.271566
2.262999
2.264945
2.256837
2.262288
2.251483
2.248499
2.260451
2.261160
2.245690
2.263578
2.245138
2.251420
2.238816
2.243208
2.307894
2.305668
2.306340
2.304015
2.302955
2.301813
2.302846
2.300819
2.299840
2.298576
2.297477
2.297306
2.298040
2.293840
2.293368
2.293031
2.292152
2.290912
2.287680
2.292100
2.288192
2.286468
2.286883
2.289222
2.283758
2.286169
2.287645
2.288615
2.282455
2.282216
2.281697
2.286536
2.280341
2.286145
2.272011
2.275352
2.276154
2.272509
2.287865
2.276026
2.270554
2.274972
2.274683
2.274313
2.273798
2.265062
2.268207
2.272395
2.266972
2.267344
2.273518
2.257807
2.258847
2.259469
2.269703
2.263502
2.253783
2.256400
2.274601
2.251782
2.262810
2.246039
2.258903
2.303274
2.304148
2.302339
2.302495
2.301630
2.301393
2.298875
2.298387
2.297017
2.296071
2.293952
2.295447
2.295422
2.294510
2.292938
2.293477
2.290655
2.288804
2.289688
2.286294
2.284606
2.288584
2.287500
2.288704
2.286798
2.291001
2.278508
2.282799
2.282938
2.281639
2.272907
2.277764
2.274344
2.278399
2.283088
2.276991
2.273489
2.276930
2.276122
2.271975
2.268868
2.270898
2.268730
2.266819
2.260688
2.273711
2.256786
2.262898
2.271031
2.260134
2.254652
2.257260
2.259766
2.258026
2.270905
2.261490
2.262719
2.248973
2.254914
2.258812
2.256890
2.257621
2.237973
2.254551
2.255945
2.305852
2.306440
2.306900
2.305425
2.303931
2.302125
2.302526
2.302322
2.300831
2.300926
2.299807
2.299098
2.296357
2.299942
2.296275
2.297696
2.294606
2.294585
2.292132
2.289980
2.292506
2.290382
2.288479
2.288560
2.288521
2.286607
2.291006
2.286659
2.282381
2.284215
2.282722
2.283442
2.282265
2.280011
2.277754
2.275100
2.281374
2.282552
2.273687
2.282225
2.280306
2.274474
2.280420
2.271213
2.275039
2.277274
2.272659
2.279921
2.274874
2.274226
2.271429
2.273321
2.276884
2.264940
2.268565
2.274008
2.271685
2.268737
2.266518
2.259492
2.265772
2.262353
2.262474
2.257980
2.255540
2.261248
2.246454
2.304275
2.303792
2.301466
2.302197
2.302269
2.300898
2.300943
2.300571
2.299823
2.296826
2.299011
2.294984
2.294635
2.295670
2.295521
2.295549
2.293004
2.293658
2.289697
2.290807
2.293061
2.291478
2.287286
2.288659
2.284149
2.288429
2.285454
2.284563
2.284130
2.281007
2.291846
2.288290
2.281568
2.279370
2.276517
2.281118
2.277540
2.271711
2.271707
2.270857
2.275089
2.277717
2.272399
2.279474
2.282323
2.270752
2.275468
2.273348
2.262922
2.269577
2.266668
2.267391
2.266399
2.264868
2.268177
2.263628
2.259717
2.268999
2.265382
2.261385
2.268984
2.274697
2.254262
2.252731
2.271288
2.257131
2.257376
2.255760
2.259173
2.297090
2.297051
2.297553
2.294978
2.293520
2.294089
2.292397
2.291878
2.291862
2.290568
2.289709
2.288811
2.286431
2.284178
2.283497
2.286224
2.288497
2.285185
2.280633
2.285382
2.283373
2.280774
2.275701
2.281288
2.280209
2.275716
2.282651
2.273425
2.272381
2.269410
2.278023
2.289526
2.275019
2.275490
2.270015
2.263910
2.271114
2.258424
2.277302
2.265674
2.267193
2.270994
2.259943
2.265132
2.272357
2.268445
2.267611
2.269524
2.267103
2.271559
2.272624
2.258566
2.256895
2.252061
2.254125
2.252301
2.257956
2.248806
2.260450
2.269862
2.244412
2.262805
2.250937
2.251493
2.258086
2.257428
2.253091
2.248099
2.244223
2.250454
2.262794
2.306691
2.306793
2.306211
2.306956
2.303902
2.304677
2.303213
2.303000
2.302086
2.301473
2.301342
2.300330
2.299313
2.298933
2.298759
2.297670
2.298749
2.298024
2.296124
2.294384
2.294116
2.293606
2.291910
2.292165
2.291560
2.290003
2.287925
2.285933
2.291458
2.287282
2.288206
2.285741
2.285670
2.282417
2.286457
2.288889
2.280617
2.278885
2.286587
2.284645
2.280765
2.276912
2.277219
2.278109
2.283370
2.278296
2.278558
2.271067
2.276787
2.270266
2.264516
2.280798
2.269423
2.268614
2.272508
2.267128
2.277079
2.274598
2.271612
2.265292
2.271924
2.275695
2.266936
2.259140
2.262527
2.258301
2.265524
2.260363
2.248151
2.255881
2.261074
2.261175
2.250064
2.294177
2.293957
2.293466
2.295369
2.292773
2.293111
2.292301
2.290402
2.291033
2.287422
2.287060
2.287663
2.289762
2.286428
2.285679
2.284510
2.281979
2.283816
2.287762
2.278152
2.278428
2.279832
2.277682
2.279043
2.276456
2.277631
2.276998
2.283898
2.277174
2.277716
2.270650
2.279543
2.273939
2.263466
2.270097
2.274543
2.268607
2.267324
2.279992
2.264595
2.270741
2.267323
2.266866
2.262812
2.265602
2.268620
2.269558
2.256045
2.282350
2.266929
2.253196
2.262389
2.251196
2.258754
2.264337
2.259865
2.259770
2.258256
2.261596
2.253363
2.254687
2.251013
2.247943
2.244860
2.256217
2.242468
2.243530
2.255654
2.260422
2.256814
2.255847
2.260371
2.244746
2.240889
2.239961
2.301736
2.302161
2.302620
2.299615
2.300535
2.299938
2.298376
2.299486
2.295909
2.295405
2.294876
2.294307
2.294550
2.291064
2.292886
2.298048
2.294158
2.291327
2.292451
2.290540
2.293220
2.294803
2.296932
2.292640
2.288594
2.289313
2.286214
2.288006
2.286912
2.286102
2.286454
2.287423
2.284996
2.287406
2.290703
2.287251
2.281395
2.285274
2.282182
2.283015
2.279854
2.280837
2.280745
2.279370
2.285287
2.279706
2.283659
2.275499
2.275184
2.288302
2.276336
2.267167
2.275906
2.270976
2.269878
2.269874
2.274388
2.275030
2.272768
2.259414
2.275267
2.268932
2.262908
2.267595
2.265165
2.268767
2.270750
2.262951
2.269892
2.259351
2.263912
2.263989
2.265486
2.255139
2.257122
2.253768
2.261501
2.259798
2.266793
2.265171
2.245021
2.253090
2.252123
2.263768
2.265493
2.253764
2.258116
2.263765
2.255288
2.267925
2.264996
2.299488
2.298480
2.299066
2.298800
2.297549
2.298770
2.298559
2.296240
2.294584
2.295320
2.294098
2.293774
2.296447
2.291945
2.296109
2.292140
2.292670
2.292960
2.290642
2.290821
2.290780
2.290907
2.287978
2.288434
2.288465
2.291571
2.287436
2.285736
2.287860
2.284327
2.285916
2.284329
2.285522
2.287302
2.283884
2.281612
2.281345
2.288077
2.284388
2.277058
2.280253
2.284095
2.278735
2.278100
2.282799
2.276020
2.283537
2.275340
2.275558
2.279240
2.275224
2.268720
2.279655
2.280975
2.274431
2.275379
2.278925
2.273350
2.271471
2.273467
2.280385
2.273942
2.275158
2.282854
2.274487
2.262431
2.271963
2.260392
2.276784
2.274971
2.268283
2.271370
2.263954
2.269421
2.264346
2.272331
2.263039
2.267644
2.261429
2.265728
2.262042
2.256130
2.253404
2.267694
2.256514
2.254629
2.255633
2.256666
2.253807
2.261757
2.262146
2.257979
2.263960
2.256353
2.256742
2.249919
2.251339
2.299654
2.299211
2.299087
2.298281
2.296023
2.296587
2.297367
2.295538
2.295565
2.298149
2.295485
2.294412
2.294211
2.293403
2.293488
2.295196
2.293482
2.294095
2.292198
2.287629
2.292396
2.291526
2.286725
2.287286
2.287676
2.285896
2.286936
2.285418
2.285462
2.287392
2.288270
2.281465
2.281927
2.283008
2.285113
2.289033
2.281152
2.286529
2.287260
2.278977
2.281384
2.282179
2.281203
2.279044
2.281664
2.277069
2.275177
2.274140
2.278815
2.279161
2.273582
2.277352
2.280883
2.275867
2.275926
2.272479
2.278596
2.266652
2.277191
2.274260
2.275535
2.272758
2.280096
2.270367
2.272686
2.270904
2.267131
2.271948
2.266757
2.265894
2.264121
2.269541
2.268136
2.273743
2.263890
2.269834
2.265690
2.273224
2.267111
2.265554
2.260230
2.274743
2.267144
2.255171
2.270161
2.276043
2.262880
2.255756
2.253469
2.263660
2.259486
2.257238
2.252953
2.263175
2.258554
2.265496
2.263532
2.261838
2.263654
2.259128
2.258717
2.305792
2.305474
2.304661
2.304492
2.303676
2.303390
2.302128
2.302033
2.302788
2.301809
2.300459
2.301654
2.301137
2.299461
2.298481
2.299831
2.297474
2.297505
2.298282
2.297106
2.295203
2.295511
2.296013
2.295670
2.295779
2.295275
2.295305
2.292289
2.293094
2.294222
2.294492
2.290606
2.293449
2.291547
2.295111
2.287245
2.292382
2.287429
2.288581
2.286253
2.284156
2.291126
2.289142
2.286814
2.285121
2.288213
2.290283
2.283957
2.284716
2.284482
2.283403
2.285836
2.285087
2.282351
2.278979
2.280265
2.289732
2.283106
2.277690
2.284613
2.285842
2.279149
2.274851
2.283709
2.280459
2.274351
2.273149
2.278844
2.273733
2.281401
2.271286
2.276473
2.274510
2.275634
2.274713
2.272713
2.275890
2.267993
2.275859
2.265622
2.275799
2.275821
2.262465
2.270604
2.274491
2.268675
2.271404
2.269220
2.267258
2.259152
2.262168
2.263689
2.265556
2.261964
2.264612
2.261522
2.272241
2.276086
2.274884
2.272091
2.262546
2.263896
2.261601
2.295831
2.297478
2.296348
2.295592
2.294488
2.293841
2.292483
2.296202
2.293666
2.294794
2.291722
2.289199
2.294955
2.287010
2.290881
2.292614
2.290726
2.287785
2.288934
2.286774
2.285361
2.285096
2.284732
2.288898
2.287149
2.286006
2.287025
2.288677
2.285996
2.281129
2.282057
2.282236
2.286063
2.280340
2.285106
2.285395
2.288983
2.282844
2.284337
2.278686
2.277035
2.283166
2.283400
2.280751
2.275600
2.277957
2.278609
2.281570
2.273971
2.280371
2.276354
2.279534
2.277002
2.281554
2.278559
2.274092
2.274388
2.276333
2.270803
2.272075
2.267312
2.269669
2.284070
2.271250
2.266882
2.273582
2.279664
2.274979
2.279432
2.271250
2.273517
2.265877
2.264477
2.270447
2.267324
2.260252
2.262787
2.268995
2.264813
2.271654
2.266768
2.265157
2.256665
2.256047
2.253022
2.262415
2.255849
2.267911
2.249691
2.268898
2.264732
2.261180
2.245110
2.257833
2.265023
2.243039
2.254789
2.258658
2.249719
2.254034
2.256351
2.253839
2.260217
2.256434
2.263358
2.258718
2.252417
2.302597
2.302363
2.301104
2.301117
2.301092
2.300804
2.300170
2.299921
2.299674
2.298491
2.298000
2.300032
2.298241
2.297719
2.297518
2.296861
2.296831
2.293911
2.294971
2.293657
2.295528
2.293142
2.294943
2.292927
2.291281
2.295358
2.291203
2.290343
2.289603
2.289322
2.287630
2.290693
2.290433
2.288934
2.287178
2.288646
2.287686
2.289966
2.285872
2.286899
2.288721
2.285882
2.285582
2.287423
2.286996
2.280354
2.282990
2.281003
2.282650
2.281995
2.280134
2.275733
2.280333
2.285926
2.285778
2.277092
2.280060
2.284529
2.280244
2.275708
2.274654
2.274180
2.283273
2.271466
2.280605
2.272740
2.271488
2.282084
2.273808
2.274421
2.277682
2.271696
2.270891
2.267631
2.272974
2.271634
2.280238
2.276446
2.273814
2.269281
2.271429
2.268554
2.267332
2.274663
2.275518
2.260318
2.270013
2.267283
2.267738
2.269249
2.259771
2.267763
2.273656
2.264202
2.269849
2.276128
2.267627
2.273103
2.264643
2.254209
2.256077
2.268596
2.254013
2.261982
2.259913
2.266582
2.263256
2.265339
2.257493
2.302494
2.302739
2.302736
2.301196
2.301246
2.299920
2.300072
2.299387
2.299506
2.299178
2.298682
2.297436
2.297237
2.296973
2.296558
2.295573
2.294344
2.295081
2.294277
2.291606
2.295490
2.298532
2.296101
2.292584
2.292547
2.294271
2.289154
2.290942
2.290347
2.288187
2.292361
2.291110
2.293603
2.289196
2.287393
2.290411
2.286557
2.287246
2.288224
2.287396
2.284259
2.285643
2.282752
2.284185
2.285535
2.286634
2.287211
2.282635
2.286466
2.285696
2.284530
2.280704
2.283630
2.280977
2.279490
2.279577
2.276882
2.280558
2.281058
2.274158
2.281977
2.275598
2.276681
2.276993
2.276744
2.275400
2.271383
2.280674
2.268887
2.278713
2.272946
2.275235
2.270109
2.269512
2.276003
2.264509
2.272676
2.274568
2.273572
2.275071
2.272488
2.271336
2.260082
2.272602
2.268803
2.268879
2.270677
2.262250
2.275399
2.270891
2.269138
2.267472
2.272622
2.265526
2.266789
2.261632
2.270065
2.268605
2.262130
2.266086
2.264407
2.260031
2.265123
2.258740
2.262849
2.274254
2.257308
2.260079
2.266322
2.267021
2.267569
2.304629
2.302288
2.303210
2.301911
2.302349
2.302230
2.300452
2.301255
2.299919
2.300336
2.301100
2.299384
2.298966
2.298002
2.297048
2.298476
2.296966
2.297339
2.295254
2.295889
2.294310
2.293195
2.293994
2.293718
2.293210
2.293240
2.293141
2.293031
2.296022
2.291589
2.291858
2.292986
2.292207
2.290094
2.287182
2.286874
2.290516
2.285812
2.290206
2.288474
2.286849
2.284966
2.287259
2.285414
2.286513
2.284832
2.284054
2.285462
2.279395
2.284560
2.284500
2.282772
2.283430
2.289440
2.284671
2.278934
2.284405
2.280430
2.280154
2.281781
2.281241
2.279302
2.280220
2.274217
2.275753
2.280432
2.277674
2.275747
2.276933
2.280125
2.286955
2.270084
2.275638
2.274004
2.275536
2.267981
2.278402
2.268183
2.272045
2.272090
2.274257
2.278794
2.268369
2.277813
2.268806
2.268785
2.271924
2.272655
2.268554
2.269322
2.276979
2.264549
2.270900
2.269653
2.266431
2.264617
2.273412
2.263274
2.283426
2.267125
2.262296
2.257818
2.272990
2.259581
2.262637
2.252770
2.258895
2.256116
2.261914
2.263185
2.267502
2.257206
2.262142
2.297516
2.296291
2.295887
2.295560
2.293132
2.296012
2.296645
2.295405
2.294653
2.294748
2.294106
2.291995
2.291582
2.294449
2.291833
2.290952
2.292706
2.291460
2.291042
2.290452
2.287775
2.284800
2.285685
2.289365
2.283871
2.285889
2.287823
2.289204
2.285521
2.285784
2.286302
2.284011
2.281865
2.288496
2.286851
2.282782
2.288112
2.285745
2.282324
2.287010
2.289476
2.279328
2.280610
2.284317
2.279283
2.277247
2.275188
2.273841
2.282907
2.275534
2.275071
2.287184
2.277269
2.278444
2.273315
2.274110
2.279396
2.275904
2.281900
2.277447
2.283156
2.282081
2.278464
2.274722
2.274629
2.270205
2.264150
2.270303
2.272132
2.267489
2.266703
2.266913
2.268451
2.273602
2.274277
2.271636
2.275898
2.267632
2.269159
2.260858
2.270547
2.266325
2.273487
2.270673
2.265191
2.266426
2.265347
2.268643
2.267140
2.265673
2.268104
2.269997
2.276932
2.258679
2.270136
2.256605
2.265775
2.263085
2.262239
2.273787
2.258809
2.264188
2.267296
2.254786
2.260460
2.269617
2.267032
2.251988
2.263517
2.260390
2.254480
2.261629
2.257815
2.243756
2.254574
2.262364
2.255326
2.300606
2.300829
2.300198
2.300137
2.299610
2.299548
2.297613
2.298068
2.298557
2.297377
2.297368
2.297085
2.295758
2.295286
2.294971
2.296751
2.295485
2.293666
2.295061
2.293844
2.293741
2.293496
2.294480
2.292203
2.289660
2.292340
2.293562
2.291756
2.291306
2.288295
2.291997
2.289943
2.289499
2.290112
2.291754
2.289389
2.287572
2.286787
2.286000
2.285983
2.286061
2.284816
2.287627
2.284837
2.283358
2.282894
2.282671
2.281850
2.283005
2.284983
2.287783
2.281872
2.279640
2.282006
2.280216
2.279891
2.280595
2.282132
2.279998
2.280588
2.277678
2.279800
2.275196
2.272010
2.282398
2.275653
2.276901
2.273113
2.273820
2.279154
2.275137
2.271943
2.273805
2.274509
2.273409
2.278369
2.271825
2.282105
2.270623
2.274387
2.275321
2.276911
2.270240
2.276195
2.269300
2.269412
2.273774
2.275700
2.265409
2.263986
2.275712
2.268833
2.270154
2.274064
2.268224
2.274127
2.265852
2.263475
2.265595
2.275342
2.267022
2.257582
2.271306
2.265659
2.268427
2.268054
2.267094
2.265981
2.263173
2.266478
2.263971
2.256060
2.271264
2.257355
2.257278
2.259595
2.259492
2.258792
2.260562
2.254050
2.261275
2.254729
2.255232
2.300347
2.298356
2.300854
2.299082
2.297839
2.298213
2.297437
2.297366
2.296277
2.295753
2.295997
2.295600
2.297536
2.294110
2.295691
2.294122
2.292749
2.294716
2.295751
2.294918
2.289570
2.294863
2.291975
2.291865
2.290335
2.293047
2.294270
2.291032
2.290464
2.291653
2.290535
2.289174
2.290791
2.286528
2.290785
2.290453
2.286643
2.290116
2.285427
2.285893
2.286741
2.286257
2.285504
2.285501
2.293438
2.282240
2.286482
2.281037
2.281007
2.284168
2.279187
2.287226
2.282565
2.283963
2.280158
2.281519
2.283817
2.277079
2.281336
2.287577
2.281324
2.276434
2.280975
2.278713
2.283970
2.282520
2.278259
2.275390
2.276581
2.273798
2.269717
2.273342
2.277881
2.276250
2.275520
2.278206
2.270401
2.277030
2.276083
2.271821
2.271508
2.272628
2.274114
2.275825
2.278232
2.272666
2.274738
2.267914
2.270525
2.280198
2.275965
2.269506
2.268544
2.268552
2.259274
2.267072
2.268588
2.272003
2.266121
2.275699
2.260762
2.266029
2.267336
2.267727
2.265842
2.263013
2.269120
2.269223
2.262453
2.260305
2.267047
2.266088
2.260857
2.263947
2.267004
2.261989
2.264955
2.263355
2.259694
2.252402
2.261242
2.259773
2.263501
2.270813
2.267409
2.257580
2.259425
2.299640
2.298851
2.298345
2.297353
2.298910
2.297144
2.298704
2.297424
2.296932
2.296232
2.297079
2.295834
2.296855
2.295537
2.295893
2.294953
2.294811
2.293914
2.291316
2.294847
2.293787
2.296018
2.290660
2.293155
2.291295
2.292884
2.292395
2.293075
2.289718
2.290576
2.292224
2.291010
2.289342
2.288640
2.290143
2.292273
2.290151
2.290031
2.289348
2.289459
2.285708
2.288609
2.285334
2.289155
2.284963
2.282563
2.286509
2.282560
2.284402
2.285259
2.279205
2.280943
2.284642
2.278173
2.284154
2.285180
2.279970
2.287473
2.281733
2.277705
2.276606
2.277922
2.280156
2.282737
2.283158
2.286622
2.277038
2.271656
2.282963
2.273050
2.271556
2.274954
2.280886
2.277732
2.276416
2.272117
2.270478
2.273406
2.277085
2.275172
2.284821
2.269341
2.271867
2.269540
2.276664
2.273786
2.269584
2.280442
2.264632
2.271775
2.261206
2.267245
2.273957
2.264092
2.271456
2.267578
2.267712
2.266876
2.274018
2.267215
2.268346
2.263269
2.264258
2.267625
2.270528
2.273219
2.282368
2.263434
2.268331
2.257938
2.263767
2.265669
2.259396
2.261784
2.260007
2.265641
2.268089
2.264147
2.260587
2.261716
2.258191
2.253900
2.257785
2.259418
2.263572
2.252581
2.262049
2.264335
2.265005
2.261422
2.242115
2.303861
2.303539
2.302875
2.302451
2.303332
2.302183
2.302083
2.301358
2.301663
2.300067
2.300562
2.300160
2.301532
2.301501
2.300160
2.300107
2.298898
2.300136
2.298318
2.298922
2.297421
2.297964
2.296742
2.297228
2.296100
2.294761
2.295449
2.295345
2.293491
2.295238
2.293925
2.293261
2.297644
2.292609
2.292663
2.293601
2.292758
2.293509
2.291644
2.291782
2.292640
2.290442
2.290185
2.289715
2.289031
2.288526
2.291508
2.287047
2.291117
2.287896
2.284104
2.289720
2.288933
2.286806
2.285127
2.287632
2.286375
2.287059
2.283510
2.289327
2.285534
2.286017
2.285581
2.285771
2.290134
2.280697
2.283092
2.284844
2.284754
2.280461
2.286255
2.281358
2.282226
2.278408
2.279167
2.279620
2.282033
2.278388
2.283985
2.283113
2.275861
2.275492
2.282826
2.277637
2.271901
2.277226
2.275219
2.280123
2.269502
2.274100
2.278725
2.268094
2.279328
2.276276
2.276960
2.279983
2.273761
2.278456
2.271168
2.270847
2.273146
2.267514
2.274089
2.272525
2.276220
2.269862
2.275091
2.261331
2.268021
2.276757
2.271227
2.271617
2.263937
2.276732
2.273447
2.267799
2.268131
2.275809
2.269620
2.268077
2.273104
2.268937
2.265822
2.265893
2.282810
2.269916
2.265664
2.264999
2.264427
2.274229
2.265432
2.260722
2.261307
2.301789
2.301970
2.301292
2.301323
2.301309
2.300545
2.297915
2.300336
2.298181
2.298636
2.298753
2.297312
2.298550
2.299407
2.296164
2.296301
2.298663
2.297327
2.297136
2.295621
2.296173
2.294614
2.295085
2.296630
2.293608
2.294172
2.294076
2.293147
2.291905
2.292641
2.293410
2.295038
2.292971
2.292387
2.291546
2.290052
2.292305
2.290143
2.291502
2.292033
2.291576
2.291711
2.285980
2.287647
2.284580
2.289176
2.286239
2.289677
2.289185
2.286785
2.284576
2.283703
2.285715
2.288086
2.287497
2.285235
2.283407
2.292425
2.284623
2.287925
2.282329
2.283414
2.284448
2.282046
2.287762
2.282382
2.281137
2.279109
2.284344
2.284270
2.283140
2.282463
2.279434
2.279074
2.282056
2.280822
2.281968
2.280980
2.274378
2.279171
2.275574
2.277367
2.271843
2.280458
2.281189
2.277870
2.274919
2.275151
2.276749
2.277029
2.279248
2.271402
2.275040
2.282093
2.278672
2.273551
2.270126
2.270855
2.270404
2.275999
2.268796
2.269592
2.276871
2.272169
2.270753
2.270639
2.269436
2.276635
2.262803
2.273869
2.266214
2.264918
2.266160
2.273208
2.269740
2.265490
2.276112
2.265408
2.263912
2.268311
2.263534
2.271719
2.264775
2.272403
2.268825
2.260309
2.262264
2.264268
2.258143
2.260336
2.256027
2.259492
2.267126
2.268000
2.259193
2.260530
2.264299
2.305355
2.304310
2.304524
2.304246
2.304163
2.302609
2.303069
2.302198
2.302003
2.302422
2.301960
2.300886
2.301394
2.302192
2.301433
2.300396
2.300238
2.299615
2.300234
2.298891
2.299135
2.297844
2.297398
2.296305
2.298873
2.297424
2.298043
2.298357
2.296568
2.295670
2.295773
2.296734
2.294249
2.293655
2.293292
2.294847
2.295862
2.293334
2.295430
2.293243
2.294521
2.294638
2.292993
2.290646
2.289620
2.292266
2.289903
2.293311
2.286562
2.291488
2.287938
2.286510
2.294145
2.292283
2.287024
2.287441
2.287519
2.287508
2.288542
2.285103
2.286136
2.287008
2.283484
2.288272
2.290173
2.283747
2.286606
2.283741
2.285088
2.281634
2.289000
2.287622
2.285041
2.284972
2.283818
2.280029
2.285578
2.286370
2.283195
2.281909
2.282006
2.277545
2.282563
2.281034
2.286519
2.278888
2.277091
2.282207
2.275230
2.285136
2.280658
2.277245
2.272900
2.275347
2.278236
2.276645
2.279181
2.274272
2.285902
2.276043
2.274767
2.264262
2.273769
2.280061
2.271440
2.278380
2.273490
2.266394
2.275729
2.275324
2.271664
2.272747
2.276217
2.267834
2.281242
2.267576
2.275012
2.272434
2.268287
2.267032
2.262343
2.265285
2.262555
2.269447
2.263413
2.261168
2.266488
2.267250
2.257685
2.268667
2.263144
2.268397
2.273401
2.272380
2.259078
2.265160
2.260370
2.271417
2.263718
