2.186006
1.878226
3.330760
2.352737
2.121557
3.286590
1.575742
3.242687
2.539391
1.888497
0.191096
2.491120
2.594600
2.763829
2.812116
3.089173
1.784263
2.216736
2.138291
3.177965
5.565366
0.218024
2.337629
2.410544
2.673460
1.967158
3.575173
3.037475
3.314619
2.066706
1.959876
3.951494
1.569072
8.567205
0.976804
1.489798
1.508864
6.544065
4.333519
3.413080
2.123118
2.389093
3.670648
1.608270
4.031384
2.737305
1.699357
2.774569
2.627234
0.590205
5.649266
3.055684
2.049165
2.458882
1.930732
2.142696
0.531195
0.833675
5.381035
2.247308
0.442921
1.516169
1.462511
4.576275
1.489365
0.188413
0.447995
0.684380
2.120156
4.482216
2.737518
3.863208
4.625578
1.146458
3.307627
7.239071
1.134269
12.682323
4.028800
2.519047
1.640980
2.510421
5.656751
2.323414
3.556937
2.470961
2.184213
1.769310
1.798411
9.419407
2.449927
2.150985
5.290211
2.283267
2.269457
0.031729
0.361083
0.012560
0.731756
0.594585
4.816277
2.661913
2.326899
6.500846
2.606174
3.159327
2.167555
0.054284
2.092683
0.215762
8.955744
0.439295
0.189156
20.544540
2.203103
2.131747
1.032535
2.186300
1.894354
2.308605
1.889968
1.575799
4.012127
1.783938
1.827142
3.046880
2.143744
2.190469
1.862153
2.209196
1.974730
1.099374
3.057082
2.183943
0.943241
0.341707
2.241974
1.856949
1.617284
1.880317
2.702260
2.498309
2.951336
0.403271
0.630647
3.938601
3.236743
2.387445
1.894623
9.753147
5.381756
3.011552
2.074959
1.497579
1.807958
3.035949
2.186555
1.447659
4.612295
2.216018
2.273720
2.548812
3.561057
1.840910
1.894721
2.337496
7.675198
1.836655
2.594382
3.008202
0.251026
1.597591
7.855341
2.447271
0.112991
0.310248
6.801890
0.693381
5.478560
6.897621
1.336899
16.685678
2.634908
1.809680
0.004888
4.923603
1.998017
1.807534
1.491568
0.005210
4.251885
2.197339
0.931292
0.317727
0.847332
1.472347
0.339895
1.812343
3.215880
0.001707
3.515128
3.679590
1.467492
0.324579
13.331507
1.648287
0.917556
10.498058
1.751918
2.396546
0.010236
0.002135
0.091112
0.014193
0.111059
0.505834
5.114353
2.809670
2.299539
0.070069
0.325438
2.324535
4.139168
1.711356
2.256091
7.177526
2.264333
14.161354
1.915664
2.906180
1.217080
1.993689
16.164766
1.262454
0.153098
24.479027
4.339568
2.488471
1.974648
7.749977
10.757557
0.703324
10.284030
1.899682
3.330479
1.494161
0.318636
0.768908
20.417253
2.640682
2.573948
2.797277
3.162291
2.135298
0.328443
4.514106
2.165608
1.178648
2.613363
0.996182
1.621211
2.349051
3.084288
3.932225
2.794338
3.478706
2.692261
2.522287
2.162757
0.324714
2.045960
4.342762
14.036966
2.049718
2.024441
1.924407
1.834881
1.859774
0.592910
10.685058
2.035309
2.117251
1.093370
1.767331
0.182578
1.277174
1.724279
1.987986
1.887368
8.627834
1.491858
7.894938
1.346331
0.658427
2.067123
7.928620
2.267826
2.283727
2.743056
4.230764
1.644965
11.019693
1.665078
0.762329
0.255121
22.513351
0.292992
0.590749
5.464181
2.745740
0.016466
0.045613
14.963521
11.413220
0.577943
1.546432
12.630571
0.000000
0.000000
8.496542
0.000000
0.027522
0.012420
2.304587
1.753366
1.924379
2.258273
0.000000
1.894654
2.169580
1.564331
0.680205
3.029248
2.099951
2.024664
2.256309
7.780449
0.532221
0.665407
1.715425
7.594443
1.599924
0.078586
1.106430
2.345999
0.111283
0.633005
3.003683
0.348300
0.634073
2.462472
0.161615
6.950191
1.727964
0.000318
2.198124
0.000641
5.293702
2.288115
7.895507
19.011206
2.256444
2.942989
2.098880
3.050629
0.806854
8.325071
3.618190
0.627032
2.467994
1.381907
10.006963
7.717914
2.006612
11.950007
1.457608
1.307817
1.310513
1.324084
1.452264
3.013051
2.084415
0.353525
0.039809
0.000000
0.000064
10.091579
0.000475
0.015943
11.806295
8.886161
0.046959
78.080269
2.579081
3.656248
3.061354
0.659739
2.013519
1.767059
0.000103
3.155169
10.167502
3.330296
2.893781
3.239485
3.011214
3.519933
2.071274
2.859833
1.829468
4.998061
2.883254
2.508559
3.099151
2.285013
2.624556
2.534912
1.628137
2.246286
2.482665
2.287740
2.293133
1.724127
2.066795
3.157734
1.807603
2.777304
0.995079
7.010756
2.377659
2.411107
1.935279
1.053096
4.476303
2.553447
2.533543
2.774543
2.923885
1.194227
5.221299
2.775230
20.267038
2.086310
3.657890
0.579769
0.820129
2.620701
10.983752
0.000000
0.863662
5.922979
6.686166
0.000031
2.224461
2.285080
0.983838
2.006499
0.313733
19.457392
84.130936
2.475024
0.557680
0.000000
1.172178
2.248047
0.533128
0.271184
0.350739
6.931760
3.236645
6.634014
1.923349
1.878160
3.563180
2.122177
93.588898
0.000421
0.518137
0.507202
2.297506
14.707390
1.534490
0.000968
1.494233
2.417359
2.311018
0.000111
0.710778
2.970322
2.608296
2.413059
1.846327
10.864491
3.891596
9.345494
5.009522
1.978521
2.840477
3.395501
6.220057
2.204624
3.658458
1.835197
19.499119
30.182983
0.185386
1.786794
0.169959
3.358773
3.204825
3.171537
1.872227
0.099117
1.597092
1.883556
2.615438
1.700473
2.020445
4.799376
1.656381
3.741945
2.044324
2.843086
2.713658
2.845639
2.831225
2.639461
0.469044
3.031572
0.048862
1.734050
0.017716
7.431709
2.183844
5.585082
3.464317
3.541497
1.156667
1.252183
8.274221
0.350410
4.106928
12.307232
0.068826
3.480694
1.880760
1.965517
3.591948
3.332690
3.526959
0.000019
32.395325
38.485870
1.235262
4.250954
1.094100
0.996691
3.909719
4.201134
3.920169
1.940785
3.322660
1.478612
6.462510
3.113080
3.120320
3.105100
2.165815
5.516862
3.607717
4.145494
4.075186
3.300804
3.401505
5.025169
3.563570
2.223163
11.410605
5.016007
4.876526
3.953795
3.380341
2.669954
1.809174
2.244529
3.891029
4.381805
2.398811
3.267467
2.429754
2.978180
2.641194
2.309922
1.899823
3.606648
3.229046
2.738772
3.660554
9.089429
3.107793
3.532949
2.057152
20.667332
3.381657
3.143273
1.596675
5.085975
2.472390
2.318658
2.192044
2.461999
2.444400
2.724634
4.427295
2.861743
2.558084
3.267290
2.431607
0.000000
4.974023
4.204751
6.796725
3.359018
2.567980
1.518708
4.821699
1.771906
3.774690
2.438326
37.799057
2.543198
6.191479
5.772087
2.504071
7.740979
2.751202
2.931172
27.779541
0.000113
0.000000
12.384766
0.315947
5.032679
2.034838
6.858203
11.749539
3.525035
10.209196
5.462404
1.628726
2.794396
6.177129
8.358635
8.096216
13.477634
10.681561
12.103477
0.011650
5.570265
10.116465
8.620853
6.143764
11.668725
6.003692
6.665808
0.429896
0.000037
2.211731
0.957780
2.685760
8.143656
5.493759
0.015047
2.919446
1.893697
44.114166
3.078267
2.837718
3.079443
55.673214
2.572697
2.398930
73.179688
17.386932
2.871345
2.904148
11.368967
73.820557
2.762862
4.885764
3.341683
4.785983
5.480715
3.802286
3.252227
2.103722
3.823152
4.848180
1.486761
4.086968
0.000020
2.527103
3.073485
2.613854
2.006157
2.921342
2.972565
3.511420
2.898397
0.000000
4.432639
13.523127
12.529067
2.953340
2.992675
3.219419
47.156250
3.107727
3.203979
4.594101
2.314045
4.142267
7.535019
7.567655
3.325057
3.853658
3.303719
0.056006
54.058666
3.951099
0.000000
3.620819
60.527790
33.071766
2.980440
3.369359
1.918231
3.732954
4.014575
3.825480
1.921093
1.781946
66.294678
4.559046
0.005944
15.970785
4.269212
1.809174
4.043668
2.508940
2.300775
27.677755
1.688223
1.928914
3.107539
1.580757
0.000037
1.531216
6.250072
16.743940
23.001444
3.657210
4.673533
2.629823
3.644696
3.262223
1.720000
3.440181
3.233743
2.307722
0.194278
2.129645
6.850978
0.000000
0.007830
2.455141
0.000147
3.238880
3.194313
5.763418
49.630924
0.668852
3.783101
0.000000
1.817165
3.774672
1.936917
1.195624
3.852346
4.566036
3.343711
2.100774
2.262454
1.593270
1.489570
4.327243
0.735123
4.960532
4.643727
4.040748
