2.347193
2.307720
2.257808
2.200053
2.076276
1.884451
1.558213
1.335501
1.530482
1.260420
0.959712
0.815378
1.221553
1.677440
1.154524
0.504272
0.555579
0.894662
0.436045
0.787180
0.924225
0.495491
0.567557
0.371538
0.373119
0.416295
0.284483
0.419977
0.129674
0.575555
0.303692
0.176300
0.090973
0.244221
0.237684
0.251924
0.190489
0.162323
0.219209
0.148192
0.734546
0.129873
0.241340
0.218965
0.259948
0.310247
0.424843
0.446402
0.286291
0.352696
0.155019
0.349701
0.284556
0.219547
0.124810
0.598895
0.298483
0.157250
0.376843
0.359391
0.275119
0.137715
0.711377
0.242609
0.169654
0.072744
0.225676
0.235178
0.450444
0.127332
0.119610
0.344159
0.138569
0.254075
0.167123
0.206931
0.085599
0.487662
0.140167
0.036829
0.050640
0.179469
0.162251
0.156902
0.144091
0.418379
0.197029
0.226223
0.244989
0.052621
0.378743
0.043117
0.124925
0.235320
0.082276
0.148833
0.065433
0.072737
0.121567
0.452749
0.038775
0.128014
0.310476
0.049151
0.104308
0.283788
0.562156
0.247560
0.317487
0.159543
0.096072
0.093731
0.152266
0.165015
0.082049
0.035654
0.065567
0.369449
0.128814
0.181542
0.072004
0.081390
0.346892
0.103182
0.250098
0.029830
0.090835
0.092994
0.093672
0.204294
0.119351
0.111544
0.056761
0.333304
0.256089
0.187718
0.104647
0.102148
0.185858
0.327988
0.104434
0.154451
0.081768
0.096043
0.168383
0.153914
0.138325
0.086707
0.069872
0.152078
0.044045
0.354642
0.314732
0.148608
0.110820
0.114364
0.089106
0.073196
0.066999
0.198897
0.165687
0.202123
0.105062
0.081086
0.070028
0.274431
0.052741
0.172570
0.058703
0.082214
0.130254
0.089401
0.021217
0.102908
0.260416
0.062529
0.032623
0.154145
0.081583
0.154195
0.163682
0.300696
0.143268
0.056299
0.220742
0.156385
0.250904
0.094091
0.169934
0.089624
0.223878
0.061655
0.038811
0.100686
0.073336
0.102743
0.141126
0.104277
0.275807
0.032638
0.120913
0.391396
0.101078
0.126198
0.438036
0.454329
0.099132
0.108306
0.323571
0.436325
0.059202
0.211027
0.188417
0.037580
0.021312
0.082972
0.192094
0.054510
0.186023
0.112438
0.170136
0.101926
0.113982
0.018790
0.193067
0.115889
0.046021
0.021098
0.183306
0.169647
0.146932
0.284897
0.224305
0.082474
0.074843
0.214826
0.097353
0.220131
0.141765
0.214622
0.532976
0.138651
0.157030
0.146803
0.032375
0.211160
0.146916
0.055942
0.242126
0.323680
0.074566
0.228602
0.044597
0.255710
0.050910
0.168993
0.119372
0.093742
0.071862
0.128454
0.168482
0.085995
0.068370
0.043551
0.074471
0.198049
0.239016
0.222964
0.258490
0.077381
0.050843
0.076770
0.069114
0.034647
0.069132
0.292576
0.057406
0.194155
0.405850
0.019385
0.056687
0.180047
0.257957
0.092192
0.207901
0.141275
0.225944
0.245629
0.333228
0.019176
0.205276
0.098710
0.164623
0.076213
0.100967
0.114996
0.091502
0.012348
0.050701
0.054214
0.173916
0.059951
0.027745
0.260898
0.018775
0.049706
0.130339
0.181941
0.218010
0.129876
0.028962
0.082126
0.095160
0.075855
0.302871
0.116033
0.373622
0.251637
0.094065
0.276957
0.111387
0.091059
0.156842
0.092902
0.416322
0.119045
0.160758
0.059721
0.104248
0.157368
0.070051
0.093825
0.067509
0.361821
0.140200
0.093473
0.171454
0.091770
0.252545
0.149273
0.098214
0.056735
0.054586
0.059300
0.031084
0.075672
0.069277
0.085115
0.331509
0.014647
0.187907
0.095334
0.195599
0.086856
0.158537
0.161338
0.136566
0.060986
0.069951
0.121120
0.272292
0.169966
0.097958
0.074990
0.210643
0.083007
0.153119
0.087354
0.045597
0.121772
0.086818
0.041232
0.062002
0.035312
0.033945
0.099571
0.123950
0.039861
0.137081
0.128410
0.024944
0.183818
0.246631
0.342613
0.029232
0.085670
0.136885
0.178279
0.045521
0.045562
0.066701
0.139154
0.171155
0.051760
0.139167
0.134711
0.073465
0.164003
0.080579
0.200479
0.053130
0.052549
0.176413
0.065307
0.056053
0.088916
0.221656
0.071843
0.018154
0.037924
0.086214
0.187769
0.105912
0.127405
0.011155
0.078127
0.063226
0.151375
0.148788
0.052071
0.086206
0.185450
0.180521
0.225210
0.334131
0.071005
0.062361
0.379569
0.107445
0.177792
0.057277
0.137442
0.244839
0.188808
0.138034
0.168638
0.159851
0.292779
0.098676
0.086173
0.102427
0.232040
0.171242
0.097115
0.054624
0.054547
0.172169
0.094691
0.187656
0.094135
0.134121
0.112572
0.079907
0.083731
0.074022
0.023195
0.139612
0.137784
0.152097
0.054712
0.026939
0.102375
0.218716
0.033057
0.064560
0.018479
0.034985
0.097495
0.117487
0.038450
0.117148
0.049635
0.016765
0.075522
0.056181
0.251722
0.183312
0.051890
0.080924
0.182926
0.037206
0.063703
0.089000
0.142175
0.197539
0.150512
0.068420
0.031205
0.084682
0.213252
0.098537
0.110217
0.063730
0.102422
0.165736
0.102136
0.023995
0.263973
0.106806
0.172313
0.025675
0.112336
0.106595
0.118043
0.014203
0.328906
0.019819
0.107778
0.224560
0.048666
0.102506
0.180405
0.048009
0.089205
0.120338
0.153360
0.070865
0.147923
0.028213
0.401077
0.033205
0.143034
0.159518
0.036513
0.118802
0.304926
0.106204
0.110866
0.030633
0.144954
0.165432
0.136542
0.081238
0.386327
0.062417
0.190785
0.133713
0.047816
0.335069
0.033052
0.032496
0.136108
0.130446
0.017614
0.438710
0.175469
0.034239
0.034090
0.097078
0.102266
0.057963
0.252501
0.026937
0.058182
0.047046
0.042745
0.045035
0.035318
0.157533
0.165484
0.042090
0.100478
0.067677
0.035381
0.056183
0.174159
0.048075
0.021843
0.051059
0.112319
0.109254
0.063195
0.062518
0.095160
0.114826
0.172484
0.066470
0.084944
0.016909
0.213271
0.041183
0.036357
0.035697
0.064161
0.186706
0.074173
0.015456
0.169484
0.181043
0.349068
0.213233
0.057634
0.137839
0.081634
0.121187
0.050425
0.041506
0.107518
0.080995
0.023021
0.139709
0.030716
0.219153
0.189470
0.101573
0.064312
0.273448
0.164548
0.053466
0.041075
0.093294
0.209058
0.120564
0.064932
0.056805
0.120903
0.101716
0.034086
0.210929
0.027147
0.140796
0.101494
0.154007
0.013774
0.172361
0.065381
0.120916
0.116545
0.210530
0.041832
0.069265
0.027959
0.157996
0.108830
0.270956
0.050161
0.247799
0.106164
0.015859
0.266742
0.098071
0.021932
0.072599
0.091042
0.148737
0.020844
0.137830
0.124679
0.123370
0.023173
0.162600
0.147029
0.034443
0.099706
0.082280
0.033862
0.166649
0.289183
0.052895
0.065208
0.076922
0.045842
0.245683
0.028258
0.060679
0.015203
0.159836
0.105199
0.172734
0.224096
0.041278
0.469875
0.040931
0.057818
0.020538
0.089481
0.105119
0.181058
0.081996
0.096756
0.009011
0.161076
0.028005
0.320164
0.096952
0.060467
0.231322
0.060108
0.012451
0.058505
0.301397
0.115698
0.080856
0.017267
0.093088
0.100430
0.012667
0.076927
0.148758
0.126791
0.039425
0.067655
0.190136
0.141572
0.036998
0.016926
0.043592
0.029367
0.026298
0.084428
0.073954
0.029390
0.151389
0.051962
0.244026
0.187798
0.039376
0.167930
0.005927
0.137187
0.025264
0.198464
0.101095
0.035843
0.105380
0.123196
0.160507
0.073517
0.200997
0.039162
0.262388
0.165144
0.014956
0.228357
0.030292
0.040937
0.140858
0.017712
0.088917
0.020738
0.024254
0.158530
0.031948
0.060515
0.092540
0.018653
0.078240
0.504708
0.007596
0.162413
0.101090
0.107967
0.015102
0.240759
0.103750
0.016576
0.175086
0.037893
0.077726
0.105774
0.110382
0.071342
0.111034
0.238981
0.099436
0.127367
0.196015
0.048168
0.016813
0.031472
0.274757
0.016344
0.121516
0.039918
0.052840
0.058880
0.034427
0.243656
0.017665
0.007870
0.063895
0.050100
0.234205
0.183672
0.068120
0.049605
0.134885
0.135220
0.062810
0.091487
0.073925
0.086721
0.173458
0.046326
0.131104
0.248495
0.011297
0.092349
0.089327
0.063612
0.070703
0.092561
0.006180
0.037474
0.102985
0.015752
0.075368
0.022049
0.015389
0.015233
0.206891
0.011927
0.012810
0.112103
0.064444
0.015957
0.046918
0.060920
0.178162
0.096940
0.101202
0.011371
0.019662
0.050054
0.179111
0.071677
0.180048
0.062749
0.071539
0.079089
0.119554
0.030726
0.050221
0.091783
0.078517
0.171456
0.194692
0.090232
0.046753
0.064734
0.075649
0.138454
0.005787
0.076688
0.036170
0.064295
0.173304
0.121060
0.223888
0.006227
0.005629
0.062177
0.127613
0.096860
0.127941
0.102261
0.051810
0.154508
0.187840
0.271477
0.033264
0.072895
0.148742
0.137595
0.089316
0.089232
0.015481
0.020624
0.024252
0.060753
0.036995
0.033442
0.009759
0.144480
0.067912
0.110102
0.056961
0.195483
0.100579
0.142533
0.062250
0.093887
0.091803
0.087073
0.388649
0.034825
0.185660
0.036657
0.051877
0.027099
0.415771
0.013853
0.169708
0.168464
0.346804
0.215111
0.015824
0.212525
0.211018
0.004451
0.051841
0.017041
0.021944
0.134830
0.015620
0.052849
0.159156
0.447209
0.198896
0.041537
0.186349
0.018982
0.258766
0.007149
0.153029
0.041925
0.333029
0.086405
0.277046
0.020966
0.082557
0.061799
0.032194
0.071034
0.047259
0.024543
0.055488
0.111468
0.288330
0.042157
0.016644
0.139363
0.107149
0.034512
0.223606
0.020580
0.022063
0.087347
0.340394
0.176841
0.054558
0.030605
0.023176
0.102900
0.111134
0.231651
0.066164
0.060213
0.180851
0.087503
0.080423
0.030177
0.047813
0.123455
0.050457
0.120975
0.022843
0.021116
0.015868
0.081787
0.115734
0.097384
0.172343
0.074277
0.069508
0.027881
0.072874
0.045236
0.159455
0.013396
0.085131
0.123997
0.032030
0.100216
0.169537
0.067132
0.062397
0.009392
0.051234
0.229564
0.068297
0.186419
0.207696
0.063173
0.027855
0.222334
0.028505
0.079548
0.376346
0.090122
0.307786
0.008590
0.151578
0.114166
0.077385
0.084457
0.042715
0.066053
0.139855
0.036270
0.267025
0.037561
0.215223
0.046514
0.049739
0.019993
0.037568
0.043944
0.052803
0.180753
0.096157
0.145600
0.147294
0.008927
0.058525
0.018647
0.141498
0.022959
0.102189
0.061121
0.072610
0.254201
0.058500
0.111946
0.050257
0.205800
0.027872
0.070690
0.038049
0.028140
0.159673
0.102253
0.142716
0.018977
0.076012
0.017000
0.072103
0.175527
0.094758
0.011869
0.107122
0.018936
0.114106
0.310260
0.309855
0.208661
0.013829
0.118538
0.059130
0.071403
0.036629
0.069245
0.132976
0.035491
0.124777
0.096672
0.034481
0.077413
0.131038
0.109770
0.039613
0.482231
0.202189
0.140446
0.025520
0.094593
0.057731
0.046777
0.005883
0.019102
0.062742
0.061668
0.025644
0.015582
0.037540
0.150169
0.055175
0.188918
0.139260
0.056474
0.036510
0.175702
0.142064
0.044813
0.180090
0.060457
0.029556
0.021500
0.072128
0.029781
0.046968
0.031870
0.023242
0.171008
0.045469
0.276498
0.027249
0.099150
0.240300
0.061206
0.016376
0.036932
0.266374
0.014158
0.024545
0.149237
0.070943
0.080738
0.011604
0.009278
0.202255
0.163902
0.094723
0.007574
0.241691
0.044570
0.061575
0.019145
0.064840
0.013106
0.098772
0.019178
0.046922
0.281038
0.133840
0.021906
0.131027
0.096763
0.164907
0.097039
0.062411
0.103648
0.015907
0.075180
0.349254
0.017948
0.018031
0.019931
0.079216
0.103910
0.063434
0.163833
0.036488
0.025992
0.098522
0.078132
0.062380
0.033238
0.182393
0.068459
0.075909
0.031179
0.019469
0.146001
0.008390
0.009585
0.250166
0.022613
0.202820
0.031020
0.045687
0.242538
0.132488
0.022892
0.058115
0.103747
0.038205
0.066764
0.033767
0.129740
0.018324
0.126529
0.138546
0.181078
0.006653
0.095812
0.035178
0.290376
0.063471
0.074616
0.100466
0.027149
0.105043
0.011991
0.038424
0.090770
0.042893
0.069009
0.153116
0.024740
0.019477
0.251937
0.119387
0.045862
0.025960
0.192870
0.047566
0.060823
0.070842
0.048137
0.106728
0.132195
0.132782
0.005893
0.071641
0.130516
0.033295
0.024244
0.010482
0.091057
0.011873
0.069424
0.012691
0.008740
0.047088
0.112912
0.127336
0.014931
0.348202
0.017459
0.091363
0.233457
0.125016
0.130503
0.192456
0.020231
0.131465
0.163199
0.123222
0.038231
0.202794
0.094357
0.156430
0.030035
0.049410
0.079233
0.155189
0.701998
0.075480
0.139678
0.123450
0.039320
0.016322
0.013938
0.026733
0.019056
0.125639
0.002019
0.109819
0.064803
0.048672
0.125495
0.173657
0.136044
0.267529
0.132816
0.120449
0.033713
0.156128
0.119160
0.074184
0.037835
0.033563
0.159969
0.143225
0.079063
0.280408
0.060820
0.010363
0.026914
0.197113
0.024892
0.070888
0.129574
0.011864
0.024909
0.020110
0.078158
0.025922
0.163061
0.022910
0.081946
0.024880
0.016006
0.107707
0.072507
0.033884
0.072815
0.120120
0.027711
0.095925
0.072590
0.036114
0.159492
0.059492
0.084979
0.055764
0.029327
0.119543
0.034846
0.107368
0.114731
0.103337
0.023078
0.109600
0.013148
0.188090
0.170627
0.082443
0.083093
0.191629
0.068254
0.005316
0.024241
0.056198
0.040877
0.147753
0.205081
0.015130
0.036888
0.010968
0.006578
0.216577
0.192770
0.014014
0.044474
0.025313
0.169951
0.042317
0.083291
0.020432
0.178056
0.011891
0.059669
0.206096
0.179389
0.048525
0.126828
0.021305
0.027539
0.107670
0.022709
0.011716
0.024454
0.095847
0.097431
0.100580
0.027975
0.092793
0.009868
0.054821
0.082828
0.222191
0.065436
0.180102
0.150128
0.079193
0.252842
0.056491
0.062438
0.215617
0.025050
0.101472
0.061227
0.092100
0.040338
0.023086
0.151392
0.036168
0.133947
0.060098
0.042759
0.019187
0.031207
0.141987
0.115588
0.015829
0.035492
0.064307
0.051405
0.217370
0.551644
0.025232
0.085504
0.049724
0.096757
0.106069
0.046773
0.144787
0.149615
0.172526
0.206243
0.022489
0.006935
0.119742
0.067063
0.092743
0.106716
0.010013
0.184640
0.015164
0.126404
0.133078
0.104775
0.140804
0.033834
0.077726
0.123444
0.091267
0.008419
0.137440
0.071519
0.113645
0.091639
0.040396
0.020051
0.008174
0.033599
0.005692
0.068192
0.118413
0.013948
0.016640
0.015638
0.082055
0.362159
0.063401
0.044678
0.016292
0.036027
0.033267
0.203130
0.067471
0.082192
0.067598
0.088850
0.108676
0.006950
0.303668
0.018643
0.056171
0.146268
0.239852
0.033778
0.292059
0.024245
0.029991
0.123245
0.018487
0.174875
0.071491
0.043297
0.032759
0.039198
0.034084
0.163700
0.075673
0.312211
0.099028
0.112492
0.091919
0.023721
0.084882
0.178561
0.034446
0.079906
0.017751
0.015508
0.131395
0.015769
0.034005
0.051957
0.049491
0.239426
0.019554
0.093926
0.057418
0.076979
0.139084
0.018654
0.326472
0.383467
0.283613
0.058105
0.045937
0.054215
0.031350
0.167757
0.192237
0.039981
0.098290
0.217254
0.016741
0.089395
0.041208
0.054547
0.064370
0.091935
0.054332
0.120903
0.110341
0.011401
0.049159
0.009493
0.153156
0.034228
0.132063
0.018213
0.098690
0.018171
0.027454
0.121062
0.122378
0.107630
0.127293
0.010300
0.006919
0.063305
0.125535
0.042131
0.026544
0.020199
0.107589
0.017267
0.052531
0.160577
0.017823
0.041551
0.037679
0.315034
0.019003
0.179024
0.059443
0.015249
0.043859
0.074626
0.080628
0.047210
0.139516
0.044981
0.138427
0.063382
0.031153
0.041255
0.006910
0.085902
0.022310
0.123281
0.219261
0.269194
0.021539
0.065886
0.252604
0.021608
0.096920
0.030087
0.098913
0.090730
0.043197
0.000644
0.285744
0.010222
0.042376
0.015083
0.025240
0.155407
0.059042
0.032054
0.018280
0.131213
0.024174
0.035861
0.370703
0.103019
0.016031
0.058683
0.012750
0.036678
0.187597
0.056874
0.041767
0.064487
0.062319
0.010418
0.118238
0.045218
0.063493
0.073708
0.084063
0.035576
0.139906
0.080422
0.146260
0.041951
0.200903
0.037391
0.093827
0.209540
0.006511
0.017650
0.164793
0.013222
0.010929
0.064929
0.017743
0.028655
0.049647
0.144305
0.097458
0.022430
0.018285
0.088633
0.157128
0.133935
0.115051
0.072218
0.101888
0.058947
0.114905
0.084682
0.021289
0.281239
0.022475
0.027369
0.066745
0.032039
0.054273
0.071475
0.051072
0.150024
0.098399
0.008353
0.026803
0.022466
0.087819
0.009753
0.106326
0.090197
0.185746
0.011872
0.113501
0.024468
0.037740
0.124406
0.068617
0.064556
0.067586
0.138491
0.115965
0.064348
0.012690
0.269962
0.089160
0.131646
0.024574
0.028194
0.090043
0.066825
0.005707
0.123830
0.148662
0.018631
0.051383
0.069971
0.076993
0.079096
0.051163
0.221407
0.256848
0.003884
0.085307
0.230387
0.088537
0.038685
0.101371
0.012663
0.021073
0.296870
0.028367
0.027472
0.049430
0.056123
0.129099
0.029357
0.175923
0.327220
0.129001
0.035494
0.010936
0.216595
0.042302
0.079162
0.034035
0.010840
0.099408
0.069852
0.054997
0.059827
0.183573
0.102092
0.017720
0.158517
0.059362
0.266479
0.029930
0.004157
0.006670
0.013724
0.342266
0.031567
0.046472
0.194676
0.047371
0.093235
0.123485
0.003478
0.088219
0.238498
0.010135
0.200909
0.042644
0.095643
0.004042
0.014246
0.036237
0.039289
0.057344
0.210349
0.007421
0.033268
0.012905
0.139661
0.010237
0.070065
0.365279
0.025286
0.105867
0.080202
0.148986
0.103743
0.028145
0.059241
0.055041
0.035167
0.030407
0.140043
0.116975
0.013412
0.014815
0.088534
0.096598
0.036232
0.204163
0.167788
0.051371
0.025070
0.014310
0.032800
0.088070
0.090577
0.101803
0.063439
0.038263
0.011538
0.201418
0.038644
0.013695
0.084967
0.179446
0.009815
0.033012
0.148370
0.020965
0.014449
0.211783
0.029203
0.033722
0.041880
0.012155
0.080613
0.055554
0.077287
0.107145
0.094809
0.057988
0.091100
0.100720
0.214989
0.152636
0.026534
0.094368
0.371336
0.027533
0.096929
0.047633
0.182043
0.057067
0.005320
0.171460
0.158627
0.135589
0.066336
0.022458
0.054205
0.015048
0.033438
0.027584
0.007633
0.107942
0.019575
0.021827
0.064078
0.101524
0.065542
0.301008
0.068775
0.036303
0.096774
0.023040
0.064311
0.029639
0.044345
0.076491
0.019792
0.099464
0.040465
0.013810
0.026956
0.118827
0.059411
0.038165
0.113380
0.125012
0.039520
0.131610
0.191783
0.012453
0.576316
0.040788
0.096382
0.039110
0.016302
0.024573
0.042363
0.079362
0.166586
0.189712
0.027093
0.013236
0.070264
0.021923
0.021180
0.095025
0.224978
0.160193
0.094358
0.005125
0.040817
0.080555
0.009307
0.045940
0.020392
0.144384
0.219568
0.055520
0.115764
0.173864
0.207664
0.011654
0.021564
0.056615
0.009787
0.024840
0.251484
0.008872
0.074786
0.099596
0.028930
0.045224
0.072802
0.038537
0.021252
0.012667
0.127271
0.010658
0.069245
0.027901
0.150566
0.026280
0.040093
0.014993
0.022839
0.037473
0.009462
0.134931
0.296051
0.223661
0.039416
0.026117
0.340148
0.023425
0.143991
0.027616
0.108010
0.034656
0.050895
0.138705
0.070655
0.005210
0.084819
0.014832
0.025414
0.212902
0.042202
0.073239
0.078380
0.168200
0.069941
0.018377
0.306426
0.061241
0.177525
0.109967
0.078191
0.071894
0.104205
0.104483
0.055638
0.041931
0.092118
0.081017
0.039483
0.022444
0.034091
0.018680
0.033883
0.076743
0.111276
0.110320
0.296194
0.130601
0.051265
0.105381
0.155591
0.023870
0.068491
0.123613
0.048704
0.029702
0.059578
0.085057
0.132136
0.007920
0.111215
0.025557
0.132745
0.135384
0.075324
0.156985
0.034369
0.119292
0.164421
0.313177
0.168202
0.153621
0.037251
0.073076
0.093640
0.063435
0.055188
0.100458
0.019106
0.004726
0.100247
0.016388
0.009901
0.016643
0.071646
0.027781
0.065672
0.007335
0.064064
0.116087
0.073857
0.026481
0.183875
0.066220
0.005892
0.032703
0.076022
0.015597
0.026274
0.180825
0.052250
0.016443
0.147132
0.008888
0.149476
0.053114
0.028036
0.009840
0.010328
0.054871
0.184029
0.143112
0.102416
0.044456
0.036470
0.017878
0.010810
0.089408
0.026822
0.187578
0.037845
0.363616
0.059178
0.021708
0.050499
0.173353
0.048884
0.048055
0.017754
0.040755
0.201837
0.032393
0.094526
0.036266
0.016665
0.033390
0.073513
0.071330
0.013692
0.009786
0.008888
0.073024
0.222874
0.018541
0.028133
0.210648
0.016892
0.159763
0.020080
0.025433
0.065940
0.013361
0.173862
0.131814
0.047925
0.153980
0.067385
0.010347
0.061102
0.213039
0.042053
0.140405
0.045661
0.181948
0.302672
0.056311
0.092419
0.056238
0.141680
0.020894
0.133855
0.021036
0.086822
0.067971
0.076724
0.106345
0.041292
0.048911
0.009270
0.015326
0.025875
0.167830
0.075482
0.023831
0.094953
0.062652
0.095801
0.176311
0.136864
0.068832
0.095249
0.142037
0.012893
0.024073
0.026042
0.149568
0.071680
0.050435
0.034530
0.005516
0.217407
0.074125
0.046909
0.250816
0.095870
0.059530
0.105804
0.019747
0.149186
0.058433
0.041325
0.043429
0.055850
0.063002
0.214643
0.009669
0.010655
0.094618
0.051795
0.043392
0.060630
0.019472
0.099281
0.058059
0.013705
0.061902
0.045929
0.138604
0.171264
0.004368
0.085336
0.027893
0.058502
0.196342
0.038805
0.318353
0.012560
0.032219
0.029432
0.041038
0.070345
0.034810
0.034880
0.014276
0.020334
0.033934
0.039621
0.017234
0.191853
0.106996
0.040232
0.021093
0.047973
0.103866
0.096398
0.004336
0.051558
0.106131
0.085438
0.049863
0.025650
0.050419
0.218994
0.165380
0.089278
0.167813
0.161866
0.047188
0.056002
0.206380
0.010001
0.311123
0.233416
0.108319
0.071420
0.178897
0.027110
0.101060
0.012273
0.006388
0.237215
0.091651
0.012438
0.064831
0.044815
0.030303
0.045354
0.023914
0.025707
0.048525
0.002836
0.098458
0.155067
0.025949
0.003085
0.195358
0.050469
0.067238
0.074004
0.013234
0.050145
0.044915
0.028033
0.023107
0.099719
0.031755
0.070311
0.010543
0.061201
0.128159
0.177573
0.062838
0.037160
0.234477
0.281092
0.009367
0.034562
0.026561
0.056303
0.221670
0.038190
0.093850
0.044384
0.093140
0.063645
0.089360
0.179265
0.061469
0.016372
0.005986
0.017215
0.006945
0.035798
0.196563
0.323397
0.005456
0.382744
0.005002
0.032931
0.013500
0.008070
0.074245
0.030305
0.149173
0.016720
0.105955
0.077325
0.282996
0.050533
0.020679
0.024675
0.129852
0.082285
0.109967
0.055835
0.033989
0.013358
0.006037
0.173104
0.166886
0.026605
0.012733
0.082236
0.038626
0.012767
0.125007
0.024684
0.015086
0.163362
0.111384
0.039621
0.070000
0.008992
0.052569
0.031701
0.264194
0.149224
0.189918
0.006731
0.015760
0.039546
0.010151
0.015173
0.155861
0.040699
0.015973
0.149045
0.019568
0.097886
0.123020
0.069272
0.032087
0.057452
0.137335
0.220715
0.142246
0.154558
0.045184
0.069742
0.005718
0.054336
0.245339
0.069033
0.020563
0.126842
0.337075
0.053250
0.057342
0.012368
0.039672
0.013272
0.041594
0.150671
0.061012
0.068216
0.024402
0.129191
0.087024
0.067301
0.025393
0.013317
0.005424
0.019662
0.010181
0.011798
0.067423
0.159286
0.026506
0.017380
0.302445
0.093235
0.029391
0.099233
0.047499
0.016074
0.161573
0.061072
0.080311
0.083366
0.128030
0.102444
0.027649
0.158502
0.116744
0.007214
0.019672
0.059146
0.046318
0.048664
0.079596
0.038478
0.247820
0.015069
0.144154
0.059019
0.060612
0.029993
0.263386
0.048882
0.024282
0.305561
0.037549
0.015518
0.197366
0.038638
0.020002
0.082122
0.013570
0.360042
0.057012
0.031264
0.091047
0.059240
0.083465
0.125245
0.008421
0.044605
0.077199
0.017435
0.089551
0.108375
0.132555
0.018387
0.025821
0.105908
0.103753
0.059546
0.044036
0.023699
0.077798
0.149181
0.026303
0.046956
0.038878
0.074559
0.169264
0.016335
0.031163
0.024114
0.005155
0.046102
0.152054
0.070320
0.015285
0.168057
0.048483
0.176056
0.279319
0.014082
0.062175
0.007704
0.256037
0.394874
0.080653
0.039060
0.043221
0.110122
0.068779
0.068774
0.065409
0.062695
0.040455
0.150451
0.021310
0.122405
0.004500
0.128488
0.051420
0.079586
0.032257
0.021849
0.067991
0.027532
0.032331
0.008363
0.056837
0.109309
0.033435
0.095077
0.027116
0.205346
0.060255
0.062470
0.016537
0.121956
0.025126
0.060791
0.035314
0.085642
0.191028
0.109728
0.041995
0.107909
0.208685
0.006896
0.023610
0.125186
0.064384
0.026325
0.190041
0.033512
0.037066
0.023450
0.026048
0.042608
0.017209
0.073563
0.124985
0.054036
0.332300
0.061442
0.019444
0.012117
0.020470
0.015814
0.116635
0.027558
0.020988
0.131559
0.173420
0.039177
0.012368
0.013563
0.057771
0.032728
0.040226
0.052204
0.180194
0.180159
0.010480
0.093531
0.011558
0.041167
0.061481
0.116371
0.056334
0.013849
0.046077
0.040603
0.085040
0.119316
0.022279
0.033404
0.019395
0.116391
0.034510
0.163721
0.034844
0.108428
0.014511
0.015635
0.013055
0.037740
0.139008
0.121760
0.174904
0.035885
0.114307
0.013109
0.019324
0.006109
0.011701
0.037299
0.044866
0.218624
0.179954
0.080979
0.047291
0.017152
0.230751
0.020712
0.153997
0.056208
0.053467
0.012384
0.045233
0.034804
0.026457
0.052218
0.017132
0.009798
0.055830
0.007957
0.006220
0.061059
0.018184
0.035698
0.084965
0.090544
0.051105
0.026493
0.043473
0.043166
0.052185
0.008510
0.010497
0.322788
0.026825
0.009522
0.029962
0.063461
0.041673
0.041972
0.002903
0.024943
0.054564
0.109646
0.245826
0.083019
0.144563
0.174845
0.150878
0.099707
0.053171
0.008419
0.143903
0.014525
0.027068
0.060109
0.108798
0.016231
0.073552
0.061808
0.055251
0.076348
0.016146
0.017078
0.006242
0.123604
0.017197
0.028024
0.192588
0.021733
0.156719
0.050563
0.030861
0.092838
0.026860
0.065727
0.029476
0.277267
0.152628
0.078834
0.041620
0.528530
0.115888
0.101144
0.226265
0.004626
0.030954
0.058846
0.009149
0.028062
0.140634
0.106018
0.203295
0.210564
0.009022
0.024815
0.038106
0.006249
0.075993
0.036316
0.016115
0.126482
0.081142
0.044531
0.082883
0.023134
0.014324
0.011590
0.023100
0.100584
0.006727
0.021942
0.197919
0.025500
0.160587
0.080899
0.080260
0.045688
0.021506
0.020715
0.042484
0.163170
0.165609
0.095374
0.075496
0.154383
0.121375
0.119572
0.307413
0.125688
0.078704
0.030548
0.126718
0.038931
0.034801
0.032300
0.071364
0.029272
0.160231
0.010226
0.091385
0.043923
0.106651
0.093753
0.133870
0.027444
0.037858
0.088138
0.062909
0.049048
0.083320
0.014317
0.019871
0.005519
0.164433
0.390707
0.054565
0.278219
0.013872
0.186595
0.074579
0.018044
0.131691
0.007828
0.074204
0.021165
0.029772
0.133278
0.057283
0.038032
0.156172
0.075729
0.046748
0.095217
0.013320
0.005567
0.141214
0.027484
0.162593
0.008730
0.007612
0.035461
0.014503
0.021165
0.250466
0.041333
0.004915
0.056716
0.102431
0.020512
0.007351
0.008504
0.095416
0.373703
0.009653
0.112311
0.005568
0.022522
0.031572
0.075606
0.020948
0.006136
0.096007
0.010224
0.012164
0.036394
0.121303
0.032504
0.129353
0.191533
0.087661
0.026435
0.085820
0.044232
0.174911
0.122533
0.088508
0.036764
0.137776
0.100005
0.028946
0.055550
0.043804
0.026785
0.007393
0.023548
0.021237
0.023360
0.245557
0.045133
0.072087
0.051353
0.110852
0.116725
0.053729
0.022191
0.044488
0.027661
0.079800
0.187165
0.118919
0.308704
0.057508
0.044483
0.051356
0.139551
0.017114
0.008758
0.059299
0.027069
0.006122
0.006723
0.447390
0.091774
0.099166
0.020090
0.036295
0.062450
0.081402
0.098003
0.007680
0.030473
0.085880
0.083055
0.069231
0.041384
0.019134
0.159242
0.044328
0.155807
0.011009
0.042169
0.074658
0.041152
0.275205
0.042782
0.055546
0.034426
0.014586
0.038606
0.021557
0.005444
0.265566
0.009535
0.096598
0.014699
0.009131
0.010074
0.060264
0.133305
0.143277
0.009605
0.089256
0.065078
0.020706
0.012077
0.101021
0.177941
0.156166
0.018712
0.035151
0.066501
0.016761
0.072138
0.008525
0.024319
0.052017
0.078699
0.034717
0.129610
0.016528
0.012269
0.106424
0.037202
0.128968
0.025714
0.070336
0.040653
0.011481
0.187894
0.110956
0.032426
0.014829
0.171106
0.022983
0.158143
0.042239
0.118140
0.027836
0.344464
0.122516
0.242424
0.076607
0.147991
0.005690
0.124512
0.023044
0.038025
0.051676
0.036464
0.037385
0.037428
0.005826
0.189479
0.050757
0.054783
0.006881
0.015186
0.122494
0.047586
0.073756
0.093535
0.010342
0.014389
0.004161
0.036191
0.192224
0.046434
0.051278
0.089176
0.154465
0.097613
0.010815
0.203539
0.072650
0.049375
0.018225
0.009272
0.025920
0.026574
0.038938
0.034828
0.069965
0.153969
0.059130
0.013500
0.054001
0.029288
0.023094
0.132567
0.029756
0.018110
0.106093
0.242960
0.086280
0.051998
0.062957
0.075824
0.012205
0.167047
0.023703
0.172208
0.061472
0.034016
0.184398
0.208204
0.039957
0.086154
0.090241
0.192298
0.038137
0.023022
0.050203
0.142604
0.029436
0.009381
0.041966
0.014290
0.016106
0.001834
0.069957
0.117698
0.093355
0.016872
0.103952
0.006939
0.096450
0.019738
0.552132
0.128050
0.106595
0.109021
0.044246
0.192669
0.003565
0.012898
0.040635
0.082238
0.144618
0.014948
0.022531
0.027208
0.018254
0.061654
0.109971
0.009519
0.024209
0.083270
0.003968
0.032250
0.009153
0.035893
0.149080
0.160328
0.146482
0.048867
0.075339
0.010911
0.090018
0.202806
0.024897
0.022116
0.093847
0.087134
0.067698
0.110988
0.047516
0.172152
0.078913
0.032284
0.029963
0.033547
0.013156
0.012869
0.042965
0.012888
0.097036
0.172485
0.036671
0.051458
0.089823
0.005913
0.064419
0.151775
0.006179
0.006146
0.035428
0.088436
0.036408
0.128197
0.177160
0.024447
0.105656
0.004492
0.004475
0.147642
0.126857
0.063463
0.089165
0.052416
0.091664
0.030753
0.159932
0.072765
0.020917
0.016597
0.062099
0.080972
0.018816
0.005736
0.108349
0.050537
0.089234
0.176516
0.155870
0.216951
0.062350
0.120926
0.069424
0.133460
0.035189
0.005771
0.337233
0.058014
0.095100
0.055847
0.107536
0.082730
0.006487
0.093938
0.011874
0.077061
0.023458
0.039613
0.109903
0.228354
0.038831
0.083685
0.028653
0.113939
0.080767
0.043471
0.006790
0.013877
0.012635
0.052699
0.003311
0.102094
0.199571
0.013915
0.008203
0.003650
0.168262
0.035689
0.015018
0.124932
0.062568
0.022980
0.128627
0.023385
0.029422
0.042343
0.118367
0.120133
0.007613
0.118645
0.042509
0.025619
0.026794
0.044209
0.077806
0.122366
0.012679
0.086899
0.021182
0.024725
0.138898
0.020352
0.051501
0.011473
0.041425
0.063184
0.065173
0.238042
0.014158
0.159042
0.071191
0.002623
0.077132
0.092910
0.021920
0.180558
0.015994
0.032634
0.003478
0.238787
0.165288
0.016275
0.023053
0.014573
0.092092
0.134310
0.025854
0.096731
0.022237
0.012887
0.108142
0.046171
0.008942
0.130285
0.060881
0.036704
0.069215
0.801304
0.051875
0.136759
0.008056
0.020103
0.094398
0.059187
0.085095
0.065726
0.096339
0.045519
0.009824
0.040627
0.030980
0.023296
0.016609
0.142248
0.087472
0.121976
0.090866
0.043109
0.025191
0.021282
0.073201
0.014839
0.002768
0.077973
0.004095
0.010629
0.229852
0.149245
0.076958
0.082662
0.054205
0.051263
0.152276
0.015006
0.077100
0.116490
0.064013
0.191480
0.289714
0.048489
0.010651
0.084751
0.034361
0.019508
0.034616
0.058022
0.042708
0.035185
0.090289
0.004307
0.188017
0.014043
0.006993
0.038526
0.023701
0.042083
0.017500
0.382040
0.156264
0.035612
0.021951
0.089121
0.028889
0.041852
0.034806
0.044456
0.062802
0.073731
0.117880
0.112472
0.157799
0.037187
0.120686
0.026458
0.010532
0.003854
0.117838
0.008880
0.205611
0.110359
0.055700
0.020798
0.026934
0.006645
0.027386
0.100093
0.129407
0.039313
0.151993
0.117800
0.019313
0.176364
0.020383
0.053419
0.034687
0.047490
0.010039
0.028021
0.022886
0.043878
0.243169
0.043281
0.055771
0.022888
0.026009
0.071786
0.009986
0.028165
0.015990
0.035817
0.095447
0.019923
0.103329
0.035872
0.257619
0.069349
0.009669
0.100651
0.173157
0.031473
0.100266
0.036951
0.149761
0.085875
0.017719
0.171754
0.157087
0.169030
0.215504
0.002636
0.039981
0.020252
0.005186
0.088486
0.044600
0.029532
0.049895
0.123578
0.085750
0.015831
0.105789
0.017453
0.010259
0.092021
0.032331
0.304284
0.084061
0.056285
0.041390
0.028070
0.041744
0.054625
0.113375
0.362502
0.068605
0.057773
0.037981
0.061682
0.199529
0.009020
0.137332
0.025989
0.030947
0.171032
0.044686
0.017406
0.116075
0.169815
0.129369
0.093706
0.036136
0.030878
0.007906
0.030657
0.204792
0.020529
0.029567
0.097728
0.032304
0.053318
0.031203
0.031941
0.084030
0.097366
0.007928
0.122645
0.062794
0.010262
0.022518
0.006722
0.036338
0.035123
0.104195
0.064778
0.177583
0.149421
0.214234
0.115213
0.008205
0.038941
0.008457
0.189299
0.039630
0.024700
0.061431
0.037861
0.053361
0.191244
0.129491
0.124102
0.120840
0.072743
0.101575
0.061189
0.017923
0.127433
0.091985
0.035498
0.178876
0.108655
0.002543
0.092428
0.035741
0.104959
0.187110
0.008269
0.014742
0.062087
0.015135
0.051402
0.004743
0.013533
0.084338
0.220771
0.158398
0.094111
0.010471
0.017355
0.167912
0.086584
0.106261
0.021946
0.070882
0.086080
0.091124
0.150680
0.034474
0.101079
0.057406
0.007226
0.097210
0.156841
0.006290
0.011400
0.214245
0.074045
0.026137
0.029653
0.016740
0.156123
0.054325
0.021496
0.255404
0.063666
0.067255
0.061934
0.095299
0.050732
0.025088
0.048111
0.107864
0.037580
0.118419
0.032599
0.015223
0.053728
0.004279
0.063250
0.049519
0.008863
0.041507
0.248222
0.028018
0.022145
0.016828
0.023194
0.008631
0.005934
0.073997
0.014050
0.012586
0.009852
0.044151
0.089436
0.042376
0.018719
0.076651
0.020417
0.020056
0.076234
0.291166
0.019281
0.111990
0.059206
0.010082
0.056695
0.085088
0.013918
0.011632
0.004774
0.045661
0.089512
0.018475
0.004917
0.026645
0.046364
0.027129
0.020801
0.272305
0.013457
0.157670
0.003078
0.080502
0.110153
0.188692
0.023595
0.005248
0.102426
0.057511
0.019721
0.033460
0.076597
0.033078
0.007150
0.017311
0.234133
0.012041
0.114613
0.024363
0.162301
0.081125
0.065183
0.034040
0.027229
0.004877
0.060920
0.097245
0.146236
0.064187
0.022052
0.068636
0.049592
0.070169
0.076831
0.044652
0.075307
0.030255
0.029425
0.018446
0.027900
0.111179
0.055645
0.009763
0.049018
0.110548
0.025115
0.062672
0.033907
0.120667
0.017641
0.150076
0.071666
0.213965
0.006167
0.073639
0.006701
0.111850
0.139407
0.019405
0.061376
0.008080
0.021059
0.015743
0.075952
0.067216
0.055572
0.007796
0.188129
0.104215
0.017438
0.123357
0.092899
0.122114
0.097393
0.075550
0.142279
0.195824
0.239926
0.095815
0.225765
0.024153
0.006659
0.006740
0.034239
0.079198
0.034480
0.085016
0.005490
0.211473
0.006288
0.077402
0.018207
0.042310
0.098930
0.010175
0.214444
0.027574
0.106375
0.027679
0.118963
0.122899
0.053358
0.012777
0.101974
0.207006
0.165345
0.012516
0.029509
0.002767
0.014002
0.010770
0.033588
0.012259
0.030558
0.009351
0.149906
0.147608
0.026957
0.054616
0.025116
0.133904
0.140675
0.123152
0.148767
0.003565
0.024310
0.166770
0.040734
0.024190
0.022583
0.036597
0.017794
0.059745
0.003002
0.084895
0.018176
0.061671
0.051896
0.150656
0.026234
0.123675
0.017080
0.003191
0.177940
0.009248
0.426939
0.067709
0.038692
0.044775
0.004932
0.177862
0.010888
0.013099
0.097940
0.076797
0.088548
0.048906
0.019765
0.012879
0.060947
0.132826
0.096442
0.014104
0.157771
0.050344
0.037432
0.006905
0.006565
0.062459
0.200573
0.013100
0.009734
0.027093
0.064724
0.022872
0.020947
0.013915
0.262119
0.043503
0.039376
0.041860
0.084879
0.080858
0.052301
0.011109
0.027553
0.013556
0.362444
0.012334
0.068104
0.174410
0.288007
0.111163
0.049098
0.018987
0.074624
0.051025
0.024263
0.006346
0.016555
0.234547
0.024821
0.068843
0.046669
0.097719
0.008021
0.013929
0.091907
0.023492
0.178048
0.011035
0.024453
0.065530
0.106806
0.014521
0.110478
0.005826
0.043132
0.116838
0.028100
0.022884
0.003230
0.019391
0.143523
0.243718
0.017541
0.040375
0.107633
0.148855
0.026466
0.005540
0.007464
0.110015
0.134954
0.249380
0.117175
0.064267
0.047236
0.038615
0.011646
0.040082
0.126939
0.181875
0.032392
0.034830
0.020678
0.327395
0.010775
0.079324
0.059652
0.024322
0.002499
0.029195
0.070264
0.010878
0.146180
0.031855
0.024034
0.059483
0.174165
0.005506
0.014113
0.038580
0.115321
0.181966
0.251468
0.161268
0.004644
0.114040
0.060641
0.024232
0.097711
0.012026
0.148474
0.023612
0.041816
0.011248
0.019345
0.021598
0.145158
0.107624
0.065393
0.019805
0.016498
0.139929
0.123092
0.022159
0.011877
0.229513
0.037565
0.053499
0.017495
0.025692
0.016108
0.025057
0.016794
0.115799
0.096797
0.030046
0.056658
0.028121
0.003133
0.113237
0.004333
0.079627
0.045920
0.005358
0.059431
0.070628
0.011350
0.045202
0.037266
0.180801
0.014159
0.138653
0.067102
0.133065
0.265578
0.006668
0.016191
0.247716
0.017575
0.028161
0.062913
0.031725
0.134753
0.004152
0.015488
0.016186
0.044458
0.054250
0.010324
0.063637
0.056934
0.154774
0.089308
0.115306
0.068371
0.034074
0.221871
0.138039
0.027983
0.251477
0.130432
0.042616
0.142346
0.018891
0.023334
0.025542
0.006809
0.133459
0.043849
0.221843
0.029930
0.021474
0.104490
0.012930
0.014197
0.020590
0.244778
0.021622
0.008203
0.005185
0.124945
0.035921
0.122544
0.011729
0.029758
0.136709
0.098803
0.061088
0.013888
0.011819
0.123468
0.007108
0.004038
0.072158
0.043365
0.103370
0.059336
0.030546
0.108622
0.003659
0.022315
0.012620
0.086692
0.005038
0.134193
0.069817
0.064548
0.056838
0.011412
0.198075
0.015071
0.028404
0.057609
0.074393
0.034944
0.124916
0.215129
0.039642
0.019711
0.060069
0.181655
0.024886
0.064653
0.045594
0.054730
0.015999
0.010228
0.028900
0.260082
0.022983
0.026271
0.089695
0.029097
0.011824
0.055584
0.080629
0.018396
0.051656
0.005826
0.036057
0.021233
0.070984
0.257533
0.126746
0.007371
0.188977
0.049888
0.019551
0.092938
0.120511
0.081557
0.156096
0.073748
0.019536
0.045014
0.016526
0.135159
0.019714
0.024549
0.019706
0.051404
0.079280
0.010626
0.010105
0.023788
0.046693
0.079486
0.143450
0.036103
0.073218
0.116218
0.051725
0.060698
0.159715
0.013045
0.016024
0.023207
0.008367
0.042164
0.019926
0.009933
0.024855
0.108513
0.103640
0.054276
0.012273
0.088616
0.005997
0.019631
0.063361
0.086715
0.022451
0.023687
0.010664
0.027495
0.028534
0.025312
0.045272
0.026377
0.352723
0.008694
0.115353
0.013974
0.068839
0.029617
0.019009
0.020841
0.100658
0.246532
0.078562
0.018306
0.111443
0.128818
0.062831
0.155137
0.045899
0.150584
0.013824
0.054021
0.054868
0.062045
0.042608
0.018146
0.024665
0.171396
0.044588
0.069771
0.110998
0.152656
0.036094
0.039013
0.040991
0.105981
0.109279
0.090783
0.113821
0.035040
0.079508
0.040128
0.205299
0.089721
0.003211
0.076911
0.170544
0.006884
0.181834
0.162272
0.009649
0.046628
0.339585
0.006539
0.115043
0.013923
0.125830
0.004716
0.132873
0.252240
0.048510
0.089950
0.007118
0.101588
0.047863
0.021517
0.013738
0.014043
0.012711
0.056304
0.032240
0.016529
0.060383
0.010771
0.007404
0.087993
0.004711
0.064350
0.055555
0.060066
0.134971
0.003336
0.121774
0.023902
0.034970
0.029805
0.022021
0.032930
0.090773
0.035236
0.094035
0.023171
0.024656
0.137999
0.103085
0.162676
0.054371
0.136499
0.072501
0.104688
0.102593
0.085108
0.173760
0.158593
0.044263
0.014386
0.008700
0.163042
0.031790
0.029409
0.130470
0.070036
0.072960
0.047193
0.076200
0.036657
0.013866
0.083115
0.012261
0.050300
0.096065
0.001712
0.087907
0.099618
0.012769
0.025815
0.168841
0.004831
0.045171
0.008970
0.064118
0.023670
0.085618
0.185770
0.080659
0.254638
0.011715
0.055323
0.024153
0.055182
0.212524
0.104713
0.027410
0.018243
0.126114
0.102360
0.100035
0.069840
0.074606
0.004835
0.031252
0.074972
0.013145
0.014434
0.009833
0.045786
0.052318
0.132841
0.008570
0.008575
0.005597
0.041873
0.056542
0.004017
0.028665
0.197850
0.188755
0.068549
0.109349
0.046934
0.022910
0.017454
0.094253
0.019479
0.161967
0.232607
0.007700
0.254094
0.048617
0.011829
0.026747
0.014726
0.139271
0.118584
0.009984
0.003843
0.031948
0.023570
0.107441
0.054190
0.114807
0.046195
0.003869
0.007316
0.036378
0.004372
0.022472
0.101505
0.038916
0.137158
0.061703
0.056949
0.020487
0.026827
0.014141
0.049416
0.022535
0.052557
0.035026
0.099787
0.258011
0.033832
0.149632
0.112061
0.034054
0.028011
0.013467
0.106379
0.049192
0.006490
0.106563
0.309469
0.120477
0.143678
0.012454
0.002784
0.176538
0.084123
0.077537
0.045883
0.013200
0.140768
0.262902
0.187734
0.018450
0.030784
0.007534
0.034049
0.009419
0.103145
0.014842
0.066016
0.005372
0.035931
0.066218
0.099268
0.104058
0.112149
0.101428
0.087750
0.048725
0.040876
0.006682
0.084281
0.026243
0.025893
0.019714
0.063549
0.013586
0.020290
0.012826
0.028711
0.167585
0.064734
0.025912
0.017352
0.018518
0.097992
0.002780
0.006527
0.110260
0.078029
0.109056
0.085713
0.179409
0.055505
0.020805
0.052583
0.035308
0.018872
0.091363
0.057127
0.026823
0.010315
0.080497
0.232074
0.030038
0.075395
0.077654
0.017525
0.049864
0.058225
0.010974
0.025691
0.152791
0.004187
0.110387
0.416639
0.097043
0.009314
0.015280
0.182773
0.143775
0.030497
0.047646
0.108840
0.024484
0.088283
0.005557
0.014706
0.007706
0.016814
0.043254
0.033394
0.097561
0.022400
0.047964
0.013714
0.048235
0.152344
0.103653
0.027470
0.005713
0.034554
0.146287
0.011006
0.061968
0.062583
0.005824
0.012991
0.036796
0.129258
0.005530
0.027297
0.070731
0.015806
0.089225
0.056364
0.076922
0.054906
0.002153
0.078106
0.070739
0.028353
0.089333
0.151318
0.062239
0.151658
0.080901
0.023330
0.007025
0.093347
0.013394
0.013283
0.264789
0.040028
0.016382
0.021025
0.090095
0.022478
0.127778
0.005996
0.110456
0.025036
0.151150
0.025120
0.042312
0.004233
0.013264
0.166869
0.048421
0.022744
0.031753
0.139478
0.077563
0.002763
0.045055
0.017573
0.188708
0.154072
0.034209
0.014750
0.012490
0.020748
0.089742
0.006478
0.110430
0.009769
0.094462
0.058147
0.032951
0.017070
0.096895
0.056526
0.115656
0.029001
0.094754
0.009379
0.269922
0.015083
0.029553
0.020919
0.044561
0.028397
0.020799
0.207224
0.046234
0.006537
0.010845
0.100993
0.026466
0.036232
0.097403
0.051084
0.162971
0.023648
0.032956
0.201395
0.199811
0.027056
0.072804
0.093890
0.094574
0.039984
0.151221
0.039536
0.133828
0.037497
0.077545
0.014202
0.027600
0.039605
0.025492
0.063817
0.013190
0.084794
0.228530
0.197923
0.101900
0.102881
0.015552
0.022532
0.047458
0.006138
0.089959
0.238784
0.028854
0.090562
0.030760
0.015085
0.207930
0.026566
0.136754
0.086070
0.078008
0.149624
0.011891
0.206879
0.029858
0.138068
0.198521
0.028016
0.031695
0.028549
0.033529
0.157426
0.014444
0.185747
0.089655
0.010702
0.022671
0.016788
0.030964
0.032049
0.122980
0.054570
0.024916
0.029816
0.002670
0.006625
0.014380
0.023925
0.014091
0.023525
0.039250
0.067701
0.038109
0.038497
0.110615
0.197387
0.033669
0.027083
0.078425
0.101864
0.049749
0.211477
0.089410
0.026217
0.036342
0.026958
0.168455
0.179380
0.020648
0.015765
0.015343
0.011026
0.010573
0.076236
0.071571
0.052193
0.119563
0.075858
0.019725
0.015664
0.105991
0.080208
0.019779
0.163861
0.231942
0.040416
0.007845
0.092865
0.174002
0.042700
0.008985
0.036293
0.075001
0.006887
0.094841
0.075477
0.040737
0.072597
0.131235
0.019430
