2.478678
2.443775
1.929824
1.807955
1.697078
1.528858
1.592110
1.503087
1.176370
1.208079
0.784523
1.817059
0.579134
1.118189
0.964885
1.523241
0.359099
0.595932
0.465944
0.614918
0.505584
0.626155
0.385894
0.331964
0.655113
3.929144
1.479594
0.783673
0.511390
0.295710
0.202914
0.263442
0.516670
0.081373
0.585922
0.042710
0.173633
0.110175
0.247363
0.419298
0.451573
0.183779
0.251996
0.194492
0.692958
0.088893
0.237419
0.187863
0.212917
0.384871
0.199604
0.233007
0.249153
0.419274
0.367343
0.462515
0.135356
0.212203
0.211607
0.356920
0.114725
0.197988
0.245488
0.186015
0.052385
0.384278
0.283791
0.529046
0.145684
0.101311
0.264644
0.454453
0.140107
0.407414
0.085714
0.310409
0.330664
0.432963
0.176103
0.140434
0.369512
0.109460
0.164699
0.150623
0.148985
0.180961
0.145277
0.135252
0.222004
0.265790
0.154149
0.361886
0.085086
0.064512
0.169953
0.238880
0.122772
0.186439
0.154678
0.097200
0.101922
0.228012
0.122611
0.153131
0.251577
0.051635
0.227853
0.225914
0.068574
0.377088
1.951127
0.304588
0.164977
0.142632
0.225887
0.217928
0.148610
0.126069
0.131180
0.103573
0.119099
0.406673
0.145496
0.146350
0.109784
0.069104
0.167087
0.110805
0.146628
0.125438
0.708647
0.132407
0.087954
0.217597
0.166663
0.017650
0.106345
0.381827
0.040372
0.164957
0.081414
0.105983
0.185572
0.093794
0.229536
0.129719
0.132946
0.124506
0.140329
0.061771
0.122503
0.234266
0.043897
0.251288
0.330466
0.092005
0.131537
0.227819
0.097931
0.756489
0.083561
0.242373
0.171069
0.151082
0.111965
0.202916
0.170364
0.122396
0.058671
0.263017
0.198754
0.154692
0.162564
0.296866
0.105894
0.069831
0.100336
0.095188
0.140426
0.119121
0.041693
0.143517
0.655130
0.066008
0.686898
0.153330
0.232944
0.056690
0.121728
0.185555
0.183347
0.176365
0.150883
0.139600
0.141836
0.166920
0.113175
0.255980
0.166899
0.181364
0.214700
0.067222
0.203204
0.038971
0.331109
0.122126
0.099507
0.116207
0.058812
0.030518
0.099434
0.230469
0.310540
0.044289
0.067778
0.370896
0.111176
0.254379
0.127691
0.188407
0.124646
0.159389
0.065736
0.212285
0.118978
0.093835
0.127436
0.076672
0.091559
0.173664
0.102409
0.193446
0.119483
0.323415
0.131684
0.064778
0.164192
0.533776
1.616417
0.181676
0.190855
0.226296
0.156666
0.028241
0.100564
0.178068
0.055318
0.132618
0.077189
0.103405
0.067034
0.224583
0.170805
0.269313
0.114251
0.101096
0.060056
0.183471
0.148802
0.090479
0.081756
0.108846
0.156868
0.201251
0.240749
0.054885
0.069204
0.413082
0.224516
0.149611
0.113730
0.065667
0.101555
0.142214
0.152356
0.105296
0.217833
0.200404
0.194240
0.312696
0.088889
0.077701
0.087072
0.075160
0.127145
0.138227
0.178914
0.046333
0.083549
0.135024
0.169367
0.116268
0.137781
0.129742
0.201727
0.405659
0.827958
0.677421
0.041550
0.210737
0.142827
0.177153
0.081636
0.158431
0.058318
0.145260
0.101488
0.228209
0.308023
0.140555
0.031424
0.070945
0.055464
0.169814
0.079941
0.144019
0.120542
0.113259
0.070101
0.149705
0.084428
0.187425
0.128605
0.165070
0.219528
0.082842
0.124749
0.073176
0.158155
0.073297
0.452231
0.393824
0.119816
0.147733
0.227304
0.105901
0.059366
0.077871
0.102259
0.101361
0.143356
0.014636
0.176166
0.189945
0.161532
0.110727
0.225943
0.112379
0.140609
0.137428
0.092780
0.142609
0.096215
0.126474
0.240415
0.154805
0.136901
0.191534
0.156480
0.034613
0.268730
0.064598
0.176181
0.116033
0.120427
0.165925
0.104641
0.087892
0.100154
0.095536
0.322406
0.046870
1.338604
0.248375
0.387020
0.105155
0.087180
0.144771
0.175259
0.172135
0.120024
0.134504
0.157114
0.118590
0.103718
0.103719
0.192874
0.063670
0.310828
0.059802
0.161179
0.036396
0.118307
0.261427
0.121765
0.230729
0.177583
0.171413
0.141601
0.100024
0.255810
0.095280
0.090711
0.217529
0.070084
0.205678
0.040765
0.061328
0.155520
0.349381
0.034035
0.190498
0.176311
0.283396
0.029603
0.164450
0.078096
0.096064
0.046271
0.206115
0.030450
0.289081
0.099713
0.232172
0.173496
0.177826
0.299078
0.138816
0.028753
0.125105
0.155190
0.072953
0.135017
0.091486
0.115137
0.269543
0.007352
0.440900
0.122257
0.154535
0.110438
0.144396
0.125382
0.151824
0.233063
0.085614
0.164330
0.248679
0.100237
0.076747
0.140137
0.096953
0.210825
0.106901
0.046482
0.311196
0.086199
0.428782
0.048164
0.321253
0.129237
0.150765
0.052278
0.094205
0.077300
0.271759
0.105732
0.300393
0.170416
0.134566
0.111408
0.065687
0.071919
0.089296
0.159044
0.160004
0.107916
0.124239
0.169269
0.205405
0.034492
0.102850
0.153250
0.086461
0.133013
0.123481
0.241535
0.196274
0.121473
0.217774
0.132459
0.180609
0.067963
0.113530
0.045823
0.161514
0.185664
0.142510
0.097049
0.199724
0.075961
0.095017
0.225941
0.069911
0.084919
0.254659
0.085120
0.201631
0.076069
0.804935
0.143723
0.855588
0.229418
0.218114
0.210303
0.134716
0.150472
0.096805
0.198688
0.126369
0.107821
0.076357
0.143547
0.160496
0.107944
0.079975
0.127598
0.188365
0.177568
0.149610
0.154071
0.148037
0.078882
0.190447
0.125169
0.153853
0.180959
0.224645
0.200990
0.075688
0.066509
0.203910
0.188004
0.055987
0.060058
0.280847
0.098363
0.134771
0.091904
0.242897
0.356479
0.106612
0.092960
0.106010
0.107895
0.071702
0.137393
0.141091
0.109043
0.143118
0.155668
0.164637
0.218336
0.143895
0.123583
0.067576
0.174753
0.076228
0.044955
0.115119
0.091110
0.066587
0.069950
0.121345
0.064365
0.182005
0.094542
0.094517
0.116884
0.116348
0.094993
0.150412
0.157512
0.431367
0.899016
0.087324
0.150143
0.210727
0.084151
0.174337
0.078574
0.238293
0.129155
0.098705
0.074465
0.046919
0.108262
0.145552
0.136248
0.177482
0.169662
0.065850
0.108041
0.135283
0.124282
0.051168
0.113199
0.199621
0.172910
0.171124
0.039765
0.386905
0.092971
0.156466
0.099800
0.146731
0.072837
0.200866
0.074936
0.881117
0.334891
0.074830
0.176216
0.099660
0.168791
0.080124
0.188920
0.088532
0.133937
0.052156
0.155654
0.114131
0.182022
0.116071
0.158080
0.081097
0.211462
0.120143
0.093289
0.106774
0.048105
0.204716
0.198071
0.087162
0.205431
0.106592
0.120930
0.172391
0.075819
0.068807
0.440413
0.184929
0.078386
0.310266
0.189147
0.113010
0.041437
0.097659
0.072854
0.132278
0.077859
0.090378
0.024850
0.321316
0.147401
0.107367
0.147757
0.104975
0.127267
0.113587
0.083085
0.621854
0.322897
0.055103
0.226238
0.069581
0.146908
0.215719
0.145733
0.201407
0.057115
0.078077
0.136242
0.189647
0.045427
0.171493
0.125827
0.056496
0.238019
0.133976
0.167599
0.038570
0.151726
0.212089
0.239162
0.305306
0.043308
0.109981
0.222447
0.161659
0.129102
0.171633
0.136675
0.144374
0.068767
0.096332
0.064595
0.131980
0.054769
0.091122
0.225023
0.078592
0.195279
0.175943
0.167728
0.111508
0.061436
0.220574
0.130280
0.082756
0.121303
0.103672
0.129892
0.154205
0.057757
0.244468
0.071537
0.079420
0.081621
0.223380
0.154929
0.051771
0.075218
0.129861
0.255306
0.066662
0.151803
0.055136
0.146623
0.045403
0.258960
0.085174
0.153283
0.137854
0.074902
0.191652
0.187490
0.155767
0.165095
0.126059
0.067648
0.188973
0.251348
0.304549
0.062755
0.056369
0.096203
0.132093
0.198902
0.068960
0.084294
0.170144
0.065000
0.129520
0.085942
0.087746
0.062183
0.038452
0.235955
0.064595
0.269771
0.231074
0.268584
0.216372
0.044211
0.086648
0.073595
0.194380
0.166804
0.098992
0.049492
0.141595
0.162705
0.106035
0.220264
0.181000
0.222642
0.164868
0.056101
0.129108
0.095833
0.070801
0.236078
0.091359
0.097837
0.131336
0.045936
0.083327
0.160447
0.137802
0.126837
0.231225
0.119062
0.125447
0.184936
0.065591
0.098768
0.087224
0.050532
0.138686
0.110138
0.102088
0.164709
0.092968
0.165968
0.080325
0.151723
0.247130
0.044644
0.179611
0.144613
0.052034
0.194004
0.070251
0.313674
0.120984
0.122350
0.136812
0.132770
0.107066
0.075411
0.049106
0.136397
0.241429
0.241551
0.361206
0.061798
0.531545
0.061966
0.326879
0.124243
0.178599
0.099806
0.164736
0.073348
0.068038
0.076865
0.064425
0.116582
0.194914
0.051764
0.071507
0.079132
0.056247
0.089408
0.159016
0.077619
0.076084
0.066049
0.253011
0.231128
0.075917
0.257823
0.130217
0.111056
0.292614
0.177074
0.073710
0.071186
0.074735
0.118913
0.039857
0.088587
0.089822
0.162415
0.226914
0.028897
0.143404
0.045692
0.308891
0.060912
0.261177
0.111139
0.058913
0.157676
0.144318
0.116189
0.068439
0.077524
0.080204
0.156068
0.069634
0.127403
0.272313
0.156919
0.366223
0.047525
0.148901
0.126247
0.150286
0.156218
0.149981
0.159051
0.085052
0.086433
0.120878
0.073160
0.197282
0.202257
0.082353
0.207854
0.043515
0.282673
0.127190
0.100436
0.086017
0.099305
0.247365
0.118979
0.057544
0.108356
0.136610
0.194362
0.146964
0.058811
0.057093
0.078840
0.107504
0.045876
0.171034
0.047749
0.130553
0.265983
0.101893
0.213636
0.166568
0.100083
0.200772
0.149792
0.115138
0.157339
0.095396
0.124428
0.077733
0.258338
0.037268
0.092281
0.152560
0.109178
0.101823
0.098466
0.180206
0.152026
0.101591
0.106258
0.080070
0.078150
0.081943
0.078335
0.401741
0.086058
0.467555
0.120110
0.115793
0.098355
0.154734
0.160936
0.057057
0.066312
0.230605
0.123079
0.134212
0.032501
0.172454
0.130993
0.104687
0.125053
0.047999
0.260612
0.067678
0.344707
0.103617
0.129681
0.068117
0.132458
0.056296
0.118256
0.135716
0.076819
0.087861
0.120551
0.174440
0.200608
0.146520
0.176872
0.103181
0.085247
0.134854
0.154420
0.098083
0.443885
0.125551
0.256351
0.079355
0.259761
0.060305
0.220315
0.062306
0.325841
0.086887
0.048081
0.088573
0.141787
0.028104
0.119515
0.143557
0.122018
0.095104
0.152866
0.168596
0.195631
0.073502
0.209239
0.084739
0.112429
0.103807
0.068071
0.070380
0.099232
0.047046
0.094557
0.099835
0.079956
0.146948
0.222128
0.085649
0.079796
0.123954
0.102225
0.086123
0.253558
0.044999
0.203124
0.112452
0.152382
0.164731
0.334206
0.076701
0.120205
0.126184
0.122570
0.167610
0.105494
0.018633
0.217227
0.094439
0.120175
0.469170
0.107003
0.100387
0.049801
0.148787
0.086588
0.041734
0.210765
0.059960
0.316308
0.133304
0.152613
0.144977
0.255201
0.156067
0.129130
0.345538
0.385482
0.035973
0.206506
0.060549
0.120963
0.071926
0.130157
0.068189
0.141178
0.210785
0.062136
0.112064
0.064393
0.237635
0.084219
0.057176
0.141975
0.167005
0.105033
0.144246
0.067751
0.235297
0.098335
0.179758
0.076272
0.087432
0.090556
0.088153
0.095246
0.121620
0.256084
0.240123
0.076521
0.079913
0.182869
0.204110
0.285493
0.036649
0.221257
0.060073
0.162992
0.068848
0.246383
0.192162
0.055477
0.160943
0.154298
0.101578
0.130165
0.223924
0.087433
0.112043
0.041152
0.084213
0.179745
0.274054
0.099427
0.174280
0.094497
0.149668
0.064487
0.124322
0.123363
0.120746
0.086964
0.065298
0.126827
0.205684
0.453345
0.093126
0.224299
0.110577
0.161001
0.130904
0.226049
0.102723
0.224139
0.195900
0.073542
0.205769
0.069793
0.059377
0.164328
0.271768
0.068374
0.092003
0.147740
0.110688
0.154477
0.163262
0.087081
0.200652
0.080231
0.065796
0.347677
0.318046
0.078051
0.113819
0.065958
0.063442
0.200957
0.059763
0.143993
0.084383
0.121715
0.076583
0.223814
0.087319
0.095859
0.325954
0.091647
0.075044
0.070232
0.166059
0.066674
0.228634
0.160016
0.033971
0.431957
0.699175
0.119676
0.182651
0.138344
0.109209
0.164961
0.173993
0.116208
0.101914
0.215736
0.046614
0.200770
0.189341
0.127960
0.180983
0.055547
0.056519
0.093194
0.039235
0.158651
0.071391
0.107083
0.082914
0.181895
0.035357
0.207422
0.111365
0.109965
0.097675
0.067566
0.193482
0.054849
0.217390
0.124338
0.119869
0.028009
0.072110
0.237117
0.095480
0.137440
0.124594
0.173804
0.121802
0.099027
0.144827
0.223878
0.130790
0.161931
0.134773
0.156106
0.111465
0.191657
0.098346
0.120444
0.171651
0.085517
0.085815
0.116421
0.044489
0.182292
0.173696
0.119231
0.082138
0.111333
0.184912
0.073860
0.115137
0.084538
0.127729
0.214936
0.127930
0.195474
0.125197
0.052611
0.224798
0.222088
0.190797
0.078559
0.116540
0.062399
0.228038
0.107977
0.064510
0.157857
0.139977
0.141753
0.192573
0.138589
0.118673
0.291892
0.106000
0.119456
0.112189
0.152166
0.079997
0.138512
0.230357
0.114184
0.286340
0.898152
0.277778
0.226846
0.138854
0.194774
0.164570
0.069920
0.110475
0.098961
0.146192
0.053826
0.093593
0.122400
0.148905
0.102384
0.088177
0.077306
0.103541
0.049917
0.126665
0.160656
0.177848
0.176856
0.102154
0.052065
0.206400
0.098320
0.082457
0.113009
0.238749
0.156784
0.088783
0.091596
0.135789
0.044584
0.158872
0.086023
0.248411
0.115412
0.089017
0.044576
0.163019
0.099474
0.065942
0.081133
0.272786
0.070194
0.145481
0.284720
0.052517
0.149692
0.088666
0.078608
0.030211
0.138751
0.063934
0.072474
0.247513
0.144271
0.176679
0.088682
0.201861
0.131463
0.146513
0.061678
0.154898
0.186338
0.258647
0.151118
0.152290
0.096318
0.098084
0.210528
0.078557
0.105766
0.093448
0.217501
0.033776
0.317400
0.190824
1.062489
0.088511
0.421555
0.083920
0.217270
0.179044
0.154364
0.161303
0.066607
0.061952
0.190179
0.101670
0.068706
0.185339
0.052886
0.050143
0.083220
0.125361
0.107305
0.136331
0.095933
0.165186
0.111294
0.080367
0.083054
0.145888
0.272109
0.242786
0.166811
0.198817
0.050463
0.177916
0.083237
0.106485
0.077604
0.083455
0.089549
0.055272
0.118689
0.192032
0.122001
0.160127
0.079088
0.084523
0.078000
0.091973
0.200853
0.073357
0.215146
0.102823
0.258975
0.054561
0.087592
0.286432
0.035621
0.061891
0.164941
0.099205
0.082716
0.118397
0.170992
0.134951
0.084356
0.139637
0.077285
0.181996
0.093666
0.148086
0.200285
0.098971
0.089334
0.127614
0.044111
0.178927
0.259366
0.087497
0.229109
0.116059
0.257986
0.229977
0.127488
0.102020
0.071710
0.191392
0.070899
0.101391
0.078919
0.265725
0.078305
0.636609
0.294790
0.173227
0.101389
0.087828
0.244389
0.244591
0.052510
0.068164
0.119056
0.185747
0.117567
0.109270
0.063994
0.118336
0.078186
0.099276
0.134553
0.065892
0.141919
0.169997
0.057468
0.108585
0.145249
0.101327
0.092375
0.225332
0.081011
0.166146
0.221499
0.152689
0.059885
0.126483
0.139818
0.082636
0.212520
0.094596
0.066583
0.245503
0.040948
0.153614
0.060944
0.034628
0.143529
0.102363
0.102289
0.241071
0.054477
0.216879
0.118704
0.400263
0.240516
0.081949
0.225132
0.026149
0.131911
0.067938
0.180892
0.097388
0.152386
0.101612
0.088944
0.228813
0.105486
0.179894
0.104803
0.169038
0.108758
0.131268
0.138968
0.065019
0.139495
0.142881
0.149328
0.130028
0.069851
0.105380
0.152570
0.110412
0.198495
0.084572
0.128630
0.102465
0.121751
0.117783
0.193139
0.094472
0.069141
0.055299
0.090434
0.141838
0.199055
0.116624
0.428141
0.048668
0.099154
0.055017
0.080116
0.105317
0.078245
0.082486
0.086218
0.227105
0.149229
0.190121
0.138346
0.121891
0.144090
0.170509
0.110436
0.219456
0.139785
0.115427
0.452755
0.059469
0.174101
0.131516
0.140942
0.057053
0.097156
0.093432
0.135402
0.102746
0.155140
0.091297
0.075598
0.093301
0.184829
0.125053
0.116268
0.111693
0.089318
0.117703
0.043978
0.113615
0.104423
0.088245
0.133995
0.069324
0.119337
0.106892
0.085512
0.119799
0.153671
0.084936
0.129198
0.100081
0.186846
0.077795
0.264818
0.086953
0.205589
0.068006
0.048800
0.154573
0.077617
0.071110
0.212184
0.056139
0.218324
0.176583
0.172794
0.092392
0.093512
0.245508
0.294810
0.018058
0.049327
0.178047
0.063936
0.188702
0.078895
0.103709
0.220562
0.055478
0.159657
0.206433
0.158849
0.067955
0.195767
0.094195
0.079384
0.185415
0.101041
0.107155
0.175174
0.160397
0.007952
0.080402
0.299649
0.285964
0.041148
0.192987
0.197939
0.084256
0.073105
0.048727
0.079343
0.052383
0.144225
0.056068
0.185290
0.120633
0.144987
0.135572
0.198793
0.124793
0.085536
0.124876
0.087149
0.175383
0.217081
0.225135
0.341134
0.066083
0.091214
0.145137
0.083483
0.181296
0.075745
0.138371
0.120116
0.170352
0.341096
0.074416
0.149331
0.031089
0.089748
0.146109
0.086147
0.174717
0.104400
0.109269
0.250822
0.174751
0.171271
0.058967
0.141688
0.130838
0.293603
0.054146
0.200470
0.109736
0.046251
0.080470
0.101600
0.152569
0.062574
0.193399
0.072822
0.101834
0.066157
0.137313
0.029850
0.076576
0.093655
0.262743
0.122062
0.078646
0.129090
0.177300
0.108217
0.083082
0.042793
0.118770
0.147375
0.073685
0.127819
0.165226
0.042417
0.089612
0.021371
0.164179
0.119602
0.121635
0.332783
0.080343
0.095954
0.034731
0.084502
0.119729
0.176330
0.197178
0.116526
0.116146
0.106397
0.124993
0.181177
0.080144
0.046122
0.212055
1.031683
0.112669
0.354670
0.109697
0.202742
0.074834
0.036845
0.124326
0.119891
0.191723
0.061348
0.184691
0.103696
0.098162
0.082224
0.190221
0.048005
0.117461
0.184938
0.163999
0.044872
0.176222
0.081765
0.108854
0.079197
0.067028
0.089321
0.121903
0.128573
0.079061
0.042550
0.252982
0.090182
0.154450
0.174558
0.127722
0.130261
0.055531
0.064658
0.197922
0.058593
0.213692
0.053609
0.097886
0.106743
0.229470
0.059911
0.064751
0.164016
0.029118
0.189889
0.116251
0.261494
0.071577
0.089541
0.068399
0.214299
0.119561
0.143358
0.057662
0.026033
0.125374
0.229557
0.152065
0.226913
0.065956
0.220740
0.114333
0.150030
0.081522
0.133433
0.107242
0.039047
0.133860
0.133392
0.086101
0.085084
0.115546
0.093543
0.260555
0.222038
0.120077
0.095178
0.061610
0.199109
0.272451
0.098935
0.199373
0.104738
0.085210
0.060436
0.090813
0.155115
0.160079
0.063900
0.381870
0.068747
0.656728
0.112451
0.537347
0.099562
0.122259
0.090645
0.114250
0.171975
0.146262
0.304469
0.068173
0.091128
0.143078
0.177225
0.061919
0.070178
0.078341
0.193814
0.112950
0.267272
0.056462
0.068318
0.143609
0.105262
0.073176
0.097976
0.241874
0.115257
0.114801
0.068515
0.087854
0.353969
0.119278
0.238776
0.125668
0.105725
0.110402
0.176271
0.120047
0.188642
0.077192
0.098040
0.089433
0.101864
0.144028
0.098394
0.130803
0.127330
0.117726
0.058404
0.064582
0.129959
0.034172
0.178710
0.048928
0.156008
0.222260
0.137586
0.195625
0.115078
0.090781
0.090246
0.111296
0.084063
0.132592
0.224191
0.108769
0.220546
0.069695
0.301325
0.076906
0.096639
0.111493
0.102534
0.093232
0.061129
0.098613
0.088283
0.191802
0.169577
0.053212
0.124775
0.103738
0.340819
0.155639
0.062467
0.175310
0.042744
0.055711
0.077494
0.124736
0.058874
0.199574
0.093697
0.118772
0.077181
0.152180
0.053093
0.273578
0.196884
0.075124
0.156947
0.067838
0.122284
0.124342
0.171971
0.095172
0.206183
0.121204
0.227129
0.170310
0.392874
0.175117
0.218252
0.050331
0.069833
0.107546
0.170692
0.129363
0.093798
0.230270
0.097210
0.205277
0.284586
0.059799
0.166511
0.087332
0.118856
0.057399
0.155532
0.127688
0.064560
0.050257
0.154115
0.145943
0.214093
0.076453
0.188728
0.061634
0.123967
0.091045
0.058880
0.346257
0.220958
0.068466
0.397850
0.049815
0.106659
0.143434
0.215823
0.180337
0.171227
0.025889
0.170832
0.053859
0.109687
0.207326
0.145441
0.104724
0.240314
0.078218
0.260697
0.087054
0.293407
0.149136
0.181852
0.073760
0.086996
0.213179
0.092348
0.060709
0.098586
0.280012
0.102923
0.260326
0.143710
0.072371
0.125838
0.047048
0.215327
0.121812
0.150104
0.175264
0.186975
0.202988
0.131150
0.099174
0.120482
0.050667
0.099584
0.172397
0.226777
0.072090
0.240387
0.031387
0.252253
0.112727
0.133107
0.178569
0.064868
0.066861
0.104802
0.189652
0.142586
0.211289
0.090551
0.201425
0.151091
0.099034
0.172647
0.068741
0.161801
0.136108
0.065617
0.172170
0.077781
0.136874
0.193426
0.039321
0.074036
0.121984
0.074900
0.046158
0.212508
0.059614
0.080907
0.096142
0.061993
0.054028
0.189007
0.354233
0.046438
0.141471
0.066672
0.118035
0.107901
0.172197
0.045010
0.062770
0.073724
0.118475
0.092592
0.069646
0.127945
0.138952
0.259595
0.439187
0.057175
0.075779
0.071719
0.137078
0.092658
0.292876
0.065715
0.127022
0.095621
0.092456
0.067651
0.094443
0.298008
0.223664
0.077475
0.233207
0.072783
0.073896
0.126627
0.104813
0.029290
0.899153
0.122753
0.188056
0.093039
0.191921
0.181737
0.085936
0.266021
0.129895
0.139354
0.104758
0.159876
0.186883
0.137080
0.136251
0.182067
0.102205
0.160891
0.187415
0.063460
0.287639
0.038245
0.210774
0.072450
0.033206
0.089984
0.106256
0.237538
0.068984
0.147363
0.075452
0.073206
0.133304
0.102443
0.159775
0.115726
0.117548
0.190071
0.293748
0.091364
0.066584
0.181879
0.235058
0.079992
0.127863
0.226857
0.124531
0.104529
0.134712
0.117298
0.065957
0.116883
0.096724
0.161744
0.089200
0.211411
0.080221
0.151179
0.097827
0.056136
0.233570
0.164802
0.148433
0.050158
0.092883
0.081898
0.309647
0.149584
0.081073
0.067638
0.277597
0.045246
0.147415
0.129900
0.235850
0.147531
0.144022
0.120076
0.113577
0.166135
0.077561
0.080580
0.023112
0.226635
0.130819
0.186945
0.104382
0.190863
0.094650
0.164633
0.129230
0.199102
0.184714
0.054572
0.104620
0.026288
0.168091
0.143670
0.113336
0.094620
0.155239
0.087911
0.123098
0.118243
0.067221
0.094845
0.121354
0.143343
0.215845
0.056316
0.546551
0.063736
0.260124
0.120305
0.081953
0.156224
0.117135
0.094753
0.061922
0.197206
0.164022
0.073859
0.105015
0.082978
0.085304
0.171345
0.046242
0.058241
0.342322
0.132067
0.250812
0.063498
0.167361
0.035091
0.124520
0.081347
0.224799
0.087673
0.293067
0.100620
0.068950
0.095524
0.239426
0.144968
0.131140
0.145011
0.082780
0.017443
0.209295
0.156401
0.074848
0.151579
0.087697
0.152498
0.057238
0.196359
0.102191
0.171113
0.053744
0.180800
0.241679
0.200881
0.033554
0.108060
0.185604
0.138293
0.190397
0.207191
0.083599
0.136798
0.075771
0.076025
0.077385
0.114029
0.054576
0.143688
0.145898
0.116375
0.093575
0.100922
0.121939
0.172806
0.083925
0.083905
0.161555
0.101666
0.037460
0.218105
0.133067
0.096769
0.149716
0.233910
0.274370
0.057677
0.046937
0.057830
0.199674
0.202099
0.109153
0.095060
0.131594
0.118431
0.024938
0.385050
0.070563
0.249788
0.100743
0.055833
0.069128
0.087390
0.099867
0.267558
0.148900
0.095072
0.240053
0.074413
0.264250
0.352521
0.265645
0.149641
0.434695
0.051402
0.165404
0.040212
0.102269
0.117045
0.101298
0.120431
0.106270
0.191284
0.009653
0.060475
0.250797
0.067718
0.102209
0.182517
0.437143
0.023152
0.138670
0.126170
0.071972
0.132034
0.230467
0.140822
0.064764
0.063665
0.114905
0.290202
0.176430
0.123606
0.105172
0.136835
0.238011
0.096083
0.072955
0.067613
0.170359
0.081869
0.169940
0.084605
0.134221
0.108642
0.119911
0.041455
0.074415
0.261912
0.078246
0.080359
0.216720
0.065629
0.282732
0.107960
0.224759
0.200473
0.054126
0.048645
0.067813
0.127558
0.179593
0.059655
0.320445
0.081061
0.283855
0.121216
0.013581
0.196453
0.106390
0.163182
0.109518
0.147563
0.054532
0.172129
0.131388
0.144002
0.061371
0.109322
0.043969
0.108299
0.232393
0.138134
0.233441
0.104850
0.086140
0.028389
0.091837
0.136453
0.123749
0.206692
0.095539
0.113016
0.135424
0.147842
0.087106
0.135743
0.127006
0.101294
0.095157
0.107952
0.125785
0.130824
0.288630
0.091239
0.255225
0.197563
0.190225
0.338901
0.049953
0.175386
0.048888
0.199761
0.173858
0.057721
0.054901
0.262756
0.175828
0.152143
0.103017
0.162093
0.119583
0.165905
0.150581
0.174077
0.061141
0.063465
0.079588
0.049281
0.151757
0.038078
0.146905
0.246809
0.114623
0.383190
0.038026
0.701723
0.072529
0.074574
0.199958
0.070952
0.162078
0.106418
0.118326
0.111668
0.064721
0.098570
0.137482
0.078257
0.129215
0.203733
0.051207
0.101752
0.199565
0.139258
0.032080
0.199143
0.444721
0.342869
0.054472
0.249879
0.057180
0.091630
0.144740
0.077799
0.146041
0.118411
0.057994
0.130859
0.181946
0.077208
0.185512
0.180063
0.134464
0.134098
0.083021
0.209826
0.144400
0.146281
0.245521
0.060755
0.232929
0.070875
0.177459
0.041258
0.171844
0.095532
0.107148
0.073699
0.127216
0.163218
0.113523
0.170437
0.136151
0.106840
0.187389
0.081217
0.156197
0.080444
0.170402
0.129299
0.077410
0.085566
0.167105
0.034409
0.167646
0.156880
0.117136
0.029612
0.265496
0.132397
0.131624
0.094845
0.113704
0.123003
0.112452
0.110274
0.186929
0.169346
0.179449
0.133988
0.192318
0.126406
0.093175
0.118320
0.058366
0.169155
0.873176
0.129701
0.225947
0.249792
0.229021
0.094176
0.167728
0.249689
0.136711
0.011960
0.093357
0.080448
0.080998
0.097279
0.143653
0.107841
0.095063
0.132324
0.082777
0.211867
0.063025
0.122120
0.049632
0.129459
0.230722
0.112247
0.104355
0.101685
0.100178
0.050251
0.145067
0.111610
0.064332
0.204098
0.091176
0.186080
0.119185
0.089234
0.130363
0.113215
0.187518
0.112695
0.090707
0.117583
0.107142
0.124038
0.084717
0.173173
0.133559
0.281661
0.082546
0.234795
0.105545
0.081667
0.105085
0.101929
0.066445
0.228637
0.063412
0.118165
0.136915
0.057254
0.100421
0.070490
0.192359
0.172079
0.160730
0.063091
0.194898
0.040997
0.128485
0.067674
0.152728
0.060832
0.036644
0.172027
0.074623
0.134237
0.051765
0.122638
0.137755
0.109547
0.065236
0.131659
0.178387
0.220754
0.102373
0.311221
0.041758
0.259365
0.128660
0.074315
0.067262
0.310212
0.069821
0.243443
0.298735
0.095816
0.062156
0.118668
0.041098
0.113857
0.047202
0.061385
0.129296
0.185398
0.105501
0.153016
0.250817
0.139032
0.213025
0.104815
0.068052
0.141969
0.135877
0.109323
0.084196
0.181344
0.100066
0.233706
0.103807
0.148555
0.294933
0.034405
0.760438
0.058477
1.516460
0.213015
0.115508
0.071085
0.163144
0.149099
0.057256
0.149823
0.112875
0.107922
0.149244
0.064640
0.132134
0.093336
0.044753
0.065546
0.106839
0.093489
0.240923
0.149629
0.042878
0.098721
0.070231
0.192107
0.141159
0.128259
0.150994
0.169942
0.097416
0.140715
0.152046
0.062055
0.196704
0.152501
0.165838
0.090857
0.081026
0.065736
0.232363
0.093493
0.290262
0.222152
0.251607
0.110721
0.088479
0.101282
0.083042
0.054027
0.175964
0.055564
0.095182
0.064987
0.132722
0.090049
0.106804
0.074800
0.263879
0.117538
0.187007
0.339504
0.120046
0.320585
0.130954
0.085296
0.143817
0.115858
0.114563
0.119801
0.086227
0.118079
0.253088
0.197879
0.127403
0.079450
0.087226
0.111914
0.165995
0.074835
0.065027
0.092782
0.063848
0.287655
0.073296
0.038879
0.048792
0.146797
0.080924
0.077349
0.118674
0.156421
0.304314
0.146802
0.094629
0.145416
0.146053
0.250405
0.235106
0.114258
0.150952
0.115622
0.231994
0.081543
0.043774
0.082471
0.063448
0.174394
0.054784
0.221998
0.038190
0.117378
0.095776
0.111407
0.148107
0.110917
0.109189
0.087271
0.135292
0.153785
0.115149
0.096213
0.044892
0.045529
0.136769
0.146697
0.079399
0.124520
0.082105
0.180279
0.192977
0.132495
0.056813
0.095766
0.101992
0.090745
0.146905
0.065763
0.169736
0.107838
0.083356
0.145014
0.240797
0.138351
0.064164
0.034718
0.102142
0.083186
0.124984
0.128845
0.120203
0.134210
0.053310
0.130625
0.105138
0.111034
0.027329
0.101523
0.196939
0.105010
0.196951
0.076214
0.162581
0.036581
0.118444
0.160138
0.163891
0.256593
0.125652
0.095634
0.197878
0.053225
0.179145
0.125667
0.099141
0.198848
0.078825
0.131507
0.039824
0.037930
0.446543
0.039504
0.153394
0.072270
0.136161
0.328323
0.074295
0.249137
0.179608
0.549051
0.085629
0.280411
0.082946
0.083593
0.202185
0.058347
0.064029
0.180363
0.051227
0.089564
0.106435
0.200785
0.150251
0.130826
0.161400
0.144592
0.120904
0.237473
0.114976
0.093334
0.062478
0.119263
0.249111
0.127293
0.116235
0.068303
0.046592
0.139036
0.161325
0.364614
0.033612
0.302145
0.132707
0.075109
0.068618
0.057268
0.060408
0.211108
0.219133
0.083957
0.154016
0.147060
0.037073
0.149665
0.080130
0.062692
0.075556
0.208543
0.065771
0.048799
0.150520
0.212096
0.182112
0.142247
0.103379
0.088941
0.195472
0.063144
0.096702
0.079716
0.125820
0.169855
0.410571
1.079062
0.254986
0.354957
0.111326
0.156818
0.114498
0.287913
0.082854
0.149454
0.180535
0.165113
0.063009
0.083852
0.085463
0.085415
0.075381
0.093670
0.269184
0.023599
0.117473
0.315392
0.256663
0.225060
0.108498
0.097101
0.120604
0.143374
0.064822
0.083769
0.105333
0.118512
0.126473
0.055303
0.077404
0.106970
0.163442
0.060228
0.258293
0.129037
0.172115
0.086933
0.263248
0.061950
0.223970
0.128040
0.182708
0.126570
0.129999
0.027332
0.121946
0.047571
0.209327
0.141547
0.148109
0.138717
0.075776
0.114284
0.267221
0.072703
0.059667
0.147938
0.104898
0.146442
0.129022
0.058150
0.119066
0.115342
0.245701
0.164674
0.079284
0.092416
0.061038
0.162509
0.175867
0.157082
0.062324
0.170758
0.097813
0.288161
0.113009
0.131623
0.099311
0.024456
0.068825
0.121351
0.236485
0.137701
0.251817
0.049647
0.102998
0.242499
0.115375
0.058996
0.099696
0.158083
0.159047
0.016103
0.249262
0.130084
0.263721
0.142184
0.128583
0.266171
0.208022
0.042166
0.141167
0.098457
0.139097
0.089866
0.210436
0.086014
0.105396
0.072845
0.196184
0.092270
0.261371
0.077933
0.114547
0.073698
0.143939
0.452409
0.136481
0.631321
0.666758
0.069684
0.078687
0.067964
0.109110
0.131150
0.083959
0.155611
0.140309
0.059922
0.101976
0.073917
0.090624
0.103558
0.076923
0.126506
0.054535
0.271027
0.079250
0.160045
0.176689
0.063064
0.127319
0.124810
0.424395
0.116217
0.079965
0.141484
0.111149
0.311705
0.129286
0.160079
0.116649
0.073436
0.060350
0.043656
0.065377
0.184711
0.139689
0.104768
0.209858
0.047676
0.087049
0.130730
0.206524
0.113677
0.052026
0.138494
0.092782
0.041243
0.118955
0.257446
0.054316
0.060577
0.103285
0.052314
0.182139
0.257716
0.322491
0.035253
0.213284
0.141978
0.098191
0.161856
0.230374
0.288895
0.177293
0.065127
0.165946
0.050049
0.236306
0.060723
0.232103
0.228152
0.080463
0.078777
0.093995
0.131661
0.097839
0.290951
0.032045
0.153636
0.084294
0.118289
0.098412
0.075792
0.119670
0.045374
0.073752
0.105369
0.282137
0.148987
0.097661
0.120328
0.153403
0.218560
0.106220
0.134081
0.097596
0.138584
0.087707
0.164360
0.111948
0.151175
0.188737
0.100634
0.019552
0.146161
0.093358
0.116095
0.143274
0.055803
0.181555
0.074959
0.090491
0.118593
0.122848
0.260492
0.076415
0.085252
0.384001
0.057921
0.084660
0.090755
0.197149
0.208755
0.070748
0.149548
0.120589
0.253984
0.083756
0.131705
0.052111
0.189039
0.124314
0.160906
0.276071
0.052184
0.075900
0.108682
0.083357
0.216064
0.064317
0.131072
0.176162
0.047059
0.126577
0.163744
0.041652
0.142863
0.189276
0.250562
0.090448
0.108519
0.066816
0.069176
0.066531
0.095649
0.080517
0.102460
0.119503
0.257461
0.126176
0.221797
0.043958
0.295025
0.071757
0.074393
0.057062
0.115477
0.110069
0.019861
0.145487
0.047859
0.107038
0.149303
0.093579
0.139386
0.103605
0.493473
0.092170
0.143437
0.161770
0.119812
0.141723
0.100302
0.097111
0.164615
0.181007
0.046240
0.069125
0.126383
0.208623
0.065471
0.177018
0.150116
0.121124
0.081172
0.200671
0.104270
0.092921
0.112168
0.082889
0.059124
0.134753
0.110407
0.118189
0.311329
0.368959
0.336726
0.149060
0.108432
0.186100
0.107900
0.103728
0.113808
0.107911
0.100163
0.083077
0.082340
0.196793
0.177247
0.129726
0.144793
0.079498
0.078107
0.107136
0.120410
0.058414
0.108353
0.108144
0.248500
0.118166
0.103454
0.137514
0.067281
0.062089
0.148668
0.064274
0.066662
0.143731
0.102711
0.049413
0.191103
0.168130
0.111573
0.094076
0.292906
0.632629
0.762028
0.045833
0.083798
0.166313
0.079679
0.126636
0.169923
0.090127
0.072748
0.115695
0.103462
0.156151
0.177804
0.101611
0.191432
0.009006
0.110849
0.139861
0.130173
0.137381
0.052545
0.065376
0.162439
0.075274
0.060546
0.202691
0.105793
0.118279
0.153744
0.167752
0.110167
0.229661
0.077727
0.084474
0.049187
0.169090
0.195796
0.182038
0.043680
0.051896
0.144235
0.084601
0.239615
0.482903
0.181023
0.159099
0.141144
0.123485
0.095040
0.227011
0.080750
0.149045
0.209194
0.035707
0.171184
0.102647
0.102953
0.046810
0.160456
0.059135
0.246576
0.139053
0.106666
0.291013
0.087219
0.116854
0.079567
0.179892
0.130465
0.103617
0.137309
0.088174
0.093456
0.102917
0.135193
0.051959
0.097644
0.171305
0.099678
0.209139
0.154441
0.063113
0.079895
0.131536
0.084776
0.112489
0.259895
0.045127
0.350747
0.308728
0.146616
0.175880
0.059253
0.107231
0.077594
0.151547
0.178371
0.108678
0.182485
0.122537
0.141354
0.127133
0.093538
0.276867
0.049067
0.243511
0.051361
0.107064
0.093395
0.162877
0.085430
0.156000
0.178146
0.074720
0.123400
0.108186
0.089737
0.084498
0.061951
0.140315
0.065896
0.179502
0.053591
0.163546
0.142261
0.219012
0.192986
0.097889
0.127201
0.071635
0.214015
0.097306
0.126866
0.023146
0.081700
0.190197
0.050750
0.088540
0.121181
0.105751
0.118539
0.096114
0.117662
0.117772
0.170475
0.153949
0.118569
0.049393
0.168997
0.114510
0.100769
0.225668
0.062464
0.171341
0.052603
0.153587
0.119757
0.171660
0.246963
0.042961
0.162332
0.078484
0.098613
0.070547
0.088999
0.105940
0.093809
0.089819
0.103904
0.258445
0.145232
0.096968
0.120369
0.167944
0.116751
0.106999
0.355771
0.111477
0.086579
0.111002
0.190944
0.167970
0.203792
0.074386
0.120194
0.042766
0.087540
0.184312
0.087625
0.065599
0.058706
0.212839
0.198434
0.083608
