2.360990
2.246592
1.891088
1.792238
1.653621
1.747357
2.192745
2.098691
1.862564
1.861038
1.908615
1.430871
1.756636
1.920313
1.875093
1.575314
0.352926
0.292913
0.517193
0.616740
0.434504
0.485407
0.657875
0.414602
0.490612
0.428445
0.375704
0.704586
0.671167
0.372020
0.397606
0.439291
0.400519
0.421885
0.489811
0.186619
0.494645
0.784771
0.809680
0.847609
0.578088
0.420561
0.390419
0.329671
0.433554
0.364896
0.530904
0.533895
0.647622
0.441238
0.237919
0.448813
0.410278
0.281821
0.278801
0.286810
0.312839
0.344832
0.532594
0.584801
0.483907
0.280826
0.449537
0.545296
0.352612
0.424808
0.348887
0.310835
0.685266
0.730492
0.495887
0.385725
0.255170
0.243437
0.177102
0.244517
0.333412
0.203286
0.260577
0.319067
0.267816
0.316913
0.429446
0.358552
0.240202
0.249519
0.331691
0.178314
0.429018
0.279264
0.465317
0.357254
0.310209
0.165965
0.119165
0.257374
0.241423
0.590528
0.388524
0.820031
0.452948
0.442210
0.519269
0.274683
0.296901
0.120560
0.259140
0.377107
0.302400
0.262289
0.464411
0.384614
0.331743
0.246303
0.212466
0.366855
0.267035
0.229874
0.184211
0.308062
0.117598
0.078889
0.316988
0.154908
0.534170
0.641638
0.414057
0.280906
0.158800
0.481021
0.268115
0.387067
0.391288
0.536472
0.319447
0.230538
0.445546
0.289431
0.252680
0.734738
0.576416
0.386425
0.288261
0.275586
0.334363
0.307188
0.394192
0.245551
0.370849
0.324539
0.440095
0.373016
0.717066
0.428555
0.279164
0.256352
0.208561
0.249867
0.247603
0.270576
0.266615
0.288549
0.425767
0.222383
0.208717
0.183622
0.358993
0.231285
0.403694
0.184608
0.374151
0.349806
0.203426
0.309143
0.372946
0.363997
0.402177
0.593145
0.357492
0.470043
0.338388
0.189024
0.193939
0.354696
0.372912
0.192591
0.394889
0.391310
0.384269
0.154433
0.192438
0.298717
0.196206
0.416337
0.355466
0.246364
0.362498
0.452861
0.767046
0.456513
0.437208
0.358309
0.253807
0.447312
0.232640
0.239799
0.230907
0.316270
0.224624
0.473495
0.466651
0.311604
0.317778
0.514137
0.308748
0.326633
0.175020
0.301916
0.414515
0.407713
0.544797
0.286436
0.251172
0.239153
0.265085
0.222728
0.279603
0.222181
0.381829
0.311053
0.275059
0.323477
0.339816
0.413080
0.214669
0.155256
0.305707
0.278779
0.313111
0.164327
0.222526
0.215425
0.132752
0.294053
0.308792
0.384175
0.263258
0.518163
0.244426
0.250065
0.131483
0.299311
0.181746
0.163469
0.158520
0.313916
0.345247
0.580900
0.451201
0.594117
0.266232
0.172571
0.278939
0.167408
0.353517
0.426786
0.231978
0.360991
0.426145
0.506673
0.234458
0.264839
0.344485
0.451469
0.175571
0.171830
0.096641
0.309352
0.314464
0.198557
0.134865
0.263066
0.526933
0.428167
0.485329
0.418900
0.238173
0.090974
0.392985
0.313892
0.644651
0.379255
0.513439
0.467242
0.468719
0.444323
0.380335
0.289438
0.285466
0.234209
0.202452
0.427976
0.155415
0.210207
0.374488
0.246510
0.557505
0.416508
0.326113
0.408189
0.388218
0.321527
0.298761
0.437027
0.416893
0.340323
0.248820
0.270734
0.302190
0.098333
0.493820
0.290626
0.196707
0.137733
0.218374
0.358732
0.340275
0.337147
0.388643
0.207323
0.254702
0.194130
0.253096
0.309544
0.210106
0.161018
0.256380
0.303779
0.312293
0.146055
0.225495
0.045156
0.207332
0.365323
0.097005
0.745111
0.441053
0.459324
0.670039
0.238291
0.247971
0.160231
0.410949
0.466218
0.246491
0.425959
0.398103
0.346321
0.355199
0.344675
0.520045
0.218467
0.192267
0.239629
0.282376
0.331793
0.243936
0.226007
0.288589
0.242344
0.290178
0.463984
0.289234
0.206188
0.177800
0.174917
0.278583
0.203226
0.248052
0.220344
0.304802
0.304353
0.187475
0.266971
0.372492
0.437338
0.291110
0.148223
0.134130
0.259620
0.350197
0.188107
0.366318
0.397533
0.199298
0.327374
0.289132
0.320345
0.241960
0.377856
0.105133
0.245600
0.293423
0.262406
0.330292
0.293681
0.251704
0.650967
0.375529
0.280713
0.204742
0.259059
0.215903
0.212189
0.164990
0.357243
0.212670
0.308337
0.459744
0.457259
0.558264
0.570060
0.633840
0.312979
0.307961
0.260941
0.276560
0.343607
0.525445
0.566785
0.326899
0.467142
0.352741
0.292636
0.291090
0.176936
0.262183
0.391213
0.263383
0.288923
0.217233
0.405382
0.138894
0.394096
0.411353
0.308787
0.334484
0.256534
0.222146
0.340079
0.375833
0.427067
0.514382
0.369873
0.500988
0.290424
0.227903
0.437488
0.232433
0.321881
0.259567
0.202308
0.076783
0.266044
0.454493
0.495210
0.404186
0.617562
0.307577
0.241646
0.205341
0.279755
0.261555
0.201421
0.162864
0.142973
0.146127
0.417262
0.177271
0.103968
0.284187
0.176501
0.353304
0.376062
0.350294
0.202218
0.122938
0.076194
0.290991
0.490258
0.520811
0.405747
0.328210
0.289626
0.320603
0.323083
0.253422
0.330881
0.387287
0.335355
0.345613
0.203193
0.160253
0.344021
0.386734
0.309001
0.228662
0.098374
0.274973
0.163438
0.251403
0.258221
0.326293
0.201115
0.142429
0.325100
0.611376
0.559527
0.428333
0.372444
0.153655
0.153068
0.146383
0.229117
0.182537
0.144325
0.167963
0.086472
0.258951
0.326537
0.179056
0.155602
0.251794
0.161824
0.294354
0.272916
0.369922
0.327178
0.293052
0.193368
0.436173
0.819534
1.003289
0.549135
0.298615
0.406569
0.208990
0.520041
0.399493
0.270272
0.207648
0.252921
0.304995
0.414499
0.291763
0.459576
0.285624
0.215589
0.321507
0.306856
0.329160
0.237739
0.198857
0.393604
0.527158
0.345460
0.242645
0.317941
0.425276
0.549057
0.141215
0.339112
0.261511
0.366666
0.258664
0.258381
0.357107
0.234997
0.280649
0.408561
0.558038
0.991091
0.462550
0.436598
0.337374
0.229757
0.219412
0.257440
0.640897
0.270362
0.262895
0.329256
0.345386
0.242740
0.317674
0.403370
0.227855
0.223373
0.278702
0.201064
0.302190
0.327260
0.244813
0.091309
0.147737
0.313305
0.232059
0.264648
0.362130
0.256715
0.398302
0.351890
0.279171
0.230263
0.280723
0.276960
0.151282
0.281517
0.111156
0.198441
0.225762
0.187547
0.266838
0.252734
0.369716
0.403714
0.305434
0.137993
0.385386
0.347307
0.285668
0.119779
0.174793
0.242617
0.221099
0.114672
0.345946
0.253066
0.362613
0.277364
0.165474
0.379042
0.313872
0.455045
0.310185
0.198933
0.264921
0.289995
0.309623
0.326827
0.212465
0.199930
0.295790
0.192837
0.194838
0.375375
0.314115
0.490196
0.261153
0.346523
0.543032
0.269456
0.378446
0.307093
0.125261
0.377067
0.553373
0.457784
0.332388
0.198845
0.256049
0.479503
0.506611
0.321380
0.253176
0.219871
0.272971
0.138894
0.217560
0.249698
0.236332
0.167514
0.453892
0.469404
0.506437
0.224167
0.407359
0.301431
0.283008
0.448602
0.420303
0.251001
0.297360
0.291171
0.320937
0.168296
0.292750
0.327028
0.186977
0.232609
0.195643
0.253101
0.560493
0.399975
0.189614
0.196440
0.202169
0.163376
0.493666
0.184101
0.382159
0.235930
0.159060
0.319793
0.262345
0.262275
0.188894
0.228633
0.227702
0.144301
0.214409
0.154168
0.205823
0.312322
0.167989
0.335305
0.285863
0.642850
0.430067
0.316674
0.383491
0.400830
0.250236
0.113472
0.244666
0.255951
0.339474
0.107449
0.489228
0.307678
0.305745
0.219493
0.204197
0.289423
0.110259
0.247132
0.386622
0.367768
0.308004
0.576156
0.666773
0.254321
0.258346
0.180743
0.146594
0.454463
0.212714
0.343513
0.213696
0.176933
0.308820
0.344000
0.187347
0.189556
0.208560
0.241899
0.266899
0.359001
0.369100
0.373871
0.356881
0.363703
0.288056
0.346798
0.100814
0.288547
0.444213
0.243289
0.398254
0.273694
0.165010
0.210057
0.196736
0.169399
0.321532
0.470921
0.286551
0.338851
0.343541
0.256569
0.226179
0.143443
0.305678
0.315753
0.275439
0.300559
0.240025
0.445840
0.505824
0.129332
0.191107
0.411672
0.352780
0.341863
0.406418
0.322620
0.480979
0.218585
0.252648
0.414708
0.372329
0.483293
0.405803
0.155147
0.281835
0.327726
0.348645
0.263379
0.225232
0.385065
0.198457
0.455662
0.300596
0.244170
0.155201
0.190536
0.367604
0.296057
0.216493
0.323585
0.377291
0.289906
0.201632
0.183815
0.361137
0.206912
0.442715
0.489515
0.329484
0.133804
0.192047
0.130092
0.214785
0.316047
0.193129
0.144965
0.293805
0.143692
0.671718
0.517791
0.300773
0.234637
0.287627
0.344249
0.224769
0.150338
0.202241
0.317174
0.169086
0.207208
0.209680
0.098474
0.218903
0.165486
0.146981
0.163140
0.276992
0.226790
0.300002
0.291470
0.146955
0.184523
0.330835
0.567578
0.276070
0.384406
0.344456
0.140694
0.299621
0.296415
0.359500
0.371852
0.219674
0.317608
0.281354
0.349366
0.123384
0.169956
0.067411
0.137756
0.149370
0.397142
0.060066
0.363225
0.224383
0.296175
0.199252
0.160657
0.276908
0.292534
0.337534
0.307001
0.273015
0.275405
0.307063
0.338638
0.173012
0.260217
0.398468
0.560433
0.527928
0.375257
0.348443
0.393509
0.391625
0.274565
0.183311
0.142369
0.155051
0.134409
0.240590
0.171623
0.221822
0.259342
0.214566
0.266693
0.549097
0.689315
0.269010
0.261074
0.383828
0.310687
0.281397
0.143814
0.144839
0.418578
0.275254
0.211758
0.253153
0.265543
0.211515
0.259671
0.369221
0.279873
0.477116
0.191080
0.376761
0.394661
0.233795
0.538890
0.165602
0.272608
0.383983
0.331845
0.389428
0.328496
0.522318
0.297344
0.419217
0.436920
0.477904
0.325556
0.326583
0.344811
0.178924
0.319020
0.242979
0.262906
0.370934
0.181012
0.259170
0.223944
0.145734
0.315763
0.247312
0.181400
0.233522
0.426395
0.530900
0.326108
0.390302
0.307666
0.145812
0.440227
0.381922
0.355369
0.326238
0.200834
0.265204
0.222186
0.203160
0.167203
0.178970
0.241325
0.309814
0.284129
0.145479
0.260595
0.355806
0.166868
0.240299
0.176269
0.145739
0.195098
0.217478
0.353980
0.194077
0.238837
0.202714
0.161385
0.327624
0.250386
0.277615
0.297695
0.244708
0.444619
0.317427
0.267221
0.346898
0.301474
0.156545
0.332225
0.405847
0.247089
0.316158
0.297845
0.330657
0.511504
0.410123
0.463523
0.341448
0.229412
0.523415
0.374807
0.328290
0.261026
0.311335
0.278675
0.284757
0.246140
0.203141
0.198517
0.326332
0.248285
0.166993
0.233101
0.255996
0.235576
0.150736
0.206047
0.623359
0.215494
0.116706
0.241961
0.194288
0.287861
0.374280
0.287708
0.162548
0.446705
0.251876
0.253170
0.379823
0.349874
0.326093
0.197737
0.394838
0.164103
0.151344
0.265138
0.175490
0.082042
0.232636
0.177052
0.191809
0.462058
0.573775
0.183112
0.269587
0.094128
0.291894
0.215753
0.424940
0.347129
0.299850
0.256198
0.272594
0.315193
0.295579
0.302974
0.143021
0.472316
0.203663
0.289539
0.291030
0.255332
0.145532
0.249498
0.203983
0.258294
0.136312
0.353745
0.229986
0.334391
0.297984
0.249875
0.341751
0.159193
0.417250
0.307061
0.180125
0.254124
0.205887
0.381249
0.495994
0.332965
0.189518
0.230996
0.177376
0.303982
0.375867
0.291830
0.317027
0.454702
0.305234
0.366141
0.398993
0.166470
0.157888
0.245227
0.529438
0.298098
0.515634
0.562621
0.225975
0.349901
0.429537
0.365217
0.185933
0.188248
0.317856
0.337430
0.176601
0.208365
0.450992
0.219604
0.296598
0.202181
0.378599
0.203604
0.305737
0.215842
0.281354
0.246194
0.184565
0.296108
0.204616
0.346054
0.411673
0.306491
0.297804
0.459866
0.368687
0.244426
0.203052
0.246529
0.518113
0.417252
0.151092
0.457418
0.210637
0.159938
0.243765
0.161650
0.242445
0.091198
0.181130
0.210755
0.307543
0.218131
0.394233
0.380733
0.180514
0.265971
0.266596
0.337360
0.314137
0.451039
0.248325
0.185107
0.489225
0.223801
0.283265
0.191916
0.347543
0.433120
0.331958
0.256803
0.167491
0.301513
0.166842
0.261138
0.246752
0.135654
0.298971
0.182815
0.447567
0.404133
0.303775
0.365279
0.168034
0.263004
0.324903
0.162791
0.380039
0.290872
0.563718
0.311599
0.120911
0.173004
0.525360
0.415365
0.153612
0.270533
0.111829
0.176175
0.257763
0.349200
0.272436
0.347899
0.459752
0.450795
0.349261
0.238980
0.289894
0.359992
0.283787
0.127363
0.275130
0.402546
0.159760
0.259606
0.211575
0.320913
0.285357
0.215057
0.113770
0.252103
0.245981
0.291250
0.470204
0.516807
0.232743
0.317260
0.152086
0.301105
0.312041
0.282334
0.100149
0.355818
0.185567
0.124241
0.134178
0.209050
0.235530
0.393000
0.275179
0.401885
0.383546
0.240631
0.118550
0.223521
0.298283
0.466451
0.173273
0.257951
0.294282
0.104298
0.209137
0.292535
0.558105
0.469893
0.306471
0.287409
0.124043
0.412122
0.293872
0.269714
0.295659
0.380107
0.416317
0.214073
0.198571
0.464106
0.331288
0.421282
0.396494
0.329470
0.329055
0.281006
0.092713
0.145862
0.146128
0.298233
0.302781
0.146286
0.144351
0.266487
0.348894
0.220820
0.223944
0.389412
0.170721
0.398267
0.590677
0.204262
0.596921
0.330931
0.284881
0.110039
0.175894
0.170268
0.168444
0.283934
0.208823
0.322699
0.424037
0.206277
0.186036
0.242552
0.468622
0.294204
0.115214
0.141413
0.260972
0.326363
0.273562
0.253002
0.491125
0.267501
0.309735
0.308573
0.111502
0.163763
0.205133
0.358948
0.476104
0.236170
0.181702
0.255331
0.289008
0.270092
0.202690
0.316877
0.283488
0.234600
0.206773
0.360371
0.266432
0.222782
0.248075
0.213040
0.196813
0.363301
0.294340
0.304699
0.191302
0.348130
0.387990
0.520613
0.723087
0.428183
0.364679
0.378568
0.238632
0.271314
0.299455
0.192964
0.232823
0.310068
0.283197
0.339188
0.338090
0.281269
0.359474
0.449151
0.211752
0.244401
0.220154
0.184475
0.104348
0.276235
0.343070
0.561568
0.381352
0.480500
0.296561
0.226107
0.402664
0.187637
0.324415
0.388231
0.295280
0.331472
0.189532
0.177501
0.190775
0.077180
0.445918
0.214945
0.362118
0.307461
0.305765
0.370220
0.268806
0.267244
0.166474
0.265503
0.327348
0.211122
0.302834
0.316197
0.444722
0.221434
0.296501
0.428569
0.253997
0.162945
0.322559
0.227003
0.275303
0.168591
0.168881
0.189214
0.455478
0.224091
0.372434
0.286706
0.333143
0.225335
0.184138
0.437921
0.345085
0.271881
0.159539
0.137609
0.328218
0.236118
0.209847
0.276848
0.189858
0.290433
0.169592
0.406381
0.286236
0.197202
0.260946
0.353622
0.191740
0.183986
0.208570
0.295955
0.206561
0.153904
0.248734
0.248452
0.335767
0.306383
0.423614
0.302150
0.472894
0.165508
0.092037
0.211901
0.245528
0.401131
0.331908
0.498135
0.468782
0.224672
0.443736
0.274641
0.341691
0.196263
0.214335
0.233836
0.161844
0.121080
0.194695
0.273787
0.320533
0.382002
0.379191
0.416697
0.428647
0.190064
0.319983
0.091754
0.400482
0.343290
0.221807
0.186001
0.230154
0.264490
0.605044
0.675490
0.241700
0.291802
0.109784
0.325697
0.475874
0.223226
0.265619
0.375575
0.545775
0.286426
0.292122
0.272368
0.297867
0.358037
0.160892
0.243622
0.188128
0.166478
0.225734
0.182410
0.517342
0.329354
0.376323
0.235400
0.344662
0.546236
0.296167
0.195182
0.216442
0.263851
0.178191
0.284526
0.598842
0.665619
0.511649
0.602530
0.421682
0.280073
0.264683
0.228006
0.160224
0.459144
0.294354
0.160618
0.297341
0.221709
0.354525
0.391753
0.216221
0.206421
0.159343
0.534095
0.275196
0.334878
0.282570
0.288231
0.156819
0.243189
0.106743
0.407183
0.550775
0.320570
0.490684
0.228509
0.260108
0.190638
0.280434
0.257050
0.192461
0.162222
0.162999
0.313019
0.349454
0.457484
0.394064
0.337745
0.294468
0.431328
0.301500
0.390699
0.389768
0.257488
0.250358
0.197963
0.264742
0.420208
0.240651
0.271012
0.268329
0.389754
0.179356
0.174051
0.132220
0.060559
0.132045
0.124814
0.326890
0.146390
0.163505
0.131919
0.288750
0.164503
0.311793
0.416209
0.260770
0.199296
0.224455
0.144051
0.119515
0.218313
0.231982
0.121398
0.347332
0.336522
0.305623
0.286778
0.222752
0.188975
0.205357
0.184605
0.190310
0.398022
0.249711
0.194085
0.326731
0.288565
0.226616
0.172096
0.273988
0.102347
0.259955
0.146446
0.444365
0.337344
0.140327
0.239572
0.324971
0.246147
0.129856
0.133997
0.246603
0.219817
0.182603
0.132147
0.331175
0.206433
0.231333
0.288968
0.118762
0.123491
0.149399
0.228257
0.240939
0.185954
0.437012
0.406479
0.601588
0.393368
0.167984
0.155540
0.377709
0.361729
0.362097
0.241917
0.292417
0.199839
0.154077
0.297081
0.303759
0.416363
0.505724
0.198698
0.216827
0.337740
0.152931
0.182054
0.329201
0.528462
0.250088
0.283651
0.367284
0.415136
0.243378
0.170499
0.184745
0.262887
0.170295
0.299173
0.282680
0.245351
0.118199
0.136863
0.257587
0.210361
0.401201
0.123301
0.383281
0.325542
0.318315
0.448650
0.210412
0.372160
0.327330
0.387521
0.159480
0.137939
0.229640
0.257301
0.215122
0.126730
0.363926
0.248241
0.418369
0.321746
0.134676
0.276320
0.339606
0.377177
0.274282
0.239131
0.172795
0.406195
0.246143
0.174782
0.287932
0.387148
0.247061
0.383786
0.228319
0.315001
0.118061
0.379912
0.285746
0.170261
0.230811
0.300344
0.231970
0.347941
0.215072
0.118238
0.199950
0.248930
0.200973
0.192693
0.165140
0.220452
0.336890
0.470516
0.825431
0.827616
0.273688
0.183814
0.150227
0.235215
0.273297
0.298391
0.318074
0.119309
0.183117
0.196996
0.340251
0.322432
0.224195
0.336418
0.243611
0.378723
0.412702
0.257136
0.326366
0.366302
0.295805
0.594990
0.560222
0.318460
0.307446
0.237452
0.262193
0.213750
0.274345
0.198418
0.165640
0.271694
0.717255
0.427823
0.439516
0.447303
0.246569
0.472839
0.523941
0.304247
0.269372
0.251521
0.168279
0.159516
0.368551
0.360022
0.157452
0.174640
0.190857
0.312650
0.456648
0.286687
0.284235
0.492949
0.275040
0.319601
0.316017
0.204777
0.236949
0.316459
0.150465
0.254630
0.319101
0.326996
0.421251
0.361415
0.208761
0.114776
0.177637
0.362394
0.397058
0.225666
0.230770
0.222139
0.306929
0.519695
0.309956
0.121234
0.185936
0.227281
0.137751
0.229236
0.224065
0.450630
0.359541
0.371538
0.460556
0.154053
0.179984
0.217718
0.322435
0.188586
0.138136
0.207300
0.317517
0.220172
0.217139
0.283932
0.167231
0.154350
0.373317
0.551384
0.358232
0.281517
0.311448
0.340035
0.302837
0.248602
0.152765
0.248679
0.362450
0.416333
0.348372
0.221814
0.160675
0.236797
0.259870
0.202399
0.254504
0.193894
0.190815
0.221090
0.403272
0.311848
0.192525
0.299239
0.154947
0.190595
0.265456
0.209400
0.364013
0.243584
0.348406
0.104446
0.164028
0.077949
0.295120
0.185746
0.148483
0.153849
0.276682
0.208594
0.221555
0.123475
0.164378
0.230561
0.284165
0.214283
0.316798
0.392397
0.118513
0.160796
0.173923
0.135847
0.314681
0.409887
0.226868
0.406920
0.180943
0.105994
0.161178
0.167140
0.377520
0.233535
0.259197
0.302254
0.166808
0.104954
0.270916
0.324414
0.207666
0.106852
0.294217
0.455455
0.185632
0.393851
0.309749
0.210170
0.102328
0.279898
0.338465
0.227802
0.275048
0.184520
0.305609
0.274259
0.205614
0.367214
0.675967
0.307627
0.263897
0.217621
0.287782
0.246592
0.248248
0.325321
0.288734
0.417758
0.387449
0.176584
0.386562
0.230746
0.148792
0.197795
0.325175
0.222457
0.215426
0.380477
0.268766
0.431502
0.435079
0.579448
0.361812
0.498074
0.377624
0.379608
0.253301
0.209076
0.265150
0.328727
0.352305
0.387960
0.285242
0.193089
0.311814
0.227096
0.194213
0.174000
0.253100
0.266369
0.378680
0.375360
0.299745
0.455571
0.258513
0.367675
0.202857
0.121540
0.219163
0.244953
0.368815
0.276868
0.147341
0.309055
0.386470
0.292535
0.124360
0.209431
0.370611
0.311901
0.122681
0.254367
0.316412
0.256741
0.166763
0.351769
0.355867
0.178231
0.175600
0.218347
0.293100
0.161405
0.347388
0.269813
0.168700
0.231691
0.312417
0.200209
0.239753
0.317113
0.328271
0.254646
0.173966
0.224610
0.105152
0.320183
0.173928
0.205510
0.257853
0.622461
0.506964
0.398807
0.239632
0.392095
0.212246
0.185816
0.265020
0.224570
0.338805
0.343040
0.455030
0.185593
0.298830
0.367243
0.195132
0.271621
0.091101
0.090968
0.101281
0.254794
0.603805
0.706907
0.254235
0.211695
0.223322
0.325302
0.220517
0.491121
0.117854
0.254078
0.314402
0.344685
0.316965
0.259899
0.315461
0.311256
0.256123
0.145110
0.483879
0.348144
0.210331
0.296037
0.228963
0.246939
0.167921
0.234156
0.155118
0.185191
0.457975
0.354681
0.856004
0.680222
0.364970
0.131157
0.130925
0.193952
0.224991
0.268798
0.147787
0.176132
0.223217
0.207241
0.132005
0.430830
0.256853
0.143844
0.305514
0.196018
0.264069
0.139955
0.167639
0.291281
0.144133
0.266650
0.375899
0.260791
0.272681
0.142444
0.300175
0.280331
0.229634
0.183723
0.174489
0.182527
0.273311
0.274742
0.157161
0.314401
0.237382
0.520727
0.201311
0.318410
0.400701
0.217626
0.401548
0.232194
0.189831
0.191809
0.339484
0.123729
0.274895
0.146124
0.193313
0.237978
0.059088
0.286651
0.329181
0.299464
0.393627
0.387282
0.269829
0.247517
0.229564
0.252385
0.473264
0.315533
0.546096
0.238623
0.233027
0.268382
0.306989
0.202982
0.224567
0.277820
0.237860
0.483338
0.348108
0.231909
0.233693
0.235874
0.216597
0.139951
0.355649
0.375081
0.168049
0.248765
0.298037
0.501095
0.584316
0.462795
0.201785
0.170651
0.188162
0.177215
0.105471
0.256169
0.263863
0.197143
0.157713
0.132327
0.397852
0.392766
0.571643
0.406138
0.304510
0.278572
0.293043
0.320144
0.132346
0.174693
0.229657
0.328663
0.323386
0.382463
0.309610
0.595044
0.244982
0.232878
0.198275
0.224565
0.076664
0.381798
0.417229
0.372554
0.436015
0.442917
0.259564
0.188861
0.234573
0.346379
0.116221
0.327262
0.190009
0.232210
0.154758
0.169485
0.261197
0.250267
0.240388
0.294444
0.193197
0.218207
0.397701
0.308626
0.734030
0.438451
0.244176
0.185281
0.278101
0.426204
0.243436
0.152643
0.255380
0.173915
0.392801
0.461534
0.323953
0.266352
0.138964
0.152395
0.228154
0.248161
0.151121
0.212109
0.201420
0.213084
0.306733
0.425678
0.200318
0.262033
0.341406
0.560712
0.255074
0.216508
0.255283
0.217293
0.167138
0.135199
0.371799
0.283914
0.168139
0.340865
0.420587
0.138756
0.162282
0.340358
0.151265
0.233958
0.301102
0.284762
0.202880
0.357958
0.408748
0.295429
0.541180
0.481802
0.225248
0.129987
0.280854
0.378850
0.269600
0.295192
0.343034
0.159074
0.453776
0.370055
0.140868
0.435604
0.141793
0.205041
0.262165
0.252277
0.152319
0.156061
0.214302
0.394238
0.350948
0.246574
0.151821
0.234055
0.260570
0.175680
0.215623
0.376695
0.313480
0.328984
0.167012
0.170019
0.161088
0.325522
0.657975
0.302424
0.258624
0.345090
0.168160
0.380954
0.207301
0.213199
0.147204
0.231552
0.187958
0.253823
0.472807
0.184537
0.283731
0.208242
0.183674
0.369374
0.312377
0.249244
0.208938
0.253438
0.239000
0.164264
0.381758
0.421110
0.406993
0.299533
0.242127
0.214061
0.194539
0.116392
0.193822
0.304779
0.321839
0.360886
0.223775
0.080599
0.457940
0.276282
0.112555
0.247772
0.230020
0.284958
0.240934
0.268309
0.238437
0.294545
0.197459
0.195923
0.151871
0.508940
0.221997
0.180513
0.195754
0.208303
0.185089
0.488318
0.392001
0.335074
0.233898
0.196023
0.270394
0.193915
0.236905
0.182600
0.168012
0.225522
0.202089
0.216277
0.275415
0.233354
0.256472
0.331399
0.293931
0.298545
0.154084
0.201700
0.195565
0.296749
0.259396
0.185213
0.245312
0.284025
0.357266
0.291857
0.390191
0.431264
0.410389
0.150335
0.311053
0.182528
0.299978
0.342204
0.163423
0.220253
0.204302
0.154526
0.138745
0.168004
0.142920
0.259326
0.324135
0.298725
0.349500
0.458596
0.529963
0.414512
0.514151
0.182903
0.287110
0.227400
0.144088
0.208364
0.346035
0.271342
0.470687
0.453365
0.318018
0.195601
0.168261
0.348746
0.294195
0.109169
0.209711
0.304035
0.222537
0.315677
0.334686
0.334871
0.268888
0.455902
0.139799
0.201425
0.149493
0.155667
0.226063
0.239069
0.139909
0.381276
0.433113
0.281701
0.506319
0.249903
0.304132
0.223642
0.270350
0.264532
0.290509
0.575616
0.383689
0.363272
0.311997
0.325654
0.147428
0.219931
0.092125
0.398209
0.466411
0.267032
0.158517
0.240261
0.313397
0.331185
0.220952
0.236325
0.205669
0.303796
0.220342
0.132483
0.600101
0.402152
0.350069
0.320271
0.394015
0.366447
0.210960
0.230784
0.221945
0.256763
0.368535
0.288562
0.176631
0.268693
0.172380
0.468255
0.419770
0.223162
0.467203
0.218113
0.254335
0.206362
0.217663
0.158731
0.259019
0.374572
0.161818
0.284531
0.226528
0.182550
0.407402
0.426171
0.444278
0.249396
0.177282
0.127083
0.375110
0.282838
0.234843
0.421061
0.225101
0.318816
0.240244
0.286854
0.181478
0.220091
0.189582
0.244904
0.247528
0.206223
0.264237
0.159965
0.345589
0.365153
0.272783
0.262199
0.310239
0.388939
0.442785
0.312900
0.257312
0.267484
0.364741
0.470829
0.166479
0.250746
0.238241
0.169962
0.200262
0.106124
0.193123
0.226668
0.478180
0.669021
0.276379
0.268823
0.417928
0.192508
0.082777
0.294673
0.210727
0.213793
0.207738
0.259127
0.425967
0.465997
0.354265
0.287016
0.230341
0.107513
0.184562
0.296549
0.247427
0.164793
0.607585
0.469756
0.278805
0.204181
0.298270
0.213055
0.190856
0.126465
0.165239
0.246530
0.221845
0.107053
0.208687
0.247106
0.206165
0.191259
0.156235
0.106954
0.222187
0.158141
0.186771
0.442661
0.795164
0.309972
0.257226
0.304904
0.336359
0.221725
0.236426
0.266803
0.220712
0.301337
0.415018
0.345014
0.206875
0.162036
0.120152
0.132489
0.329934
0.339734
0.157106
0.114984
0.332111
0.183901
0.205939
0.162005
0.194847
0.216650
0.460050
0.156198
0.629881
0.185296
0.171597
0.244310
0.273960
0.231960
0.495435
0.280726
0.392785
0.259561
0.224488
0.592724
0.263271
0.318478
0.239117
0.239653
0.499493
0.465996
0.304403
0.278323
0.210576
0.376753
0.126124
0.216828
0.347442
0.260086
0.299394
0.159678
0.330269
0.335717
0.297832
0.179213
0.241410
0.199209
0.179138
0.252072
0.356683
0.247765
0.261502
0.369298
0.499833
0.270421
0.228017
0.257332
0.229254
0.210022
0.155328
0.196571
0.425015
0.119171
0.299577
0.113583
0.286208
0.143601
0.142887
0.403182
0.371144
0.265226
0.387708
0.314913
0.240520
0.232102
0.186748
0.379504
0.337932
0.325954
0.278069
0.297043
0.329782
0.539155
0.281409
0.257427
0.404168
0.469944
0.285404
0.208609
0.112339
0.209633
0.261061
0.203036
0.242801
0.114381
0.298922
0.239727
0.200803
0.196921
0.220477
0.218456
0.294173
0.156902
0.238110
0.566412
0.361186
0.220571
0.244412
0.235939
0.134108
0.212294
0.219190
0.201947
0.398093
0.138677
0.125171
0.298678
0.419873
0.463706
0.172685
0.402458
0.455910
0.164748
0.264562
0.120185
0.207596
0.339535
0.345731
0.191801
0.306965
0.116506
0.150578
0.219348
0.093039
0.286470
0.241466
0.251475
0.623737
0.522692
0.274055
0.244444
0.275564
0.261684
0.167323
0.304814
0.310123
0.442405
0.319617
0.127704
0.384593
0.172918
0.111210
0.273401
0.312789
0.287389
0.147946
0.293485
0.236362
0.121280
0.095487
0.240095
0.147140
0.305868
0.223369
0.404421
0.276279
0.477176
0.168008
0.239747
0.210406
0.326793
0.247628
0.230524
0.489559
0.337626
0.488653
0.249930
0.338701
0.359770
0.191039
0.353832
0.112861
0.262307
0.380038
0.244764
0.124764
0.174937
0.179145
0.152582
0.190045
0.490028
0.295856
0.170746
0.199861
0.197582
0.586090
0.283892
0.244319
0.341249
0.263217
0.253599
0.406052
0.402482
0.269777
0.252277
0.248586
0.371201
0.211568
0.309864
0.263574
0.371906
0.303627
0.217377
0.362064
0.302031
0.196189
0.188942
0.209614
0.119976
0.182574
0.306182
0.209724
0.092519
0.352335
0.362243
0.288003
0.428228
0.300336
0.301054
0.167090
0.312363
0.343409
0.162681
0.156857
0.241868
0.175288
0.194525
0.181850
0.125693
0.404505
0.506527
0.752060
0.388849
0.226663
0.387582
0.167563
0.131037
0.639183
0.152978
0.162168
0.188419
0.254061
0.261568
0.301643
0.163161
0.205832
0.141211
0.299446
0.436310
0.403311
0.183120
0.144172
0.216074
0.238555
0.217117
0.266179
0.133108
0.456864
0.343384
0.395294
0.734028
0.718278
0.417711
0.336605
0.528469
0.375242
0.307678
0.336377
0.336311
0.309070
0.164422
0.224744
0.143099
0.120200
0.318275
0.170877
0.150754
0.261145
0.225007
0.209811
0.187524
0.323520
0.188605
0.118777
0.230279
0.241630
0.132406
0.402652
0.366400
0.448496
0.545113
0.337756
0.222141
0.288514
0.158820
0.192900
0.231057
0.278543
0.201887
0.239155
0.241591
0.287585
0.267853
0.315347
0.238357
0.137454
0.205600
0.388591
0.390006
0.297479
0.219327
0.241456
0.288080
0.164598
0.375723
0.224847
0.256939
0.068923
0.285112
0.268087
0.201602
0.280841
0.133472
0.061150
0.411298
0.215065
0.247530
0.208984
0.183189
0.428124
0.194239
0.154546
0.257700
0.130699
0.165516
0.188288
0.352062
0.234703
0.228815
0.177851
0.224226
0.132895
0.306299
0.341027
0.380024
0.161609
0.354992
0.316924
0.276381
0.221421
0.274112
0.175703
0.323106
0.515746
0.349137
0.278858
0.189038
0.218290
0.304036
0.285881
0.379696
0.191860
0.316017
0.145487
0.245828
0.305141
0.384155
0.184976
0.230895
0.237697
0.238373
0.216503
0.315747
0.342926
0.358793
0.417053
0.444110
0.340101
0.202660
0.520664
0.286156
0.226262
0.244144
0.181534
0.363564
0.324424
0.206219
0.213628
0.516599
0.471729
0.302048
0.232910
0.242302
0.142028
0.160784
0.222432
0.241316
0.232634
0.104106
0.243769
0.132468
0.126246
0.194893
0.297099
0.331253
0.370603
0.384502
0.239826
0.136448
0.467817
0.276891
0.268954
0.160169
0.278325
0.170282
0.204903
0.256826
0.278646
0.210260
0.268232
0.206698
0.195485
0.226222
0.143361
0.228369
0.304528
0.211487
0.294050
0.270775
0.246632
0.199575
0.196138
0.203730
0.388477
0.308152
0.188291
0.185229
0.252715
0.089402
0.138641
0.239580
0.217929
0.469171
0.684176
0.332682
0.434113
0.316997
0.234555
0.344527
0.251205
0.264783
0.337102
0.153492
0.134549
0.170092
0.374149
0.284191
0.470602
0.245921
0.252872
0.264913
0.263397
0.333144
0.494860
0.577446
0.293839
0.242281
0.485384
0.151108
0.449659
0.291190
0.321570
0.242167
0.194033
0.349584
0.204712
0.420205
0.170228
0.156628
0.368321
0.179061
0.233588
0.261570
0.262983
0.275092
0.192349
0.300372
0.287227
0.505463
0.417746
0.423147
0.328456
0.407371
0.425486
0.399263
0.379669
0.283867
0.384267
0.184224
0.200813
0.245319
0.238569
0.267049
0.099217
0.364295
0.421675
0.332287
0.336790
0.194119
0.201049
0.338791
0.284067
0.214688
0.475405
0.342336
0.267440
0.203120
0.194221
0.286637
0.188183
0.544337
0.343598
0.306057
0.308217
0.405280
0.474619
0.194322
0.149095
0.191640
0.145101
0.243146
0.137834
0.187269
0.266464
0.135421
0.232124
0.195979
0.409454
0.225293
0.277404
0.175023
0.117963
0.222440
0.150091
0.308994
0.317497
0.318507
0.227117
0.319608
0.261989
0.284281
0.162423
0.273217
0.310143
0.256219
0.278948
0.152343
0.209705
0.175296
0.244277
0.234209
0.370032
0.390573
0.263679
0.315136
0.319603
0.128085
0.167749
0.365263
0.258924
0.399069
0.532727
0.380113
0.176265
0.285206
0.365376
0.130929
0.547594
0.438882
0.195685
0.332665
0.168965
0.234442
0.278611
0.204042
0.211449
0.275599
0.232848
0.166947
0.335215
0.158081
0.204795
0.142281
0.149460
0.280103
0.105337
0.510405
0.248279
0.293234
0.172917
0.174573
0.162611
0.099038
0.238510
0.241449
0.245441
0.128776
0.273006
0.192250
0.191492
0.168017
0.206324
0.125967
0.385202
0.405203
0.425976
0.436999
0.166451
0.144886
0.329569
0.210205
0.307920
0.168321
0.540548
0.116361
0.122016
0.128410
0.300905
0.584621
0.231482
0.221326
0.229962
0.208301
0.275732
0.235675
0.215921
0.151855
0.422585
0.255514
0.253668
0.216693
0.108829
0.254641
0.342355
0.195985
0.151114
0.261588
0.218507
0.305041
0.482333
0.614236
0.210427
0.204427
0.245531
0.362942
0.196371
0.206273
0.145601
0.215417
0.232396
0.142374
0.197542
0.532067
0.341933
0.233049
0.120854
0.161892
0.243485
0.473886
0.302578
0.323959
0.541950
0.189285
0.221545
0.306097
0.324588
0.152803
0.374434
0.406516
0.477928
0.361293
0.401481
0.159833
0.409208
0.185050
0.186599
0.282598
0.222161
0.488897
0.397090
0.149239
0.305494
0.237235
0.131934
0.223023
0.229970
0.162817
0.259632
0.169203
0.140039
0.216389
0.356264
0.230356
0.261852
0.322546
0.226434
0.222278
0.154602
0.329082
0.205684
0.264470
0.362842
0.300760
0.223027
0.276442
0.306467
0.231993
0.248768
0.350149
0.248295
0.152940
0.235011
0.227930
0.209450
0.162872
0.164591
0.183999
0.440192
0.277120
0.372229
0.299484
0.078117
0.229659
0.103362
0.188057
0.200459
0.204446
0.220585
0.244514
0.131711
0.118493
0.400567
0.194827
0.227672
0.167359
0.252915
0.314291
0.540973
0.310643
0.306589
0.403232
0.282802
0.204024
0.136157
0.410942
0.277754
0.274469
0.524518
0.273839
0.264245
0.299633
0.150070
0.275611
0.309436
0.167709
0.365966
0.372477
0.200305
0.317294
0.400607
0.213492
0.275438
0.365506
0.269272
0.308029
0.281468
0.265723
0.255163
0.110939
0.159713
0.216650
0.319517
0.325738
0.190617
0.356358
0.248499
0.344473
0.358988
0.321739
0.162099
0.193002
0.179146
0.228508
0.291170
0.215316
0.247610
0.631654
0.704254
0.374061
0.212895
0.171153
0.313446
0.245686
0.271736
0.379261
0.186263
0.193037
0.200035
0.316474
0.322911
0.305953
0.357778
0.199395
0.210049
0.327899
0.187754
0.174027
0.327690
0.204577
0.206644
0.232719
0.108805
0.393906
0.450379
0.185524
0.374923
0.171145
0.285010
0.268114
0.198115
0.248510
0.272197
0.169080
0.234937
0.371107
0.161837
0.184203
0.313601
0.168758
0.289628
0.286751
0.317855
0.140831
0.435418
0.370571
0.187280
0.169976
0.195855
0.097295
0.167498
0.329921
0.326113
0.171582
0.231889
0.413531
0.297848
0.288881
0.276780
0.401018
0.189643
0.339164
0.300637
0.129331
0.170315
0.203689
0.309135
0.473101
0.326278
0.332831
0.195579
0.187613
0.209516
0.361428
0.222616
0.251799
0.380386
0.263800
0.228002
0.244121
0.182574
0.177370
0.093933
0.231149
0.125956
0.245178
0.209397
0.236536
0.238806
0.338508
0.338214
0.443976
0.338147
0.341500
0.143151
0.185830
0.240050
0.341211
0.617045
0.185838
0.178115
0.230532
0.126464
0.267453
0.117245
0.091248
0.204623
0.265112
0.299975
0.321121
0.179387
0.153663
0.141060
0.232821
0.209110
0.147487
0.598179
0.901119
0.362045
0.186251
0.160383
0.247035
0.195635
0.231931
0.173357
0.151220
0.266241
0.186953
0.286083
0.323120
0.436132
0.217360
0.359642
0.195744
0.265546
0.262965
0.161689
0.243626
0.276677
0.174146
0.258913
0.184874
0.178435
0.520017
0.148337
0.185118
0.211560
0.080309
0.213794
0.367887
0.134840
0.373884
0.228685
0.217250
0.225607
0.384075
0.183341
0.211899
0.354691
0.207341
0.314912
0.375134
0.152580
0.465400
0.357634
0.249706
0.354226
0.363150
0.303840
0.200700
0.306682
0.236935
0.309871
0.148639
0.168078
0.278176
0.526123
0.248162
0.110078
0.258332
0.161613
0.170980
0.349273
0.125619
0.172041
0.206880
0.114806
0.238708
0.423280
0.127541
0.283498
0.338812
0.097757
0.146091
0.347947
0.391095
0.397985
0.444862
0.364018
0.233192
0.299869
0.483292
0.204699
0.184139
0.307362
0.198766
0.267346
0.267271
0.031126
0.258428
0.165211
0.197433
0.288451
0.266454
0.243030
0.238249
0.348466
0.245122
0.143251
0.225995
0.202053
0.364027
0.363678
0.149549
0.137465
0.178338
0.116702
0.375348
0.257512
0.227600
0.348924
0.336956
0.195245
0.411214
0.411502
0.344250
0.171773
0.259624
0.187271
0.233680
0.354073
0.143237
0.175036
0.384172
0.107036
0.310442
0.171684
0.255629
0.191652
0.146176
0.321741
0.207668
0.154751
0.298653
0.463877
0.243654
0.462850
0.457801
0.172833
0.193333
0.292338
0.221099
0.153229
0.288470
0.516791
0.264955
0.186166
0.292996
0.196378
0.203477
0.297470
0.268712
0.207626
0.238374
0.197453
0.128892
0.318456
0.167051
0.487199
0.836236
0.581706
0.394136
0.176468
0.291859
0.347686
0.382051
0.201393
0.222307
0.300296
0.252050
0.284304
0.277362
0.324257
0.397652
0.225498
0.256763
0.177028
0.339333
0.163502
0.267249
0.286475
0.436108
0.273770
0.353673
0.291603
0.350144
0.180857
0.302808
0.253519
0.331091
0.368015
0.463289
0.395315
0.287516
0.301669
0.393964
0.189809
0.519173
0.353657
0.246829
0.270474
0.295859
0.265374
0.236177
0.467474
0.238564
0.262945
0.140565
0.407723
0.789297
0.697842
0.318609
0.306165
0.306558
0.358253
0.268391
0.200054
0.222199
0.123007
0.250643
0.251826
0.143028
0.205770
0.438073
0.464127
0.204050
0.212093
0.335537
0.340884
0.410500
0.336114
0.317460
0.215297
0.133643
0.233488
0.227104
0.328496
0.347018
0.225257
0.184538
0.260488
0.312762
0.207293
0.202377
0.198880
0.135770
0.462047
0.287319
0.164979
0.243297
0.149579
0.373528
0.290541
0.153290
0.260700
0.240651
0.330396
0.281892
0.436058
0.514946
0.280450
0.249831
0.131497
0.213506
0.235484
0.140318
0.203070
0.166797
0.283592
0.299573
0.348822
0.307711
0.368174
0.484229
0.189356
0.315572
0.232319
0.215090
0.164111
0.188274
0.197115
0.302115
0.301260
0.184444
0.200265
0.408527
0.225205
0.227272
0.229034
0.238678
0.259857
0.227449
0.282937
0.174991
0.266602
0.371857
0.317684
0.116019
0.301998
0.151773
0.458184
0.221423
0.177413
0.138324
0.196662
0.600114
0.240571
0.261246
0.291553
0.294765
0.284864
0.298630
0.264801
0.146592
0.173213
0.166021
0.327365
0.480277
0.243043
0.513933
0.243276
0.163926
0.139924
0.166779
0.280414
0.252813
0.291644
0.188365
0.229929
0.136172
0.174818
0.306350
0.186105
0.198385
0.138226
0.232811
0.475001
0.295416
0.461495
0.263865
0.284479
0.388771
0.154322
0.246780
0.108771
0.161592
0.198265
0.166084
0.231158
0.397590
0.338928
0.372829
0.337354
0.522587
0.243830
0.122052
0.155241
0.237215
0.230649
0.310278
0.299151
0.170486
0.206517
0.190143
0.279713
0.165872
0.153430
0.265373
0.222199
0.262690
0.398030
0.311591
0.143285
0.213986
0.271147
0.265265
0.210139
0.160184
0.168669
0.348013
0.216100
0.258761
0.423996
0.247647
0.335136
0.136013
0.443590
0.398092
0.158141
0.103808
0.231165
0.185075
0.301569
0.273761
0.298392
0.166276
0.339371
0.184561
0.341178
0.119853
0.133746
0.337111
0.333213
0.131045
0.258594
0.283080
0.552454
0.519143
0.368907
0.403186
0.237491
0.234025
0.101600
0.350487
0.271441
0.190430
0.313653
0.259080
0.207611
0.438029
0.260374
0.302183
0.226824
0.189802
0.193024
0.156023
0.279752
0.570409
0.349702
0.168761
0.401604
0.449872
0.216877
0.234255
0.264588
0.151714
0.129848
0.402294
0.178452
0.264348
0.141120
0.170325
0.165355
0.470339
0.175032
0.283298
0.262828
0.095346
0.222451
0.434071
0.286711
0.445451
0.229672
0.347769
0.158548
0.223087
0.138574
0.279019
0.204121
0.375690
0.256262
0.362668
0.267139
0.305537
0.219278
0.264735
0.325125
0.245261
0.326867
0.544810
0.391456
0.349069
0.442452
0.307711
0.313485
0.227004
0.281232
0.189159
0.252445
0.303372
0.226573
0.224203
0.186829
0.219194
0.372587
0.322818
0.358272
0.123938
0.251115
0.317808
0.161955
0.187202
0.115500
0.204278
0.239819
0.236079
0.223632
0.286314
0.204603
0.241863
0.235994
0.386045
0.164318
0.076961
0.171451
0.167944
0.120364
0.227771
0.126005
0.118484
0.161666
0.203800
0.186080
0.350393
0.206452
0.260515
0.224685
0.199963
0.117022
0.189647
0.337441
0.489271
0.560983
0.422135
0.189439
0.279495
0.307338
0.228812
0.295229
0.167306
0.447602
0.300031
0.269830
0.261732
0.262769
0.333659
0.300825
0.313123
0.225194
0.289275
0.478530
0.340771
0.342723
0.304597
0.203108
0.197320
0.314015
0.485046
0.083888
0.468712
0.262979
0.207426
0.221174
0.186064
0.248908
0.183542
0.251769
0.277328
0.303789
0.122948
0.268197
0.263900
0.290220
0.291976
0.317356
0.423360
0.275786
0.215144
0.145754
0.327774
0.681727
0.510179
0.465041
0.272867
0.301746
0.270180
0.213899
0.186402
0.239873
0.348615
0.614239
0.324988
0.216186
0.163047
0.145509
0.312896
0.317641
0.350252
0.622757
0.288330
0.380212
0.361574
0.419217
0.288062
0.552248
0.232397
0.502719
0.186870
0.181160
0.189395
0.186657
0.265799
0.201581
0.502687
0.260109
0.370589
0.099346
0.106556
0.201152
0.169436
0.170486
0.306022
0.167935
0.433534
0.278528
0.177743
0.293397
0.199985
0.305347
0.119533
0.236539
0.133526
0.283802
0.226171
0.332317
0.140038
0.469568
0.158653
0.137803
0.164681
0.120652
0.032490
0.386608
0.048722
0.205616
0.112991
0.132401
0.195626
0.202086
0.389766
0.357725
0.174351
0.266353
0.195252
0.178691
0.272629
0.101268
0.291487
0.314444
0.255787
0.230935
0.112595
0.371719
0.224509
0.218634
0.136036
0.239302
0.492705
0.346006
0.070030
0.276316
0.266911
0.113881
0.473577
0.275762
0.497819
0.290531
0.163139
0.156319
0.249569
0.208622
0.240095
0.220474
0.244795
0.301273
0.457399
0.232904
0.149015
0.193063
0.226110
0.229912
0.383398
0.328100
0.211818
0.391833
0.215295
0.363014
0.265825
0.225201
0.498630
0.424075
0.321579
0.211919
0.185267
0.318368
0.217020
0.424765
0.323644
0.255952
0.314741
0.432040
0.127153
0.461198
0.285157
0.154538
0.097296
0.268983
0.257432
0.211521
0.205160
0.271191
0.166989
0.171431
0.216425
0.186967
0.306732
0.304319
0.180196
0.173361
0.117068
0.118033
0.289396
0.369850
0.237925
0.409310
0.453283
0.292333
0.166332
0.142476
0.134658
0.194780
0.104520
0.159210
0.131115
0.210118
0.229789
0.164938
0.166360
0.071080
0.194060
0.232522
0.308913
0.333453
0.235985
0.176803
0.192815
0.235180
0.240045
0.173061
0.069911
0.174160
0.146608
0.204144
0.379497
0.188169
0.286642
0.162102
0.190087
0.271169
0.320222
0.347562
0.351554
0.219174
0.234780
0.425844
0.072818
0.184954
0.381748
0.301582
0.211684
0.186468
0.221515
0.204862
0.160659
0.290748
0.193869
0.295385
0.300394
0.395383
0.149659
0.203957
0.331246
0.570770
0.253032
0.280799
0.290446
0.225511
0.324096
0.362339
0.208790
0.292031
0.270467
0.328548
0.284744
0.327497
0.413574
0.350708
0.156799
0.324654
0.239385
0.201670
0.289894
0.288361
0.403372
0.211986
0.282461
0.347172
0.232899
0.114648
0.178335
0.330316
0.582378
0.177534
0.313419
0.254985
0.335816
0.312925
0.259947
0.404530
0.449589
0.395414
0.233711
0.195722
0.285481
0.286746
0.156579
0.156773
0.364793
0.309458
0.142427
0.169547
0.183229
0.628089
0.210171
0.166170
0.246280
0.226583
0.335238
0.492752
0.311584
0.258294
0.324638
0.188945
0.120523
0.140708
0.150989
0.267715
0.409883
0.156181
0.333242
0.267588
0.224067
0.308358
0.417336
0.503084
0.598158
0.420458
0.251334
0.229631
0.182711
0.175200
0.343239
0.177453
0.271410
0.263573
0.177045
0.224124
0.266288
0.159415
0.233319
0.136426
0.087290
0.221520
0.383286
0.215421
0.234611
0.320776
0.200193
0.404075
0.442704
0.446897
0.239735
0.126247
0.290459
0.368052
0.168710
0.258436
0.167122
0.181936
0.082143
0.226981
0.338681
0.343473
0.184005
0.161657
0.207305
0.195186
0.229630
0.157720
0.295124
0.463463
0.345610
0.419478
0.384654
0.550186
0.222726
0.187361
0.150506
0.137645
0.238355
0.163335
0.186114
0.290314
0.441058
0.345436
0.363800
0.309942
0.223199
0.236151
0.289022
0.211264
0.361279
0.232569
0.201296
0.311459
0.292065
0.229663
0.298181
0.142097
0.262209
0.182768
0.172125
0.609306
0.459546
0.563569
0.684300
0.605020
0.178053
0.294807
0.310392
0.264584
0.419845
0.226780
0.281998
0.158115
0.328357
0.195414
0.151026
0.089114
0.242467
0.238224
0.307305
0.419562
0.584948
0.332467
0.188629
0.192338
0.412212
0.187555
0.528155
0.417842
0.276062
0.126892
0.399122
0.249677
0.216899
0.265362
0.290953
0.182923
0.069176
0.219581
0.107717
0.197751
0.147196
0.311302
0.398943
0.197093
0.165043
0.280522
0.211931
0.412088
0.195688
0.131014
0.393335
0.213703
0.120660
0.248424
0.331154
0.398264
0.514524
0.491808
0.378189
0.286740
0.213376
0.214926
0.090341
0.194885
0.342061
0.373244
0.306531
0.269026
0.176128
0.099637
0.178078
0.167965
0.164398
0.364228
0.196698
0.285230
0.353229
0.133188
0.079423
0.261352
0.093574
0.303025
0.295812
0.302694
0.209596
0.172785
0.186151
0.230343
0.302479
0.331769
0.481817
0.193990
0.228133
0.563859
0.583607
0.186213
0.361111
0.385089
0.265716
0.212748
0.155433
0.265850
0.184063
0.204317
0.245415
0.309544
0.150261
0.155205
0.162666
0.172857
0.107273
0.332285
0.196011
0.120982
0.353698
0.301423
0.387979
0.152084
0.199360
0.200661
0.187790
0.152059
0.169696
0.281315
0.213306
0.358007
0.134769
0.229577
0.172626
0.271938
0.228643
0.361824
0.398089
0.310597
0.245965
0.118565
0.396735
0.298712
0.362214
0.215637
0.165948
0.256121
0.202006
0.360345
0.646565
0.250738
0.304789
0.291876
0.319697
0.230253
0.169835
0.267226
0.360334
0.365362
0.243143
0.127705
0.362877
0.247745
0.153104
0.221149
0.152406
0.102319
0.165654
0.385925
0.373394
0.111419
0.205645
0.454341
0.313076
0.212232
0.218741
0.175080
0.217369
0.191336
0.235127
0.405834
0.267806
0.443043
0.245655
0.240135
0.393726
0.223333
0.262235
0.261078
0.199164
0.160056
0.302148
0.329297
0.201005
0.162495
0.147010
0.330470
0.146693
0.260280
0.178575
0.160584
0.271509
0.485875
0.914118
0.737028
0.747007
0.371025
0.177988
0.216394
0.167773
0.360840
0.283922
0.187701
0.390213
0.164943
0.076591
0.255200
0.240182
0.209977
0.217610
0.395418
0.207386
0.327828
0.167304
0.305863
0.152498
0.332560
0.438408
0.375797
0.238790
0.310115
0.106349
0.186296
0.308928
0.311274
0.325154
0.193082
0.263365
0.250172
0.255073
0.223984
0.170431
0.211129
0.154870
0.319040
0.173672
0.203207
0.247919
0.150709
0.255628
0.313611
0.270871
0.256137
0.201712
0.194766
0.267581
0.194522
0.346380
0.315445
0.298064
0.466829
0.216407
0.195804
0.170412
0.308663
0.286050
0.203998
0.069170
0.215498
0.319185
0.375872
0.206898
0.330298
0.356572
0.443232
0.408181
0.513155
0.452306
0.321324
0.178668
0.365954
0.308899
0.177989
0.097639
0.212608
0.185499
0.273305
0.284065
0.244363
0.227077
0.322605
0.226356
0.410137
0.436487
0.232515
0.448959
0.182203
0.248950
0.267695
0.268868
0.302992
0.192823
0.208285
0.173946
0.211199
0.280106
0.188928
0.114309
0.280507
0.421069
0.228299
0.153832
0.315730
0.213890
0.181428
0.132338
0.189352
0.062402
0.213243
0.234472
0.319060
0.147249
0.273309
0.374239
0.246180
0.135403
0.083502
0.327532
0.256789
0.299568
0.276950
0.413399
0.231111
0.388980
0.230049
0.328165
0.363822
0.285983
0.273563
0.123488
0.295543
0.121066
0.224141
0.384827
0.258813
0.254785
0.310610
0.154591
0.138769
0.536230
0.301940
0.345915
0.182473
0.235839
0.120642
0.264686
0.302215
0.099517
0.229331
0.145106
0.305418
0.443474
1.024833
0.694497
0.367780
0.495274
0.231829
0.333409
0.296614
0.193583
0.292831
0.190713
0.329832
0.177799
0.109154
0.151680
0.242775
0.326102
0.368175
0.257408
0.519962
0.258706
0.115362
0.198370
0.203819
0.350679
0.272184
0.339922
0.395326
0.223316
0.314917
0.186192
0.215629
0.214556
0.170180
0.229252
0.436342
0.271182
0.227076
0.354144
0.253156
0.459562
0.244280
0.315312
0.389433
0.248842
0.304475
0.174020
0.192718
0.212837
0.168305
0.168619
0.230064
0.243925
0.209003
0.334807
0.338372
0.203574
0.282343
0.182256
0.339667
0.204099
0.110088
0.185467
0.241069
0.216994
0.292153
0.130207
0.451722
0.160703
0.240728
0.468163
0.350500
0.226364
0.372678
0.254353
0.266720
0.212968
0.196330
0.226605
0.243361
0.318034
0.163525
0.384028
0.390148
0.403137
0.207241
0.229786
0.314789
0.182539
0.262596
0.217011
0.269600
