2.328007
2.266493
2.124929
2.222611
2.162610
2.147478
2.168273
2.171939
2.128836
2.145268
2.159707
2.082732
2.044604
2.036330
2.051234
2.141861
2.114785
2.038336
1.911372
1.973653
2.025424
1.898732
1.792312
1.900356
1.868937
1.765696
1.799108
1.760306
1.625558
1.679849
1.677574
1.510284
1.613614
1.847057
1.883175
1.877530
1.665014
1.531373
1.457686
1.758417
1.537734
1.548720
1.620946
1.437359
1.481720
1.329805
1.361266
1.525419
1.634253
1.752341
1.761635
1.250205
1.349739
1.193973
1.399512
1.299242
1.484826
1.881994
1.327720
1.466008
1.452004
1.365710
1.360925
1.393750
1.512288
1.533803
1.646072
1.570616
1.287942
1.311533
1.378516
1.295736
1.679163
1.350713
1.191291
1.165803
1.233855
1.061759
1.817775
1.245403
1.279345
1.256109
1.130126
1.223919
1.069098
1.489681
1.205478
1.251078
1.274267
1.523127
1.335465
1.212242
1.200950
1.114469
1.188145
1.148819
1.274915
1.129456
1.006363
1.528475
1.202799
1.124687
1.165795
1.323776
1.120916
1.358505
0.942890
1.319766
1.583847
1.216422
1.425730
1.383163
1.263508
1.128328
1.352317
1.356185
1.127306
0.943578
1.110667
1.236431
1.322415
1.240146
1.241457
1.066900
1.221582
1.081815
1.498097
1.053882
1.624846
1.321372
1.345103
1.071029
0.940027
1.319363
1.057914
1.421330
1.490405
1.238148
1.129293
0.985340
0.885676
1.062268
1.251482
1.169124
1.760452
1.203819
1.162002
0.940775
1.017503
1.151864
1.278709
1.198457
1.179936
1.420156
1.245032
1.427039
1.181100
1.157279
1.314366
1.137234
1.341076
1.420363
1.086503
1.332637
1.283989
1.099511
0.831147
1.229662
1.550725
1.114895
1.526591
0.905208
1.306295
1.069862
1.307301
1.073028
1.211706
1.100463
1.027481
1.361257
1.168464
1.168962
1.287544
1.172389
0.937750
0.969896
1.233884
1.877932
1.103832
1.122453
1.007360
1.024619
1.097420
0.936321
0.919624
1.537285
1.437376
1.955581
1.310192
1.074471
1.073610
1.087734
1.195524
0.939289
1.127348
1.421318
1.181173
0.944177
1.289343
1.228904
1.128804
1.124924
1.141327
1.079245
1.062317
1.237936
1.251479
1.156854
1.314625
1.102308
1.194667
1.286023
1.106796
1.265187
1.079741
1.157185
1.176242
1.088846
0.983995
1.004669
1.389938
1.130015
0.823955
0.997591
1.000830
1.089700
1.235955
1.082973
1.268428
1.141437
0.839577
1.339320
1.160255
1.308607
1.133190
1.130458
1.028875
1.069130
1.217868
1.353046
1.086346
1.057190
0.963773
1.024130
1.153041
0.833162
1.013295
1.116312
1.075815
1.173492
1.245028
0.969447
1.194273
0.995675
1.194671
1.261352
1.131154
1.460534
1.239294
1.180410
0.999189
0.989386
1.290072
1.423417
1.228428
1.353175
1.190775
1.129188
1.351970
1.192230
0.735893
1.068505
1.432134
1.048814
1.050534
1.349529
1.167833
1.180663
1.061250
1.136949
0.972558
1.014642
1.581233
1.205906
1.140846
1.217898
1.181867
0.933196
0.952805
1.059517
1.071813
1.129378
1.037256
0.874857
1.266885
1.233368
1.685648
1.319236
1.098109
0.991982
1.100497
1.092369
1.151614
0.964925
1.021750
1.204128
1.390443
0.865051
1.346199
1.128463
1.065357
1.148187
1.078262
1.090851
1.139087
0.985510
1.129019
1.193653
1.125903
1.152668
1.023930
1.015269
1.564410
1.171107
1.042649
1.113448
1.121573
1.106900
1.186145
1.217861
1.282519
1.122350
1.032230
1.453737
1.096944
1.165510
1.013638
1.227658
1.104159
1.150912
1.170954
0.975210
0.952135
1.056019
0.974906
1.086655
1.073049
1.230977
1.102993
1.103194
1.386612
1.333296
1.080130
1.206671
0.962443
1.044993
1.175234
1.127772
1.263862
1.297366
1.231268
1.108759
0.993324
1.030967
1.083356
0.982252
1.127662
1.438216
1.178117
1.116081
0.971022
1.070414
0.940075
1.022751
0.936875
1.065302
1.064651
0.967559
0.881151
1.384540
1.173016
1.208361
1.124338
1.115787
0.840351
1.104031
1.194903
1.277165
0.886893
1.137434
1.037746
1.126851
1.094942
1.126807
1.169080
1.373657
1.108207
1.138346
0.989898
1.334867
1.338001
1.429062
1.408312
1.115161
1.164266
1.221858
1.099525
1.195209
1.003064
1.105920
1.021312
1.075663
1.400502
1.107681
1.181096
1.064438
1.018478
1.146571
1.193339
1.204401
1.174515
1.608845
1.150661
1.211429
1.076917
1.022578
1.035754
1.068665
1.157368
1.188914
1.354841
1.170655
1.318549
1.052697
1.236484
0.893631
1.021538
0.875256
1.196334
1.047464
1.096274
1.126454
1.278146
1.238928
1.672721
1.082617
1.144276
1.229536
1.125836
1.213283
0.909548
0.911304
0.981082
0.972876
1.013256
1.232119
1.217545
0.928119
0.948035
1.347338
1.402885
1.954057
1.094149
1.032616
1.195415
1.135564
1.171033
0.975350
1.435907
1.123301
1.227599
1.073461
1.037483
1.204157
1.106758
1.123633
1.132066
0.973431
1.061758
1.030505
1.039247
0.966676
0.955292
0.961142
0.949921
0.845628
1.239794
1.623017
1.506288
1.226529
0.951456
1.111630
0.932426
1.044534
1.170134
1.063371
1.155914
1.329094
1.247118
1.098934
1.120383
0.931212
1.014139
1.132503
1.239125
1.157570
1.413549
1.323259
0.992082
1.119661
1.139502
1.274382
1.253119
1.292060
1.313857
1.101282
1.018095
0.959854
0.952685
0.962507
0.959981
1.329959
1.026036
1.414152
1.092841
1.151640
0.909745
1.247584
1.197014
1.602618
1.101701
1.477627
0.967481
1.071178
0.913424
1.235937
1.060361
1.026854
1.319143
1.106848
0.943070
0.997019
0.885096
0.976605
1.118644
1.127794
1.115965
1.615462
1.172250
1.350960
1.156922
1.150970
1.223050
0.969086
0.803410
1.062336
1.116633
1.216916
1.132409
1.135990
1.125688
1.203030
1.063026
1.290579
0.916185
1.307657
1.241592
1.288047
1.311613
1.025203
1.082515
1.168069
1.177429
1.239773
1.296409
1.414152
1.202786
1.358095
1.102359
1.076127
0.939381
0.914997
1.174760
1.122080
1.398607
1.186211
1.108804
1.114175
1.106066
1.138776
1.158636
1.051867
1.052142
1.161130
1.194685
1.048574
1.154667
1.379091
1.360385
1.078421
1.232082
1.133855
1.071370
0.880262
1.000014
0.943517
1.138085
1.436330
1.189240
1.186664
1.263729
1.157574
1.026159
1.262490
1.069476
1.314759
1.294498
1.047047
1.271648
1.172261
1.373355
0.973866
1.015796
1.034286
1.285489
1.034195
1.407040
1.402316
0.952392
1.214172
1.192302
1.341929
1.116196
1.210213
1.104694
1.177810
0.971258
1.167180
1.156777
1.195468
1.077748
1.017395
1.337750
1.141987
1.394956
1.548332
1.421074
1.017202
0.902356
1.033671
1.041019
1.083653
1.251208
1.198270
1.381871
1.212324
1.084074
1.450306
0.949310
1.106622
1.365249
0.832792
1.160366
0.973167
1.216460
1.239683
1.440468
1.264127
1.156678
1.006842
1.135280
1.072989
1.253773
1.249508
1.081242
1.079468
1.145660
1.170465
1.111243
0.987866
1.492820
1.204539
1.141062
1.282495
0.985514
0.975269
1.075487
0.963659
1.114891
1.212375
1.023330
1.049883
0.909180
1.178273
1.199507
1.538785
1.531157
1.466510
1.576436
1.234978
1.115752
1.420894
0.989622
1.099642
1.118044
1.038195
1.114432
1.206497
0.934782
1.186716
1.112698
1.361170
1.271418
1.213359
1.050650
1.058501
1.227346
0.993187
1.099554
1.403450
1.304920
1.164089
1.417941
1.015352
1.098363
1.289881
1.261086
1.153133
0.983455
1.264687
1.024712
1.459400
1.270810
0.932433
1.185759
1.147905
1.026886
1.032685
0.993523
1.233122
1.097519
1.047723
1.333011
1.310389
1.078125
1.000262
1.081260
1.263378
1.016146
1.283564
1.092975
1.345829
1.179712
1.136773
1.243606
1.108264
1.368735
1.280078
1.184901
1.111985
0.885935
1.464520
0.915812
1.311640
1.295007
0.950532
1.047187
0.955593
1.274494
1.474194
1.233173
1.030872
1.171474
1.019447
1.122772
1.133026
1.455344
1.248437
1.703377
1.293026
1.217282
1.245828
1.341742
1.008460
1.225223
1.024107
1.060170
1.211175
1.085270
1.152746
1.017698
1.289704
1.097548
1.301370
0.936898
1.436390
1.052669
1.230547
1.092288
1.393894
1.053164
1.083926
1.246041
1.006714
1.365293
1.154853
1.192555
0.970129
1.204648
1.306171
1.355870
1.287493
1.484038
1.264575
0.999842
1.054932
1.190414
0.916029
1.191959
1.191826
1.176437
1.463929
1.343140
1.238197
1.118029
1.040938
1.025414
1.188311
1.338683
1.040322
1.193054
1.077236
1.193485
1.134182
1.510113
0.841289
1.240118
0.987907
1.030778
1.161485
1.116253
1.558696
1.136572
1.201847
1.117674
1.262106
1.328023
1.141875
1.025409
1.185711
1.323510
1.055876
1.527640
1.435362
1.235600
1.371017
1.090006
1.392857
1.402067
1.354671
1.294925
1.037442
1.127300
0.956891
1.272548
1.113102
1.246049
1.173123
1.193898
1.022831
1.084467
1.201025
1.112178
1.001343
1.176193
1.176312
1.019743
1.556276
1.352387
1.419832
1.174033
1.072587
1.075533
1.112829
1.385229
1.097562
1.225581
1.071307
1.136682
1.303839
1.342893
1.406260
1.009314
1.134501
1.229315
1.010779
1.226553
1.160980
1.395646
1.094258
1.076410
1.211234
1.238312
1.078947
1.089099
1.159174
1.129029
1.129122
1.067794
1.315029
1.063534
1.174767
1.111225
1.232110
1.265684
1.517000
1.184848
1.132050
1.253355
1.081028
1.293127
1.363249
1.169068
1.112063
0.999678
1.153576
1.154683
1.290243
1.183668
1.177787
1.107539
1.136530
1.145726
1.378931
1.545017
1.095462
1.186234
1.058429
1.275561
1.238879
1.472316
0.975893
1.435613
1.161864
1.088168
1.292757
1.095269
1.251430
1.400882
1.243362
1.122999
1.196797
1.101986
1.078687
1.185531
1.222759
1.346134
1.043767
1.382971
1.099083
1.396841
1.114509
1.288045
1.025935
1.213409
0.976891
1.368901
1.034050
1.070817
1.220798
1.056966
1.190299
1.236928
0.962577
1.245353
1.249290
1.204775
1.239355
1.429020
1.004393
1.182864
1.064294
1.356639
1.382329
1.152341
1.407045
1.174903
1.139385
1.127114
1.178915
1.247590
1.080191
1.130481
1.242084
1.175287
1.101635
1.184831
1.055805
1.069804
1.184605
1.168318
1.020588
1.196517
0.933134
1.182807
1.317046
1.088345
1.275193
1.294116
1.047857
1.092344
1.036472
1.281013
1.175754
1.170212
1.086204
0.898996
1.307626
1.168358
1.175149
1.318260
1.219108
1.051046
1.187616
1.084559
1.185554
1.231619
1.293342
1.291868
1.130078
1.148162
1.220038
1.205950
1.034460
1.242476
1.140642
1.419666
1.190475
1.168217
0.953829
1.157884
0.943593
1.026367
0.890538
1.108669
1.030030
0.942319
1.328407
1.344831
1.285872
1.237782
1.250098
1.159446
1.126899
1.354598
1.230201
1.417436
1.185805
1.211971
1.076746
1.062616
0.992474
0.965838
0.911530
1.022757
1.084154
1.445048
1.356497
1.366693
1.210632
1.061077
1.037765
1.248100
1.049819
1.173969
1.296776
1.074739
1.511045
1.316916
1.101041
1.055641
1.151911
1.020035
1.156707
1.271747
1.189982
1.675649
1.205961
1.284485
1.100771
1.320358
1.228179
1.067796
1.091887
1.282999
1.156708
1.184001
1.241495
1.329776
1.398790
1.268414
1.092379
1.478942
1.234269
1.151261
1.205031
1.270553
1.226908
1.464730
1.177623
1.209128
1.044184
1.233392
1.122432
1.333196
1.721334
1.232646
1.388286
1.227369
0.958582
1.203125
1.263549
1.183597
1.347178
1.215055
1.097671
1.290834
1.232919
1.383448
1.144326
1.448242
1.101749
1.240950
1.353209
1.225446
1.185129
1.281295
1.151081
1.076981
1.099068
1.107289
1.033319
1.358379
1.123290
1.354859
1.027621
1.427565
1.128980
1.198790
1.467805
1.207528
1.015383
1.091155
0.991216
1.318518
0.852942
1.001983
0.996914
1.037236
1.045602
1.193052
1.106647
1.115183
1.195481
1.481176
1.180857
1.143945
1.340246
1.112855
1.386743
1.308021
1.107432
1.196360
1.032157
1.014647
1.090335
1.364806
1.232950
1.235591
1.152215
0.963900
1.377359
1.195304
0.934840
1.200281
1.063315
1.255462
1.188769
1.221941
1.321182
1.393040
1.188880
1.172090
1.181057
1.351568
1.161847
1.381890
1.099517
1.149361
1.143530
1.168747
1.193940
1.100060
0.999363
1.382259
1.336720
1.263739
1.208787
1.442607
1.269995
1.321858
1.183025
1.218623
1.231333
0.989499
1.186702
1.031511
1.394432
1.137156
1.499925
1.175173
1.361830
1.199366
1.296907
1.115885
1.288098
1.082076
1.243259
1.227411
1.284260
1.163250
1.192008
1.189374
1.427862
1.318102
1.188627
1.486702
1.060773
1.256879
1.211394
1.283656
1.556039
1.464537
1.177139
1.081591
1.299394
1.061929
1.271245
1.170460
1.174845
1.097285
1.369812
1.009888
1.458026
1.323219
1.287777
1.076227
1.425598
1.264326
1.070359
1.241290
1.204965
1.324567
1.103448
1.101492
1.279620
1.184451
1.750691
1.280092
0.987500
1.277337
1.178550
0.884390
1.254153
1.116286
1.036450
0.971643
1.818833
1.292267
1.202005
1.021242
1.118728
1.271080
1.370234
1.280138
1.097919
1.172544
1.236914
1.210594
1.049098
1.052169
1.130766
1.186264
1.067767
1.463798
1.442744
1.228212
1.594486
1.112805
1.247100
1.184799
1.064862
1.221363
1.280821
1.192912
0.848219
1.275429
1.116113
1.157034
1.458093
1.245778
1.297214
1.246025
1.102168
1.234069
1.071617
1.387472
1.293178
1.280581
1.282650
1.164345
1.022435
1.122873
1.329421
1.207093
1.331356
1.344925
1.360245
1.218103
1.283640
1.156236
0.910742
1.283316
1.179955
1.321273
1.320021
1.237317
1.043429
1.158342
1.303448
1.220463
0.996858
1.188838
1.183817
1.361241
1.227162
1.289387
1.103546
1.243371
1.107708
1.142824
1.156333
1.102259
1.023862
1.493807
1.062277
1.437944
1.286930
1.161114
0.963651
1.021469
1.031387
1.374533
1.129517
1.522978
1.282781
1.457980
0.953812
0.964918
1.092934
1.220234
1.308033
1.150361
1.141184
1.252966
1.180280
1.471955
1.062706
1.395311
1.581320
1.600092
1.043944
1.255652
1.080023
1.229258
1.064306
1.257200
1.269504
1.092334
1.160191
1.241718
1.286895
1.218854
1.186778
1.078333
1.247018
1.003213
1.364931
1.246996
0.796680
1.078387
1.391175
1.377348
1.564052
1.270454
1.167751
1.239894
1.024063
1.174045
1.063230
1.364689
1.097276
1.051529
1.054788
1.192861
1.063321
1.247098
1.250410
1.195356
1.259373
1.314835
1.220345
1.109413
1.126966
1.072419
1.281766
1.158532
1.266584
1.089875
1.187234
1.089197
1.096368
1.040762
1.224596
1.472999
1.238106
1.089202
1.211598
1.295078
1.315066
1.356558
1.338632
1.055944
1.241720
1.522523
1.103690
1.381732
1.234169
1.237010
1.167194
1.301027
1.550409
1.489709
1.152248
1.397302
1.096144
1.132182
0.839313
1.238078
1.206849
1.116380
1.035223
1.054265
1.109040
1.178365
1.297110
1.459244
1.135074
1.163701
1.345317
1.560878
1.455718
1.334225
1.168058
1.260194
1.291294
1.070023
1.115181
1.254507
1.651632
1.263735
1.347672
1.179027
1.211526
1.237982
1.282432
0.966116
1.122142
1.263388
1.148546
1.028278
1.070520
1.172868
1.086142
1.415012
1.497068
1.542819
1.295583
1.176344
0.973195
1.398982
1.342884
1.366881
1.250042
1.307781
1.277575
1.030922
1.231644
1.434760
1.165021
1.249297
1.509423
1.351183
1.136089
1.277508
1.181793
1.271163
1.133440
1.274006
1.149256
1.079355
1.375942
1.263184
1.385864
1.235831
1.121759
1.039214
1.323620
1.337975
1.386076
1.172226
1.018389
0.956502
1.011463
1.022825
1.686154
1.371422
1.645119
1.155524
1.189792
1.262805
0.923205
1.123003
1.136701
1.340131
1.176259
1.498554
1.365730
1.223068
1.114055
1.278055
1.290703
1.139710
1.128693
1.356464
1.320073
1.421062
1.113693
1.109436
1.169247
1.125149
1.200327
1.257411
1.372174
1.091472
1.428584
1.410565
1.132736
1.108019
1.014771
1.215526
1.301457
1.241848
1.378527
1.297941
1.317422
1.253349
1.314853
1.339611
1.388770
1.099608
1.290189
1.176866
1.169336
1.257030
1.374896
1.269500
1.552807
1.294388
1.293967
1.144812
1.160836
1.161567
1.014336
1.068309
1.323979
1.151817
0.836911
1.279639
1.257664
1.197148
1.176421
1.339533
1.201999
1.406857
1.220757
1.344579
1.142358
1.160486
0.980639
1.130924
1.181283
0.992653
1.341963
1.069160
1.183630
1.302871
1.187362
1.137753
1.203236
1.056546
1.136945
1.373359
1.200966
1.295555
1.304736
1.336676
1.120443
1.198209
1.172652
1.454033
1.253756
1.249083
1.106608
1.065205
1.121934
1.009935
1.518468
1.298032
1.016325
1.371535
1.176139
1.245847
1.422813
1.170666
1.409539
1.179606
0.935527
1.209715
1.199320
1.271485
1.418055
1.463187
1.444588
1.090289
1.229290
1.042732
1.142901
1.071928
1.084290
1.395633
1.257222
1.223821
1.251040
1.194465
1.493516
1.112823
1.295497
1.390489
1.407872
1.359935
1.098979
1.328903
1.288696
1.226021
1.337181
1.269622
1.213840
1.199177
1.095093
1.116321
1.039243
1.279148
1.220096
1.143587
1.228020
1.259575
1.347517
1.200776
1.326126
1.095630
1.214057
1.345475
1.294160
0.983769
1.218605
1.319040
1.346709
1.311721
1.187195
1.003962
1.041436
1.300555
1.169373
1.258056
1.129078
1.172031
1.245324
1.273791
1.206012
1.239243
1.176629
1.177596
1.259533
1.243986
1.499148
1.140135
1.386683
1.009074
1.061560
1.018102
1.167217
1.253790
1.397020
1.478307
1.349960
1.225889
1.206586
1.297908
1.071591
0.926929
1.239210
1.225979
1.203250
1.255274
1.340300
1.157954
1.106244
1.237373
1.128422
1.431111
1.307287
1.469208
1.137449
1.718284
1.149028
1.187307
1.139924
1.220976
1.366535
1.150850
1.188190
1.367161
1.050473
1.237402
1.381817
1.350644
1.056987
1.223061
1.208535
1.284557
1.462838
1.413805
1.432616
1.310116
1.500489
1.319772
1.302081
1.264359
1.081316
1.369138
2.115950
1.164228
0.945846
1.098618
1.161251
1.229859
1.280982
0.955812
1.276907
1.124479
1.236297
1.142709
1.193315
1.224557
1.046588
1.119153
1.111322
1.399430
1.075784
1.219232
1.078880
1.206884
1.134676
1.034315
1.303134
1.256451
1.270742
1.189525
1.238494
1.272391
1.164618
1.287871
1.115959
1.131048
1.427540
1.117292
1.072864
1.157519
1.172947
1.209561
1.102889
1.088378
1.048814
1.365202
1.344177
1.145010
1.147986
1.211628
1.276706
1.309869
1.107506
1.074219
1.178819
1.267190
1.251654
1.084955
1.247694
1.303193
1.142858
1.189842
1.162354
1.361633
1.237548
1.267599
1.382931
1.347327
1.200943
1.241804
1.108544
1.260788
1.225900
1.171087
1.138392
1.270891
1.215220
1.475628
1.213857
1.274984
1.320905
1.046351
1.307562
1.301271
1.349431
1.373929
1.287973
0.988613
1.297011
1.240275
1.147314
1.209068
1.206073
1.244714
1.202146
1.135877
1.240872
1.399531
1.096100
1.487531
1.133765
1.291041
1.384439
1.071205
1.246385
1.139525
1.303754
1.329262
1.138702
1.396035
1.260124
1.160064
1.099317
1.349066
1.240701
1.074965
1.162965
1.200327
1.003968
1.313923
1.136045
1.227688
1.159206
1.475915
1.461420
1.162328
1.150319
1.143680
1.298721
1.226326
1.181104
1.395465
1.116446
1.360315
1.476126
1.137410
1.413880
1.095078
1.241818
1.330612
1.193057
1.306901
1.157390
1.152633
1.236382
1.336056
1.177409
1.112352
1.261899
1.216104
1.131338
1.448951
1.045406
1.301090
1.321373
1.205045
1.390673
1.205164
1.034036
1.314745
1.524976
1.136227
1.251420
1.191349
1.066168
1.177186
1.191400
1.526568
1.269207
1.127113
1.218456
1.280187
1.388235
1.477354
1.464708
1.094172
1.252483
1.226119
1.049161
1.266389
1.155787
1.082944
1.277237
1.182051
1.106093
1.134834
1.090409
1.193620
1.027375
1.333546
1.307452
1.120631
1.112806
1.137634
1.427629
1.508526
1.304528
1.272926
1.142796
0.959069
1.336370
1.077292
1.270508
1.060084
1.250099
1.094382
1.325454
1.305263
1.348194
1.165469
1.087126
1.032881
1.316919
1.161991
0.979465
1.024913
1.326085
1.167425
1.170897
1.058219
1.362877
1.420312
1.180580
1.254366
1.108082
1.216956
1.229739
1.383137
1.155829
1.356015
1.099846
1.092229
1.365084
0.969479
1.403850
1.302302
0.913547
1.181796
1.085155
1.174537
1.270451
1.068083
1.138360
0.955589
1.200701
1.354769
1.461707
1.228800
1.192754
1.280125
1.124570
1.243429
1.067289
1.093518
1.036245
0.951200
1.129613
1.025129
1.146351
1.183909
1.183623
1.370916
1.066734
1.289957
1.227947
1.311922
1.121724
1.566540
1.098596
1.314014
1.256752
1.471109
1.234809
1.236152
1.256177
1.123375
1.194162
1.235982
1.240124
1.481351
1.292677
1.307375
1.282380
1.472739
1.239292
1.101047
1.579852
1.415157
1.283918
1.158649
1.158855
1.428882
1.112473
1.382589
1.374252
1.401206
1.155563
1.358378
1.272900
1.156124
1.215118
1.392215
1.216611
1.146957
1.226187
1.424390
1.151214
1.205180
1.280669
1.211959
1.426627
1.728624
1.427835
1.137611
1.237843
1.156706
1.307048
1.351960
1.397154
1.174956
1.360096
1.430194
1.360767
1.102061
0.962773
1.301578
1.166838
1.367925
1.323021
1.276135
1.031079
1.189408
1.124123
1.202940
1.281680
1.449461
1.255486
1.283026
1.394393
1.609868
1.091835
1.275776
1.036887
1.253533
0.924255
1.284286
1.108791
1.305528
1.307477
1.003781
1.325382
1.372524
1.096825
1.256997
1.087375
1.345269
1.374668
1.336759
1.193808
1.160956
1.137664
1.227909
1.005676
1.364451
1.243045
1.313024
1.147622
1.464124
1.353291
1.487500
1.112702
1.042875
1.236822
1.378227
1.072513
1.197497
1.147856
1.139271
1.349546
1.564412
1.359950
1.351060
1.261806
1.380443
1.131010
1.112378
1.297110
1.263317
1.417026
1.284538
1.206809
1.503433
1.523950
1.025611
1.174066
1.119092
1.171271
1.547433
1.351334
1.435388
1.729915
1.309993
1.361730
1.273614
1.423347
1.060370
1.348043
1.298659
1.294261
1.126355
1.383476
1.352108
1.058472
1.348149
1.126694
1.016879
1.078300
1.167229
1.227846
1.198696
1.374820
1.231803
1.247835
1.077138
1.172674
1.027133
1.107627
1.183978
1.242980
1.142980
1.075502
1.113162
1.083666
1.372798
1.396034
1.387985
1.300120
1.313969
1.081995
1.083620
1.317246
1.081915
1.445421
1.085185
1.333638
1.234499
1.104068
0.981608
1.151535
1.009092
1.105993
1.093997
1.455531
1.191387
1.119737
1.212027
1.277003
1.265101
1.180912
1.231181
1.119281
0.992673
1.341450
1.344009
1.344257
1.394154
1.197491
1.428767
1.213709
1.105354
1.236775
1.207535
1.385293
1.213315
1.136896
1.336770
1.228083
1.257499
1.040593
1.468203
1.164052
1.439487
1.184150
1.138649
1.477995
1.200972
1.427663
1.145952
1.225440
1.447713
1.426068
1.149468
1.421227
1.287234
1.176771
1.172751
1.361127
1.313320
1.156614
1.467042
1.226858
1.258475
1.195291
1.369508
1.199015
1.054718
1.332773
1.253303
1.341971
1.242718
1.275741
1.287696
1.411630
1.229639
1.426426
1.225215
1.014658
1.105446
1.371743
1.184539
1.153084
1.087717
1.069927
1.196875
1.355967
1.213369
1.247664
1.242703
1.094177
1.139237
1.479823
1.356935
1.385048
1.268219
1.154781
1.266778
1.151138
1.228830
1.321330
1.557322
1.315731
1.167264
1.337257
0.992623
1.358229
1.270261
1.323497
1.197959
1.157719
1.123467
1.383913
1.297675
1.055557
1.193725
1.412992
1.382808
1.211390
1.337576
1.485210
1.329370
1.174829
1.303085
1.120139
0.922142
1.083867
1.305321
1.183212
1.200654
1.288163
1.485297
1.169927
1.174789
1.207809
1.402194
1.097276
1.274238
1.304016
1.066595
1.364767
1.068771
1.157356
1.320097
1.134922
1.190597
1.163735
1.219823
0.989098
1.533548
1.197989
1.219383
0.998159
1.314682
1.270632
1.122618
1.189530
1.372013
1.147207
0.998109
1.191088
1.361873
1.287472
1.262295
1.097722
1.180995
1.107779
1.287589
1.288231
1.183635
1.285949
1.108070
1.378984
1.175673
1.398556
1.249206
1.208277
1.238547
1.488393
1.084004
1.406611
1.389529
1.228694
1.294824
1.219058
1.122649
1.390788
1.534040
1.248941
1.372742
1.313213
1.155961
1.026174
1.252916
1.378599
1.216803
1.371836
1.098198
1.114011
1.326490
1.049329
1.286963
1.274599
1.264595
1.229908
1.154603
1.233207
1.226017
1.153508
1.585539
1.487164
1.245281
1.499829
1.076595
0.943234
1.146251
1.242570
1.306188
1.189438
1.290771
1.268031
1.296141
1.408557
1.644790
1.255262
1.240067
1.400201
1.259040
1.180036
1.364599
1.395869
1.342744
1.160734
1.303545
1.045069
1.446841
1.314513
1.090603
1.331813
1.190936
1.021539
1.225202
1.325515
1.183037
1.158574
1.275998
1.218752
1.374030
1.498548
1.334680
1.342680
1.212622
1.311383
1.272190
1.430561
1.280300
1.300395
1.336961
1.206844
1.367482
1.034194
1.246060
1.392513
1.105235
1.194289
1.226421
1.253164
1.098700
1.349169
1.062986
1.428942
1.106736
1.190141
1.216430
1.235687
1.173645
1.169764
1.499874
1.261706
1.219405
1.290694
1.217346
1.410741
1.408854
1.308516
1.240378
1.199273
1.323922
1.340625
1.197968
1.207754
1.318673
1.121647
1.123149
1.121131
1.194041
0.978164
1.438794
1.294043
1.257804
1.138192
1.082901
1.153797
1.215930
1.034306
1.138815
1.065599
1.250946
1.277823
1.396350
1.227223
1.442019
1.284668
1.458960
1.438204
1.414944
1.345809
1.079339
0.961346
1.229040
1.203789
1.200052
1.235513
1.276019
1.179350
1.383896
1.353444
1.234191
1.669125
1.267937
1.326810
1.279177
1.419847
1.132819
1.154307
1.449393
1.325782
1.105356
1.252309
1.123634
1.195644
1.078490
1.571138
1.365726
1.568378
1.031771
1.178398
1.137058
1.081501
1.230934
1.174988
1.436824
1.257413
1.255851
1.350818
1.177099
1.287133
1.427758
1.315720
1.498092
1.152179
1.354281
1.204548
1.098475
1.299132
1.178986
1.313728
1.467684
1.420532
1.288159
1.321773
1.138986
1.395249
1.143239
1.258533
1.387817
1.255638
1.014208
1.218831
1.226660
1.263149
1.088866
1.053888
1.270775
1.179197
1.212765
1.332596
1.134321
1.407094
1.299849
1.154383
1.145028
1.134325
1.141616
1.508653
1.041096
1.186025
1.253807
1.346712
1.488736
1.354380
1.366939
1.278669
1.222700
1.137643
1.323866
1.084722
1.100030
1.490276
1.297585
1.237374
1.246036
1.277745
1.189038
1.310211
1.145067
1.042271
1.505261
1.337509
1.136026
1.352798
1.097662
1.106894
1.383937
1.167422
1.298865
1.183159
1.147208
1.105886
1.055400
1.207117
1.072710
1.136453
1.280484
1.150226
1.194042
1.356225
1.266931
1.639597
1.508701
1.534811
1.671195
1.366706
1.232410
1.276721
1.214201
1.123281
1.415572
1.418378
1.027452
1.049582
1.279169
1.223268
1.204962
1.230721
1.416479
1.287416
1.274355
1.482402
1.244625
1.267334
1.123338
1.218853
1.189484
1.266282
1.111544
1.206722
1.201502
1.425616
1.236463
1.259303
1.008995
1.239280
1.099933
1.437200
1.117885
1.299960
1.363629
1.179555
1.065819
1.324127
1.385393
1.163021
1.304401
1.226182
1.115957
1.212901
1.228433
1.240139
1.288375
1.431045
1.345901
1.430754
1.422569
0.998378
1.201215
1.091793
1.160021
1.269619
1.625712
1.143914
1.237665
0.953776
1.820888
1.465691
1.305117
1.159780
1.190209
1.156530
1.366630
1.247952
1.224177
1.263966
1.522687
1.363500
1.260093
1.398757
1.379531
1.059833
1.257501
1.052358
1.243848
1.329354
1.123930
1.360532
1.093172
1.079487
1.266468
1.183386
1.216200
1.059899
1.283382
1.038676
1.205549
1.386477
1.258616
1.374190
1.332939
1.506316
1.345419
1.259905
1.223243
1.241603
1.477486
1.225482
1.461386
1.288080
1.497998
1.227936
1.275099
1.412658
1.115130
1.141481
1.036354
1.288290
1.417334
1.165590
1.382751
1.104006
1.257346
1.338136
1.190836
1.321575
1.279102
1.157274
1.282442
1.198970
1.562886
1.536514
1.527512
1.057539
1.262941
1.374640
1.178415
1.192900
1.301797
1.048438
1.337654
1.216591
1.280302
1.213488
1.304858
1.258713
1.407717
1.300103
1.246850
1.372577
1.164715
1.429433
1.106922
1.330200
1.470159
1.261740
1.170840
1.231787
1.211775
1.233168
1.152299
1.217167
1.216362
1.186058
1.519781
1.167538
1.300180
1.148160
1.278638
1.220860
1.217546
1.229319
1.125468
1.369584
1.089977
1.405744
1.247279
1.328693
1.501831
1.335837
0.922877
1.183704
1.410760
1.762753
1.513783
1.382606
1.335382
1.196524
1.289770
1.234968
1.274208
1.256952
1.221000
1.192508
1.340375
1.384690
1.322706
1.218755
1.150917
1.300581
1.125597
1.447414
1.075677
1.430080
1.399219
1.144835
1.382349
1.430908
1.152131
1.267943
1.218031
1.189874
1.176424
1.134685
1.293542
0.985638
1.318849
1.027245
1.281907
1.210192
1.233227
1.123176
1.191882
1.372974
1.374100
1.164559
1.110005
1.365749
1.666375
1.296782
1.552791
1.220281
1.249990
1.229987
1.094588
1.154743
1.216190
1.071566
1.267701
1.249704
1.132530
1.021281
1.245444
1.411741
1.459553
1.456427
1.682832
1.342460
1.165340
1.285098
1.295766
1.184787
1.444299
1.451635
1.215068
1.100560
1.433269
1.195886
1.270747
1.454687
1.195481
1.093379
1.241406
1.322673
1.354918
1.195162
1.247984
1.203667
1.119555
1.163844
0.965284
1.101689
1.214647
1.175733
1.151800
1.279421
1.325747
1.428389
1.151765
1.105188
1.184929
1.260858
1.347556
1.050919
1.304842
1.179988
1.138564
1.176666
1.367583
1.109010
1.513269
1.219113
1.381610
1.337659
1.257460
1.173053
1.152900
1.292183
1.314167
1.079054
1.219669
1.107909
0.982783
1.445652
1.190400
1.443697
1.405053
1.176954
1.053804
1.064966
1.312314
1.379208
1.335664
1.063790
1.340411
1.080634
1.179966
1.401417
1.330643
1.148523
1.311707
1.206427
1.381535
1.254600
1.463415
1.393864
1.239750
1.025746
1.247312
1.147736
1.103368
1.106105
1.326259
1.164183
1.193916
1.088807
1.537399
1.752520
1.200429
1.304453
1.184515
1.078305
1.106190
1.105528
1.149562
1.256924
1.308130
1.332392
1.212711
1.414953
1.433539
1.543211
1.571379
1.272210
1.514478
1.223513
1.226676
1.189088
1.307822
1.334623
1.010209
1.131725
1.306374
1.325415
1.238600
1.416780
1.327379
1.174840
1.141881
1.206378
1.086404
1.179528
1.489602
1.091931
1.444449
1.290827
1.187524
1.571875
1.082329
1.287241
1.148879
1.000614
1.295935
1.262423
1.514868
1.361173
1.451413
1.394811
1.353301
1.082333
1.284535
1.325477
1.318712
1.320415
1.352466
1.158102
1.533573
1.285229
1.529998
1.302076
1.149935
1.064951
1.249703
1.271043
1.299335
1.365888
1.296667
1.201172
1.312300
1.359514
1.038290
1.223149
1.326771
1.179993
1.387932
1.513508
1.156226
1.304246
1.305268
1.199899
1.137616
1.286816
1.199123
1.227264
1.108105
1.219035
1.569609
1.258432
1.207003
1.219767
1.208190
1.389155
1.107466
1.055156
1.195046
1.068700
1.361965
1.300464
1.469419
1.180873
1.121364
1.319483
1.311116
1.192378
1.389619
1.100563
1.366477
1.065845
1.318033
1.436961
1.343194
1.125508
1.304954
1.022485
1.276328
1.158745
1.180951
1.150651
1.373256
1.247594
1.194196
1.224956
1.248000
1.256136
1.190484
1.216764
1.296713
1.381245
1.100170
1.359076
1.281076
1.269813
1.210585
1.109996
1.049932
1.177001
1.295767
1.414078
1.158314
1.354793
1.270021
1.289228
1.148960
1.342432
1.350933
1.352208
1.527025
1.447505
1.381996
1.437451
1.161226
1.344949
1.492569
1.156168
1.307557
1.263050
1.116960
1.370606
1.225053
1.652322
1.178990
1.383113
1.219656
1.229913
1.075065
1.173007
1.241081
1.354457
1.244142
1.472443
1.265754
1.308490
1.511171
1.513317
1.339016
1.409473
1.281119
1.392268
1.138056
1.351550
1.218055
1.274752
1.260620
1.249502
1.219472
1.146051
1.208199
1.327075
1.364807
1.328803
1.247259
1.199796
1.275022
1.236864
1.001337
1.321821
1.206344
1.319742
1.476586
1.201433
1.619640
1.163629
1.226154
1.390803
1.141189
1.266448
1.298523
1.164562
1.252743
1.270780
1.137304
1.292108
1.266405
1.124367
1.306821
1.436423
1.555195
1.382254
1.306064
1.099977
1.142232
1.237745
1.087358
1.200861
1.054570
1.157465
1.169531
1.073302
1.258676
1.220878
1.206725
1.111656
1.222249
1.226779
1.200569
1.199125
1.167177
1.251750
1.125502
1.160345
1.277282
1.370640
1.528653
1.152159
1.380791
1.331597
1.673585
1.370401
1.280689
1.482148
1.253245
1.299043
1.374174
1.192110
1.153030
1.334102
1.441871
1.293307
1.255857
1.262451
1.441369
1.106016
1.274281
1.146301
1.217014
1.152917
1.117339
1.194965
1.306028
1.600476
1.103424
1.099191
1.276609
1.017876
1.200571
1.212050
1.401296
1.478847
1.271565
1.243398
1.215831
1.350952
1.363142
1.417856
1.268383
1.206283
1.336617
1.142872
1.377105
1.270471
1.058230
1.310572
1.269436
1.472970
1.666977
1.176120
1.456973
1.365103
1.413541
1.271896
1.410634
1.237991
1.265736
1.149271
1.314627
1.249644
1.194810
1.312613
1.394420
1.244506
1.089120
1.364017
1.320127
1.224190
1.416888
1.384629
1.286892
1.346733
1.172203
1.218111
1.140998
1.106622
1.210106
1.483703
1.151061
1.216391
1.199677
1.277777
1.203650
1.283845
1.329657
1.467950
1.384451
1.142203
1.286476
1.155410
1.162443
1.161753
1.123065
1.260706
1.251388
1.091368
1.281779
1.339503
1.326137
1.444937
1.351487
1.132866
1.044230
1.456613
1.193152
1.429496
1.290385
1.229672
1.515267
1.235347
1.304408
1.557436
1.188242
1.309808
1.488597
1.190372
1.192506
1.333896
1.107563
1.414598
1.291938
1.390049
1.123000
1.469636
1.309742
1.490540
1.265670
1.357065
1.191474
1.248325
1.217081
1.085396
1.458540
1.266764
1.375399
1.233723
1.101991
1.412201
1.338962
1.352544
1.326718
1.330771
1.201141
1.124891
1.250013
1.227040
1.428841
1.198103
1.417008
1.345625
1.012695
1.209371
1.129458
1.144837
1.354699
1.765623
1.131540
1.407537
1.273011
1.328529
1.318393
1.198750
1.238552
1.245740
2.113178
1.196456
1.219488
1.203367
1.264124
1.351009
1.017808
1.219055
1.218951
1.200979
1.133495
1.343619
1.215552
1.115584
1.185451
1.323110
1.195627
1.215726
1.150341
1.209949
1.178771
1.145481
1.336206
1.081516
1.396573
1.193383
1.261904
1.831358
1.079808
1.267991
1.434389
1.188316
1.330492
1.372727
1.183548
1.423554
1.227604
1.304449
1.434694
1.354779
1.140455
1.079839
1.295741
1.187243
1.400701
1.205924
1.281775
1.494568
1.248389
1.267465
1.498574
1.234585
1.091928
1.306252
1.209338
1.404307
1.221352
1.177943
1.318000
1.154094
1.241963
1.401877
1.712522
1.244102
1.496267
1.427757
1.327098
1.432421
1.136959
1.384461
1.175025
1.186353
1.250229
1.195764
1.421876
1.369225
1.373111
1.325883
1.207677
1.206916
1.138888
1.324513
1.117109
1.513151
1.187400
1.276557
1.063276
1.198038
1.445228
1.288312
1.368212
1.279338
1.201697
1.320553
1.258495
1.105598
1.111102
1.000504
1.467619
1.444866
1.358392
1.352308
1.251154
1.259281
1.082494
1.152607
1.308978
1.354994
1.251747
1.217507
1.411863
1.260517
1.086513
1.407686
1.443969
1.095354
1.408954
1.307442
1.455313
1.190923
1.077375
1.384583
1.388665
1.222871
1.332281
1.198868
1.191189
1.267681
1.328266
1.166332
1.216477
1.148017
1.386661
1.279103
1.373369
1.393237
1.074877
1.210209
1.047588
1.162392
1.304487
1.316608
1.273953
1.340532
1.237895
1.254249
1.272111
0.935673
1.301693
1.303532
0.973997
1.320031
1.278260
1.092596
1.181954
1.207795
1.366596
1.126354
1.233871
1.257515
1.248828
1.251600
1.233363
1.268015
1.341503
1.360884
1.204790
1.227597
1.163490
1.343933
1.273242
1.424260
1.502476
1.364749
1.467189
1.338832
1.249533
1.188720
1.090687
1.126360
1.286517
1.145962
1.133211
1.489464
1.134190
1.151835
0.939753
1.217424
1.310251
1.291216
1.400541
1.543932
1.302727
1.290764
1.383270
1.356112
1.233054
1.282521
1.316383
1.263886
1.114859
1.283887
1.291433
1.422601
1.264239
1.491862
1.228853
1.053488
1.198215
1.202921
1.098704
1.409328
1.384794
1.445973
1.588594
1.370152
1.349447
1.351475
1.394325
1.148396
1.156769
1.266257
1.072591
1.202535
1.329840
1.213941
1.501411
1.539898
1.685011
1.331909
1.369823
1.377332
1.388365
1.191778
1.181441
1.111917
1.240257
1.379113
1.254890
1.415330
1.687294
1.382107
1.293180
1.288300
1.400398
1.069870
1.323990
1.138613
1.203540
1.230034
1.183668
1.138331
1.133044
1.261210
1.121801
1.430419
1.437515
1.168266
1.081747
1.229655
1.270110
1.103347
1.354685
1.259579
1.523930
1.058845
1.454566
1.137575
1.250204
1.102007
1.336782
1.278228
1.507021
1.193918
1.484290
1.313308
1.350653
1.101043
1.356168
0.985825
1.263081
1.278698
1.542411
1.393632
1.419929
1.339575
1.254834
1.260586
1.226774
1.426681
1.251446
1.198524
1.355767
1.389241
1.401442
1.352817
1.253914
1.251745
1.244351
1.403444
1.285577
1.354548
1.361821
1.379166
1.247126
1.237285
1.156242
1.094484
1.182019
1.197528
1.319642
1.307642
1.104297
1.069960
1.123967
1.081284
1.216964
1.197884
1.389034
1.267775
1.319901
1.402381
1.318502
1.053074
1.186818
1.306248
1.393206
1.239055
1.460986
1.384716
1.427957
1.372115
1.220143
1.399572
1.315111
1.296124
1.405976
1.408276
1.113233
1.308248
1.010271
1.309762
1.435042
1.306204
1.175525
1.263331
1.262436
1.218483
1.120034
1.475763
1.175098
1.344653
1.336694
1.240266
1.360028
1.219771
1.275878
1.449691
1.223134
1.182990
1.267863
1.161943
1.585292
1.220331
1.422348
1.128182
1.223322
1.263701
1.087543
1.329911
1.288700
1.177299
1.243966
1.304206
1.443403
1.249590
1.187161
1.442803
1.381924
1.180922
1.358220
1.144593
1.286203
1.226898
1.227351
1.317468
1.420402
1.288832
1.605504
1.261119
1.133632
1.143059
1.235298
1.088311
1.190006
1.217985
1.002836
1.270508
1.318321
1.264113
1.316235
1.339490
1.188022
1.516879
1.290733
1.349964
1.260501
1.323557
1.368178
1.459394
1.329433
1.373177
1.470028
1.198180
1.371545
1.396459
1.471114
1.413470
1.381858
1.449712
1.446846
1.121272
1.353994
1.292342
1.256352
1.190518
1.406747
1.205823
1.183078
1.177496
1.469034
1.275440
1.373820
1.162082
1.320928
1.164629
1.342087
1.212594
1.186064
1.484739
1.209212
1.400208
1.444081
1.276525
1.563178
1.273703
1.248536
1.075770
1.287360
1.293913
1.224295
1.216094
1.208647
1.221365
1.403004
1.556749
1.367878
1.247404
1.214169
1.317015
1.116112
1.060577
1.302264
1.070990
1.416935
1.223271
1.249062
1.089039
1.487158
1.342528
1.458777
1.275991
1.011809
1.067659
1.154459
1.167267
1.232436
1.158604
1.464552
1.126759
1.211616
1.190903
1.281938
1.094734
1.360356
1.216324
1.376934
1.488507
1.273900
1.365675
1.039225
1.366475
1.242530
1.138481
1.137636
1.459827
1.256532
1.369281
1.116841
1.095811
1.282964
1.229702
1.305019
1.722031
1.599153
1.347019
1.362738
1.225930
1.203191
1.294156
1.331289
1.261807
1.110341
1.265449
1.209437
1.288516
1.378477
1.206200
1.214102
1.260542
1.206276
1.250309
1.206115
1.268344
1.312300
0.905344
1.341115
1.232789
1.281585
1.300291
1.240954
1.063624
1.112994
1.551599
1.345852
1.340277
1.336675
1.227082
1.334479
1.301773
1.337162
1.234766
1.327844
1.168480
1.406776
1.120738
1.129279
1.198210
1.105558
1.427846
1.296284
1.557199
1.400860
1.246208
1.354365
1.222023
1.252634
1.405265
1.349817
1.121671
1.382301
1.586478
1.489391
1.249143
1.012118
1.157830
1.205318
1.376744
1.289770
1.303901
1.226402
1.278016
1.383248
1.363725
1.328406
1.235189
1.110294
1.579292
1.203928
1.301013
1.353899
1.556333
1.255367
1.317251
1.256137
1.405180
1.416344
1.413246
1.208450
1.366115
1.341605
1.285081
1.395928
1.230056
1.397457
1.270754
1.376219
1.074937
1.419067
1.197792
1.366106
1.262026
1.212778
1.189559
1.265567
1.074489
1.277273
1.134383
1.069851
1.182799
1.141834
1.180208
1.302722
1.337682
1.217302
1.422114
1.191164
1.263776
1.205547
1.306882
1.383670
1.301412
1.117219
1.260358
1.485599
1.221289
1.353753
1.404894
1.328890
1.532184
1.287627
1.299766
1.298229
1.298855
1.057229
1.254476
1.331380
1.218167
1.190786
1.579331
1.499591
1.332041
1.297754
1.450364
1.266276
1.251345
1.177123
1.337293
1.160564
1.355547
1.378794
1.259014
1.417582
1.381627
1.216045
1.194384
1.219048
1.224911
1.286621
1.483190
1.411459
1.424680
1.148440
1.371208
1.359758
1.329551
1.198191
1.226531
1.461632
1.170194
1.201605
1.410476
1.187298
1.308454
1.265296
1.223267
1.299280
1.249050
1.281462
1.341220
1.251687
1.311941
1.244427
1.156645
1.469590
1.242615
1.499568
1.290344
1.288175
1.384813
1.193546
1.373106
1.318529
1.345936
1.221777
1.387677
0.981934
1.370146
1.124004
0.960744
1.235671
1.242239
1.142445
1.254517
1.131391
1.477587
1.295627
1.098780
1.444611
1.401549
1.347596
1.218913
1.251851
1.153453
1.092448
1.071290
1.218984
1.338405
1.261111
1.505605
1.260480
1.561234
1.521696
1.353940
1.202122
1.346753
1.127092
1.151692
1.258340
1.361039
1.280659
1.304601
1.260535
1.223059
1.260172
1.317972
1.262936
1.440992
1.413427
1.148468
1.256254
1.256455
1.268913
1.521170
1.361948
1.491900
1.409050
1.220166
1.273296
1.094291
1.270620
1.121467
1.377721
1.273496
1.349044
1.454836
1.400620
1.143874
1.121103
1.243867
1.227535
1.349107
1.265197
1.087361
1.127924
1.295459
1.455114
1.158249
1.036807
1.238397
1.588989
1.386715
1.626570
1.509057
1.195463
1.412515
1.357388
1.318310
1.310449
1.263009
1.302463
1.432472
1.421103
1.369780
1.247539
1.228953
1.697884
1.470443
1.176852
1.085704
1.265879
1.252882
1.173161
1.229877
1.228762
1.386944
1.367855
1.315436
1.176280
1.388584
1.346054
1.373153
1.370946
1.297519
1.117677
1.184423
1.181890
1.011195
1.077353
1.334228
1.362258
1.156796
1.540617
1.342002
1.525568
1.447235
1.502548
1.244349
1.485739
1.375099
1.343971
1.329337
1.292137
1.193563
1.494762
1.280025
1.331933
1.241565
1.156914
1.341931
1.452963
1.387180
1.255614
1.153970
1.358223
1.315573
1.153723
1.210335
1.263108
1.067315
1.225251
1.439240
1.283800
1.205375
1.137873
1.193923
1.396163
1.050573
1.249557
1.210210
1.311756
1.429809
1.314927
1.346411
1.271707
1.414083
1.287234
1.449039
1.201193
1.414455
1.138722
1.334163
1.199911
1.375251
1.279881
1.168635
1.212080
1.013783
1.306065
1.062252
1.058958
1.252690
1.311305
1.186260
1.223505
1.270801
1.508465
1.176067
1.427036
1.087270
1.243793
1.205683
1.202097
1.446227
1.094089
1.079507
1.312952
1.413661
1.909616
1.268078
1.110926
1.274433
1.134950
1.261474
1.319065
1.216567
1.228241
1.253208
1.337908
1.306695
1.238536
1.316278
1.163663
1.016514
1.401288
1.574429
1.263235
1.165745
1.102432
1.198818
1.094282
1.182656
1.295457
1.149723
1.362072
1.147085
1.643652
1.194557
1.304145
1.189467
1.251933
1.445278
1.276092
1.288148
1.104091
1.163841
1.209055
1.407636
1.359597
1.202172
1.568779
1.301395
1.483309
1.406944
1.604347
1.466177
1.373055
1.424244
1.145892
1.285615
1.387738
1.308426
1.305979
1.262131
1.385379
1.162521
1.389277
1.317293
1.694208
1.130932
1.195049
1.201824
1.271604
1.193644
1.097593
1.349814
1.411400
1.517792
1.361618
1.344603
1.363278
1.313564
1.315066
1.529738
1.210335
1.406182
1.199701
1.242746
1.301169
1.464096
1.226496
1.553269
1.415745
1.189330
1.453134
1.380151
1.504332
1.416705
1.386860
1.313792
1.284943
1.142455
1.403494
1.245376
1.175490
1.329782
1.293642
1.393786
1.381432
1.424634
1.237234
1.213980
1.259151
1.262341
1.203231
1.120087
1.539946
1.202609
1.352153
1.303524
1.449118
1.197916
1.422427
1.137853
1.435564
1.106377
1.222968
1.256083
1.306715
1.193908
1.289124
1.434536
1.305358
1.378364
1.381828
1.449434
1.512557
1.530760
1.444800
1.225481
1.312993
1.191942
1.305004
1.342495
1.117695
1.349432
1.517937
1.380965
1.110381
1.278315
1.389590
1.312861
1.314901
1.361105
1.367876
1.285485
1.466951
1.286282
1.020415
1.284028
1.290735
1.127751
1.254636
1.395337
1.112878
1.688384
1.161353
1.468487
1.250441
1.395641
1.293194
1.150589
1.248131
1.355186
1.207029
1.192406
1.389554
1.422576
1.346272
1.599292
1.514078
1.317636
1.297776
1.385462
1.227959
1.112770
1.371755
1.250984
0.947081
1.285286
1.320751
1.223217
1.254727
1.267688
1.645050
1.200889
1.189866
1.274247
1.310039
1.297609
1.235924
1.150387
1.221582
1.098634
1.403160
1.362553
1.276474
1.142940
1.090674
1.275325
1.289438
1.231783
1.142009
1.180267
1.388807
1.235932
1.177908
1.292189
1.159119
1.348739
1.203814
1.499556
1.180650
1.305891
1.432622
1.088529
1.248374
1.237214
