2.465795
2.208770
2.298180
2.236282
2.196351
2.288960
2.254387
2.305137
2.288011
2.267343
2.301206
2.279505
2.271747
2.234587
2.297417
2.279758
2.263819
2.249200
2.307786
2.291898
2.290045
2.264453
2.261658
2.303123
2.285099
2.283575
2.256070
2.264008
2.302052
2.286118
2.270288
2.275718
2.241348
2.297682
2.294000
2.286419
2.264581
2.261652
2.255895
2.302007
2.294543
2.289035
2.282907
2.271886
2.261742
2.263456
2.300231
2.290715
2.289619
2.284227
2.275408
2.264836
2.271819
2.300968
2.294972
2.289080
2.279055
2.276685
2.263830
2.268813
2.302938
2.297055
2.288470
2.281012
2.275748
2.273549
2.260831
2.299467
2.294904
2.291214
2.280070
2.284642
2.271942
2.266178
2.301643
2.296947
2.290870
2.288695
2.280575
2.279176
2.277233
2.263019
2.301659
2.296904
2.293165
2.289071
2.282593
2.281256
2.278787
2.273483
2.299696
2.296988
2.291508
2.292036
2.277016
2.277293
2.276373
2.272793
2.300550
2.293733
2.293430
2.288491
2.282221
2.278344
2.276612
2.271249
2.303818
2.299649
2.294248
2.292002
2.285819
2.281794
2.276230
2.266200
2.277172
2.300681
2.295019
2.291061
2.284354
2.280989
2.275738
2.275013
2.272612
2.302676
2.298844
2.294771
2.292309
2.285885
2.280638
2.281266
2.272330
2.268497
2.300420
2.296473
2.293817
2.292099
2.284513
2.285017
2.278397
2.273817
2.270042
2.301424
2.297081
2.294481
2.291524
2.288384
2.285051
2.279392
2.277829
2.300950
2.295842
2.291925
2.289072
2.284721
2.278107
2.277553
2.273005
2.269346
2.300784
2.297615
2.295874
2.292770
2.290753
2.289678
2.282571
2.279756
2.280572
2.299270
2.295972
2.291544
2.290147
2.283002
2.279922
2.283523
2.278590
2.275406
2.274070
2.301262
2.297786
2.296094
2.290969
2.288271
2.287040
2.287435
2.279107
2.277643
2.271914
2.299844
2.295992
2.291462
2.289234
2.286606
2.283308
2.279270
2.282412
2.271703
2.304388
2.300960
2.297899
2.295578
2.293595
2.289097
2.286024
2.285186
2.279260
2.282798
2.300201
2.298205
2.295281
2.292423
2.287685
2.286141
2.282105
2.279164
2.273476
2.275496
2.300906
2.297958
2.295599
2.292390
2.290590
2.288811
2.287411
2.278913
2.269651
2.273149
2.300282
2.295975
2.291099
2.287930
2.289861
2.286723
2.278860
2.281236
2.278169
2.271096
2.266612
2.300526
2.298116
2.296641
2.293804
2.290053
2.288616
2.287565
2.285810
2.277958
2.280450
2.300389
2.298160
2.296157
2.292603
2.292150
2.288849
2.282128
2.284144
2.280949
2.277031
2.274287
2.302031
2.299450
2.295520
2.294147
2.291835
2.289560
2.282769
2.282981
2.279231
2.280786
2.277247
2.302051
2.299868
2.298967
2.295008
2.294909
2.291800
2.288702
2.286988
2.282151
2.284243
2.300308
2.298775
2.295030
2.292224
2.289778
2.284548
2.287660
2.278888
2.273812
2.275231
2.276696
2.301215
2.298791
2.296317
2.296060
2.291668
2.291132
2.285826
2.281026
2.278634
2.280046
2.280751
2.300893
2.297646
2.295871
2.292613
2.289256
2.289702
2.285612
2.285935
2.280679
2.279396
2.275470
2.278542
2.301490
2.299335
2.297106
2.294597
2.293306
2.291557
2.289989
2.281056
2.283915
2.284560
2.281731
2.300675
2.297549
2.294936
2.293663
2.290985
2.290625
2.288167
2.280479
2.286334
2.281134
2.272141
2.301829
2.298952
2.296445
2.295300
2.291982
2.290945
2.286593
2.287455
2.283108
2.284944
2.281217
2.301473
2.299070
2.296483
2.293863
2.290635
2.291914
2.291429
2.286150
2.282604
2.281384
2.275979
2.277436
2.300373
2.298236
2.295596
2.293706
2.293398
2.289816
2.286824
2.290120
2.285666
2.283784
2.282145
2.277092
2.301550
2.299613
2.297228
2.293043
2.289467
2.289711
2.291582
2.288585
2.284686
2.277916
2.283159
2.285890
2.300947
2.298632
2.296733
2.293468
2.291936
2.294787
2.285870
2.284573
2.279792
2.279107
2.278219
2.273831
2.301612
2.299098
2.297952
2.294839
2.289580
2.291235
2.290616
2.286820
2.288585
2.285210
2.284347
2.281864
2.303183
2.300828
2.297949
2.298322
2.295703
2.291385
2.291503
2.290644
2.289817
2.288064
2.286605
2.279990
2.277615
2.300833
2.298777
2.297000
2.295571
2.295716
2.293652
2.289114
2.290255
2.288423
2.287332
2.282043
2.277928
2.301759
2.298900
2.296570
2.294047
2.291301
2.292494
2.288632
2.287759
2.281807
2.282998
2.283970
2.276515
2.276963
2.302349
2.300256
2.298333
2.296811
2.295534
2.294273
2.290847
2.288736
2.288332
2.286544
2.284680
2.286984
2.300971
2.300090
2.297568
2.295792
2.293738
2.290679
2.291926
2.288205
2.289212
2.284820
2.286373
2.281430
2.278678
2.301231
2.299600
2.298183
2.295213
2.295407
2.290936
2.292313
2.289998
2.287463
2.282384
2.282086
2.282197
2.283295
2.302178
2.300896
2.298806
2.297954
2.294937
2.293722
2.292272
2.286613
2.285236
2.283819
2.285492
2.282358
2.280509
2.302223
2.300538
2.299160
2.296495
2.296026
2.293081
2.294458
2.289738
2.289474
2.282990
2.283139
2.284532
2.286417
2.302805
2.301247
2.299553
2.297428
2.296219
2.293103
2.292183
2.290426
2.289174
2.287889
2.284565
2.282867
2.279459
2.281602
2.300939
2.299567
2.296751
2.296607
2.292481
2.293792
2.291541
2.290670
2.287743
2.288442
2.282335
2.287863
2.281568
2.300777
2.299096
2.299200
2.297207
2.295230
2.292547
2.291454
2.291205
2.288672
2.287200
2.286760
2.283911
2.280419
2.285048
2.301399
2.300018
2.298030
2.296853
2.295052
2.294029
2.293243
2.290506
2.290207
2.288728
2.285442
2.284284
2.281667
2.286691
2.301413
2.299708
2.298445
2.296583
2.293934
2.291203
2.293702
2.290731
2.287199
2.287699
2.281951
2.280550
2.284032
2.285937
2.301684
2.300666
2.299976
2.298865
2.297879
2.296025
2.293444
2.292342
2.289269
2.289530
2.287910
2.285513
2.283330
2.287413
2.301543
2.300021
2.298389
2.297523
2.293265
2.294381
2.293168
2.292588
2.289543
2.287690
2.285326
2.285202
2.288322
2.279957
2.301390
2.299925
2.298173
2.296515
2.295763
2.293403
2.291995
2.292192
2.289237
2.290030
2.284991
2.284376
2.283781
2.280758
2.300591
2.300077
2.298345
2.296534
2.295384
2.294654
2.291328
2.291759
2.290504
2.287660
2.287459
2.282473
2.286223
2.279429
2.303136
2.301938
2.300389
2.299185
2.297531
2.295162
2.293999
2.291355
2.291755
2.290469
2.287337
2.285584
2.286029
2.283750
2.282415
2.301735
2.299950
2.298633
2.297161
2.296767
2.296498
2.292039
2.294292
2.291164
2.289430
2.288940
2.287744
2.289393
2.284420
2.283679
2.301711
2.300412
2.298280
2.296881
2.294162
2.295239
2.295597
2.291609
2.291670
2.287761
2.289164
2.284636
2.284820
2.284348
2.283232
2.301151
2.299378
2.298067
2.295911
2.296214
2.295303
2.291414
2.293045
2.292929
2.287617
2.286083
2.286527
2.283291
2.283751
2.302258
2.300494
2.299833
2.297446
2.297434
2.294932
2.295523
2.290456
2.288841
2.286671
2.288518
2.287261
2.287707
2.281448
2.286936
2.279992
2.301553
2.300073
2.299260
2.297790
2.296610
2.295911
2.295115
2.293626
2.291533
2.291941
2.288892
2.286772
2.287944
2.284778
2.286243
2.301193
2.299639
2.298192
2.297362
2.297571
2.294942
2.293658
2.292040
2.289467
2.287488
2.288146
2.288430
2.286918
2.282302
2.285167
2.300776
2.299627
2.297892
2.296756
2.295210
2.292825
2.294734
2.292895
2.292418
2.290858
2.287840
2.286158
2.284356
2.281262
2.284881
2.301575
2.299963
2.298862
2.297195
2.296599
2.292915
2.294192
2.291943
2.294133
2.290565
2.285392
2.290629
2.288550
2.286321
2.283950
2.302320
2.301159
2.300037
2.298388
2.297016
2.296231
2.295957
2.293637
2.292615
2.289632
2.288267
2.286323
2.287988
2.286462
2.279407
2.301996
2.300642
2.299812
2.298059
2.297187
2.296945
2.293572
2.293658
2.289738
2.291209
2.291147
2.288820
2.287805
2.290082
2.286343
2.278926
2.301907
2.301156
2.299854
2.298029
2.297840
2.296956
2.295342
2.294355
2.296268
2.289737
2.292609
2.290436
2.286530
2.290572
2.289477
2.284153
2.301548
2.300031
2.298745
2.297355
2.295743
2.295915
2.293411
2.294424
2.291420
2.290936
2.287376
2.284627
2.286169
2.286719
2.283970
2.280678
2.301947
2.301476
2.299869
2.298428
2.297316
2.295656
2.296338
2.293314
2.292429
2.289735
2.289424
2.293481
2.288515
2.288275
2.287095
2.283661
2.301052
2.299390
2.297559
2.297292
2.295674
2.295192
2.294367
2.289481
2.292865
2.288945
2.287513
2.284298
2.288604
2.284241
2.282738
2.288381
2.301645
2.300233
2.299044
2.298712
2.297080
2.295902
2.294356
2.294175
2.290842
2.292830
2.290846
2.292206
2.291060
2.285544
2.289686
2.283576
2.301841
2.301489
2.299703
2.298238
2.297816
2.297514
2.295964
2.294396
2.292957
2.292734
2.290024
2.290856
2.290164
2.286816
2.289247
2.283101
2.301634
2.300626
2.299460
2.297850
2.295627
2.296510
2.296451
2.291985
2.292050
2.291686
2.288629
2.285210
2.285459
2.284889
2.282690
2.280669
2.301405
2.301017
2.299296
2.297892
2.298425
2.296738
2.296580
2.294480
2.291640
2.292245
2.291172
2.289318
2.288009
2.285853
2.285323
2.289378
2.283121
2.301918
2.300864
2.300387
2.297402
2.297431
2.294411
2.296887
2.294770
2.292555
2.289396
2.288476
2.289441
2.289910
2.289452
2.285863
2.285270
2.303288
2.302207
2.301499
2.299933
2.298830
2.297282
2.296267
2.294601
2.293222
2.293553
2.295606
2.291598
2.288188
2.290689
2.290210
2.286465
2.301284
2.299344
2.298250
2.296410
2.296652
2.296246
2.294687
2.291773
2.293071
2.291372
2.290324
2.287905
2.290216
2.285270
2.285534
2.285213
2.287952
2.303277
2.301333
2.300354
2.299460
2.296762
2.297428
2.296596
2.294423
2.291983
2.291775
2.287748
2.290738
2.288253
2.289078
2.286626
2.287202
2.287894
2.302130
2.301343
2.300183
2.299570
2.297464
2.297474
2.294251
2.296939
2.290785
2.291675
2.294844
2.293756
2.290703
2.288791
2.283350
2.292089
2.301491
2.300489
2.298760
2.298902
2.296957
2.296316
2.292805
2.294605
2.293561
2.294557
2.290595
2.289276
2.290999
2.288127
2.286398
2.283073
2.287625
2.302144
2.301478
2.301140
2.299824
2.298712
2.296862
2.296556
2.295226
2.294673
2.292536
2.293306
2.288865
2.288786
2.288809
2.288551
2.289389
2.287562
2.301384
2.300200
2.299079
2.298370
2.296643
2.295352
2.293797
2.291853
2.293076
2.289570
2.290897
2.284606
2.289194
2.288194
2.291202
2.288480
2.283432
2.303319
2.302062
2.301248
2.300245
2.299603
2.299242
2.298727
2.296033
2.294683
2.293893
2.292496
2.291305
2.289075
2.289219
2.291969
2.288810
2.286493
2.301422
2.299927
2.299885
2.297813
2.297245
2.296247
2.296404
2.294585
2.294035
2.293869
2.289100
2.290941
2.290380
2.290395
2.286577
2.284560
2.284241
2.301576
2.300878
2.299906
2.298615
2.297724
2.295485
2.295332
2.294204
2.292048
2.292441
2.290917
2.292493
2.291983
2.286228
2.288857
2.285010
2.284513
2.282847
2.300976
2.299743
2.299091
2.298096
2.297946
2.296784
2.293940
2.294677
2.293503
2.292455
2.291159
2.291249
2.288300
2.287790
2.285769
2.284480
2.283487
2.286769
2.301686
2.301024
2.300496
2.299398
2.298065
2.296014
2.297096
2.295925
2.293797
2.293046
2.290162
2.294357
2.290747
2.289903
2.286305
2.291585
2.285435
2.281558
2.301380
2.300143
2.299165
2.297583
2.296553
2.295572
2.294265
2.292675
2.295257
2.292107
2.289500
2.286862
2.287790
2.287216
2.287943
2.281761
2.284738
2.303034
2.302009
2.300901
2.300868
2.299453
2.298384
2.297396
2.296733
2.295096
2.293936
2.294079
2.292421
2.291196
2.294784
2.292120
2.288853
2.290027
2.289567
2.301746
2.301434
2.299800
2.299883
2.298820
2.298058
2.295810
2.294860
2.295317
2.294312
2.292695
2.289757
2.291232
2.290210
2.289099
2.289582
2.289294
2.290994
2.301097
2.300701
2.299148
2.298718
2.297680
2.297033
2.296167
2.295540
2.293989
2.292803
2.291710
2.289835
2.291006
2.290395
2.287359
2.288606
2.289146
2.284059
2.301913
2.300552
2.299988
2.298919
2.297868
2.297757
2.295809
2.295700
2.293988
2.292238
2.291889
2.290513
2.291812
2.288851
2.288236
2.287809
2.284320
2.287188
2.302171
2.300944
2.300170
2.299124
2.298010
2.298067
2.295639
2.293849
2.293020
2.293477
2.291985
2.293917
2.289148
2.291553
2.291419
2.286911
2.289167
2.287004
2.288693
2.300791
2.300239
2.299288
2.299223
2.298311
2.297559
2.296374
2.295967
2.293924
2.292561
2.291077
2.291060
2.292176
2.290741
2.290899
2.290482
2.287399
2.287260
2.301065
2.300196
2.299698
2.298694
2.297799
2.295394
2.295505
2.296131
2.294301
2.291797
2.292375
2.288462
2.287220
2.292029
2.289841
2.288476
2.287693
2.286736
2.284243
2.301259
2.300321
2.300089
2.298754
2.297893
2.297456
2.295612
2.294729
2.295614
2.293279
2.292995
2.292592
2.291523
2.289721
2.286884
2.291618
2.285406
2.284080
2.301090
2.300426
2.299996
2.298792
2.298179
2.296295
2.295112
2.294795
2.295002
2.293168
2.291638
2.289886
2.292911
2.293339
2.291790
2.288710
2.289570
2.286600
2.286272
2.301849
2.301218
2.300466
2.298990
2.299494
2.299412
2.298380
2.296853
2.293564
2.295457
2.294086
2.289920
2.294685
2.292617
2.291225
2.289199
2.285245
2.291320
2.287874
2.301278
2.300235
2.299605
2.298396
2.297525
2.296856
2.295286
2.293938
2.293664
2.293029
2.293581
2.290578
2.293350
2.289316
2.288998
2.286906
2.283359
2.287959
2.283975
2.301815
2.300914
2.300955
2.299284
2.297891
2.298592
2.297753
2.297044
2.297449
2.293737
2.294825
2.294080
2.291008
2.291435
2.289902
2.290715
2.289742
2.292571
2.288634
2.302006
2.300459
2.299664
2.299731
2.298563
2.298556
2.297095
2.295504
2.295510
2.295475
2.296342
2.290990
2.293704
2.294382
2.289016
2.287464
2.289421
2.289160
2.284520
2.301715
2.301714
2.300378
2.299401
2.299338
2.298279
2.298145
2.296854
2.295761
2.294480
2.294443
2.294127
2.295433
2.292381
2.290058
2.290225
2.288481
2.291242
2.286008
2.284136
2.301887
2.301018
2.299434
2.299304
2.299520
2.297585
2.298247
2.295516
2.295457
2.294034
2.295207
2.291954
2.294660
2.294300
2.289937
2.291111
2.289554
2.286253
2.287482
2.301006
2.300421
2.299389
2.298205
2.297887
2.298044
2.297123
2.294567
2.295155
2.292857
2.293367
2.290132
2.289942
2.289042
2.287060
2.288004
2.285413
2.285226
2.287123
2.301937
2.301399
2.300421
2.299649
2.299002
2.297523
2.298533
2.296177
2.296082
2.294965
2.293027
2.292983
2.293596
2.291050
2.291347
2.293904
2.288028
2.287827
2.288121
2.287324
2.301393
2.300243
2.299563
2.298758
2.298197
2.297965
2.297403
2.294460
2.293556
2.294579
2.294095
2.294602
2.290861
2.291125
2.291772
2.289521
2.288357
2.289600
2.284785
2.283540
2.301168
2.300965
2.300229
2.298647
2.298391
2.298738
2.297897
2.296243
2.294924
2.295039
2.294064
2.293003
2.294530
2.292173
2.291709
2.285410
2.289840
2.288106
2.286535
2.301867
2.301220
2.300530
2.299472
2.298843
2.297515
2.297837
2.297915
2.295838
2.294558
2.294099
2.293083
2.290684
2.294594
2.292838
2.289617
2.293485
2.287909
2.287294
2.287768
2.301902
2.300906
2.300190
2.299388
2.298823
2.298939
2.296674
2.298753
2.295299
2.294581
2.291988
2.291931
2.294200
2.295252
2.292025
2.289380
2.291502
2.288873
2.289780
2.290770
2.301746
2.300995
2.300877
2.299733
2.299291
2.297927
2.298328
2.297103
2.295946
2.296711
2.293434
2.294467
2.294784
2.293039
2.290799
2.290503
2.291036
2.288726
2.290399
2.301762
2.301424
2.300339
2.299066
2.296717
2.296943
2.297535
2.296255
2.295672
2.294100
2.297046
2.292465
2.291506
2.289317
2.291067
2.288379
2.290700
2.293582
2.289948
2.286207
2.301306
2.300375
2.300038
2.299587
2.298820
2.297285
2.296300
2.296312
2.295387
2.294829
2.294160
2.292372
2.291661
2.292091
2.289926
2.289275
2.288517
2.291856
2.287418
2.288363
2.301674
2.301068
2.299839
2.298962
2.298628
2.296969
2.297394
2.294940
2.293709
2.293794
2.292690
2.292143
2.291843
2.292814
2.294283
2.289861
2.291262
2.288198
2.287693
2.287189
2.301704
2.301193
2.300542
2.300095
2.298869
2.298289
2.298748
2.296353
2.296289
2.295032
2.295556
2.294331
2.294816
2.294430
2.291708
2.289273
2.289694
2.287388
2.289944
2.285817
2.300991
2.300596
2.299626
2.298759
2.298203
2.296663
2.295376
2.294565
2.294285
2.292727
2.290624
2.293241
2.293463
2.289646
2.291796
2.290690
2.293447
2.290172
2.287306
2.287650
2.286912
2.301630
2.300526
2.299857
2.299331
2.298329
2.298627
2.297138
2.296518
2.294929
2.294854
2.294033
2.293617
2.292729
2.292391
2.292283
2.290101
2.291361
2.286994
2.288068
2.286597
2.302780
2.301862
2.301403
2.300426
2.300334
2.299081
2.298467
2.296023
2.297590
2.295011
2.295845
2.294008
2.295846
2.293118
2.289966
2.292492
2.291602
2.291099
2.288848
2.290329
2.302041
2.301277
2.300639
2.300333
2.299239
2.299103
2.299316
2.297622
2.296682
2.296594
2.295197
2.294837
2.293943
2.294820
2.291718
2.292749
2.290208
2.290373
2.288990
2.287593
2.285360
2.301820
2.301311
2.299855
2.299704
2.299294
2.298210
2.297304
2.297531
2.295088
2.296086
2.293816
2.291425
2.290512
2.292552
2.289191
2.291302
2.289343
2.287415
2.283953
2.286054
2.290839
2.301837
2.301072
2.301019
2.299335
2.299555
2.298124
2.297716
2.297665
2.294874
2.295171
2.294497
2.294998
2.292325
2.292585
2.291908
2.291034
2.289566
2.291444
2.287673
2.288390
2.289720
2.302122
2.301530
2.300953
2.300011
2.299892
2.299194
2.299543
2.298235
2.297358
2.296175
2.295986
2.294852
2.293876
2.293842
2.293154
2.291826
2.293303
2.291299
2.287496
2.286828
2.287273
2.302441
2.301539
2.300517
2.300126
2.299774
2.299205
2.298028
2.297873
2.296614
2.297196
2.295014
2.295607
2.292344
2.295186
2.292134
2.291544
2.293938
2.287478
2.293401
2.289908
2.287992
2.301930
2.301047
2.300488
2.299804
2.299474
2.298893
2.297856
2.296458
2.296995
2.296298
2.293776
2.293944
2.293165
2.293136
2.293498
2.291822
2.289623
2.290710
2.289871
2.287310
2.287560
2.301223
2.300660
2.299376
2.299306
2.298707
2.298157
2.296711
2.296306
2.295011
2.294277
2.295326
2.291052
2.294837
2.293469
2.292849
2.290429
2.292120
2.289504
2.290976
2.290364
2.284099
2.301609
2.301069
2.300078
2.299494
2.298064
2.298008
2.296106
2.296026
2.297598
2.295934
2.295506
2.293424
2.294987
2.290988
2.292493
2.288996
2.295870
2.292613
2.290125
2.292260
2.289568
2.289189
2.301457
2.301092
2.300353
2.298983
2.298551
2.298898
2.296965
2.296845
2.295685
2.297122
2.294541
2.293845
2.293238
2.293513
2.289769
2.288317
2.288361
2.289813
2.286767
2.287743
2.290122
2.301562
2.301076
2.300476
2.300209
2.299157
2.298175
2.297224
2.295376
2.295706
2.295598
2.295858
2.293963
2.292517
2.295470
2.291422
2.295169
2.289033
2.288373
2.288733
2.290470
2.292274
2.301780
2.301354
2.300738
2.300540
2.298926
2.297891
2.297906
2.296886
2.296819
2.294838
2.293694
2.293684
2.294263
2.293448
2.291786
2.291559
2.291223
2.293278
2.291208
2.289804
2.285790
2.303053
2.302834
2.302110
2.301322
2.301167
2.299953
2.299099
2.298820
2.297620
2.296686
2.296916
2.294522
2.293771
2.295515
2.296436
2.291854
2.295635
2.294487
2.292935
2.288815
2.292897
2.302143
2.301412
2.300710
2.299640
2.300026
2.298827
2.297882
2.296899
2.295452
2.294957
2.295822
2.295397
2.294948
2.292162
2.294402
2.295028
2.291665
2.291958
2.286795
2.290925
2.290969
2.289217
2.301170
2.300490
2.300033
2.299251
2.299212
2.298352
2.296732
2.296676
2.294397
2.294038
2.294052
2.292325
2.293045
2.292621
2.293725
2.291070
2.288888
2.288762
2.288722
2.292089
2.287184
2.302185
2.301580
2.300624
2.299803
2.299244
2.298418
2.297833
2.297189
2.296179
2.296610
2.294546
2.296611
2.295161
2.291960
2.289380
2.291970
2.288553
2.291180
2.289326
2.289771
2.287354
2.284704
2.301692
2.301034
2.300277
2.299731
2.300101
2.297888
2.297894
2.298252
2.297024
2.296640
2.294837
2.294594
2.294765
2.293695
2.294587
2.291562
2.294231
2.294053
2.290872
2.290365
2.289635
2.302124
2.301403
2.300745
2.300469
2.299773
2.299118
2.298105
2.297615
2.296928
2.296332
2.295342
2.296957
2.296639
2.294424
2.293121
2.295061
2.290088
2.290532
2.291815
2.290153
2.289338
2.301950
2.301112
2.300522
2.299745
2.299669
2.298914
2.297532
2.298588
2.295481
2.295842
2.295484
2.293843
2.294206
2.292534
2.292572
2.292407
2.288898
2.288737
2.287915
2.289296
2.287764
2.289423
2.302578
2.302178
2.301688
2.301203
2.300261
2.299527
2.298893
2.298697
2.298365
2.296596
2.297135
2.296845
2.297701
2.293450
2.293026
2.294954
2.292211
2.292668
2.292943
2.292205
2.291822
2.291158
2.302103
2.301577
2.300683
2.300155
2.299092
2.298342
2.296710
2.298429
2.296760
2.295736
2.295135
2.295727
2.293374
2.292789
2.293573
2.292883
2.293647
2.289196
2.289943
2.290642
2.291292
2.288608
2.301725
2.301316
2.300135
2.299013
2.298855
2.297440
2.298444
2.297009
2.295790
2.295422
2.298266
2.295582
2.294937
2.294141
2.295812
2.290931
2.290782
2.289887
2.290286
2.292510
2.290107
2.288881
2.302176
2.301315
2.300807
2.299773
2.300298
2.299348
2.298297
2.296689
2.296632
2.295335
2.296194
2.295038
2.294177
2.291679
2.292884
2.293787
2.291080
2.292556
2.290375
2.288476
2.290458
2.290192
2.301980
2.301201
2.300764
2.299715
2.298643
2.298831
2.297722
2.297011
2.296339
2.294304
2.295733
2.294996
2.294601
2.291307
2.294072
2.291228
2.290124
2.294828
2.289085
2.285610
2.285102
2.284753
2.301614
2.300830
2.300526
2.299781
2.298687
2.298608
2.297823
2.297560
2.297329
2.296592
2.296589
2.295844
2.294503
2.292673
2.292608
2.294249
2.292933
2.291755
2.292251
2.290677
2.288421
2.287667
2.301888
2.301008
2.300502
2.299939
2.299647
2.298965
2.298130
2.296762
2.297413
2.296229
2.296669
2.295913
2.296158
2.294511
2.291470
2.294689
2.291200
2.293391
2.293141
2.290181
2.289045
2.286109
2.287211
2.302657
2.302011
2.301201
2.300497
2.299965
2.298469
2.299176
2.298244
2.297422
2.296677
2.295404
2.295725
2.295863
2.294109
2.294154
2.292553
2.295725
2.291378
2.292858
2.290328
2.291673
2.289311
2.301472
2.300959
2.300107
2.300203
2.298721
2.298122
2.299623
2.297794
2.297430
2.296885
2.295558
2.294483
2.294529
2.293573
2.293650
2.291133
2.296388
2.291723
2.291045
2.289080
2.288725
2.289903
2.301791
2.301045
2.300300
2.299662
2.299073
2.298440
2.298309
2.297498
2.296182
2.296609
2.294552
2.295189
2.292650
2.291146
2.294379
2.292848
2.292515
2.294025
2.290545
2.288397
2.289497
2.291194
2.286931
2.301857
2.301301
2.300686
2.300278
2.299724
2.298691
2.297768
2.297995
2.296699
2.296942
2.296812
2.296168
2.294420
2.295048
2.293686
2.292025
2.292666
2.291762
2.292124
2.290103
2.288194
2.291210
2.302642
2.302443
2.301446
2.300438
2.300295
2.300474
2.299902
2.298679
2.298614
2.299362
2.298160
2.297525
2.296564
2.296754
2.294391
2.294465
2.296357
2.291753
2.292849
2.289350
2.291327
2.291270
2.290970
2.301374
2.300779
2.300822
2.299619
2.299267
2.298130
2.298919
2.297023
2.296776
2.295810
2.295108
2.294015
2.293292
2.292717
2.292202
2.291663
2.293525
2.289826
2.292587
2.286697
2.290768
2.290880
2.293001
2.302691
2.301921
2.301021
2.300802
2.299798
2.299757
2.299082
2.297757
2.296262
2.297734
2.294999
2.297403
2.295995
2.294050
2.292486
2.294958
2.294482
2.291964
2.291845
2.292254
2.292900
2.291687
2.301381
2.300812
2.299927
2.300560
2.299505
2.298357
2.298439
2.297478
2.295687
2.297251
2.294801
2.294050
2.296068
2.294784
2.292839
2.291852
2.293562
2.290118
2.289637
2.290178
2.287592
2.289945
2.287605
2.301631
2.301275
2.300569
2.299714
2.299901
2.298828
2.299127
2.298172
2.296977
2.296253
2.296842
2.295649
2.294623
2.294275
2.293046
2.291791
2.292054
2.292279
2.289179
2.290859
2.291314
2.286475
2.288809
2.302779
2.302488
2.301977
2.301157
2.301391
2.300016
2.299918
2.299910
2.298569
2.297327
2.297854
2.297729
2.294800
2.296208
2.295475
2.296299
2.295635
2.295501
2.292638
2.294217
2.295363
2.292108
2.289767
2.301344
2.300905
2.300030
2.300088
2.299062
2.298239
2.297835
2.297498
2.295778
2.296838
2.295311
2.295603
2.295662
2.294540
2.294461
2.293225
2.293209
2.289877
2.292148
2.289206
2.292016
2.289565
2.290480
2.302508
2.301954
2.300710
2.301074
2.300284
2.299510
2.298030
2.298268
2.297280
2.297637
2.295987
2.297966
2.295706
2.294784
2.292980
2.292639
2.290147
2.290785
2.294045
2.295450
2.291098
2.292450
2.294764
2.301413
2.300650
2.300343
2.299804
2.299250
2.297506
2.298365
2.297786
2.296272
2.296895
2.298169
2.295978
2.296171
2.294627
2.293493
2.292093
2.290800
2.290193
2.292968
2.291272
2.288090
2.290005
2.287210
2.302166
2.301420
2.300949
2.300087
2.300004
2.298782
2.298551
2.298018
2.296543
2.297624
2.296504
2.297652
2.295371
2.293292
2.294930
2.292212
2.288917
2.293366
2.289855
2.291221
2.289757
2.291540
2.288781
2.302504
2.301821
2.301334
2.300816
2.300493
2.299667
2.299380
2.300179
2.299876
2.297665
2.297484
2.296449
2.294483
2.294728
2.293972
2.292623
2.293703
2.291090
2.293245
2.293827
2.292362
2.293791
2.290847
2.302209
2.301401
2.301070
2.300028
2.300258
2.299571
2.298667
2.298468
2.297997
2.295912
2.295808
2.296870
2.295959
2.293597
2.294390
2.293315
2.294020
2.290556
2.290516
2.292920
2.288367
2.294705
2.286339
2.302622
2.302121
2.301143
2.301035
2.300808
2.299951
2.299233
2.298728
2.298410
2.296847
2.299112
2.295599
2.295978
2.297333
2.294173
2.296020
2.292867
2.290355
2.291903
2.293212
2.292264
2.289920
2.290754
2.289819
2.302122
2.301599
2.301209
2.300674
2.300056
2.299397
2.298269
2.298109
2.297016
2.296695
2.298122
2.296812
2.295928
2.296382
2.295566
2.293956
2.294599
2.292740
2.292378
2.293624
2.289210
2.292362
2.289463
2.290249
2.301587
2.300819
2.300716
2.299601
2.298936
2.298406
2.298259
2.298007
2.298279
2.297269
2.297188
2.296158
2.295797
2.293409
2.292692
2.294837
2.292946
2.289372
2.291492
2.287830
2.290932
2.291667
2.291405
2.302388
2.302127
2.301560
2.301370
2.300691
2.299822
2.300155
2.298444
2.297823
2.298613
2.297883
2.297380
2.295697
2.296739
2.296770
2.294213
2.294317
2.291659
2.292024
2.290061
2.291191
2.292839
2.292677
2.287650
2.301388
2.301093
2.300321
2.299970
2.300116
2.298823
2.298417
2.297602
2.297455
2.297482
2.295887
2.296813
2.295905
2.294383
2.296687
2.293088
2.293176
2.292548
2.290812
2.292271
2.288806
2.293972
2.290602
2.290428
2.301594
2.301568
2.300458
2.300037
2.300695
2.300086
2.299446
2.297971
2.296872
2.296062
2.295155
2.293724
2.295023
2.294779
2.292727
2.294088
2.294682
2.290487
2.291430
2.291351
2.292198
2.289622
2.290612
2.289429
2.302276
2.301361
2.300862
2.300250
2.299800
2.299744
2.298513
2.298601
2.297368
2.298101
2.297248
2.296539
2.294989
2.293416
2.295396
2.294415
2.292618
2.294834
2.294388
2.291257
2.291409
2.289448
2.291841
2.290610
2.301996
2.301352
2.300687
2.300644
2.300626
2.299095
2.299024
2.297886
2.297612
2.297655
2.297300
2.294489
2.296483
2.294581
2.294698
2.293344
2.295530
2.293419
2.294443
2.296150
2.290200
2.291484
2.292028
2.301909
2.301473
2.300812
2.300339
2.300133
2.298991
2.299318
2.298079
2.298432
2.297023
2.297166
2.295782
2.297663
2.293609
2.296993
2.293760
2.291856
2.294665
2.291856
2.293051
2.288805
2.291339
2.288349
2.289131
2.288536
2.303152
2.302587
2.302003
2.300965
2.301144
2.299751
2.301176
2.300476
2.298840
2.297179
2.297107
2.295943
2.295621
2.297126
2.295657
2.292427
2.295822
2.291769
2.294634
2.293486
2.292925
2.293638
2.289418
2.289495
2.302179
2.301093
2.300534
2.300063
2.299441
2.298602
2.298924
2.298985
2.298018
2.296694
2.298689
2.295535
2.294565
2.293158
2.297101
2.293578
2.294231
2.294174
2.293029
2.290488
2.289608
2.291387
2.292503
2.294076
2.301955
2.300863
2.300426
2.300124
2.298794
2.298758
2.298015
2.297609
2.297951
2.296516
2.294055
2.294904
2.294902
2.291989
2.292217
2.292046
2.291338
2.289927
2.291194
2.292078
2.296200
2.291415
2.292418
2.289584
2.302250
2.301748
2.301433
2.300832
2.300130
2.299868
2.299543
2.299082
2.299561
2.298317
2.297122
2.297643
2.296764
2.297285
2.296509
2.294390
2.293322
2.296709
2.292451
2.291568
2.291209
2.290389
2.292930
2.288696
2.302425
2.301620
2.301084
2.300833
2.299855
2.299118
2.299696
2.298025
2.297498
2.297539
2.296317
2.297327
2.295681
2.294975
2.295299
2.295411
2.295856
2.295861
2.292401
2.293381
2.291051
2.292300
2.288456
2.293991
2.290251
2.301986
2.301430
2.300894
2.300815
2.299975
2.299304
2.299198
2.299309
2.298062
2.297146
2.297853
2.296918
2.296753
2.295817
2.294004
2.294588
2.292518
2.293378
2.294843
2.292878
2.292621
2.291673
2.290008
2.291067
2.301988
2.301543
2.301253
2.300826
2.300213
2.299233
2.299233
2.297810
2.298669
2.295866
2.296115
2.295745
2.296505
2.296401
2.296886
2.294012
2.293547
2.294079
2.292234
2.290840
2.292140
2.287998
2.293549
2.288995
2.290345
2.301316
2.300996
2.300575
2.299906
2.299610
2.298879
2.298239
2.297188
2.297473
2.295826
2.297031
2.295256
2.293423
2.293623
2.294462
2.294865
2.294069
2.293570
2.290591
2.290697
2.293773
2.290688
2.290426
2.289147
2.301756
2.301304
2.301022
2.300607
2.300007
2.299375
2.299060
2.298759
2.297841
2.297405
2.297503
2.297235
2.297230
2.296723
2.295923
2.294731
2.295096
2.294070
2.293365
2.292536
2.291957
2.291634
2.290031
2.286986
2.288075
2.301452
2.300933
2.300469
2.300152
2.299306
2.298937
2.298464
2.298017
2.297100
2.297836
2.296886
2.294749
2.295796
2.295870
2.294409
2.294805
2.292066
2.294919
2.292187
2.292217
2.288206
2.291528
2.288941
2.288699
2.301933
2.301657
2.300739
2.300466
2.300138
2.299287
2.298281
2.298294
2.298265
2.297612
2.296898
2.296750
2.296631
2.295627
2.295057
2.292564
2.293385
2.294203
2.293855
2.290510
2.289751
2.291450
2.289721
2.292520
2.288272
2.301981
2.301216
2.301062
2.300299
2.300451
2.299717
2.298937
2.298173
2.297678
2.297217
2.298307
2.297284
2.295374
2.295471
2.294944
2.294389
2.295136
2.294634
2.292300
2.293783
2.293177
2.293005
2.290557
2.289145
2.302833
2.302681
2.301989
2.301502
2.300995
2.300292
2.299891
2.299097
2.299047
2.298587
2.298471
2.297788
2.297931
2.295702
2.296443
2.295500
2.296823
2.294750
2.292918
2.294122
2.293445
2.289171
2.290931
2.294083
2.286809
2.302008
2.301565
2.300975
2.300573
2.300040
2.299608
2.298720
2.297598
2.297537
2.296354
2.296770
2.297547
2.296231
2.295153
2.294502
2.292207
2.295223
2.293300
2.294035
2.292370
2.290077
2.292645
2.291101
2.290100
2.292292
2.301631
2.301296
2.301193
2.299806
2.299860
2.299381
2.299436
2.298189
2.298469
2.297999
2.297160
2.296345
2.295637
2.294952
2.295201
2.294623
2.294267
2.294361
2.291987
2.292814
2.295485
2.291947
2.288933
2.290834
2.289135
2.303604
2.302949
2.302093
2.302120
2.301353
2.301292
2.299806
2.300831
2.299986
2.299892
2.298636
2.297620
2.297242
2.297253
2.296364
2.295781
2.294683
2.294191
2.292322
2.293532
2.293928
2.293417
2.293519
2.292558
2.290887
2.301497
2.301825
2.300400
2.299454
2.298909
2.298757
2.298492
2.296785
2.297738
2.298289
2.296301
2.295460
2.295057
2.296877
2.295599
2.295996
2.294870
2.294237
2.293581
2.290709
2.291726
2.290865
2.293024
2.290445
2.291014
2.302811
2.302625
2.302166
2.301572
2.300763
2.300756
2.300319
2.299482
2.299158
2.298833
2.298252
2.297458
2.297193
2.297021
2.296469
2.296413
2.295815
2.295207
2.295556
2.293773
2.295882
2.291688
2.295648
2.291745
2.290000
2.301412
2.300840
2.300467
2.299975
2.299606
2.299712
2.299524
2.298393
2.298243
2.297641
2.296959
2.296824
2.297900
2.295172
2.295171
2.295916
2.292239
2.296357
2.293754
2.290797
2.292395
2.292188
2.291698
2.288326
2.287104
2.301805
2.301405
2.300527
2.300290
2.299355
2.299376
2.299220
2.298305
2.298714
2.297901
2.295416
2.296326
2.295388
2.295722
2.294566
2.294106
2.294976
2.296572
2.291281
2.291323
2.290851
2.291316
2.291646
2.292121
2.288660
2.302289
2.301975
2.301033
2.300576
2.301255
2.300175
2.299588
2.299202
2.298784
2.297367
2.298196
2.296853
2.296522
2.296463
2.292704
2.293743
2.294286
2.293840
2.292565
2.294288
2.290470
2.292512
2.288592
2.291715
2.290149
2.302734
2.302214
2.301694
2.301368
2.300867
2.300270
2.300173
2.299073
2.298917
2.298810
2.298245
2.298050
2.296542
2.296934
2.296850
2.297228
2.296222
2.293589
2.292683
2.292774
2.293434
2.293971
2.294312
2.291155
2.291116
2.301574
2.300932
2.300475
2.299806
2.300069
2.299469
2.298312
2.298170
2.296856
2.297929
2.297449
2.297298
2.296974
2.294719
2.293484
2.295217
2.295444
2.294689
2.293563
2.291238
2.292903
2.294204
2.292541
2.292678
2.290329
2.288287
2.301515
2.301026
2.300102
2.300008
2.300100
2.299205
2.299205
2.298996
2.297615
2.297969
2.298579
2.295863
2.296166
2.295472
2.296193
2.296617
2.293302
2.292222
2.294510
2.292342
2.292262
2.289648
2.290610
2.290619
2.288005
2.302015
2.301857
2.301428
2.300829
2.300743
2.300351
2.299547
2.299476
2.298262
2.298009
2.298289
2.297853
2.297120
2.296460
2.296307
2.296523
2.294711
2.294496
2.293530
2.291898
2.293185
2.292546
2.293546
2.290071
2.293554
2.301508
2.300682
2.300378
2.299608
2.299605
2.299256
2.297962
2.297097
2.297927
2.295713
2.295333
2.296345
2.293134
2.295290
2.293786
2.292476
2.293320
2.294048
2.292920
2.293149
2.293028
2.290038
2.290140
2.293332
2.288260
2.286678
2.302625
2.302372
2.301851
2.301505
2.300880
2.300703
2.300174
2.300033
2.299460
2.299233
2.298434
2.297121
2.296622
2.297494
2.295263
2.299088
2.295662
2.295150
2.294092
2.294740
2.293827
2.293340
2.291619
2.290782
2.290693
2.291716
