2.516442
2.344827
2.501571
2.020787
2.111403
2.031003
1.986401
1.886520
1.780550
1.812596
1.827160
1.927989
1.769439
1.899860
1.929784
1.906450
1.774376
1.932529
1.955385
1.773459
1.772720
1.764979
1.771142
1.617523
1.582631
1.754906
1.972742
1.739433
1.877859
1.723828
1.682603
1.454067
2.082205
1.952869
1.975388
1.938843
1.759056
1.650155
1.835477
1.634364
1.777048
1.756401
1.593604
1.584903
1.629224
1.671086
1.421166
1.539554
1.673166
1.636456
1.634420
1.546708
1.579299
1.643943
1.797085
1.680725
1.664877
1.804152
1.615208
1.607911
1.668118
1.602782
1.617213
1.690495
1.715800
1.543182
1.917405
1.608739
1.612873
1.457354
1.540385
1.562841
1.507941
1.688205
1.477332
1.622601
1.431068
1.413396
1.589277
1.508449
1.634095
1.677421
1.674754
1.605291
1.474396
1.506598
1.394790
1.321809
1.554415
1.601576
1.553476
1.375599
1.540234
1.299728
1.593942
1.477031
1.600460
1.610584
1.574408
1.544757
1.557101
1.755506
1.508630
1.571314
1.418775
1.512218
1.445910
1.473176
1.462866
1.636428
1.353816
1.482682
1.498772
1.540579
1.496881
1.548167
1.579986
1.549555
1.500931
1.662724
1.574933
1.562706
1.522684
1.664228
1.328190
1.638064
1.587722
1.339982
1.432151
1.538836
1.662937
1.472705
1.399290
1.712674
1.466901
1.347133
1.500484
1.490229
1.510388
1.433934
1.774019
1.337032
1.685883
1.271332
1.550408
1.353804
1.599153
1.386961
1.515134
1.431553
1.609434
1.338896
1.492122
1.270669
1.585156
1.499473
1.458595
1.416981
1.403247
1.348114
1.419492
1.334046
1.344674
1.411060
1.552212
1.454494
1.336724
1.350729
1.517955
1.519896
1.399482
1.517383
1.376205
1.466765
1.353541
1.320315
1.307449
1.360359
1.345211
1.408272
1.446893
1.493407
1.575272
1.430681
1.520002
1.455077
1.529397
1.531733
1.329380
1.422049
1.533873
1.451139
1.436976
1.282387
1.277866
1.486645
1.503351
1.322961
1.448655
1.537320
1.468005
1.574979
1.644517
1.230753
1.450824
1.232893
1.427931
1.357918
1.363104
1.264806
1.413287
1.438088
1.320652
1.523298
1.724874
1.301269
1.445641
1.366631
1.402811
1.500661
1.396697
1.503595
1.473997
1.343664
1.410517
1.550819
1.278024
1.357844
1.413633
1.320722
1.308456
1.509754
1.410332
1.256209
1.396309
1.451692
1.333775
1.369951
1.287953
1.484389
1.373052
1.434597
1.721127
1.255078
1.593958
1.430898
1.330570
1.575584
1.547848
1.439470
1.515191
1.089046
1.340839
1.280491
1.324584
1.304708
1.081729
1.408899
1.510074
1.309608
1.246976
1.200387
1.489923
1.557208
1.267966
1.324500
1.257369
1.374360
1.304658
1.340811
1.463250
1.458109
1.611520
1.358956
1.116610
1.401372
1.349298
1.520724
1.421798
1.552207
1.499070
1.106496
1.312542
1.246924
1.402059
1.285449
1.361503
1.294308
1.554993
1.359780
1.246413
1.401664
1.369743
1.207501
1.366862
1.278759
1.500826
1.247070
1.588069
1.289586
1.315754
1.228886
1.281511
1.255085
1.332136
1.288407
1.387398
1.110105
1.373204
1.375378
1.304373
1.532477
1.414277
1.379363
1.448078
1.623393
1.234634
1.374080
1.457832
1.307372
1.248323
1.408478
1.157414
1.333321
1.402331
1.440972
1.441218
1.349018
1.382515
1.291929
1.325608
1.518276
1.318793
1.262652
1.408796
1.259919
1.285845
1.366847
1.311569
1.245230
1.376853
1.600657
1.421129
1.168227
1.210836
1.266259
1.347621
1.424999
1.526345
1.149453
1.417925
1.272604
1.411331
1.418969
1.394881
1.295808
1.321946
1.402086
1.320499
1.287333
1.478824
1.329642
1.549874
1.545783
1.329034
1.435182
1.281302
1.351766
1.273799
1.090262
1.063433
1.155339
1.525226
1.243863
1.395862
1.149937
1.260965
1.418569
1.080804
1.195486
1.440128
1.253335
1.390646
1.201290
1.293182
1.509295
1.259226
1.414216
1.415337
1.218575
1.364241
1.452959
1.373727
1.357997
1.121081
1.398699
1.334630
1.300489
1.521875
1.364446
1.422700
1.430040
1.493602
1.277167
1.207305
1.234646
1.345263
1.379555
1.432237
1.437773
1.342532
1.425856
1.305321
1.234473
1.238808
1.184706
1.288586
1.278428
1.305887
1.341572
1.357320
1.304746
1.158431
1.132948
1.403317
1.427044
1.282971
1.352030
1.285399
1.298552
1.279099
1.356455
1.320074
1.225648
1.345297
1.283620
1.237138
1.353335
1.363910
1.294418
1.228751
1.436530
1.290301
1.386739
1.322139
1.326650
1.294784
1.195109
1.270337
1.325527
1.318226
1.624911
1.194855
1.273453
1.243683
1.112989
1.406501
1.187807
1.416307
1.434415
1.412099
1.264566
1.052454
1.280422
1.477326
1.132575
1.176314
1.322302
1.402987
1.004486
1.221587
1.314272
1.264085
1.499352
1.393486
1.454700
1.189081
1.312017
1.333659
1.372106
1.432854
1.327064
1.247392
1.386268
1.145008
1.084745
1.227728
1.508711
1.342275
1.161803
1.291864
1.117510
1.366584
1.399637
1.063057
1.365704
1.143447
1.245396
1.161526
1.201204
1.249578
1.191790
1.405904
1.274699
1.446909
1.420240
1.265937
1.264381
1.358062
1.327037
1.365730
1.105986
1.273015
1.225324
1.343561
1.272343
1.744808
1.513474
1.257287
1.315677
1.288923
1.292758
1.335111
0.972398
1.341449
1.469870
1.364398
1.271711
0.973816
1.031239
1.226121
1.423892
1.433289
1.464513
1.350661
1.360556
1.336495
1.187881
0.973589
1.332227
1.367218
1.327250
1.267309
1.190801
1.299009
1.317133
1.365077
1.272889
1.043574
1.195671
1.232214
1.285495
1.492352
1.309339
1.256902
1.284794
1.320112
1.205501
1.157633
1.299657
1.146142
1.282978
1.333497
1.585059
1.439522
0.981842
1.444015
1.387212
1.374401
1.299010
1.377632
1.233928
1.190001
1.269312
1.457220
1.494876
1.312418
1.171470
1.558107
1.063492
1.328727
1.115500
1.000566
0.993713
1.217907
1.295233
1.326150
1.289376
1.287847
1.476852
1.134219
1.246362
1.354920
1.230716
1.358441
1.073038
1.217356
1.139849
1.368816
1.323852
1.346767
1.238057
1.235864
1.008898
1.164302
1.415299
1.223479
1.218248
1.119683
1.261515
1.527498
1.242393
1.035456
1.174493
1.322117
1.326477
1.273643
1.074442
1.225448
1.360352
1.461513
1.246082
1.471351
1.076843
1.184796
1.085806
1.177332
1.229643
1.413894
1.249741
1.068225
1.318421
1.228253
1.223218
1.236403
1.477347
1.291394
1.385740
1.188379
1.305772
1.491115
1.177816
1.297505
1.127903
1.101163
1.204669
1.228001
1.239315
1.271225
1.205667
1.161160
1.328804
1.045871
1.448799
1.101374
1.363041
1.258819
1.217853
1.106906
1.429804
1.231050
1.332976
1.459449
1.281557
1.311460
1.346838
1.184640
1.395506
1.080659
1.176365
1.394262
1.336948
1.232652
1.161597
1.120906
1.390147
1.155022
1.182702
1.122753
1.128490
1.280951
1.071579
1.244278
1.068629
1.051043
1.164418
1.241727
1.290256
1.232806
1.157996
1.111833
1.391512
1.427069
1.193307
1.348958
1.084349
1.345087
1.171805
1.053520
1.357280
1.327803
1.382406
1.102538
1.161552
1.662610
1.164364
1.163067
1.327380
1.288259
1.126680
1.351866
1.339046
1.032419
1.272475
1.109564
1.287993
1.309666
1.003980
1.572460
1.186345
1.342555
1.101643
1.214596
1.072697
1.253952
1.280903
1.341864
1.280227
1.276116
1.102949
1.182748
1.511868
1.079317
1.545932
1.234490
1.022848
1.365077
1.324787
1.251479
1.068554
1.336074
1.182259
1.124783
1.133103
1.153059
1.346243
1.327150
1.275037
1.144069
1.305019
0.997818
0.944275
1.230105
1.236571
1.260173
1.111142
1.351110
1.271653
1.129205
1.263289
1.330304
1.338187
1.198537
0.985487
1.170089
1.269193
1.251953
1.370408
1.313281
1.491673
1.275299
1.316196
1.106874
1.372361
1.349182
1.153327
1.189440
1.456123
1.319143
1.280339
1.177881
1.170910
1.117605
1.085548
1.257545
1.113817
1.034179
1.275853
1.155701
1.075645
1.222759
1.251808
1.103586
1.066728
1.084684
1.269645
1.232954
1.193120
0.993770
1.138579
1.224432
1.253448
1.443524
1.191234
1.164716
1.057144
1.139031
1.462328
1.407518
1.144135
0.978057
1.486279
1.427255
1.375849
1.066868
1.235167
1.046204
1.167372
1.200929
1.079906
1.306235
1.545066
1.308727
1.332082
1.583666
0.998613
1.151453
1.515967
1.077139
1.255225
1.048743
1.403428
1.330126
1.055457
1.299677
1.137115
0.965106
1.421117
1.262185
1.234886
1.391926
1.283247
1.236591
1.373668
1.031062
0.973008
1.240430
0.977423
1.228921
1.211688
1.231300
1.394837
1.406075
1.200930
1.245092
1.094148
1.134156
1.311972
1.289412
1.042215
1.070697
1.336255
1.274114
1.099021
1.337961
1.150112
1.416346
1.118044
1.210416
1.454308
1.543049
1.162849
1.284313
1.183407
0.957835
1.187810
1.185398
1.403938
1.237221
1.128300
1.323911
1.213844
1.248080
1.165496
1.049131
1.312906
0.986571
1.207191
1.405989
1.321855
1.040860
1.242816
1.108863
1.117057
1.256439
1.514899
1.391980
1.284147
1.266271
1.301208
1.133672
1.393242
1.324520
1.242420
1.208514
1.065220
1.279000
1.102804
1.129453
1.155705
1.279070
1.126228
1.041852
1.195994
1.340810
1.073462
1.193336
1.084700
1.109162
1.209427
1.303407
0.907787
1.277327
1.141035
1.293725
1.153920
1.196216
0.972629
1.282460
1.264562
1.023768
1.107559
1.423671
1.117667
1.165434
1.285790
1.129486
1.236605
1.191198
1.317563
1.146763
1.116858
1.158990
1.298906
1.229893
1.186640
1.149393
1.140182
1.283987
1.297478
1.245677
1.164996
1.058866
1.056881
1.143676
1.032561
1.151638
1.191965
0.995921
1.218127
1.396436
1.134030
1.267723
1.169384
1.303918
1.201661
1.108860
1.209814
1.188124
1.312858
1.449421
1.242099
1.091914
1.136074
1.130199
1.307348
1.358914
1.382877
0.992404
1.069263
1.131293
1.243395
1.152119
1.216482
0.998607
1.224898
0.994689
1.370945
1.129333
0.980569
1.425466
1.484468
1.115599
1.400015
1.117423
1.072450
1.205534
1.246598
1.193938
1.236490
1.593424
1.324034
1.187618
1.158560
1.120694
1.113516
1.117746
1.304313
1.166520
1.098385
1.154199
1.186534
1.212167
0.920573
1.190446
1.065535
1.357817
1.026189
0.969765
1.281981
1.470231
1.061557
1.175848
1.169872
1.199674
1.340208
1.193265
1.234048
1.066412
1.069867
1.091530
1.400719
1.230878
1.296165
1.253386
1.113136
0.983591
1.171329
1.060775
1.122137
1.233694
1.257483
1.081871
1.268488
1.057247
1.102000
1.125571
1.066602
1.384245
1.179123
1.354359
1.309276
1.475230
1.087156
1.092458
1.114345
1.335710
1.373498
1.413714
1.167707
1.083251
1.230551
1.106092
0.980247
1.113741
1.333224
1.505265
1.104550
1.135224
1.249418
1.048994
1.087455
0.868499
1.056449
1.415086
1.295301
1.123925
1.488409
1.398863
1.350322
0.954512
1.327407
1.248035
1.192477
0.889237
1.276106
1.323986
1.025410
1.093288
1.296861
1.173862
1.407348
1.212654
1.136575
1.119871
1.168799
1.149424
0.977353
1.239145
1.210590
1.107431
1.227715
0.996417
1.134188
1.252173
1.491413
1.134040
1.457599
1.098601
1.244680
1.191533
1.380930
1.103437
1.073600
1.067546
1.259764
1.222451
1.050838
1.270033
1.247648
1.020263
1.173291
1.310149
1.171272
1.447661
1.280711
1.229854
1.261726
1.271922
1.145854
1.436935
1.204339
0.945043
1.185108
1.089426
1.132978
1.193429
1.282337
1.265115
1.160499
1.163883
1.235681
1.213894
1.276863
1.130060
1.242749
1.106701
1.272728
1.157779
1.244608
0.988597
1.047658
1.113877
1.103877
1.203371
1.131123
1.200703
1.120359
1.170928
1.118081
1.628391
1.094078
0.937428
1.232994
1.056636
1.302914
1.113080
0.898109
1.124905
1.053216
1.291520
1.132735
1.267359
1.277910
1.113207
1.384547
1.166915
1.248224
0.979766
1.265251
1.183473
1.347817
1.011690
1.258093
0.987557
1.324317
1.187210
1.269351
1.092363
1.054123
1.299025
1.240093
1.041163
1.431627
1.197636
1.008578
0.968801
1.318005
0.920263
1.215688
1.218587
1.130077
0.953486
1.065182
1.112354
1.223041
1.035916
1.073142
1.185443
1.098480
1.202274
1.119292
1.138964
1.088677
1.197119
1.292278
1.151716
1.221491
1.152607
1.174895
1.216430
0.951787
1.492956
1.134900
1.064157
1.220953
1.076774
1.324377
1.117771
1.240265
1.285659
1.275619
1.329628
1.179857
0.996265
1.054428
0.988907
1.228578
1.109969
0.972882
1.272124
1.160713
1.273099
1.138059
1.153590
1.129750
1.079015
1.088848
1.164892
1.255932
1.151664
1.242181
1.147590
0.924427
1.073042
1.322374
1.105673
1.240492
1.273132
1.010208
1.323196
1.208820
1.174343
0.948738
1.276031
1.245839
1.140366
1.147513
1.337196
1.341007
1.091307
1.256425
1.259999
0.840030
1.140227
1.233638
1.025826
0.849653
1.327459
1.252657
1.169646
1.228039
1.202028
1.063552
0.900592
1.375581
1.331465
1.277288
1.133632
1.119084
1.002433
1.368796
1.201469
1.151876
1.165347
1.085343
1.102020
1.186764
1.065150
1.050394
1.187432
0.996524
1.118417
1.139347
1.039228
1.051031
1.221328
1.157239
1.101204
1.274077
1.118698
1.264706
1.241619
1.223670
1.193786
1.150866
1.263725
1.263438
1.396325
1.111881
1.038461
1.245677
1.086275
1.054778
1.354862
1.100300
1.070896
1.193691
1.213623
1.090301
1.075853
1.050600
1.030218
1.215454
1.226139
1.410263
0.994645
0.935710
1.034192
1.170195
1.235780
1.136658
1.089069
1.112656
1.144929
1.302480
1.035794
1.408635
1.137117
0.836072
1.275485
1.140148
1.312020
1.090545
0.946498
0.971596
1.237827
1.218579
1.222109
1.080262
1.203670
0.960987
0.846962
1.366160
1.173591
1.268777
1.100558
1.198551
1.360158
1.001962
1.212155
1.015990
1.221427
1.181831
1.085603
1.124959
1.170341
1.362529
1.169193
1.192872
1.132772
1.302582
1.136489
1.155961
1.185210
0.934723
1.191851
1.142225
1.011740
1.027501
1.102458
1.460076
1.176548
1.191710
1.145798
1.313364
1.299781
1.199007
1.138834
1.039301
1.213136
1.410940
1.215826
1.004980
1.302947
1.080922
1.061493
1.503697
1.068725
1.111851
1.241997
1.131094
1.114995
0.890980
1.170914
1.171935
0.978559
1.239010
1.109202
0.925467
1.065315
1.012661
1.192485
1.235715
1.314671
1.005311
1.112163
1.182323
1.258342
1.242075
1.248675
0.991552
1.119079
1.291932
0.821453
1.255157
1.237109
1.224840
1.057865
1.033263
0.944235
1.051149
1.172509
1.037822
1.017703
1.019511
1.138444
1.093634
1.316210
1.649377
1.211442
1.019598
1.174281
1.177833
1.059650
1.296029
1.102072
1.339903
1.064628
1.125476
1.105825
1.149847
1.194994
1.125473
1.116480
1.094571
1.076903
1.075692
1.232066
0.986528
1.059881
1.012871
1.048735
1.280264
0.995179
1.351705
1.471067
0.979682
1.520507
1.154514
1.290623
1.014536
1.208359
1.090091
1.117045
1.182342
0.994355
1.098967
0.919093
1.381315
1.180458
1.187224
1.082645
1.095409
1.237459
0.908732
1.145048
1.172917
1.171676
1.246904
0.991016
1.042101
1.216956
1.031874
1.503868
1.147772
1.026435
0.945647
0.876468
1.079094
1.032392
1.231325
1.104464
1.234960
0.989513
1.089207
1.190679
1.063408
1.074993
1.132289
1.307370
1.077049
1.195279
1.098503
0.995229
1.188900
1.004388
1.173992
1.247721
1.155472
1.098682
1.033648
1.059674
1.136142
1.022157
1.198311
1.018583
1.183957
1.129092
1.511689
1.157123
1.291407
0.979765
1.277682
1.219621
1.118850
1.453026
1.143195
1.065607
1.099796
0.905803
0.978233
1.107971
1.076681
1.069528
1.116798
1.266551
1.079086
1.389969
1.120131
0.951467
1.081708
1.127293
1.227836
1.297278
1.170464
1.072199
1.196914
1.025694
0.969500
1.199812
1.160701
1.207368
1.081700
1.195178
1.185035
0.994580
1.045348
1.033374
1.159426
0.960389
1.129972
0.946731
1.179680
1.142509
1.313146
1.281223
1.431437
1.395216
0.980419
1.183180
1.034924
1.077334
1.161919
0.865386
0.991147
1.306411
1.354176
1.471954
1.117183
1.220813
1.229006
1.096369
0.907276
1.175621
1.027064
1.155666
0.944144
1.160183
1.414761
1.543298
1.144595
0.738016
1.167779
0.895201
1.197188
0.892289
1.103906
1.171171
0.998485
1.202091
1.185464
1.133249
0.987521
1.074151
1.145783
1.068571
1.149580
1.055746
1.038334
1.276318
0.949693
1.150991
1.288500
1.168313
1.235524
1.145404
1.221893
1.239146
1.287040
0.975908
1.240267
1.084872
1.294272
1.303180
1.203421
1.105878
1.259040
1.232251
1.107265
1.131446
1.206022
0.982210
1.003306
1.104399
1.165011
1.352897
0.984189
1.194540
1.282164
0.905192
1.064299
1.088823
1.106761
1.230007
1.041417
0.957371
1.122781
1.228052
1.266284
1.254044
1.013167
1.153320
1.014936
1.036156
1.064888
1.031319
1.428490
1.198929
1.302795
1.095671
1.196506
1.264727
1.138879
0.915937
1.271499
1.035931
1.132459
1.185333
1.210572
1.113703
1.007428
1.076176
1.074323
1.171520
0.805240
1.137323
1.133277
1.329231
1.086359
1.208273
1.200079
1.074377
1.082268
1.045166
0.862729
1.329854
1.098719
1.111439
1.053774
1.276968
0.969369
0.989288
1.564820
0.987939
1.040557
1.092946
1.234788
1.310514
1.157173
1.018845
1.151606
1.070964
1.252622
0.986439
1.203368
1.213042
1.051429
1.218046
1.081308
1.083548
1.082937
1.226281
1.245412
1.205406
1.104197
1.225266
1.285786
1.260986
1.003588
0.852447
0.891949
1.144759
1.282692
1.149519
1.396203
1.141839
1.197019
1.225777
1.314508
1.093694
1.159843
1.002099
1.196775
1.221196
1.156403
1.160837
1.328974
1.127316
1.048687
1.012795
0.990235
1.055426
1.199961
1.354454
0.875849
0.968138
1.231077
1.152700
1.261927
0.879535
1.070771
1.155633
1.045890
1.278567
1.169174
1.127012
0.929993
0.992782
1.141900
0.976250
1.181522
1.060711
1.128810
1.212851
1.279727
1.148956
1.332211
0.980418
1.427022
1.316811
1.318274
1.292111
1.195992
1.124975
1.286700
1.031037
0.946128
1.390027
1.341976
0.861846
1.055338
1.291716
1.128492
1.107680
1.194625
1.061638
1.141962
1.157025
1.366807
1.171578
1.098900
1.047240
1.119883
0.993238
0.952210
1.028405
1.263844
1.180673
1.066725
1.270015
1.038216
1.007872
1.092108
1.261873
1.091533
0.940014
1.030950
1.027076
0.778715
1.039026
1.160292
1.062226
1.070268
1.233989
1.093428
0.961243
1.117467
1.200778
1.175910
1.007824
1.268497
0.998601
1.209841
1.254193
1.041501
1.019412
1.132444
1.093048
1.168770
1.206826
1.129122
0.989710
1.196363
1.129832
0.904291
1.035960
1.154381
0.957608
1.075776
1.057366
1.025080
1.264006
1.177286
1.194440
1.017284
1.185088
1.350723
1.116100
0.988148
1.064967
0.934786
1.060831
1.205629
1.208726
1.258075
1.189259
0.997807
1.353521
0.859111
1.204702
1.329208
0.999184
1.136674
1.075921
1.084924
1.211478
1.131600
1.114039
1.097349
0.949290
0.991343
1.066479
1.127516
1.175215
1.225277
1.272266
1.125561
1.099465
0.943431
1.114655
1.147327
0.987910
1.063452
0.958744
0.974463
1.099923
1.048383
1.094969
1.211174
1.125909
1.018089
1.155670
0.977613
1.324859
1.373411
1.288875
1.101458
1.040311
1.214136
1.171768
1.280195
1.138922
1.158642
1.068773
0.961259
0.925488
0.888780
1.184361
1.103845
1.110423
1.313670
1.172518
1.086540
1.140208
1.000390
1.122358
1.067020
1.028851
1.113691
1.107919
0.955608
1.286090
0.965744
1.003871
1.144770
1.338835
1.170214
1.036994
1.033518
1.494699
1.076150
1.163771
1.224590
1.001275
1.057004
0.896461
1.315487
1.242448
1.553645
1.054692
1.130339
1.113708
1.087093
1.254651
1.145619
0.940531
0.946609
0.988397
1.072426
1.129759
1.052648
1.321900
1.129785
1.124484
1.091273
1.256882
1.274343
0.983853
0.903602
1.129658
1.151852
1.228828
1.139738
1.118106
0.937351
1.314165
1.150703
1.108772
0.979719
0.831349
0.991344
1.353007
1.218982
1.147503
1.257107
1.074460
0.959749
1.054079
0.981041
1.461383
1.163008
1.648412
0.968074
1.360577
1.160674
1.024142
0.898219
1.107113
1.493879
1.169956
1.012836
1.146558
1.035783
1.134094
0.992085
1.088904
1.035416
1.036539
1.071748
1.004284
1.151799
1.070082
1.110775
0.910865
0.896449
0.986744
1.001148
1.191016
1.102566
1.282132
1.076029
1.049696
1.009068
1.401402
1.108267
1.393087
1.503607
1.296655
1.006947
1.118258
1.038213
1.291362
1.140383
1.282151
0.880682
1.028131
1.171805
1.302707
1.191931
0.889225
1.148181
1.207387
1.347671
1.080509
1.166477
1.073456
0.814190
1.099442
1.199748
1.006584
1.136793
1.134434
1.007919
1.188510
0.842656
0.977773
1.071118
1.151320
1.103624
0.977936
1.183302
1.046440
1.181628
1.319139
1.187766
1.247717
1.082466
1.422117
0.962493
1.354345
1.187161
1.131724
1.027055
1.047912
1.042830
1.247993
1.001962
0.841510
1.141263
1.138215
1.124614
1.085581
1.021982
1.012633
0.848308
1.022615
1.104796
1.063188
1.174845
1.255681
1.077528
1.054615
1.163103
0.927570
1.003162
1.209308
1.140854
1.128051
1.135197
1.074418
1.281899
1.165941
1.152617
0.823834
1.297045
0.827680
1.149925
1.179849
1.254356
1.047254
0.986001
0.977346
1.242483
1.097664
1.129448
1.072462
1.178181
1.145866
1.087321
1.152286
1.242183
1.073610
1.184127
1.284895
0.928057
1.177894
1.237156
1.452633
1.326083
1.080368
0.841802
1.066585
0.930223
0.873013
1.100116
1.006646
1.181151
1.133035
1.200049
1.120301
1.046268
0.924705
1.114107
1.098665
1.065461
1.128900
1.249193
1.045395
1.297080
1.028233
0.965634
1.079641
1.242147
1.098129
1.112249
1.240112
1.119124
1.200623
1.127189
1.027778
1.166989
0.904627
1.132562
0.994775
1.114314
1.315113
1.046168
0.978196
1.079211
1.114391
0.995679
1.029742
0.956892
1.058605
1.280785
1.207267
0.943579
1.386394
1.151311
1.236321
1.078295
1.176474
0.981619
1.233535
0.978804
1.182579
1.082904
1.130017
0.915095
0.987742
0.847078
1.010361
1.165785
1.026533
1.022429
1.157594
1.235672
1.104018
0.941879
1.118929
1.021535
0.972084
0.941005
1.112180
1.102385
1.133764
1.102547
0.984804
1.071767
1.056552
0.883729
1.279193
1.106297
0.960350
1.084978
1.018774
1.293307
1.293786
0.912115
1.133900
1.142509
1.095016
1.384445
1.097644
1.033566
1.217506
1.190546
1.163458
1.074214
1.093864
1.554693
1.277898
0.940807
1.220817
1.157878
0.918003
1.257009
1.224300
0.979105
1.067223
0.991968
1.171184
1.274937
0.948652
1.277149
1.037692
1.082354
1.305071
1.204812
1.016760
0.993738
1.180751
1.111239
1.027866
1.184985
1.303684
1.269971
1.115908
1.079280
1.113760
1.289306
1.368931
1.043522
1.016272
1.095492
0.959290
0.927187
1.051118
1.088946
1.114977
1.041262
1.167763
1.292244
0.938973
1.051950
1.353753
0.907811
1.047952
1.191726
1.102843
1.177923
0.950194
0.958861
1.038527
1.251866
0.924012
0.977816
1.113796
0.895660
1.038096
1.206269
1.122544
1.332228
1.130681
1.029914
1.185610
1.140661
1.242234
1.044153
2.144773
1.857156
1.327969
1.183199
0.967323
1.262359
1.320679
1.270903
1.144958
1.387555
0.878640
1.404107
1.286642
1.272771
1.099209
1.083645
1.081158
1.052549
1.057176
1.087754
1.241959
1.063611
1.132658
1.071049
0.847213
0.919522
1.020869
1.233927
1.004730
1.055650
1.247751
1.130350
0.981186
1.073930
1.193284
1.319552
1.087847
1.255941
1.027097
1.350921
1.068523
1.068953
1.300513
1.389294
0.931935
1.292238
1.263349
1.114807
1.008507
1.034329
1.174209
1.012796
1.414769
1.059507
1.074758
0.960354
1.048379
1.054476
0.874820
0.996813
1.116593
1.004203
1.384651
0.915821
1.116276
0.922081
1.215642
1.094668
1.185740
0.889244
1.283906
1.086653
1.129547
1.058564
1.156417
1.071675
1.187281
1.233682
0.971149
1.242265
1.176465
1.111370
1.101883
0.986981
0.958212
1.095433
0.991848
1.018854
1.141034
1.107046
1.191856
1.067690
0.974995
1.270656
0.892416
1.021948
1.032851
0.952457
1.149226
0.965682
1.167900
1.018463
1.280743
1.264309
1.027627
1.124346
1.167243
1.188580
1.138107
0.972768
1.250881
0.865095
1.139097
1.122113
1.131083
1.271741
1.010801
1.001995
1.377775
1.118887
1.196743
1.026335
1.075797
1.015091
0.768902
0.914666
1.246467
1.073406
0.964218
1.380585
1.191477
1.118459
0.966549
1.045741
1.234875
1.037772
1.085041
1.251757
1.172621
0.948033
1.054444
1.380692
1.013675
1.049561
0.820466
1.190913
0.986421
1.406965
1.244699
1.046758
1.082693
0.871426
1.117023
1.298907
0.917184
1.089659
1.027461
1.166963
1.000923
1.302314
1.083182
1.065650
1.139049
1.005214
1.472998
1.080619
1.156857
1.171372
1.036149
1.343733
1.094560
1.033031
1.084525
1.055353
1.231997
1.043969
0.998366
0.956376
0.968280
1.076454
0.941689
0.995124
0.821218
0.816663
1.047381
0.999466
0.820617
0.929963
1.404251
0.987119
0.913334
1.259022
1.055477
1.244714
1.133188
1.124053
0.980783
1.043477
0.929305
1.033040
0.950400
1.113300
1.209758
1.106759
1.055374
1.263237
1.382982
1.364946
1.299186
0.979239
0.968187
0.839921
0.942799
1.004591
1.266835
1.380839
1.303998
1.008397
0.857707
1.122050
1.197509
1.104874
1.047781
1.345088
1.359255
1.136896
1.300551
1.169416
1.209028
0.946593
1.071594
1.063753
1.099033
1.101985
1.104388
1.069819
0.934871
1.240551
1.298583
1.055005
1.237773
0.959804
1.175913
1.015258
1.000039
0.957448
1.261659
0.954068
0.991824
1.281355
0.991827
1.379873
1.107287
1.118498
1.099970
0.873010
1.244049
1.118553
0.775463
1.087523
1.022634
1.128213
0.833200
0.904354
1.059164
1.031140
1.101115
1.063290
1.162129
1.029326
1.263601
1.067842
1.189737
1.135120
0.813855
1.194996
1.179729
1.068270
1.050129
1.041103
1.144862
1.178761
1.021568
1.041841
1.163247
0.954011
1.214688
1.181948
1.156001
0.974568
0.943459
0.830566
0.895684
0.964182
1.149073
1.206555
1.113216
1.046442
0.952136
1.052016
1.171205
1.055955
1.022631
1.122322
0.971942
1.192895
1.039171
1.115079
1.004561
0.954326
1.111182
1.347733
1.279186
1.006750
1.076394
1.055594
1.267486
0.940799
1.204948
1.082390
1.085147
1.631541
1.271245
1.098451
1.110451
1.169845
1.281019
1.403823
1.029692
1.083453
1.021562
1.144587
1.176485
0.827658
1.061109
1.095464
1.242944
0.996286
0.938648
1.128891
1.000503
1.228732
1.044095
1.222466
1.093069
1.119014
0.970352
0.950099
1.152838
1.080460
1.180839
1.020320
0.782812
1.180812
0.933236
1.143999
1.203653
1.143682
0.910385
0.877368
1.152034
1.201754
0.928023
1.034953
1.064455
1.105941
1.123210
0.974338
0.964787
1.227886
1.126293
1.059934
1.224313
1.016302
1.081341
1.069049
1.070345
1.220613
1.103397
1.065433
1.228428
0.943660
0.935095
1.178467
1.169923
1.077289
0.987324
1.098871
1.311325
1.083013
0.989798
1.010960
1.157048
1.060753
1.038571
1.098831
1.167548
1.050524
1.068599
0.940565
1.142392
0.877421
1.104267
0.944562
1.078406
1.047456
1.190942
1.049878
1.024340
0.849275
1.350978
1.129698
1.129367
1.126089
1.025641
1.155362
0.861978
1.085300
1.209091
1.088275
1.174634
0.923661
1.020082
0.938497
1.004812
0.955065
1.004563
0.955088
1.164588
1.030553
0.924119
1.202471
1.370074
1.059899
0.837430
1.048649
0.981916
1.138529
1.182450
1.173190
1.114446
1.077166
1.133472
1.190206
1.039615
1.214201
1.086632
1.093066
1.061994
1.060041
1.087809
1.145107
1.138410
1.151266
1.099121
0.795063
1.152913
1.015965
1.014041
1.073799
1.133373
0.985540
1.157829
1.012604
1.100466
1.018208
0.950762
1.061582
1.148530
1.052889
1.258059
1.150620
0.874858
1.088843
0.936993
0.934127
1.038203
0.923336
1.288418
1.472098
1.053393
0.920469
1.450712
1.093409
1.012937
0.922491
1.021680
1.104135
0.923382
1.042280
1.238950
1.063972
1.160836
1.003975
1.197364
0.985859
0.902973
1.180894
1.026588
0.975516
0.926760
1.066531
1.200173
1.112488
0.843192
1.212629
1.213034
1.152338
1.353556
1.627291
1.059446
0.890019
1.059540
1.038952
1.165233
0.991602
1.087435
0.894037
1.142486
1.229716
1.163070
0.938080
0.993109
1.069318
1.190284
0.989300
1.198854
1.203558
1.066998
0.955358
1.039965
1.199248
1.055640
1.276361
1.237909
1.269185
1.055659
0.891536
1.079219
1.300103
1.345240
1.176809
1.173117
1.101663
0.918817
1.009341
0.901987
1.204754
0.941015
1.140689
0.991759
1.138607
1.078811
0.956430
1.055587
0.997327
1.192770
1.207955
1.017107
0.895446
1.234553
0.921790
0.732653
0.999778
1.095159
1.041825
0.924052
1.163160
1.233127
0.978774
1.253115
0.981357
1.278850
1.019001
0.982468
1.069953
0.878729
1.125865
1.097145
1.071336
1.195549
1.230436
1.221895
1.116015
1.104676
1.054685
1.015836
1.216381
1.198619
1.065780
1.313134
1.048032
0.928188
1.257951
1.303865
1.067249
1.119312
0.948794
0.974537
1.106367
1.324339
0.867974
0.947203
1.023706
0.932656
1.060945
1.063636
1.114087
1.190629
1.101583
0.889469
1.133448
1.122099
0.972272
0.935285
1.009774
1.276742
0.798854
1.285422
1.252970
1.007662
0.910036
1.276096
1.008969
1.296820
1.185884
1.029320
1.115265
1.038922
1.109183
1.084407
0.999842
1.152601
1.055604
1.048738
1.154945
1.229547
1.211806
0.970555
1.043591
0.961483
1.236489
1.330444
0.999056
1.136376
1.030106
1.154307
1.107054
1.023293
1.225994
1.172526
0.882697
0.989502
1.066614
1.051179
1.084090
1.031546
1.040356
1.091745
1.319975
1.141234
1.001363
1.032246
1.004013
1.140324
1.149885
1.077164
1.159641
0.908692
1.256353
0.963877
0.991956
1.146845
1.092767
0.989695
0.941013
0.987792
1.187858
1.006337
1.106151
1.102874
0.999629
1.047896
1.196345
0.938395
1.124907
0.994862
1.142078
1.012118
0.831804
1.284198
0.902634
0.990931
0.967989
1.377156
1.061631
1.229599
1.037585
1.149581
1.074974
1.179776
1.030159
1.100574
1.111369
1.156011
0.859242
1.267358
1.234630
0.912161
0.967322
1.102203
1.060147
1.026512
1.307975
1.151705
0.911622
0.942503
0.939985
0.909969
0.872748
1.131820
1.208936
1.175852
1.215745
1.051216
1.047040
1.218082
1.018396
1.241875
0.971277
1.151923
0.991639
1.053081
1.176442
0.875284
0.914815
1.250898
1.212089
1.029517
1.145985
0.979354
0.967994
1.039577
1.380120
1.049771
0.894731
1.013841
1.296826
1.136207
1.085427
0.982237
0.806318
1.167950
1.063255
1.165457
0.954160
1.363673
1.112242
0.940718
1.194542
1.027890
1.133256
0.927926
0.851473
0.912791
1.111784
1.295228
1.022946
1.223075
1.199206
1.436152
1.280714
0.820161
1.069888
1.269074
1.031782
0.944338
0.906531
0.937074
1.014577
1.089724
1.334921
1.011341
1.020714
1.078053
1.104263
0.977911
1.096622
1.344735
1.023821
1.086125
0.909639
0.845219
0.975929
1.002211
0.866012
1.048870
1.355343
1.287417
0.975599
0.986771
0.950403
0.950266
1.184929
1.380598
1.216717
0.772739
1.159944
1.082012
1.066040
1.131535
1.088624
1.181124
0.905226
1.071806
1.116058
0.889660
0.814563
1.102484
1.128491
0.926061
1.010152
1.117960
1.074552
0.907385
1.284544
1.045227
1.249709
0.933017
1.230153
1.058480
1.013019
1.225531
1.335296
1.004691
0.869345
1.127309
1.344577
0.977635
1.030711
0.970027
1.188143
1.015368
1.142312
0.998314
1.107378
1.097515
1.265485
1.148329
0.999652
1.249223
0.967688
1.299500
1.047323
0.982526
1.073489
1.006454
1.448598
1.089043
1.124788
1.101649
1.061981
1.024567
1.119761
0.878133
0.957731
1.093877
1.068030
0.898012
0.859257
0.947524
1.274161
1.027063
1.110932
1.126250
0.966234
0.993061
0.971516
1.223112
1.266622
1.059083
0.984942
1.142707
0.999278
1.048493
1.394859
1.014669
1.049980
1.150757
0.940120
1.006356
1.145332
1.104726
1.139430
0.880270
1.031286
0.872966
0.990015
1.091288
1.091002
1.165290
1.092117
1.122296
0.777515
1.181606
1.315234
1.135641
1.188913
1.061209
1.057431
1.004699
1.182018
1.002664
1.141443
1.127121
1.014792
1.124318
0.894491
1.148901
0.947199
1.143457
1.078711
1.416711
1.117277
0.892535
0.893357
1.066062
0.876069
1.011926
1.024137
1.086035
0.976276
1.016429
0.946093
0.924173
0.979343
0.975466
1.209547
0.880432
0.946195
1.020337
1.160575
0.977766
0.970592
0.936819
1.177892
1.055010
1.049331
1.175297
0.896039
1.113439
1.127669
0.987181
1.012609
1.455178
1.103455
1.041519
1.114409
1.381225
0.959973
1.115408
1.121620
0.780720
1.037826
0.992739
1.003554
1.280611
0.834527
1.133626
1.325563
1.023411
1.262420
1.151041
1.237115
0.965372
1.103866
0.899636
1.152449
0.854688
1.095721
1.042915
1.258175
1.112066
0.897385
0.997887
1.075250
1.062765
1.018441
1.081111
1.115746
1.101130
1.199771
1.062303
0.908469
1.036260
1.012924
0.907938
0.916929
0.854467
1.143233
0.977947
0.812974
1.351749
1.037672
1.080790
1.054962
1.156900
1.173592
1.094448
0.985396
0.939619
1.027027
0.997385
0.772774
1.307456
1.041603
1.054095
0.960940
1.094279
1.141984
1.141074
1.339158
1.315189
0.994909
1.113130
1.152687
1.736237
0.982565
1.028783
0.770655
1.086627
0.991901
0.942439
1.180923
0.904908
1.028694
1.156696
1.010941
1.018326
1.153636
1.178347
1.229140
1.091953
0.975694
0.980823
0.926224
1.030955
1.225281
0.973018
0.948374
1.123291
1.290918
0.947556
1.133702
1.212681
1.361215
1.176837
0.811657
1.305412
1.169343
1.133222
1.032529
1.058519
0.940960
1.287946
1.086471
1.194162
1.245096
1.099898
1.010466
1.109223
1.085918
1.093131
1.299860
1.162404
1.185633
1.288711
0.952508
1.120216
1.120358
1.194575
0.967003
0.940141
1.141915
0.923225
1.003641
1.171652
0.951711
1.067094
0.935051
0.997365
1.132419
0.985220
1.012358
0.869138
1.133508
1.234848
0.979595
0.954463
1.159492
0.916158
1.204734
1.151916
1.301003
1.058525
0.926880
1.208004
1.005231
1.007821
1.013117
1.144214
1.244821
0.936836
0.973729
0.936274
1.267420
1.086585
0.898852
1.295276
0.949092
1.034978
1.093565
1.061673
1.230389
1.038451
1.274559
1.171020
0.999820
1.048720
0.968794
1.039959
0.931312
1.173042
0.912068
0.991644
1.044380
1.011290
1.047294
1.268694
1.091721
0.907218
1.108580
1.027521
0.873099
0.922428
1.087006
1.407138
1.424184
1.087456
0.972148
1.165076
0.975371
1.001987
1.147946
0.973940
1.062691
1.059772
1.025594
0.947157
1.333385
1.133016
1.113469
1.082311
1.026575
1.245281
1.105401
0.815777
0.959928
1.188230
1.145241
0.935169
0.869739
1.099722
1.021108
0.927507
1.238446
0.994105
1.113215
1.327836
1.209226
1.151574
0.951256
1.151054
0.993864
1.152407
1.024213
1.259512
1.026242
1.234964
1.028030
1.003344
1.187038
1.027778
1.206406
1.098062
1.046390
0.912384
1.377273
1.052780
1.025196
1.052300
0.995420
0.975156
1.015629
0.810088
0.977150
0.976156
0.781951
1.352558
0.951819
1.301548
0.865608
0.876776
1.055815
1.272218
1.369304
0.982722
1.184335
1.134484
1.084958
0.951241
0.783964
1.061911
0.910599
1.072850
1.415475
0.996329
1.073667
1.145493
1.062729
0.891299
1.194840
1.184688
0.891525
1.153734
1.060467
0.875093
1.096671
1.013884
0.993602
0.955936
1.308917
1.347405
1.109002
1.031855
1.129981
1.112232
1.200494
1.163882
1.234088
1.343477
0.861262
1.055713
1.313807
0.929745
0.835143
0.991734
0.911233
1.239104
0.896224
0.986653
0.775894
1.210147
1.092128
0.950705
1.189298
1.056467
1.175147
1.090894
1.093949
1.223943
0.939400
1.184821
1.167743
0.998817
1.012948
0.994120
1.307445
1.035004
1.122187
1.105372
1.138608
0.929298
0.948654
0.879271
1.047170
0.711716
0.998213
0.983477
1.095684
1.261854
1.111350
0.913932
1.265285
1.128756
0.916142
1.037000
1.017548
1.142205
1.070702
1.063886
1.015990
0.895111
0.890898
1.179067
1.093394
1.354234
0.908065
1.002484
1.160744
1.047698
1.042206
0.875691
0.969676
1.425725
1.249204
1.025503
1.144407
1.245361
1.123631
1.154559
0.902576
1.216544
1.220262
0.999127
0.926366
0.977805
1.075444
0.907106
0.935349
0.999263
1.149608
1.007756
1.079975
0.928622
1.133898
0.902473
0.953258
1.042495
1.144479
1.040705
1.145089
1.060805
1.219928
0.888220
0.919440
1.010225
1.107899
0.937364
1.060313
0.890714
1.052024
1.064457
1.235788
1.099086
0.997143
0.959337
1.007181
0.918796
0.993733
1.296638
1.380524
1.101672
1.072737
1.180462
0.853090
1.126976
0.934177
0.946140
1.034678
1.044689
1.005342
1.201644
1.014378
1.082186
1.023170
0.904224
1.219524
1.130276
1.069877
1.158057
0.985541
1.068541
1.136980
1.151207
1.311835
1.328961
1.167958
1.024944
0.935861
0.905928
0.994158
1.035781
0.950806
1.117155
1.348152
1.568138
1.383195
1.264601
1.038621
1.197303
1.188695
0.975232
1.174868
1.151210
1.074543
1.123552
1.045141
1.002603
1.257751
0.883168
1.080156
1.275536
0.903097
1.081627
1.114557
1.054416
1.067971
0.998865
1.037258
1.108289
1.100668
1.157461
0.970686
0.861483
0.981150
1.079869
1.079046
1.023224
1.043428
1.055701
1.029609
1.351023
1.162052
0.910611
0.975278
1.093362
1.019570
1.274867
1.139468
0.984814
1.117107
0.876834
1.290104
0.946301
1.116255
0.930326
0.814479
1.007234
1.265298
1.227097
1.163644
1.084647
0.971525
1.005071
1.048475
1.252049
1.180282
1.195953
1.005747
1.075080
1.165005
1.124741
1.093717
1.001433
0.865063
1.043813
1.008648
1.004237
1.015858
1.095998
0.988909
1.316221
1.315710
1.193831
0.897074
1.115989
1.098415
1.331198
1.109988
1.210030
1.091706
1.054763
1.162763
0.860082
0.856287
0.871986
1.032882
0.735384
1.236491
1.114697
1.074227
1.082853
0.899203
1.046993
0.874176
1.096417
0.961580
1.102545
0.990827
0.956639
0.870026
0.990696
0.866247
1.183491
1.136658
0.980012
1.035606
1.102839
1.029760
0.860885
0.933380
1.133613
1.030373
0.988448
1.231305
1.049428
1.077084
1.164834
1.154849
1.263590
0.969189
0.988750
1.203427
1.023653
0.808377
1.433923
1.092032
0.914526
0.996388
1.104009
0.980713
1.107959
1.132115
1.308953
1.029277
0.987253
1.060956
1.166840
1.146803
1.072624
1.045328
0.976384
1.116833
1.037195
1.022471
1.023543
0.872517
0.934107
1.259903
1.135560
0.897214
0.880969
0.977485
1.219456
1.186355
1.083165
1.031407
1.054504
0.895809
1.020246
1.182439
1.029315
0.948321
1.118979
1.079576
0.927394
0.978280
1.097023
1.140980
1.211645
1.228332
1.079940
1.134502
1.446902
1.138571
0.946353
1.060199
1.211858
1.143525
1.029495
1.332415
0.980775
0.817880
0.987477
1.008152
1.352021
1.230556
1.298581
1.524510
0.951329
1.137998
1.285082
1.072366
1.012821
0.909556
0.969998
1.051227
1.103889
1.039410
1.270789
1.076253
0.982836
1.063488
0.973843
0.952302
1.365257
1.020577
0.947890
1.046493
0.985076
1.132138
1.111470
0.979747
0.906177
0.980405
1.103364
1.120657
0.876105
0.820433
1.008273
1.033110
1.158329
0.991693
0.981127
1.255775
1.176350
0.852647
1.099154
0.957169
1.040608
1.242479
1.033202
1.070735
1.094731
1.051488
1.149451
1.159442
1.060657
1.045685
0.957432
1.112497
1.046441
1.102442
0.986676
0.959847
1.012184
0.680278
1.039941
0.937428
1.164063
1.139291
1.052660
1.026182
1.153117
1.137681
1.481881
1.046977
1.304812
1.056329
1.259629
1.091711
1.001101
0.982815
0.977514
0.937152
1.119334
0.981930
1.038189
1.169810
1.191426
1.000251
0.983804
0.945420
0.960677
1.204571
1.012150
1.205212
1.105293
0.890513
1.185096
1.097589
1.194364
0.965287
1.563258
1.055001
0.950100
0.906755
0.906552
1.070767
0.898742
1.086163
1.007132
0.924122
1.024588
1.177125
1.084768
0.944718
1.141470
1.222599
0.959229
0.797868
0.959212
0.932331
0.908690
1.155101
1.015332
1.043610
0.990373
0.890181
1.150945
1.206901
1.099055
0.966132
1.241789
0.955460
0.816431
0.952033
1.322164
0.837651
1.288463
0.885601
1.018814
1.194260
1.069317
1.134758
1.402009
1.301552
1.350412
1.483075
1.154245
1.307870
0.972101
1.311956
0.866912
1.184601
0.790096
1.081875
1.097859
1.076860
0.942572
1.347387
0.964298
0.941337
1.186268
0.960802
0.911273
1.007892
1.171425
1.196092
1.181515
0.725451
1.388657
1.075369
0.970228
0.866513
1.138120
1.030318
1.090364
1.123793
1.370008
1.054220
0.968726
1.040928
0.942541
1.149789
0.774015
1.144346
1.307395
1.318452
1.102817
0.927531
0.932422
1.109796
0.962259
1.092640
1.077854
0.935984
1.105553
1.170040
0.938293
0.982263
0.917534
0.917482
0.951147
1.034325
1.114261
1.039656
0.935597
1.178327
1.019855
0.803018
1.143829
1.100269
0.966896
1.162348
0.806486
0.997874
1.097207
1.246426
1.060915
1.215221
1.204208
1.195736
1.018643
0.938707
1.271473
0.846278
1.024220
1.153646
0.997120
1.256932
1.128326
1.182479
0.981154
1.260638
0.925188
1.002724
1.050888
1.294353
1.041996
1.070245
0.898696
0.945189
0.908003
1.635957
0.865558
1.041642
1.061647
1.225470
1.057513
1.201547
0.959722
1.043026
1.057025
0.849312
1.107732
1.225002
0.957092
0.952260
1.079450
1.105599
1.006646
1.087662
1.129852
1.152215
0.939299
1.068708
0.994708
1.248570
1.042162
1.030982
1.165136
0.962963
1.210686
1.132435
1.079145
0.985415
1.149326
0.997231
1.392065
1.049368
0.802387
1.119557
0.901917
1.055954
1.085989
1.048251
1.116472
1.100694
1.203345
1.447506
0.827935
1.192267
1.039455
1.023874
1.156535
1.297569
1.090099
0.955935
1.154909
1.003782
1.109559
1.250523
1.311555
1.061418
1.032854
1.000805
1.230034
0.964467
1.201785
0.913000
0.981918
0.878817
1.233949
1.170185
1.036597
0.898928
0.935466
0.871221
0.990063
1.097105
0.856596
0.848006
0.880860
1.130108
1.349243
1.175768
1.321566
0.933520
1.086650
1.295784
1.042740
1.256938
1.012300
1.002431
0.930225
0.961806
1.189470
1.026908
1.012025
0.980255
1.027198
1.134471
1.024101
1.062509
1.039456
0.960430
1.022752
1.140176
1.091224
1.065217
1.063799
1.142323
1.104666
1.212252
0.923716
0.973022
1.209754
1.172099
0.964712
0.905385
1.053100
0.980357
1.206367
1.050532
0.968527
1.013018
1.061412
1.103883
1.124967
0.926960
0.997272
0.938713
0.963497
1.046567
0.959003
0.967508
0.837015
1.010938
1.013961
1.113446
0.877019
1.076963
1.007104
1.072825
1.109976
0.991894
1.020653
1.046495
1.250148
0.794343
1.196667
1.274750
1.019492
1.168365
0.969558
1.118721
1.119165
1.545137
1.140246
0.906281
0.974185
1.172565
0.921597
1.066527
1.160687
0.897247
0.968060
0.999647
1.246344
1.126837
1.176038
0.874486
0.995794
0.914414
0.963139
0.947582
1.234621
1.003936
1.190802
1.193795
1.130730
1.263610
0.996018
1.078504
1.052107
0.830806
1.177026
0.879150
1.187919
0.952845
0.928368
1.234735
0.978550
1.100246
1.124973
0.921387
0.910472
1.141260
1.024479
1.074022
0.944917
1.235278
1.178312
1.236765
1.253894
0.956915
1.003781
1.038123
1.015294
0.981455
0.891896
0.926309
0.904039
1.083255
1.153935
0.979256
0.856268
0.970563
0.833130
1.010285
1.077409
0.981985
1.166863
1.020442
1.068773
1.043291
1.014503
0.981986
1.158215
1.153333
0.961397
0.944614
1.275790
1.324656
1.090930
0.887200
1.246509
1.341688
1.671234
1.134295
1.010970
1.047417
0.867102
1.017194
0.999006
1.046329
1.033568
1.154546
1.025768
0.886541
0.864271
0.929840
1.123834
1.089746
0.962520
0.996373
1.055744
1.165685
1.580158
0.907616
1.076997
0.986638
1.097825
1.004369
1.081419
1.126119
1.239260
0.966434
1.141770
0.899721
0.950175
0.875520
1.106716
1.088821
1.017882
0.973525
0.982376
0.799875
1.110228
1.218937
1.051150
1.104209
1.058303
1.137755
0.890044
1.445816
1.100467
1.025716
1.323694
1.177447
0.953254
1.076565
1.342582
0.968413
1.405017
0.948476
1.163587
0.945178
0.971951
0.911847
1.275047
1.195442
1.008604
1.103023
1.006651
0.855305
0.993523
0.900552
1.121647
1.173626
1.352167
1.127002
0.872873
0.927168
0.913856
0.841561
0.944109
0.963837
1.422445
1.067879
1.314934
1.023556
1.023048
1.054371
0.864393
0.870324
1.111922
1.235144
1.186554
1.063422
0.787003
0.997860
0.920521
1.300761
0.910634
1.023219
1.055078
1.361401
1.016263
1.030919
0.864747
1.048851
0.968494
1.001258
1.055121
0.975242
1.219384
0.873124
0.794880
1.084748
1.076532
0.926846
1.135201
1.121194
1.174165
1.259280
1.163391
0.920717
1.022344
0.960300
0.969946
0.995423
1.170181
0.947835
1.098220
1.182470
0.927548
0.909346
1.079000
1.111981
1.032341
0.915845
0.846914
0.970482
1.000593
1.249912
1.297085
0.869317
1.118463
0.874994
0.810618
0.966140
0.985327
0.738090
1.124136
0.873398
1.282556
1.141004
0.787815
0.937763
1.203077
1.210041
1.137855
0.987806
0.810830
1.198033
1.296110
0.845856
1.138576
0.961504
1.139386
1.062191
1.184180
1.090064
0.945068
1.202887
1.082965
1.117184
1.064219
1.024279
1.160216
0.998346
1.145157
1.060449
1.221115
1.009344
1.071658
1.177344
1.138744
0.765562
1.117997
1.177258
1.182906
1.013337
1.063177
1.103856
0.991111
0.960911
0.950122
1.123797
0.883542
1.010450
1.216407
0.995112
0.952052
1.096750
1.013279
1.000068
0.934874
0.902080
0.961973
1.004037
1.050947
0.960641
1.050776
1.136168
0.852394
1.131679
1.120627
0.985478
0.802834
1.333912
1.168780
1.039536
1.053618
1.313200
0.911241
1.221212
1.234812
1.165385
1.272286
0.936262
0.932796
0.967237
1.063820
1.014040
1.022221
1.163661
1.268588
1.246456
1.048233
1.195078
0.983651
1.028743
1.018385
0.800001
1.034672
1.133348
1.024123
1.121250
1.075551
