2.400743
2.238476
2.137673
2.042746
2.141554
2.013081
1.989367
1.925108
1.928824
1.992747
1.931365
1.859429
1.724480
1.875669
1.960108
1.757780
1.953425
1.764076
1.698119
1.825599
1.793709
1.760298
1.838406
1.694952
1.691356
1.841564
1.746617
1.567141
1.643538
1.678056
1.691552
1.774909
1.699878
1.516987
1.698965
1.758125
1.726661
1.752963
1.576717
1.580966
1.633023
1.728679
1.597895
1.632371
1.669180
1.536583
1.766114
1.825988
1.552823
1.567092
1.646343
1.649888
1.359842
1.672328
1.722570
1.381229
1.643972
1.641785
1.847581
1.875452
1.649744
1.424719
1.608627
1.648321
1.588449
1.518157
1.536567
1.633782
1.649042
1.860149
1.660949
1.660512
1.591200
1.638299
1.501035
1.631171
1.521932
1.496207
1.549098
1.486797
1.657048
1.681058
1.494015
1.227777
1.577475
1.562322
1.651315
1.597388
1.609743
1.569824
1.575819
1.570331
1.634920
1.658992
1.799371
1.605508
1.535817
1.431669
1.574034
1.595639
1.678618
1.411331
1.760407
1.634653
1.507968
1.512773
1.417057
1.567280
1.475328
1.432699
1.445463
1.554802
1.367836
1.570940
1.731158
1.513519
1.520715
1.555470
1.541173
1.726130
1.340469
1.556341
1.521510
1.447732
1.365424
1.918137
1.555238
1.576084
1.358091
1.587123
1.572941
1.687746
1.587729
1.529160
1.477082
1.364349
1.719524
1.593264
1.451382
1.515976
1.437181
1.529511
1.476766
1.526480
1.347609
1.377184
1.587065
1.502015
1.897842
1.487146
1.506135
1.535220
1.517648
1.747160
1.598915
1.411341
1.418859
1.447864
1.561647
1.527153
1.502140
1.681378
1.564103
1.397782
1.432867
1.397094
1.577939
1.442456
1.479059
1.570048
1.718762
1.419572
1.487993
1.544780
1.382402
1.468248
1.482900
1.587991
1.400715
1.309258
1.567822
1.410180
1.361950
1.226812
1.532486
1.444760
1.398602
1.624785
1.577989
1.838466
1.484576
1.636656
1.459605
1.264361
1.431303
1.422874
1.574513
1.563812
1.479326
1.518687
1.607860
1.499491
1.452514
1.756440
1.273864
1.522936
1.345927
1.484799
1.614053
1.222500
1.347532
1.697217
1.355519
1.604897
1.434674
1.317124
1.443816
1.401140
1.450633
1.510767
1.428211
1.609765
1.233772
1.434403
1.509404
1.629554
1.425563
1.460734
1.569171
1.492493
1.485925
1.426063
1.590687
1.504402
1.571221
1.318700
1.361708
1.633405
1.521736
1.374871
1.407815
1.471937
1.453596
1.413538
1.733802
1.250456
1.483554
1.626934
1.409730
1.587707
1.367229
1.475948
1.505927
1.384495
1.453492
1.263160
1.460382
1.357027
1.381773
1.513102
1.378006
1.432021
1.196867
1.382914
1.500342
1.584521
1.370911
1.615409
1.485152
1.430498
1.572529
1.663158
1.406591
1.763628
1.558514
1.285556
1.380873
1.454455
1.385673
1.528207
1.304429
1.578138
1.302332
1.499535
1.453117
1.286458
1.557734
1.707550
1.550413
1.455150
1.305884
1.345572
1.421256
1.371302
1.486698
1.346154
1.458334
1.440586
1.538556
1.467577
1.698663
1.368917
1.288036
1.355422
1.323572
1.424583
1.467146
1.449917
1.368309
1.604696
1.847797
1.503852
1.504180
1.682459
1.456670
1.430915
1.489938
1.513878
1.400599
1.526867
1.186672
1.485213
1.533510
1.520495
1.490281
1.406134
1.278589
1.426038
1.492311
1.462328
1.400565
1.398676
1.323543
1.343190
1.355709
1.200779
1.550522
1.521728
1.459262
1.363347
1.336827
1.388445
1.226152
1.575487
1.495805
1.318521
1.425317
1.612491
1.441399
1.472698
1.460035
1.279091
1.332409
1.488825
1.229791
1.468413
1.163286
1.432483
1.455878
1.391468
1.356138
1.424784
1.588983
1.300146
1.568120
1.397425
1.377489
1.496978
1.608418
1.561731
1.470602
1.256745
1.311571
1.545527
1.435720
1.466485
1.161113
1.360622
1.583195
1.387859
1.596491
1.462865
1.530202
1.404195
1.468518
1.341785
1.327626
1.446003
1.393930
1.297453
1.285882
1.453078
1.356953
1.503332
1.194716
1.346763
1.552218
1.497781
1.337081
1.200895
1.533260
1.324940
1.394843
1.497510
1.497211
1.254164
1.531604
1.524232
1.446975
1.393900
1.491824
1.226478
1.279251
1.401066
1.601559
1.428797
1.297629
1.191421
1.182630
1.344276
1.370811
1.277966
1.490330
1.235119
1.507261
1.393256
1.542485
1.450194
1.408005
1.554838
1.230286
1.361316
1.349003
1.352112
1.390972
1.412735
1.318786
1.419512
1.283667
1.404720
1.295152
1.592060
1.424598
1.603502
1.421463
1.514983
1.484641
1.374622
1.406597
1.491530
1.384906
1.131793
1.525499
1.399183
1.038374
1.407178
1.338240
1.243441
1.347346
1.295464
1.571207
1.212685
1.236181
1.361171
1.322711
1.408669
1.263990
1.255265
1.180971
1.295205
1.436784
1.593503
1.583554
1.623052
1.548159
1.192973
1.227978
1.573016
1.524140
1.472949
1.380915
1.547405
1.440618
1.283847
1.366129
1.302124
1.523173
1.325712
1.305647
1.292739
1.493321
1.632634
1.223371
1.266137
1.427783
1.369222
1.221671
1.549785
1.403808
1.267669
1.606954
1.419282
1.393560
1.954255
1.312213
1.373928
1.516356
1.317372
1.782347
1.337457
1.459269
1.255987
1.471367
1.398228
1.479526
1.325054
1.163070
1.367579
1.327190
1.446159
1.368725
1.313617
1.242144
1.455102
1.372520
1.542484
1.265607
1.332388
1.263636
1.247966
1.452354
1.339771
1.487853
1.417129
1.213630
1.593863
1.530645
1.262734
1.435620
1.372789
1.366758
1.336965
1.558659
1.340825
1.501378
1.514317
1.333482
1.322695
1.378718
1.396405
1.321661
1.534218
1.267920
1.471145
1.252396
1.524257
1.413959
1.414385
1.506218
1.174030
1.197407
1.342353
1.471029
1.379578
1.256011
1.502946
1.500183
1.237360
1.265416
1.428821
1.321509
1.407228
1.209314
1.474850
1.283055
1.396909
1.500304
1.427584
1.293287
1.523724
1.312843
1.461239
1.684745
1.215833
1.446126
1.524283
1.203726
1.719843
1.373601
1.290539
1.408123
1.374282
1.417522
1.194882
1.296109
1.266062
1.404633
1.370255
1.253612
1.440481
1.399410
1.179242
1.497688
1.574464
1.198563
1.258620
1.544228
1.487232
1.422148
1.324455
1.163770
1.350000
1.295360
1.260301
1.248142
1.225659
1.534069
1.052710
1.611596
1.355867
1.412141
1.310606
1.352733
1.396868
1.398166
1.416296
1.657503
1.410380
1.526266
1.363870
1.627773
1.321222
1.306897
1.228267
1.451694
1.541334
1.422467
1.156938
1.351814
1.355060
1.514172
1.361779
1.400789
1.416922
1.427389
1.158834
1.273906
1.293930
1.255567
1.381767
1.324418
1.439093
1.623668
1.487989
1.301669
1.538724
1.425710
1.143821
1.143772
1.342465
1.184633
1.228245
1.225007
1.411820
1.356225
1.123858
1.362221
1.429270
1.382480
1.471599
1.324286
1.344753
1.171416
1.620648
1.146466
1.564362
1.307432
1.469770
1.467251
1.108010
1.436283
1.296452
1.278580
1.171170
1.223150
1.609226
1.518086
1.294354
1.206078
1.420512
1.214056
1.194613
1.514910
1.351982
1.671663
1.364333
1.405339
1.358828
1.435425
1.354561
1.257216
1.225414
1.491036
1.296096
1.629155
1.206290
1.360145
1.442248
1.418381
1.389688
1.429228
1.203595
1.326181
1.197497
1.366891
1.611269
1.516195
1.506701
1.445846
1.356620
1.389416
1.281765
1.374192
1.458221
1.373449
1.619159
1.495292
1.193426
1.138797
1.113708
1.402369
1.175374
1.438432
1.317301
1.505641
1.328892
1.178139
1.290871
1.323412
1.534096
1.332025
1.288104
1.215917
1.321943
1.364455
1.336536
1.447766
1.084669
1.379760
1.259676
1.332227
1.284933
1.258368
1.145156
1.255841
1.080344
1.426953
1.402923
1.368215
1.466373
1.293191
1.221787
1.108055
1.387133
1.318872
1.264382
1.388169
1.211787
1.581198
1.393558
1.195545
1.364155
1.301614
1.453196
1.595954
1.307310
1.376447
1.271915
1.187365
1.638722
1.349671
1.303752
1.302500
1.164532
1.265144
1.349183
1.239039
1.319697
1.289554
1.426010
1.293626
1.351487
1.224868
1.262693
1.386996
1.453475
1.399309
0.912366
1.361807
1.486227
1.672179
1.115966
1.427471
1.242743
1.458518
1.321151
1.427165
1.366267
1.138966
1.402631
1.127927
1.304626
1.392202
1.307715
1.234903
1.306917
1.384059
1.234992
1.457635
1.342317
1.284446
1.387040
1.423819
1.259861
1.264209
1.303458
1.279652
1.276217
1.231845
1.479722
1.294805
1.429265
1.215513
1.318340
1.343373
1.433153
1.382362
1.412575
1.303906
1.686803
1.364320
1.227858
1.378309
1.338148
1.401288
1.168619
1.339390
1.395939
1.414250
1.296507
1.525267
1.320993
1.318771
1.101966
1.349670
1.688125
1.205373
1.087088
1.291595
1.363349
1.224042
1.334602
1.491207
1.435987
1.266880
1.405344
1.330714
1.578974
1.174697
1.441434
1.623094
1.310742
1.334021
1.278992
1.251127
1.283911
1.218321
1.290295
1.149012
1.295521
1.300733
1.530742
1.309768
1.173287
1.312669
1.206718
1.636140
1.421983
1.302422
1.265105
1.404269
1.253320
1.462727
1.198845
1.247222
1.313221
1.310960
1.304067
1.309349
1.322012
1.216926
1.313270
1.208817
1.315925
1.463303
1.266775
1.187506
1.271158
1.269946
1.511317
1.481546
1.280247
1.283750
1.244519
1.234717
1.243428
1.517044
1.222469
1.529766
1.229773
1.424997
1.335598
1.370381
1.450748
1.285317
1.310961
1.213604
1.143957
1.256422
1.395254
1.247462
1.582689
1.540985
1.334634
1.361838
1.585510
1.635768
1.341244
1.327286
1.258136
1.406022
1.489698
1.174419
1.171743
1.332127
1.463519
1.271289
1.249294
1.464741
1.365885
1.434923
1.192612
1.416337
1.114678
1.363715
1.161535
1.138490
1.261736
1.209945
1.228102
1.227141
1.372197
1.308641
1.549052
1.200521
1.537776
1.223418
1.408377
1.210546
1.295899
1.264152
1.470830
1.138726
1.247077
1.210486
1.381395
1.264694
1.180645
1.389837
1.524145
1.184653
1.304297
1.165762
1.312230
1.316284
1.229113
1.259430
1.344869
1.459853
1.340290
1.369687
1.499903
1.543151
1.359284
1.302132
1.191009
1.211689
1.468583
1.350722
1.204005
1.294501
1.266162
1.222504
1.227993
1.370906
1.315337
1.434875
1.686196
1.232783
1.470419
1.201211
1.351833
1.125298
1.263607
1.313387
1.301792
1.244895
1.298661
1.515795
1.236556
1.428324
1.435265
1.320601
1.253309
1.494129
1.380347
1.250336
1.290511
1.378021
1.392264
1.090667
1.311199
1.106072
1.170554
1.323229
1.223842
1.523413
1.426836
1.156234
1.250065
1.322883
1.265446
1.251679
1.415175
1.414492
1.414086
1.233476
1.301955
1.357441
2.152777
1.425563
1.381921
1.416686
1.267155
1.332613
1.359683
1.210479
1.407012
1.384657
1.215163
1.379626
1.291896
1.150701
1.126539
1.253290
1.368315
1.493997
1.270445
1.323056
1.312581
1.453195
1.322165
1.411652
1.264847
1.456526
1.216999
1.411606
1.266286
1.375649
1.353657
1.049659
1.277344
1.254817
1.251393
1.480551
1.523088
1.413789
1.176272
1.228717
1.318429
1.212631
1.462126
1.329038
1.165252
1.428811
1.446502
1.121020
1.248686
1.413134
1.143384
1.324381
1.193277
1.292295
1.240520
1.236033
1.618943
1.388753
1.354142
1.209281
1.544783
1.422672
1.397901
1.378992
1.215191
1.312135
1.186947
1.157627
1.167809
1.411360
1.454948
1.304214
1.335188
1.516323
1.311355
1.233195
1.296367
1.177430
1.371213
1.315590
1.127103
1.339889
1.482787
1.469130
1.644313
1.334950
1.613225
1.203246
1.183597
1.321723
1.247067
1.234072
1.582738
1.195814
1.071828
1.221132
1.311308
1.301700
1.380099
1.189301
1.272019
1.368039
1.402042
1.273680
1.500306
1.241666
1.401594
1.200764
1.320249
1.232947
1.317126
1.345324
1.375387
1.306769
1.517600
1.114515
1.326009
1.323814
1.154528
1.118194
1.222384
1.380548
1.382830
1.514268
1.327267
1.265615
1.362329
1.524432
1.386998
1.286585
1.349111
1.234572
1.269306
1.188457
1.407712
1.231655
1.462018
1.401328
1.317911
1.194966
1.524218
1.378916
1.430786
1.234366
1.325414
1.285599
1.327441
1.084346
1.249603
1.358486
1.392363
1.343418
1.199019
1.278155
1.116282
1.297951
1.217921
1.166537
1.429620
1.175873
1.198436
1.223938
1.461641
1.113740
1.296227
1.049316
1.478616
1.282942
1.088869
1.053288
1.268123
1.061208
1.215744
1.210032
1.102645
1.404954
1.207717
1.251229
1.204572
1.423452
1.148997
1.294927
1.258072
1.221203
1.170604
1.486132
1.245009
1.238273
1.244683
1.056039
1.229498
1.426317
1.443876
1.411263
1.255800
1.315273
1.329438
1.348131
1.182925
1.360345
1.124208
1.257191
1.325004
1.274017
1.261725
1.278825
1.165172
1.207350
1.578309
1.370895
1.191598
1.223775
1.178015
1.293826
1.444859
1.164639
1.144573
1.381337
1.364636
1.218890
1.260717
1.439048
1.263712
1.322756
1.454711
1.466055
1.347086
1.106144
1.278445
1.200988
1.297642
1.383198
1.427007
1.303117
1.199499
1.234280
1.353076
1.307615
1.386271
1.322339
1.245716
1.246781
1.432486
1.357887
1.224077
1.292942
1.193338
1.507077
1.393396
1.079606
1.281722
1.374915
1.529596
1.283001
1.413214
1.113955
1.436420
1.211251
1.444667
1.144076
1.261338
1.379168
1.589501
1.447593
1.257425
1.199295
1.225930
1.289592
1.301229
1.100755
1.407394
1.361014
1.331185
1.209095
1.249857
1.147357
1.299594
1.482776
1.227521
1.205542
1.203665
1.276996
1.214095
1.293971
1.374097
1.257584
1.160378
1.568882
1.337965
1.362747
1.355618
1.265794
1.248680
1.223271
1.320761
1.355739
1.231706
1.243560
1.240178
1.051608
1.400124
1.434832
1.243756
1.159136
1.424840
1.343641
1.363992
1.126595
1.501558
1.099127
1.174427
1.445358
1.138420
1.382100
1.179557
1.152751
1.167444
1.329476
1.329212
1.356177
1.333451
1.237129
1.245038
1.401304
1.190094
1.390596
1.330423
1.373915
1.405047
1.340131
1.252463
1.315340
1.196986
1.342848
1.314958
1.173478
1.660626
1.557237
1.352116
1.186937
1.325117
1.324427
1.212662
1.463334
1.489314
1.372877
1.315269
1.287049
1.418998
1.223589
1.350094
1.264146
1.462779
1.370489
1.130209
1.570211
1.415984
1.285031
1.255141
1.141617
1.174472
1.143001
1.259729
1.320285
1.007145
1.453900
1.428581
1.410601
1.434340
1.271677
1.439262
1.188781
1.123457
1.367941
1.275643
1.286205
1.340560
0.997310
1.168854
1.328338
1.179932
1.176146
1.220682
1.252075
1.049818
1.285550
1.159724
1.686898
1.360210
1.382007
1.200346
1.135124
1.139446
1.383180
1.253529
1.541047
1.193642
1.223418
1.169750
1.328331
1.226577
1.207669
1.276472
1.315407
1.538182
1.175677
1.151769
1.368608
1.129160
1.732619
1.273639
1.281591
1.398100
1.172202
1.147666
1.365803
1.228537
1.327127
1.473090
1.179356
1.888029
1.212706
1.229559
1.104323
1.125219
1.250934
1.191364
1.267695
1.341080
1.056509
1.253019
1.320137
1.336522
1.292256
1.513512
1.093521
1.020259
1.313926
1.262485
1.489754
1.468957
1.332598
1.290982
1.312056
1.073291
1.317683
1.207032
1.118523
1.483146
1.244154
1.509230
1.342901
1.263816
1.213397
0.994617
1.358849
1.295315
1.164928
1.325503
1.241574
1.390544
1.376580
1.178087
1.317390
1.265681
1.446611
1.296995
1.546405
1.511980
1.032935
1.144092
1.626409
1.233540
1.257796
1.196893
1.244382
1.443146
1.273676
1.174967
1.217461
1.038402
1.307712
1.262066
1.521930
1.097748
1.301075
1.376242
1.314694
1.434115
1.176607
1.194113
1.355699
1.378952
1.342348
1.547621
1.448717
1.243922
1.108742
1.055533
1.439856
1.251490
1.080005
1.131234
1.251813
1.619766
1.330672
1.140471
1.662016
1.278884
1.336394
1.151054
1.205855
1.346271
1.247981
1.357575
1.151603
1.307469
1.274181
1.234546
1.195501
1.274527
1.305437
1.037764
1.225692
1.293093
1.298019
1.137450
1.757160
1.419175
1.162914
1.471851
1.216339
1.345474
1.317132
1.223527
1.340017
1.299963
1.217666
1.116914
1.134245
1.212402
1.243420
1.241620
1.168968
1.410334
1.213801
1.665065
1.246872
1.346442
1.341699
1.358536
1.220392
1.343057
1.393814
1.374634
1.028349
1.151850
1.298744
1.316051
1.238857
1.297849
1.535803
1.336767
1.214228
1.230267
1.032522
1.336473
1.203471
1.186988
1.282018
1.141350
1.390195
1.251073
1.354133
1.165910
1.398420
1.163689
1.153662
1.551302
1.447884
1.259603
1.400292
1.434194
1.257751
1.211727
1.227181
1.119648
1.282550
1.419833
1.179197
1.094602
1.294235
1.301862
1.319260
1.207245
1.279311
1.303558
1.077127
1.192573
1.015625
1.381901
1.230666
1.157885
1.219032
1.402631
1.140968
1.085153
1.376680
1.236968
1.344741
1.518550
1.171957
1.072631
1.182712
1.174754
1.320755
1.326877
1.290854
1.155354
1.324111
1.234927
1.272147
1.127786
1.267137
1.203769
1.497062
1.334116
1.208393
1.338294
1.318679
1.738473
1.184035
1.434118
1.100812
1.144819
1.426814
1.171191
1.074892
1.358522
1.418907
1.415694
1.051418
1.066616
1.392542
1.140444
1.373457
1.320726
1.333890
1.252331
1.274792
1.132236
1.194586
1.202948
1.254662
1.248150
1.451368
1.274537
1.077148
1.291878
1.237445
1.251987
1.151836
1.242161
1.138262
1.385883
1.228313
1.205639
1.269365
1.529536
1.529202
1.243572
1.230227
1.690742
1.312503
1.105914
1.137224
1.335821
1.126705
1.159999
1.015712
1.119102
1.342022
1.277527
1.301284
1.379525
1.146357
1.529984
1.358544
1.654883
1.385358
1.308079
1.315033
1.290225
1.407106
1.162923
1.219750
1.160782
1.296860
1.344449
1.029004
1.418610
1.291949
1.212128
1.093039
1.180761
1.437199
1.277511
1.265216
1.165858
1.267322
1.160488
1.234567
1.068241
1.358520
1.109000
1.293279
1.242524
1.353550
1.329442
1.410050
1.282544
1.091364
1.319072
1.269332
1.312264
1.219964
1.182535
1.219499
1.373639
1.222733
1.332852
1.255609
1.419339
1.205942
1.218011
1.450131
1.310711
1.247740
1.252486
1.098197
1.188165
1.255920
1.052717
1.186724
1.302933
1.287930
1.362727
1.230657
1.158395
1.219707
1.229868
1.272827
1.382981
1.197420
1.277738
0.969174
0.939069
1.363884
1.128894
1.243805
1.323493
1.444702
1.399142
0.986147
1.105635
1.173645
1.204491
1.130639
1.196785
1.374235
1.432922
1.161373
1.237685
1.139982
1.392283
1.387180
1.350720
1.388953
1.432855
1.341648
1.391684
1.237893
1.191477
1.212575
1.130960
1.111333
1.322334
1.426058
1.143793
1.280050
1.350832
1.160117
1.231758
1.207653
1.441234
1.622158
1.307491
1.256531
1.206715
1.307008
1.261404
1.044460
1.058786
1.169231
1.443042
1.093457
1.491169
1.231287
1.207130
1.099056
1.380852
1.470265
1.204051
1.408156
1.482312
1.177526
1.237031
1.252617
1.195109
1.269241
1.287761
1.141582
1.335273
1.041583
1.090570
1.424634
1.360715
1.190047
1.321798
1.254318
1.116149
1.194621
1.670744
1.278981
1.165988
1.190198
1.277105
1.174284
1.276284
1.442165
1.542880
1.083118
1.368999
1.276419
1.139860
1.333836
1.104505
1.202889
1.261960
1.043992
1.225767
1.318444
1.213746
1.203217
1.259786
1.289394
1.391660
1.464299
1.372405
1.115906
1.260401
1.414879
1.347496
1.339205
1.165051
1.028609
1.136434
1.155386
1.196135
1.220152
1.488225
1.299003
1.166115
1.241888
1.094115
1.256824
1.351798
1.289934
1.172063
1.302097
1.688066
1.312856
1.494266
1.388831
1.193521
1.438247
1.202323
0.990824
1.066415
1.373679
0.923038
1.110205
1.418167
1.324813
1.404012
1.199105
1.396162
1.203043
1.240435
1.289448
1.122125
1.223880
1.166198
1.249900
1.070867
1.273013
1.237138
1.059774
1.258629
1.501057
1.384765
1.471934
1.247471
1.132904
1.101818
1.267244
1.078022
1.406714
1.158888
1.170858
1.364016
1.296999
1.273352
1.336345
1.423252
1.462887
1.253617
1.243208
1.082373
1.063000
1.475212
1.242518
1.138302
1.124480
1.050062
1.229219
1.190275
1.289986
1.536501
1.387188
1.481630
1.131591
1.089003
1.484687
1.453874
1.241066
1.232507
1.379712
1.468486
1.156100
1.186733
1.323947
1.184956
1.140912
1.177259
1.363420
1.196599
1.355131
1.172947
1.187647
1.628567
1.276069
1.167889
1.097773
1.118125
1.438038
1.802888
1.213189
1.268087
1.275938
1.340446
1.241900
1.099946
1.241543
1.164544
1.320688
1.339021
1.209936
1.250546
1.372175
1.136248
1.384917
1.336138
1.064247
1.077017
1.188687
0.963534
1.321242
1.394183
1.279370
1.350890
1.326545
1.059670
1.290938
1.524465
1.144348
1.190052
1.442326
1.362735
1.273833
1.287478
1.406662
1.307113
1.229410
1.104192
1.222331
1.282220
1.339578
1.832620
1.157162
1.373459
1.185121
1.070284
1.240275
1.158303
1.180043
1.153244
1.285628
1.161702
1.399582
1.381323
1.255418
1.421575
1.334217
1.191420
1.244514
1.101236
1.320920
1.299846
1.379684
1.343414
1.338731
1.286573
1.201329
1.128168
1.245644
1.210173
1.259882
1.387164
1.524360
1.214664
1.142079
1.248720
1.472064
1.309890
0.949578
1.272300
1.413446
0.998080
1.170589
1.482319
1.171776
1.088624
1.166555
1.306421
1.097892
1.238860
1.146819
1.395329
1.061793
1.416180
1.342944
1.244572
1.097068
1.220680
1.284266
1.247855
1.299722
1.196284
1.279567
1.417087
1.358677
1.209134
1.183718
0.983193
1.096465
1.221253
1.257512
1.341011
1.416264
1.229343
1.453213
1.271645
1.440296
1.376111
1.422302
1.398726
1.340906
1.219222
1.101824
1.264945
1.374907
1.364678
1.144210
1.226776
1.251966
1.146229
1.330868
1.200898
1.326089
1.261885
1.173099
1.258065
1.372220
1.375075
1.232842
1.293360
1.156605
1.323849
1.365062
1.309005
1.298137
1.350060
1.099217
1.336221
1.325835
1.524264
1.378403
1.266754
1.358066
1.248376
1.348059
1.333049
1.121458
1.263843
1.238142
1.355330
1.109664
1.190065
1.035669
1.447590
1.214907
1.068844
1.254885
1.134624
1.127092
1.347152
1.258635
1.147785
1.043634
1.231870
1.300651
1.398404
1.375036
1.323304
1.088498
1.207973
1.189950
1.043718
1.157205
1.406255
1.489606
1.238966
1.360561
1.123801
1.310922
1.131674
1.351997
1.103796
1.096533
1.265781
1.235639
1.400107
1.083653
1.189357
1.371372
1.284540
1.307897
1.291767
1.222184
1.367978
1.090395
1.164376
1.410019
1.336660
1.121760
1.587958
1.187716
1.293762
1.205478
1.278042
1.073409
1.074140
1.175752
1.385003
1.215374
1.021113
1.015651
1.219480
1.461596
1.328407
1.247700
1.423979
1.223891
1.237039
1.259874
1.155380
1.372580
1.407915
1.304238
1.566336
1.218428
1.193902
1.198752
1.150116
1.078676
1.323881
1.342639
1.170905
1.222003
1.112771
1.249806
1.253876
1.202098
1.033645
1.331151
1.610452
1.282292
1.353010
1.177353
1.292519
1.377238
1.363818
1.265595
1.150945
1.396804
1.314261
1.261580
1.189060
1.258324
1.200151
1.224983
1.367512
1.091750
1.076375
1.285155
1.208565
1.127846
1.224585
1.494535
1.287364
1.154485
1.262148
1.126702
1.272241
1.297314
1.178244
1.411537
1.104443
1.398439
1.447225
1.158127
1.244557
1.243495
1.358112
1.284056
1.037822
1.249379
1.368394
1.206580
1.998131
1.229018
1.404215
1.232131
1.229459
1.220664
1.169403
1.255807
1.396404
1.154366
1.130457
1.063111
1.635525
1.313731
1.246439
1.068360
1.169234
1.233428
1.121629
1.216769
1.125950
1.417768
1.367941
1.055654
1.323019
1.341366
1.343993
1.132914
1.347281
1.337408
1.131254
1.201910
1.249049
1.187129
1.271076
1.311543
1.188032
1.209064
1.051781
1.150446
1.380479
1.324578
1.222190
1.337869
1.401325
1.185413
1.395147
1.285624
1.248078
1.217018
1.427355
1.327507
1.057583
1.268256
1.306392
1.040874
1.063577
1.067102
1.147996
1.386180
1.367378
1.069053
1.055367
1.343717
1.614035
1.275011
1.325063
1.177417
1.222062
1.330148
1.216359
1.304551
1.296387
1.275625
1.060723
1.090952
1.289379
1.199207
1.175816
1.103582
1.421226
1.229781
1.324580
1.250250
1.648878
1.514752
1.114912
1.230617
1.197374
0.986433
1.234487
0.999982
1.246035
1.168106
1.447815
1.418137
1.444041
1.259774
1.471861
1.273781
1.210657
1.451550
1.186129
1.080906
1.408569
1.369130
1.398458
1.113685
1.147631
1.410023
0.991277
1.217201
1.240687
1.190822
1.098697
1.476539
1.140053
1.364124
1.486781
1.218319
0.992186
1.075719
1.221219
1.344034
1.344653
1.206241
1.492773
1.296815
1.253419
1.290871
1.395083
1.530845
1.282854
1.440077
1.088276
1.356198
1.089300
1.099553
1.281525
1.491133
1.392992
1.322495
1.311446
1.120505
1.235687
1.312396
1.375620
1.061525
1.515410
1.198620
1.025520
1.205540
1.210333
1.257544
1.365287
1.218929
1.371091
1.048131
1.434191
1.137787
1.160430
0.950449
1.448769
1.286032
1.196220
1.092530
1.239868
1.181735
0.641546
1.186494
1.085135
1.222578
0.963444
1.175091
1.118247
1.293585
1.356712
1.311645
1.331179
1.124098
1.254828
1.072322
1.219315
1.363383
1.225148
1.314778
1.322049
1.281650
1.253853
1.229345
1.367112
1.221432
1.189611
1.247999
1.350612
1.188143
1.223505
1.415148
1.044940
1.327514
1.270233
1.210012
0.988137
1.354113
1.064437
1.190798
1.296156
1.303280
1.169642
1.328074
1.354805
1.385943
1.234446
1.268649
1.081940
1.444165
1.327306
1.281347
1.300432
1.242407
1.072295
1.323014
1.176438
1.266527
1.199222
1.248362
1.421001
1.196636
1.187325
1.223917
1.062295
1.240469
1.342103
1.219902
1.290684
1.266676
1.182817
1.073892
1.394416
1.424580
1.439640
1.260851
1.266372
1.123356
1.436548
1.007622
1.196906
1.347168
1.397245
1.232924
1.069041
1.312925
1.573505
1.344257
1.361620
1.054608
1.380024
1.203557
1.160046
1.271566
1.123006
1.329788
1.474698
1.249232
1.351956
1.249110
1.318076
1.373933
0.888256
1.295660
1.249044
1.283618
1.195483
1.119632
1.339227
1.035986
1.106617
1.305139
1.201811
1.161728
1.071832
1.199747
1.243389
1.375018
1.438361
1.193730
1.152137
1.219417
1.376686
1.077340
1.345555
1.159296
1.468554
0.966893
1.083282
1.189655
1.382370
1.275522
1.177321
1.401594
1.360889
1.192799
1.258675
1.192617
1.259396
1.195436
1.092597
1.181655
1.312175
1.196820
1.067522
1.286232
1.206991
1.086408
1.205813
1.081368
1.176969
1.376334
1.294125
1.222967
1.351835
1.286300
1.319549
1.071076
1.499872
1.006412
1.295057
1.496593
1.149263
1.072851
1.218865
1.154668
1.194592
1.450441
1.412516
1.299278
1.457888
1.019250
1.144127
1.026423
1.072366
1.113601
1.364651
1.207296
1.330256
1.207648
1.233249
1.111025
1.400695
1.252078
0.891683
1.254953
1.058941
1.242302
1.330869
1.193138
1.207090
1.502168
1.437876
0.906163
1.123110
1.019402
1.256279
1.403749
1.399663
1.257161
1.355484
1.150387
1.272815
1.297885
1.377556
1.453956
1.316412
1.392710
1.348992
1.207503
1.177437
1.219951
1.308909
1.093452
1.114248
1.149666
1.396066
1.262719
0.913194
1.346811
1.195709
1.316220
1.155255
1.283623
1.075550
1.258909
1.306856
1.360130
1.158078
1.151081
1.276170
1.308541
1.120404
1.221566
1.456306
1.077624
1.273770
1.323231
1.160835
1.320700
1.281392
1.240196
1.201662
1.398323
1.221830
1.269977
1.251646
1.257947
1.183033
1.371633
1.104681
1.275075
1.250625
1.115648
1.393787
1.223956
1.120579
1.099743
1.065559
1.248400
1.261851
1.359396
1.139073
0.983028
1.077033
1.176636
1.584729
1.152968
1.298016
1.343636
1.217669
1.309762
1.111266
1.049109
1.324262
0.954180
1.310751
1.204765
1.366696
1.435272
1.239618
1.002190
1.358148
1.315104
1.218103
1.356822
1.261530
1.059886
1.236149
1.428773
1.258062
1.153119
1.268268
1.182313
1.263012
1.384749
0.946954
1.293586
1.145706
1.544739
1.340562
1.319487
1.036342
1.097906
1.221126
1.355663
1.132781
1.159529
1.353194
1.352417
1.429755
1.013215
1.144454
0.942445
1.183102
1.281458
1.081792
1.311034
1.340968
1.266798
1.189252
0.927526
1.113641
1.177274
1.163661
1.235458
1.268140
1.244735
1.201645
1.458981
1.217998
1.312744
1.230667
1.145907
1.220657
1.388485
1.119664
1.134941
1.690383
1.182749
1.332592
1.330435
1.136942
1.301967
1.350400
1.432079
1.353741
1.249279
1.332244
1.078173
1.428577
1.040456
1.178401
1.246331
1.306358
1.148401
1.191474
1.192513
1.423205
1.307909
1.047131
1.387284
1.127819
1.140638
1.099416
1.285273
1.394712
1.423280
1.063296
1.105161
1.326634
1.224544
1.285049
1.360618
1.108614
1.331014
1.026026
1.176237
1.226598
0.924327
1.413738
1.159189
1.295021
1.160485
1.274527
1.240787
1.400458
1.372721
1.171805
1.401718
1.202661
1.021554
1.169927
1.259026
1.305480
1.280576
1.239112
1.222079
1.132341
1.205923
1.340894
1.190970
1.088077
1.323543
1.248612
1.215834
1.216156
1.183342
1.093529
1.185945
1.131443
1.256432
1.265702
1.239578
1.268212
1.151302
1.365248
1.142767
1.220814
1.121315
1.314043
1.326335
2.236661
1.350146
1.151658
1.065555
1.409262
0.965242
1.186741
1.217301
1.215653
1.239538
1.396164
1.460646
1.163612
1.535663
1.200476
1.111594
1.149952
1.126878
1.197398
1.293325
1.271578
1.280157
1.319196
1.208246
1.172304
1.057034
1.192045
1.150074
1.254135
1.169010
1.180573
1.040435
1.050603
1.296966
1.225998
1.273497
1.085742
1.143956
1.070482
1.235836
1.506366
1.236631
1.029606
1.149319
1.087671
1.211957
1.370673
1.109177
1.222489
1.389756
1.230105
1.010801
1.242026
1.283922
0.907455
1.293709
1.114318
1.221500
1.505966
1.356000
1.275860
1.134188
1.107254
1.179934
1.125407
1.453445
1.261775
1.246323
1.164627
1.386181
1.104176
1.304959
1.019070
1.485989
1.394540
1.323596
1.154800
1.068609
1.243351
1.068418
1.299987
1.282308
1.368907
1.150334
1.353791
1.250357
1.008886
1.284262
1.168426
1.177773
1.259194
1.353740
1.343729
1.387450
1.254367
1.360016
1.303929
1.159260
1.279829
1.208895
1.130771
1.306182
1.277258
1.056388
1.315903
1.346748
1.246744
1.109080
1.113890
1.236444
1.301517
1.077510
1.217103
1.294652
1.256402
1.276147
1.399893
1.356852
1.303393
1.222064
1.282681
1.107641
1.251066
0.998720
1.282068
1.169046
1.548257
1.073104
1.149160
1.350093
1.300220
1.274826
0.993449
1.081629
1.099508
1.154496
1.306307
1.073752
1.392839
1.445014
1.203951
1.220375
1.048969
1.300435
1.290976
1.350882
1.169575
1.200093
1.205498
1.364893
0.916992
1.484326
1.352910
1.493585
1.387681
1.235422
1.349747
1.050750
1.019436
1.286980
1.168560
1.137712
1.587696
1.155070
1.094523
1.580784
1.128022
1.196014
1.138695
1.314801
1.173192
1.315580
1.302566
1.131214
1.138728
1.271048
1.358756
1.184189
1.212948
1.119462
1.357982
1.041984
1.169714
1.171778
1.271511
1.348328
1.310272
1.196465
1.256292
1.144699
1.099598
1.207523
1.117670
1.266841
1.130441
1.548790
1.330469
1.135429
1.281310
1.150678
1.386611
1.059639
1.387447
1.079931
1.340295
1.250506
0.911760
1.152221
1.060533
1.296565
1.791176
1.208854
1.186662
1.166057
1.331612
1.280360
1.208035
1.156960
1.184990
1.161942
1.329795
1.294462
1.309447
1.239589
1.309162
1.191508
1.245837
1.260764
1.078761
1.145459
1.049326
1.236936
1.175473
1.636674
1.072820
1.189286
1.201181
1.188810
1.101234
1.125206
1.132087
1.145481
1.187549
1.355377
1.300007
1.116053
1.174141
1.371908
1.146306
1.317074
1.281942
1.282030
1.494245
1.089046
1.325190
1.199436
1.476437
1.211777
1.372141
1.328735
1.290699
1.202335
1.536693
1.136040
0.960298
1.142972
1.158058
1.303635
1.096396
1.068280
1.236759
1.201446
1.143739
1.437016
1.283250
1.244435
1.262435
1.253385
1.135380
1.005002
1.376902
1.134806
1.200168
1.297533
1.329180
0.932987
1.397398
1.049952
1.081956
1.125439
1.244799
1.447827
1.181759
1.315022
1.491470
1.162908
1.235052
1.277170
1.291411
1.170685
1.233819
1.112292
1.400632
1.090461
1.390786
0.998653
1.246932
1.088771
1.275368
1.225570
1.169085
1.249018
1.321084
1.282726
1.193276
1.154916
1.289823
1.012652
1.214830
1.183101
1.644994
1.355214
1.036143
1.588249
1.400532
1.110617
1.117124
1.214291
1.063747
1.021580
1.458346
1.027431
1.152372
1.235114
1.174090
1.400695
1.071536
1.257798
1.147670
0.944959
1.245395
1.249850
1.229090
1.081374
1.206474
1.113605
1.308056
1.262111
1.173225
1.054950
0.881872
1.150388
1.447015
1.268991
1.344907
1.035762
1.249317
1.052384
1.201906
0.913375
1.362499
1.272807
1.280645
1.168097
1.100205
1.244216
1.282009
1.355702
1.243077
1.466506
1.388589
1.343309
1.096692
1.203131
1.403734
1.418915
1.126910
1.241822
0.895713
1.469018
1.090495
1.257453
1.118286
1.199050
1.334139
1.168291
1.236241
1.157871
1.205699
1.289563
1.418602
1.123829
1.274711
1.029431
1.140365
1.276980
1.262509
1.236863
1.349443
1.192410
0.988094
1.131903
1.138438
1.129522
1.230069
1.268980
1.146552
1.430360
1.246573
1.415766
1.235006
1.242684
1.130516
1.261652
1.002638
1.313392
1.208660
1.276857
1.090256
1.165396
1.282752
1.399802
0.972561
1.407958
1.279057
1.051922
1.179862
1.125605
1.345075
1.268203
1.322490
1.286258
1.207826
0.966340
1.407714
1.251782
1.106307
1.355590
1.391105
0.950121
1.189918
1.213382
1.000882
1.181142
1.448870
1.236839
1.157749
1.227391
1.238256
1.276756
1.405551
1.219664
1.268723
1.440371
1.048852
1.253975
1.306408
1.346636
1.110712
1.020170
1.039668
1.178014
1.572220
1.138121
1.151383
1.227657
1.200752
1.158528
1.222730
1.224912
1.071665
1.316593
1.037734
1.017626
1.267023
1.353054
1.195124
1.168726
1.283852
1.036015
1.184541
1.107413
1.236820
1.059723
1.267591
1.296758
1.306649
1.142879
1.340502
1.172307
1.335282
1.240619
1.357140
1.293389
1.204087
1.325282
1.113600
1.056108
1.264002
1.194568
1.363398
1.281464
1.129525
1.347756
0.824885
1.291625
1.315724
1.048983
1.525389
1.197379
0.940886
1.048021
1.211404
1.573146
1.269413
1.171739
1.154413
1.285120
1.340862
1.357486
1.209653
1.322766
1.402026
1.230080
1.301314
1.111514
1.220636
1.053755
1.281673
1.126296
1.216828
1.067239
1.098113
1.171889
1.173291
1.135548
1.375581
1.409745
1.245386
1.128728
1.114342
1.189376
1.293635
1.256360
1.201842
1.330881
1.234934
1.230494
1.192443
1.122219
1.424927
1.360720
1.406143
1.086511
1.372476
1.050265
1.420049
1.190728
1.118517
1.185394
1.001049
1.332726
1.120579
1.246444
1.212474
1.113118
1.338323
1.178863
1.260190
1.414650
1.251438
1.240442
1.128506
1.107997
1.148072
1.194691
1.406544
1.178114
1.117788
1.328962
1.076805
1.264235
1.231174
1.407632
0.965338
1.192421
1.056985
1.306229
1.587018
1.369027
1.123607
1.180993
1.113445
1.252201
1.006897
1.018618
1.273424
1.416653
1.014228
1.156906
1.184157
1.256253
1.206873
1.296337
1.242005
1.205334
1.147124
1.367607
1.405031
1.273599
1.309163
1.244306
1.199211
1.303149
1.275093
1.134686
1.209179
1.124352
1.313127
1.189233
1.088022
1.198040
1.418543
1.187910
1.297380
1.395119
1.254692
1.123759
1.185397
1.247459
1.593039
1.290259
1.110604
1.220949
1.191104
1.077522
1.182488
1.235382
1.244700
1.302876
1.218286
1.114434
0.994154
1.215798
1.225118
1.094392
1.108386
0.926288
1.135305
1.401865
1.302979
1.226444
1.413180
1.046296
1.117485
1.196974
1.331244
1.405924
1.190292
1.259763
1.216219
1.238001
1.227167
1.265990
1.359338
1.214255
1.123681
1.044746
1.132763
1.471215
1.202221
1.191739
1.221822
1.104868
1.057341
1.188353
1.164225
1.251526
1.202195
1.252693
1.109521
1.072063
1.258625
1.265571
1.369546
1.291954
1.228805
1.376104
1.051097
1.237250
1.131593
1.086627
1.287763
1.405386
1.103367
1.185564
1.273869
1.180652
1.399800
1.335298
1.192691
1.391014
1.350783
1.125701
1.136962
1.293370
1.318747
1.310441
1.148176
1.100952
1.259696
1.112457
1.089638
1.148875
1.472106
1.160408
1.015473
1.160921
1.372871
1.244809
1.300632
1.273757
1.066113
1.172467
1.227095
1.145881
1.231233
1.289342
1.267012
1.392455
1.238596
1.285843
1.288587
1.176057
1.044276
1.189787
0.993209
1.244691
1.226422
1.244759
1.028260
1.161725
1.227752
1.231580
1.133212
1.073916
1.236606
1.285654
1.205753
1.343768
1.122696
1.183872
1.100868
1.151392
1.094576
1.101150
1.133050
1.357067
1.192458
1.079235
1.174729
1.094754
1.399269
1.220621
1.026713
1.253746
1.294162
1.372720
1.355178
1.261481
1.215612
1.314696
1.328235
1.053326
1.023803
1.171876
1.212152
1.191355
0.993695
1.145856
1.176830
1.276147
1.318664
1.337246
1.452569
1.309525
1.173463
1.104547
1.334842
1.158727
1.245622
1.294927
1.253619
1.122594
0.870478
1.058486
1.096483
1.261701
1.002834
1.271008
1.011199
1.121588
1.060315
1.643762
1.113544
1.159001
1.202851
1.379005
1.351379
1.356493
1.106780
1.250140
0.989243
1.206547
1.321433
1.196258
0.919073
1.185643
1.149143
1.291874
1.290873
1.453743
0.997945
1.286615
1.179811
1.240535
1.457047
1.140813
1.166219
1.167006
1.118134
1.179064
1.168844
1.147476
1.200312
1.350031
1.046449
1.156658
1.232253
1.171256
1.144971
1.492417
1.189720
1.555040
1.273095
1.218333
1.354251
1.212759
1.096854
1.274100
1.086260
1.271171
1.170525
0.953575
1.244735
1.159864
1.080432
1.309656
1.066301
1.565419
1.099731
0.988374
1.119025
1.231560
1.180310
1.273696
1.450539
1.384663
1.027476
1.131514
1.274346
1.233540
1.001515
1.330719
1.249234
1.205857
1.129926
1.135724
1.225867
1.162275
1.173302
1.173308
1.156426
1.043687
1.366180
1.201789
1.119449
1.140472
1.173186
1.272726
1.268406
1.122529
1.269815
1.166917
1.372229
1.420109
1.163589
1.290447
1.214704
1.127083
1.111732
1.135926
1.327824
1.243862
1.240894
1.270591
1.203898
1.069703
1.167856
1.377433
1.202722
1.181682
1.261550
1.189007
1.213336
1.439477
1.229395
1.200988
1.293078
1.146502
1.174315
1.002017
1.254137
1.067719
1.117411
1.349771
1.159070
1.451150
1.340055
1.159430
1.090969
1.315349
1.321750
1.078837
1.055783
1.051898
1.184314
1.361959
1.263058
1.197836
1.125265
1.152255
1.177922
1.150884
1.182735
1.069558
1.253700
1.304445
1.501948
1.084529
1.339341
1.168581
1.177077
1.441929
1.310144
1.204409
1.260013
1.123490
1.081968
1.306977
1.230866
1.248678
1.049400
1.055270
1.186084
0.985777
1.345024
1.110650
1.270286
1.289683
1.184887
1.456354
1.193208
1.166182
1.087611
1.156771
1.146810
1.238190
1.081475
1.230718
1.162287
1.190614
1.242262
1.077195
1.353027
1.380665
1.017851
0.983351
1.268503
1.196397
1.128497
1.309206
1.119040
1.123609
1.170442
1.214681
1.488286
1.274974
1.221457
1.455307
1.123649
1.438349
1.380966
0.930528
0.903245
1.269767
1.058021
1.062230
1.655771
1.038220
1.159267
1.262034
0.993612
1.324384
1.319096
1.230071
1.180253
1.115396
1.189339
1.181534
1.093847
1.422687
1.206213
1.171498
1.178150
1.404906
0.982746
1.342156
1.022716
1.272768
1.033084
1.336161
1.167993
1.247246
1.236421
1.101755
1.303618
1.139983
1.193886
1.134423
1.136310
1.263780
1.527617
1.202785
1.245406
1.504338
1.266963
1.121226
1.303301
1.357487
1.065572
1.107457
1.210072
0.936123
1.048844
1.340365
1.184640
1.032200
1.283732
1.175114
1.050922
1.223145
1.138463
1.211457
1.178515
1.266416
0.998758
1.118136
1.305874
1.317227
1.263501
1.219634
1.296420
1.278332
0.953919
1.136328
1.018800
1.261118
1.378269
1.273092
1.167073
1.127029
1.627904
1.197339
1.264998
1.028239
1.330431
1.247683
1.290167
1.223953
1.208970
1.173271
1.240026
1.285466
1.113648
1.044058
1.157637
1.204748
1.164002
1.191104
1.363458
1.662651
1.221868
1.247143
1.248889
1.192374
0.919038
1.285285
1.164286
1.135015
1.057668
1.530193
1.497434
1.046398
1.239927
1.089542
1.238955
1.196269
1.212544
1.214680
1.108176
1.136109
1.151154
1.218349
1.265274
1.011102
1.082904
0.869848
1.227421
1.056071
1.172246
1.128426
1.112706
1.325168
1.447260
1.255844
1.235482
1.089397
1.021394
1.167363
1.182855
1.257320
0.958342
1.251939
1.423526
1.343371
1.174387
1.290473
1.267444
1.263847
1.345938
1.241831
0.972146
1.334054
1.358153
1.223869
1.368551
1.155602
1.099608
1.113592
1.382266
1.050643
1.212900
1.152980
1.211791
1.070778
1.256880
1.246364
1.288734
1.160891
1.034543
1.064828
1.185723
0.878698
1.286790
1.279474
1.946107
1.286902
1.035414
1.400284
1.205463
1.364548
1.287113
1.024515
1.333420
1.075563
1.237446
1.148009
1.300443
0.996518
1.116777
1.436830
1.360933
1.046222
1.131426
1.160764
1.133712
1.008972
1.148081
1.219807
1.357035
1.061610
1.167205
1.316863
1.234919
1.343452
1.179914
1.212991
1.292225
1.345425
1.001391
1.215493
0.940816
1.232945
1.086355
1.134350
1.295310
1.325514
1.673163
1.121323
1.011718
1.321348
1.377447
1.154374
1.385294
1.063696
1.103016
1.168689
1.428684
1.138560
1.026092
1.286577
1.355858
1.284075
1.203905
1.222988
1.295641
1.327343
1.313015
1.095581
1.277126
1.046723
1.037479
1.158997
1.052718
1.091854
1.056675
1.304851
1.338975
1.182162
1.058017
1.257528
1.340109
1.294080
1.334434
1.254482
1.101700
1.003175
1.153015
1.187212
1.886221
1.217141
1.190397
1.446047
1.143142
1.412081
1.094476
1.340157
1.115726
1.274563
1.155981
1.315189
1.193478
1.232394
1.050503
1.207043
1.306066
1.349040
1.144010
0.922725
1.230835
1.196970
1.091035
1.573525
1.057932
1.464847
1.151290
1.077439
1.183681
1.167379
1.076690
1.251811
1.167561
1.234123
1.351259
1.330169
1.181501
1.234183
1.190380
1.404930
1.056344
1.212540
1.510126
1.212443
1.190169
1.171623
1.334472
1.214829
1.115951
1.285193
0.998159
0.883228
1.153466
1.516959
1.237287
1.107046
1.200690
1.305918
1.262029
1.263774
1.174927
1.270462
1.375392
0.993951
1.324411
1.069914
1.003229
1.114480
1.192486
1.023631
1.029014
1.127285
1.077161
1.229556
1.198268
1.144914
1.217631
1.087109
1.290155
1.298459
1.208182
1.055782
1.353879
1.154395
1.414697
1.282890
1.361249
1.169113
1.243932
1.237427
1.110363
1.330970
1.327971
1.305777
1.165494
1.096877
1.466269
1.106335
1.213264
1.029109
1.122046
1.135127
1.232869
1.176591
1.324217
1.125010
1.164433
1.062275
1.056998
1.351829
1.010824
1.107174
1.134560
1.030784
1.085863
1.330541
1.276421
1.291273
1.380971
1.061951
1.314826
1.133094
1.269900
1.174543
1.125980
1.226488
2.055020
1.271176
1.100671
1.286217
1.292174
1.376246
1.099546
1.071430
1.062778
1.056235
1.145640
0.996828
1.518928
1.465536
1.241679
1.089962
1.157198
1.148196
1.342676
1.031213
1.228740
1.228966
1.009292
1.103948
1.396712
1.167352
1.176328
1.107323
1.173487
1.112443
1.027902
1.390830
1.305132
1.162228
1.032726
1.327042
1.436956
1.188676
1.331881
1.131093
1.175726
1.128745
1.473718
1.083015
1.253672
1.078388
1.212402
1.114083
1.510490
1.242151
1.305845
1.599890
1.252405
1.106821
1.250098
1.212952
1.087430
1.281320
1.206124
0.978074
1.465957
1.006448
1.288453
1.316829
1.410882
1.328999
1.250672
1.222985
0.933549
1.251511
1.258387
1.047305
1.342617
1.032428
1.125936
1.009898
1.284445
1.069531
1.447835
1.080025
1.352920
1.069025
1.164332
1.171363
1.454775
1.167417
1.119781
1.222656
1.116366
1.070221
1.035286
1.201099
1.106140
1.295094
1.394317
1.028056
1.268029
1.321503
1.300223
1.332474
1.233513
1.311589
1.239619
1.084076
0.921638
1.214476
1.279842
1.147290
1.236608
1.366924
1.224434
1.213630
1.169530
1.318309
1.214022
0.930299
1.206946
1.102549
1.181185
1.439420
1.234080
1.338106
1.081014
1.139301
1.143355
1.431014
1.590259
1.317537
1.113996
1.180048
1.156969
1.434157
1.277678
1.296120
1.363023
1.270864
1.357555
1.208888
0.955679
1.210454
1.252868
1.154436
1.121425
1.086591
1.543141
1.087397
1.193106
1.294572
1.325445
1.165110
1.189653
1.114252
1.092363
1.096061
1.229964
1.202562
1.180336
1.203919
0.970694
1.239661
1.207541
1.375239
1.105118
1.277488
1.250621
1.119669
1.173564
1.239547
1.602010
1.290454
1.100799
0.973604
1.714551
1.410102
1.115189
1.260545
1.160529
1.035617
1.283510
1.194355
1.203223
1.382925
1.334155
1.036687
1.085405
1.142302
1.233516
1.108795
1.189237
1.175799
1.213556
1.048871
1.217657
1.475568
1.025092
1.463261
1.074398
1.209553
1.157042
1.202924
1.064292
1.074315
1.307019
1.351120
1.012820
1.160241
1.126110
1.294524
1.316434
1.244710
1.248627
1.285307
1.200299
1.152670
1.251252
1.149185
1.246990
1.108086
1.160743
1.084859
1.047127
1.238974
1.205976
1.196941
1.437297
1.220327
1.231043
1.088090
1.131249
1.344891
1.283059
0.913384
1.252409
1.237413
1.152299
1.086881
1.392384
0.963603
1.296320
1.269972
1.246391
1.216769
1.023328
1.178242
1.297640
1.109043
1.215969
1.255976
1.154983
1.121822
1.227525
1.289233
1.538031
1.108800
1.579630
1.131033
1.127498
0.940127
0.935624
1.443320
1.111814
1.246320
1.363634
1.053747
1.277197
1.438162
1.351967
1.369158
1.571371
1.285694
1.136824
1.029945
1.226915
1.174442
0.985323
1.092753
1.256293
1.173029
1.172790
1.211576
0.973178
1.258543
1.514195
1.073092
0.990850
1.225419
1.072659
1.151305
1.342990
1.405628
0.989513
1.137041
1.069914
1.093251
1.331863
1.242380
1.145734
1.332642
1.160037
1.194947
1.127321
1.088382
1.055410
1.234038
1.236200
1.205338
1.061321
1.291865
1.173474
1.167176
1.236997
1.280794
1.153161
1.326429
1.084805
1.219471
1.062162
1.535786
1.488315
1.198445
1.230242
0.980519
1.302567
1.174462
1.167008
1.333791
1.228986
1.134094
1.188556
1.070680
1.063474
1.007596
1.239661
0.930740
1.400727
1.211021
0.954690
1.347151
1.179503
1.348076
1.362998
1.167406
1.270852
1.051403
1.338934
1.170929
1.258575
1.135109
1.097769
0.989039
1.127689
1.130901
1.353115
1.132612
1.186256
1.191606
1.222089
1.099306
1.147243
1.277727
1.181738
1.269846
1.250825
1.133385
1.177573
1.181929
1.271617
1.241562
0.956483
1.388388
1.038290
1.297361
1.245132
1.222317
1.364483
1.053969
1.135802
1.127333
1.303057
1.415848
1.109219
1.316036
1.126593
1.129805
1.291728
1.184635
1.260157
1.004885
1.035176
1.338486
1.361270
1.240676
