2.397348
3.255960
6.282746
4.212031
2.774580
3.329784
2.963123
2.811849
2.227533
2.293619
2.362896
2.490310
2.368546
2.695740
2.499290
3.165203
3.350359
2.363801
3.508551
2.250074
2.391776
2.201024
3.072602
2.362534
3.188250
4.489678
2.675923
2.393225
3.343783
2.440019
3.223127
3.623586
3.781389
3.645109
4.459624
4.902243
3.533596
2.701705
5.669358
2.136527
3.437373
3.156067
4.585320
2.673563
5.191803
2.876890
3.277397
3.421939
3.005480
5.429381
3.990523
3.363995
4.840584
3.720713
3.176287
4.082376
3.102103
3.651756
5.312124
3.636835
3.189678
2.973183
2.072495
3.381499
2.224756
3.026847
2.721148
3.037699
2.823640
4.407917
3.658208
3.204865
2.806648
3.920427
5.628638
2.964608
3.455619
2.697231
3.639539
2.548652
2.985038
2.796250
4.376243
2.758158
4.292062
5.874512
2.857788
2.929193
2.638051
2.786688
2.256769
2.757778
3.393269
4.882218
5.316072
4.253243
4.487597
3.647191
3.518276
3.275890
4.620504
3.425677
6.030955
2.526055
11.107016
13.408434
2.504697
4.590375
3.252100
3.433017
5.394338
3.509436
2.752808
5.049624
2.886153
2.669869
2.316141
3.872595
2.815830
3.549170
2.289026
9.600460
1.889076
4.672712
2.872296
2.576277
3.540148
3.026534
14.478650
2.103611
3.582507
2.865703
2.175089
3.108633
3.699808
2.990993
2.510201
2.253043
5.665333
4.428643
4.512494
3.077342
3.410644
3.561799
2.242066
2.791641
2.104509
3.161706
2.704615
2.315116
3.291390
4.818589
2.854177
6.102204
6.284922
3.916055
2.635761
5.895649
3.545048
4.251554
2.738738
2.774402
2.533028
2.705084
9.340549
4.414699
2.463829
2.399523
2.707964
2.752472
2.590681
2.969426
2.795112
2.548117
2.925094
2.265697
2.688430
2.484108
4.678082
2.486611
5.245025
14.177612
2.509477
13.048043
3.045669
4.210706
9.077802
3.355651
4.662492
2.166521
6.281950
5.295822
4.892043
10.033913
5.189288
3.214432
6.639751
2.796640
2.659878
7.850308
10.516206
2.186622
5.626294
8.181073
2.075576
3.214410
3.384599
2.695378
2.356187
2.726159
2.678897
5.550853
2.430380
2.955204
4.742903
2.319004
2.442280
3.506232
2.645115
2.240685
11.841999
7.535208
2.555761
3.416788
2.343929
2.485252
2.325229
11.864605
4.406456
4.597189
2.311934
2.411178
2.963117
2.608371
3.226116
21.663143
2.417994
2.637457
2.878902
2.730708
3.127383
2.269588
2.661360
2.531699
2.847690
8.276169
2.511912
2.805554
2.232822
2.244253
2.576112
4.004531
2.717071
2.722244
3.135061
2.708121
2.105561
3.127542
6.386375
3.267483
2.165508
2.850738
2.431450
3.193453
3.149080
2.349887
2.470195
2.455425
3.589311
2.574295
3.153306
8.196584
4.165115
4.231689
11.011573
2.185783
2.549328
3.537576
6.792864
2.058968
3.280200
2.656887
2.508412
2.731006
3.081959
5.099489
5.806575
8.002558
2.842109
16.487997
2.768451
3.098826
2.828363
2.930007
9.759796
4.207038
4.668854
2.565955
29.310875
4.652821
7.140444
4.138639
12.158993
3.186131
2.514193
2.435883
8.365562
3.146573
3.465924
2.049583
2.513771
2.410638
3.469282
2.946884
2.122493
4.628730
2.189531
3.647494
2.428061
2.110430
2.912081
2.093973
2.577400
2.170026
2.270678
2.416485
2.390575
18.063042
25.244858
2.976187
18.836084
5.169313
2.468339
2.442979
2.853508
2.551359
2.768403
3.717551
1.987463
2.928675
2.580324
2.608691
2.337201
7.121232
2.794951
3.072062
6.355762
2.258440
4.870731
4.044715
2.344083
4.419832
2.128765
2.144180
4.938684
15.676052
5.627431
2.393099
3.255961
2.818601
2.352980
13.091379
2.393419
2.424332
2.426217
2.672911
2.492503
2.775019
3.196455
3.329868
2.545498
5.931178
2.572376
5.686153
2.328520
2.186584
7.320476
3.040621
3.787304
8.327175
6.958875
2.755439
2.584607
5.892690
10.174726
2.620616
6.190239
5.026121
5.188340
6.344824
3.535734
2.376834
3.091207
11.501287
2.421352
24.877359
2.377394
2.543092
10.422416
2.738975
2.585348
2.507208
2.771035
2.536260
2.518095
2.846018
4.834072
9.721855
6.682404
2.633521
2.487982
2.494040
3.886351
2.656575
9.198895
2.942410
3.665935
35.900635
8.906013
20.517118
2.650089
2.166227
2.872777
3.273808
5.897738
2.225136
2.196175
2.554315
3.564575
2.963919
2.255479
4.777372
24.166811
5.441905
4.480699
2.194677
5.490594
6.644138
2.323261
2.450546
2.462818
2.660034
6.488775
6.655613
22.283688
8.554710
2.792222
2.035826
10.164248
11.337188
2.853847
2.982016
2.413718
2.616073
2.431297
2.381721
2.439546
7.699538
2.844284
2.242002
2.818169
2.759614
2.150078
2.216310
8.745134
2.067823
14.668314
2.313237
2.512930
2.236916
16.056353
4.487902
2.391503
4.602906
13.611196
4.182178
9.870675
2.050956
19.926447
2.345635
2.268485
17.927916
3.517097
7.373805
2.117012
30.854191
2.274237
3.026045
2.560575
2.309204
2.086970
2.861710
3.217805
10.000774
2.400290
7.412582
2.907650
2.515733
2.138927
2.290852
20.758020
2.148784
19.360373
2.507198
2.400856
2.201504
2.243301
2.457502
2.472629
2.200690
2.324251
2.474487
2.544633
2.185013
6.844555
2.226084
25.109198
2.545365
2.438677
2.140018
2.161262
2.470081
2.939165
3.430696
2.294095
11.792265
3.029578
23.306274
6.513225
2.154123
2.444891
2.773943
2.943672
2.295221
2.331327
2.508678
7.919677
2.561933
2.413402
2.221283
9.752407
2.885780
10.422654
2.756381
2.129704
4.261658
2.159954
2.219261
2.435758
2.726397
16.635962
2.264104
21.184389
4.418067
2.416320
5.716364
2.415529
2.301487
2.094614
2.595181
28.788368
2.125863
2.551342
2.201975
2.385900
2.160855
2.748165
2.549067
5.501928
2.394277
2.573694
2.430004
2.250942
2.372775
2.379084
2.369156
5.806559
2.774903
2.699542
2.840769
2.278877
14.015717
2.616612
2.217984
8.130424
2.202902
2.204060
2.193557
2.083180
3.606988
15.220735
2.415826
2.454144
2.626938
2.191716
2.303988
2.419261
2.605015
6.203415
5.681045
2.603695
2.392802
2.562910
2.478997
2.085905
4.997517
4.092526
3.115483
2.389328
7.092031
2.298460
2.460128
3.675245
2.587468
2.418949
2.540240
2.317770
2.214642
10.160030
2.305366
2.342547
2.568038
2.834580
14.493963
2.757039
2.319088
2.183426
2.311025
2.266797
2.522050
4.230826
4.789755
2.124109
2.575736
2.521299
2.517065
2.144361
4.680612
10.797423
2.431856
2.291684
2.378121
2.264144
3.233593
2.272185
2.125593
2.399372
2.191237
2.433589
5.982944
18.890457
2.375690
2.331571
2.225827
2.232392
28.552416
6.658470
2.434564
2.203218
2.529130
2.417049
2.446674
2.267072
2.357698
5.286112
3.784239
2.277059
24.781181
2.628671
2.169591
2.484258
2.466627
5.152772
8.879045
2.234400
33.687469
5.410562
2.218069
2.437642
6.643836
2.271416
25.991074
4.137069
2.670062
2.429420
22.313087
2.367793
2.204093
2.253261
9.707459
2.351161
2.351815
3.130386
12.567080
2.281932
13.188764
2.512149
2.296075
2.300650
2.206885
2.272381
6.257475
7.951134
7.527305
2.439700
2.210166
2.311228
2.770565
2.174037
2.281654
7.918893
2.343132
2.585325
8.937383
2.190335
19.289970
2.263003
2.423751
2.090118
2.209950
2.325922
2.575758
9.853307
2.943896
2.324240
2.316554
2.265486
2.743382
3.549453
2.416954
2.258440
2.321175
2.302506
4.820045
11.558519
13.052262
2.456725
2.761659
2.688736
2.462478
2.573347
2.147262
2.166708
2.297086
20.283230
2.374196
3.870025
6.412755
20.427494
2.685927
5.450276
2.423810
2.509110
2.421238
2.118154
10.808503
3.211249
2.396883
4.011211
9.493235
37.662056
2.271287
2.291041
3.754834
2.408002
4.903694
15.412348
2.333026
2.224446
2.357734
2.233002
4.939189
2.289956
2.128324
26.916500
2.547424
2.235411
2.173415
2.274338
7.351130
16.513283
5.967111
2.445751
9.564522
10.137076
2.171571
2.288713
6.334093
2.205859
5.238431
2.125200
2.295050
3.010699
2.258700
2.361390
7.837993
2.107404
13.306541
2.352181
5.366549
10.105881
2.225814
15.974981
2.270281
6.210189
2.300519
2.309313
2.577819
2.905700
7.438346
2.689042
8.185946
2.290722
2.380680
2.530788
2.031217
2.534568
2.337381
2.586564
18.743622
2.332710
2.516396
2.248753
2.453764
2.261364
2.073422
2.392271
2.168309
2.451349
37.159042
2.141065
2.625579
2.271878
2.150045
2.285566
10.013577
2.837660
2.496811
6.273978
2.254683
2.554506
2.266030
2.328721
2.673559
2.239488
2.092673
3.141242
2.365510
2.311702
2.285445
13.218804
11.881200
8.301432
8.834671
2.158497
2.328834
2.363457
2.392052
2.257225
2.443682
2.258597
2.087794
2.459413
2.462598
15.759822
33.865192
2.173834
2.207554
4.285707
12.128836
4.287440
5.964959
2.352390
2.436088
2.140979
5.196218
4.690539
3.457021
2.180477
21.523714
2.227695
20.907280
5.838874
2.170434
2.253007
29.682112
2.779359
2.292108
5.417226
2.332487
2.349957
2.098665
2.460423
3.037524
2.304538
2.492365
2.584126
2.421169
3.518060
2.358669
2.303560
2.158626
2.290229
9.100159
2.148037
4.325234
2.366154
2.196759
2.456361
2.275780
6.296700
5.003821
2.273770
2.202247
2.231496
2.353845
2.243401
5.138853
2.343635
5.723320
18.134815
2.245898
2.298780
2.128259
2.085783
2.410069
13.019301
2.236269
2.295398
7.429949
3.506927
2.203785
2.375340
3.175641
2.298747
7.640960
5.172462
2.600344
3.352822
2.332026
22.808075
2.460811
2.211735
2.211527
4.219637
2.399125
2.236836
8.894090
2.335918
8.422146
2.301778
2.410630
9.424141
2.575870
10.125206
2.370804
2.212237
19.786703
2.283823
2.243807
10.282845
2.542295
19.181593
2.244832
3.112880
2.516731
3.176002
2.253563
2.426271
20.548063
2.386677
2.133543
37.021618
2.174760
6.592911
3.526197
3.258119
2.198859
10.524636
2.183359
5.136949
4.925207
2.241990
8.832865
35.671265
34.007164
2.137405
19.562668
3.422204
2.172426
2.232874
2.273013
2.254174
2.443583
2.343752
2.276088
2.390498
5.826728
2.487970
2.434467
2.328021
2.361546
2.594275
2.266120
2.233841
2.552932
2.213985
2.455595
4.171901
2.464061
2.386888
8.860971
2.174453
28.312872
27.088631
2.736097
14.518689
6.931960
6.349537
3.696795
2.096467
7.914995
2.465145
20.708000
2.612055
2.398566
2.261007
2.726092
2.296004
2.281196
2.132851
7.749627
5.201109
2.311204
2.720122
2.096919
2.288182
2.269260
2.343376
2.203390
2.294641
2.344356
8.423324
4.219403
2.382366
25.793640
2.337491
2.290137
2.291660
27.296530
2.238405
2.567124
7.245321
2.274550
2.419743
2.036846
2.464719
5.881499
2.090540
3.149771
2.704757
2.330158
2.364247
2.264004
18.084641
2.270229
3.502818
2.275967
2.371270
4.278736
5.075640
6.313898
3.117839
2.641439
2.305513
2.487883
2.280826
2.346911
2.539956
10.499392
35.619537
2.303324
2.270566
2.446949
9.826032
2.143060
2.270559
2.217337
2.594469
2.308970
2.491355
2.384064
3.919604
2.361096
2.172287
2.330369
2.228981
2.148787
23.267696
5.665669
25.884581
2.204246
9.209009
2.105450
2.623353
2.280606
2.128108
3.034754
6.020217
3.563764
4.825056
7.468973
4.753417
2.236005
2.438658
2.214063
2.604056
6.051595
2.365516
2.376987
6.950451
2.071984
3.463511
2.221041
2.370921
26.362354
32.632771
16.280529
2.141422
2.970288
2.208748
2.484703
2.209144
33.316917
2.253509
2.822602
55.872227
8.886429
19.728069
2.225850
2.115780
26.268343
32.660137
21.631386
2.176011
27.501034
4.638141
4.398845
2.122509
2.284969
5.171001
26.010584
5.328262
2.501021
2.449922
2.494658
2.357317
2.246809
5.161929
2.525593
2.324053
2.334388
2.338494
17.345665
2.198512
2.272029
5.502050
2.128201
4.054351
2.197760
2.450033
2.175225
2.235399
5.735837
2.294337
2.259841
2.810109
3.530412
2.194955
2.160367
2.551691
2.244336
3.218779
2.278661
10.425877
2.218587
21.560429
2.308410
4.121274
8.533446
2.310468
2.490176
2.336330
2.670924
16.496407
2.305228
3.260933
2.372200
2.366085
5.747337
2.162857
2.241256
2.577613
2.265798
2.183262
45.968792
2.189212
4.808717
2.183944
3.225152
9.251406
2.321245
5.964462
2.149089
2.166348
2.249259
2.844831
28.647375
2.234017
2.264124
14.775082
2.281517
2.087648
7.848394
2.237613
2.540999
2.234084
2.065417
10.988590
2.188330
2.253309
2.366572
2.305796
2.209947
2.479150
2.417762
4.944906
2.125136
2.322299
2.285274
2.201532
2.105594
2.172156
15.915657
2.255344
2.239231
2.839723
2.991535
2.224840
14.408366
2.270948
2.103443
2.376989
3.261179
2.290622
2.337375
2.388776
2.148046
2.216395
9.811381
2.338133
38.146683
3.562421
2.259861
2.323799
2.240465
2.236316
2.304336
5.234043
2.340724
2.195525
5.992810
8.132616
2.408344
2.304105
22.117743
2.223114
2.213404
2.180899
2.328208
8.637592
50.101307
2.168081
21.130779
2.181802
2.257136
2.375425
2.271561
2.040409
18.391758
2.363967
2.619735
2.259079
2.234314
4.175816
14.420123
2.257588
2.434111
9.713086
2.355299
2.149767
4.932887
2.113082
2.236616
2.348164
7.626992
2.435685
2.536725
18.964510
2.574502
2.202930
3.074514
19.082787
2.111266
8.471391
3.946086
2.341879
2.078339
2.266057
2.244666
4.636401
3.908160
2.143078
2.335216
42.753750
2.221021
2.259511
5.576325
7.163209
2.387923
35.304508
26.675766
2.313714
13.611944
4.137346
3.813403
2.299594
18.830236
2.323116
2.228254
7.030909
2.154421
2.274407
2.068568
31.311848
2.241942
6.822999
3.518660
2.364269
2.158251
6.743328
13.933446
5.879521
3.952958
3.535158
2.405614
2.136151
2.156155
2.370976
18.594408
3.256484
2.958566
2.246091
2.262535
2.156720
11.072392
2.145319
9.979483
2.265728
2.139850
2.306264
20.679504
13.620024
2.229332
2.118877
2.232426
14.711000
2.169099
2.146620
31.052954
2.130904
15.483225
6.659478
8.787279
2.182706
2.171294
2.466426
2.311565
20.757086
2.306031
2.435203
11.918077
2.288226
13.954023
2.391648
2.220727
2.322128
2.304648
7.810771
2.340543
2.164059
17.536678
2.322508
2.254341
4.329988
6.919523
2.139133
2.397488
2.312402
5.020968
2.357112
2.500394
5.438830
2.192104
2.808807
2.209715
34.841316
24.253376
2.203440
2.544770
2.238031
2.481974
2.457728
2.297969
2.271920
7.227822
2.304864
2.278872
2.301394
2.233836
3.471810
2.338534
5.657199
10.926119
2.083564
2.275182
4.349733
1.993751
3.961560
2.211612
2.466406
2.168795
2.279934
6.663820
3.102867
5.365670
11.016141
2.500221
3.824193
5.063325
9.166829
2.837851
2.315688
2.131161
9.632740
2.153184
12.095120
3.161571
4.058523
2.390455
2.417846
2.293984
4.442039
2.780709
61.655815
2.603953
2.559022
2.173924
2.478553
2.379989
18.976158
2.395114
2.151871
2.257526
2.302022
2.352783
2.867844
3.209005
5.738509
2.383502
10.932285
13.307711
2.274370
2.295012
2.390375
6.143094
2.343459
2.164638
2.305774
2.307123
2.144269
2.225840
10.508738
2.227082
2.356745
4.706192
2.154214
2.708324
2.174339
2.096898
26.663216
2.362909
2.167991
2.268554
2.101116
2.237219
32.256207
2.983204
5.090431
2.329317
2.225069
2.132944
2.275077
52.889797
2.336869
10.040316
2.243805
29.782522
2.211495
2.296957
2.441626
56.755642
2.047575
2.500811
2.343745
2.366152
2.214278
5.911094
2.194504
17.940302
2.392285
2.147563
3.110120
4.841763
4.777383
2.208063
2.353753
2.249661
2.277165
2.372110
2.205493
2.305594
2.356586
2.266934
2.251913
2.387242
2.338176
10.793419
2.272880
2.095752
2.339257
2.292775
4.850881
2.065032
2.095603
2.244252
2.403981
2.185423
2.200583
2.383918
2.231349
2.144455
2.263234
2.273061
2.326994
2.275990
2.264044
2.112664
3.729357
5.740280
2.255576
2.396662
3.237600
2.354496
2.288954
26.041327
2.181166
8.722295
2.107157
2.277449
22.491375
2.271241
2.742645
2.308165
27.069811
11.582747
2.201452
2.095143
2.251503
16.910494
2.243057
2.318606
2.151448
2.420210
2.308571
2.173179
2.398134
2.203604
6.866768
2.201942
2.151016
2.324945
2.113284
2.383910
2.331750
2.096457
11.286183
2.236212
6.672591
6.965136
2.170996
2.256221
33.270016
2.418054
2.467350
2.851696
2.218721
26.987707
17.529993
2.242085
2.332676
22.663021
9.592584
2.288215
2.199516
2.269908
2.777031
2.291508
15.030085
2.391366
36.542568
2.346267
2.327911
2.215780
40.153584
2.165661
2.302684
2.842373
3.597131
2.632136
2.080305
2.244571
2.463287
2.142392
2.295552
2.193305
2.332475
2.208977
2.165592
27.860420
13.207069
12.782881
40.128429
51.344406
2.299469
2.178376
13.593850
2.059468
7.373449
2.341586
2.312341
2.177534
29.024025
10.014950
2.255886
2.202710
16.781973
2.328261
2.082378
2.394977
2.973020
2.207295
2.157644
12.358430
2.175350
2.971141
2.390052
2.052215
4.460297
2.357148
45.184162
5.400951
19.303041
2.208343
10.099088
2.249061
6.408984
2.411340
2.177133
2.125633
2.770128
2.152639
5.355398
2.367045
6.361207
3.639290
2.138990
5.326793
15.256870
2.308322
2.257280
6.938412
2.025860
5.574047
2.205925
2.221192
4.734655
2.172277
2.224729
5.717874
2.319895
2.223984
2.108968
2.391102
2.243957
2.492189
2.167219
2.264238
2.288061
2.233564
2.321853
32.614578
3.281279
5.509581
2.513873
2.220081
3.321884
2.470595
2.162467
11.897146
2.015254
2.395219
2.209266
23.688173
3.292244
2.423432
2.193713
2.092260
8.195144
2.117442
2.198587
2.284096
14.547173
13.931103
17.803223
2.318307
2.663322
2.252588
2.219835
2.136059
2.212437
17.390495
24.419903
2.195786
2.203655
2.123817
2.398279
2.273906
28.484827
2.468685
2.156262
2.199468
2.383014
2.402768
26.065071
2.213452
2.809110
2.270098
4.236110
4.762466
2.047980
7.704524
2.950883
2.210523
2.169698
2.176285
2.297362
2.162966
2.292671
6.673892
2.354021
23.011492
2.308386
2.369019
6.996512
2.078639
2.018541
2.115822
4.002495
2.178122
12.359217
2.226592
2.195312
2.316778
4.822757
2.305705
2.228013
4.342182
2.857773
2.263669
2.328976
2.107667
3.144305
2.331999
2.260643
2.096412
4.943380
4.849799
2.213717
2.264038
2.121553
26.236965
2.158793
32.802860
2.290263
2.567740
4.408123
2.166680
11.270017
2.162924
37.737186
8.368825
2.290652
2.587156
2.316879
2.172925
2.229841
2.154924
2.217669
2.375150
2.202707
2.373665
5.056086
2.130731
2.299860
4.686153
9.256575
2.305865
6.818638
2.311704
1.996607
2.392440
2.366950
2.556195
2.363136
4.495313
2.341908
27.074635
2.377960
35.610893
2.363360
23.247362
47.267090
2.230967
2.387368
4.000530
2.207812
2.397810
21.489216
26.499197
2.104497
2.183939
2.592636
2.240373
2.192903
3.074907
2.248853
2.178147
8.259073
2.299249
2.201994
3.791412
7.022340
2.135629
2.101418
2.389046
2.105200
2.142244
25.011045
2.284007
2.180826
4.053607
2.253695
5.250872
8.959119
2.298511
3.204175
2.083596
2.822761
2.320874
3.909033
2.188616
6.272643
2.336448
2.130826
2.335259
2.437281
2.218532
4.005424
2.240631
2.732353
55.693733
18.674536
2.223454
2.161251
2.447744
2.098326
2.103208
2.430236
3.386657
2.312521
2.561280
6.916893
2.102179
2.304152
2.288833
5.500765
2.056812
2.072180
3.072019
2.082258
2.134004
10.412093
2.294522
2.190007
2.094695
2.082686
2.268223
8.140446
2.502513
12.234083
2.109360
7.821983
2.276073
3.592151
2.001227
2.329131
2.163954
2.076575
7.819999
2.306726
2.143039
12.752996
2.401928
2.311295
2.449016
2.194289
4.665295
2.197785
2.221293
3.760706
2.221752
10.300102
2.148038
2.256609
2.208504
4.030403
31.856043
2.183873
2.286694
2.344211
2.258310
2.134578
2.719367
2.377673
2.331458
39.153198
2.181609
8.633477
2.236332
35.114967
2.281227
2.197711
2.204184
2.404618
2.227724
2.066393
2.301733
2.206270
2.087627
4.452749
2.341622
2.599572
5.708979
2.172261
2.194654
2.722479
2.217387
2.172677
46.634880
2.350852
42.699596
3.653210
6.522682
2.466502
2.200901
2.254937
2.256668
2.134179
16.315514
2.174184
5.373397
33.639828
2.219672
2.067820
2.199817
2.398235
2.135624
2.051450
2.978887
2.197316
2.361865
10.282290
2.147694
6.982718
2.132495
2.260894
3.362903
3.602723
73.444321
8.002037
2.394446
2.309832
2.047967
2.772357
19.911736
3.828901
2.177153
8.461758
41.284676
2.242109
2.068191
7.462711
2.305769
2.173304
5.809623
2.177491
21.531242
2.980529
2.766342
23.967468
2.209813
2.331913
5.820297
6.220927
2.337277
2.212370
4.880010
2.227548
2.134182
2.029148
2.277053
2.288654
35.147411
4.340730
20.426989
2.264305
2.303877
2.755991
2.432926
6.203010
3.609548
2.264690
3.481147
2.258510
2.157733
2.107692
2.417263
2.317170
2.346259
2.153367
2.588347
2.265214
9.641488
3.189499
2.266629
2.850428
12.816200
2.208765
9.483353
2.425070
2.163884
2.186494
2.493852
66.341705
2.136842
5.099371
2.792215
2.242252
2.190449
2.182454
3.542745
2.100912
2.060502
2.059158
2.281727
50.306641
2.155802
4.147950
2.187161
2.113464
3.227197
4.669035
2.427495
2.381914
4.675060
3.611511
2.298676
2.157650
2.356862
2.271309
17.976913
2.174446
3.362102
3.057150
2.637680
2.297098
10.353081
2.314426
2.392578
2.498596
2.202137
2.307239
2.179262
2.193491
2.311110
2.211352
6.178474
3.837193
2.198652
2.236176
2.252643
12.524740
2.250594
3.109149
52.739845
2.244578
11.268616
2.193731
2.326370
2.197736
7.855358
3.099961
2.344613
2.455820
2.629442
2.512672
2.194108
42.254204
2.151232
2.144092
2.278577
2.160857
2.116683
7.369509
2.229224
2.711313
2.175558
17.186676
2.201739
2.315879
2.198300
6.227290
2.252033
2.306203
2.966927
2.415106
2.222210
2.627928
19.716702
24.107468
2.267234
2.308895
2.263567
2.378441
3.327421
2.260739
2.217145
2.865341
2.346644
2.164917
2.166108
2.227810
2.190047
2.131917
2.266819
2.253758
18.854393
15.942004
2.201278
2.243325
3.832110
2.161305
15.663758
2.276062
2.216916
5.137753
17.402992
2.595330
2.225428
2.335022
2.240330
2.232303
2.228398
2.271052
2.375473
18.720663
36.089939
2.139033
2.270679
2.204951
2.287288
2.460838
3.311291
2.295457
55.071594
2.050729
2.081047
4.341839
15.610127
2.103865
2.165668
2.354002
2.348122
2.122525
2.246910
2.281015
15.062346
26.035862
4.350247
2.455927
2.462454
2.221364
4.467553
2.311607
2.561388
2.432058
2.286371
11.536201
2.188639
2.362984
2.155150
2.366750
11.686015
5.825256
2.399850
2.206291
2.199130
2.283958
2.374952
2.495961
2.256271
2.141274
2.318712
41.886612
7.601600
2.204072
2.167936
2.081007
42.032387
2.306111
4.756473
2.067768
35.519020
2.540816
2.093772
3.008669
2.165203
7.017930
41.037830
2.060555
2.368046
2.200259
2.409442
2.241133
2.225655
2.989473
2.058007
47.322510
2.960369
2.163442
2.448380
2.218829
1.934690
2.059847
53.860802
2.185851
55.059418
2.312737
23.511751
2.241896
2.155550
2.450014
2.141973
6.187410
2.180778
4.490987
2.231565
2.282457
2.209858
2.073545
2.143765
2.067573
2.192989
2.414664
2.168513
2.195669
2.371192
2.268975
7.898974
2.318674
2.190480
8.112860
4.306254
2.186747
2.058270
2.179904
44.543350
2.252736
2.262277
2.397217
6.633024
2.236915
2.140704
2.190554
2.882798
4.055711
2.212296
4.873873
2.183537
2.154479
10.217576
2.369495
2.306318
2.376354
2.351845
2.283750
2.162668
11.990184
2.296374
2.306372
2.240297
2.181662
2.370523
24.866920
19.967659
10.022203
2.507639
12.613894
2.369798
2.333982
4.557622
2.151597
2.352889
6.740340
2.180332
2.342457
18.434177
2.092507
4.366866
2.336085
2.368334
3.184404
2.273446
2.315129
2.141119
8.640035
18.902262
46.548584
2.340231
2.203098
2.279664
2.272138
2.339874
22.344849
2.329787
2.234765
12.723946
2.310186
39.237339
2.283090
2.252617
2.312061
2.419536
2.480798
4.057239
2.469940
2.200212
9.801773
2.346351
3.933796
2.057934
5.225158
2.306762
14.974369
3.519185
2.419721
5.894309
3.857388
2.200106
3.655389
21.722170
2.132438
2.293853
2.118719
2.701338
2.525123
2.261394
2.122559
48.371994
2.217235
3.572165
2.161929
26.933235
2.256415
2.240022
2.157568
14.830006
2.235744
2.164405
6.921197
2.510493
2.374689
2.308858
9.857912
2.249854
2.144650
2.186831
34.800194
53.482014
2.112164
2.429378
2.253045
2.219410
2.238206
7.157966
2.197925
2.187261
2.115810
2.090463
5.685917
2.585098
2.249991
34.141834
2.269738
33.476997
2.211734
2.292106
2.153254
10.338013
2.196042
2.144419
13.006355
6.203917
2.303392
4.355070
2.158835
2.150330
2.247199
2.278494
2.306475
2.374363
2.239517
3.626008
8.699978
2.164747
2.236248
2.316075
2.214851
3.967608
50.660545
5.216772
4.314867
2.318549
2.215188
2.393773
2.107588
2.194014
2.334932
2.098764
2.237194
2.201868
2.217916
2.476620
2.338543
3.240675
33.454025
2.067355
9.409478
2.247931
2.825317
8.513113
2.226051
2.255409
2.431392
2.327103
2.267117
6.332199
2.121501
2.197947
2.177144
2.517738
3.475982
2.223989
2.111695
2.271221
2.237654
2.226417
5.045350
2.589576
5.387902
2.346962
2.215961
2.304693
14.913018
2.336364
2.275184
44.904732
2.339448
2.237411
2.925960
4.262313
2.232872
4.274729
2.387526
7.332788
2.282179
25.066265
2.251609
2.419277
25.482416
4.930641
2.247294
10.375433
2.184121
11.492559
18.097855
2.214924
2.275048
8.195632
2.247814
2.387278
2.180505
2.141837
2.534499
2.167791
3.617745
2.478427
2.256473
2.207187
2.386129
8.305452
2.244209
18.074039
2.653855
2.129946
2.230346
2.872695
8.219336
2.309937
9.192901
2.190637
16.033936
2.301502
35.149551
2.244969
15.962237
8.805390
2.306789
2.410837
2.183510
2.734863
2.194191
2.328444
2.346985
2.291741
2.170190
2.381207
2.101590
2.136295
6.590487
34.461914
2.948022
2.187092
8.705959
16.167147
2.130464
3.547398
2.171357
2.167384
2.311192
2.111751
33.517082
24.773096
6.151217
2.234726
11.549002
2.131511
2.284232
2.245808
2.108966
2.627438
2.089478
7.632498
4.527592
2.154110
2.348098
2.342005
2.313196
17.280289
2.341144
2.094337
2.059318
2.235908
5.568168
2.346655
2.256910
2.170294
2.438556
20.886385
2.070121
2.521213
2.286250
2.350308
2.312468
3.041057
2.130400
2.203697
7.675196
55.787457
2.144257
2.083819
2.136233
14.119073
2.267864
2.137543
2.221741
2.307142
2.251379
8.741421
39.367374
2.191176
28.690239
2.246529
2.234310
2.329379
17.393354
17.636425
2.288330
2.226826
2.191782
2.186010
2.383696
9.928836
4.209297
5.411841
2.337173
2.222542
2.218047
2.104900
2.513193
2.252536
4.382948
2.271499
2.257676
2.189554
2.250490
2.339051
2.321147
10.870547
15.495535
13.407331
2.222937
2.350519
2.290018
2.297390
2.234226
25.715418
5.814112
19.933525
2.487144
36.696148
2.430122
2.142509
2.194952
2.187950
2.275964
2.275664
2.186827
3.289843
2.263550
2.328706
2.244628
2.288025
2.282697
2.228889
56.418175
21.174265
2.167317
4.726550
3.918899
2.258839
2.407888
2.309566
16.948576
2.089748
2.367524
7.353174
2.201302
2.306457
2.183781
19.943668
2.104085
2.249357
2.184812
4.822814
2.148486
4.394498
37.542522
2.221647
3.735461
2.181480
2.180966
2.302333
2.302957
39.123871
2.507681
30.216185
2.057086
2.333583
2.152759
2.350058
3.335875
2.141779
2.418341
2.045908
2.208412
2.088806
13.270123
2.643829
2.206530
2.318143
2.240970
2.202543
2.161752
24.232153
2.805220
2.233043
32.076126
3.162251
9.981526
2.250168
2.131503
2.347917
10.630895
2.532969
2.198315
5.065373
2.265522
2.458215
2.202158
2.133096
2.124446
2.278536
2.031908
2.179950
12.006393
2.144675
2.306837
41.259068
4.146789
2.345687
2.271547
2.108990
3.463850
3.507970
5.584209
3.023354
2.635403
2.192678
2.164474
2.240923
4.951750
2.212837
2.788859
2.229499
17.136425
3.656629
8.979878
2.240190
2.144973
2.217800
2.407282
2.157091
2.030929
2.447206
6.331391
13.691529
2.283009
2.228692
2.196336
12.002537
4.631058
4.298044
2.149454
2.209752
21.389730
2.529758
2.216730
2.461459
2.140243
2.263356
4.371911
2.275717
2.322686
15.901201
2.260857
2.135456
65.565002
15.964652
2.179864
2.221615
2.395799
2.103237
2.583804
2.483198
2.192073
2.159034
35.190994
2.473481
2.135057
2.226468
2.382553
28.497541
2.099422
2.097288
2.278296
2.365128
2.369317
2.324368
22.177168
2.260491
2.134574
3.944519
2.206077
6.249980
2.292573
2.192056
3.783949
2.179693
44.594391
13.018787
2.213247
2.870419
2.144166
4.156435
2.227301
2.788304
3.527385
2.225454
2.153310
2.277095
2.190391
2.202733
2.197816
2.217771
5.008441
2.152944
11.258771
4.819611
2.805129
2.180113
3.993950
5.013371
2.171380
2.432703
27.558586
2.320854
6.220175
16.606939
2.087242
2.351611
3.514903
30.297405
2.182404
2.336073
2.072891
2.166437
2.245580
2.169569
2.159853
2.181957
2.364104
2.171557
2.281977
2.305620
5.909239
5.176804
2.239312
2.390924
4.461107
2.186810
2.292849
2.295401
11.816692
2.228490
2.237634
14.579123
2.249756
2.136697
3.374795
3.528373
2.275548
4.383385
2.134838
5.791069
2.147985
2.277424
10.710218
2.135767
2.201350
5.731236
2.031047
10.982601
2.225811
36.851315
2.194250
2.254319
32.415794
2.238435
2.488186
2.144641
2.227970
2.165154
2.106382
2.229691
2.284355
2.598790
2.158926
2.112898
2.332383
2.273402
2.303874
2.496741
2.258641
2.241745
6.516804
18.353081
2.295755
2.187695
3.786819
2.199878
2.399712
2.234372
5.002631
2.142351
2.287690
22.293373
2.131917
5.713639
2.472390
1.954691
2.260382
13.130710
14.202559
2.232630
2.141520
8.356454
2.312892
2.180498
3.505163
6.392080
3.095611
2.100649
2.218521
2.104030
19.096130
2.226794
6.012933
2.215983
2.173782
7.782417
5.625755
27.988087
12.672643
38.079216
54.200397
3.482309
3.847497
6.702285
2.298117
5.854764
2.129482
2.270884
2.424554
2.202082
14.643227
41.363949
3.252634
2.205726
3.677139
2.105939
39.959064
2.541162
2.306457
2.447464
2.260672
2.351561
2.272622
2.204473
4.618021
2.255905
2.203646
2.836029
2.207159
5.539998
16.633234
2.327948
36.942867
2.304400
22.180321
2.532678
2.235765
13.030638
6.720988
2.176316
2.292014
7.083268
2.440908
2.153080
20.069050
2.220911
2.232908
2.196269
2.353018
2.289168
4.176490
10.786612
3.458628
37.445385
2.130365
11.299440
2.307155
2.141324
17.814810
2.125041
11.322729
2.139117
2.250730
2.175428
2.298032
9.127893
2.084856
2.236561
17.056751
2.243407
2.296585
60.525089
50.776215
2.198627
2.278348
17.100929
2.168304
2.188382
5.788088
2.277236
2.980776
2.273417
2.158430
2.259670
2.218804
2.493345
21.420929
2.339254
2.325096
2.540038
2.236971
2.158150
2.154391
20.972548
2.478299
5.110574
24.241016
45.649639
2.296650
2.301393
2.210923
2.107040
2.314797
2.260633
15.579274
2.651865
14.642697
2.232168
2.224414
2.412705
12.806579
2.149490
44.954716
2.136073
2.221479
7.969808
2.135326
2.196626
2.116359
42.194656
4.682930
2.303467
4.440262
9.239889
2.159167
3.875021
61.017162
2.245190
2.065492
2.329622
2.146884
2.154783
3.756062
10.337186
2.209169
3.620901
2.128588
21.037769
2.372277
2.228901
2.277699
2.180012
2.190651
3.164424
2.960999
2.194539
24.998114
2.248280
45.032211
2.227940
2.309014
5.450757
2.233222
5.291846
2.150766
2.154833
2.147496
2.430936
34.826153
3.521753
2.157120
2.247426
2.221445
4.174149
2.044237
2.119593
2.235848
2.153579
2.242099
2.216148
2.260014
2.258764
2.421549
2.177310
5.728817
2.236343
2.164785
2.267545
2.097261
2.323016
4.041981
16.240658
2.224364
2.226005
2.318256
7.954851
2.214559
2.208588
2.327977
5.437253
13.047628
2.223752
30.535265
2.376363
2.261359
2.175285
10.357619
2.319964
2.175602
2.360934
2.216538
2.144447
48.022499
5.226158
2.252086
8.903245
2.585142
2.302127
8.348136
12.405454
2.831595
78.356796
2.127612
5.140339
2.223524
8.272608
2.314663
2.249362
2.706897
2.494994
2.187574
9.324226
2.203115
22.263189
2.129022
3.485482
2.475773
2.231964
2.139178
126.043587
3.109032
2.277567
2.293669
2.500877
23.107662
2.262310
42.277172
2.244681
2.142430
3.064115
2.381310
28.268864
2.176111
2.169578
3.159454
2.277494
2.228984
2.310310
2.184322
43.954659
2.120538
2.134652
2.149032
2.244421
2.380986
2.189754
5.804677
2.296383
10.112476
2.173004
2.185317
2.152234
3.541211
14.392078
2.175824
2.167325
2.281207
2.168447
2.291529
2.198071
2.615513
2.233133
2.412528
2.238537
61.169491
2.226005
49.725418
2.378383
2.275227
2.949893
2.176906
25.107336
2.221586
2.282758
2.909394
42.522484
2.227650
2.305242
2.558246
2.403214
4.297009
2.238466
2.267488
2.123580
12.924070
2.160586
2.518187
5.664550
2.159413
2.428041
5.771458
2.259132
2.310633
2.266568
2.268167
2.172473
2.317971
4.549520
11.161552
2.269095
6.681431
2.249080
2.221878
2.472162
2.214923
2.292808
2.223175
5.901004
2.083114
2.275579
2.250851
5.826648
18.968979
40.200798
2.197826
5.171641
3.060547
15.733700
2.690264
2.265027
15.760658
2.257008
2.495435
2.173098
2.227988
44.395519
2.859257
2.071737
2.146240
6.471487
41.024967
2.210797
2.039325
6.427923
2.343457
2.303916
2.235185
2.228381
2.506714
2.245536
2.253574
2.242347
15.848301
2.291102
42.353691
2.303784
6.246337
2.209507
2.158035
2.273068
2.337708
2.651039
2.222422
5.486346
35.664616
2.451403
2.191718
2.162103
4.573433
2.401310
2.182510
2.232402
5.320843
24.055519
2.128674
34.472157
2.113859
24.649498
77.374298
2.113361
3.686887
2.255254
2.227687
2.214250
2.107869
2.920880
2.236618
2.496778
2.259066
2.358925
2.127583
2.283698
2.396314
2.093758
2.238179
2.316646
2.241586
2.271261
2.108553
2.285053
2.203238
2.121832
2.258767
3.987200
2.114230
6.609364
2.052480
2.099240
2.369138
2.146169
3.717337
68.971947
2.231120
2.189269
2.269574
3.800765
2.230146
2.211030
11.217890
2.159257
2.391424
45.212593
2.075078
2.224125
2.148780
2.194872
2.847347
2.303343
30.338968
3.740935
45.008869
2.326751
26.259594
2.442401
20.728611
23.452038
2.291492
6.939223
2.276927
3.495969
2.149806
2.194570
5.477680
2.283967
2.374413
2.258315
2.216862
2.139720
2.293077
2.270609
2.337111
2.262947
2.420980
2.318581
2.148877
2.065781
18.134354
2.224916
38.362221
33.742702
2.236894
6.335552
2.645179
2.274617
2.322855
2.423070
7.641135
2.305898
6.373982
2.170024
2.077971
2.282402
2.251496
2.148981
2.265564
15.800502
2.150621
11.635279
2.188098
2.207465
3.357913
2.208809
23.154972
2.213541
2.226627
2.237471
2.306707
2.163838
2.151841
2.222356
2.155915
2.230631
2.163511
2.220699
2.228551
2.187224
2.363821
2.338645
2.925282
2.243900
2.316809
2.227412
3.253445
3.409224
3.681207
15.681702
2.135977
2.313017
2.172792
2.316301
2.067885
2.133248
13.849434
