2.323278
3.999560
2.127623
1.549965
1.954927
1.657534
1.910507
1.741664
1.807544
2.106205
1.973381
1.750945
1.526284
1.643921
1.502060
1.625147
1.962934
1.418622
1.569056
1.272806
1.597733
1.207658
1.304763
1.143399
1.510890
1.456511
1.454949
0.952176
0.738428
1.288267
1.350230
1.011073
0.634284
0.843293
0.813696
0.881347
1.005538
0.885866
1.007719
0.686173
0.486600
0.568069
0.627539
0.770229
0.692481
0.364525
0.689871
0.665533
0.351003
0.475488
0.315965
0.370859
0.494337
0.271169
0.170994
0.170912
0.252595
0.281934
0.041588
0.249327
0.547522
0.342032
0.083362
0.247057
0.122203
0.292038
0.267185
0.602342
0.173637
0.417227
0.275599
0.334559
0.250658
0.116190
0.093471
0.226061
0.175399
0.106724
0.113986
0.271874
0.177149
0.168276
0.482166
0.396808
0.059855
0.423013
0.285449
0.444287
0.172363
0.292351
0.292237
0.175381
0.197861
0.380762
0.177676
0.310156
0.206064
0.313869
0.165968
0.295644
0.138285
0.080938
0.118196
0.097015
0.237408
0.196596
0.419460
0.389212
0.266299
0.160861
0.130332
0.066606
0.139698
0.065849
0.034407
0.040632
0.061035
0.042318
0.076706
0.426050
0.043992
0.215019
0.145100
0.121369
0.085609
0.095897
0.182712
0.087972
0.012981
0.286145
0.045192
0.162296
0.052535
0.042365
0.252148
0.054936
0.086752
0.101615
0.185176
0.115064
0.129852
0.090367
0.319717
0.308637
0.194531
0.365333
0.035918
0.203056
0.296350
0.028525
0.161115
0.128621
0.230693
0.118803
0.106341
0.095096
0.094867
0.053727
0.043447
0.474778
0.162842
0.068318
0.138488
0.077853
0.092678
0.038821
0.048128
0.165485
0.213240
0.117810
0.227192
0.155993
0.315690
0.035334
0.113522
0.146908
0.142061
0.096352
0.081648
0.052300
0.250817
0.094805
0.219730
0.107738
0.096332
0.006802
0.006843
0.038895
0.077678
0.230802
0.075557
0.111727
0.052200
0.054421
0.063727
0.543052
0.101021
0.216250
0.116001
0.046547
0.215234
0.254350
0.079130
0.128103
0.084342
0.136188
0.116792
0.086647
0.174416
0.119987
0.174883
0.067567
0.174921
0.034603
0.137795
0.273439
0.109659
0.046822
0.160455
0.204571
0.140573
0.013428
0.134968
0.093182
0.180737
0.046984
0.054777
0.042179
0.251418
0.039495
0.136569
0.144924
0.057305
0.257315
0.105307
0.264593
0.026111
0.171940
0.049946
0.222238
0.293350
0.548379
0.250415
0.038924
0.044326
0.313893
0.026879
0.093749
0.085948
0.034451
0.071628
0.102087
0.073821
0.022133
0.130528
0.095160
0.049820
0.030980
0.058104
0.233139
0.252144
0.033492
0.264467
0.045833
0.018123
0.192611
0.130687
0.215560
0.115159
0.050115
0.047564
0.072079
0.066977
0.204781
0.016886
0.073306
0.030162
0.027040
0.206051
0.094872
0.029576
0.025515
0.184875
0.029817
0.082743
0.160247
0.107371
0.218966
0.221441
0.047749
0.146041
0.143636
0.105471
0.100358
0.026700
0.352410
0.017048
0.107416
0.214170
0.082570
0.122345
0.167734
0.134783
0.023952
0.067194
0.205349
0.050116
0.010709
0.046750
0.120085
0.139338
0.067236
0.033233
0.082266
0.075409
0.140492
0.035179
0.222676
0.012450
0.033040
0.217426
0.120898
0.162413
0.039634
0.180634
0.050295
0.045938
0.022480
0.043858
0.022806
0.018053
0.019147
0.024526
0.035900
0.030851
0.031285
0.022161
0.149377
0.040083
0.065438
0.143963
0.294205
0.044196
0.089214
0.011086
0.085163
0.056487
0.053339
0.068122
0.016563
0.098977
0.030069
0.193672
0.085653
0.038378
0.033509
0.043256
0.069352
0.236952
0.140832
0.138203
0.024383
0.029620
0.040298
0.086465
0.132214
0.085190
0.014059
0.058372
0.066877
0.220786
0.066757
0.116719
0.032902
0.084494
0.055148
0.271182
0.026835
0.040815
0.093739
0.050787
0.195461
0.090705
0.035949
0.026908
0.035910
0.025622
0.131437
0.141343
0.021806
0.030971
0.105580
0.028580
0.044240
0.007206
0.121901
0.241016
0.049150
0.094838
0.024691
0.439489
0.021536
0.080196
0.042925
0.071671
0.092481
0.126854
0.062680
0.065193
0.037963
0.103523
0.045422
0.028956
0.107623
0.208502
0.152698
0.185910
0.010278
0.259752
0.082636
0.035405
0.171918
0.145297
0.032182
0.188981
0.063576
0.026153
0.027041
0.048907
0.116625
0.093326
0.020153
0.074385
0.175591
0.048807
0.014404
0.062130
0.113857
0.026331
0.162923
0.243794
0.152927
0.012752
0.183015
0.133838
0.075378
0.131110
0.103026
0.034841
0.063731
0.040172
0.078197
0.014212
0.193561
0.098049
0.042504
0.090891
0.089716
0.011773
0.028604
0.082832
0.020507
0.170784
0.026362
0.013708
0.032606
0.120593
0.187152
0.082110
0.159971
0.120286
0.129875
0.082062
0.090573
0.090604
0.055774
0.073958
0.012265
0.072702
0.101716
0.009620
0.057194
0.012212
0.205825
0.155784
0.114425
0.262317
0.006893
0.064251
0.141462
0.020400
0.089013
0.074948
0.115754
0.083248
0.023992
0.061210
0.049503
0.071524
0.057300
0.035575
0.008449
0.008701
0.148841
0.210075
0.009764
0.305488
0.122828
0.035506
0.119590
0.073611
0.075682
0.081400
0.061714
0.050800
0.197456
0.101810
0.042723
0.006920
0.015193
0.035938
0.155364
0.064943
0.010236
0.011739
0.147555
0.013720
0.040696
0.092481
0.031188
0.030123
0.099235
0.032617
0.088107
0.048589
0.035558
0.061662
0.090192
0.018622
0.189391
0.084411
0.016799
0.081516
0.208861
0.005375
0.313071
0.168868
0.092618
0.033959
0.136727
0.127981
0.341600
0.084392
0.150334
0.105142
0.042032
0.118197
0.087468
0.087864
0.165711
0.054652
0.018865
0.011735
0.021463
0.013884
0.060108
0.065408
0.027814
0.059734
0.015513
0.040556
0.007521
0.027466
0.007189
0.044014
0.268607
0.210061
0.029466
0.012976
0.131929
0.062781
0.037942
0.020628
0.009498
0.013565
0.110108
0.067859
0.015279
0.144295
0.049375
0.007184
0.077546
0.035156
0.045994
0.049386
0.010881
0.032033
0.304465
0.031535
0.023052
0.060386
0.015255
0.016165
0.099378
0.178655
0.018033
0.054194
0.018316
0.242062
0.046868
0.176998
0.047810
0.010139
0.049213
0.198477
0.030524
0.059521
0.038008
0.127087
0.011788
0.015000
0.064367
0.075109
0.112691
0.122519
0.160502
0.017049
0.073161
0.065111
0.233405
0.016113
0.004328
0.243287
0.007617
0.015674
0.144667
0.015816
0.045847
0.030025
0.090752
0.059616
0.025974
0.135544
0.020346
0.185177
0.024143
0.181989
0.064929
0.018184
0.066442
0.129202
0.126155
0.079740
0.215914
0.027438
0.009004
0.005869
0.040102
0.013088
0.023881
0.013569
0.016984
0.014426
0.025297
0.037634
0.146443
0.073194
0.024764
0.114282
0.149102
0.030162
0.118808
0.033919
0.023952
0.031824
0.211909
0.107032
0.101404
0.025526
0.084643
0.020753
0.023162
0.122702
0.384201
0.027039
0.011779
0.033611
0.104493
0.018199
0.223973
0.022759
0.087081
0.027515
0.191940
0.041649
0.006145
0.139380
0.050790
0.134827
0.118790
0.070227
0.006456
0.054706
0.099986
0.124333
0.024757
0.027296
0.036307
0.049222
0.072806
0.025869
0.107995
0.114338
0.081457
0.207904
0.052089
0.030451
0.095940
0.060461
0.309982
0.010671
0.085344
0.147561
0.075205
0.076571
0.026362
0.017092
0.148811
0.003306
0.038265
0.034716
0.024116
0.005210
0.024370
0.029640
0.104530
0.071962
0.019894
0.031636
0.080907
0.082437
0.010222
0.175024
0.365910
0.014560
0.017517
0.055644
0.007007
0.021377
0.023219
0.012396
0.022366
0.025426
0.081711
0.141717
0.016549
0.044702
0.083430
0.066593
0.145422
0.027912
0.085491
0.019514
0.096363
0.023189
0.052499
0.062760
0.022083
0.041454
0.065465
0.019517
0.110725
0.123060
0.075349
0.005730
0.032506
0.157862
0.014990
0.048841
0.052416
0.070822
0.158442
0.017707
0.204696
0.056049
0.095415
0.037786
0.088049
0.065661
0.011945
0.095343
0.025593
0.050099
0.018808
0.031844
0.117980
0.210632
0.106690
0.046311
0.084987
0.016980
0.069170
0.041029
0.010769
0.004808
0.061475
0.029415
0.137298
0.007945
0.141370
0.032671
0.268427
0.084831
0.023298
0.264393
0.129013
0.189528
0.120267
0.246759
0.066768
0.233294
0.043339
0.015411
0.013345
0.016138
0.070684
0.056695
0.006551
0.004956
0.295756
0.025021
0.064731
0.181927
0.198515
0.150273
0.033847
0.016251
0.024793
0.099370
0.168149
0.112669
0.117079
0.051451
0.052360
0.027092
0.103258
0.042328
0.053324
0.062643
0.007529
0.037336
0.055603
0.128837
0.010645
0.061688
0.029295
0.078869
0.052755
0.033048
0.049092
0.129401
0.014067
0.023343
0.016613
0.195130
0.164743
0.024806
0.011362
0.076914
0.016612
0.066659
0.018312
0.060104
0.025179
0.035580
0.023230
0.020820
0.043922
0.118871
0.091026
0.040791
0.017390
0.015833
0.035026
0.017349
0.066531
0.030255
0.063570
0.186372
0.123607
0.113610
0.047448
0.013342
0.027382
0.298767
0.151575
0.039099
0.008763
0.163028
0.055076
0.021074
0.028305
0.016008
0.036535
0.005760
0.030562
0.024772
0.047159
0.078961
0.072394
0.043912
0.012353
0.103997
0.061378
0.110326
0.053212
0.197876
0.074816
0.043267
0.015543
0.024500
0.072769
0.296578
0.114503
0.058372
0.052519
0.119187
0.059267
0.063125
0.027330
0.169545
0.003884
0.174764
0.101810
0.040388
0.147082
0.013066
0.004597
0.066338
0.109997
0.033347
0.129821
0.036416
0.005185
0.080081
0.050079
0.010528
0.036615
0.087807
0.378929
0.138685
0.004168
0.012784
0.050187
0.080291
0.030203
0.009501
0.122385
0.041745
0.004518
0.033665
0.032248
0.024365
0.106176
0.125389
0.005485
0.177362
0.030237
0.155432
0.096986
0.017590
0.009989
0.017529
0.023462
0.009103
0.084011
0.053195
0.027842
0.036210
0.010211
0.022656
0.062325
0.096216
0.152715
0.009559
0.034477
0.007846
0.131313
0.089723
0.024259
0.043046
0.033586
0.044028
0.038138
0.194680
0.070181
0.019656
0.020693
0.074105
0.018478
0.156599
0.049449
0.045086
0.091109
0.090660
0.089469
0.005663
0.065492
0.028980
0.031223
0.189056
0.070556
0.016010
0.037785
0.009597
0.084376
0.256965
0.052075
0.044588
0.059929
0.118632
0.032014
0.044405
0.075412
0.060636
0.022723
0.026683
0.114896
0.048213
0.111293
0.125611
0.005344
0.014928
0.093108
0.021357
0.118310
0.279809
0.025575
0.035438
0.006398
0.035931
0.064281
0.126532
0.101487
0.020423
0.036354
0.051619
0.019025
0.019215
0.018320
0.038445
0.147463
0.223292
0.018270
0.079098
0.024948
0.033243
0.194456
0.013499
0.039986
0.010016
0.025842
0.264298
0.028457
0.007176
0.026584
0.012733
0.171112
0.005850
0.012484
0.069036
0.152635
0.093384
0.005258
0.072923
0.150656
0.164679
0.039509
0.026162
0.011474
0.118503
0.101997
0.160675
0.196791
0.018584
0.033691
0.143655
0.195485
0.018051
0.023956
0.121158
0.096639
0.396453
0.067937
0.005156
0.022461
0.055244
0.039561
0.012974
0.022313
0.014535
0.014767
0.018378
0.033880
0.097481
0.051519
0.026127
0.053676
0.092298
0.171531
0.093414
0.044745
0.005344
0.005667
0.010064
0.057765
0.037893
0.172036
0.109000
0.068903
0.063768
0.091002
0.042650
0.059573
0.002566
0.027145
0.162683
0.016256
0.022730
0.091031
0.014393
0.062852
0.114194
0.060556
0.101623
0.063988
0.078356
0.060378
0.014311
0.016797
0.023871
0.043338
0.029043
0.045502
0.069568
0.037778
0.010638
0.080332
0.063465
0.045401
0.039577
0.006131
0.093885
0.017001
0.161318
0.089954
0.010115
0.013044
0.182035
0.013027
0.010963
0.018907
0.067262
0.021575
0.080783
0.061522
0.182903
0.008724
0.123799
0.063308
0.286359
0.072233
0.029098
0.041837
0.057091
0.062745
0.005647
0.147276
0.029609
0.149935
0.003481
0.093666
0.013124
0.022398
0.159527
0.066407
0.098926
0.205446
0.018671
0.041066
0.099851
0.128571
0.012545
0.038295
0.023652
0.013136
0.021097
0.214048
0.012140
0.025385
0.114074
0.055892
0.023916
0.010520
0.027835
0.263263
0.004692
0.047978
0.011321
0.064707
0.073741
0.032154
0.010363
0.010971
0.062707
0.020640
0.058894
0.051362
0.016610
0.020570
0.097916
0.056459
0.142958
0.065974
0.277921
0.045348
0.009864
0.058694
0.010269
0.018383
0.018041
0.089991
0.119585
0.088094
0.132572
0.130390
0.012603
0.009016
0.019824
0.122554
0.108622
0.034051
0.074219
0.025734
0.117012
0.029536
0.279265
0.139978
0.009009
0.017398
0.021919
0.091441
0.038064
0.006715
0.013726
0.022177
0.181011
0.058195
0.043522
0.063518
0.012312
0.036798
0.073165
0.029395
0.056448
0.011642
0.116691
0.014528
0.047357
0.043580
0.012657
0.042631
0.074741
0.051822
0.011266
0.016441
0.110507
0.027231
0.020162
0.027448
0.054985
0.029776
0.036388
0.052165
0.045925
0.138003
0.061865
0.093395
0.046829
0.060636
0.085564
0.003074
0.137239
0.085585
0.035216
0.151237
0.147765
0.023149
0.030843
0.276735
0.008651
0.041961
0.006297
0.003903
0.028712
0.073292
0.084322
0.015897
0.011812
0.043760
0.027223
0.071554
0.081996
0.139153
0.048620
0.016313
0.035131
0.130766
0.015137
0.111177
0.008996
0.149180
0.002964
0.035012
0.013284
0.003216
0.020374
0.050285
0.018894
0.030336
0.034136
0.019082
0.103517
0.054527
0.023129
0.016719
0.130326
0.090175
0.004701
0.034209
0.062357
0.011401
0.007481
0.008579
0.048502
0.013275
0.017121
0.023274
0.075394
0.012598
0.262503
0.036847
0.154995
0.098255
0.174932
0.060364
0.032446
0.102640
0.166667
0.121626
0.036621
0.067747
0.008522
0.107130
0.045614
0.108337
0.033034
0.101421
0.095964
0.047777
0.030935
0.045180
0.110655
0.124417
0.101551
0.072095
0.005894
0.092033
0.022682
0.139295
0.135260
0.014432
0.111748
0.147344
0.013199
0.023985
0.029508
0.003844
0.037001
0.030734
0.048362
0.075383
0.024008
0.016011
0.015343
0.132624
0.019542
0.087140
0.005722
0.068775
0.010359
0.025480
0.010213
0.003969
0.017455
0.016887
0.025241
0.035444
0.050107
0.127346
0.062428
0.017550
0.065442
0.018181
0.177142
0.009207
0.115561
0.022066
0.012136
0.015757
0.161933
0.013098
0.019411
0.023695
0.017227
0.128943
0.005343
0.029692
0.046965
0.138992
0.031348
0.127446
0.102060
0.031135
0.015326
0.067601
0.077816
0.015501
0.073020
0.054881
0.051407
0.069568
0.175639
0.032234
0.032664
0.015537
0.016865
0.123346
0.010535
0.010395
0.011865
0.005151
0.011007
0.038984
0.013938
0.022357
0.026120
0.011221
0.054705
0.026171
0.083106
0.039066
0.033801
0.024238
0.026619
0.083393
0.005091
0.026593
0.015948
0.066918
0.051365
0.395330
0.062454
0.160049
0.035155
0.012916
0.023400
0.021955
0.032607
0.032301
0.081075
0.100537
0.024655
0.016788
0.102422
0.012739
0.029656
0.108901
0.019262
0.087744
0.132839
0.051342
0.056263
0.111669
0.088001
0.004046
0.012482
0.107273
0.100771
0.007790
0.026660
0.133487
0.008521
0.022537
0.051614
0.078837
0.021950
0.041209
0.029826
0.004446
0.035486
0.001122
0.139729
0.005286
0.301800
0.008114
0.035004
0.083373
0.153832
0.156368
0.019233
0.012678
0.048390
0.079509
0.030993
0.083263
0.091698
0.029147
0.107596
0.021724
0.013050
0.033358
0.011104
0.039984
0.023365
0.098631
0.135389
0.095820
0.027490
0.057254
0.029080
0.037820
0.011441
0.005257
0.255369
0.027349
0.106853
0.030725
0.120463
0.130003
0.114486
0.027513
0.045170
0.059618
0.112568
0.007380
0.023287
0.070452
0.003281
0.025638
0.028911
0.023136
0.009854
0.047694
0.103115
0.009895
0.107742
0.101483
0.077724
0.018027
0.009142
0.044017
0.044062
0.166846
0.032683
0.006089
0.029733
0.070508
0.057435
0.023157
0.070081
0.128376
0.078957
0.074590
0.010247
0.130746
0.113085
0.130719
0.137543
0.108317
0.036402
0.010605
0.024409
0.065776
0.011102
0.197266
0.005963
0.067436
0.009772
0.061620
0.091685
0.020001
0.005005
0.032910
0.004755
0.019032
0.055539
0.163845
0.046516
0.030472
0.127217
0.002756
0.002151
0.058270
0.053320
0.019115
0.153494
0.022292
0.033516
0.040212
0.007554
0.042524
0.053565
0.007530
0.008128
0.040314
0.023972
0.025143
0.102049
0.034149
0.052682
0.058979
0.042670
0.029152
0.011847
0.008313
0.003116
0.013130
0.132423
0.141569
0.192123
0.057329
0.051020
0.026440
0.025345
0.068983
0.025749
0.079839
0.009197
0.027354
0.018243
0.056812
0.023876
0.029894
0.021267
0.045520
0.006441
0.005360
0.038251
0.102132
0.022954
0.076596
0.003274
0.028644
0.018946
0.040259
0.017852
0.043751
0.272951
0.004684
0.024505
0.025084
0.019038
0.142064
0.004946
0.014706
0.012603
0.020753
0.035113
0.024790
0.037670
0.036598
0.106321
0.018630
0.144680
0.035887
0.040973
0.025184
0.255007
0.012240
0.150037
0.160963
0.034371
0.007663
0.028889
0.152886
0.050726
0.059275
0.017185
0.044659
0.018428
0.093377
0.031465
0.073662
0.152968
0.046820
0.023562
0.115726
0.028812
0.129933
0.009657
0.073384
0.005986
0.010882
0.085995
0.042036
0.009810
0.214174
0.133142
0.011453
0.043329
0.056764
0.007017
0.013803
0.017250
0.006765
0.070360
0.010262
0.015418
0.011614
0.070283
0.015150
0.096355
0.053255
0.017326
0.046885
0.017766
0.079778
0.009459
0.263272
0.072079
0.007360
0.086253
0.013926
0.022136
0.137772
0.032384
0.007981
0.003669
0.029036
0.013804
0.014053
0.162691
0.028136
0.014123
0.104003
0.053128
0.020957
0.012026
0.037928
0.112240
0.024244
0.006685
0.059255
0.004748
0.009905
0.022517
0.027729
0.021161
0.108592
0.008571
0.010723
0.076808
0.077403
0.060644
0.031354
0.020934
0.112729
0.084522
0.061477
0.010250
0.069088
0.158181
0.007671
0.040035
0.009468
0.016812
0.095113
0.174680
0.266493
0.009571
0.017168
0.007387
0.019057
0.094082
0.019376
0.017628
0.041751
0.024025
0.259449
0.017596
0.118128
0.041093
0.059953
0.076278
0.173748
0.015086
0.190358
0.057510
0.114051
0.025307
0.061003
0.057405
0.072674
0.071705
0.017902
0.046905
0.100478
0.012013
0.053211
0.044406
0.010991
0.044062
0.038942
0.028801
0.005612
0.068747
0.002330
0.090131
0.008526
0.041365
0.009238
0.011502
0.024048
0.036181
0.100144
0.010083
0.024362
0.180280
0.010844
0.020880
0.017158
0.008188
0.018192
0.222017
0.013098
0.024225
0.020650
0.123090
0.008235
0.022472
0.009710
0.033718
0.187577
0.052027
0.055775
0.037764
0.114014
0.007787
0.022598
0.021982
0.035898
0.022335
0.008748
0.008374
0.177604
0.037534
0.026291
0.020712
0.048787
0.018917
0.021552
0.026026
0.006951
0.021439
0.095804
0.014393
0.003120
0.009313
0.077925
0.027816
0.011853
0.141010
0.113801
0.011197
0.008611
0.034643
0.058988
0.055965
0.005546
0.003085
0.004519
0.100304
0.101472
0.109710
0.006779
0.024440
0.266834
0.015656
0.005309
0.047683
0.144897
0.092850
0.006716
0.091459
0.128242
0.003156
0.095371
0.035767
0.138079
0.097882
0.112433
0.030843
0.024934
0.038420
0.022725
0.015119
0.035951
0.125963
0.021277
0.028382
0.150842
0.166096
0.022384
0.177894
0.006952
0.002403
0.069152
0.051195
0.017208
0.018836
0.133189
0.137838
0.245722
0.071657
0.037010
0.039890
0.009656
0.030951
0.098085
0.040349
0.028854
0.030615
0.011758
0.177505
0.234029
0.012982
0.064677
0.044987
0.034903
0.038685
0.014791
0.008036
0.058581
0.035962
0.141250
0.008445
0.078039
0.016334
0.054965
0.040827
0.075293
0.010037
0.015512
0.079172
0.006618
0.032349
0.063445
0.010648
0.031052
0.007467
0.002033
0.107524
0.010898
0.007050
0.009080
0.022195
0.024737
0.022432
0.022763
0.015544
0.039778
0.036492
0.008371
0.019580
0.005397
0.074703
0.021536
0.011588
0.210936
0.069418
0.087581
0.011184
0.010022
0.123550
0.039418
0.008116
0.026121
0.010010
0.077820
0.022424
0.005927
0.122666
0.088671
0.059188
0.008298
0.019473
0.129769
0.022691
0.081813
0.045847
0.083649
0.040349
0.199406
0.005180
0.173936
0.055391
0.008508
0.026004
0.020560
0.053490
0.028973
0.008126
0.129774
0.019163
0.016229
0.015118
0.040198
0.020953
0.013351
0.115313
0.043941
0.033690
0.194645
0.123187
0.046500
0.043594
0.278181
0.007111
0.151189
0.042582
0.123992
0.024725
0.019972
0.032169
0.079636
0.004289
0.103090
0.062663
0.097443
0.010143
0.023724
0.038756
0.020898
0.013462
0.026954
0.032445
0.042815
0.022662
0.013995
0.008889
0.075203
0.040375
0.019826
0.070928
0.021147
0.093666
0.044957
0.016051
0.041528
0.046065
0.004316
0.052389
0.036146
0.142951
0.005321
0.081626
0.045574
0.079935
0.016342
0.006561
0.001724
0.177956
0.035077
0.021678
0.003654
0.112753
0.046295
0.067816
0.042036
0.016592
0.007318
0.006042
0.018042
0.003968
0.035257
0.007474
0.016474
0.097054
0.017657
0.031737
0.074966
0.005404
0.020495
0.021592
0.003984
0.011420
0.220810
0.111554
0.003511
0.070923
0.016568
0.036720
0.156871
0.064179
0.017562
0.080855
0.031813
0.004550
0.228605
0.039361
0.087967
0.006142
0.005559
0.026249
0.025787
0.012961
0.008285
0.015625
0.158587
0.022674
0.007134
0.003141
0.066239
0.026824
0.093436
0.007604
0.021904
0.072481
0.021060
0.036461
0.069401
0.005468
0.096810
0.010858
0.024696
0.042648
0.030155
0.009045
0.048597
0.014164
0.011279
0.110206
0.013116
0.003043
0.003589
0.030930
0.028444
0.024113
0.077629
0.075002
0.063473
0.066654
0.033162
0.134129
0.032513
0.035604
0.175518
0.160531
0.007459
0.139451
0.064170
0.016850
0.054180
0.018098
0.014306
0.019439
0.016234
0.055005
0.047541
0.077523
0.008196
0.009060
0.017137
0.017410
0.021267
0.012080
0.013009
0.184583
0.020114
0.019747
0.011693
0.012720
0.276825
0.032313
0.060800
0.093280
0.042211
0.005836
0.079601
0.040418
0.124925
0.028199
0.030006
0.149158
0.005537
0.123532
0.038061
0.005883
0.006194
0.021981
0.060813
0.028377
0.164404
0.008389
0.083934
0.047558
0.004968
0.053245
0.005160
0.122429
0.017247
0.030005
0.126619
0.017584
0.055118
0.232017
0.082162
0.108954
0.023884
0.009827
0.012344
0.016984
0.041368
0.032672
0.052028
0.054626
0.004036
0.012238
0.005248
0.005304
0.014967
0.006320
0.042820
0.061821
0.056711
0.089645
0.087316
0.006812
0.037885
0.057710
0.045686
0.009663
0.010183
0.029643
0.018578
0.014480
0.011625
0.012496
0.006753
0.049877
0.001755
0.018736
0.003909
0.019461
0.004509
0.012319
0.192239
0.008485
0.073806
0.022934
0.030573
0.012834
0.004176
0.040274
0.004701
0.019506
0.041575
0.002714
0.011403
0.027439
0.010932
0.079546
0.069965
0.036445
0.117257
0.009010
0.080902
0.023602
0.017652
0.067368
0.013374
0.015332
0.034468
0.066666
0.013301
0.016528
0.040299
0.103461
0.064512
0.063023
0.014203
0.109800
0.020392
0.040294
0.017557
0.129292
0.013649
0.015047
0.075673
0.062945
0.016558
0.042585
0.111974
0.038862
0.186812
0.095156
0.033172
0.030186
0.040351
0.359162
0.034319
0.079422
0.043893
0.056263
0.025431
0.007215
0.275797
0.003292
0.019053
0.062821
0.254434
0.017651
0.027544
0.042346
0.025778
0.020380
0.010086
0.024441
0.050285
0.052761
0.040569
0.015270
0.006047
0.051051
0.065718
0.009532
0.030705
0.181409
0.008954
0.202749
0.041371
0.009152
0.044727
0.024269
0.015240
0.164193
0.009317
0.013457
0.102458
0.021366
0.120237
0.042894
0.035066
0.011372
0.092556
0.084557
0.071816
0.037666
0.004706
0.010844
0.004743
0.044391
0.028481
0.009141
0.038243
0.086018
0.055487
0.073172
0.247335
0.009125
0.039982
0.005752
0.045018
0.036551
0.032894
0.092491
0.047379
0.039816
0.018598
0.076288
0.110338
0.006346
0.035484
0.139641
0.026269
0.002607
0.004583
0.022777
0.007051
0.008959
0.051801
0.077629
0.015002
0.087372
0.028137
0.015214
0.015430
0.006858
0.014997
0.007751
0.057506
0.026838
0.003561
0.082970
0.032556
0.006211
0.016058
0.018335
0.024171
0.039623
0.008485
0.013721
0.033292
0.024574
0.033591
0.009459
0.043171
0.019537
0.005395
0.018795
0.025473
0.059398
0.216162
0.039955
