2.333566
2.000577
11.385582
2.936438
2.561039
2.329456
2.321450
2.307226
2.286311
2.276945
2.258546
2.267197
2.222217
2.240129
2.233636
2.236487
2.323379
2.303418
2.264230
2.282912
2.248243
2.226669
2.200670
2.197806
2.211437
2.147487
2.060769
2.011828
2.087676
1.999860
1.950446
1.939653
2.156615
2.204794
2.071156
1.955828
1.793232
1.850182
1.876677
1.644077
1.657278
1.583231
1.802248
1.492997
1.519096
1.522514
1.269431
1.314122
1.077555
1.355855
1.957191
1.629534
1.385888
0.832976
1.088254
1.238591
1.458211
1.196011
1.090412
1.001714
1.364313
0.612083
0.873163
0.985092
0.817438
0.824264
0.951941
0.729621
0.667825
0.923136
0.497748
0.634751
0.693313
0.582706
0.568056
0.916797
0.625643
1.278330
0.902488
0.890274
0.496205
0.508501
0.940200
0.684225
0.509073
0.340561
0.467814
0.620212
0.682285
0.650691
0.575352
0.370514
0.675346
0.597420
0.368300
0.640508
0.321206
0.956369
0.834297
0.546356
0.387496
0.423374
0.452859
0.377726
0.484883
0.796626
0.569853
0.521170
0.629662
0.428162
0.510348
0.361894
0.195141
0.530393
0.480392
0.372609
0.693492
0.358790
0.545586
0.500406
0.604011
0.344037
0.381689
0.446312
0.407492
0.651516
0.383027
0.395513
0.351408
0.304164
0.568601
0.284462
0.403652
0.509178
0.653570
0.417245
0.509002
0.507758
0.592357
0.206118
0.814120
0.348018
0.598790
0.208012
0.576517
0.502077
0.438179
0.485258
0.654648
0.559866
0.383887
0.398080
0.420096
0.392515
0.233577
0.495833
0.317720
0.232569
0.311122
0.234411
0.260781
0.410391
0.399225
0.383357
0.184430
0.376209
0.348019
0.246991
0.245883
0.517057
0.158848
0.264919
0.470209
0.306527
0.593273
0.279129
0.509838
0.268438
0.245535
0.275515
0.140867
0.286609
0.493427
0.583070
0.336707
0.244798
0.341106
0.202831
0.437040
0.359719
0.338660
0.654042
0.313826
0.285382
0.213286
0.298820
0.571625
0.265167
0.408231
0.404791
0.465665
0.138522
0.407284
0.133350
0.139626
0.158065
0.351910
0.412311
0.305556
0.275990
0.316802
0.367149
0.384416
0.497922
0.231410
0.358701
0.621467
0.410032
0.297203
0.112429
0.227734
0.406877
0.275801
0.161820
0.269433
0.134190
0.233991
0.400499
0.389736
0.227562
0.282374
0.598313
0.269083
0.641976
0.087901
0.465756
0.089396
0.149902
0.203467
0.368845
0.589293
0.230442
0.233371
0.388429
0.501372
0.287066
0.472595
0.535284
0.247363
0.456448
0.257993
0.205352
0.111821
0.434404
0.286786
0.294396
0.302402
0.191947
0.328585
0.159554
0.164649
0.147711
0.450849
0.282924
0.365017
0.128364
0.420600
0.292153
0.491979
0.275681
0.316463
0.232265
0.190100
0.626339
0.413537
0.154179
0.311782
0.350203
0.228294
0.348102
0.274273
0.359105
0.246350
0.325864
0.219481
0.290439
0.323511
0.118771
0.093167
0.129811
0.536540
0.204102
0.320699
0.158275
0.226725
0.231369
0.521459
0.156312
0.207953
0.111975
0.124173
0.280731
0.214930
0.192297
0.368936
0.203349
0.296658
0.583685
0.515119
0.107927
0.312578
0.091208
0.349883
0.565588
0.237510
0.261931
0.325340
0.366122
0.373702
0.247898
0.167989
0.265177
0.314882
0.192504
0.501099
0.360313
0.324314
0.301252
0.171919
0.237628
0.167382
0.227064
0.130770
0.376638
0.329301
0.507519
0.190651
0.446428
0.352702
0.202852
0.336103
0.127595
0.199990
0.204905
0.192879
0.199296
0.463548
0.135979
0.308003
0.511992
0.246850
0.469794
0.178796
0.290543
0.339918
0.203454
0.367824
0.341530
0.222625
0.357669
0.334986
0.125645
0.288750
0.358377
0.320979
0.236062
0.322725
0.475148
0.287822
0.462987
0.213358
0.261761
0.135735
0.163138
0.249469
0.112504
0.457869
0.121891
0.064190
0.187738
0.174843
0.334709
0.170110
0.136541
0.259136
0.099978
0.297913
0.168276
0.166803
0.063871
0.390352
0.120154
0.310332
0.212369
0.134289
0.232341
0.189262
0.455562
0.233707
0.161546
0.113573
0.165575
0.196931
0.162589
0.194959
0.428205
0.095014
0.329307
0.174553
0.395868
0.393059
0.191637
0.248554
0.142645
0.120553
0.140795
0.258364
0.273103
0.185771
0.193846
0.241039
0.188803
0.155252
0.134277
0.163173
0.315874
0.420497
0.100719
0.240653
0.413980
0.151274
0.414975
0.445181
0.434589
0.321630
0.212337
0.479462
0.280507
0.449419
0.131180
0.147212
0.081863
0.237358
0.154092
0.328317
0.387504
0.197244
0.189728
0.235716
0.091584
0.514853
0.157354
0.266721
0.108997
0.074992
0.338794
0.196482
0.205448
0.209916
0.415946
0.223260
0.252532
0.382320
0.125827
0.198182
0.255562
0.500492
0.211579
0.270435
0.102177
0.321655
0.331747
0.484823
0.367981
0.271027
0.350911
0.273561
0.384916
0.246948
0.178230
0.501487
0.103620
0.194012
0.183229
0.196620
0.069035
0.232927
0.157220
0.062819
0.223646
0.120110
0.073765
0.093890
0.226962
0.166504
0.158752
0.157307
0.284231
0.254083
0.422689
0.299737
0.171715
0.295334
0.153073
0.252412
0.184246
0.253278
0.088582
0.139521
0.222112
0.347443
0.162956
0.227851
0.176798
0.188935
0.142426
0.441450
0.076741
0.136206
0.318403
0.443966
0.072146
0.167088
0.283065
0.089804
0.347044
0.525155
0.237492
0.188683
0.065765
0.127424
0.217638
0.169296
0.188321
0.363931
0.507779
0.214841
0.187923
0.181996
0.114769
0.202465
0.179811
0.547402
0.101766
0.082896
0.347836
0.215439
0.216770
0.107943
0.211802
0.276432
0.172768
0.307535
0.160958
0.123627
0.172876
0.244160
0.126868
0.178315
0.243046
0.121828
0.206794
0.149887
0.099967
0.321782
0.193500
0.155993
0.181323
0.198241
0.270962
0.231418
0.221661
0.068570
0.232495
0.124498
0.166179
0.207199
0.162864
0.054999
0.115636
0.074520
0.121835
0.055569
0.143499
0.187333
0.119400
0.320753
0.061724
0.121977
0.204318
0.261577
0.205697
0.168610
0.397102
0.105475
0.059814
0.367121
0.206997
0.176627
0.155618
0.344730
0.347807
0.327368
0.204921
0.036419
0.287196
0.229930
0.115712
0.279431
0.180418
0.264880
0.087846
0.294046
0.125614
0.131527
0.071574
0.112517
0.224370
0.092457
0.144035
0.093919
0.110316
0.585823
0.174283
0.094454
0.141912
0.161198
0.157322
0.162421
0.084326
0.108705
0.064048
0.265923
0.343850
0.387561
0.408283
0.130925
0.261532
0.403044
0.220209
0.451186
0.103871
0.122773
0.147171
0.212894
0.098167
0.318160
0.125363
0.093271
0.298373
0.112032
0.321410
0.312734
0.124051
0.141126
0.275254
0.127661
0.307891
0.160461
0.308122
0.420070
0.157828
0.250381
0.300791
0.180849
0.146894
0.084394
0.118873
0.248427
0.089172
0.115808
0.136465
0.345794
0.116680
0.265133
0.363390
0.199192
0.090532
0.113645
0.112372
0.285859
0.081332
0.141277
0.398671
0.218658
0.043085
0.159814
0.131477
0.188480
0.236411
0.342205
0.161115
0.125052
0.163929
0.198158
0.411219
0.277046
0.333056
0.199873
0.252832
0.219499
0.176359
0.138769
0.225110
0.084709
0.326367
0.128170
0.138759
0.123839
0.231739
0.084277
0.159105
0.313077
0.199992
0.106704
0.128013
0.191316
0.434694
0.234297
0.132386
0.102543
0.120208
0.296537
0.220509
0.170259
0.273128
0.168299
0.077318
0.245097
0.065836
0.171470
0.335825
0.119562
0.102616
0.160328
0.091107
0.084400
0.063971
0.308708
0.385163
0.295435
0.292718
0.266019
0.510169
0.324838
0.217566
0.096148
0.092563
0.208858
0.186480
0.137011
0.220460
0.066017
0.350710
0.110784
0.030629
0.072396
0.323741
0.118915
0.149515
0.222752
0.155396
0.123753
0.384335
0.250560
0.089378
0.134484
0.156614
0.630203
0.113169
0.085086
0.157629
0.262967
0.149254
0.219347
0.073510
0.166950
0.108769
0.109261
0.177790
0.114880
0.116683
0.236451
0.059901
0.129109
0.040065
0.063523
0.265635
0.105471
0.265322
0.317453
0.079751
0.153785
0.174328
0.092254
0.247000
0.373971
0.223867
0.274687
0.321686
0.278839
0.104856
0.320131
0.092986
0.121839
0.291807
0.098766
0.276119
0.421758
0.168618
0.190549
0.153090
0.259116
0.343567
0.068675
0.147546
0.251938
0.243730
0.128826
0.392825
0.133336
0.204694
0.177759
0.254168
0.079829
0.171733
0.177106
0.179613
0.472678
0.094424
0.324399
0.156507
0.127396
0.121367
0.281943
0.124017
0.328666
0.162867
0.189996
0.371624
0.076605
0.182666
0.202481
0.158754
0.076901
0.166469
0.033013
0.193493
0.064827
0.048616
0.270345
0.130706
0.283735
0.095310
0.330959
0.129449
0.102551
0.093917
0.326991
0.257018
0.102754
0.101025
0.091778
0.243450
0.122298
0.226945
0.351011
0.075658
0.263989
0.158222
0.161976
0.120915
0.212754
0.123346
0.137082
0.181683
0.172675
0.070049
0.339973
0.497832
0.251618
0.056894
0.104908
0.138554
0.338990
0.183110
0.100130
0.190421
0.141358
0.143605
0.110941
0.103535
0.175141
0.035832
0.225351
0.232829
0.265096
0.052703
0.174636
0.132266
0.408316
0.069528
0.114172
0.233769
0.149951
0.182849
0.160967
0.106729
0.096917
0.134839
0.168848
0.186354
0.160369
0.032701
0.114435
0.184229
0.175526
0.148358
0.173773
0.155905
0.148988
0.243534
0.059583
0.340854
0.123446
0.375493
0.415538
0.060080
0.514646
0.064965
0.181589
0.347531
0.161829
0.120860
0.296524
0.217851
0.086082
0.095062
0.155192
0.417023
0.233409
0.157933
0.137385
0.117657
0.108811
0.117238
0.146104
0.224995
0.252432
0.127806
0.057626
0.297382
0.136489
0.097218
0.068001
0.192719
0.133937
0.277390
0.209697
0.091472
0.171553
0.115359
0.220847
0.088200
0.095212
0.075408
0.046619
0.179200
0.037162
0.090258
0.136148
0.171482
0.150988
0.230803
0.143455
0.292535
0.192472
0.351481
0.224609
0.160565
0.162693
0.202533
0.095641
0.112500
0.052341
0.151193
0.461391
0.083898
0.173118
0.234192
0.251282
0.151872
0.446063
0.231166
0.287762
0.214908
0.167175
0.108977
0.068878
0.152165
0.220400
0.104778
0.120970
0.151977
0.238233
0.177098
0.079284
0.063472
0.284097
0.113516
0.356631
0.306276
0.035650
0.283675
0.137957
0.158256
0.444213
0.411468
0.281258
0.139680
0.352853
0.093252
0.167618
0.235922
0.164759
0.237264
0.144192
0.147755
0.268290
0.067796
0.098657
0.060112
0.108746
0.324591
0.100788
0.288179
0.121173
0.071717
0.283236
0.213221
0.089584
0.408984
0.325209
0.157859
0.104030
0.219555
0.127027
0.053375
0.332953
0.126239
0.053536
0.299686
0.048167
0.166914
0.025831
0.146008
0.091929
0.038498
0.194368
0.209093
0.439171
0.182853
0.316603
0.068974
0.259847
0.098311
0.080132
0.085021
0.043343
0.509705
0.171241
0.135094
0.067296
0.104850
0.213655
0.126411
0.104831
0.214737
0.159682
0.310355
0.222966
0.124204
0.138834
0.159324
0.168494
0.094761
0.144641
0.096067
0.117598
0.122665
0.179672
0.134621
0.192995
0.174887
0.293397
0.138504
0.255971
0.356643
0.064558
0.109369
0.135463
0.177437
0.206661
0.168690
0.033681
0.386133
0.244138
0.117101
0.165594
0.183855
0.320306
0.188366
0.092295
0.223125
0.187229
0.169343
0.125535
0.126951
0.157768
0.431759
0.123980
0.045759
0.174314
0.033042
0.132327
0.118506
0.201485
0.065227
0.140505
0.093360
0.244032
0.052377
0.142531
0.233613
0.141240
0.586230
0.132300
0.174886
0.131433
0.117820
0.068475
0.347648
0.248537
0.074875
0.063027
0.151842
0.087737
0.245792
0.144589
0.228482
0.094889
0.171013
0.116386
0.422346
0.143480
0.040523
0.198824
0.063067
0.198372
0.469054
0.357768
0.066476
0.143975
0.072180
0.155798
0.169188
0.037927
0.073838
0.539619
0.149450
0.064340
0.161042
0.281790
0.083226
0.055310
0.278211
0.183212
0.224934
0.302540
0.096037
0.209581
0.149776
0.158283
0.067303
0.040198
0.056144
0.266299
0.134668
0.088293
0.260471
0.171463
0.154901
0.255157
0.082949
0.123146
0.167960
0.079016
0.140064
0.069599
0.523751
0.263259
0.154416
0.175667
0.149957
0.120740
0.082444
0.340577
0.129614
0.128086
0.058091
0.128942
0.066710
0.192101
0.307371
0.109044
0.066349
0.131376
0.340357
0.152105
0.154724
0.163491
0.128016
0.218034
0.021236
0.074022
0.257051
0.143322
0.184567
0.146279
0.574503
0.235594
0.141656
0.392473
0.355320
0.155331
0.264164
0.150666
0.315269
0.261648
0.175484
0.310134
0.105843
0.256619
0.081298
0.121777
0.338113
0.068843
0.251514
0.075511
0.271621
0.067665
0.497285
0.343653
0.098323
0.371816
0.091684
0.153016
0.181560
0.074611
0.250123
0.142800
0.323887
0.152561
0.124932
0.204311
0.062624
0.138423
0.067905
0.308501
0.088457
0.202733
0.112562
0.072537
0.177440
0.137266
0.047285
0.210585
0.221076
0.366507
0.230945
0.107320
0.124360
0.107985
0.051646
0.308198
0.288469
0.187223
0.303448
0.206305
0.293764
0.095479
0.051090
0.166525
0.154575
0.265722
0.061078
0.187167
0.074936
0.068239
0.184861
0.116666
0.050130
0.053081
0.161082
0.330140
0.061832
0.145092
0.229858
0.140098
0.079257
0.057524
0.205945
0.103055
0.046517
0.088742
0.066517
0.064528
0.057276
0.140541
0.076843
0.108454
0.070912
0.075184
0.124654
0.215456
0.093263
0.140653
0.055498
0.230211
0.111903
0.208130
0.189072
0.155744
0.057620
0.069907
0.024937
0.350887
0.066549
0.150012
0.080783
0.277434
0.136486
0.582667
0.184813
0.053028
0.133435
0.212402
0.170698
0.136531
0.269555
0.105710
0.179449
0.246037
0.071255
0.081021
0.205590
0.106101
0.188070
0.206711
0.159449
0.164378
0.129523
0.203349
0.194577
0.170104
0.247479
0.134326
0.120861
0.201947
0.091884
0.130001
0.298644
0.086470
0.050441
0.146812
0.079883
0.173509
0.081636
0.209978
0.159980
0.275400
0.375960
0.167907
0.164345
0.256001
0.184788
0.112016
0.237833
0.082219
0.405927
0.068782
0.098063
0.120064
0.072102
0.169198
0.068288
0.296763
0.151729
0.076851
0.230085
0.059910
0.276892
0.237544
0.229567
0.171041
0.070414
0.068204
0.134173
0.138685
0.043748
0.461117
0.097024
0.045969
0.357015
0.090251
0.204310
0.441047
0.177842
0.099332
0.099311
0.086140
0.248899
0.059218
0.167233
0.263416
0.156005
0.044560
0.115399
0.137289
0.214304
0.138381
0.168868
0.240086
0.159179
0.201060
0.176917
0.118686
0.127082
0.139310
0.288034
0.092883
0.083842
0.047274
0.078857
0.250027
0.257279
0.137343
0.573403
0.199765
0.244310
0.110984
0.362256
0.121758
0.209443
0.049850
0.173852
0.198837
0.253997
0.061334
0.204631
0.328142
0.051435
0.118620
0.230828
0.199656
0.205479
0.299171
0.071597
0.057118
0.112840
0.136129
0.207042
0.199827
0.071470
0.107727
0.086360
0.134943
0.085946
0.420084
0.342081
0.133493
0.060906
0.076258
0.085911
0.045997
0.098397
0.278134
0.088217
0.063974
0.094366
0.137210
0.181633
0.207233
0.087262
0.027308
0.175210
0.127331
0.033992
0.077690
0.076324
0.235297
0.125337
0.127048
0.691783
0.027033
0.110286
0.280591
0.080630
0.054868
0.096768
0.111564
0.109550
0.235139
0.132287
0.224214
0.102290
0.226503
0.228585
0.051096
0.129398
0.129464
0.234096
0.086841
0.195175
0.126010
0.137379
0.245509
0.075128
0.217919
0.106934
0.291907
0.086418
0.154379
0.328185
0.137008
0.163576
0.213116
0.161172
0.206858
0.279948
0.047860
0.072688
0.210012
0.052419
0.102564
0.120565
0.073533
0.244029
0.058124
0.038297
0.042416
0.081939
0.114897
0.056024
0.142193
0.056451
0.130967
0.109387
0.058985
0.299970
0.201781
0.150728
0.120337
0.283374
0.143955
0.141161
0.363914
0.106751
0.305056
0.054571
0.394583
0.074645
0.307675
0.117897
0.098781
0.342723
0.187706
0.199001
0.163356
0.121497
0.258001
0.095096
0.144756
0.355782
0.112864
0.126967
0.140967
0.047803
0.244206
0.073613
0.067615
0.195935
0.128003
0.192783
0.334719
0.179568
0.100997
0.109712
0.074264
0.135825
0.081642
0.035704
0.252303
0.256420
0.075115
0.071166
0.217411
0.121041
0.163844
0.155194
0.332408
0.093170
0.126323
0.137305
0.288291
0.144000
0.109117
0.161204
0.086581
0.091233
0.036453
0.153006
0.364121
0.121945
0.058242
0.079949
0.080702
0.090061
0.420693
0.042575
0.222435
0.365308
0.074053
0.032461
0.192837
0.110791
0.156551
0.180244
0.289634
0.095836
0.157994
0.113586
0.156642
0.082504
0.103041
0.062437
0.260075
0.411442
0.334738
0.065302
0.129294
0.208534
0.075115
0.288365
0.268428
0.353119
0.173461
0.120139
0.045601
0.234121
0.092879
0.080860
0.140665
0.095544
0.137950
0.188546
0.168836
0.149337
0.196158
0.216297
0.102661
0.129249
0.115931
0.133224
0.051823
0.180001
0.126442
0.130022
0.085194
0.064682
0.052912
0.056365
0.280565
0.305149
0.034383
0.097321
0.144830
0.162386
0.074503
0.343521
0.116186
0.210774
0.180685
0.269500
0.165006
0.168260
0.127397
0.099934
0.121179
0.049625
0.090607
0.210446
0.101542
0.093476
0.265715
0.112778
0.140274
0.221518
0.120146
0.116876
0.138522
0.059522
0.138435
0.279989
0.193915
0.186648
0.111822
0.079126
0.276238
0.075280
0.107214
0.271698
0.150230
0.226489
0.372147
0.386218
0.102112
0.136281
0.042887
0.105927
0.108704
0.079938
0.122739
0.072543
0.143840
0.076499
0.074213
0.055798
0.079612
0.139673
0.241935
0.276235
0.109089
0.217279
0.192980
0.026492
0.378905
0.291954
0.155564
0.215437
0.051456
0.153955
0.056437
0.130597
0.254754
0.074465
0.111277
0.251892
0.144770
0.164679
0.056302
0.341332
0.084665
0.056136
0.032503
0.106163
0.112785
0.086604
0.238677
0.038024
0.107732
0.359871
0.152911
0.071675
0.245552
0.093392
0.354187
0.204067
0.152943
0.129043
0.025423
0.086347
0.092762
0.051197
0.149772
0.311033
0.102422
0.101413
0.087415
0.050846
0.086945
0.103470
0.132420
0.302401
0.108293
0.249507
0.050910
0.182170
0.037206
0.145090
0.032961
0.061623
0.068139
0.148195
0.190635
0.175450
0.078766
0.483413
0.072686
0.152791
0.079676
0.295092
0.183754
0.170997
0.161448
0.127524
0.274141
0.114543
0.291591
0.056492
0.107563
0.153156
0.197419
0.123270
0.222823
0.123079
0.111400
0.039601
0.255188
0.067207
0.248360
0.224012
0.130546
0.295658
0.138312
0.058498
0.267872
0.057694
0.130465
0.305627
0.141917
0.053792
0.132897
0.089648
0.092864
0.108134
0.421172
0.162804
0.148829
0.267249
0.153638
0.153306
0.058275
0.041502
0.071644
0.075601
0.147590
0.222293
0.224614
0.204130
0.042749
0.243469
0.060554
0.180359
0.087151
0.164539
0.191395
0.100585
0.123497
0.124875
0.187055
0.141374
0.103417
0.205665
0.146980
0.225092
0.146070
0.181418
0.121219
0.166230
0.264583
0.093497
0.218625
0.073495
0.061266
0.107497
0.190549
0.041444
0.030396
0.218222
0.221587
0.139569
0.191401
0.100828
0.088467
0.113724
0.116418
0.168758
0.167586
0.025149
0.216286
0.283620
0.097162
0.047229
0.146367
0.025646
0.107709
0.119212
0.115067
0.054544
0.117675
0.053306
0.361864
0.107063
0.124171
0.253054
0.162090
0.065236
0.104193
0.139866
0.172540
0.099540
0.264254
0.067753
0.037229
0.193228
0.040721
0.220868
0.141508
0.178420
0.096141
0.064713
0.399374
0.145812
0.276789
0.172210
0.144726
0.415604
0.114560
0.147361
0.248585
0.192568
0.096936
0.197951
0.104355
0.111473
0.158014
0.089041
0.120557
0.187105
0.146061
0.283683
0.247289
0.047748
0.056909
0.058098
0.153463
0.074481
0.132255
0.253045
0.075785
0.079632
0.103289
0.318236
0.143811
0.092350
0.225110
0.106462
0.106130
0.107441
0.132671
0.114515
0.080926
0.071067
0.056246
0.095884
0.251125
0.129021
0.033185
0.059778
0.142370
0.070788
0.142110
0.132013
0.251973
0.071643
0.207296
0.223860
0.138181
0.272326
0.151986
0.018121
0.091887
0.232462
0.123394
0.109040
0.150561
0.112770
0.092552
0.206025
0.187562
0.124429
0.168295
0.074421
0.062129
0.181764
0.057718
0.125642
0.080538
0.116147
0.162027
0.080762
0.217269
0.092759
0.158929
0.190670
0.128239
0.169372
0.154640
0.160366
0.330994
0.199802
0.202489
0.039738
0.189139
0.050898
0.048107
0.310409
0.053944
0.101607
0.186859
0.052836
0.146022
0.203737
0.091894
0.079854
0.122492
0.102329
0.121266
0.060428
0.189470
0.243646
0.412336
0.072841
0.095983
0.152366
0.161172
0.319071
0.034545
0.079571
0.125834
0.229479
0.085547
0.199936
0.189609
0.132495
0.177083
0.130625
0.104592
0.043697
0.128232
0.133514
0.058447
0.135716
0.041929
0.103279
0.063653
0.080690
0.118144
0.085870
0.055226
0.124116
0.177497
0.121427
0.072102
0.119227
0.188447
0.365809
0.068588
0.199169
0.112676
0.328434
0.094451
0.114412
0.149403
0.156157
0.044052
0.203888
0.027160
0.168635
0.114320
0.090048
0.076595
0.298140
0.162429
0.047153
0.057384
0.127494
0.096017
0.071299
0.160874
0.160853
0.081462
0.070575
0.162194
0.145268
0.100096
0.136855
0.335362
0.128154
0.060542
0.098296
0.213008
0.165073
0.117217
0.193506
0.050838
0.521003
0.075057
0.188350
0.084265
0.133891
0.066081
0.394549
0.173414
0.068638
0.126995
0.073293
0.076194
0.082999
0.120818
0.078735
0.207856
0.241571
0.062419
0.212938
0.379540
0.310814
0.096423
0.365467
0.098779
0.212801
0.333658
0.224146
0.182291
0.298405
0.250747
0.162742
0.194229
0.188542
0.184854
0.198817
0.103261
0.162281
0.206800
0.151670
0.115764
0.098169
0.142997
0.130634
0.131590
0.177928
0.049048
0.036318
0.258596
0.154617
0.042152
0.114917
0.060532
0.039144
0.106496
0.219348
0.062871
0.072437
0.118124
0.076276
0.122637
0.100717
0.270513
0.121539
0.108455
0.104907
0.178833
0.092598
0.046738
0.058830
0.129042
0.065774
0.417421
0.045912
0.140675
0.126722
0.037694
0.112608
0.144606
0.103443
0.069861
0.039486
0.136558
0.094386
0.112800
0.095703
0.063177
0.149123
0.095367
0.187733
0.122851
0.109105
0.085291
0.175775
0.066277
0.062025
0.045777
0.269443
0.029320
0.153434
0.052457
0.072663
0.163110
0.216918
0.186558
0.246039
0.223782
0.272163
0.110694
0.107269
0.107929
0.248121
0.189661
0.170254
0.290458
0.379078
0.256164
0.049889
0.197024
0.046832
0.127852
0.109344
0.130397
0.074172
0.186541
0.247053
0.070260
0.030094
0.158809
0.423949
0.109038
0.141371
0.130556
0.276732
0.167345
0.136374
0.046693
0.145296
0.074869
0.088537
0.192779
0.050503
0.200804
0.044318
0.078720
0.081810
0.150384
0.068783
0.340870
0.090867
0.161530
0.146155
0.039176
0.160379
0.042366
0.283499
0.164494
0.389345
0.078884
0.109026
0.046123
0.087348
0.144257
0.164509
0.095699
0.060725
0.092578
0.260092
0.032079
0.084267
0.116904
0.100335
0.109601
0.046364
0.104921
0.195657
0.101048
0.130484
0.168097
0.342307
0.146741
0.148231
0.054274
0.187625
0.069390
0.093912
0.173800
0.066892
0.056607
0.256714
0.071199
0.144539
0.052233
0.170349
0.208536
0.095602
0.310821
0.162478
0.029547
0.059973
0.080770
0.034578
0.036144
0.195750
0.091060
0.283279
0.257828
0.128178
0.139927
0.081537
0.194515
0.074142
0.238141
0.080117
0.258497
0.113382
0.257979
0.078630
0.070205
0.128607
0.089266
0.085200
0.197975
0.408467
0.154835
0.068810
0.296956
0.325278
0.202030
0.047931
0.113840
0.032485
0.123677
0.083158
0.089210
0.040846
0.145435
0.133866
0.093964
0.174293
0.139754
0.137925
0.162573
0.061149
0.103927
0.147694
0.053526
0.152723
0.216917
0.086098
0.068867
0.206308
0.059914
0.245802
0.116893
0.073545
0.187888
0.061288
0.058857
0.373673
0.048769
0.257230
0.058612
0.233802
0.074961
0.117039
0.049896
0.257010
0.331837
0.213163
0.065844
0.071257
0.042202
0.202837
0.051603
0.039370
0.078659
0.060428
0.087879
0.228714
0.114305
0.204122
0.164078
0.099595
0.066792
0.271618
0.230476
0.093142
0.128999
0.118320
0.329517
0.086698
0.132334
0.128893
0.442559
0.173036
0.124509
0.217473
0.040951
0.112932
0.134727
0.226113
0.193491
0.260325
0.118125
0.149584
0.117526
0.267287
0.135947
0.043162
0.051614
0.162228
0.233545
0.158382
0.043007
0.153371
0.102188
0.122323
0.082004
0.198705
0.240515
0.058715
0.040813
0.238523
0.231403
0.165329
0.109930
0.074378
0.100364
0.166500
0.144398
0.214717
0.148800
0.262790
0.216052
0.139493
0.048329
0.047663
0.154289
0.077791
0.061878
0.055284
0.035472
0.248377
0.205301
0.122575
0.070538
0.115357
0.153613
0.130924
0.126768
0.070363
0.089074
0.161339
0.206911
0.107034
0.092340
0.194360
0.144279
0.137506
0.034141
0.056903
0.122733
0.208366
0.110464
0.044670
0.225724
0.073834
0.326982
0.046381
0.051077
0.159613
0.095630
0.152395
0.096255
0.278630
0.110952
0.247710
0.176256
0.107466
0.268841
0.193743
0.073437
0.138411
0.086979
0.285179
0.242393
0.215252
0.161263
0.053683
0.074442
0.081294
0.063019
0.071115
0.163464
0.106563
0.266698
0.157797
0.147072
0.220151
0.106232
0.109589
0.094746
0.073231
0.064645
0.109266
0.064090
0.133213
0.092179
0.160165
0.055698
0.224514
0.105991
0.132028
0.118541
0.124633
0.269831
0.051609
0.087917
0.310446
0.112556
0.094078
0.175717
0.098839
0.114035
0.143687
0.236553
0.150638
0.172633
0.110739
0.103922
0.206861
0.318234
0.165533
0.061401
0.059483
0.053115
0.131488
0.082711
0.133485
0.101765
0.179063
0.039694
0.101253
0.074466
0.202276
0.063529
0.218105
0.383260
0.154624
0.205794
0.129839
0.101611
0.053034
0.064809
0.048528
0.098333
0.040505
0.145974
0.118616
0.068039
0.058231
0.264351
0.209133
0.173940
0.304113
0.106624
0.129864
0.048601
0.034567
0.321986
0.081499
0.355501
0.151813
0.215487
0.326261
0.090374
0.149828
0.234771
0.229548
0.145638
0.279107
0.204826
0.132763
0.184720
0.095799
0.090712
0.142192
0.120544
0.153259
0.153962
0.074761
0.035782
0.038539
0.054473
0.079245
0.090384
0.125951
0.179309
0.198211
0.027167
0.162404
0.041483
0.135685
0.479661
0.073896
0.067115
0.181756
0.134781
0.051301
0.107717
0.431637
0.118581
0.104589
0.231450
0.331860
0.082421
0.027201
0.116185
0.118224
0.135141
0.145557
0.089074
0.065267
0.225918
0.073035
0.045022
0.080549
0.049426
0.128632
0.123879
0.114824
0.112597
0.235846
0.030416
0.082396
0.026390
0.026718
0.080833
0.064799
0.073186
0.070070
0.124049
0.035381
0.229159
0.071537
0.113060
0.060270
0.027879
0.092503
0.149861
0.093611
0.113499
0.155432
0.033916
0.225794
0.234753
0.024285
0.080783
0.169168
0.120838
0.069097
0.190367
0.125555
0.048637
0.191633
0.052780
0.120874
0.126216
0.219532
0.321409
0.099273
0.093421
0.143755
0.050241
0.184773
0.153666
0.081996
0.113720
0.081996
0.106335
0.106179
0.052778
0.165352
0.047344
0.105797
0.236398
0.108146
0.107570
0.225926
0.090360
0.050858
0.036395
0.256135
0.071132
0.065973
0.113856
0.147820
0.056296
0.111593
0.090509
0.478031
0.181521
0.070168
0.147404
0.220498
0.125933
0.087731
0.195480
0.167620
0.093041
0.071439
0.118374
0.053784
0.263714
0.295080
0.163667
0.067298
0.287322
0.170052
0.163328
0.301822
0.208569
0.099583
0.097265
0.116258
0.115186
0.094327
0.096677
0.187258
0.059052
0.127531
0.137531
0.325662
0.133340
0.038673
0.106857
0.069869
0.350083
0.267789
0.262996
0.132326
0.225776
0.191367
0.210117
0.154963
0.128162
0.080115
0.108045
0.145442
0.127977
0.090539
0.100931
0.311342
0.372535
0.122992
0.036287
0.136720
0.226567
0.252544
0.063216
0.054528
0.278882
0.119963
0.239285
0.125571
0.093554
0.056171
0.112520
0.268753
0.145473
0.130184
0.345585
0.245246
0.082558
0.083056
0.094226
0.165176
0.213912
0.086145
0.149097
0.058466
0.212682
0.051623
0.034591
0.149537
0.044902
0.247364
0.025623
0.083382
0.081872
0.059895
0.081037
0.122490
0.080046
0.057257
0.189094
0.096567
0.184861
0.080529
0.349652
0.087739
0.066412
0.153168
0.142303
0.116997
0.063192
0.297566
0.199725
0.193759
0.054605
0.151833
0.112465
0.046747
0.144118
0.059434
0.104776
0.137361
0.092556
0.151297
0.061282
0.154952
0.028063
0.174202
0.103320
0.114039
0.113851
0.068540
0.047531
0.113364
0.133231
0.223988
0.203289
0.086210
0.230473
0.252459
0.127394
0.022257
0.076455
0.278817
0.184003
0.133449
0.049905
0.192154
0.163709
0.052216
0.319021
0.203528
0.217965
0.212983
0.157655
0.104303
0.097850
0.170682
0.054640
0.125751
0.164457
0.326021
0.095913
0.148515
0.301091
0.108953
0.090281
0.073074
0.139481
0.057694
0.322278
0.074941
0.026700
0.098648
0.155747
0.094180
0.075199
0.171413
0.100917
0.191980
0.107667
0.080162
0.214345
0.237563
0.057207
0.149839
0.042232
0.086722
0.096834
0.082071
0.236925
0.122151
0.123567
0.100007
0.057857
0.159096
0.064237
0.161503
0.149957
0.272319
0.124868
0.264316
0.146673
0.158759
0.126962
0.075683
0.076608
0.039740
0.092293
0.045598
0.137467
0.186254
0.195373
0.196738
0.046373
0.092741
0.106735
0.144851
0.111174
0.120457
0.035705
0.038374
0.040888
0.043778
0.127741
0.069625
0.116257
0.083479
0.082082
0.117897
0.081987
0.241849
0.143957
0.084287
0.078200
0.118114
0.174676
0.232740
0.081043
0.151545
0.053259
0.064417
0.213094
0.149690
0.132088
0.108996
0.162266
0.137064
0.063768
0.220443
0.080569
0.187123
0.276269
0.123039
0.037221
0.125719
0.053456
0.045708
0.207920
0.073270
0.139442
0.235462
0.137420
0.286916
0.093421
0.090516
0.124297
0.045015
0.076138
0.117342
0.082568
0.052135
0.101528
0.291910
0.076674
0.130450
0.028525
0.220878
0.141804
0.102906
0.200002
0.270899
0.256406
0.206425
0.063931
0.025192
0.186725
0.011349
0.246466
0.198849
0.150257
0.116853
0.035996
0.227488
0.053133
0.111667
0.067512
0.187002
0.099406
0.046219
0.096722
0.153302
0.050909
0.157352
0.114779
0.175913
0.131879
0.038269
0.094313
0.173350
0.142452
0.115502
0.033233
0.033065
0.164031
0.288983
0.054540
0.061484
0.362774
0.159737
0.149718
0.070592
0.149418
0.025475
0.074430
0.067284
0.127569
0.021793
0.042862
0.195766
0.060703
0.092008
0.048632
0.189033
0.135864
0.067354
0.129797
0.055894
0.070394
0.155059
0.125362
0.037170
0.214417
0.125121
0.040390
0.282274
0.076250
0.219987
0.224409
0.212997
0.150666
0.186569
0.128242
0.212214
0.150973
0.138525
0.291790
0.288084
0.089635
0.148140
0.104777
0.172530
0.180154
0.227874
0.139800
0.222564
0.120605
0.084744
0.035188
0.119461
0.053013
0.180723
0.162824
0.175873
0.128164
0.103039
0.065716
0.041512
0.131195
0.042091
0.081633
0.153337
0.064481
0.266105
0.091533
0.112625
0.038543
0.051201
0.265637
0.035900
0.053529
0.138284
0.105723
0.214247
0.143177
0.121495
0.137459
0.130978
0.079463
0.061753
0.161982
0.206618
0.075783
0.065886
0.093036
0.111780
0.060181
0.269716
0.051862
0.031041
0.491120
0.288290
0.070184
0.107968
0.189583
0.599161
0.122865
0.094412
0.046531
0.199152
0.128014
0.147281
0.103177
0.305437
0.156526
0.104700
0.109829
0.094569
0.032507
0.229892
0.106888
0.173397
0.096846
0.084791
0.101714
0.029036
0.049575
0.112835
0.040937
0.107096
0.122150
0.098572
0.098860
0.054405
0.086974
0.140842
0.113299
0.070712
0.058225
0.060048
0.060180
0.098944
0.103168
0.102748
0.223605
0.096277
0.187322
0.144485
0.189469
0.150369
0.121826
0.082536
0.191150
0.170207
0.178901
0.076114
0.086990
0.175040
0.156937
0.140675
0.414606
0.256666
0.088911
0.163412
0.203605
0.109742
0.267970
0.219460
0.132679
0.102851
0.054674
0.171407
0.096684
0.211286
0.035796
0.120074
0.165752
0.063582
0.104995
0.128657
0.094519
0.192112
0.091362
0.126889
0.239215
0.178659
0.056041
0.106712
0.373097
0.061543
0.192557
0.142378
0.170185
0.239194
0.070805
0.108436
0.088108
0.063051
0.246999
0.169771
0.153805
0.252517
0.061302
0.051998
0.137167
0.132615
0.087921
0.029224
0.056784
0.088624
0.051754
0.105596
0.113006
0.231082
0.237691
0.060775
0.123848
0.057640
0.236307
0.269341
0.094888
0.033754
0.016611
0.048259
0.251929
0.092985
0.123058
0.216058
0.032501
0.031474
0.152383
0.102713
0.179972
0.070666
0.190900
0.252308
0.111104
0.151932
0.162545
0.305383
0.179364
0.138632
0.154187
0.172379
0.104427
0.190349
0.169693
0.260070
0.109010
0.297235
0.085893
0.207174
0.090102
0.129521
0.122236
0.047309
0.119986
0.034362
0.063910
0.125691
0.125817
0.130744
0.045284
0.035557
0.186269
0.141756
0.184051
0.125847
0.067468
0.107793
0.082352
0.104466
0.116180
0.149598
0.030574
0.033688
0.106553
0.027323
0.067012
0.204833
0.183431
0.064626
0.069518
0.090254
0.054316
0.155482
0.059663
0.111357
0.160478
0.228335
0.277674
0.239355
0.042097
0.044931
0.302473
0.108906
0.058171
0.102876
0.167084
0.179405
0.067522
0.035319
0.162981
0.043012
0.165364
0.141103
0.115270
0.244046
0.034526
0.130106
0.024917
0.150313
0.171018
0.194049
0.070963
0.085658
0.209489
0.097270
0.028194
0.067228
0.127025
0.182202
0.179478
0.072266
0.140774
0.082665
0.163045
0.189791
0.113257
0.102268
0.179110
0.162724
0.071273
0.083450
0.190894
0.183007
0.084675
0.235736
0.125689
0.177337
0.199490
0.184455
0.069381
0.057322
0.516198
0.133365
0.137930
0.037639
0.099802
0.230528
0.122265
0.095829
0.127079
0.080864
0.074858
0.067310
0.127148
0.102961
0.038546
0.139680
0.053953
0.027581
0.030606
0.076058
0.115346
0.238090
0.057805
0.090814
0.114533
0.065422
0.069612
0.148859
0.083209
0.077464
0.054023
0.050695
0.165500
0.157526
0.134029
0.146065
0.181230
0.078592
0.065466
0.189135
0.135800
0.110684
0.037653
0.317256
0.070028
0.114735
0.203211
0.053520
0.118178
0.077800
0.161174
0.216399
0.075120
0.326820
0.087707
0.076451
0.237387
0.214923
0.075856
0.081959
0.404914
0.106213
0.181346
0.055421
0.025649
0.045611
0.129548
0.191559
0.135745
0.173993
0.088539
0.041482
0.114466
0.187240
0.163894
0.103053
0.071023
0.120220
0.157320
0.156881
0.073160
0.121732
0.062237
0.075709
0.273265
0.032246
0.085365
0.090065
0.106996
0.131329
0.078549
0.245494
0.077985
0.157217
0.140917
0.081998
0.121243
0.057445
0.083064
0.313701
0.084366
0.076541
0.085371
0.125045
0.252007
0.084818
0.053292
0.188356
0.210786
0.160208
0.036276
0.456728
0.114130
0.413688
0.152871
0.168959
0.125687
0.114153
0.115484
0.072011
0.117582
0.062384
0.053998
0.145217
0.169005
0.034920
0.061193
0.203352
0.157876
0.117878
0.159386
0.060182
0.043376
0.438163
0.341494
0.278164
0.088568
0.096310
0.043194
0.219761
0.101442
0.054895
0.143689
0.072299
0.154360
0.069275
0.204826
0.039069
0.335952
0.123453
0.102127
0.055499
0.111955
0.409229
0.183114
0.178196
0.076730
0.065192
0.051105
0.118345
0.115138
0.220524
0.053272
0.086391
0.268681
0.226520
0.172554
0.031920
0.189680
0.089076
0.097314
0.066858
0.023938
0.144727
0.182918
0.018520
0.133153
0.097346
0.181793
0.195938
0.191719
0.191109
0.280488
0.163368
0.031215
0.124592
0.117246
0.155696
0.049470
0.150765
0.125899
0.093189
0.108876
0.148093
0.134397
0.048814
0.162839
0.083898
0.196999
0.027859
0.089737
0.156487
0.030969
0.059782
0.055907
0.081037
0.135421
0.036940
0.185083
0.131529
0.055467
0.243285
0.269229
0.111861
0.066437
0.071541
0.162773
0.111918
0.236166
0.082255
0.123186
0.093708
0.058852
0.082672
0.082177
0.157563
0.087409
0.292901
0.154903
0.073671
0.131307
0.259354
0.065928
0.330337
0.052522
0.108730
0.073117
0.105808
0.321140
0.066687
0.126145
0.106329
0.209424
0.116520
0.102925
0.158485
0.114035
0.202852
0.255947
0.159951
0.066391
0.110428
0.183510
0.161682
0.142384
0.080499
0.038764
0.080478
0.195012
0.153758
0.132841
0.060104
0.098308
0.057854
0.375747
0.138551
0.223737
0.030359
0.154004
0.170960
0.048041
0.114787
0.165937
0.116898
0.053228
0.193233
0.090653
0.031448
0.192384
0.112487
0.114360
0.047923
0.146664
0.165190
0.352548
0.248313
0.025332
0.137000
0.174609
0.056558
0.084605
0.115855
0.033569
0.039077
0.131083
0.152926
0.118881
0.103213
0.095712
0.229342
0.196484
0.067846
0.078077
0.091785
0.190973
0.019898
0.109455
0.224597
0.103208
0.119056
0.131365
0.079259
0.022377
0.060692
0.124713
0.025038
0.109287
0.048864
0.269715
0.152028
0.100122
0.159884
0.064643
0.093097
0.207590
0.149497
0.142421
0.172601
0.146804
0.349057
0.043138
0.105991
0.056777
0.147202
0.049658
0.089949
0.100773
0.066449
0.033110
0.117656
0.204004
0.188648
0.185281
0.134014
0.127210
0.049639
0.212903
0.052103
0.058898
0.056399
0.175669
0.088689
0.087707
0.125052
0.091622
0.021295
0.096323
0.075745
0.088832
0.089578
0.135138
0.067958
0.193687
0.087366
0.050951
0.184691
0.086236
0.041608
0.056397
0.257925
0.185268
0.065208
0.220288
0.108602
0.081231
0.077165
0.067387
0.061937
0.189238
0.087191
0.042644
0.163053
0.048780
0.205451
0.088190
0.022739
0.323633
0.121223
0.239967
0.142411
0.372263
0.184458
0.260327
0.122171
0.089405
0.141886
0.190558
0.112991
0.120337
0.069417
0.241783
0.066444
0.045398
0.047130
0.047376
0.168418
0.051634
0.127259
0.032245
0.149558
0.137815
0.096797
0.213925
0.076485
0.056770
0.156820
0.274300
0.022060
0.154495
0.074373
0.090324
0.207281
0.170078
0.026116
0.133544
0.056470
0.043923
0.068931
0.063533
0.020330
0.167625
0.201125
0.090125
0.349044
0.184677
0.188222
0.239518
0.047010
0.238595
0.068340
0.112614
0.154288
0.165008
0.090896
0.145980
0.128573
0.183729
0.158979
0.144471
0.036833
0.061686
0.154030
0.201870
0.090675
0.107986
0.103163
0.087853
0.068229
0.245640
0.049277
0.191905
0.214116
0.034845
0.081363
0.026416
0.096888
0.225690
0.136386
0.055228
0.088741
0.290255
0.109547
0.081204
0.112065
0.128451
0.048265
0.056383
0.067638
0.149247
0.097928
0.070316
0.168244
0.187362
0.095146
0.114123
0.102023
0.180098
0.083706
0.217772
0.122424
0.092495
0.154236
0.102157
0.164920
0.141539
0.213427
0.187627
0.215684
0.236233
0.068575
0.034336
0.196539
0.081801
0.174197
0.026458
0.216245
0.079380
0.299536
0.222861
0.178413
0.054693
0.257251
0.212650
0.056879
0.266734
0.088382
0.119775
0.142353
0.184847
0.190138
0.125504
0.085446
0.167347
0.133903
0.078486
0.093706
0.075141
0.172803
0.129996
0.033177
0.036788
0.123752
0.076744
0.091130
0.101247
0.221195
0.141990
0.276037
0.074728
0.066877
0.181682
0.074586
0.190288
0.160604
0.184234
0.081581
0.141098
0.092815
0.112677
0.168505
0.243346
0.063195
0.090225
0.081117
0.029223
0.077957
0.044390
0.066790
0.086473
0.138634
0.150825
0.141218
0.045911
0.058510
0.104647
0.232359
0.124888
0.102013
0.125620
0.070761
0.033689
0.189925
0.082185
0.260430
0.035202
0.059792
0.130563
0.340602
0.110747
0.068940
0.096778
0.191106
0.182139
0.144946
0.110689
0.061635
0.087206
0.042840
0.052991
0.281762
0.110210
0.165604
0.225030
0.162516
0.097232
0.072193
0.079424
0.249178
0.117579
0.095803
0.164513
0.048307
0.085741
0.067058
0.213209
0.107606
0.228230
0.211257
0.031955
0.264489
0.115825
0.136410
0.205069
0.118148
0.094314
0.195690
0.087206
0.202001
0.068312
0.197726
0.212750
0.118002
0.163688
0.059368
0.075643
0.073584
0.024838
0.111225
0.155204
0.110971
0.170377
0.063770
0.093895
0.189077
0.057584
0.037247
0.053510
0.086046
0.078650
0.067419
0.102355
0.075947
0.192504
0.083009
0.064788
0.088516
0.069340
0.097947
0.245882
0.110108
0.196519
0.139659
0.137019
0.077483
0.140387
0.076128
0.289713
0.253210
0.228579
0.096474
0.120554
0.039538
0.155312
0.227125
0.054535
0.065032
0.233812
0.074314
0.105277
0.085315
0.103823
0.121555
0.101769
0.133059
0.083790
0.059931
0.075316
0.111487
0.086684
0.124574
0.087423
0.126833
0.096849
0.149957
0.116596
0.059801
0.081224
0.140855
0.320152
0.030731
0.170664
0.165947
0.232830
0.137110
0.168968
0.066204
0.067410
0.105990
0.141878
0.058480
0.188955
0.211397
0.390102
0.174995
0.194570
0.050765
0.029167
0.155308
0.083537
0.102338
0.061929
0.057865
0.055219
0.057364
0.060187
0.190808
0.310604
0.127534
0.339669
0.173082
0.079262
0.298084
0.141540
0.048569
0.044583
0.130544
0.061731
0.080600
0.046546
0.143370
0.095411
0.075730
0.135612
0.086330
0.086216
0.043780
0.045748
0.160659
0.072408
0.044205
0.184161
0.152862
0.149112
0.093812
0.145632
0.026621
0.070017
0.107203
0.110055
0.112663
0.246233
0.342304
0.081266
0.166453
0.149687
0.157768
0.142253
0.107036
0.041129
0.049408
0.122230
0.409317
0.150129
0.164393
0.221512
0.123485
0.110087
0.166903
0.072096
0.063353
0.248553
0.123941
0.146888
0.045685
0.068652
0.110024
0.068951
0.067439
0.084339
0.136838
0.085397
0.117044
0.111675
0.175926
0.051231
0.240885
0.273518
0.030649
0.034522
0.169431
0.074333
0.109931
0.058738
0.063062
0.088323
0.108325
0.067422
0.157093
0.100528
0.188185
0.145747
0.136269
0.083143
0.051859
0.110499
0.121901
0.134574
0.287137
0.072065
0.124011
0.047144
0.087003
0.035196
0.125604
0.243976
0.059327
0.126839
0.034166
0.162004
0.120115
0.127291
0.103214
0.216170
0.096748
0.157454
0.170919
0.262361
0.088629
0.142363
0.158458
0.064244
0.067221
0.076813
0.082319
0.140201
0.121533
0.139455
0.150521
0.111263
0.105160
0.083572
0.175615
0.127191
0.082342
0.122818
0.146770
0.153261
0.147857
0.054420
0.064857
0.168855
0.090062
0.055018
0.062796
0.097125
0.161311
0.150617
0.200931
0.169021
0.064535
0.127342
0.064976
0.203543
0.198612
0.086812
0.101640
0.112142
0.118027
0.054664
0.152982
0.118989
0.059576
0.187388
0.085366
0.121901
0.463815
0.110703
0.090668
0.064140
0.120414
0.041799
0.193641
0.100366
0.151654
0.153991
0.066016
0.045676
0.101179
0.112881
0.061491
0.106264
0.125705
0.132544
0.182947
0.218399
0.266676
0.198808
0.094700
0.228477
0.081032
0.152106
