2.512157
2.101386
2.192635
2.121571
2.122696
2.064988
2.083513
1.984354
1.828860
1.983958
1.867202
1.867023
1.865682
1.699810
1.865799
1.812203
1.624110
1.706943
1.822361
1.863115
1.903151
1.783654
1.834607
1.651196
1.851341
1.755166
1.627647
1.640873
1.743588
1.610811
1.685896
1.806916
1.663930
1.596040
1.753019
1.848035
1.668958
1.723613
1.583257
1.674153
1.709965
1.722937
1.642604
1.715897
1.693681
1.391194
1.835431
1.470552
1.724015
1.716016
1.658776
1.747493
1.546426
1.640830
1.550791
1.826087
1.570143
1.825888
1.561161
1.574465
1.473194
1.668112
1.594164
1.497787
1.562042
1.666170
1.748636
1.637531
1.581299
1.711754
1.577395
1.591644
1.702099
1.419289
1.641419
1.597029
1.393160
1.761854
1.554405
1.482223
1.548309
1.454379
1.572353
1.583078
1.648575
1.572515
1.482525
1.598440
1.713518
1.513119
1.394203
1.559091
1.739352
1.435726
1.605907
1.684071
1.536475
1.407799
1.674981
1.600898
1.635245
1.617993
1.609008
1.451362
1.583291
1.518451
1.458457
1.523684
1.606306
1.488752
1.630163
1.532561
1.497550
1.667180
1.474671
1.567384
1.369047
1.484200
1.261186
1.565597
1.320282
1.732450
1.490259
1.575153
1.422878
1.357654
1.753504
1.491341
1.458377
1.664560
1.502050
1.443374
1.580952
1.509752
1.670776
1.586918
1.632159
1.567184
1.535287
1.594656
1.892260
1.722491
1.388699
1.424383
1.494462
1.486089
1.517986
1.652809
1.734731
1.340830
1.555223
1.259119
1.477284
1.697592
1.409672
1.353400
1.433668
1.338143
1.570660
1.365410
1.467462
1.535189
1.493999
1.433936
1.507848
1.394153
1.393315
1.665349
1.408232
1.500831
1.678927
1.349351
1.541747
1.723274
1.714594
1.528940
1.392593
1.600645
1.406846
1.621686
1.386212
1.646528
1.280493
1.516441
1.671998
1.473532
1.462999
1.247481
1.495988
1.270434
1.540433
1.384391
1.435833
1.442927
1.481305
1.505813
1.618669
1.472137
1.403039
1.582855
1.511941
1.453033
1.445847
1.287440
1.304510
1.656890
1.530797
1.547912
1.515614
1.377950
1.478892
1.449608
1.471064
1.356373
1.514765
1.594090
1.460161
1.589739
1.552989
1.525098
1.249832
1.486690
1.565463
1.413886
1.260888
1.611670
1.488368
1.364897
1.506344
1.343492
1.488033
1.581857
1.379655
1.475735
1.589484
1.464605
1.698316
1.510757
1.403738
1.569971
1.319936
1.321217
1.411455
1.499711
1.452516
1.387104
1.400569
1.248824
1.328305
1.247278
1.516299
1.419832
1.548120
1.569444
1.508687
1.451002
1.536276
1.444149
1.719283
1.358715
1.510802
1.316174
1.618993
1.336249
1.451965
1.378824
1.274404
1.359300
1.510718
1.473259
1.351796
1.293630
1.402075
1.553967
1.309274
1.481160
1.434998
1.477868
1.391520
1.359035
1.397669
1.324038
1.224233
1.326406
1.568244
1.589169
1.179098
1.401343
1.438791
1.560225
1.383030
1.405394
1.485921
1.222734
1.548392
1.508446
1.442692
1.382551
1.557008
1.288719
1.483860
1.388868
1.405591
1.406778
1.356236
1.381229
1.664803
1.298263
1.522167
1.658020
1.503219
1.395108
1.459326
1.321504
1.499120
1.531422
1.414008
1.281434
1.398751
1.541995
1.520165
1.362881
1.298553
1.414744
1.316869
1.185229
1.294586
1.400883
1.734880
1.357577
1.407164
1.371469
1.379340
1.260561
1.304011
1.249775
1.332556
1.237058
1.502786
1.563578
1.284365
1.398704
1.403105
1.453949
1.634054
1.461352
1.417088
1.489978
1.440623
1.347880
1.488246
1.536704
1.281795
1.485797
1.467389
1.201390
1.222619
1.419243
1.470082
1.463799
1.616222
1.340271
1.305415
1.456157
1.145968
1.617901
1.516246
1.318127
1.409047
1.204748
1.238254
1.200109
1.775107
1.410649
1.540046
1.486931
1.287937
1.412753
1.452786
1.532463
1.362614
1.278025
1.247329
1.383588
1.299059
1.460209
1.458120
1.234323
1.265021
1.406993
1.326882
1.303334
1.327079
1.388922
1.287236
1.326908
1.295376
1.449334
1.325621
1.384287
1.290930
1.320738
1.323426
1.440271
1.401298
1.708508
1.489631
1.491422
1.515098
1.390968
1.405658
1.417493
1.369606
1.604935
1.246999
1.373531
1.446602
1.469243
1.440117
1.466153
1.386991
1.254823
1.515183
1.401649
1.285311
1.241540
1.451483
1.319709
1.502407
1.596888
1.310987
1.327968
1.542223
1.384847
1.124372
1.410440
1.464230
1.258924
1.495005
1.319306
1.520680
1.332857
1.148906
1.420717
1.347940
1.581870
1.440993
1.245417
1.427095
1.369455
1.501313
1.349575
1.492384
1.156181
1.241694
1.359390
1.326666
1.395680
1.347777
1.350324
1.238151
1.248250
1.301118
1.350334
1.341605
1.222970
1.553274
1.211615
1.422150
1.263863
1.367038
1.324775
1.461967
1.325732
1.267923
1.526247
1.308562
1.398341
1.441635
1.477066
1.496612
1.300454
1.337825
1.211548
1.597126
1.384343
1.155193
1.442014
1.423564
1.450748
1.427073
1.388283
1.361734
1.391171
1.247349
1.367239
1.247586
1.331225
1.290200
1.489914
1.189361
1.386893
1.405190
1.355998
1.535077
1.289357
1.478599
1.417813
1.469870
1.332098
1.370180
1.530054
1.422336
1.239034
1.378634
1.519327
1.296353
1.329638
1.393553
1.323568
1.423452
1.252239
1.394214
1.202785
1.201013
1.273409
1.438696
1.534030
1.387873
1.409990
1.386189
1.274253
1.285526
1.310501
1.454886
1.345076
1.174390
1.699373
1.318301
1.410534
1.150806
1.194572
1.465175
1.478880
1.158707
1.530628
1.194183
1.451531
1.149546
1.082946
1.398476
1.338513
1.518933
1.254445
1.493206
1.347759
1.280073
1.151521
1.490104
1.314658
1.295134
1.338498
1.628251
1.357665
1.367010
1.594682
1.252767
1.442860
1.197259
1.449164
1.316015
1.358483
1.477270
1.248826
1.177835
1.296468
1.380360
1.309509
1.437624
1.397867
1.300010
1.485446
1.225641
1.203428
1.357795
1.529080
1.351329
1.235111
1.426397
1.550745
1.296587
1.295223
1.172699
1.508959
1.253846
1.276657
1.200382
1.304187
1.477784
1.319997
1.129767
1.140518
1.203104
1.315355
1.394478
1.486671
1.271621
1.295592
1.514226
1.339943
1.452827
1.453461
1.362570
1.420176
1.192045
1.359422
1.290879
1.208651
1.217256
1.378039
1.241312
1.609017
1.274454
1.283007
1.511860
1.340491
1.130896
1.155121
1.367557
1.238731
1.570893
1.524400
1.327516
1.178893
1.286220
1.363272
1.183987
1.337967
1.303572
1.183047
1.354048
1.588788
1.488910
1.422984
1.288480
1.326496
1.589447
1.182128
1.386524
1.283007
1.208216
1.439372
1.345897
1.331316
1.331158
1.462282
1.373605
1.597263
1.399031
1.269640
1.328530
1.535750
1.359306
1.295250
1.343909
1.186770
1.358362
1.354246
1.257754
1.458376
1.322793
1.414276
1.187498
1.141119
1.211287
1.272722
1.448735
1.337309
1.263511
1.361269
1.183170
1.231508
1.251259
1.293453
1.344504
1.368758
1.367636
1.196501
1.591666
1.337607
1.383559
1.404274
1.372246
1.318286
1.443753
1.277030
1.167239
1.353861
1.291400
1.133472
1.233256
1.738517
1.268364
1.353809
1.159052
1.548694
1.164885
1.146888
1.397607
1.149274
1.285823
1.348313
1.310512
1.353393
1.548827
1.311841
1.544712
1.381692
1.302438
1.404945
1.443221
1.119638
1.158527
1.410656
1.604174
1.467203
1.611019
1.299458
1.235780
1.309803
1.470080
1.409874
1.200399
1.236427
1.392754
1.400467
1.257937
1.287068
1.306313
1.322805
1.234871
1.027682
1.296196
1.118009
1.353590
1.224342
1.339781
1.406315
1.194051
1.422310
1.462649
1.064494
1.262127
1.234552
1.346901
1.159288
1.309993
1.323151
1.518376
1.353558
1.407552
1.197634
1.584808
1.090506
1.547489
1.327013
1.327148
1.268180
1.223795
1.234354
1.371248
1.230504
1.566723
1.313617
1.369339
1.360826
1.415599
1.293661
1.313214
1.487928
1.451922
1.445499
1.227845
1.400543
1.474414
1.014578
1.094173
1.034937
1.081179
1.499956
1.500298
1.409925
1.104579
1.471268
1.509168
1.415735
1.320197
1.286464
1.063520
1.126178
1.317942
1.218317
1.253454
1.339852
1.386651
1.402731
1.464263
1.519163
1.369099
1.327473
1.605402
1.279403
1.403671
1.243190
1.518833
1.296238
1.194254
1.080200
1.420714
1.382412
1.243006
1.393948
1.225329
1.377151
1.218002
1.158869
1.223715
1.321149
1.545146
1.333408
1.518050
1.191888
1.225113
1.271616
1.124200
1.369908
1.248157
1.337361
1.106156
1.350972
1.331025
1.282743
1.271629
1.316118
1.225034
1.667593
1.176491
1.392275
1.354217
1.275511
1.414700
1.407500
1.367358
1.451282
1.396590
1.199991
1.494441
1.456889
1.324273
1.349278
1.388651
1.079094
1.110083
1.394087
1.168175
1.260808
1.121028
1.370521
1.385397
1.195902
1.180619
1.394221
1.190517
1.486868
1.204468
1.560450
1.348835
1.079625
1.236621
1.327963
1.228359
1.320193
1.386897
1.282650
1.138459
1.203950
1.215531
1.189162
1.243262
1.253595
1.273826
1.341256
1.438125
1.517721
1.120442
1.380780
1.319463
1.080923
1.465350
1.386382
1.225052
1.437672
1.225820
1.272934
1.281007
1.240225
1.302971
1.251207
1.376691
1.370187
1.195683
1.391026
1.347836
1.166261
1.124488
1.233876
1.600262
1.195009
1.366587
1.195822
1.429726
1.605637
1.217113
1.391114
1.249458
1.033998
1.371554
1.308642
1.187970
1.461245
1.181596
1.239322
1.203455
1.214361
1.354290
1.347444
1.178541
1.460723
1.446165
1.156429
1.000015
1.515368
1.384770
1.437633
1.144571
1.381725
1.227412
1.271814
1.120275
1.391543
1.329123
1.208681
1.498485
1.380771
1.411853
1.258020
1.229927
1.119944
1.550954
1.238599
1.193060
1.415894
1.302807
1.043573
1.405266
1.231351
1.340638
1.119410
1.145459
1.430071
1.463796
1.078584
1.149512
1.490293
1.453353
1.186714
1.317186
1.370678
1.434298
1.388778
1.388407
1.321004
1.261459
1.244070
1.119767
1.211272
1.432330
1.276874
1.326936
1.564685
1.496816
1.163977
1.426933
1.430236
1.286689
1.229771
1.179860
1.220515
1.446513
1.286821
1.191399
1.355464
1.370767
1.280785
1.394122
1.353275
1.103269
1.214613
1.401115
1.353334
1.107902
1.351154
1.314350
1.192152
1.252493
1.313424
1.109068
1.240210
1.269580
1.363787
1.189095
1.265185
1.425381
1.179919
1.088621
1.373070
1.070576
1.423380
1.154372
1.240835
1.238158
1.223004
1.321824
1.298094
1.245514
1.564131
1.191893
1.361788
1.213850
1.653071
1.127038
1.479698
1.323951
1.245351
1.169881
1.203838
1.271923
1.183198
1.462957
1.323905
1.250630
1.341583
1.307684
1.341690
1.093441
1.418959
1.205494
1.283581
1.272759
1.342341
1.403398
1.131464
1.057198
1.146701
1.235598
1.303967
1.199924
1.247620
1.597926
1.289118
1.376253
1.202814
1.238975
1.356362
1.426697
1.489327
1.235401
1.549271
1.297765
1.241245
1.240035
1.376729
1.234656
1.246292
1.329372
1.283010
1.396133
1.378354
1.359412
1.395165
1.173685
1.365748
1.216136
1.502186
1.095195
1.202247
1.279840
1.031197
1.417439
1.435019
1.241548
1.445946
1.154827
1.324850
1.001692
1.113931
1.236727
1.337148
1.200521
1.245557
1.144908
1.223918
1.162686
1.218446
1.296205
1.284747
1.527208
1.255351
1.115664
1.229575
1.346276
1.129209
1.288274
1.249182
1.260905
1.106407
1.217560
1.266199
1.363235
1.047800
1.474319
1.283307
1.176209
1.281200
1.304933
1.248967
1.230213
1.413761
1.207772
1.297023
1.347460
1.125043
1.170297
1.065039
1.551515
1.216878
1.215988
0.991887
1.577241
1.209227
1.336154
1.247212
1.298239
1.462805
1.356665
1.182225
1.278463
1.233657
1.269360
1.406857
1.648015
1.370790
1.267171
1.075262
1.177235
1.383596
1.098339
0.918813
1.159239
1.586910
1.190111
1.041465
1.268595
1.422566
1.043433
1.269420
1.160508
1.353910
1.426591
1.356799
1.306240
1.220752
1.319800
1.549089
1.522478
1.452995
1.286286
1.173941
1.400312
1.302914
1.227384
1.363467
1.057683
1.001961
1.245838
1.294994
1.222543
1.064304
1.138193
0.996414
1.207676
1.332064
1.259878
1.090746
1.280725
1.381971
1.404398
1.157376
1.495191
1.341902
1.408881
1.025195
1.164261
1.378620
1.262178
1.448207
1.225727
1.360191
1.094085
1.125124
1.268179
0.761346
1.327009
1.282986
1.416726
1.228292
1.358339
1.346506
1.379334
1.277058
1.092613
1.346746
1.444117
1.442024
1.140850
1.195445
1.541407
1.254234
1.260923
1.070890
1.208657
1.112950
1.074512
1.220762
1.215642
1.468965
0.997694
1.310612
1.207311
1.075518
1.117881
1.112886
1.350390
1.394410
1.411624
1.246658
1.368591
1.097959
1.191807
1.361031
1.194288
1.191916
1.463533
1.382157
1.461929
1.313635
1.150556
1.289981
0.807049
1.377698
1.033198
1.309223
1.248096
1.120712
1.364189
1.090308
1.231182
1.306903
1.338975
1.293579
1.307516
1.181588
1.218497
1.296757
1.379002
1.219885
1.270342
1.383625
1.198239
1.139720
1.193152
1.099190
1.458262
1.046076
1.234087
1.337235
1.482274
1.033785
1.264475
1.323951
1.482644
1.176098
1.399263
1.478672
1.198606
1.199559
0.975728
1.091676
1.289228
1.709012
1.353908
1.250017
1.176383
1.357650
1.385570
1.363364
1.386710
1.484615
1.482616
1.335134
1.246083
1.044584
1.010122
1.067941
1.309394
1.224879
1.516847
1.223514
1.272727
1.313657
1.443190
1.373899
1.205952
1.184460
1.360839
1.073483
1.148931
1.174206
1.180188
1.272542
1.275139
1.423230
1.171447
1.143654
1.249969
1.270802
1.177341
1.313773
1.201846
1.160330
1.406565
1.161747
1.398237
1.235027
1.192485
1.266135
1.084846
1.228340
1.176388
1.245390
1.042796
1.193553
1.178123
1.196443
1.525553
1.349661
1.192952
1.381759
1.361912
1.398610
1.065599
1.130452
1.180113
1.283550
1.290795
1.322771
1.108653
1.359840
1.250928
1.293313
1.294188
1.206756
1.377201
1.255238
1.175516
1.134742
1.178527
1.031298
1.402663
1.221677
1.317983
1.550163
1.318574
1.311962
1.443734
1.238706
1.119401
1.163840
1.577620
1.382820
1.396653
1.313230
1.075697
1.230727
1.345579
1.126042
1.092395
1.369848
1.381733
1.065192
1.378900
1.213212
1.583550
1.124296
1.424448
1.139133
1.174027
1.190532
1.444019
1.139883
1.153616
1.269033
1.201093
1.349258
0.995004
1.218049
1.349788
0.970527
1.181914
1.259999
1.277939
1.205374
1.522685
1.383078
1.556881
1.204347
1.299814
1.317632
1.267709
0.978070
1.336662
1.309081
1.326588
1.237961
1.418090
1.131246
1.573938
1.247706
1.144225
1.174846
1.254083
1.163579
1.200923
1.099787
1.359105
1.430695
1.601057
1.342544
1.150672
1.398311
1.413153
1.098549
1.169805
1.066248
1.165311
1.252685
1.285927
1.329228
1.247090
1.059370
1.254743
1.180361
1.207437
1.039256
1.144317
1.262300
1.222366
1.116981
1.286260
1.101414
1.387215
1.478910
1.360721
1.325474
1.005852
1.214352
1.261341
1.395364
1.054929
1.456349
1.241635
1.224785
1.277616
1.471666
1.268186
1.276299
1.515157
1.406401
1.386033
1.286316
1.430837
1.141951
1.269381
1.179483
1.099978
1.240481
1.162482
1.254971
1.321427
1.412884
1.211392
1.172189
1.528486
1.213358
1.280933
1.031872
1.360922
1.356819
1.372300
1.255895
1.126044
1.357893
1.571598
1.319293
1.046630
1.011587
1.135046
1.125910
1.010309
1.401334
1.238341
1.255893
1.492182
1.388886
1.465253
1.420310
1.414921
1.133407
1.260805
1.291185
1.062127
1.014503
1.218699
1.188491
1.242360
1.381181
1.195114
1.066432
1.463399
1.278709
1.068993
1.013049
1.318755
1.181669
1.128128
1.246260
1.287828
1.272862
1.152770
1.104380
1.079235
1.120631
1.378213
1.206768
1.254193
1.163765
1.178953
1.294879
1.134753
1.621297
1.278559
1.563436
1.247288
1.271910
1.321612
1.142438
1.141668
1.130612
1.344254
1.163464
1.458406
1.067802
1.304292
1.193774
1.255658
1.106189
1.337163
1.232093
1.245345
1.359272
1.319908
1.248007
1.357991
1.262074
1.182492
1.204965
1.243971
1.118593
1.415976
1.131344
1.295642
1.159126
1.119681
1.342009
1.213832
1.257202
1.408666
1.185240
1.095154
1.326049
1.170997
1.297898
1.152307
1.070530
1.218007
1.250124
1.477282
1.195030
1.139312
1.253817
1.486028
1.267369
1.269429
1.064190
1.285313
1.404678
1.346534
1.341437
1.201933
0.992792
1.177503
1.358007
1.224737
1.162384
1.286733
1.478449
1.267786
1.326773
1.383239
1.256675
1.580527
1.158981
1.069168
1.259266
1.128640
1.434817
1.067667
1.240990
1.290253
1.365213
1.294055
1.342605
1.166335
1.188753
1.327620
1.251946
1.335815
1.199293
1.088770
1.152788
1.220212
1.298098
1.126123
1.265390
1.205158
1.270910
1.275607
1.349884
1.257539
1.333015
1.114120
1.147580
1.194553
1.309451
1.166082
1.360933
1.267778
1.497614
1.309246
1.137738
1.344868
1.153128
1.066020
0.967497
1.236029
1.234065
1.073474
1.359282
1.291292
1.154255
1.381011
1.163166
1.163170
1.265931
1.230032
1.249428
0.961114
1.289083
1.246366
1.303351
1.412234
1.300448
1.408353
1.254874
1.345061
1.095919
1.235688
1.278049
1.213528
1.439365
1.189566
1.187254
1.223874
1.374472
0.969624
1.309738
1.368213
1.121220
1.316349
1.208087
1.197347
1.259079
1.267470
1.131023
1.145784
1.301873
1.423636
1.250815
1.188116
1.223750
1.230125
1.229061
1.290298
1.342937
1.190172
1.509941
1.209611
1.225996
1.724776
1.431369
1.024477
1.331440
1.236924
1.213347
1.234597
1.423440
1.218011
1.239816
1.315334
1.298286
1.043907
1.330220
1.262398
1.395576
1.130080
1.424644
1.173559
1.166820
1.328129
1.374541
1.129715
1.544263
1.062347
1.091693
0.893155
1.543983
1.220260
1.341063
1.337754
1.295106
1.090331
1.092857
1.212565
1.204505
1.187556
1.391100
1.179896
1.243802
1.239075
1.398547
1.307115
1.249165
1.359686
1.138969
1.255711
1.085274
1.201211
1.465569
1.294334
1.259575
1.108802
1.172941
1.226370
1.382656
1.229514
1.149700
1.187404
1.296872
1.366085
1.157608
1.124084
1.181044
1.203347
1.368811
1.179758
1.248821
1.398151
1.056963
1.216888
1.314623
1.236255
1.475051
1.380584
1.250259
1.403434
1.333502
1.088501
1.098740
1.370543
1.106671
1.272968
1.352348
1.128494
1.278102
1.319673
1.211372
1.069650
1.284892
1.023726
1.160981
1.134027
1.390156
1.590611
1.332181
1.290523
1.166055
1.151075
1.118739
1.118608
1.405562
1.625676
1.695618
1.404578
1.081032
1.447561
1.492870
1.096047
1.208719
1.112228
1.417713
1.364238
1.323238
1.225899
1.290480
1.152592
0.976978
1.073360
1.328981
1.394620
1.133247
1.165569
1.163706
1.297826
1.346189
1.146409
1.187709
1.363767
1.114060
1.259857
1.537852
1.304859
1.208083
1.526855
1.266252
1.378044
1.182933
1.396969
1.298812
0.999362
1.486587
1.211498
1.279433
1.461263
1.296219
1.348816
1.267202
1.245860
1.094937
1.142750
1.409800
1.398199
1.217102
1.151814
1.102734
1.255528
1.253625
1.331198
1.136872
1.315675
1.442785
1.222750
1.313556
1.275629
1.166417
1.263698
1.140513
1.330744
1.511074
1.267007
1.299942
1.296870
1.107202
1.269321
1.070946
1.248692
1.240257
1.366782
1.289263
1.191528
1.087543
1.153826
0.964424
1.414091
1.319567
1.243369
1.149266
1.368360
1.287029
1.391096
1.307779
1.259002
1.085444
1.345005
1.171815
1.094373
1.058366
1.215380
1.254261
1.345970
1.288557
1.023315
1.185947
1.108800
1.419447
1.056566
1.176621
1.290052
0.994050
1.254118
1.358653
1.256359
1.126641
1.233031
1.424940
1.542389
1.411562
1.352491
1.281265
1.081570
1.346655
1.313054
1.328204
1.224580
1.041685
1.354249
1.316120
1.327495
1.407129
1.395582
1.267866
1.187679
1.348223
1.320549
1.020053
1.258559
1.159788
1.499076
1.074975
1.523800
1.199712
1.276810
1.110652
1.178211
1.252776
1.218343
1.435190
1.182995
1.137712
1.230515
1.363894
1.092863
1.194118
1.265033
1.366772
1.418343
1.294388
1.114671
1.218673
1.251890
1.199743
1.331636
1.354458
1.286929
0.996255
1.363157
1.173287
1.126569
1.247988
1.100603
1.023992
1.014870
1.213076
1.216866
1.110262
1.191111
1.335541
1.361554
1.322188
1.494333
1.461130
1.098533
1.308409
1.368637
1.061119
1.024128
1.369426
1.317353
1.309924
1.157432
1.220892
1.193199
0.927847
1.243398
1.115645
1.193554
1.150374
1.248361
1.288827
1.497636
1.499303
1.463453
1.243214
1.349934
1.428648
1.071420
1.203878
1.289254
1.291791
1.162272
1.391667
1.263165
1.342712
1.354357
1.266505
1.243995
1.238658
1.331730
1.073193
1.398333
1.331261
1.402051
1.228608
1.375873
1.281259
1.209354
1.088471
1.194592
1.273683
1.012215
1.206047
1.164904
1.466483
1.342913
1.320071
1.244627
1.141535
1.229587
1.303152
1.077933
1.390700
1.391313
1.460012
1.263315
1.304686
1.145513
1.178866
1.151693
0.951386
1.279721
1.115201
1.209622
1.124825
1.069188
1.226801
1.284627
1.314194
1.390422
1.269720
1.124502
1.327341
1.298362
1.252398
1.308127
1.097180
1.465981
1.274524
1.473670
1.210490
1.123402
1.350345
1.135593
1.315781
1.129803
1.066993
1.311980
1.303222
1.328380
0.899279
1.109504
1.181191
1.199301
1.226601
1.167248
1.094037
1.303249
1.182890
1.197786
1.301769
1.458051
1.304868
1.439958
1.282611
1.207198
1.432850
1.099349
1.035646
1.306640
1.273146
1.127347
1.237595
1.209098
1.028581
1.256436
1.576741
1.373237
1.271821
1.307086
1.109670
1.191296
1.073817
1.553017
1.051566
1.154606
1.092959
1.054724
1.056483
1.096135
1.251310
1.615656
1.408585
1.104666
1.491185
1.106912
1.214101
1.004440
1.070291
1.386531
1.441627
1.217227
1.078820
1.314241
1.159375
1.247040
1.206958
0.951828
1.156336
1.328042
1.285660
1.522936
1.173537
1.226443
1.504674
1.308630
1.262043
1.176305
1.124460
1.378675
1.098469
1.219691
1.157123
1.437797
1.087760
0.945584
1.383065
1.107704
1.084626
1.068828
1.494087
1.381243
1.337270
1.225477
1.166779
1.459467
1.227310
1.164383
1.175088
1.343640
1.285804
1.063656
1.319128
1.581494
1.028208
1.171034
1.384076
1.136314
1.233954
1.244586
1.365873
1.148682
1.253556
1.325222
1.135801
0.998223
1.349575
1.344785
1.189315
1.208441
1.049574
1.335138
1.295101
1.506517
1.430458
1.329499
1.414723
1.280251
1.510250
1.180111
1.259751
1.284671
1.097798
1.068251
1.328455
1.341650
1.444244
1.066190
1.076892
1.313900
0.988053
1.196419
1.186454
1.217773
1.222960
1.088129
1.337607
1.153976
1.282426
1.105382
1.173642
1.197302
1.293810
1.212588
1.062760
1.367528
1.031752
1.388790
1.058863
1.303606
1.309360
1.478003
1.127561
1.125107
1.207212
1.430591
1.180959
1.271413
1.430942
0.956371
1.310091
1.373783
1.474809
1.058807
1.405323
1.024835
1.211164
1.248349
1.149253
1.302028
0.961367
1.131808
1.021454
1.144402
1.158086
1.367268
1.278478
1.190113
1.111845
1.079306
1.015614
1.286547
1.258933
1.372153
1.328559
1.300836
1.179855
1.141770
1.095550
1.218068
1.140886
1.517621
1.163600
1.309856
1.194935
1.111473
1.050432
1.415840
1.123494
1.509667
1.214942
1.311371
1.280208
1.267564
1.314387
1.152403
1.290140
1.116439
1.056813
1.405303
1.364966
1.240715
1.144484
1.378291
1.285592
1.204383
1.178266
1.186707
1.101235
1.247691
1.320114
1.438089
1.137039
1.271212
1.301099
1.061253
1.520780
1.261684
1.135999
1.169986
1.182501
1.122979
1.082839
1.084051
1.131694
1.317892
1.221121
1.270168
1.211380
1.128917
1.286996
1.193509
1.200923
1.249207
1.115502
1.029643
1.224344
1.145796
1.194001
1.329179
1.330341
1.248938
1.183924
1.169935
1.007488
1.078763
1.323874
1.347564
1.297417
1.347384
1.425495
1.026839
1.158137
1.131712
1.208908
1.140710
1.353258
1.124243
1.683573
1.323312
1.116372
1.170073
1.129983
1.289577
1.305848
1.212053
1.273447
1.398584
1.335313
1.179211
1.393643
1.166067
1.395635
1.222045
1.313595
0.989242
1.232808
1.196582
1.414600
1.362762
1.014050
0.944031
1.281403
1.233805
1.334344
0.990565
1.309035
1.459856
1.078463
1.142406
1.244749
1.268264
1.398298
1.066627
1.112357
1.263639
1.215235
1.170114
1.195830
1.278422
1.156129
1.022270
1.233410
1.208644
1.299079
1.322437
1.501076
1.173207
1.299582
1.173790
1.451184
1.170292
1.294773
1.150260
1.322297
1.241494
1.550170
1.318655
1.402885
1.349170
1.064885
1.100278
1.529619
1.264010
1.242696
1.446911
1.086208
1.150373
1.287545
1.109238
1.350176
1.284772
1.302051
1.322000
1.187945
1.304955
1.439886
1.272390
1.093782
1.454146
1.127776
1.069130
1.312711
1.281755
1.007511
1.343633
1.354811
1.184371
1.005294
1.454447
1.472477
1.307563
1.265784
1.301570
0.987275
1.240460
1.100143
1.052742
1.010139
1.231840
1.208064
1.433740
1.001701
1.251265
1.638681
1.400290
1.236769
1.129243
1.151441
1.148328
1.142773
1.195258
1.253676
1.163859
1.128076
1.248344
1.114553
1.381317
1.247550
1.120569
1.244413
1.219826
0.982838
1.231252
1.097052
1.068619
1.312393
1.276359
1.306903
1.152722
1.073890
1.396139
1.307985
1.314867
1.347307
1.273141
1.364001
1.452770
1.107967
1.123810
1.184042
1.193966
1.086914
1.255690
1.167528
1.191532
1.190431
1.155086
1.242250
1.234464
1.449053
1.091814
1.299043
1.269425
1.172558
1.106340
1.022350
1.267992
1.103230
1.361136
1.005444
1.171145
1.138460
1.226664
1.096204
1.241427
1.334728
1.212662
1.288755
1.210622
1.150445
1.331672
1.267082
1.374992
1.171170
1.314837
1.124415
1.278073
1.163201
1.156549
1.256349
1.120387
1.128416
1.386006
1.206309
1.030848
1.141804
1.638623
1.346589
1.078833
1.263877
1.078311
1.275807
1.349995
1.302840
1.315957
1.584425
1.228704
1.189451
1.181349
1.425945
1.086452
1.102264
1.256334
1.159042
1.063476
0.945314
1.432280
1.375384
1.578368
1.371037
1.313384
0.977599
1.226299
1.129159
1.102292
1.166493
1.201499
1.287951
1.078779
1.296700
1.307920
1.104735
1.317676
1.322158
1.141637
1.435037
1.275297
1.236488
1.320003
1.076925
1.426463
1.127634
1.092941
1.301433
1.074042
1.323852
1.176117
1.067421
1.425066
1.097401
1.376594
1.380344
0.990852
0.938939
1.204587
1.054681
1.192471
1.150148
1.506804
1.370277
1.233232
1.199175
1.210939
1.474960
1.054906
1.270792
1.122485
1.178704
1.225431
1.308508
1.288034
1.203650
1.090075
1.170491
1.151805
1.009468
1.170692
1.305423
1.339154
1.386043
1.335731
1.279343
1.239768
1.336614
1.070894
1.453094
1.141652
1.227006
1.167910
1.234521
1.152254
1.453528
1.077023
1.190536
1.252580
1.081407
1.403284
1.152816
1.110310
1.208635
1.244851
1.223445
1.493981
0.996647
1.169155
1.065637
1.114943
1.338170
1.192873
1.038109
1.252328
1.311865
1.407489
1.455175
1.090251
1.110421
1.198300
1.250863
1.248616
0.935268
1.237059
1.326913
1.222285
1.314289
1.159380
1.174888
1.091641
1.329517
1.122636
1.281271
1.117619
1.164806
1.347594
1.161188
1.430963
1.212713
1.279736
1.241859
1.258664
0.978800
1.371820
1.273699
1.200363
1.211634
1.309560
1.408839
1.354839
1.422212
1.146542
1.416945
1.054742
1.214371
1.162020
1.229733
1.169771
1.060084
1.404165
1.344709
1.170591
1.216393
1.258242
1.378926
1.090700
1.269757
1.451516
1.217411
1.231255
1.229754
1.297286
1.160820
1.455175
1.440637
1.347519
1.193273
1.220764
1.188073
0.998175
1.030539
1.185829
1.206595
0.981429
1.269815
1.320224
1.214294
1.419182
1.226840
1.196470
1.261702
1.222895
1.097056
1.374493
1.088920
1.140846
1.115762
1.401882
1.235057
1.211952
1.084971
1.273073
1.101470
1.118335
1.383666
1.005809
1.137415
1.262457
1.155159
1.276896
1.308201
1.259528
1.157020
1.163051
1.140390
1.290351
1.229483
1.512217
1.271013
1.026946
1.093174
1.154406
1.457184
1.268073
1.432552
1.048310
1.512915
1.268495
1.211953
1.237843
0.952275
1.217651
1.330946
1.112107
0.988335
1.131747
1.191127
1.193207
1.189410
1.134876
1.312063
1.144361
1.174285
1.342902
1.276414
1.229403
1.304445
1.379795
1.190728
1.263506
1.085110
1.230622
1.280008
1.032152
1.107418
1.392699
1.310838
1.127389
1.172067
1.131148
1.335412
1.124859
1.274129
1.115985
1.049980
1.137768
1.193739
1.137010
1.290620
1.249775
1.238277
1.327956
1.163905
1.326333
1.224987
1.153551
1.228881
1.244167
1.274303
1.134090
1.140371
1.159141
1.076002
1.087721
1.015182
1.336864
1.175663
1.367190
1.460912
1.103312
1.197841
1.515707
1.257221
1.405580
1.248552
1.435072
1.188161
1.466474
1.091778
1.052346
1.114428
1.080250
1.246782
1.218214
1.113338
1.173721
1.203856
1.198490
1.522354
1.355572
1.137673
1.157696
1.097028
1.037281
1.145903
1.108397
0.982155
1.185062
1.252550
1.083950
1.202944
1.116248
1.253913
1.234176
1.072228
1.288869
1.157182
1.168094
1.415746
1.314019
1.344493
1.541720
1.363137
1.403182
1.544830
1.037904
1.194593
1.344735
1.525858
1.177269
1.095530
1.142122
1.145113
1.317499
1.069574
1.192329
1.129004
0.960449
0.956409
1.307873
1.138940
1.159367
1.114768
1.073584
1.207271
1.438195
1.083384
1.137035
1.367395
1.179751
1.190279
1.345651
1.373945
1.383717
1.305412
1.024877
1.511198
1.309047
1.139445
1.320348
1.094120
1.125387
1.156988
1.307559
1.236558
1.179296
1.193181
1.393143
1.309402
1.411535
1.165372
1.445873
1.195587
1.416930
1.428121
1.016706
1.070629
1.222344
1.170315
1.313102
1.061349
1.244949
1.435366
1.198980
0.843627
1.565430
1.000028
1.006053
1.278719
1.320379
1.149043
1.567795
1.172574
1.174790
0.978166
1.173381
1.330571
1.269375
1.417427
1.227438
1.219341
0.997625
1.142898
1.107974
1.028483
1.231079
1.266275
1.380994
1.632713
1.249670
1.182027
1.218527
1.147199
1.113221
1.167304
1.263585
1.022767
1.343951
1.179169
1.147873
1.196662
1.214128
1.259685
1.163621
1.283402
1.183520
1.228252
1.732832
1.027092
0.975404
1.391722
1.189639
1.291438
1.354017
1.018049
1.251414
1.250723
1.144105
1.299403
1.313115
1.082843
1.199089
1.400469
1.170767
1.266399
1.167658
1.093045
1.151685
1.098003
1.497938
1.124613
1.156061
1.099138
1.038008
1.320461
1.266709
1.228010
1.179703
1.231675
0.917629
1.291186
1.368131
1.047720
1.145257
1.396556
1.193069
1.140501
1.305476
1.150615
1.429962
1.328622
1.108453
1.249307
1.242625
1.223782
1.224989
1.425740
1.073563
1.265131
1.115758
1.195675
1.269241
0.952409
0.966711
1.310203
1.191786
1.269788
1.389510
1.303299
1.064355
1.231496
1.239252
1.374759
1.196442
1.202281
1.371000
1.138490
1.261051
1.138566
1.741496
1.208835
1.267616
1.273812
1.090673
1.314564
1.099256
1.154231
1.019971
1.058951
1.099429
1.261979
1.405678
1.447916
1.252463
1.107930
1.343631
1.020212
0.965259
1.246221
1.123860
1.229119
1.359059
1.209758
1.276251
1.126246
1.246738
1.118491
1.160937
1.434569
1.284036
1.076652
1.133234
1.104411
1.046803
1.354392
1.187765
1.000296
1.347545
1.085723
0.984724
1.132488
1.158372
1.211033
1.300721
1.210730
1.308501
1.128187
1.219254
1.418284
1.406260
1.162956
1.071815
1.081612
1.138842
1.253834
1.092566
1.196012
1.300321
1.286116
1.129852
1.323616
1.294831
1.155376
0.929969
0.986607
1.262051
1.009496
1.302757
1.128092
1.133808
1.219173
1.171895
1.190949
1.299125
1.198069
1.014553
1.143457
1.270749
1.138346
1.391607
1.333373
1.186698
1.370064
1.249244
1.259812
1.151217
1.191170
1.309982
1.290106
1.369120
1.220652
1.091661
1.197662
1.183872
1.361810
1.242663
1.085969
1.287004
1.117164
1.261229
1.026913
1.485117
1.191849
1.306253
1.226136
1.367779
1.010354
1.295733
1.265442
1.277084
0.820050
1.228397
1.093443
1.551507
1.155515
1.163946
1.217807
1.021971
1.418281
1.320845
1.223293
1.274844
1.111347
1.124044
1.050949
1.302001
1.080572
1.427766
1.144035
1.053959
1.204650
1.181272
1.310347
1.196602
1.230612
1.351263
1.119862
1.224605
1.153908
1.124326
1.280881
1.102952
1.268702
1.147161
1.256307
1.033831
1.179251
1.162635
1.283949
1.369462
1.001789
1.329521
1.257653
1.249958
1.407428
1.273010
1.259592
1.386729
1.290068
1.208256
1.256419
1.266915
1.309215
1.263876
0.922624
1.061140
1.275603
1.403677
1.274304
1.207859
1.320157
1.233799
1.191226
1.291297
1.119318
1.314355
1.227842
1.240247
1.427698
1.098944
1.053952
1.405284
1.337976
1.046498
1.164467
1.010490
1.345894
1.209368
1.218448
1.018333
1.401726
1.468749
1.222969
1.242885
1.147707
1.081292
1.130895
1.054701
1.261331
1.103565
1.205273
1.233227
1.200819
1.201796
1.143320
1.369042
1.471792
1.109507
1.237163
0.945417
1.500106
1.248814
1.096752
1.248059
1.299958
1.251860
1.399158
1.174446
1.267609
1.196184
0.978989
1.327597
1.450315
1.289469
0.917764
1.289513
0.937135
1.427742
1.117975
1.050430
1.250602
1.417876
1.250905
1.263156
1.157998
1.134633
1.443114
1.315502
1.191049
0.934435
1.127097
1.169637
1.243418
1.197410
1.345361
1.244103
1.151010
1.137027
1.164803
1.028904
1.262404
1.282654
1.301318
0.840978
1.143057
1.432574
1.130617
1.110942
1.297953
1.114595
1.262387
1.080132
1.163732
1.295141
1.234406
1.356737
1.334310
1.159534
1.158897
1.066340
1.332048
1.151140
1.095529
0.968888
1.277908
1.225501
1.248561
1.147685
1.268916
1.127678
1.185128
1.115528
1.316708
1.302254
1.277374
1.106315
1.081576
1.362664
1.068869
1.228577
1.122469
1.201169
1.211895
1.238559
1.325310
1.358930
0.934126
1.066639
1.820360
1.052675
1.258839
1.528053
1.289149
1.300059
1.392084
1.133846
1.180340
1.240359
1.170390
1.209612
1.156706
1.230834
1.337165
1.410637
1.170128
1.395125
1.088271
1.231526
1.293768
1.017061
1.386926
1.310012
1.158406
1.188982
1.053388
1.110099
1.340161
1.266561
1.278082
0.984757
1.165631
1.225714
1.220501
1.076028
1.065151
1.217860
1.178738
1.272383
1.135399
1.026806
1.080294
1.174409
1.299589
1.142817
1.285322
1.419204
1.187345
1.293244
1.217433
1.535445
1.209241
1.308168
1.312120
1.317215
1.178282
1.230163
1.295135
1.205258
1.097514
1.467058
1.116372
1.282628
1.167040
0.992758
1.426642
1.127464
1.133758
1.154644
1.269483
1.189750
1.013584
1.052793
1.336306
1.300552
1.184142
1.171121
1.099069
1.154614
0.924931
1.276973
0.997045
1.101616
1.107231
1.089578
1.017158
1.220983
1.279091
1.265442
1.269562
1.353755
1.276455
1.188680
1.166247
1.207139
1.358296
1.270924
1.071744
1.008504
1.116804
1.122218
1.327558
1.288777
1.128081
1.426657
1.189821
1.243392
1.147922
1.252914
0.850644
1.344534
1.274774
1.080929
1.351246
1.167614
1.198353
1.155610
1.476546
1.331680
0.960611
1.146317
1.292058
1.222751
1.172482
1.424975
1.322386
1.164774
1.196464
1.280694
1.184315
1.062005
1.325133
1.312924
1.255986
1.377117
1.025017
1.243300
1.145817
1.292853
1.406090
0.865974
1.420035
0.955170
1.291792
1.168907
1.480845
0.964367
1.208477
1.129472
1.271178
1.141342
1.395853
1.139128
1.402847
1.329077
1.416956
1.175717
1.142864
1.303447
1.357477
1.464419
1.164480
1.206822
1.305294
0.848334
1.208168
1.307898
1.127076
1.047990
1.261484
1.240202
1.341197
1.187646
1.087837
1.096145
0.972246
1.194999
1.048947
0.920532
1.216198
1.065604
1.167898
1.350841
1.319345
1.182516
1.151053
1.262096
1.067369
1.100928
1.360232
1.129205
1.032257
1.231449
1.273873
1.509748
1.095567
1.068347
1.158197
1.068942
1.053276
1.107612
1.196955
1.214344
1.111837
1.254084
1.160878
1.417980
1.242466
1.199739
1.323096
1.186048
1.216683
1.187212
1.195627
1.133434
1.345802
1.241454
1.112120
1.008368
1.291314
1.138304
1.482585
1.462492
1.287705
1.228498
1.269288
1.026489
1.164824
1.270303
1.276093
1.261121
1.163353
1.393793
1.162324
1.294387
1.196256
1.148374
1.368575
1.431316
1.144664
1.322615
1.294654
1.121549
1.213061
1.155510
1.144833
1.010842
1.281035
1.253716
1.171845
1.176469
1.091900
1.130466
1.410426
1.564927
1.028548
1.382443
1.187456
1.082958
1.086630
1.286031
1.043457
1.392258
1.079664
1.198832
1.103796
1.292467
1.346750
1.142289
1.113033
1.017632
1.471950
1.088096
1.282434
1.409591
1.090382
1.240041
1.111092
1.337330
1.016659
1.216818
1.347122
1.279012
0.992291
1.116684
1.170524
1.090664
1.556467
1.200406
1.089425
1.223006
1.245409
1.209944
1.124794
1.234827
1.017624
1.269869
1.105515
1.229949
1.122200
1.162973
1.308337
0.985404
1.297466
1.287707
1.148651
1.415499
1.009168
1.270531
1.016376
1.028126
1.061685
1.404571
1.376225
1.186053
1.436268
1.100921
1.052566
1.279636
1.344566
1.098735
1.193757
1.251871
1.352938
1.161779
1.165477
1.278752
1.232999
1.115321
1.440428
1.299429
1.009797
1.138159
1.202512
1.076422
1.269426
1.001204
1.193410
1.033489
1.188984
1.150074
1.194483
1.220150
1.209287
1.305085
1.421404
1.247889
1.079110
1.268682
1.475278
1.102081
1.149624
1.198722
1.183834
1.134793
1.368104
1.102206
1.203387
1.107221
1.332194
1.081775
1.447851
1.010778
1.234233
1.102237
1.084673
1.154784
1.335803
1.395021
1.267741
1.296426
1.187578
1.269354
1.132601
1.002484
0.856090
1.326817
0.990291
1.115792
1.277686
1.292273
1.323166
0.980725
1.014656
1.074150
0.915071
1.008156
1.227922
1.224579
1.455345
1.415416
1.253706
1.280065
1.284421
1.242926
1.251570
1.212271
1.281209
1.416299
1.375508
1.163878
1.018653
1.246760
1.013136
1.481527
1.130780
1.096118
1.476480
1.123992
1.393343
1.122633
0.994061
1.175761
1.393222
1.163595
0.973696
1.421488
1.252478
1.103436
1.210636
1.389437
1.286751
1.663633
1.152611
1.107069
1.022898
1.284739
1.115540
1.140345
1.360320
1.176871
1.159042
1.109434
1.219777
1.066684
1.089250
1.283021
1.178359
1.209298
1.159162
1.424550
1.272577
1.292242
0.973479
1.387625
1.305258
1.158883
1.123924
1.202350
1.433795
0.936068
1.204595
1.423548
1.255934
1.107366
1.278008
1.182634
1.227490
1.104157
1.175609
1.085424
1.249992
1.260516
1.159614
1.215802
1.084131
1.021001
1.566336
1.154933
1.189541
1.218747
1.170753
1.034407
1.317283
1.094936
1.209256
1.353452
1.274561
1.223582
1.451476
1.092538
1.170341
1.065217
1.283202
1.233713
0.964949
1.033726
1.256438
1.045962
1.118188
1.162634
1.249468
1.204672
1.341056
1.195867
0.986593
1.086126
1.191663
1.286047
1.281418
1.134263
1.236321
1.319857
1.203764
1.273061
1.259827
1.295179
1.049935
1.202479
1.073741
1.255972
0.969595
1.078223
1.168970
1.177845
1.267136
1.356866
1.176151
0.942496
1.225161
1.201500
1.247541
1.263438
1.318099
1.251467
1.320504
1.271962
1.304375
1.190694
1.295359
1.178508
1.027226
1.140326
1.132784
1.142915
1.169110
1.352639
0.974785
1.326610
1.256913
1.308668
1.368500
1.312433
1.227579
1.107041
1.110255
1.119862
1.107497
1.163657
0.845954
1.211907
1.305535
1.029139
1.116202
0.871495
1.461517
1.318337
1.348162
1.244119
1.255867
1.289454
1.242007
1.229291
1.266515
1.218930
1.255447
1.103124
1.536544
1.469342
1.127595
1.249593
1.275142
1.247152
1.098941
1.077664
1.147852
1.325838
1.362120
1.153257
1.341832
1.385386
1.292179
1.152994
0.950996
1.315732
1.225893
1.240291
1.002739
0.975280
1.237880
1.131836
1.025131
1.241220
1.086492
1.447121
1.019943
1.205039
1.172628
0.913680
1.012177
1.453065
1.189172
1.514546
1.132967
1.349717
1.131864
1.374264
1.054310
1.233176
1.237707
1.181705
1.172846
1.342854
1.128097
1.082935
1.186545
1.166432
1.253715
1.040207
1.155523
1.124188
1.058835
1.403027
1.152137
1.153386
1.103117
1.212121
1.393194
1.439499
1.212236
1.281374
1.061688
1.197856
1.074067
1.422053
1.055421
1.315532
1.189273
1.036029
1.255660
1.378343
1.304276
1.259420
1.357488
1.380989
1.180411
1.326672
1.357175
1.184468
1.272689
1.298028
1.161718
1.237785
1.204477
1.060653
1.192058
1.160939
1.102609
1.196054
0.983552
1.064656
1.185079
1.201927
1.181381
1.436698
1.248774
1.242366
1.347392
1.319058
1.182663
1.327702
1.144461
1.001767
1.124573
1.090258
1.213140
1.274356
1.260323
1.513826
1.134066
1.170023
1.403716
1.117574
1.115828
1.185604
1.216452
1.246006
0.874913
1.209832
1.425905
1.216691
1.285013
1.494620
1.137819
1.285526
1.028082
1.192576
1.377018
1.289485
1.356436
1.111565
1.198941
1.248279
1.126059
0.776016
1.205978
1.222487
1.080849
1.311135
1.126732
1.343603
1.243967
0.989792
1.178276
1.067476
1.174905
1.169660
1.543171
1.110999
1.293972
1.270569
1.045651
1.275796
1.035489
0.943992
1.209725
1.313162
1.340101
1.140912
1.333188
1.189759
1.385365
1.136096
1.062800
0.943769
1.141759
1.261062
1.340463
1.200138
1.028659
1.309623
1.162986
1.273796
1.293884
1.349293
1.141136
1.138076
1.384795
1.228097
1.392776
1.038573
1.748551
1.357093
1.314692
1.251221
0.937537
1.216043
1.055698
1.460701
1.258999
1.369732
1.326181
1.300515
1.322543
1.187290
1.201987
1.132021
1.405159
0.996658
1.071069
1.168939
1.094912
1.372987
1.089010
1.419924
1.162920
0.957174
1.135184
1.117080
1.125345
1.051278
1.166520
1.302022
0.988112
1.230441
1.218859
1.055598
0.990602
1.244099
1.256308
1.393343
1.114663
1.115394
1.255562
1.167149
1.138022
1.432600
1.192032
0.945133
0.892203
1.225365
1.422580
1.106920
1.121044
1.230782
1.113636
0.995395
1.136213
1.625266
1.124730
1.168790
1.234369
1.142012
1.345371
1.545454
1.211076
1.361198
1.141394
1.139351
1.201593
1.222052
1.080490
1.171505
0.993061
1.151593
1.141534
1.293432
1.237054
1.214855
1.047703
1.196370
1.440506
1.115342
1.170442
0.971576
1.231966
1.375774
1.068654
1.042150
1.184726
1.116499
1.041920
1.518966
1.119933
1.404122
1.319491
1.223638
1.437517
1.358506
1.295652
1.382941
1.131950
1.110959
1.187501
1.217396
1.199753
0.950260
1.244942
1.060546
1.254362
1.235501
1.200820
1.081684
1.243381
1.332172
1.219546
1.070414
1.307295
1.508651
1.281111
1.458751
1.166463
1.108796
1.234608
1.177789
1.063610
1.190542
1.287011
1.205783
1.075568
1.234022
1.136454
1.023156
1.020140
1.153129
1.195942
1.237631
1.363647
1.060931
1.153863
1.106410
1.232594
1.359390
1.440320
1.046044
1.296004
1.026712
1.084805
1.188583
1.233838
1.366426
1.177283
1.246359
1.196075
1.111064
1.179796
1.215636
1.324189
1.222828
1.141519
1.090350
1.189877
1.397052
1.309700
1.084443
1.199972
1.279517
1.140665
1.236954
1.064976
1.215297
1.186629
1.423421
1.118497
1.339126
1.215326
1.000209
1.211950
1.243350
1.096478
1.029582
1.218995
1.188007
1.322309
1.339275
1.054996
1.161363
1.173037
1.207383
1.312482
1.145576
1.283717
1.228535
1.339847
1.019248
1.300090
1.155623
1.317437
1.160807
1.169709
1.091465
1.483598
1.076106
1.356282
1.127595
1.381583
1.341120
1.065152
1.208324
1.298196
1.166807
1.071418
1.253086
1.213877
1.168442
1.519408
1.271916
1.161373
1.300017
1.256247
0.931751
1.389543
1.234141
1.177203
1.196320
0.984934
1.142674
1.399402
1.110112
1.017917
1.273263
1.201081
1.212903
1.135913
1.122195
1.293172
1.255628
1.118418
1.323176
1.331303
1.277252
1.100095
1.193296
1.136792
1.130734
1.391776
1.017938
1.144035
1.209681
1.286230
1.085979
1.219831
1.179761
1.129091
1.008522
1.297201
1.028519
1.123274
1.321140
1.280206
1.171754
1.227688
1.222712
1.238880
1.243270
1.103120
0.998437
1.321508
1.198186
1.374287
1.133020
1.076181
1.319141
1.283235
1.258986
1.142882
1.196384
1.259707
1.225948
1.265530
1.377544
1.254231
1.149151
1.275505
1.216943
1.024628
1.106663
1.230667
1.158666
1.116110
1.260055
0.975981
1.234716
1.065547
1.033236
1.594827
1.294082
1.062456
1.284064
1.196357
1.050328
1.113985
1.121834
1.091401
1.096921
1.151909
1.187453
1.171412
1.163543
1.180989
1.284052
1.193197
1.321517
1.362989
1.184064
0.972514
1.090431
1.130988
1.120193
1.270152
1.145562
1.143141
1.112850
1.531519
1.167307
1.224676
1.303380
1.224074
1.252932
1.227574
1.458123
1.224298
1.373768
1.015802
1.390839
0.986925
1.424560
1.168951
1.320231
1.398795
1.138746
1.097196
1.111935
1.448634
1.103637
1.444477
1.414841
1.102810
1.266408
1.277180
1.120838
1.311566
1.141332
1.235345
1.029596
1.254047
1.092767
0.962250
1.509423
1.111043
1.008621
1.144447
0.983895
1.290719
1.127598
1.426592
1.136416
1.155539
1.119489
1.136700
1.225107
1.106764
1.307552
1.089791
1.177056
1.582953
1.249956
1.861444
1.088340
0.932880
1.165754
1.232412
1.280907
1.106815
1.262552
1.075412
1.017506
1.115350
1.281241
0.971876
1.178861
1.232832
1.097113
1.101032
1.303581
1.077450
1.111374
1.246206
1.333876
1.155534
1.249438
1.045048
1.197095
1.250479
1.238237
1.225795
1.006000
0.974305
1.310427
0.964013
1.158586
1.073433
1.455822
1.127026
1.182074
1.253584
1.276833
1.245899
1.125096
1.298647
1.228445
1.212399
1.362602
1.333370
1.562923
1.259261
1.210821
1.145830
1.280923
1.079441
1.428458
1.104358
1.210926
1.276798
1.420023
1.210364
1.126322
1.065216
1.200135
1.092926
1.185588
1.217522
1.357036
1.144105
1.271108
1.208067
1.306389
1.323995
1.173462
1.202475
1.368450
1.283872
1.029840
1.253950
1.396217
1.078274
1.159377
1.274548
0.991554
1.382991
1.241939
0.994821
1.272589
1.047475
1.258351
0.980732
1.118627
0.979067
1.334878
1.355201
1.289167
1.135301
1.304599
1.331570
1.065500
1.059274
1.115260
1.151998
1.122317
0.959706
1.180013
0.924273
1.063944
1.213562
1.121373
1.333313
1.203269
1.270309
1.420362
1.240209
0.971603
1.176902
1.255300
1.183717
1.235863
1.095706
1.180995
1.140015
1.099688
1.192675
1.224215
1.126123
1.075392
1.206545
1.274324
1.421505
1.311677
1.408978
1.154938
1.183617
1.350235
1.310070
1.150193
1.049378
1.249814
1.393793
1.226130
1.272207
1.509692
