2.262910
1.826191
16.388403
2.292481
2.314295
2.278775
2.265573
2.323882
2.298849
2.275954
2.321491
2.298041
2.268576
2.260691
2.307725
2.289519
2.276042
2.253517
2.315715
2.294811
2.283590
2.273986
2.266348
2.306807
2.293489
2.283887
2.278753
2.271800
2.310280
2.297610
2.292951
2.280166
2.281680
2.301144
2.290908
2.287775
2.280954
2.274673
2.264137
2.268042
2.298812
2.293509
2.285880
2.284631
2.280343
2.284024
2.301787
2.298591
2.292821
2.288410
2.281940
2.277544
2.272230
2.295763
2.294177
2.290147
2.285438
2.276879
2.272648
2.270134
2.301395
2.288936
2.297453
2.279637
2.281899
2.271164
2.268420
2.293899
2.289352
2.283497
2.274212
2.277735
2.261926
2.262895
2.295061
2.291270
2.287953
2.281143
2.281665
2.275470
2.270730
2.304205
2.296775
2.292977
2.290981
2.287107
2.286837
2.279989
2.282303
2.301851
2.299868
2.291819
2.294090
2.286888
2.280820
2.282895
2.283500
2.299222
2.297000
2.292404
2.287432
2.287014
2.283879
2.276557
2.276140
2.300420
2.294854
2.289031
2.285874
2.284137
2.282787
2.271305
2.267511
2.299650
2.297129
2.289116
2.291282
2.286319
2.277845
2.273014
2.275874
2.261925
2.293784
2.294269
2.293726
2.286205
2.278467
2.280696
2.277365
2.275553
2.296720
2.283724
2.296214
2.292912
2.284182
2.279098
2.278668
2.273298
2.276520
2.297215
2.289235
2.286109
2.288881
2.279533
2.278123
2.271301
2.279686
2.276487
2.294649
2.295468
2.286381
2.285565
2.287112
2.285974
2.278069
2.282185
2.293508
2.292114
2.285610
2.282684
2.279904
2.275692
2.276412
2.282558
2.268585
2.271191
2.293005
2.293789
2.290657
2.285149
2.281076
2.282209
2.275745
2.274298
2.264675
2.293339
2.291837
2.284146
2.288990
2.281758
2.284372
2.276292
2.273509
2.277672
2.300906
2.297203
2.291054
2.294162
2.288014
2.285244
2.284801
2.282640
2.279141
2.267930
2.300072
2.299165
2.295429
2.290660
2.290545
2.291709
2.282630
2.282382
2.281235
2.296156
2.296259
2.291644
2.293258
2.290514
2.286469
2.285135
2.285108
2.281914
2.277493
2.299020
2.300496
2.295953
2.296161
2.293627
2.291523
2.287601
2.287931
2.284974
2.283036
2.297469
2.295952
2.294669
2.295171
2.293108
2.288345
2.279754
2.284515
2.283880
2.278556
2.282715
2.299059
2.299112
2.295445
2.291207
2.288105
2.288243
2.285829
2.282375
2.283234
2.274188
2.297258
2.299863
2.295491
2.293012
2.288636
2.284873
2.285833
2.282818
2.282507
2.276917
2.277283
2.301828
2.299879
2.298086
2.296708
2.292030
2.294867
2.288189
2.284661
2.282350
2.279557
2.301195
2.297678
2.297471
2.295675
2.293749
2.289508
2.292583
2.284681
2.293435
2.285564
2.273038
2.300760
2.299472
2.298441
2.295050
2.292544
2.293699
2.287963
2.282459
2.283638
2.279267
2.275764
2.302061
2.300145
2.297872
2.296653
2.291256
2.290116
2.285900
2.285491
2.285781
2.281067
2.288039
2.283911
2.299969
2.298081
2.297719
2.295112
2.291928
2.291284
2.288391
2.290395
2.287404
2.284393
2.290185
2.299519
2.298354
2.294429
2.296791
2.291119
2.288830
2.288003
2.288864
2.288494
2.280662
2.276734
2.299791
2.299102
2.294804
2.293167
2.290094
2.289170
2.288057
2.287794
2.283948
2.281827
2.280269
2.275839
2.300089
2.300588
2.296893
2.296108
2.293574
2.290526
2.292351
2.289785
2.283928
2.285598
2.283369
2.302072
2.297357
2.298314
2.292582
2.291901
2.289926
2.289541
2.282761
2.288336
2.283400
2.280311
2.279223
2.301038
2.299311
2.296530
2.293795
2.295347
2.292302
2.287275
2.289178
2.284781
2.288179
2.285464
2.279341
2.302244
2.301776
2.299809
2.297923
2.294952
2.298016
2.293504
2.293581
2.289235
2.287961
2.289035
2.288399
2.302722
2.301244
2.300759
2.298508
2.296897
2.294872
2.294878
2.292404
2.294663
2.289405
2.289293
2.281253
2.284259
2.301692
2.300436
2.298016
2.296355
2.295401
2.293591
2.292711
2.289026
2.291094
2.288120
2.289071
2.283120
2.302737
2.300648
2.300629
2.298414
2.297876
2.296059
2.294944
2.292288
2.291797
2.293647
2.289704
2.285443
2.302792
2.300484
2.299121
2.295416
2.296125
2.293173
2.293664
2.291223
2.286404
2.290633
2.284194
2.289652
2.284040
2.303483
2.302752
2.300646
2.299511
2.298659
2.296365
2.295923
2.294001
2.290829
2.290293
2.290463
2.286063
2.304259
2.301712
2.299693
2.297768
2.297722
2.293782
2.294722
2.294419
2.292785
2.289809
2.287991
2.287375
2.286900
2.302871
2.302220
2.300383
2.298203
2.297158
2.295153
2.293650
2.293309
2.288800
2.285312
2.284851
2.285802
2.302835
2.300206
2.299867
2.298662
2.296986
2.295797
2.293632
2.292454
2.288463
2.288527
2.291649
2.284959
2.284111
2.302930
2.302482
2.301077
2.298470
2.295945
2.296402
2.293257
2.292004
2.288962
2.286648
2.287225
2.283829
2.284413
2.302780
2.301496
2.300550
2.299818
2.297390
2.296288
2.298159
2.294208
2.291597
2.292750
2.289811
2.287674
2.290566
2.303362
2.300028
2.298330
2.297909
2.296921
2.295155
2.293800
2.291951
2.295791
2.291383
2.287656
2.284334
2.289978
2.303358
2.301612
2.300529
2.299424
2.297818
2.294624
2.293158
2.293261
2.299912
2.292571
2.288745
2.291878
2.293501
2.302018
2.300633
2.298981
2.296670
2.297201
2.295794
2.294536
2.291254
2.291683
2.288879
2.294321
2.285765
2.289457
2.302857
2.301904
2.299909
2.297508
2.296334
2.294280
2.292443
2.290173
2.295513
2.289494
2.295106
2.286766
2.286197
2.289890
2.303663
2.302471
2.302064
2.300505
2.298533
2.297727
2.297700
2.295329
2.294899
2.291618
2.292683
2.290121
2.285537
2.304872
2.302961
2.301783
2.299776
2.298190
2.295586
2.294602
2.297529
2.291351
2.293642
2.285248
2.286873
2.288561
2.303327
2.301694
2.301105
2.299670
2.298661
2.295505
2.295606
2.293044
2.292905
2.293474
2.291544
2.285688
2.289267
2.293219
2.303465
2.302581
2.301324
2.299347
2.298031
2.297808
2.297314
2.295386
2.295011
2.294361
2.290952
2.289642
2.289853
2.287763
2.303350
2.301474
2.300761
2.297763
2.297108
2.296835
2.295203
2.292706
2.290105
2.291522
2.285621
2.291902
2.287683
2.302285
2.301767
2.299997
2.299095
2.298194
2.299489
2.294073
2.294770
2.293784
2.291107
2.283076
2.287651
2.282600
2.291569
2.304159
2.302602
2.301145
2.300631
2.299188
2.297079
2.297351
2.294605
2.294946
2.290967
2.292085
2.290493
2.286470
2.288803
2.304255
2.302435
2.301004
2.300329
2.298077
2.297391
2.295892
2.295860
2.293721
2.289898
2.296040
2.289303
2.288182
2.291204
2.303380
2.301255
2.300981
2.299592
2.297508
2.297181
2.294404
2.295329
2.294855
2.293616
2.294458
2.289586
2.289054
2.288399
2.303286
2.301506
2.300736
2.299629
2.298201
2.297327
2.297037
2.297093
2.294819
2.291821
2.293567
2.289602
2.293184
2.286903
2.303577
2.302667
2.300888
2.298991
2.297134
2.296304
2.297326
2.292826
2.295664
2.295027
2.290883
2.287800
2.290711
2.287665
2.303659
2.302373
2.301620
2.300521
2.298387
2.297441
2.297023
2.296075
2.295897
2.295992
2.291330
2.291390
2.291088
2.287670
2.285844
2.303692
2.302567
2.301374
2.300591
2.298760
2.298338
2.298762
2.297594
2.294451
2.293364
2.293336
2.290276
2.292870
2.286819
2.303097
2.303421
2.301739
2.300037
2.298236
2.296198
2.296875
2.295260
2.295110
2.293085
2.292912
2.293102
2.291901
2.288882
2.291281
2.303400
2.301208
2.299846
2.297819
2.299609
2.296288
2.294040
2.296043
2.289567
2.290606
2.286762
2.291837
2.287348
2.284946
2.289321
2.303200
2.302050
2.301567
2.299786
2.298689
2.298734
2.296433
2.295819
2.293156
2.295769
2.292311
2.293456
2.284828
2.287756
2.289096
2.303711
2.302224
2.300668
2.299762
2.298761
2.297296
2.297421
2.297253
2.295592
2.295703
2.295602
2.294688
2.292613
2.289570
2.302947
2.302037
2.301309
2.300017
2.298657
2.298266
2.297886
2.296105
2.295018
2.293489
2.293207
2.291425
2.292231
2.291753
2.289687
2.289705
2.302665
2.300975
2.300250
2.298857
2.297892
2.297627
2.294424
2.293544
2.293586
2.293895
2.292518
2.296535
2.289281
2.288891
2.291579
2.302798
2.302621
2.300565
2.299580
2.297288
2.297606
2.298179
2.295696
2.295922
2.294726
2.290680
2.293053
2.289783
2.288576
2.286403
2.302227
2.301242
2.299524
2.299041
2.297696
2.296941
2.294906
2.294119
2.294251
2.294265
2.293965
2.290412
2.292056
2.288828
2.286480
2.302539
2.301662
2.301070
2.299800
2.299440
2.297168
2.295721
2.293229
2.293269
2.293800
2.291847
2.289573
2.291712
2.290550
2.288591
2.302806
2.302195
2.301397
2.299935
2.298922
2.298519
2.297507
2.295274
2.294518
2.295859
2.297211
2.291760
2.293489
2.290183
2.290040
2.286982
2.303255
2.301777
2.300820
2.299780
2.298589
2.296694
2.296790
2.294371
2.293763
2.290437
2.291713
2.287646
2.285673
2.287077
2.286992
2.303442
2.302426
2.301413
2.300810
2.299391
2.297755
2.298362
2.297684
2.294992
2.296833
2.293839
2.291103
2.290456
2.291649
2.287890
2.303597
2.302663
2.302095
2.299466
2.299067
2.298550
2.297744
2.296983
2.293867
2.295796
2.292078
2.291944
2.291768
2.286963
2.291510
2.289208
2.303770
2.302958
2.301894
2.301171
2.300811
2.299295
2.299044
2.297576
2.295447
2.295919
2.293403
2.295616
2.293603
2.290213
2.289358
2.293571
2.302630
2.301126
2.300907
2.298718
2.298306
2.297619
2.296250
2.293363
2.293423
2.293332
2.293142
2.290676
2.291504
2.289723
2.288798
2.287388
2.302732
2.301786
2.301128
2.299557
2.300293
2.298567
2.295735
2.298224
2.297093
2.295065
2.295659
2.292432
2.289321
2.289528
2.292892
2.288023
2.302841
2.302137
2.301287
2.300020
2.299619
2.298238
2.297101
2.295342
2.295906
2.295000
2.293673
2.292146
2.293423
2.292393
2.291025
2.291518
2.303107
2.303047
2.301866
2.300782
2.299965
2.299954
2.297898
2.297961
2.296896
2.294858
2.292631
2.292881
2.289818
2.293417
2.284872
2.289152
2.303310
2.302176
2.301169
2.300284
2.299425
2.299948
2.297775
2.296751
2.296304
2.295304
2.294662
2.292490
2.292304
2.290965
2.292184
2.287305
2.289333
2.302609
2.301897
2.300640
2.299872
2.299786
2.297353
2.299435
2.297980
2.294521
2.294448
2.293703
2.292081
2.293529
2.292430
2.290542
2.291663
2.302937
2.302508
2.301548
2.300943
2.299969
2.299152
2.296349
2.297616
2.296756
2.296116
2.293280
2.293287
2.294842
2.290188
2.289750
2.292202
2.303586
2.302906
2.302741
2.301169
2.300320
2.298760
2.298979
2.297313
2.297525
2.296495
2.298182
2.294328
2.293230
2.294420
2.291517
2.289999
2.288630
2.302905
2.302638
2.301335
2.300345
2.299716
2.298061
2.296454
2.295796
2.297282
2.298068
2.295075
2.294404
2.294553
2.291087
2.293235
2.289835
2.302951
2.301959
2.300455
2.299503
2.299739
2.299210
2.297621
2.298442
2.296132
2.297071
2.293489
2.293913
2.293674
2.293929
2.291385
2.287318
2.286499
2.303021
2.301875
2.300620
2.299918
2.299111
2.298411
2.297585
2.295200
2.295403
2.295118
2.290939
2.291894
2.292121
2.289927
2.292439
2.290490
2.285434
2.302737
2.301599
2.300942
2.300219
2.300853
2.298687
2.298536
2.297931
2.297723
2.296380
2.292841
2.295619
2.293489
2.293120
2.288584
2.291868
2.288163
2.301740
2.301201
2.301041
2.300001
2.300043
2.300558
2.297782
2.298355
2.297166
2.293589
2.292648
2.292158
2.291141
2.290170
2.291985
2.290628
2.290013
2.302287
2.301006
2.299462
2.298728
2.297544
2.297373
2.297879
2.294176
2.294811
2.294408
2.294383
2.292729
2.293160
2.291217
2.289157
2.290834
2.290426
2.303079
2.302074
2.301451
2.300365
2.299472
2.297421
2.296835
2.298350
2.297055
2.295653
2.293786
2.292432
2.289725
2.291850
2.292211
2.291113
2.291743
2.302938
2.302125
2.301322
2.300219
2.299312
2.298030
2.296552
2.297618
2.294604
2.295108
2.292721
2.292460
2.290837
2.294427
2.289562
2.290974
2.288729
2.302711
2.301854
2.301665
2.300335
2.299663
2.298924
2.297477
2.296973
2.295543
2.294302
2.295328
2.292850
2.290564
2.295220
2.289913
2.290569
2.288394
2.302388
2.302602
2.301368
2.300401
2.298836
2.297903
2.296595
2.297797
2.295517
2.296976
2.292322
2.296440
2.292665
2.293565
2.292107
2.291832
2.289059
2.302336
2.301618
2.300099
2.299663
2.299730
2.297785
2.297123
2.296725
2.295376
2.295463
2.294621
2.292705
2.294542
2.294550
2.291251
2.289261
2.290835
2.291312
2.302487
2.301700
2.301122
2.301016
2.300628
2.298582
2.299906
2.297516
2.297889
2.294894
2.294627
2.293833
2.293653
2.291699
2.289590
2.287423
2.286926
2.302812
2.302039
2.300641
2.299448
2.299463
2.297530
2.298109
2.297208
2.295734
2.293641
2.295916
2.293161
2.292264
2.291812
2.294276
2.293986
2.294658
2.293373
2.302898
2.301608
2.301084
2.300381
2.299932
2.298846
2.298192
2.296925
2.296546
2.296211
2.295276
2.293565
2.295686
2.293116
2.293910
2.289177
2.289936
2.303459
2.302389
2.301379
2.300288
2.299532
2.297778
2.297431
2.298064
2.296809
2.295598
2.296039
2.293592
2.292387
2.292167
2.293358
2.291004
2.290394
2.290599
2.303291
2.302608
2.301852
2.301428
2.300083
2.299346
2.297946
2.296339
2.298518
2.294607
2.298093
2.296520
2.293923
2.292651
2.290840
2.294170
2.289670
2.302169
2.301795
2.301198
2.300362
2.299539
2.299193
2.299283
2.298576
2.296210
2.294254
2.293713
2.294985
2.295397
2.295730
2.290286
2.296548
2.291644
2.289389
2.302786
2.301761
2.300638
2.299451
2.299404
2.298945
2.298087
2.297274
2.296739
2.295998
2.294737
2.293379
2.294301
2.292849
2.293072
2.292806
2.288381
2.289967
2.302176
2.302049
2.300994
2.301168
2.299732
2.298869
2.298551
2.297328
2.296249
2.295706
2.295071
2.294922
2.295498
2.295144
2.291493
2.293637
2.291499
2.290406
2.302763
2.301968
2.301089
2.299996
2.299848
2.298562
2.296791
2.296211
2.298541
2.296136
2.294830
2.293152
2.292481
2.293046
2.291296
2.289157
2.289257
2.285925
2.302913
2.302136
2.301174
2.300791
2.299694
2.299201
2.298156
2.298248
2.295950
2.294100
2.295515
2.294222
2.292503
2.292302
2.291818
2.289372
2.293786
2.302964
2.302395
2.301930
2.301423
2.300137
2.299643
2.300892
2.298699
2.298259
2.296929
2.294768
2.295690
2.294276
2.295486
2.290040
2.293338
2.287360
2.287962
2.303458
2.302657
2.301594
2.301576
2.300290
2.299664
2.298708
2.298321
2.296899
2.298052
2.298775
2.294343
2.295829
2.292859
2.292338
2.292580
2.289903
2.289856
2.303646
2.302680
2.301866
2.301088
2.300153
2.300464
2.298143
2.298076
2.295736
2.298270
2.296376
2.298968
2.295521
2.297874
2.292000
2.292663
2.288840
2.292424
2.302693
2.301770
2.301362
2.300157
2.299334
2.298279
2.300575
2.298494
2.296847
2.297437
2.294285
2.294121
2.294422
2.296124
2.294731
2.295447
2.290931
2.293454
2.293538
2.302951
2.302046
2.301249
2.300721
2.300972
2.300177
2.299918
2.298163
2.297928
2.297208
2.296686
2.294400
2.296574
2.293758
2.294470
2.290637
2.289752
2.294059
2.302619
2.301985
2.301227
2.300854
2.299418
2.298085
2.297940
2.296673
2.295312
2.296160
2.295251
2.292760
2.295132
2.290558
2.290213
2.293387
2.291522
2.288232
2.303388
2.301950
2.301287
2.301333
2.300488
2.299748
2.300300
2.299810
2.296879
2.297655
2.295546
2.295782
2.297382
2.292671
2.296320
2.292634
2.290738
2.290855
2.292715
2.303330
2.302734
2.301807
2.301053
2.300600
2.299415
2.298943
2.299500
2.297809
2.296131
2.296376
2.294882
2.297439
2.292117
2.289902
2.288268
2.288857
2.290467
2.291666
2.303685
2.302670
2.301953
2.301378
2.300596
2.299827
2.299110
2.299513
2.299340
2.297821
2.297464
2.294721
2.296241
2.295088
2.293608
2.293776
2.293623
2.293704
2.292061
2.302900
2.302222
2.301515
2.301003
2.300435
2.299470
2.299082
2.298176
2.296960
2.296813
2.294126
2.294684
2.295268
2.292991
2.289484
2.290248
2.288038
2.290915
2.287112
2.302806
2.302161
2.301128
2.300648
2.299325
2.298772
2.299052
2.297894
2.297439
2.296973
2.294893
2.293311
2.294650
2.295353
2.293244
2.294360
2.290926
2.291609
2.302515
2.301923
2.301672
2.301296
2.300552
2.300005
2.300121
2.298758
2.299068
2.298052
2.296571
2.295583
2.295521
2.295022
2.295123
2.292188
2.295623
2.291160
2.294623
2.302708
2.302197
2.301704
2.300423
2.300220
2.299460
2.299207
2.297616
2.297463
2.297561
2.297316
2.296820
2.294879
2.292611
2.291533
2.289824
2.296109
2.286865
2.291071
2.302247
2.301469
2.300950
2.300508
2.299191
2.299274
2.299090
2.297779
2.299077
2.297053
2.297871
2.297293
2.295893
2.294224
2.293102
2.287783
2.297059
2.290970
2.290386
2.302375
2.302119
2.301119
2.300262
2.299700
2.299082
2.298344
2.297145
2.297141
2.296533
2.295169
2.297115
2.294874
2.293763
2.292201
2.295580
2.294360
2.293179
2.291197
2.293590
2.302466
2.301677
2.300858
2.300989
2.299292
2.299511
2.299047
2.299589
2.298147
2.297119
2.295847
2.295741
2.299329
2.294516
2.292977
2.294388
2.293654
2.288714
2.292208
2.302864
2.302401
2.301270
2.300843
2.299492
2.300001
2.299366
2.297936
2.298429
2.296185
2.296765
2.297248
2.294611
2.294147
2.295576
2.294530
2.292713
2.291206
2.290505
2.290596
2.302798
2.302624
2.301711
2.301184
2.300613
2.299644
2.299292
2.298623
2.297975
2.296523
2.295676
2.295098
2.295174
2.293458
2.292875
2.292473
2.292471
2.292435
2.292877
2.303228
2.302251
2.301850
2.301169
2.300276
2.299472
2.299804
2.299120
2.297256
2.298517
2.296381
2.295137
2.294994
2.296278
2.293347
2.294815
2.296423
2.290324
2.296705
2.303518
2.302268
2.301417
2.300958
2.300316
2.299921
2.299129
2.297649
2.297201
2.296281
2.297952
2.295058
2.294965
2.290810
2.290805
2.291957
2.293079
2.295431
2.288941
2.287894
2.303302
2.302731
2.302314
2.301501
2.301039
2.299814
2.300668
2.297881
2.297956
2.298516
2.295519
2.295871
2.294689
2.295427
2.293509
2.292932
2.293445
2.293645
2.290391
2.292203
2.303232
2.302714
2.301808
2.301356
2.300586
2.299099
2.299341
2.300520
2.298069
2.298231
2.296089
2.297062
2.295883
2.296852
2.293818
2.294317
2.295927
2.291229
2.290466
2.289963
2.302993
2.302301
2.301308
2.300835
2.300375
2.299813
2.298638
2.297786
2.299205
2.298628
2.296388
2.296166
2.295578
2.294155
2.290550
2.293821
2.292235
2.291348
2.293872
2.293038
2.302735
2.302339
2.301923
2.301285
2.300921
2.299272
2.299026
2.298447
2.297062
2.296362
2.295870
2.294574
2.296665
2.292295
2.292472
2.292381
2.291118
2.290588
2.291987
2.294695
2.302935
2.301732
2.301571
2.301113
2.300287
2.299288
2.297725
2.298590
2.298209
2.296436
2.297895
2.299065
2.294791
2.294770
2.294003
2.293015
2.293445
2.296747
2.293659
2.302958
2.302071
2.301621
2.301451
2.300070
2.299446
2.299037
2.298506
2.298302
2.296375
2.295441
2.297333
2.296948
2.295309
2.293311
2.292789
2.293851
2.295786
2.293937
2.293332
2.302993
2.302642
2.301623
2.301036
2.300467
2.300194
2.299749
2.299982
2.299067
2.297039
2.297683
2.296373
2.295491
2.294303
2.293020
2.292577
2.292430
2.292890
2.289963
2.291726
2.303893
2.303138
2.302250
2.301841
2.301251
2.300764
2.300900
2.299675
2.299530
2.298863
2.298129
2.298081
2.296691
2.295277
2.296548
2.294884
2.294463
2.294934
2.294688
2.292512
2.303736
2.303406
2.302428
2.301976
2.301574
2.301297
2.300228
2.299262
2.298882
2.297431
2.297443
2.297562
2.298099
2.296096
2.296788
2.295205
2.295481
2.294041
2.292556
2.296128
2.292797
2.302956
2.302437
2.301701
2.301980
2.301172
2.300547
2.299478
2.299051
2.298936
2.298326
2.298380
2.296358
2.296890
2.296268
2.297050
2.296710
2.293981
2.290734
2.292698
2.292797
2.302660
2.302195
2.301144
2.300552
2.300529
2.300003
2.299464
2.299116
2.298326
2.297661
2.296571
2.296477
2.296763
2.294420
2.294921
2.294380
2.296237
2.290982
2.290501
2.292300
2.303216
2.302237
2.301855
2.301901
2.300939
2.299958
2.300275
2.299744
2.298274
2.298298
2.297930
2.296544
2.294848
2.296057
2.295262
2.296098
2.295331
2.295447
2.293897
2.292556
2.302760
2.302129
2.301109
2.300774
2.300300
2.298855
2.299280
2.297484
2.298945
2.296447
2.296451
2.295001
2.295537
2.293114
2.291723
2.292976
2.292965
2.292819
2.290166
2.293150
2.290533
2.302792
2.301812
2.301322
2.300288
2.298568
2.300109
2.298680
2.299137
2.298383
2.297326
2.297525
2.296881
2.297142
2.295809
2.295368
2.293925
2.292541
2.289883
2.292607
2.293817
2.303075
2.302117
2.301439
2.300541
2.300018
2.298479
2.299361
2.299698
2.297404
2.296586
2.298417
2.295776
2.296495
2.295853
2.296404
2.292238
2.295008
2.293430
2.293668
2.291591
2.290148
2.303209
2.302473
2.302000
2.301147
2.300491
2.299197
2.299066
2.298193
2.297910
2.297236
2.298620
2.295689
2.296921
2.293261
2.295081
2.295674
2.295100
2.295486
2.297514
2.290779
2.302445
2.302022
2.301483
2.300478
2.300261
2.298903
2.299125
2.299739
2.298247
2.297215
2.295931
2.296184
2.296070
2.295576
2.293073
2.294356
2.295715
2.294178
2.290299
2.291099
2.287961
2.302926
2.302312
2.302262
2.301559
2.301401
2.300807
2.300344
2.299080
2.300627
2.298328
2.298130
2.297546
2.297408
2.297365
2.296303
2.296788
2.296023
2.291290
2.293002
2.291049
2.291730
2.302866
2.302089
2.301744
2.300761
2.300889
2.299364
2.299592
2.298110
2.297481
2.298176
2.296645
2.296385
2.296134
2.296656
2.294527
2.293691
2.292263
2.293885
2.295879
2.293235
2.292623
2.302816
2.302052
2.301310
2.301252
2.300053
2.300403
2.299036
2.298222
2.299169
2.296145
2.299930
2.296883
2.295328
2.293416
2.295547
2.293784
2.291750
2.291625
2.292633
2.290261
2.291909
2.302627
2.303099
2.301876
2.301495
2.301643
2.301107
2.299645
2.299478
2.299331
2.298496
2.298081
2.297835
2.296149
2.295532
2.296642
2.291737
2.296755
2.293252
2.294582
2.290635
2.290948
2.302883
2.302090
2.301702
2.301478
2.301017
2.300141
2.300353
2.298208
2.299483
2.297663
2.296475
2.297565
2.297147
2.296732
2.294711
2.294684
2.295119
2.294388
2.292695
2.292212
2.291913
2.293162
2.302665
2.301853
2.301743
2.301234
2.300334
2.299745
2.299785
2.298479
2.297887
2.296724
2.298699
2.297209
2.295438
2.297732
2.294846
2.294621
2.294710
2.294125
2.294794
2.293521
2.291392
2.302800
2.302333
2.301924
2.301011
2.299773
2.300358
2.298463
2.298875
2.296764
2.298630
2.294960
2.296676
2.296390
2.293347
2.293578
2.294955
2.290669
2.294209
2.290493
2.295795
2.296125
2.290777
2.302606
2.302647
2.301941
2.301207
2.301299
2.301192
2.299731
2.300426
2.300382
2.299281
2.298533
2.298166
2.298649
2.298120
2.296892
2.295572
2.296198
2.296617
2.294786
2.295855
2.293546
2.302896
2.302455
2.301754
2.300827
2.300362
2.300491
2.299213
2.299739
2.298100
2.297192
2.297196
2.294860
2.293943
2.295824
2.293166
2.293256
2.293501
2.294114
2.291926
2.292220
2.290032
2.303256
2.302728
2.302640
2.301564
2.301228
2.300822
2.300153
2.300399
2.299137
2.298712
2.298304
2.297794
2.296720
2.295997
2.297530
2.299099
2.295053
2.295835
2.294161
2.291109
2.293531
2.292377
2.302670
2.302294
2.301799
2.301150
2.300717
2.300224
2.299501
2.299123
2.299424
2.297225
2.298839
2.297655
2.298324
2.295961
2.295127
2.296869
2.295324
2.295896
2.293653
2.293156
2.293932
2.292376
2.302458
2.301857
2.301145
2.300298
2.299925
2.299445
2.298542
2.299035
2.297735
2.296704
2.297780
2.297108
2.294362
2.295215
2.291964
2.292901
2.291622
2.295219
2.291526
2.293560
2.289911
2.302966
2.302802
2.302419
2.301707
2.300498
2.300612
2.300682
2.300611
2.298382
2.298496
2.298213
2.296782
2.297925
2.297156
2.294358
2.296694
2.297310
2.294849
2.294837
2.294055
2.294710
2.292075
2.302837
2.302128
2.302059
2.301244
2.300698
2.300179
2.299614
2.300192
2.299790
2.298721
2.297143
2.296792
2.297373
2.297333
2.295189
2.296672
2.296044
2.294734
2.295133
2.292643
2.295480
2.289990
2.303347
2.302562
2.302178
2.301623
2.301198
2.300205
2.299518
2.299621
2.298604
2.298366
2.299144
2.298708
2.295812
2.295073
2.296357
2.297009
2.294674
2.294698
2.293710
2.293094
2.292245
2.291129
2.303277
2.303040
2.302255
2.302327
2.302236
2.301230
2.300182
2.299874
2.299742
2.300143
2.298204
2.299555
2.297592
2.295631
2.297765
2.294858
2.296979
2.296484
2.296289
2.294495
2.293021
2.294711
2.303387
2.302782
2.302182
2.301724
2.301268
2.300551
2.300660
2.299836
2.299828
2.299802
2.298855
2.298034
2.297013
2.295587
2.297794
2.294879
2.294783
2.293101
2.294933
2.291075
2.292400
2.293216
2.302947
2.302464
2.301717
2.300934
2.300299
2.299840
2.299291
2.299574
2.299657
2.298216
2.296739
2.298167
2.295190
2.295577
2.295194
2.295722
2.295717
2.295108
2.289686
2.293495
2.292476
2.292187
2.303060
2.302336
2.301692
2.301250
2.300406
2.299831
2.299597
2.298749
2.298683
2.297941
2.298878
2.297450
2.296503
2.295736
2.294986
2.293880
2.294796
2.291400
2.293010
2.295256
2.292299
2.290145
2.302688
2.302263
2.301977
2.301253
2.300704
2.300060
2.300203
2.299666
2.299162
2.298572
2.297459
2.298529
2.295914
2.297684
2.293378
2.295024
2.297446
2.296342
2.294203
2.292852
2.292168
2.291688
2.294020
2.303126
2.302423
2.302577
2.301924
2.300982
2.301126
2.300449
2.300159
2.299649
2.299269
2.299198
2.298188
2.298269
2.297346
2.298116
2.296129
2.294386
2.294478
2.296389
2.294151
2.294251
2.295931
2.303195
2.302240
2.302111
2.302174
2.301587
2.301012
2.300990
2.300222
2.299600
2.298401
2.298409
2.298666
2.297263
2.297148
2.296557
2.295847
2.297287
2.296700
2.294732
2.291960
2.293771
2.292749
2.294052
2.302446
2.302326
2.301953
2.301464
2.301072
2.300771
2.300342
2.299816
2.298501
2.298910
2.298199
2.297347
2.296420
2.297918
2.296364
2.297109
2.297062
2.297947
2.295719
2.296383
2.292523
2.297070
2.302842
2.302554
2.301969
2.301645
2.301192
2.300886
2.299687
2.299205
2.298999
2.298242
2.297531
2.296073
2.298624
2.295422
2.297758
2.295480
2.295161
2.294889
2.292676
2.294315
2.292962
2.294626
2.290707
2.302725
2.302478
2.301970
2.301822
2.300964
2.301168
2.299790
2.299914
2.299350
2.299657
2.298548
2.296351
2.295585
2.295940
2.295107
2.296024
2.294032
2.294851
2.291644
2.295101
2.291361
2.291120
2.291531
2.302931
2.302532
2.301892
2.301275
2.300719
2.300851
2.300168
2.300028
2.299688
2.298746
2.298458
2.299338
2.298431
2.297009
2.295472
2.296320
2.295623
2.295455
2.295026
2.295843
2.293675
2.292987
2.291575
2.302830
2.302282
2.301585
2.301102
2.300395
2.299797
2.298845
2.298705
2.299029
2.298651
2.298619
2.299257
2.297525
2.294845
2.297638
2.295963
2.295663
2.294368
2.294954
2.293720
2.291250
2.292687
2.291180
2.302681
2.302571
2.301974
2.301429
2.300356
2.299794
2.298800
2.300193
2.297813
2.299264
2.297942
2.296276
2.297360
2.297543
2.299991
2.296643
2.293867
2.293596
2.294098
2.292110
2.293365
2.293203
2.302460
2.302791
2.301668
2.301643
2.301067
2.300516
2.299974
2.300130
2.300044
2.299202
2.297410
2.298817
2.297883
2.296658
2.297266
2.296597
2.295412
2.295991
2.294538
2.295517
2.293152
2.296883
2.296363
2.302604
2.302343
2.301941
2.301152
2.300373
2.300325
2.299070
2.299616
2.298639
2.298862
2.297408
2.296557
2.297582
2.297091
2.294442
2.296308
2.293303
2.291142
2.293879
2.291823
2.294193
2.292567
2.292633
2.303196
2.303076
2.302390
2.302101
2.301472
2.301351
2.300550
2.299742
2.299900
2.299693
2.299012
2.297974
2.298197
2.296104
2.296634
2.296756
2.293395
2.292746
2.297129
2.294333
2.291369
2.295340
2.294150
2.302856
2.302114
2.302040
2.301334
2.300920
2.301037
2.300050
2.299364
2.299873
2.299014
2.299049
2.298960
2.297853
2.296631
2.297971
2.296997
2.294947
2.293240
2.297207
2.293095
2.296980
2.293014
2.294252
2.302935
2.302714
2.302241
2.301796
2.301541
2.300819
2.299983
2.299813
2.299685
2.298993
2.298462
2.297130
2.295458
2.296388
2.294553
2.295762
2.295862
2.294724
2.297114
2.293118
2.294327
2.293178
2.292743
2.303058
2.302392
2.302579
2.302137
2.301660
2.301254
2.300635
2.299771
2.299033
2.299302
2.299528
2.298408
2.298404
2.297738
2.296388
2.296980
2.295163
2.294537
2.297072
2.293773
2.292737
2.295865
2.294395
2.303467
2.302855
2.302438
2.301614
2.301445
2.301169
2.300634
2.299476
2.299052
2.298811
2.298727
2.299334
2.296771
2.298467
2.297390
2.295540
2.294651
2.294024
2.298223
2.293813
2.294627
2.294861
2.295319
2.293196
2.303365
2.302495
2.302001
2.301231
2.301100
2.300426
2.300308
2.300254
2.299862
2.299354
2.298845
2.297974
2.298333
2.296307
2.297120
2.297043
2.295890
2.296784
2.295659
2.297251
2.292414
2.292708
2.294575
2.303272
2.302781
2.302482
2.301927
2.301183
2.301032
2.300384
2.300637
2.299683
2.298585
2.299056
2.298026
2.298535
2.297034
2.295588
2.295958
2.298156
2.295194
2.295403
2.294816
2.295249
2.294110
2.291840
2.302998
2.302179
2.302097
2.301669
2.301225
2.300346
2.299806
2.299819
2.299055
2.298945
2.297942
2.298028
2.298014
2.297749
2.297382
2.294807
2.297295
2.294209
2.294416
2.293249
2.292870
2.293687
2.296602
2.302863
2.302452
2.301861
2.301275
2.300429
2.300797
2.300773
2.300713
2.299801
2.297978
2.298331
2.299272
2.297399
2.297766
2.296866
2.296253
2.294499
2.295136
2.297983
2.294840
2.290973
2.296501
2.294871
2.294297
2.302748
2.302002
2.301894
2.301248
2.301029
2.299866
2.300412
2.300158
2.298612
2.299249
2.297835
2.297073
2.296937
2.295889
2.295889
2.297483
2.295321
2.295586
2.294860
2.293585
2.293676
2.291346
2.291687
2.293992
2.303097
2.302562
2.302530
2.301807
2.301462
2.300974
2.300545
2.300050
2.299735
2.299503
2.299739
2.298437
2.297904
2.297453
2.295853
2.298464
2.297586
2.295863
2.295277
2.294436
2.294898
2.295342
2.295900
2.302683
2.302142
2.301853
2.301386
2.301129
2.300801
2.300035
2.299851
2.299654
2.298834
2.298046
2.299564
2.298475
2.296814
2.297766
2.299435
2.295046
2.294410
2.294001
2.292708
2.294871
2.292804
2.294825
2.289825
2.302783
2.302227
2.301918
2.301072
2.300731
2.300299
2.299312
2.298745
2.298445
2.299116
2.298350
2.295912
2.296619
2.298462
2.296145
2.297598
2.296775
2.295203
2.295235
2.293357
2.296067
2.295076
2.290327
2.293236
2.302875
2.302714
2.302187
2.301798
2.301663
2.301301
2.300107
2.300827
2.300015
2.299327
2.298765
2.299346
2.298605
2.298228
2.296744
2.297328
2.295562
2.295385
2.296121
2.296165
2.297245
2.294372
2.293896
2.292557
2.302831
2.302279
2.301891
2.301486
2.300813
2.300577
2.300058
2.300162
2.299370
2.297913
2.297862
2.298076
2.297864
2.297127
2.298935
2.295642
2.295029
2.296977
2.294374
2.297395
2.292587
2.296436
2.293825
2.294089
2.303351
2.302628
2.302551
2.302137
2.301421
2.301351
2.301341
2.300519
2.299960
2.299569
2.298966
2.299483
2.298450
2.298232
2.296842
2.298192
2.295979
2.295391
2.295434
2.295156
2.295623
2.295280
2.294106
2.296428
2.302911
2.302783
2.301841
2.301754
2.301179
2.300504
2.300171
2.299912
2.299805
2.299148
2.298098
2.297518
2.298024
2.297182
2.296368
2.298203
2.296792
2.294829
2.295598
2.295972
2.295381
2.293297
2.292533
2.290961
2.302555
2.302466
2.301885
2.301033
2.300542
2.300009
2.299515
2.298674
2.299232
2.298128
2.297840
2.297687
2.297388
2.297444
2.295209
2.296277
2.298623
2.294113
2.295754
2.293228
2.291538
2.293201
2.294359
2.303180
2.302643
2.302225
2.301912
2.301425
2.300885
2.300412
2.299792
2.299358
2.299468
2.298446
2.298458
2.297464
2.298071
2.296848
2.297707
2.295749
2.296227
2.294208
2.293257
2.295610
2.291363
2.294134
2.293695
2.290388
2.303022
2.302460
2.301946
2.302009
2.301383
2.301335
2.300549
2.300543
2.299162
2.299938
2.299612
2.298253
2.298519
2.298006
2.297688
2.297363
2.297405
2.297678
2.298154
2.296643
2.296376
2.293421
2.295545
2.296049
2.302946
2.302366
2.301956
2.301542
2.301026
2.301318
2.300436
2.299994
2.299335
2.299685
2.299141
2.298693
2.298254
2.297845
2.298318
2.298288
2.295563
2.296521
2.296192
2.294958
2.295055
2.293902
2.295777
2.292895
2.295101
2.303186
2.302485
2.302192
2.301776
2.301107
2.301041
2.300164
2.300100
2.300143
2.299331
2.299218
2.299483
2.298549
2.296231
2.298174
2.296555
2.296931
2.294892
2.296672
2.295752
2.294147
2.293195
2.296585
2.293212
2.291812
2.302756
2.302330
2.301854
2.301401
2.301357
2.300323
2.300136
2.300663
2.299800
2.298728
2.298518
2.298553
2.298678
2.297551
2.298621
2.297803
2.296967
2.295053
2.295055
2.296277
2.293430
2.296617
2.298094
2.293515
2.302244
2.302697
2.302208
2.301419
2.300774
2.300428
2.300112
2.299430
2.300030
2.298274
2.297706
2.295679
2.298783
2.295421
2.295862
2.297544
2.294605
2.296970
2.294249
2.296370
2.293575
2.291034
2.293463
2.294189
2.292186
2.302845
2.302330
2.301692
2.301477
2.300946
2.299994
2.299988
2.300941
2.299533
2.299118
2.298436
2.297665
2.297391
2.297604
2.297680
2.297519
2.293475
2.296350
2.295738
2.294430
2.295875
2.292955
2.292932
2.293022
2.303387
2.302799
2.302247
2.301763
2.301278
2.301170
2.300161
2.300202
2.299824
2.299218
2.300664
2.300256
2.298065
2.297885
2.297624
2.298498
2.298547
2.297443
2.298106
2.296353
2.296915
2.293724
2.295671
2.295954
2.294077
2.302596
2.302155
2.301701
2.301232
2.300701
2.300495
2.300003
2.300261
2.299811
2.299882
2.297153
2.298643
2.297270
2.295779
2.297280
2.296023
2.298578
2.297942
2.297716
2.294807
2.295170
2.294302
2.292896
2.291042
2.292551
2.302767
2.302567
2.302232
2.301891
2.301211
2.300456
2.300435
2.299700
2.299278
2.300398
2.298951
2.298512
2.298287
2.298135
2.297346
2.296817
2.295753
2.295816
2.294792
2.296578
2.293505
2.292937
2.296443
2.294068
2.302796
2.303013
2.302321
2.301845
2.301479
2.301523
2.300702
2.300366
2.299633
2.298925
2.299250
2.298777
2.297928
2.297715
2.296488
2.297375
2.296096
2.296781
2.294728
2.295747
2.295646
2.293216
2.295300
2.292250
2.295881
2.303967
2.303388
2.303144
2.302873
2.302592
2.301972
2.301581
2.301351
2.300528
2.300838
2.299844
2.299220
2.299986
2.299733
2.298987
2.299053
2.299251
2.297061
2.297126
2.297042
2.294231
2.295336
2.296276
2.297166
2.294413
2.302991
2.302325
2.301897
2.301592
2.300587
2.300752
2.299639
2.299576
2.299138
2.298252
2.298283
2.297046
2.298236
2.296864
2.297388
2.297153
2.296976
2.294100
2.295467
2.297088
2.294141
2.293672
2.294931
2.296008
2.291278
2.302603
2.302402
2.301805
2.301308
2.300658
2.300606
2.301291
2.299860
2.299724
2.298096
2.298651
2.298150
2.298405
2.298357
2.298118
2.299084
2.296527
2.295352
2.296349
2.296630
2.295430
2.293494
2.293718
2.295508
2.294736
2.303092
2.302660
2.302349
2.301985
2.301592
2.301029
2.300862
2.300692
2.300338
2.299813
2.298289
2.298455
2.298630
2.298786
2.297341
2.296469
2.296719
2.294508
2.295031
2.295779
2.296796
2.297004
2.295380
2.295470
2.293708
2.303231
2.302484
2.301975
2.301767
2.300366
2.300927
2.300541
2.300239
2.299128
2.299786
2.299643
2.296955
2.297995
2.298226
2.298275
2.296753
2.296366
2.295914
2.292429
2.295257
2.295408
2.293089
2.294583
2.296011
2.291801
2.303138
2.302653
2.302203
2.301507
2.300977
2.301308
2.300090
2.300095
2.299814
2.299362
2.298116
2.297540
2.298857
2.297725
2.298788
2.298284
2.298315
2.297115
2.297287
2.295148
2.294774
2.295074
2.294129
2.295363
2.293859
2.303555
2.302943
2.302687
2.302211
2.301793
2.301532
2.300933
2.300041
2.300488
2.299525
2.299398
2.298927
2.299927
2.299045
2.298208
2.298265
2.296749
2.294838
2.296181
2.296491
2.296784
2.295745
2.295179
2.294664
2.295079
2.302760
2.302515
2.302223
2.301920
2.301425
2.301212
2.301605
2.300397
2.299765
2.299026
2.299715
2.300480
2.299656
2.298364
2.297318
2.298014
2.297656
2.296969
2.295299
2.293763
2.295398
2.295139
2.296325
2.291819
2.292709
2.302887
2.302656
2.302437
2.301981
2.301451
2.300805
2.300849
2.300960
2.299953
2.299368
2.299253
2.299617
2.297632
2.298532
2.297587
2.298212
2.296666
2.298021
2.297549
2.296894
2.295382
2.294230
2.293873
2.296190
2.296019
2.290682
2.302530
2.302193
2.301682
2.301356
2.301379
2.300453
2.300309
2.299625
2.299284
2.299757
2.298486
2.298286
2.298309
2.297263
2.297507
2.297928
2.296343
2.296582
2.294096
2.296556
2.295733
2.294163
2.292784
2.296041
2.294521
2.302504
2.302303
2.301832
2.301403
2.300976
2.300537
2.299959
2.299552
2.299811
2.298449
2.298695
2.298454
2.297306
2.297993
2.295994
2.298101
2.295687
2.297073
2.294751
2.296674
2.295235
2.295460
2.296183
2.292253
2.291247
2.303210
2.302776
2.302286
2.301865
2.301375
2.301540
2.300225
2.299922
2.299441
2.299411
2.298087
2.298086
2.297797
2.298531
2.297771
2.296186
2.294598
2.296923
2.296008
2.296591
2.294686
2.297674
2.295215
2.294753
2.296263
2.303153
2.302718
2.302403
2.301957
2.301387
2.301252
2.300893
2.299340
2.299493
2.300047
2.299357
2.298528
2.298496
2.298540
2.297414
2.298295
2.297005
2.296500
2.296945
2.296166
2.296080
2.294139
2.295866
2.295878
2.294825
2.302978
2.302607
2.302231
2.301880
2.301557
2.301145
2.300824
2.300304
2.299123
2.299388
2.299148
2.298527
2.298741
2.297280
2.299544
2.296773
2.296828
2.295039
2.297490
2.296622
2.295439
2.296218
2.295273
2.293821
2.291909
2.294024
2.302639
2.302104
2.301928
2.301284
2.301073
2.300121
2.300164
2.300063
2.299867
2.299228
2.298395
2.298381
2.298860
2.297176
2.296575
2.295761
2.297097
2.297866
2.295079
2.295819
2.294231
2.293485
2.295938
2.293107
2.294091
2.296308
2.302861
2.302499
2.302069
2.301757
2.301520
2.301164
2.301320
2.300208
2.299788
2.300164
2.300037
2.299324
2.298995
2.297519
2.298672
2.296795
2.297348
2.297414
2.294968
2.294819
2.293707
2.295173
2.293212
2.295736
2.294917
