2.302596
2.161642
2.014695
1.989101
2.156656
2.285064
2.186252
2.205712
2.170953
2.369996
2.299397
2.162277
2.222507
2.145890
2.177289
2.170882
2.390628
2.197153
2.200253
2.185930
2.185670
2.152755
2.187982
2.139609
2.240917
2.147901
2.159997
2.137983
2.154571
2.161546
2.279006
2.156702
2.428075
2.154603
2.180341
2.166512
2.195233
2.144176
2.141846
2.175592
2.161897
2.175869
2.222968
2.255385
2.244553
2.218692
2.276190
2.279644
2.233696
2.242665
2.436439
2.234296
2.224803
2.291802
2.237997
2.219388
2.279094
2.241054
2.211464
2.281867
2.218653
2.189744
2.196504
2.239033
2.200158
2.215308
2.215629
2.256897
2.254448
2.208126
2.250056
2.248454
2.217883
2.228212
2.229364
2.231092
2.232126
2.242251
2.221069
2.226074
2.302902
2.277086
2.230408
2.235821
2.244487
2.238979
2.239432
2.230168
2.244988
2.248761
2.253390
2.244728
2.249314
2.261257
2.270346
2.244552
2.234468
2.263395
2.267114
2.268542
2.270259
2.269961
2.293572
2.260000
2.261139
2.255360
2.249365
2.301656
2.255499
2.253132
2.276209
2.289671
2.255885
2.264932
2.291701
2.280429
2.281811
2.278414
2.280715
2.273736
2.269168
2.269875
2.268704
2.298234
2.269511
2.316193
2.277921
2.274600
2.270350
2.273450
2.280177
2.280905
2.273336
2.270420
2.276258
2.279706
2.293445
2.273611
2.290568
2.275429
2.280591
2.274721
2.285629
2.288331
2.285228
2.280135
2.294014
2.291587
2.293422
2.286093
2.286874
2.309203
2.285866
2.287279
2.291378
2.283441
2.285716
2.292700
2.289989
2.286556
2.301379
2.292943
2.291257
2.287681
2.292043
2.285133
2.286486
2.288928
2.283936
2.301370
2.286985
2.287413
2.286554
2.307953
2.311064
2.282973
2.290179
2.280311
2.288043
2.285961
2.280362
2.286658
2.288623
2.285259
2.289962
2.286736
2.285902
2.285906
2.285195
2.292845
2.275555
2.281340
2.286440
2.285786
2.294784
2.286341
2.289703
2.286891
2.341867
2.289182
2.304206
2.300407
2.306087
2.291112
2.292145
2.309396
2.290911
2.292336
2.291076
2.289166
2.290690
2.298356
2.291651
2.294575
2.294524
2.292297
2.296978
2.294922
2.308795
2.302126
2.294105
2.301254
2.300144
2.291029
2.299320
2.315153
2.289506
2.289688
2.279733
2.292916
2.289766
2.306424
2.289076
2.290672
2.286880
2.290596
2.288943
2.299441
2.293489
2.321014
2.288502
2.287600
2.288939
2.288751
2.287241
2.288151
2.291931
2.290430
2.296525
2.288764
2.297901
2.288931
2.300186
2.290815
2.304595
2.295767
2.302209
2.293469
2.294355
2.293972
2.293070
2.294016
2.304151
2.310613
2.293206
2.299891
2.295939
2.293913
2.299329
2.296949
2.294387
2.294179
2.289424
2.290480
2.294945
2.295044
2.289619
2.296767
2.294613
2.289176
2.290183
2.286680
2.294726
2.288064
2.293084
2.287305
2.287518
2.288730
2.294869
2.292058
2.287704
2.292861
2.291446
2.294266
2.293990
2.292435
2.291724
2.290900
2.290397
2.287678
2.286611
2.276681
2.297485
2.286804
2.294634
2.289217
2.289977
2.296065
2.301115
2.286305
2.293646
2.297704
2.286342
2.285208
2.285481
2.284335
2.285382
2.283626
2.289816
2.287538
2.288344
2.285302
2.287579
2.338418
2.291041
2.291931
2.300871
2.298031
2.297649
2.295480
2.300313
2.297642
2.297412
2.294561
2.299274
2.291981
2.298845
2.291676
2.293720
2.302297
2.293392
2.289571
2.292144
2.299068
2.292517
2.317420
2.296134
2.299978
2.296125
2.296758
2.310709
2.299468
2.297276
2.296192
2.294876
2.295012
2.298966
2.293609
2.294830
2.295257
2.293961
2.294677
2.299344
2.293125
2.292868
2.291540
2.291955
2.293283
2.293033
2.312989
2.294571
2.300593
2.306514
2.298081
2.296516
2.295117
2.293758
2.300975
2.293616
2.298784
2.293031
2.295743
2.298186
2.297570
2.298771
2.296602
2.297741
2.305591
2.301598
2.304761
2.302271
2.298717
2.295154
2.293912
2.293551
2.293100
2.291124
2.291085
2.291253
2.297425
2.294909
2.290752
2.289221
2.293310
2.288131
2.289106
2.292174
2.294299
2.293535
2.320460
2.290467
2.289747
2.289234
2.288262
2.290486
2.289981
2.295133
2.288887
2.294461
2.292213
2.290256
2.294671
2.293491
2.292058
2.288586
2.301576
2.289634
2.311339
2.290762
2.288972
2.288736
2.294978
2.295895
2.300187
2.291352
2.295191
2.290754
2.290719
2.290976
2.309845
2.295275
2.288521
2.297327
2.293533
2.291808
2.288524
2.289579
2.285736
2.284857
2.292909
2.379439
2.284915
2.290396
2.284841
2.284667
2.289156
2.284157
2.284921
2.284555
2.291875
2.292364
2.286100
2.284806
2.284165
2.281690
2.282091
2.280874
2.358627
2.350046
2.282407
2.281947
2.259710
2.266631
2.271616
2.310676
2.303733
2.288638
2.316005
2.308429
2.281554
2.284690
2.286912
2.304771
2.295327
2.291903
2.287537
2.347313
2.294854
2.287175
2.302480
2.286684
2.290202
2.334866
2.288902
2.294737
2.291074
2.342730
2.291041
2.297224
2.292696
2.294575
2.290561
2.289346
2.294737
2.295930
2.296909
2.292118
2.290850
2.291688
2.290970
2.288364
2.289279
2.285555
2.287474
2.291152
2.288911
2.360388
2.299296
2.289852
2.296124
2.289300
2.290030
2.289578
2.294537
2.294761
2.283028
2.296107
2.293169
2.295451
2.289515
2.290862
2.288967
2.297752
2.296346
2.292269
2.288427
2.287756
2.289751
2.290410
2.294361
2.287182
2.296736
2.289824
2.329951
2.288935
2.300643
2.297813
2.289794
2.288511
2.289421
2.295522
2.293840
2.292234
2.288272
2.290497
2.324729
2.289890
2.290972
2.287068
2.287804
2.286777
2.294677
2.285848
2.292188
2.290225
2.288538
2.288719
2.291941
2.292699
2.351291
2.291975
2.298487
2.306205
2.290966
2.291797
2.290112
2.346240
2.291549
2.290674
2.312343
2.293873
2.295537
2.300990
2.301609
2.292668
2.301842
2.292065
2.296810
2.291455
2.291322
2.296549
2.297118
2.292396
2.288687
2.293229
2.288825
2.291510
2.288760
2.285189
2.286006
2.285688
2.350003
2.284068
2.283848
2.293608
2.286869
2.281525
2.281462
2.285762
2.287178
2.284560
2.284374
2.292285
2.285660
2.286143
2.290782
2.288312
2.285173
2.290567
2.282067
2.292149
2.284842
2.294552
2.286342
2.326979
2.286717
2.287795
2.293458
2.290884
2.292145
2.294509
2.293274
2.300381
2.290461
2.290085
2.295034
2.288708
2.306214
2.328409
2.301222
2.292287
2.333554
2.301773
2.297603
2.294230
2.297172
2.294907
2.295795
2.291045
2.292083
2.325177
2.292774
2.294591
2.293501
2.293420
2.293961
2.296480
2.293543
2.293525
2.294646
2.299879
2.284416
2.304310
2.298669
2.290294
2.292515
2.295145
2.289670
2.289015
2.289785
2.288754
2.288808
2.290524
2.291414
2.290222
2.309681
2.297437
2.294849
2.300503
2.305766
2.297335
2.304274
2.309625
2.293459
2.292193
2.296866
2.285514
2.292070
2.289291
2.288328
2.291387
2.287137
2.286195
2.286367
2.291513
2.289462
2.287837
2.291098
2.298752
2.291392
2.319998
2.288519
2.286842
2.292255
2.292844
2.291008
2.300110
2.293325
2.284881
2.294763
2.286798
2.287175
2.287259
2.289007
2.286358
2.285787
2.290026
2.285660
2.284394
2.288180
2.294916
2.284408
2.301489
2.278913
2.283865
2.287782
2.283816
2.283961
2.281505
2.286975
2.280524
2.281522
2.284183
2.284044
2.284830
2.283313
2.284764
2.284762
2.285274
2.298502
2.298043
2.294336
2.369840
2.288869
2.288386
2.289486
2.288438
2.289117
2.288931
2.286902
2.293328
2.286773
2.318003
2.287767
2.290211
2.284347
2.286837
2.291725
2.286704
2.285084
2.290947
2.284736
2.285705
2.283469
2.285599
2.284161
2.286404
2.284171
2.286069
2.286654
2.287894
2.285476
2.285229
2.286268
2.288637
2.286699
2.284283
2.306753
2.286255
2.289897
2.289032
2.290666
2.297246
2.290162
2.303046
2.309031
2.293817
2.297564
2.290825
2.298290
2.291901
2.300479
2.290496
2.297444
2.292173
2.294775
2.291401
2.291525
2.294182
2.299039
