2.143488
2.127480
2.212580
2.312224
2.641775
1.976319
1.987133
2.376288
1.990640
2.479584
2.032544
2.083917
2.014610
3.042824
2.339123
2.192012
2.149416
2.111335
1.893806
2.878860
2.159494
2.044288
2.118121
2.710073
2.105913
2.209036
2.014163
2.025180
2.083036
2.229262
2.403611
2.099789
2.247897
2.064662
2.047821
2.107245
2.323496
2.170961
2.552238
2.270396
2.362834
2.159458
2.250389
2.114676
2.497526
2.471851
2.185871
2.685390
2.262271
2.123042
2.206581
2.552558
2.237334
2.212925
2.202174
2.331889
2.429280
2.315621
2.281149
2.471308
2.454094
2.125211
2.162504
2.455479
2.073017
2.326233
2.277807
2.330336
2.606507
2.159982
2.142668
2.327100
2.295853
2.458837
2.371840
2.399060
2.372425
2.327596
2.178208
2.342672
2.257546
2.150356
2.159787
2.153944
2.209702
2.140265
2.064207
2.075612
2.067929
2.114709
2.402621
2.337739
2.261773
2.166713
2.061462
2.020649
2.464556
2.227405
2.228793
2.143340
2.261319
2.182499
2.160385
2.147803
2.225251
2.255014
2.129860
2.159330
2.127947
2.264852
2.338799
2.387420
2.146166
2.158424
2.142633
2.192927
2.175896
2.122696
2.134563
2.152654
2.242815
2.162345
2.379259
2.234395
2.297012
2.260539
2.261169
2.294669
2.315972
2.212583
2.255421
2.293015
2.275051
2.294709
2.212011
2.258180
2.222026
2.174876
2.343271
2.206827
2.352299
2.306470
2.205967
2.287989
2.242961
2.229115
2.241266
2.408751
2.262957
2.335489
2.282464
2.275970
2.228209
2.255746
2.251554
2.240396
2.352965
2.303846
2.290457
2.256866
2.236667
2.246427
2.251010
2.230462
2.274507
2.238652
2.225787
2.367401
2.213129
2.239652
2.245862
2.216590
2.373782
2.266714
2.376430
2.258031
2.327452
2.208685
2.329517
2.257292
2.282106
2.322045
2.248567
2.346156
2.296013
2.325233
2.296480
2.258072
2.280873
2.264993
2.283522
2.416685
2.247684
2.357931
2.309796
2.274427
2.233418
2.382128
2.344146
2.263315
2.376945
2.253875
2.244927
2.251894
2.246872
2.245088
2.222185
2.243036
2.228690
2.246796
2.275613
2.269579
2.222176
2.277191
2.295118
2.295723
2.265004
2.269362
2.305680
2.246243
2.311468
2.256707
2.241015
2.271180
2.351074
2.336610
2.267727
2.264279
2.282978
2.347874
2.232066
2.243574
2.366289
2.348216
2.250749
2.243274
2.279845
2.241064
2.373786
2.224354
2.215746
2.392448
2.227894
2.232563
2.273651
2.210565
2.224331
2.183501
2.326447
2.340771
2.260693
2.281921
2.292137
2.229504
2.252950
2.236070
2.293890
2.293705
2.270490
2.249764
2.244917
2.235155
2.207260
2.209373
2.417296
2.248985
2.235529
2.239560
2.274473
2.234601
2.322308
2.221925
2.232121
2.244942
2.234068
2.231185
2.222943
2.278119
2.348572
2.271271
2.300601
2.288707
2.245927
2.268787
2.249786
2.240610
2.365602
2.224013
2.365713
2.239911
2.244570
2.263249
2.389811
2.231131
2.265281
2.258984
2.261697
2.582945
2.240594
2.246040
2.222432
2.292078
2.225578
2.332403
2.228599
2.259050
2.270171
2.249462
2.277553
2.321433
2.297531
2.260019
2.263991
2.283399
2.358949
2.253428
2.362011
2.354066
2.230237
2.353221
2.253103
2.295646
2.306944
2.419323
2.288498
2.298274
2.290243
2.288732
2.284392
2.306155
2.300806
2.259384
2.290885
2.274637
2.308700
2.314614
2.320824
2.285204
2.265119
2.275621
2.277278
2.319197
2.283275
2.266717
2.272813
2.252757
2.315587
2.281052
2.319807
2.271232
2.319189
2.317354
2.275286
2.302582
2.312263
2.293328
2.286014
2.281997
2.263382
2.263252
2.286670
2.320468
2.404627
2.291276
2.278644
2.273253
2.269652
2.271617
2.269091
2.264999
2.250043
2.262422
2.293808
2.270875
2.280250
2.383846
2.351265
2.274086
2.340653
2.272974
2.268198
2.273041
2.266085
2.282412
2.309594
2.308273
2.280764
2.276425
2.301198
2.293331
2.367050
2.279416
2.278989
2.375002
2.267237
2.265985
2.286528
2.281607
2.355529
2.274375
2.374392
2.277534
2.266553
2.265183
2.255429
2.256391
2.276901
2.257125
2.257202
2.259764
2.274538
2.269586
2.258686
2.255881
2.257370
2.285718
2.266763
2.258137
2.407264
2.406124
2.389325
2.407761
2.295004
2.284364
2.250293
2.290840
2.276506
2.288142
2.299518
2.398032
2.273627
2.259145
2.392982
2.271335
2.278230
2.277131
2.276648
2.393724
2.261368
2.300046
2.272861
2.267361
2.270683
2.264230
2.398709
2.271621
2.321955
2.259544
2.397937
2.392302
2.386514
2.262048
2.297623
2.284270
2.276087
2.402191
2.406788
2.267761
2.264576
2.263316
2.383182
2.372887
2.273337
2.272661
2.273666
2.272118
2.400029
2.291505
2.275993
2.333720
2.373005
2.283920
2.272369
2.279505
2.278719
2.271984
2.272033
2.268279
2.268345
2.392422
2.286717
2.290823
2.397119
2.295305
2.387048
2.260221
2.279889
2.270437
2.387312
2.279773
2.388237
2.302822
2.285060
2.294693
2.281296
2.274157
2.286710
2.391424
2.271708
2.400496
2.296000
2.283518
2.275359
2.385335
2.288913
2.272619
2.263192
2.265484
2.271852
2.267459
2.379136
2.251688
2.268420
2.294718
2.266191
2.263489
2.263824
2.265009
2.272697
2.284518
2.275309
2.284934
2.374350
2.284737
2.283051
2.370252
2.366369
2.303195
2.300275
2.287895
2.367746
2.294395
2.290819
2.286540
2.284077
2.265798
2.289405
2.285528
2.370261
2.288153
2.273135
2.283129
2.377646
2.275770
2.282812
2.282102
2.274682
2.273710
2.269294
2.281074
2.278699
2.276885
2.390152
2.385549
2.274065
2.275535
2.263546
2.264814
2.253574
2.392931
2.255517
2.275625
2.268395
2.264169
2.264261
2.269622
2.266199
2.275404
2.265326
2.262035
2.284017
2.278255
2.270995
2.271675
2.275591
2.298721
2.282145
2.278743
2.277896
2.262003
2.261008
2.263638
2.297891
2.303345
2.271210
2.280666
2.270519
2.287671
2.267775
2.265580
2.286283
2.382893
2.275394
2.371517
2.270061
2.269859
2.266067
2.284450
2.288179
2.280302
2.284712
2.271334
2.381316
2.384083
2.276017
2.275291
2.278692
2.263806
2.375559
2.431674
2.267982
2.265493
2.364978
2.268703
2.274402
2.333463
2.281084
2.333267
2.273187
2.277925
2.267769
2.279552
2.271480
2.281930
2.278690
2.277790
2.396007
2.256644
2.395262
2.284548
2.281809
2.384624
2.353975
2.384907
2.261368
2.263643
2.268573
2.303338
2.299138
2.265312
2.377100
2.302806
2.267240
2.268651
2.309782
2.276286
2.293480
2.277570
2.348194
2.283354
2.294498
2.300024
2.297585
2.357281
2.291483
2.349263
2.282533
2.274114
2.299337
2.284638
2.292203
2.278492
2.346914
2.351367
2.282670
2.272399
2.419478
2.269978
2.271648
2.303733
2.270521
2.277910
2.303549
2.287938
2.288071
2.289578
2.286291
2.275581
2.272270
2.269697
2.273565
2.362231
2.279059
2.283507
2.264690
2.361355
2.268840
2.362877
2.287211
2.275269
2.262452
2.361257
2.272626
2.272247
2.268708
2.392608
2.280410
2.274640
2.290063
2.288171
2.279742
2.351430
2.267146
2.281715
2.269989
2.269630
2.265381
2.349895
2.262837
2.264772
2.281132
2.394092
2.355245
2.266246
2.264797
2.267906
2.265347
2.394557
2.276336
2.396208
2.275528
2.271884
2.272882
2.268992
2.279164
2.384083
2.273249
2.273379
2.272103
2.284444
2.389052
2.271746
2.293318
2.291906
2.278068
2.267304
2.371880
2.278372
2.290407
2.280089
2.286579
2.283461
2.280298
2.395397
2.282053
2.279890
2.263724
2.393346
2.259601
2.244908
2.250727
2.391766
2.259099
2.260403
2.392782
2.267013
2.271480
2.259976
2.270326
2.396527
2.265452
2.283887
2.260046
2.362801
2.261491
2.355314
2.263769
2.378046
2.263315
2.288807
2.278987
2.265327
2.253741
2.267206
2.284069
2.285672
2.335258
2.287762
2.259457
2.463916
2.256915
2.397754
2.270003
2.289779
2.262919
2.251537
2.285863
2.451483
2.263536
2.254970
2.279882
2.271543
2.373876
2.269592
2.276810
2.248419
2.228722
2.294604
2.256013
2.282853
