2.419806
2.768888
2.337181
2.286058
2.221721
2.034926
2.205374
2.289182
2.187396
1.955144
2.104067
2.020049
2.035923
2.146839
2.164036
2.057256
2.151586
2.074582
2.100944
2.066001
1.966092
2.029850
2.031836
2.062843
2.054244
1.886702
2.009742
1.969724
2.101042
1.986356
1.887505
2.015597
1.896574
2.141232
1.964082
1.995155
2.024409
2.000161
2.026017
1.926785
2.001378
2.127257
1.923162
2.072726
2.069645
2.062440
2.049180
1.997492
1.866994
2.119055
2.049301
1.976956
2.005949
2.119714
2.035261
2.158523
1.966423
1.843999
2.004443
1.908746
1.852024
1.927004
1.990296
1.952823
1.850999
1.987728
2.002682
2.073953
1.989839
1.989704
1.986500
1.975677
1.935968
1.912632
1.846314
1.993415
1.904390
2.090385
2.021339
1.834625
2.059529
1.978802
1.957521
2.016305
1.964076
2.079121
1.972059
2.042220
1.889401
1.936618
1.872669
2.110446
2.101553
2.010900
1.881803
1.981380
2.057244
1.825383
1.917980
2.053673
1.955182
1.980328
1.967196
1.937562
1.957639
1.962377
1.904565
1.932856
1.933960
1.913354
1.800870
1.985608
1.866706
1.878915
1.862993
1.833640
1.883427
1.931045
1.966434
1.968768
1.971235
2.027366
2.205660
1.883733
1.968081
1.908172
2.174897
1.895390
1.984694
1.866717
2.138401
2.150671
1.881090
1.845609
1.913715
1.949401
2.052545
2.039377
1.944382
1.974264
1.866126
1.973878
1.915380
1.885639
1.840912
2.032258
2.112034
2.019916
1.955279
1.936822
1.941580
2.063581
2.049542
1.914920
1.871219
1.799511
1.932867
1.889126
2.026864
1.838304
1.994802
2.073635
1.993726
1.977358
2.054658
1.924430
2.072858
2.001602
1.780145
1.891159
2.163149
1.881167
1.970525
1.778346
1.990846
2.081973
1.836433
1.932865
2.012706
2.034409
1.984816
2.023157
1.912366
2.063567
1.832599
1.943038
1.837596
2.008584
2.065335
1.908143
1.771479
1.958993
1.859354
1.978992
1.910733
1.920380
1.880173
1.892264
1.845232
1.840611
1.991566
1.987616
1.791644
1.869190
2.126094
1.767302
1.865957
1.865116
1.939556
2.025940
2.002218
1.882989
1.871100
1.782760
1.987335
1.981207
1.851847
1.851245
1.836602
1.846933
1.862896
1.889513
1.745250
1.883751
1.823162
1.976080
2.121649
1.878985
1.976803
2.134840
2.013457
2.169462
1.875436
1.958762
2.013950
1.884925
1.995979
1.890949
1.971760
1.884057
2.057321
2.096315
1.788267
1.851154
1.809561
1.889226
1.877354
1.843511
1.814361
2.029818
2.107121
2.095918
1.791267
1.964220
1.742573
1.919996
1.855552
1.910719
2.027458
1.799647
2.136650
1.928058
1.940080
1.843833
2.045121
1.844744
1.958073
2.084731
1.908565
2.021590
1.954343
1.799570
1.821855
1.818902
1.997903
2.080904
2.020471
2.055748
1.753814
1.963293
1.767023
1.783707
1.843257
2.034996
1.841847
2.084852
1.933561
2.028855
1.814935
1.925838
1.744323
2.000743
1.730946
1.896889
1.929673
1.856729
1.810718
1.901431
1.810061
1.850138
2.100675
1.719487
1.974107
2.076913
1.831683
2.086065
1.876593
2.061159
1.843044
2.025774
1.971942
1.982096
2.174403
1.722871
1.843875
1.871859
1.863858
1.835864
1.972691
2.029750
1.904089
1.873721
1.862427
1.903805
1.960458
1.917832
1.890418
1.826140
1.830738
2.021792
2.062841
2.005702
2.144320
1.955972
1.767402
1.760584
1.793762
1.879339
1.743166
1.897337
1.933935
1.843567
1.862281
2.018304
2.045771
2.092030
1.900340
1.990900
1.853483
1.987629
1.997189
1.602334
2.053627
2.024707
1.960188
1.800369
1.916790
1.883856
1.950723
2.081759
1.797873
1.944510
1.865250
1.892790
1.893243
1.863329
1.790987
1.936768
1.925917
2.001869
1.879703
1.969182
1.741621
1.894290
1.818234
1.939430
1.836555
1.960760
1.916885
1.984350
1.957436
1.915954
1.958382
1.806583
2.036882
1.653607
1.901336
2.073735
1.786434
1.978934
1.800767
1.703602
2.110393
2.017676
2.008332
2.023019
1.860858
1.712333
2.069023
1.881509
1.883420
1.776843
2.093535
1.820646
1.884750
2.142913
2.023619
1.995058
1.807323
1.750554
1.726909
1.842486
1.720306
1.670835
1.883456
1.911235
1.998704
1.981284
1.797644
1.822839
1.953823
1.947653
1.826210
1.811665
1.907756
1.854548
2.112970
2.007425
1.972102
2.103121
2.203716
1.959268
1.845720
1.841340
1.885161
2.044118
1.742617
1.978137
2.242051
2.004238
1.850510
1.957025
1.736090
1.783046
1.792755
1.952507
1.957055
1.844935
1.760343
1.900118
2.193551
1.941228
1.927375
2.073546
1.825893
1.755623
2.101287
1.806909
1.971129
1.788704
1.931099
2.179523
1.761357
1.941296
1.800752
2.074790
1.891304
2.110106
1.886610
1.910558
1.999915
1.901559
1.838314
1.903256
2.053571
2.152235
1.830541
1.945139
1.621747
1.892603
1.878930
1.949674
1.765614
1.694177
1.821160
1.738492
1.883293
1.776235
1.976556
2.053325
1.853305
1.791498
1.784879
1.955552
1.787891
2.033462
1.934282
1.795861
1.912543
1.913496
2.073004
2.095759
1.814364
1.927707
1.845678
1.884745
1.738026
1.884658
2.058980
1.962263
1.811247
1.939576
1.953504
1.966373
2.056165
1.928824
1.788584
1.725852
1.825579
1.988530
1.932284
1.852779
1.987563
1.789319
2.039550
2.011990
1.841102
2.043140
1.921835
1.869436
2.097293
2.025703
2.127989
1.795043
2.011454
1.934493
1.868399
2.043643
1.733867
2.070316
1.894187
1.940525
1.985919
1.920661
2.548829
1.871033
2.053986
1.849808
1.938814
1.868953
2.294666
1.951833
1.773774
1.893086
1.738244
2.110196
1.751653
2.012137
1.873266
1.851071
1.831181
1.717873
1.848919
1.917878
1.820085
1.780566
1.934754
1.961272
2.171456
1.893332
1.722861
1.926869
2.215039
1.872917
1.877351
1.828988
2.109492
1.778300
1.905459
1.897910
1.750269
1.797257
1.733303
1.745194
2.061164
1.875404
1.899384
1.884743
1.854011
1.848892
1.815629
1.837664
1.850181
1.743336
2.285611
2.095393
2.005994
1.981630
1.943127
1.811198
1.839664
1.902787
1.836954
1.922042
1.870877
1.855169
2.027425
1.841879
1.916130
1.911851
1.860834
1.878432
1.780791
1.841662
1.762068
1.687557
1.706091
1.876659
1.937771
2.007275
2.128534
1.892088
1.947669
1.855084
2.113442
1.917039
1.793563
1.868704
1.730953
2.358151
1.924948
1.809944
1.861032
1.966967
1.860519
2.015198
2.130138
1.902882
1.784339
1.739339
1.708208
1.784143
1.899058
1.900241
1.812417
1.852020
1.843117
1.706278
1.878033
1.835117
1.879015
1.994597
1.769909
1.756378
1.924006
2.123915
1.878754
1.840247
1.767938
1.896294
1.906368
2.021204
1.958680
1.861699
2.024367
1.810428
1.677883
2.023977
1.788319
1.945183
2.036493
1.936240
1.785853
2.062576
1.827179
1.722518
1.765698
1.908512
1.791113
1.924641
1.883498
1.693211
1.935723
1.788769
1.842499
1.964839
1.865708
2.043951
1.811783
2.171731
1.866538
1.904089
1.981898
1.923965
1.887742
1.763667
1.757574
1.902164
1.890663
1.810365
1.853776
1.730887
1.854380
2.025873
1.685490
1.824142
2.034967
1.810151
1.807509
1.850290
1.942820
1.890516
1.745948
1.759836
1.805300
1.935710
1.788307
1.971617
1.803064
1.941007
1.904392
1.807929
2.407751
1.811407
1.913723
1.860615
2.128071
1.911655
1.884101
1.871426
1.813689
1.797495
1.812017
1.982218
1.787582
1.949627
1.967499
2.018280
1.862898
2.160572
1.904739
1.775142
1.830689
1.704456
1.676884
1.782846
1.841719
2.004839
1.700233
1.700585
1.873118
1.838590
1.772412
1.830091
2.035683
2.181936
1.935887
1.946906
1.750127
1.723830
1.822055
1.992625
1.986367
2.195880
1.866782
2.115299
1.960132
1.870073
1.727092
1.971517
1.791144
1.709740
1.806473
1.863285
1.957515
1.912135
1.741559
1.771498
1.754802
1.945351
2.089170
1.884625
1.891782
1.723220
1.931924
1.902256
1.988248
2.046438
1.923498
1.806214
1.751755
2.419942
1.865195
1.894701
1.700877
1.939176
1.974715
1.828434
1.937756
1.693311
1.997442
1.900209
1.797192
1.749911
1.853940
1.880502
2.087285
1.824626
1.921313
2.172136
1.815247
1.819624
1.872429
1.817926
2.332610
1.866301
1.901951
1.911295
1.753645
1.686174
1.922931
1.956330
2.036903
1.819395
2.028756
1.864231
1.636987
2.043100
1.882026
1.871391
1.974739
1.954251
2.159441
1.829423
1.778246
1.786977
1.934659
2.392725
1.938622
2.022927
2.019154
1.744408
1.936675
1.904193
1.752627
1.887822
1.960496
1.832558
1.843020
1.902747
1.960893
1.840254
1.817580
1.784994
1.877484
1.878393
2.122029
1.835997
2.312669
1.801895
1.889448
1.786421
1.893600
1.867085
1.748722
1.776251
2.001818
1.818977
1.754057
2.004439
2.009309
1.906642
1.823330
1.943004
1.919934
1.685514
1.831404
1.969666
1.842360
1.975929
1.787415
1.807373
1.737850
1.731296
1.859016
2.250558
2.096442
1.919907
1.794041
1.907544
1.770032
1.990269
1.866371
2.019025
1.876891
1.852674
1.651275
1.915095
1.905624
1.843747
1.880292
2.086797
1.752505
2.038943
1.764295
1.718168
1.727388
1.943821
1.838167
1.999959
1.884714
2.056558
1.766105
1.885716
1.852377
1.820417
1.704308
1.943790
1.832033
1.995316
2.077649
1.814914
2.009806
1.651572
1.982157
1.909594
1.835042
1.891217
1.760193
1.999462
1.692922
1.957513
2.046188
1.813041
1.872821
1.966194
1.760540
1.783747
2.225106
1.994495
1.853650
1.965273
1.796415
1.788867
1.882976
1.774578
1.788915
1.836063
1.777783
1.773876
1.845866
1.838902
1.740832
1.826057
1.942349
1.669253
1.809114
1.910044
2.300018
1.990478
2.265421
1.835915
1.984737
1.740015
1.652063
1.765014
1.969637
1.889889
1.903376
1.991735
1.871587
1.971561
1.932148
1.974444
1.970849
1.977763
1.750444
1.982538
1.878093
1.877479
2.317458
1.740971
1.934074
1.959811
2.101137
1.962866
1.852184
1.794276
1.912698
1.841083
1.843424
1.787912
1.949646
1.778122
1.693437
1.969035
1.959228
1.919660
2.185177
1.877057
1.767856
1.933451
1.717904
2.051436
1.640083
1.803073
2.091236
2.011533
1.763400
1.818831
1.807147
1.955071
1.739998
1.762279
1.753491
1.813033
1.888970
1.801252
1.813040
1.980290
1.781530
1.816399
2.118107
1.773462
1.755055
1.761366
1.733170
1.886830
1.940434
2.077356
1.798384
2.052781
2.021928
1.840788
1.931182
2.096963
1.845935
2.263942
1.775699
1.759568
1.921815
1.885795
2.062749
1.831289
1.799854
2.018736
2.095267
1.854857
1.836830
2.001127
1.899964
2.057587
1.762817
1.722005
1.952276
1.643893
1.780065
1.757847
1.777184
2.462116
1.889434
2.202076
1.782404
1.883178
1.946685
1.646461
1.918212
2.120068
1.867280
2.014444
1.932011
1.857090
1.730111
1.705281
1.975708
1.824154
1.873578
2.064105
1.825176
1.940374
1.787231
1.983217
1.724848
2.004426
1.872112
1.728392
1.763288
1.819555
1.954911
1.712032
1.759360
1.846062
1.890366
1.830952
1.786846
1.960958
1.949927
1.935025
1.852696
2.105527
1.846349
1.925319
1.721018
1.774453
1.904443
2.002898
1.873123
2.050975
1.763733
2.623824
2.153848
1.695501
2.133050
1.923258
1.737835
2.050442
1.901971
2.388770
1.990587
2.391050
1.608659
2.329795
1.852950
1.831748
1.860958
2.013952
1.868527
1.803299
1.823834
1.723162
1.887431
1.816895
1.694042
1.789584
1.752763
2.204040
1.658139
2.063814
1.732659
1.953050
1.942460
1.793976
1.673299
1.930418
1.827901
1.703546
2.033874
1.791515
1.859261
1.901200
1.783732
1.918333
1.987503
1.788458
1.874898
1.811300
1.886105
1.705790
2.176767
1.752776
1.805413
1.933140
1.828070
1.942203
2.063552
1.951230
1.879640
1.787086
1.851096
1.886742
2.189369
1.684171
2.031546
2.047424
1.818596
1.722813
1.941664
1.767783
1.717602
2.185670
1.815098
1.863209
1.729487
1.915186
1.837921
1.787607
1.904538
1.715774
1.929785
1.718378
1.793602
2.075084
1.688682
1.901552
1.668104
1.923718
1.887365
2.106818
1.957013
1.771243
1.755991
1.825558
1.996866
1.703349
1.817990
2.011818
1.969900
1.830606
1.696046
1.878392
1.705710
1.889482
2.113589
1.802039
1.973411
1.708147
1.953230
1.888511
1.792006
2.237375
1.778372
1.848159
1.834543
1.840888
2.037425
1.832754
1.696027
2.099005
1.970075
1.932035
2.165114
1.735482
1.901858
2.003340
2.042597
1.906963
2.025903
1.936635
1.986601
1.972329
1.860435
1.815124
1.927456
1.820162
1.930355
1.727375
1.757416
2.099794
1.860522
1.936099
1.941169
1.947503
2.058001
1.958945
1.777965
2.000600
1.773847
1.810345
1.993962
1.712268
1.799719
1.895692
1.781501
1.765011
2.211234
2.075928
1.859057
1.733609
1.821652
1.715650
1.790974
1.761991
1.813368
1.713925
1.786642
1.823658
1.865546
1.899294
2.090018
2.048751
1.731542
1.832349
1.997991
1.661640
1.731858
1.669353
1.745017
1.802252
1.913895
1.839154
1.782787
1.670665
1.743103
2.144376
1.789333
1.839072
1.859657
1.901327
1.915558
1.652712
2.628604
1.887393
2.130475
1.772543
1.868252
1.657039
1.920914
1.881754
2.191430
2.055482
2.348160
2.466434
1.840527
1.724314
1.869912
2.157416
1.788702
1.771900
1.896017
1.693304
2.012045
1.896865
1.841519
2.060054
1.948268
1.845198
1.686882
1.915731
1.926692
1.753088
1.867845
1.758574
1.912055
2.016078
1.679727
1.993635
1.894246
1.965674
1.848628
1.881240
1.700150
2.225274
1.980794
1.677957
1.917908
2.167096
1.759728
1.886951
1.913535
1.760995
1.821276
1.909982
2.052029
1.892116
1.701247
1.649541
2.652706
1.953421
1.626808
1.727663
2.031044
1.847246
1.757571
1.833963
2.334654
1.951393
1.740457
2.190784
1.725791
1.908592
1.955753
1.744540
1.630772
2.097877
1.831009
1.783372
2.134665
1.894037
1.813169
1.864502
2.023548
1.759899
1.796780
1.855746
1.860330
2.217494
1.900533
1.954599
1.829375
1.815864
2.021677
2.128349
1.946767
1.853394
1.801038
1.788858
1.900590
1.749260
1.977377
1.717968
1.824825
1.764126
1.751674
2.005034
1.828381
1.816335
1.803080
1.790393
1.864460
2.078864
2.213690
1.877835
1.777593
1.850227
2.282166
1.709235
1.835661
1.821048
2.165852
1.825943
1.931396
1.932365
1.855547
1.632518
1.924510
1.825230
1.809721
1.738633
1.784774
1.769381
1.837313
1.932399
1.840263
1.595847
1.832619
1.909888
2.417088
1.841487
1.916393
2.363266
1.839958
1.796510
1.743342
1.921002
1.671654
1.966187
1.911160
1.926122
1.820123
2.236861
2.000191
1.712209
1.762248
1.782547
1.823853
1.924263
1.690668
1.941858
1.844911
1.918269
1.836338
1.850567
1.817531
1.740648
1.812613
3.129360
1.953635
2.035463
2.044036
1.783294
1.807647
1.801797
1.851219
2.111550
2.048494
2.016443
1.777562
1.980775
1.970743
1.837900
1.903837
1.792779
2.085361
1.841917
1.802850
1.803321
2.213213
1.732795
1.817055
2.352761
1.902564
1.638770
1.725736
1.878286
1.739629
1.877731
1.947288
1.770822
1.874470
2.061761
2.322911
1.909727
2.007828
1.945961
1.723816
1.887372
1.721040
2.012849
1.779006
1.864710
1.749386
1.832044
2.039152
1.952615
1.784962
1.752513
1.788743
2.293896
2.045981
1.911117
2.054979
1.748597
1.770682
1.803183
1.796189
1.797815
2.216507
1.703313
1.822083
1.740445
1.877755
1.803978
1.938731
1.989199
1.776505
1.786859
2.436240
2.109673
1.927801
1.640344
2.530740
2.600150
1.817578
2.148590
1.998807
1.985633
1.821238
1.931042
1.679309
1.758627
1.921807
1.846391
1.839585
2.031713
1.880031
1.720695
1.839905
2.025704
2.005896
1.933738
2.121717
1.753312
1.919176
1.644423
2.021525
2.049090
1.972256
2.062547
1.762608
1.858124
1.810679
2.299441
1.846037
1.773075
1.750670
1.839950
1.602103
1.882722
1.811818
1.813080
1.887663
2.408615
1.825650
1.830967
1.952559
1.789781
1.841797
2.532290
1.773080
1.919446
1.775975
1.841014
1.835783
1.837287
2.003935
1.980245
1.768158
1.745656
1.714767
1.863358
1.960909
1.836621
1.850486
1.800898
1.924980
1.809641
1.642729
2.442564
1.935026
2.888292
1.772516
2.372725
1.824770
2.016455
1.873809
1.774858
1.710317
1.964775
2.041758
1.784179
1.656996
1.972895
1.645729
1.847278
1.920929
2.376564
1.796234
1.957003
1.711856
1.757504
1.841408
2.132109
2.690735
1.727327
1.700102
1.746194
2.329015
1.881066
1.730811
1.992237
1.750323
1.667862
1.853034
2.458427
2.428180
1.999566
1.843836
2.036248
1.930048
1.855981
1.739764
1.865806
1.749642
2.082373
1.731439
2.119891
1.688476
1.746207
1.698101
1.950914
1.864638
1.750186
1.939573
2.140766
2.001245
2.250634
1.753484
1.703752
2.047374
1.874699
1.797577
1.735312
1.984234
1.774518
2.085179
1.772859
1.891088
2.274295
1.903878
1.947943
1.962521
1.790163
1.931500
1.891398
1.937139
1.848900
2.727618
1.838839
2.022636
1.710628
2.002172
1.913750
1.920983
1.826573
1.798860
1.757897
1.849695
1.882683
1.923242
1.794530
1.896686
1.968768
1.888722
1.804317
1.842918
1.713358
1.675573
1.862825
1.951600
1.786596
1.780742
2.089959
2.082633
1.810302
1.791724
1.705716
1.788292
1.965289
1.907481
1.652305
1.989460
1.743188
1.774780
1.760013
1.898083
1.780729
1.718285
1.903750
1.784249
1.893851
1.951871
1.958930
1.868437
2.005440
1.828429
1.980877
1.711358
1.845372
2.054977
1.881306
2.276888
1.852473
2.067485
1.820016
1.955052
1.905819
1.769512
1.840910
2.056500
2.548753
1.792022
1.685698
2.004359
2.019626
1.916076
1.934885
1.806447
1.712631
2.497542
2.033177
1.828365
1.718368
1.888465
2.108833
2.024684
1.751233
1.821848
1.858806
1.657556
1.745542
1.804547
2.150506
1.754368
2.871286
2.093219
2.155979
1.769975
1.856535
1.774466
1.935797
1.836939
1.786373
1.765294
1.983394
1.888328
1.925016
1.952498
2.211460
1.830951
2.254467
1.830607
1.890979
1.820088
1.834491
1.920740
1.979208
1.732481
1.877892
1.803951
1.765204
1.754884
1.755582
1.676951
1.872024
1.933595
1.882627
1.602848
1.997280
1.923470
1.941450
1.923175
1.983982
1.888294
2.613198
2.491766
1.886133
1.893468
1.814842
1.782322
1.769049
1.762946
1.674694
1.891042
1.949156
1.703809
1.835537
2.132722
1.888355
1.934215
1.757256
1.914514
1.826174
1.735953
1.825601
1.895751
1.974618
2.018912
1.905490
1.715530
1.903666
1.823619
1.784062
1.883461
1.670722
1.761405
1.850405
1.857663
1.923359
1.983519
2.243693
1.920417
1.849751
1.902831
1.689058
2.105878
1.876090
2.397940
1.931843
1.971522
1.794033
1.973124
1.660613
1.957952
1.823679
2.056475
1.722294
1.818351
1.711971
2.064079
1.830019
1.824394
2.119606
1.647462
1.843334
1.822736
1.933441
1.844845
1.804003
2.512381
1.823325
1.882067
2.298635
1.804289
1.894174
1.833486
2.145065
1.925275
1.808825
1.799696
2.017384
1.689945
1.890982
1.613926
2.482456
1.706691
1.908535
2.070156
1.691546
2.108935
1.893821
2.136573
1.683915
1.661343
1.839999
1.931985
2.055567
1.853275
1.916542
1.903967
1.858460
1.810028
1.809798
1.740338
2.075658
1.798558
1.984648
1.708650
1.745052
1.828993
1.755201
1.807915
1.783129
2.569500
1.906343
2.047186
1.903745
1.863559
1.920745
1.879118
2.894775
1.858017
1.893810
2.030902
1.946115
1.822093
2.044989
2.064864
1.939447
1.893505
1.942939
1.687198
1.863211
1.732426
1.793253
1.902381
1.870327
1.908505
1.893015
1.812461
1.905177
1.755645
2.057128
1.647132
2.810606
2.354318
1.615471
1.927513
1.841728
1.873329
2.021957
1.865318
1.792319
1.831525
2.595181
1.790438
2.001212
1.664683
1.899399
1.949853
2.561595
1.746840
1.709369
1.681318
1.949401
1.837949
1.952923
1.866034
1.839490
1.908355
1.943587
1.661916
2.231960
1.860566
1.783649
1.827806
1.990200
2.029133
1.846634
1.887294
1.763027
1.929859
1.837383
1.987554
1.862941
2.285112
1.905279
2.118971
1.957072
1.885392
1.725697
1.783375
1.806039
2.656432
1.846531
1.832305
1.949253
1.859408
1.752139
1.689363
1.810864
1.688980
2.066686
2.191954
1.908385
1.664368
1.603896
1.757915
1.766781
1.775205
2.014424
1.798046
2.736147
1.862247
2.002039
1.736830
1.651291
1.912574
2.039463
1.861215
1.839404
2.015345
1.851857
1.804640
1.769236
1.812874
1.862304
1.963469
1.943631
2.017044
1.983312
1.914493
1.614243
2.201838
1.763234
1.755978
1.903580
1.865186
1.706785
1.718322
2.281880
1.927516
2.061103
1.760355
1.825525
2.205990
1.746770
2.027781
2.127920
1.820282
1.978468
1.727219
2.165333
1.898381
1.969320
1.757351
1.908079
1.893820
1.648238
2.070341
2.094908
1.790884
1.890803
1.890356
1.988467
1.883142
1.717585
1.792564
2.043171
1.920943
1.849542
1.786757
2.100747
1.715521
1.930639
1.699399
1.867012
1.694972
2.078922
1.835802
1.807405
1.798815
1.804641
1.901497
1.876800
1.787792
1.708751
1.923141
1.874358
1.981529
2.312846
1.672810
2.311894
1.675624
1.897663
1.846319
2.141852
2.018105
1.923658
1.839173
1.831942
1.917959
1.931765
1.855375
2.007785
1.864541
1.820261
1.901356
1.764476
1.872562
2.011318
2.084049
1.820276
1.753506
1.859015
1.882433
1.769765
1.678287
1.891655
1.766649
1.822932
2.241850
1.918855
1.703757
1.744255
2.438365
1.877087
2.067094
1.820218
2.878221
1.815623
1.684908
1.735665
2.087854
1.735683
1.731831
1.886095
1.855860
2.190911
1.875541
1.713119
1.858985
1.918808
1.868468
1.837877
1.964880
1.917354
1.760416
1.892980
1.776934
2.011371
1.772497
1.918223
1.826847
1.884278
1.943561
1.737214
1.744636
1.825660
2.059391
1.872457
1.770661
1.744539
1.995738
1.812645
1.694549
2.118323
1.795665
1.845539
1.847953
1.768081
2.101604
1.776991
1.747219
2.056863
2.165078
1.880173
1.877032
1.950415
1.935585
1.659501
1.713620
2.173095
1.939247
1.783722
1.843930
1.923149
1.767869
1.832416
1.834317
1.803908
1.821634
1.908319
1.621858
1.831456
2.056728
2.181377
2.084682
1.699047
2.124468
1.685157
1.792113
1.839445
1.837521
1.982256
1.976303
1.758441
1.699716
2.345820
1.978479
1.740585
1.940222
1.756206
1.969491
1.725891
1.669315
1.867937
1.969748
2.228108
1.753795
2.049620
2.043243
1.785086
1.888102
2.205624
2.027340
1.757692
1.747957
1.859011
2.188429
1.719894
1.960601
1.838348
2.329607
2.046650
1.818082
1.601889
2.068086
1.808120
1.708906
1.784839
2.207003
1.784634
1.729897
1.828683
2.070265
2.709589
1.790904
1.684549
1.820035
2.043615
1.682601
1.901967
1.964135
1.864464
1.794771
1.836683
1.649176
1.857201
2.037838
2.340293
1.901809
1.841144
2.281734
1.789612
1.930120
1.649521
1.893238
1.840448
2.007769
1.730457
1.916781
1.852277
1.764869
2.013213
2.023578
1.990213
1.725479
1.756559
1.830909
1.941522
1.922041
1.774864
1.829499
2.060659
1.831829
3.008456
1.875236
1.782561
1.630455
1.832693
2.611351
1.793027
1.929064
1.699159
1.721167
1.984026
1.760134
1.919072
1.892988
1.977092
1.740188
1.787149
1.735609
1.897151
1.916505
1.829622
1.780698
1.802293
2.022685
1.876837
1.823485
1.883311
1.787873
2.077983
1.979659
1.925673
1.952133
1.726691
1.997024
1.705579
1.743319
1.655293
1.746540
1.757986
1.910477
2.977484
2.147892
1.774648
1.746362
1.806467
1.760594
2.025885
1.812533
1.758178
1.791873
1.745417
1.996742
1.743050
1.782779
1.874727
1.715002
1.682606
2.091231
1.891696
1.781986
1.799837
1.839709
2.088454
1.830734
1.860917
1.760871
2.023164
1.707295
1.849339
2.182106
1.812320
2.468348
1.737426
2.296560
1.828820
2.056358
1.643951
1.675644
1.866026
1.678054
1.804358
1.944274
1.736387
1.732435
1.904151
1.763903
1.841703
1.887013
1.764975
2.825408
1.722339
1.929069
1.767172
1.931973
1.753836
1.946859
1.975866
2.395547
2.175169
1.938572
1.871051
1.629510
1.843657
1.868601
1.895325
1.788593
1.798267
1.811363
2.274174
1.937458
1.772204
1.693147
1.978689
1.863031
1.879615
1.942165
1.890917
1.905422
1.810744
1.991755
1.937898
1.669353
1.675109
1.785604
2.606027
1.766076
1.711161
1.897090
1.771644
1.791701
1.889563
1.957563
1.859068
2.011432
2.010311
1.875410
1.754629
1.773973
1.864054
1.927817
1.900559
1.818795
1.891217
1.902186
1.824946
1.710901
1.752646
1.823463
1.776187
1.826893
1.998336
1.890249
1.980161
1.622423
1.713289
1.960613
1.709412
2.130770
1.711288
1.998163
1.850022
1.867216
2.014106
1.847654
3.312811
1.867231
1.863611
1.929428
1.836810
2.007400
1.901908
1.756309
1.948561
1.784962
1.769915
1.877550
1.881814
2.025702
1.971431
1.725187
1.768776
1.701455
1.869471
2.038443
1.786566
1.701753
1.702370
1.784791
1.625680
1.839778
1.842622
2.053906
2.033690
1.687694
2.032307
1.850964
2.281033
1.868566
1.630288
1.734640
2.344083
2.031146
1.840042
1.761925
1.811358
1.971969
1.819975
1.985944
2.338790
1.942241
2.020761
1.824762
1.850841
1.740469
2.030211
2.073099
1.613546
1.798173
1.838509
1.812313
1.826860
1.916231
1.836691
2.302961
1.779478
1.934909
1.726898
2.317197
1.824079
1.715290
2.523104
1.693139
1.723455
1.892716
3.120291
2.114725
2.546473
1.737663
1.740324
1.813520
1.870870
1.744164
1.973772
1.941013
1.817840
1.774166
1.885102
1.714707
1.900486
1.807907
1.816055
1.843349
1.721993
1.883192
2.084375
1.904450
1.738454
1.774657
1.899044
1.952330
1.786740
1.860221
1.846628
1.909003
1.955489
1.988984
1.898155
2.390812
1.952840
1.736633
2.164258
2.060944
1.789844
2.626114
1.953073
1.728023
1.955705
1.857374
1.755398
1.727044
1.714596
1.904808
1.700396
1.943359
1.775745
1.731488
1.785262
1.682180
1.813806
1.975346
1.979203
2.070964
1.928586
2.630143
1.883051
1.911899
2.291327
1.873024
1.844154
1.900746
1.685063
2.067911
1.851901
2.243026
1.882295
1.854035
2.077999
2.091928
2.294784
1.798756
1.829178
1.975863
1.726207
1.891092
1.798213
1.711474
1.965037
1.862186
1.799579
1.644775
1.801512
1.806029
1.657757
2.349680
2.137507
1.691535
2.685682
2.101567
1.857339
1.959689
1.728132
1.844476
1.691787
1.721808
1.956456
2.024039
1.855029
1.862291
1.678872
1.661438
1.861870
1.795735
2.034862
1.706596
2.544602
1.882152
1.842560
2.028321
2.803942
1.832390
1.691073
1.891776
1.857874
1.789847
1.946541
1.858394
1.760061
1.773980
2.135636
2.058116
1.617541
1.842472
1.841308
1.954445
1.974386
1.772203
1.869891
2.103976
1.833682
1.859852
1.857307
1.970939
2.076426
2.817161
1.749141
1.828372
2.042255
1.625398
1.919629
2.287908
1.801926
1.681016
1.797460
1.993296
1.874927
1.637652
1.904010
2.341205
2.017951
1.930180
1.975127
1.821108
1.683754
1.966281
1.919926
2.038060
1.775205
1.926597
1.697181
1.749271
1.844244
1.945823
1.896172
1.734964
1.893912
1.760666
1.824612
1.806088
1.954537
1.762944
2.485900
1.875944
1.941145
1.717248
1.732782
1.809818
1.791065
1.694959
1.994043
1.794301
2.013936
1.896659
2.088706
1.790102
2.008115
1.765279
2.615168
1.768508
1.931593
1.978299
2.456504
1.761434
1.905280
1.712022
1.797503
1.795930
1.941566
1.871303
1.867195
1.752428
1.847687
1.887908
2.099089
2.210865
1.805788
1.799711
1.711363
2.137731
1.707397
2.084929
1.869308
1.808777
2.033425
1.669936
1.915653
2.511565
1.939247
2.438834
1.796667
1.699385
1.908740
2.062596
1.901195
2.073939
1.765670
2.027353
1.684896
1.875925
1.675129
1.768653
2.189532
1.911351
1.925716
1.784096
1.939754
1.832713
1.967196
1.719570
1.932845
2.033626
1.695132
2.491993
1.809484
1.778041
1.925104
2.033551
1.775420
1.838015
2.173674
1.791670
1.671699
2.406094
1.825977
1.761276
1.933448
2.018665
1.968844
1.908257
2.021981
1.725039
2.206266
1.737195
1.874175
1.697025
1.788938
1.831689
1.853934
1.766686
1.683143
1.773866
1.751925
1.720432
1.870989
1.837840
1.784381
2.095702
1.988482
1.887192
1.558807
1.938513
2.009913
1.795693
2.139319
1.841072
1.768780
3.129421
1.656816
1.708180
2.143966
1.812836
1.891192
2.149369
1.595906
2.166664
2.212129
1.812531
1.917906
1.786405
1.814111
1.660233
1.856011
1.658643
1.968254
1.875942
2.080631
2.098028
1.776289
1.813157
2.109925
1.728509
1.921590
1.917361
2.038247
1.765074
2.254688
1.635500
1.756667
2.254560
1.965391
1.811321
2.003360
1.955498
1.944737
2.061244
1.637758
2.328420
2.104654
1.611342
2.748811
1.902683
1.773018
1.703129
1.772354
1.646130
2.033146
1.748040
2.001690
1.814464
2.843956
2.019754
1.758275
1.914860
2.054769
1.934033
1.635947
2.044093
1.867087
1.965913
1.984571
1.793333
1.671163
1.910662
1.997072
1.953526
1.742314
1.696466
1.836042
2.088208
1.719071
2.357399
1.700288
1.965694
1.694262
2.079862
1.929749
1.737571
1.798253
1.848561
1.833937
2.075149
1.880735
2.092233
2.003922
1.840629
1.702006
1.828811
1.797194
1.759515
1.971316
1.981014
1.915564
1.939778
1.840776
1.819311
1.911788
1.732007
1.742390
2.062190
1.620398
1.769883
1.746330
1.691827
2.022248
1.753057
1.969968
1.821509
1.991149
2.951719
1.978181
2.343409
1.735476
1.872386
1.801687
1.864773
2.038266
1.750620
1.828177
1.998258
1.887271
1.901848
1.915081
2.055518
2.284658
1.935478
1.709146
1.701383
1.916976
1.839900
1.703713
2.234894
2.159997
1.779050
1.809686
1.822927
1.767175
2.151880
2.003222
1.837676
2.020704
2.028084
1.805807
1.975617
1.954245
1.885256
1.985337
2.327619
1.839974
1.693361
1.952274
1.774696
2.067116
1.786057
2.354690
2.187991
1.983294
1.975933
1.958183
1.850457
1.890805
1.719607
1.936048
1.793377
1.780774
2.087363
2.424029
2.478157
1.752384
1.932537
1.988383
2.990464
1.866649
1.815319
2.005171
1.882377
1.607744
1.847498
1.792591
1.833816
1.934711
1.824252
2.448781
1.708016
1.829797
1.812860
1.861510
2.069529
1.889857
1.745126
1.978069
1.875685
1.727596
1.672318
2.056335
1.986697
2.324134
1.884741
1.920434
1.823610
1.821142
1.746739
1.983857
1.846241
2.615623
2.046426
1.808300
1.772302
1.818053
1.783355
1.694832
1.874441
3.292072
1.741174
2.099948
1.839639
1.580897
1.868884
1.934215
1.820093
1.814721
1.818782
1.695010
1.884075
2.326943
1.762234
2.009610
2.095526
2.052750
2.047711
1.774561
1.862968
1.850383
2.009819
1.781362
1.738206
1.809383
1.812519
2.063473
1.746706
2.154369
1.766229
1.908707
1.957449
2.167036
2.109731
2.279860
1.719315
1.814816
2.228389
1.866242
1.785771
1.885969
2.001655
2.086433
1.885767
1.776249
2.005701
1.984723
1.752355
2.266270
1.817617
1.941170
1.657192
1.730749
1.783379
1.711569
1.826926
2.054018
2.077165
1.733893
2.028836
2.750529
1.815137
1.915975
2.805673
1.828308
1.786779
1.820022
1.950554
1.892687
2.407370
1.749878
2.189731
1.753687
1.844567
1.800011
1.819288
3.221865
1.834137
1.894338
1.795550
2.059397
1.712871
1.854623
1.696199
1.779047
1.845169
1.692155
1.899618
2.015779
1.804099
1.922428
1.788095
1.806957
1.787892
1.765284
1.883396
1.832841
2.039665
1.817257
1.896045
1.781264
1.948137
1.897349
2.435324
1.703732
1.991460
2.062784
1.939000
1.890852
2.019512
1.860979
1.983127
1.847251
2.079448
1.866553
1.997885
1.890867
1.973288
1.840335
1.803632
1.825074
1.699086
1.830528
1.896962
1.878566
2.040584
2.040657
1.885959
1.837051
2.519637
1.681439
1.745686
1.989822
1.935203
1.871261
2.303867
1.766733
2.077898
1.729183
2.391934
1.839507
1.862830
1.918949
1.872194
2.285074
1.797122
1.888377
1.801830
2.199100
1.814643
1.794022
1.623199
1.835443
1.756511
1.810094
1.998898
1.841728
1.952440
1.787086
2.002579
1.812924
1.912673
2.331950
1.883596
1.966321
2.077970
1.737700
2.254474
1.775163
1.879153
2.118757
1.780062
1.721941
1.857874
1.842965
2.012438
1.695658
2.501724
2.828443
1.824488
1.763838
1.938725
1.819937
1.777024
1.927896
1.824499
1.860811
1.724234
2.151862
1.715715
1.862080
1.715764
1.833517
1.763259
1.706653
1.863672
1.765949
1.807455
2.094494
1.808607
1.872577
1.816296
1.835175
1.584029
1.843175
2.267739
1.764136
1.922370
1.770029
1.895393
1.841822
1.883186
1.816369
1.818687
2.546414
1.939413
1.899261
1.692826
1.718744
1.664938
1.827890
1.920732
1.856128
1.787703
1.810472
1.885298
1.821491
1.809122
1.807528
1.797261
1.796071
2.680754
1.853311
1.822688
1.918480
1.780868
1.953622
1.673282
1.762102
2.911855
2.052633
1.729428
1.894378
1.999119
2.211157
1.883167
1.757424
1.896108
1.783181
1.692734
2.209041
1.845272
1.798753
1.720547
2.010384
2.025761
2.253100
1.936405
1.838491
2.106937
2.834327
2.017648
1.810065
2.200279
2.052788
1.989800
1.979059
2.794459
1.978669
2.003815
1.900379
2.104027
1.994486
1.745868
1.868168
1.905675
1.861199
1.821708
1.995050
2.172872
1.751211
1.876851
1.943029
1.998349
2.046507
1.892431
1.825331
1.752673
1.952420
1.721560
1.925286
4.169888
2.047877
1.950360
2.010354
2.094136
1.912011
1.633008
1.863937
1.994509
1.762542
1.939508
1.717709
1.816148
1.873229
1.740343
1.893562
2.179952
2.259562
1.753563
1.835116
2.064869
1.957988
1.626835
1.938429
2.091546
1.872522
1.754745
1.805360
1.909698
1.762945
1.930865
1.684098
1.787337
1.777819
2.019112
1.885805
1.806211
1.962612
1.978373
2.077307
1.735597
1.896396
1.877662
1.802075
1.827298
1.982651
1.920176
1.952148
1.592474
1.683410
2.237586
2.264679
1.780343
1.992085
1.847414
2.136798
1.853447
1.726544
1.830820
2.315047
1.656088
2.332042
1.895320
1.919564
1.758412
2.317247
1.815640
2.681935
2.220490
2.010438
2.178599
1.735178
1.809813
1.680185
1.599074
1.808261
1.704519
1.832220
1.835518
1.731936
1.653282
1.684561
1.838152
1.910824
1.916244
3.881454
1.835147
1.840558
2.043190
1.860492
1.943621
1.823639
1.920987
2.014168
1.793554
1.758752
1.749229
1.791395
1.685214
1.817125
1.625827
1.922612
2.283933
2.069449
1.805531
1.785387
1.863447
1.664458
1.878593
3.224858
1.681061
1.901211
1.667540
1.917235
1.939187
1.965709
1.745600
1.949627
1.690981
1.941173
1.853373
1.853963
1.833271
2.003582
1.854620
1.803184
1.852448
1.745481
2.168635
2.073411
1.861523
1.907517
2.419500
1.988955
2.129371
1.926146
1.875073
1.758493
1.807418
1.703628
1.879135
1.939218
1.930453
2.010951
2.023990
1.891892
1.744082
2.046021
1.807472
2.654046
2.563237
1.643463
1.779574
1.771515
1.830224
1.947458
1.796576
1.731133
2.158654
2.804035
1.667785
1.701695
2.066584
1.637443
3.056593
1.913683
2.004057
1.799039
2.894359
1.872641
1.774006
1.870556
1.850610
1.995408
2.091077
1.806600
1.836879
1.704270
1.887797
1.956331
2.772770
1.811442
1.804452
1.896089
2.037307
1.940928
2.025391
1.760081
2.101694
1.687617
1.811768
1.861628
1.841969
1.693577
2.601171
1.934984
1.711386
1.931189
1.934640
1.823018
1.813114
1.714773
1.829068
1.887667
1.780846
1.967466
1.991218
1.988063
2.486217
1.841273
1.835539
1.861096
1.917960
1.924874
1.907353
1.827823
1.787672
1.837393
1.981642
1.932324
1.860433
1.757443
2.351718
1.817990
2.424287
1.948444
1.881561
1.535336
1.850404
2.090705
1.838127
1.866595
1.723567
1.799083
1.639290
1.872283
2.156555
2.978129
1.933412
2.429201
1.869040
1.771972
1.906914
2.037462
1.713893
1.832629
1.766153
1.706600
1.874760
1.715372
1.941411
1.756317
1.703394
2.002420
2.373853
1.803788
1.685170
3.076859
2.148967
1.758488
1.942172
1.736685
1.867028
1.721991
1.583768
1.843017
1.710985
1.923281
1.864054
2.077739
1.753384
2.205715
1.800499
2.228609
1.724522
1.777231
1.811574
1.940211
2.143922
1.920382
1.911203
1.856207
1.740749
2.222481
1.769459
1.834541
1.689055
1.701763
3.126860
1.978765
2.186229
1.810496
1.738745
1.927479
1.947334
2.128667
1.862263
1.694426
1.978448
2.053864
2.379441
1.619989
1.831057
1.996417
1.661964
1.812385
2.109980
1.858795
1.775842
1.941316
1.794680
1.976341
1.859253
1.884262
1.977745
1.883525
1.903726
1.843847
1.874553
1.898755
1.781922
3.110521
1.886067
2.074850
1.849866
2.048725
1.906051
1.834923
1.982910
1.979992
