2.489109
2.186622
0.934268
2.498466
1.971063
1.622553
2.076174
1.117413
1.041824
4.429626
2.199712
2.126178
2.030442
1.822473
1.520364
0.982555
1.907294
0.515607
0.285089
2.266910
1.354653
1.052698
1.109839
1.180660
0.628104
0.757531
0.595461
0.364301
0.270031
0.177566
0.058935
0.039214
1.289086
0.369770
0.123941
0.090120
0.079891
0.038143
0.030411
0.121116
0.051258
0.069321
0.046199
0.024227
0.103161
0.013679
0.026587
0.018093
0.030065
0.178397
0.042371
0.011585
0.075329
0.052241
0.051045
0.009113
0.842405
0.084336
0.083602
0.048660
0.059611
0.044317
0.055440
0.081694
0.025688
0.046861
0.067196
0.011726
0.195512
0.043412
0.026304
0.017353
0.019539
0.012527
0.077892
0.070491
0.021888
0.098131
0.021523
0.020938
0.017984
0.021074
0.017856
0.024261
0.016788
0.032462
0.021010
0.164116
0.026359
0.481313
0.019330
0.148041
0.037414
0.036279
0.042603
0.071520
0.027303
0.016870
0.019852
0.010067
0.012404
0.017578
0.032867
0.013938
0.021787
0.028199
0.017070
0.036210
0.010696
0.013467
0.151828
0.046061
0.012008
0.014609
0.015493
0.068331
0.014136
0.021619
0.018310
0.019286
0.100166
0.029912
0.044218
0.111212
0.066734
0.033106
0.023079
0.105728
0.017715
0.016455
0.455682
0.151589
0.047532
0.017851
0.012684
0.005996
0.014925
0.062348
0.101701
0.003389
0.015337
0.111149
0.012948
0.009722
0.025141
0.107565
0.007975
0.071154
0.023727
0.016416
0.027401
0.009318
0.026454
0.075015
0.045715
0.064490
0.011962
0.021570
0.054930
0.010942
0.028183
0.086981
0.095353
0.044155
0.010969
0.014433
0.016737
0.014940
0.015464
0.021131
0.010708
0.047147
0.035686
0.021238
0.011381
0.008735
0.120023
0.060306
0.081490
0.045861
0.051191
0.155506
0.449270
0.020874
0.156576
0.025031
0.046982
0.015528
0.023862
0.010736
0.012260
0.021507
0.010759
0.008992
0.013649
0.025210
0.055112
0.020244
0.022414
0.013094
0.011438
0.007207
0.005995
0.013254
0.027000
0.112477
0.021080
0.050094
0.027725
0.024250
0.008314
0.087984
0.041219
0.008601
0.064247
0.015889
0.014442
0.173959
0.096900
0.016873
0.019193
0.014020
0.020162
0.022269
0.014339
0.016273
0.037446
0.051360
0.011822
0.015991
0.092697
0.043182
0.097508
0.070563
0.034986
0.018498
0.009285
0.019942
0.017782
0.034190
0.019760
0.015460
0.071264
0.442822
0.122961
0.017320
0.018568
0.029873
0.037748
0.009225
0.111943
0.041283
0.012066
0.009340
0.016831
0.027362
0.004385
0.014382
0.035466
0.071058
0.123952
0.039730
0.118552
0.034537
0.033014
0.008303
0.024166
0.049054
0.017584
0.018069
0.060926
0.030567
0.049212
0.142294
0.016442
0.062800
0.010487
0.028890
0.015438
0.004197
0.016459
0.008480
0.011219
0.013216
0.011973
0.022154
0.020403
0.020652
0.025912
0.042406
0.016851
0.120077
0.026594
0.137883
0.025845
0.045322
0.097148
0.017913
0.015937
0.024234
0.065264
0.014370
0.060794
0.024909
0.065076
0.016915
0.017561
0.135797
0.114070
0.023613
0.012582
0.013533
0.015969
0.051596
0.020131
0.107446
0.032874
0.434603
0.146575
0.069248
0.044198
0.021094
0.036699
0.104287
0.048360
0.023684
0.015975
0.014775
0.014485
0.030969
0.158773
0.015839
0.016864
0.026206
0.011693
0.022431
0.024337
0.009554
0.010855
0.004517
0.011449
0.058764
0.022916
0.113612
0.015489
0.021058
0.082304
0.038620
0.016317
0.018117
0.013623
0.032834
0.007729
0.026376
0.052738
0.141770
0.044531
0.069737
0.154740
0.058057
0.023734
0.022762
0.015534
0.036737
0.102395
0.015365
0.007070
0.020151
0.007005
0.014210
0.014994
0.018033
0.034330
0.110018
0.018622
0.022368
0.012965
0.028751
0.012838
0.019529
0.089662
0.016547
0.037588
0.141893
0.040092
0.065783
0.015305
0.009956
0.146865
0.038642
0.083904
0.089216
0.021090
0.020658
0.018316
0.077944
0.035858
0.024192
0.026444
0.111704
0.014172
0.241200
0.384376
0.035270
0.034925
0.039141
0.039339
0.014496
0.013153
0.074714
0.036004
0.029916
0.057351
0.030433
0.031299
0.011974
0.007090
0.050455
0.028961
0.013833
0.030132
0.010190
0.008355
0.020593
0.018035
0.006161
0.018325
0.095828
0.005270
0.028167
0.013982
0.099551
0.026709
0.133764
0.050316
0.027309
0.010821
0.043407
0.037270
0.015924
0.023118
0.052247
0.051404
0.042230
0.026195
0.163852
0.017539
0.031364
0.060982
0.012135
0.020574
0.023584
0.066660
0.013430
0.014324
0.010072
0.006151
0.013490
0.014369
0.011100
0.030415
0.020204
0.022244
0.159062
0.017441
0.008909
0.045638
0.025913
0.085692
0.169429
0.031642
0.023484
0.029016
0.111365
0.039110
0.014791
0.135742
0.032678
0.101353
0.057433
0.052588
0.097343
0.071965
0.017245
0.041899
0.032413
0.031674
0.046053
0.018785
0.022548
0.105792
0.040473
0.012732
0.022557
0.027378
0.068995
0.014355
0.029454
0.022516
0.686023
0.052073
0.013633
0.016546
0.008755
0.011282
0.013323
0.013260
0.007802
0.014195
0.011426
0.012889
0.055271
0.031944
0.023145
0.012204
0.012154
0.199094
0.035181
0.118763
0.018840
0.037951
0.012065
0.063281
0.220970
0.039171
0.044342
0.035206
0.013267
0.022928
0.042770
0.015027
0.009486
0.134349
0.050111
0.021417
0.152786
0.044839
0.104177
0.081850
0.023426
0.025723
0.022092
0.020762
0.019094
0.102641
0.016898
0.021634
0.024988
0.015672
0.015341
0.006872
0.006388
0.008426
0.038678
0.009865
0.131897
0.037798
0.020987
0.019313
0.012778
0.008906
0.010677
0.014650
0.050392
0.047811
0.030844
0.046016
0.051058
0.038569
0.013119
0.017855
0.007419
0.017649
0.100308
0.039838
0.016998
0.022401
0.037531
0.014512
0.031251
0.095735
0.033956
0.164985
0.013867
0.018230
0.007688
0.118377
0.142315
0.079167
0.016430
0.013253
0.023586
0.005624
0.114802
0.021988
0.022125
0.016922
0.015642
0.031975
0.116099
0.048948
0.073767
0.040786
0.013988
0.016155
0.006399
0.212062
0.052324
0.071270
0.028336
0.025108
0.033247
0.038403
0.172503
0.009460
0.012906
0.030588
0.024220
0.018657
0.124897
0.015711
0.029118
0.019498
0.146254
0.019851
0.083157
0.028103
0.034576
0.025036
0.013341
0.077794
0.030730
0.013849
0.042405
0.127557
0.122726
0.024547
0.413047
0.026486
0.040572
0.020296
0.068259
0.051080
0.037292
0.032975
0.049342
0.014354
0.020895
0.014389
0.014700
0.009760
0.008414
0.258920
0.066195
0.040509
0.030718
0.013461
0.011878
0.044787
0.017600
0.011775
0.127651
0.013508
0.080079
0.051522
0.076256
0.032518
0.022944
0.017086
0.008136
0.014029
0.013966
0.018251
0.149233
0.025907
0.013771
0.029456
0.011381
0.011830
0.050627
0.208212
0.043819
0.017662
0.018521
0.012835
0.012243
0.030597
0.113155
0.030661
0.015647
0.022826
0.027699
0.013555
0.056800
0.080409
0.067245
0.114918
0.025271
0.066316
0.031135
0.020539
0.068471
0.058433
0.020322
0.016305
0.021159
0.015405
0.011090
0.027054
0.114149
0.168249
0.036486
0.042511
0.020063
0.035562
0.125320
0.033546
0.006734
0.014802
0.014984
0.028972
0.020992
0.015863
0.007923
0.168589
0.069967
0.020660
0.025268
0.031200
0.018631
0.022352
0.031095
0.148521
0.019129
0.049672
0.018892
0.075620
0.029599
0.018099
0.094289
0.238176
0.020394
0.025916
0.026424
0.025942
0.017417
0.024483
0.133314
0.019902
0.008487
0.066796
0.014924
0.044433
0.022803
0.011959
0.133322
0.016950
0.013597
0.012115
0.011090
0.093734
0.177997
0.015705
0.021886
0.031396
0.010606
0.012410
0.017694
0.130048
0.025029
0.038435
0.010216
0.033917
0.015714
0.031553
0.098919
0.018666
0.133704
0.083528
0.045337
0.033563
0.134737
0.034370
0.018346
0.018071
0.015832
0.077807
0.013949
0.024513
0.546054
0.164596
0.010465
0.026773
0.034156
0.096335
0.021161
0.009826
0.020585
0.080858
0.025579
0.175407
0.032592
0.024994
0.017617
0.014905
0.104439
0.010979
0.014204
0.034793
0.022468
0.070963
0.009388
0.016186
0.025370
0.110314
0.020071
0.005635
0.014213
0.023245
0.032143
0.016183
0.012300
0.145626
0.028855
0.022636
0.020591
0.045331
0.051034
0.088793
0.025581
0.153639
0.012276
0.015885
0.044450
0.022112
0.025191
0.032023
0.026274
0.012271
0.080859
0.071706
0.093913
0.061484
0.080643
0.031530
0.021759
0.012792
0.036613
0.016214
0.028982
0.109091
0.027953
0.015549
0.120320
0.124139
0.056575
0.024839
0.021382
0.017863
0.035789
0.105172
0.020939
0.019588
0.011144
0.067528
0.011934
0.011588
0.018787
0.241948
0.028969
0.018065
0.178197
0.029647
0.023233
0.031266
0.060587
0.126444
0.018931
0.026419
0.008809
0.019833
0.016440
0.012728
0.087558
0.021208
0.010438
0.037812
0.027378
0.018956
0.027805
0.064812
0.010104
0.032952
0.014455
0.026695
0.012294
0.130463
0.010085
0.015677
0.008745
0.012892
0.015547
0.110521
0.031914
0.021089
0.106210
0.012102
0.136986
0.029814
0.023971
0.014449
0.021441
0.025742
0.015374
0.022965
0.009887
0.031818
0.008585
0.073978
0.056918
0.022662
0.171917
0.019236
0.153087
0.017537
0.042482
0.068346
0.033450
0.022538
0.020770
0.024421
0.011616
0.015595
0.037922
0.014726
0.147868
0.151163
0.039634
0.092316
0.046898
0.025169
0.130253
0.048141
0.035667
0.008936
0.031344
0.114648
0.031538
0.025683
0.084681
0.123258
0.031418
0.093825
0.096059
0.052405
0.111335
0.142457
0.401787
0.079385
0.143317
0.092656
0.019791
0.034459
0.063863
0.047415
0.010958
0.007797
0.016494
0.012541
0.017936
0.013535
0.026933
0.008310
0.037196
0.017715
0.014180
0.010866
0.009735
0.003977
0.015448
0.013170
0.059092
0.010208
0.017109
0.007533
0.067651
0.125933
0.048506
0.010953
0.012109
0.016021
0.033913
0.083808
0.064982
0.118734
0.110848
0.046216
0.144275
0.022932
0.046335
0.034348
0.038625
0.019038
0.019561
0.017634
0.013720
0.006124
0.023232
0.138964
0.033588
0.008375
0.023865
0.053033
0.018400
0.089801
0.064112
0.077605
0.024391
0.039581
0.021541
0.009597
0.022320
0.012951
0.026614
0.028393
0.019069
0.011865
0.058884
0.044222
0.013621
0.013820
0.149521
0.013348
0.023765
0.024576
0.245718
0.073129
0.073500
0.034972
0.048013
0.015158
0.053376
0.115140
0.074139
0.180811
0.019731
0.019599
0.037972
0.069128
0.036014
0.060682
0.022470
0.027427
0.055241
0.032997
0.018654
0.021698
0.009331
0.071298
0.040929
0.034643
0.015491
0.006519
0.005752
0.018639
0.008144
0.014588
0.011607
0.086023
0.021594
0.031611
0.010538
0.007951
0.043263
0.170837
0.115451
0.045621
0.015887
0.210815
0.011942
0.022411
0.023182
0.015165
0.126094
0.032172
0.051638
0.061639
0.017240
0.079409
0.025256
0.059330
0.018773
0.072885
0.024244
0.037866
0.015510
0.012006
0.014831
0.049421
0.138535
0.024231
0.159054
0.045613
0.051291
0.017698
0.015826
0.035998
0.011462
0.100150
0.092568
0.189622
0.067554
0.048489
0.013814
0.069611
0.045545
0.026179
0.010261
0.017979
0.009009
0.019533
0.009113
0.042421
0.051908
0.143710
0.023111
0.036978
0.013041
0.133506
0.016794
0.014498
0.146717
0.027773
0.016402
0.178066
0.073118
0.031368
0.045371
0.105363
0.039560
0.615029
0.048403
0.045735
0.033561
0.015975
0.020595
0.018184
0.012464
0.008546
0.021479
0.051915
0.094546
0.072651
0.115959
0.014218
0.017536
0.023904
0.013945
0.013470
0.045010
0.057483
0.020802
0.017654
0.145454
0.027641
0.017409
0.022045
0.024439
0.021801
0.116084
0.024340
0.061316
0.012797
0.009647
0.124751
0.026413
0.075532
0.149122
0.040006
0.042600
0.026512
0.012954
0.019328
0.028942
0.026074
0.108592
0.032800
0.029607
0.011871
0.016501
0.014553
0.009010
0.044397
0.019054
0.025746
0.015446
0.154059
0.015262
0.023785
0.014299
0.012081
0.132426
0.044055
0.030485
0.020648
0.070475
0.052942
0.012936
0.024206
0.033346
0.016963
0.031817
0.173460
0.015368
0.038968
0.032006
0.036751
0.079755
0.038936
0.016889
0.012267
0.261724
0.036209
0.037371
0.027122
0.021228
0.018365
0.059034
0.018378
0.009869
0.038999
0.008891
0.006888
0.060196
0.075406
0.010976
0.125423
0.029476
0.159041
0.035618
0.012123
0.030753
0.019611
0.012737
0.019921
0.013093
0.015184
0.014521
0.019727
0.017789
0.025935
0.012408
0.012804
0.090533
0.148474
0.013272
0.080025
0.016150
0.098187
0.042459
0.141129
0.119491
0.026186
0.036183
0.027831
0.028383
0.026377
0.030551
0.008485
0.014161
0.077725
0.112735
0.094419
0.139487
0.061296
0.152592
0.020990
0.014099
0.018694
0.029711
0.017116
0.013803
0.013506
0.017709
0.016742
0.015072
0.109876
0.039397
0.211507
0.036982
0.017071
0.024561
0.038914
0.008049
0.092792
0.010990
0.033616
0.146004
0.031431
0.025957
0.097513
0.020210
0.022067
0.031288
0.024424
0.013928
0.014072
0.016892
0.019150
0.019796
0.171807
0.040166
0.015235
0.132456
0.024073
0.035823
0.068581
0.014566
0.020538
0.163135
0.028695
0.017435
0.023245
0.027424
0.017753
0.029687
0.014053
0.012708
0.090240
0.036277
0.021912
0.019763
0.021482
0.113178
0.006209
0.026861
0.105028
0.266260
0.023758
0.639975
0.082596
0.033802
0.026050
0.053189
0.038966
0.042072
0.012376
0.024598
0.053573
0.029101
0.014300
0.026923
0.009254
0.005758
0.019355
0.022715
0.010312
0.048443
0.021417
0.114191
0.138127
0.023357
0.019393
0.049518
0.037788
0.146218
0.121821
0.027806
0.018299
0.034583
0.028466
0.014158
0.027303
0.012592
0.025257
0.019296
0.020709
0.057981
0.014805
0.025506
0.016223
0.013197
0.010764
0.063289
0.151637
0.101420
0.101676
0.021490
0.029676
0.020283
0.111662
0.048606
0.015890
0.011218
0.025214
0.099869
0.037718
0.038750
0.019959
0.037555
0.023631
0.025517
0.142371
0.079526
0.023785
0.042038
0.163325
0.017334
0.014627
0.023505
0.023586
0.028020
0.014100
0.011843
0.052688
0.029559
0.051223
0.008080
0.030678
0.016684
0.023732
0.018774
0.098144
0.012008
0.074705
0.023873
0.017822
0.018933
0.031757
0.012246
0.076333
0.152630
0.015824
0.031075
0.015390
0.051485
0.014922
0.043643
0.082683
0.018400
0.017818
0.020594
0.013670
0.013839
0.020476
0.075769
0.136984
0.019217
0.021320
0.017292
0.127171
0.026345
0.119296
0.006187
0.099383
0.043846
0.153535
0.027310
0.013900
0.131454
0.066205
0.120496
0.051489
0.050038
0.036051
0.031903
0.108548
0.019692
0.025168
0.006369
0.042496
0.025761
0.037204
0.023838
0.132249
0.046952
0.023533
0.014921
0.031298
0.028513
0.011105
0.011975
0.008531
0.008154
0.008915
0.019465
0.002819
0.145121
0.036200
0.031508
0.041588
0.013487
0.113738
0.022799
0.020194
0.025426
0.045043
0.019342
0.007398
0.105739
0.017882
0.154292
0.103221
0.030419
0.014760
0.099405
0.020086
0.178079
0.018388
0.018333
0.014999
0.019827
0.017538
0.018486
0.037137
0.112997
0.105940
0.021198
0.019689
0.165414
0.085253
0.023542
0.007333
0.045980
0.030716
0.017967
0.016458
0.070662
0.036314
0.011574
0.009041
0.107954
0.022074
0.008686
0.009559
0.092511
0.012246
0.015371
0.024619
0.399898
0.056575
0.028059
0.042697
0.022885
0.026197
0.115997
0.034259
0.047505
0.016854
0.011600
0.031101
0.016398
0.014343
0.159335
0.802037
0.043224
0.051369
0.033621
0.019786
0.058267
0.036975
0.138506
0.069220
0.019655
0.076903
0.017804
0.049027
0.026611
0.030634
0.009094
0.016251
0.016086
0.107087
0.018343
0.043354
0.010062
0.017221
0.007533
0.019123
0.013814
0.006922
0.041840
0.043660
0.028969
0.016133
0.015265
0.013686
0.019518
0.007933
0.111447
0.044759
0.155741
0.047806
0.120174
0.152747
0.022655
0.016577
0.080162
0.026480
0.053579
0.026179
0.010653
0.015481
0.006575
0.020126
0.014628
0.013299
0.125744
0.026436
0.027307
0.112282
0.033143
0.033730
0.032296
0.135990
0.031972
0.027187
0.018981
0.132828
0.019443
0.019461
0.028413
0.011706
0.009155
0.016850
0.021179
0.025997
0.011005
0.055012
0.035703
0.026866
0.059294
0.026969
0.014615
0.022636
0.159308
0.095636
0.163243
0.112042
0.038948
0.040709
0.021296
0.016722
0.016517
0.069196
0.043497
0.044312
0.030086
0.009596
0.007098
0.015119
0.018917
0.014533
0.063654
0.015236
0.072506
0.116902
0.029546
0.012016
0.085928
0.009447
0.097116
0.021637
0.021145
0.072405
0.133759
0.025471
0.053898
0.026039
0.012747
0.018294
0.011525
0.018761
0.021482
0.009540
0.016738
0.167821
0.027761
0.046317
0.049621
0.109077
0.013314
0.015301
0.018869
0.018837
0.016224
0.051356
0.038328
0.022908
0.009694
0.019244
0.089197
0.114069
0.018146
0.029561
0.074957
0.157617
0.015345
0.035512
0.008775
0.127552
0.029685
0.124321
0.034749
0.044908
0.023996
0.049635
0.014264
0.023943
0.007959
0.013274
0.025217
0.008656
0.109321
0.126914
0.039345
0.097162
0.028691
0.054081
0.011568
0.044987
0.173995
0.024230
0.021186
0.019415
0.049347
0.012237
0.024732
0.018168
0.015922
0.010717
0.093041
0.141194
0.170372
0.019344
0.056718
0.071793
0.073733
0.136068
0.072335
0.020980
0.119126
0.018594
0.044915
0.020825
0.028531
0.029920
0.076506
0.159549
0.075721
0.044019
0.021651
0.022143
0.140090
0.015355
0.009580
0.040082
0.008858
0.015763
0.017264
0.025215
0.027357
0.067102
0.016729
0.035074
0.098469
0.046131
0.023006
0.010854
0.149047
0.038259
0.019234
0.251933
0.015609
0.055730
0.036185
0.019308
0.097476
0.024442
0.030527
0.184292
0.024048
0.011707
0.084882
0.016262
0.011558
0.017241
0.014892
0.022889
0.063378
0.008765
0.020087
0.144467
0.036909
0.025332
0.050453
0.018303
0.037401
0.099791
0.029018
0.015579
0.082856
0.042977
0.244009
0.942470
0.097580
0.020697
0.018882
0.051390
0.030851
0.090284
0.036225
0.081865
0.039939
0.066275
0.017160
0.017754
0.013700
0.026047
0.016736
0.015326
0.024151
0.022785
0.005464
0.062939
0.019686
0.012117
0.007076
0.027808
0.021978
0.145317
0.103882
0.015303
0.036874
0.061425
0.044645
0.109566
0.034332
0.010669
0.015467
0.028883
0.009068
0.016946
0.224885
0.078138
0.040681
0.035708
0.023225
0.073762
0.029294
0.236209
0.029061
0.077810
0.017099
0.035884
0.020428
0.101687
0.026383
0.066659
0.010280
0.025301
0.020936
0.014709
0.034143
0.011844
0.053188
0.061245
0.016289
0.014259
0.029502
0.017387
0.021604
0.117020
0.022636
0.014997
0.032759
0.163302
0.006980
0.020289
0.029214
0.018055
0.116321
0.023165
0.082848
0.063033
0.036519
0.026812
0.018695
0.036288
0.024408
0.062890
0.108352
0.036627
0.014992
0.022379
0.029657
0.013348
0.043255
0.017101
0.116944
0.020532
0.031384
0.017433
0.030229
0.016275
0.129464
0.072750
0.019304
0.022243
0.011154
0.012637
0.128365
0.043501
0.026318
0.009264
0.016992
0.168483
0.017263
0.020355
0.045557
0.023254
0.082695
0.014586
0.057486
0.012429
0.018310
0.022252
0.033310
0.013166
0.074854
0.125712
0.018520
0.285667
0.042783
0.149085
0.023854
0.024048
0.018472
0.021563
0.018445
0.025446
0.018807
0.014254
0.039748
0.136642
0.016443
0.015243
0.018797
0.054380
0.009222
0.020223
0.024095
0.028263
0.076053
0.130893
0.017920
0.032855
0.026661
0.013572
0.012337
0.006327
0.165532
0.016030
0.027594
0.028512
0.020682
0.020820
0.025404
0.008601
0.012732
0.243592
0.033553
0.170194
0.029669
0.022638
0.027380
0.037838
0.013142
0.011701
0.272090
0.041105
0.027076
0.019028
0.033038
0.026656
0.022337
0.034996
0.027680
0.010479
0.081272
0.023906
0.014305
0.103821
0.026909
0.239288
0.025475
0.018801
0.032487
0.035162
0.022323
0.010940
0.030917
0.020308
0.030358
0.024818
0.030495
0.144260
0.018570
0.152882
0.057736
0.066327
0.029230
0.028567
0.094829
0.017624
0.022975
0.019321
0.016541
0.021062
0.088606
0.041332
0.053139
0.037175
0.015013
0.030556
0.019145
0.094512
0.027727
0.025280
0.047015
0.159105
0.023180
0.033704
0.115637
0.017518
0.233303
0.053210
0.028264
0.025543
0.022979
0.166385
0.031751
0.019922
0.031906
0.013522
0.013885
0.046391
0.022905
0.029517
0.011147
0.025517
0.233469
0.063684
0.147990
0.152376
0.024268
0.019240
0.174488
0.056835
0.020616
0.024328
0.013096
0.112240
0.044106
0.027452
0.021688
0.056207
0.077929
0.017227
0.017800
0.034850
0.012246
0.010558
0.107036
0.049469
0.009745
0.026109
0.016518
0.056991
0.021241
0.100029
0.155594
0.176299
0.025890
0.036191
0.007068
0.097703
0.113300
0.015478
0.595113
0.037099
0.075246
0.030360
0.031756
0.021067
0.072896
0.034677
0.114931
0.023993
0.010661
0.045355
0.138219
0.037635
0.021107
0.017179
0.042812
0.013329
0.009046
0.046697
0.061747
0.202129
0.116040
0.034038
0.012712
0.017948
0.044501
0.028304
0.012273
0.010803
0.015032
0.007065
0.020009
0.010158
0.060781
0.038008
0.149799
0.010512
0.023350
0.047192
0.175409
0.030163
0.026747
0.015514
0.057520
0.105919
0.011432
0.024471
0.027024
0.022106
0.089151
0.016657
0.013834
0.020384
0.024285
0.023128
0.018892
0.013344
0.014805
0.121719
0.191945
0.046261
0.010595
0.013423
0.017180
0.023782
0.005192
0.017080
0.058293
0.170191
0.077542
0.039484
0.070137
0.014004
0.011203
0.007544
0.016647
0.011191
0.031656
0.008911
0.132806
0.141263
0.094358
0.021317
0.106349
0.025329
0.019225
0.013867
0.039839
0.023590
0.028543
0.014306
0.039247
0.029113
0.008781
0.014159
0.011745
0.025433
0.011358
0.008921
0.049571
0.011635
0.011797
0.038857
0.020228
0.086560
0.019949
0.170899
0.148116
0.019594
0.021659
0.024748
0.086984
0.019557
0.070019
0.027914
0.124758
0.037754
0.108170
0.066504
0.024823
0.024285
0.040575
0.103513
0.034204
0.023044
0.015241
0.127395
0.150640
0.036048
0.031724
0.025846
0.026159
0.081172
0.098718
0.028189
0.155184
0.052847
0.042205
0.021970
0.059868
0.031580
0.029708
0.014349
0.008221
0.010950
0.014946
0.009861
0.027503
0.010901
0.137262
0.012501
0.010254
0.093310
0.038385
0.105321
0.031537
0.097117
0.126578
0.041872
0.017831
0.103426
0.078738
0.025472
0.027296
0.016863
0.015955
0.030714
0.006300
0.013419
0.020051
0.041814
0.029843
0.039290
0.012009
0.195443
0.010139
0.024612
0.019600
0.221639
0.159492
0.014497
0.034813
0.017523
0.077309
0.034533
0.033788
0.009350
0.042110
0.058365
0.018393
0.021546
0.010301
0.023327
0.030863
0.015031
0.015448
0.006734
0.150735
0.020711
0.026467
0.094778
0.024976
0.027768
0.037904
0.110985
0.007425
0.023840
0.023724
0.032838
0.056831
0.011119
0.020918
0.020299
0.256170
0.089715
0.023662
0.026414
0.087861
0.042734
0.096351
0.120842
0.156384
0.031536
0.037424
0.045975
0.031173
0.007631
0.021916
0.034177
0.021421
0.022649
0.024026
0.019052
0.059379
0.016158
0.021281
0.209092
0.197405
0.184159
0.121120
0.077433
0.068940
0.045440
0.126325
0.023881
0.011543
0.021445
0.041429
0.068528
0.016760
0.014433
0.026075
0.034977
0.011142
0.022240
0.010179
0.027463
0.008870
0.024612
0.018784
0.029458
0.003419
0.011351
0.017848
0.026545
0.011436
0.005756
0.018918
0.111790
0.094578
0.235838
0.056551
0.162189
0.047811
0.019317
0.199824
0.013090
0.139978
0.032078
0.055783
0.063534
0.031034
0.026471
0.025446
0.006482
0.013959
0.015243
0.013966
0.005317
0.154076
0.020128
0.137093
0.150185
0.020418
0.010607
0.027925
0.016582
0.104143
0.107599
0.018666
0.047647
0.022021
0.873769
0.039611
0.034620
0.030484
0.101955
0.052921
0.012723
0.040293
0.091954
0.107558
0.131666
0.011650
0.013237
0.041847
0.130715
0.013048
0.014623
0.026690
0.013964
0.016782
0.021280
0.009909
0.006354
0.136768
0.055830
0.024199
0.048968
0.056616
0.187306
0.039039
0.018980
0.109702
0.018859
0.010366
0.058123
0.025105
0.008990
0.017111
0.010670
0.010922
0.156348
0.018079
0.079639
0.025928
0.008838
0.015794
0.258356
0.056034
0.030845
0.021604
0.030382
0.015720
0.014774
0.020460
0.016874
0.040715
0.026868
0.038679
0.013870
0.012566
0.125223
0.021652
0.074663
0.031363
0.036330
0.079371
0.025360
0.014779
0.012085
0.020463
0.150326
0.024881
0.012822
0.109922
0.049774
0.025722
0.010338
0.028112
0.035374
0.185380
0.086897
0.023370
0.058380
0.049671
0.058059
0.039242
0.024409
0.013796
0.139054
0.013225
0.018410
0.071182
0.024996
0.028475
0.016770
0.023920
0.010029
0.019307
0.009971
0.012428
0.015620
0.009486
0.123326
0.060929
0.033194
0.035195
0.020232
0.085922
0.030496
0.011487
0.163157
0.012630
0.082068
0.021389
0.025527
0.150860
0.039482
0.015752
0.019649
0.074961
0.021132
0.023573
0.094831
0.044773
0.016261
0.051627
0.027298
0.059215
0.022758
0.018432
0.025508
0.022187
0.049330
0.020677
0.013227
0.009058
0.014388
0.015388
0.232059
0.029346
0.021608
0.035017
0.022363
0.048304
0.007784
0.066597
0.045270
0.242431
0.035257
0.048728
0.086879
0.026344
0.143078
0.024887
0.038728
0.016228
0.133028
0.037112
0.044202
0.149578
0.022930
0.147341
0.119638
0.056152
0.011096
0.035289
0.028911
0.012177
0.009436
0.036175
0.013020
0.087853
0.023910
0.023930
0.005666
0.166102
0.049866
0.014639
0.016032
0.048585
0.015901
0.009387
0.017308
0.015717
0.021283
0.010158
0.177264
0.025066
0.016169
0.018906
0.040105
0.023662
0.010057
0.168404
0.033304
0.028624
0.100802
0.223390
0.036114
0.025417
0.012797
0.138560
0.026288
0.047920
0.016235
0.021532
0.060106
0.040284
0.016294
0.046191
0.058593
0.045200
0.027185
0.004153
0.031494
0.325898
0.030707
0.026530
0.022525
0.019338
0.018233
0.031208
0.009030
0.009890
0.025093
0.032251
0.018605
0.089352
0.026800
0.024305
0.004866
0.018694
0.010267
0.186526
0.110737
0.025560
0.113905
0.033953
0.023944
0.154158
0.017944
0.030446
0.025414
0.011770
0.037503
0.058296
0.103828
0.029182
0.016335
0.133583
0.211677
0.055679
0.044649
0.044493
0.034542
0.015384
0.015497
0.009226
0.023592
0.101197
0.022544
0.017984
0.141396
0.050544
0.026711
0.030311
0.129943
0.025666
0.013913
0.017144
0.120603
0.173228
0.011583
0.020884
0.032085
0.060934
0.029867
0.021827
0.024757
0.154464
0.018014
0.026106
0.055846
0.023087
0.097933
0.146638
0.017569
0.103802
0.090696
0.037843
0.014001
0.011555
0.073820
0.018529
0.022955
0.023441
0.105250
0.020094
0.021671
0.206944
0.033340
0.031599
0.075553
0.066786
0.033159
0.020051
0.115210
0.112809
0.021852
0.023224
0.014837
0.032078
0.106252
0.029450
0.019313
0.017581
0.153525
0.035839
0.139351
0.043124
0.023191
0.015930
0.560367
0.059969
0.044978
0.046217
0.042190
0.167641
0.068201
0.031575
0.026584
0.018207
0.092582
0.148929
0.034623
0.023646
0.018511
0.065652
0.062036
0.012104
0.125636
0.025153
0.030653
0.013136
0.007616
0.006064
0.011232
0.010803
0.123450
0.049891
0.049561
0.023913
0.070849
0.125708
0.038641
0.030553
0.008444
0.043169
0.009126
0.021123
0.016940
0.078199
0.077733
0.018574
0.102462
0.024388
0.145654
0.046966
0.024830
0.016650
0.024721
0.013210
0.008766
0.023620
0.011611
0.059580
0.048059
0.026200
0.018256
0.012066
0.009235
0.035562
0.032660
0.075354
0.019768
0.011627
0.060551
0.061611
0.012160
0.088887
0.023345
0.131682
0.072020
0.018397
0.144119
0.015251
0.090680
0.066748
0.081748
0.018414
0.025479
0.011989
0.020369
0.024479
0.023645
0.012574
0.031853
0.017063
0.015848
0.010823
0.012704
0.007218
0.074135
0.048533
0.069282
0.021734
0.044045
0.020019
0.016376
0.009217
0.020945
0.010165
0.019912
0.145976
0.157934
0.030607
0.019759
0.076785
0.063350
0.024795
0.138737
0.016664
0.087913
0.045625
0.025603
0.034218
0.015217
0.014676
0.024938
0.139298
0.008129
0.019566
0.028415
0.026098
0.130756
0.021635
0.121399
0.042225
0.012860
0.151945
0.032617
0.032078
0.029965
0.058071
0.129783
0.016584
0.007257
0.022284
0.083691
0.014902
0.030608
0.018183
0.088334
0.016663
0.021308
0.042935
0.143165
0.024438
0.011006
0.013219
0.036095
0.090730
0.024349
0.015289
0.034831
0.164078
0.023977
0.025550
0.018406
0.034897
0.015663
0.037167
0.027893
0.033626
0.097958
0.244514
0.117992
0.029080
0.018653
0.016439
0.033866
0.016036
0.018473
0.021146
0.039334
0.217372
0.033762
0.181858
0.012954
0.041625
0.024653
0.024484
0.024367
0.019016
0.028446
0.017368
0.011649
0.104927
0.107495
0.054174
0.033191
0.012090
0.018220
0.094506
0.132404
0.040723
0.031538
0.024705
0.015206
0.017049
0.029164
0.046378
0.121120
0.041793
0.021498
0.010494
0.016640
0.019334
0.080112
0.011199
0.084560
0.030961
0.082928
0.025128
0.011440
0.029270
0.013159
0.133667
0.021712
0.019998
0.026476
0.024538
0.076921
0.033461
0.016405
0.182725
0.157948
0.031597
0.049625
0.030757
0.147403
0.039079
0.021101
0.024208
0.198339
0.047318
0.011715
0.011359
0.023023
0.023103
0.028327
0.016364
0.027111
0.096586
0.435289
0.082722
0.031198
0.036271
0.025818
0.020964
0.030774
0.013652
0.019631
0.019810
0.030241
0.077270
0.040498
0.028287
0.028072
0.145262
0.025721
0.016508
0.025460
0.018663
0.040066
0.019021
0.005344
0.013816
0.021989
0.006845
0.148364
0.131067
0.017253
0.117778
0.030558
0.026048
0.174796
0.121617
0.024875
0.108073
0.049633
0.013488
0.021036
0.017907
0.013487
0.019091
0.028152
0.018091
0.237772
0.014055
0.035452
0.054222
0.015936
0.012715
0.025632
0.038090
0.054110
0.120041
0.027386
0.013803
0.013698
0.011805
0.020622
0.312486
0.133988
0.019914
0.023256
0.105410
0.041847
0.015260
0.018768
0.016294
0.105628
0.019638
0.020934
0.096837
0.088883
0.036938
0.023595
0.138121
0.028918
0.033625
0.011342
0.014257
0.018773
0.143397
0.059000
0.016580
0.017434
0.035971
0.020043
0.030568
0.012568
0.015183
0.187000
0.168174
0.023730
0.016883
0.120595
0.010236
0.029154
0.027214
0.030624
0.610158
0.127424
0.059903
0.034186
0.067407
0.029357
0.068629
0.235671
0.181148
0.054645
0.072972
0.053590
0.014679
0.018085
0.023543
0.024164
0.027013
0.028342
0.013413
0.018956
0.025815
0.025397
0.008103
0.016866
0.023011
0.030139
0.007016
0.016229
0.080485
0.077248
0.021023
0.011746
0.007551
0.016273
0.025185
0.012080
0.012129
0.139387
0.050185
0.026407
0.043451
0.055966
0.042378
0.015218
0.031164
0.011806
0.017424
0.035647
0.014473
0.077438
0.273587
0.076700
0.008400
0.029648
0.027502
0.009311
0.030544
0.017084
0.050577
0.112438
0.020798
0.015259
0.027274
0.022274
0.147977
0.038993
0.015045
0.012032
0.014063
0.012496
0.136893
0.053258
0.023262
0.025824
0.012783
0.012896
0.024711
0.288237
0.070224
0.038787
0.034810
0.029484
0.034171
0.144495
0.032997
0.011209
0.040110
0.015964
0.028049
0.007968
0.065974
0.083426
0.025603
0.025754
0.011473
0.015523
0.124273
0.024430
0.030021
0.068113
0.083185
0.239095
0.033636
0.016509
0.025591
0.060829
0.037727
0.023975
0.019010
0.030389
0.033631
0.076325
0.008564
0.013744
0.010252
0.032224
0.052463
0.005478
0.012523
0.015330
0.071320
0.020549
0.091403
0.030511
0.027201
0.020360
0.139781
0.010880
0.013159
0.024073
0.162876
0.026931
0.031233
0.076933
0.119972
0.125588
0.032556
0.023116
0.006992
0.028432
0.023989
0.020023
0.022367
0.010905
0.009743
0.029275
0.013979
0.046911
0.069577
0.124884
0.036214
0.022730
0.013426
0.145458
0.038014
0.045476
0.010374
0.139651
0.022508
0.018811
0.023166
0.016598
0.294815
0.092828
0.042672
0.019730
0.053206
0.018968
0.016816
0.023551
0.142971
0.157663
0.022831
0.161296
0.013703
0.036266
0.017660
0.024537
0.101258
0.072217
0.028136
0.027811
0.014651
0.012946
0.015753
0.033725
0.024130
0.110341
0.019551
0.009611
0.008409
0.233490
0.020743
0.017443
0.048630
0.017001
0.015586
0.097425
0.108830
0.019105
0.018870
0.022564
0.011953
0.012370
0.138005
0.011307
0.094796
0.056418
0.019565
0.009002
0.014772
0.027552
0.175452
0.027709
0.029666
0.131087
0.017358
0.032194
0.140935
0.057278
0.039679
0.022041
0.019001
0.096261
0.009387
0.021401
0.099614
0.033546
0.015357
0.026266
0.238548
0.040252
0.024268
0.022700
0.157014
0.019508
0.021841
0.023865
0.011142
0.028731
0.154616
0.017498
0.040970
0.096903
0.027274
0.012717
0.040709
0.038917
0.068981
0.049296
0.026839
0.169714
0.046701
0.025635
0.116205
0.012628
0.020764
0.010013
0.008709
0.020871
0.020493
0.012731
0.022584
0.027493
0.015572
0.315461
0.133881
0.049263
0.024997
0.101525
0.024486
0.051234
0.050798
0.060926
0.030302
0.016155
0.019167
0.036903
0.013544
0.094869
0.096671
0.054525
0.079223
0.151704
0.008981
0.168973
0.040594
0.019777
0.018977
0.029480
0.057165
0.142135
0.049716
0.009182
0.023680
0.017477
0.024604
0.160872
0.023957
0.019628
0.015109
0.018249
0.033783
0.153023
0.015001
0.017364
0.018876
0.051519
0.158449
0.144147
0.243270
0.023194
0.047635
0.024869
0.019686
0.033173
0.258797
0.028309
0.027634
0.029852
0.059574
0.010714
0.008012
0.029464
0.009096
0.019400
0.014552
0.125602
0.014655
0.015342
0.022543
0.028955
0.041923
0.022938
0.016222
0.012364
0.012020
0.117127
0.024577
0.009689
0.022723
0.025264
0.084327
0.203545
0.175418
0.285594
0.060930
0.026891
0.064998
0.033953
0.133621
0.048280
0.028247
0.020763
0.015276
0.019967
0.019046
0.013394
0.013778
0.024029
0.036474
0.525141
0.037611
0.055633
0.025147
0.141586
0.017752
0.016925
0.026084
0.053585
0.013801
0.026061
0.055728
0.084563
0.087371
0.043859
0.054236
0.018647
0.014984
0.065266
0.050139
0.188076
0.032726
0.020454
0.120173
0.031504
0.031513
0.010648
0.012025
0.009208
0.037841
0.014859
0.007980
0.018359
0.073692
0.101138
0.046637
0.070232
0.037470
0.030648
0.012976
0.143925
0.042960
0.010602
0.028694
0.018479
0.016174
0.007154
0.128588
0.016353
0.004585
0.101013
0.015736
0.027661
0.111653
0.034446
0.009600
0.057722
0.017264
0.068653
0.060259
0.052087
0.015572
0.011579
0.011258
0.019797
0.024729
0.089330
0.006429
0.012913
0.013170
0.098440
0.028243
0.008293
0.017733
0.015138
0.012472
0.019853
0.146920
0.018884
0.014265
0.239646
0.030979
0.053673
0.031980
0.022060
0.013865
0.066668
0.025590
0.084081
0.021723
0.038714
0.014711
0.019693
0.018325
0.009504
0.019222
0.026508
0.132760
0.224324
0.037063
0.050573
0.019027
0.015817
0.021404
0.071797
0.028104
0.010571
0.113891
0.028907
0.041915
0.029718
0.041504
0.221227
0.053827
0.021281
0.012699
0.021851
0.075903
0.112266
0.159181
0.038870
0.032709
0.025363
0.152485
0.035521
0.021137
0.011636
0.015772
0.067093
0.087006
0.014515
0.021939
0.022413
0.009769
0.016069
0.019388
0.005006
0.018516
0.014968
0.023405
0.039990
0.013843
0.010605
0.027856
0.191796
0.024224
0.018809
0.078372
0.141290
0.027519
0.065921
0.023887
0.015860
0.023027
0.026732
0.023486
0.014770
0.010965
0.010802
0.147293
0.033718
0.163698
0.017783
0.025276
0.022952
0.024481
0.090674
0.036189
0.209497
0.023547
0.038989
0.040704
0.011363
0.036109
0.019391
0.134303
0.023322
0.084311
0.030495
0.097010
0.099589
0.035146
0.153140
0.055207
0.036895
0.012456
0.034448
0.010620
0.018043
0.020351
0.015059
0.022744
0.033871
0.013667
0.019009
0.043150
0.065470
0.026721
0.020857
0.003525
0.142466
0.014464
0.107078
0.012980
0.065102
0.024864
0.015599
0.007897
0.014141
0.204399
0.095076
0.009517
0.218995
0.027328
0.015845
0.016839
0.025439
0.037129
0.019496
0.019956
0.110562
0.037643
0.019990
0.088471
0.118019
0.043565
0.019390
0.011013
0.013403
0.098483
0.089316
0.101503
0.081914
0.031672
0.013025
0.135423
0.014044
0.019690
0.031368
0.048854
0.008974
0.009991
0.280075
0.022193
0.020250
0.067587
0.081175
0.018493
0.020219
0.048580
0.022945
0.036645
0.019347
0.101868
0.081689
0.019542
0.017044
0.148009
0.147944
0.063684
0.022685
0.041397
0.015012
0.028034
0.100513
0.026012
0.019712
0.140980
0.025376
0.030973
0.027966
0.013392
0.020255
0.095123
0.076353
0.022105
0.021613
0.023660
0.016987
0.021785
0.194935
0.088254
0.018942
0.046913
0.088508
0.013578
0.013516
0.053621
0.035705
0.023780
0.145188
0.025445
0.022046
0.036962
0.013489
0.034017
0.017986
0.028228
0.013922
0.011326
0.014998
0.031993
0.057373
0.013613
0.013298
0.196386
0.012209
0.223881
0.030567
0.021781
0.026519
0.018371
0.016952
0.022762
0.022235
0.017024
0.009486
0.119780
0.015168
0.018742
0.054638
0.181497
0.105586
0.120249
0.201284
0.030957
0.025898
0.030128
0.096963
0.018462
0.149845
0.026237
0.018852
0.040638
0.067856
0.027744
0.143406
0.096127
0.018440
0.016552
0.010860
0.041436
0.143315
0.158107
0.046150
0.021911
0.032046
0.029451
0.016913
0.114641
0.154576
0.028946
0.031897
0.038241
0.016365
0.021763
0.010353
0.033780
0.152524
0.024642
0.032564
0.017135
0.049079
0.012539
0.115972
0.021846
0.029411
0.010323
0.017310
0.026128
0.022841
0.078639
0.186485
0.034468
0.009178
0.044141
0.015121
0.012255
0.170693
0.015848
0.629109
0.054197
0.046337
0.061073
0.050570
0.024016
0.099065
0.024912
0.086752
0.026219
0.015669
0.180203
0.039233
0.080608
0.030829
0.031613
0.020535
0.134766
0.150736
0.016044
0.028845
0.042420
0.027343
0.039681
0.006480
0.007236
0.007120
0.019657
0.095202
0.021466
0.023268
0.013686
0.022869
0.124127
0.024816
0.017548
0.091409
0.040129
0.039998
0.014631
0.130324
0.038895
0.014197
0.034072
0.027040
0.014660
0.018179
0.020328
0.063727
0.014834
0.013290
0.021243
0.006002
0.018150
0.007577
0.084079
0.017283
0.187240
0.046904
0.023980
0.051298
0.019744
0.141861
0.053528
0.075371
0.009793
0.037176
0.005385
0.137298
0.009971
0.020449
0.028077
0.018406
0.073600
0.021962
0.141685
0.097639
0.020746
0.027762
0.019288
0.115384
0.024906
0.141197
0.014174
0.016235
0.062925
0.034561
0.044609
0.013468
0.015274
0.019949
0.024801
0.063233
0.023231
0.011617
0.007117
0.036786
0.029196
0.006040
0.016665
0.140863
0.061972
0.030675
0.029499
0.154276
0.027180
0.015090
0.021724
0.014864
0.012562
0.121690
0.050413
0.030554
0.070068
0.012311
0.036356
0.029846
0.007144
0.017465
0.019240
0.022150
0.096613
0.126970
0.032917
0.019160
0.016085
0.057853
0.020419
0.150235
0.022175
0.027275
0.028236
0.158133
0.056457
0.012718
0.020581
0.086978
0.011776
0.008561
0.025963
0.032939
0.120647
0.140222
0.038155
0.029151
0.073953
0.039512
0.091138
0.040603
0.027842
0.010821
0.012524
0.025823
0.014292
0.026101
0.016803
0.021708
0.016022
0.005373
0.054811
0.075005
0.036128
0.011769
0.162716
0.029789
0.296422
0.028668
0.065712
0.021355
0.142931
0.076545
0.043882
0.033892
0.016872
0.028017
0.026559
0.079808
0.031861
0.021537
0.024338
0.020088
0.027388
0.126875
0.017397
0.030884
0.180482
0.023887
0.022534
0.027491
0.012450
0.140491
0.140619
0.108751
0.082761
0.032605
0.024152
0.046389
0.017198
0.031246
0.017613
0.010503
0.009152
0.029927
0.019465
0.065369
0.017400
0.004882
0.008380
0.007213
0.139332
0.023642
0.028279
0.010361
0.019043
0.006681
0.017501
0.035010
0.017445
0.061336
0.017860
0.008277
0.023447
0.040857
0.010774
0.008602
0.017316
0.118942
0.112443
0.023573
0.028650
0.114587
0.145294
0.129169
0.031439
0.180999
0.046209
0.035725
0.028220
0.008879
0.156670
0.019830
0.026116
0.029038
0.029055
0.019000
0.018162
0.097081
0.048974
0.015099
0.166965
0.114431
0.023464
0.014075
0.097796
0.040232
0.019848
0.024920
0.031291
0.156976
0.092172
0.014416
0.020908
0.025466
0.019809
0.021980
0.043462
0.026689
0.160615
0.023779
0.023086
0.093626
0.181267
0.019597
0.018671
0.098419
0.119143
0.032041
0.011553
0.014710
0.015133
0.041497
0.011836
0.087970
0.035706
0.034705
0.056839
0.135450
0.057626
0.016054
0.023897
0.153780
0.006017
0.020254
0.032911
0.017267
0.017281
0.015938
0.013025
0.101632
0.020668
0.012933
0.288560
0.013237
0.038772
0.089645
0.010696
0.022525
0.018201
0.013317
0.026619
0.033798
0.012756
0.101674
0.020055
0.025760
0.023492
0.023075
0.045130
0.344764
0.188102
0.173601
0.017117
0.018575
0.028030
0.101372
0.031974
0.021144
0.010628
0.039148
0.172482
0.016518
0.268964
0.026854
0.030358
0.031183
0.024378
0.025920
0.107675
0.022194
0.076201
0.027869
0.049710
0.017921
0.104623
0.007069
0.084724
0.012742
0.010042
0.113174
0.031697
0.053751
0.037606
0.010935
0.015996
0.117805
0.028326
0.303065
0.029014
0.035954
0.019213
0.021548
0.039262
0.021388
0.015151
0.017225
0.024374
0.086549
0.089904
0.005318
0.013835
0.133550
0.171630
0.030226
0.042486
0.116430
0.009006
0.021574
0.013739
0.033694
0.012968
0.173627
0.040093
0.014051
0.142617
0.015397
0.104251
0.098769
0.032654
0.012549
0.162890
0.121142
0.051941
0.147153
0.025784
0.036924
0.027317
0.035192
0.017274
0.018729
0.025031
0.032092
0.488815
0.070836
0.076757
0.025675
0.030221
0.015235
0.032869
0.034216
0.014044
0.227426
0.024993
0.113798
0.039965
0.029319
0.041982
0.104969
0.027757
0.028472
0.030284
0.014368
0.026310
0.047305
0.060746
0.030194
0.023206
0.014371
0.031421
0.074166
0.010869
0.017591
0.237557
0.037647
0.030323
0.034868
0.011367
0.205118
0.016214
0.023258
0.026309
0.029605
0.010334
0.037882
0.056414
0.023711
0.020646
0.087811
0.034994
0.054015
0.018160
0.031076
0.058482
0.018293
0.016464
0.095510
0.058256
0.014366
0.151684
0.042060
0.021923
0.148221
0.028469
0.018175
0.060335
0.024479
0.020498
0.026585
0.109903
0.036436
0.028773
0.039353
