2.269205
2.571349
2.078580
1.830438
2.298567
2.228450
2.384682
1.774552
1.622521
2.189567
1.750389
1.656348
2.206264
2.116215
1.875932
1.347267
1.743806
1.791250
1.546834
1.563332
1.639237
1.939437
1.659882
1.508067
1.934108
1.748259
1.964668
1.509760
1.660835
1.647993
1.045540
1.711760
1.124441
1.639080
2.060396
1.412569
1.696455
1.115729
0.983268
1.090932
1.453202
1.628989
1.186577
1.123373
1.169240
1.005594
0.769020
1.313269
1.243014
1.655718
1.181946
0.987248
1.043634
1.307677
0.718977
1.074641
0.708750
0.618889
1.574715
1.755807
2.222788
0.998593
0.875343
0.870648
0.889476
1.181836
0.796363
1.060891
0.966048
1.051358
0.928584
1.123608
0.872899
0.749395
0.968956
1.734541
1.743464
1.305643
0.774066
1.079272
0.705323
0.903561
1.004460
1.347213
1.141296
0.720813
0.785562
0.787080
1.094046
0.779124
0.650151
1.547366
1.041181
0.585891
0.875295
0.478611
0.929763
1.014207
1.004045
1.557030
1.651540
0.820685
0.582835
1.024912
0.603906
0.938348
0.962427
1.077762
0.495472
0.607907
0.562550
0.854050
0.778034
0.756036
0.671676
0.833438
0.722269
0.799575
0.884727
0.911562
0.555199
0.659485
0.667483
0.926484
0.603131
0.502978
0.623380
0.542258
0.575428
0.803880
0.488498
0.523965
0.736488
0.798506
0.808372
0.632952
0.578218
0.868286
0.505736
0.534174
0.608678
0.595956
0.571248
0.630801
0.477044
0.743748
0.452754
0.683435
0.606018
0.571845
0.497901
0.362398
0.620181
0.435365
0.681585
0.407270
0.430600
0.366284
0.575444
0.513221
0.449217
0.658017
1.007052
0.849125
0.723621
0.597825
0.619662
0.480576
0.376393
0.497737
0.584880
0.675217
0.621379
0.629092
0.504183
0.550937
0.403551
0.468087
0.366310
0.669237
0.475752
0.372146
0.472655
0.531022
0.756337
0.215177
0.368360
0.530039
0.367391
0.452890
0.548172
0.519795
0.407265
0.306918
0.557318
0.257112
0.494492
0.906574
0.792333
0.541535
0.514246
0.461635
0.586902
0.387283
0.403778
0.382361
0.296292
0.336636
0.370809
0.455786
0.460368
0.553306
0.307582
0.529609
0.379919
0.496481
0.489500
0.530827
0.765448
0.278471
0.223937
0.403253
0.578688
0.278227
0.463602
0.300836
0.367639
0.193575
0.526316
0.644410
0.674135
0.428382
0.218156
0.277838
0.336682
0.326633
0.153867
0.538821
0.300529
0.257704
0.315728
0.284833
0.430890
0.231450
0.279704
0.208840
0.340093
0.410014
0.357243
0.591553
0.155362
0.311123
0.194522
0.520808
0.258697
0.201932
0.554333
0.423056
0.491112
0.335862
0.147414
0.429522
0.186138
0.210551
0.405545
0.218088
0.525710
0.621453
0.459261
0.392135
0.325246
0.389460
0.317190
0.199075
0.255015
0.408841
0.293867
0.369167
0.223512
0.364983
0.759947
0.377684
0.218388
0.196366
0.188826
0.398564
0.371787
0.180946
0.282876
0.481186
0.394335
0.239993
0.229488
0.362364
0.249200
0.404292
0.230259
0.231540
0.448871
0.264758
0.313109
0.208732
0.332355
0.168958
0.385671
0.279659
0.144760
0.530133
0.242695
0.452332
0.518813
0.188253
0.295460
0.243761
0.334097
0.206215
0.111672
0.653842
0.115119
0.082492
0.614917
0.209666
0.278192
0.189721
0.193830
0.462804
0.283247
0.288182
0.359779
0.377628
0.256565
0.537983
0.555787
0.255023
0.249244
0.354885
0.371369
0.239643
0.251003
0.151298
0.475227
0.273209
0.254325
0.371281
0.312301
0.300137
0.481607
0.240338
0.335481
0.153962
0.307759
0.287735
0.337572
0.205305
0.286991
0.188774
0.179625
0.251512
0.269773
0.344618
0.191185
0.405545
0.325882
0.253634
0.347554
0.320667
0.290860
0.075700
0.167068
0.068593
0.281878
0.377078
0.124837
0.344909
0.146792
0.315997
0.139314
0.218375
0.121072
0.220140
0.144357
0.135316
0.221428
0.338557
0.227784
0.161588
0.225256
0.061582
0.495221
0.132252
0.461382
0.245726
0.156478
0.132453
0.359122
0.117670
0.110960
0.121835
0.168147
0.229130
0.393582
0.297953
0.207417
0.308343
0.140407
0.135425
0.173910
0.531924
0.278720
0.513331
0.121859
0.228122
0.254641
0.162439
0.299951
0.600615
0.262551
0.111778
0.236960
0.303221
0.192419
0.331494
0.264900
0.172981
0.576224
0.313682
0.271609
0.154176
0.120393
0.401582
0.216801
0.471103
0.114671
0.199049
0.148677
0.182650
0.205933
0.252911
0.137606
0.337751
0.104636
0.130307
0.183318
0.147090
0.144408
0.201899
0.258549
0.237694
0.454957
0.383901
0.334961
0.236873
0.278641
0.143411
0.287622
0.285485
0.268744
0.274808
0.137931
0.321757
0.374345
0.197284
0.308479
0.312487
0.164164
0.170543
0.351124
0.203006
0.133410
0.157086
0.103051
0.258383
0.429028
0.278538
0.084889
0.117534
0.256732
0.173564
0.367250
0.143391
0.069787
0.147790
0.305386
0.242490
0.382772
0.224376
0.056835
0.150925
0.171220
0.160521
0.253498
0.116425
0.145681
0.428520
0.309879
0.281319
0.589084
0.318548
0.215374
0.073905
0.254097
0.337810
0.170233
0.217739
0.232825
0.352367
0.207691
0.515295
0.121519
0.060065
0.230233
0.216961
0.338075
0.100342
0.273931
0.256074
0.133318
0.075665
0.252827
0.138576
0.225777
0.139210
0.191398
0.240047
0.320941
0.080247
0.044422
0.122120
0.148868
0.218317
0.104597
0.202339
0.160652
0.228215
0.564964
0.076394
0.222789
0.242065
0.126971
0.387688
0.114340
0.168932
0.135826
0.057306
0.060853
0.090915
0.207817
0.165139
0.214554
0.144800
0.147581
0.215067
0.125637
0.050070
0.270798
0.301713
0.222686
0.086151
0.087727
0.173509
0.053621
0.193146
0.206874
0.269824
0.123778
0.256767
0.189481
0.369974
0.113708
0.185314
0.196272
0.222143
0.103576
0.106529
0.174401
0.127318
0.194058
0.108431
0.226230
0.126119
0.089000
0.078850
0.185859
0.105944
0.067256
0.113727
0.055613
0.083983
0.192151
0.414452
0.189635
0.109696
0.103968
0.273120
0.122673
0.116980
0.529087
0.170289
0.162797
0.165599
0.102769
0.338611
0.243190
0.236331
0.178361
0.053551
0.156148
0.108882
0.116068
0.031391
0.322230
0.464894
0.117376
0.250782
0.059151
0.151316
0.144017
0.350236
0.184629
0.170317
0.295043
0.442221
0.312706
0.232891
0.190055
0.048908
0.056230
0.076943
0.196447
0.124445
0.349509
0.178195
0.306397
0.180265
0.210172
0.231803
0.243907
0.085196
0.173847
0.059589
0.336388
0.126602
0.267322
0.083661
0.383729
0.158799
0.467934
0.120138
0.184221
0.226362
0.298328
0.066564
0.190061
0.112217
0.104401
0.293592
0.210262
0.093654
0.463036
0.107367
0.205492
0.416020
0.406886
0.201142
0.186889
0.089357
0.084841
0.168811
0.234096
0.129620
0.099238
0.270707
0.175736
0.395104
0.084491
0.136997
0.176863
0.289635
0.206894
0.061175
0.141295
0.443339
0.147571
0.115814
0.221589
0.240702
0.404354
0.185166
0.141386
0.100926
0.210002
0.235072
0.235383
0.114893
0.039739
0.039512
0.096475
0.114516
0.093729
0.174583
0.274132
0.158619
0.072419
0.078782
0.376189
0.235423
0.292249
0.079747
0.067428
0.216692
0.224944
0.252048
0.176305
0.036053
0.101991
0.294222
0.082930
0.597972
0.118625
0.145354
0.284331
0.156833
0.306215
0.115597
0.052405
0.030428
0.068912
0.205687
0.239697
0.314892
0.333976
0.272079
0.199064
0.035409
0.203546
0.140025
0.090075
0.220102
0.303980
0.106095
0.093754
0.490020
0.069615
0.149396
0.260060
0.205478
0.088502
0.075924
0.059127
0.103795
0.070202
0.131797
0.240502
0.157851
0.078237
0.295504
0.073941
0.055186
0.157022
0.202171
0.128827
0.166358
0.140037
0.179737
0.130754
0.101519
0.082943
0.231940
0.144655
0.041607
0.033020
0.071475
0.120245
0.176643
0.275998
0.275954
0.065951
0.105426
0.121128
0.457618
0.137020
0.268661
0.071763
0.178326
0.054416
0.181365
0.137425
0.183914
0.112392
0.374822
0.137013
0.236817
0.214778
0.111929
0.222918
0.098711
0.065815
0.022522
0.051684
0.175413
0.179507
0.226490
0.120293
0.213490
0.179164
0.354171
0.105642
0.238869
0.222254
0.194807
0.105356
0.155296
0.229705
0.251653
0.058579
0.047970
0.030793
0.131000
0.042445
0.099546
0.221411
0.195099
0.146276
0.214012
0.082817
0.093856
0.243224
0.298342
0.057634
0.106453
0.037685
0.051026
0.151644
0.330532
0.232710
0.152958
0.081737
0.273336
0.086620
0.108620
0.093670
0.119676
0.038704
0.059781
0.246665
0.203197
0.373704
0.310941
0.257866
0.181504
0.103214
0.604040
0.191465
0.119251
0.138682
0.117790
0.129950
0.085711
0.195162
0.087138
0.393172
0.107324
0.127612
0.058009
0.139702
0.237315
0.201810
0.085061
0.238568
0.091085
0.181424
0.121266
0.115965
0.117133
0.028992
0.253038
0.064093
0.161681
0.024224
0.075605
0.177299
0.076705
0.123464
0.061838
0.150435
0.086682
0.099109
0.069850
0.082132
0.174850
0.228411
0.184718
0.445361
0.062053
0.242760
0.121355
0.143116
0.107609
0.095446
0.157885
0.102090
0.085426
0.048883
0.218072
0.395890
0.126864
0.055572
0.079706
0.230154
0.086609
0.296051
0.187772
0.096329
0.095105
0.142878
0.135818
0.155742
0.038995
0.205736
0.082670
0.201679
0.203097
0.133386
0.083741
0.252176
0.308411
0.206029
0.352972
0.288806
0.050208
0.092235
0.174813
0.031388
0.067236
0.073376
0.100639
0.183029
0.145252
0.124947
0.145811
0.233175
0.149566
0.212868
0.062194
0.212550
0.180968
0.345932
0.098341
0.164635
0.254746
0.099972
0.134136
0.154934
0.221559
0.338907
0.234578
0.161071
0.202225
0.258188
0.197430
0.354773
0.096636
0.157361
0.053193
0.082598
0.052756
0.131638
0.077528
0.130607
0.143390
0.321160
0.154693
0.142811
0.078103
0.324217
0.127180
0.208030
0.040913
0.305644
0.316678
0.065672
0.147146
0.174032
0.036105
0.083721
0.066330
0.106499
0.183572
0.071399
0.202503
0.284832
0.264874
0.217720
0.119519
0.233334
0.180267
0.198845
0.141993
0.268149
0.162039
0.181035
0.502183
0.062122
0.216011
0.261604
0.128984
0.034558
0.368459
0.232027
0.065166
0.368806
0.106995
0.180434
0.189450
0.100492
0.210280
0.204738
0.320776
0.105505
0.184991
0.076225
0.047512
0.080166
0.055874
0.259999
0.096934
0.184812
0.051962
0.192313
0.153923
0.048823
0.151206
0.113828
0.083085
0.203503
0.131718
0.054260
0.134056
0.053654
0.233754
0.158015
0.061412
0.075450
0.203039
0.057615
0.114109
0.311393
0.522400
0.090275
0.211173
0.129658
0.086287
0.079240
0.209293
0.088491
0.264056
0.182669
0.071294
0.230940
0.136700
0.160675
0.105981
0.070211
0.276427
0.156365
0.058338
0.127778
0.072665
0.185972
0.108005
0.043207
0.185186
0.176567
0.196247
0.198902
0.196742
0.210317
0.335032
0.181259
0.093153
0.107717
0.033114
0.154290
0.248251
0.053470
0.079831
0.190970
0.146941
0.239731
0.062513
0.299869
0.240040
0.052166
0.090058
0.061314
0.106675
0.375564
0.129298
0.030178
0.087778
0.036379
0.051312
0.106503
0.028104
0.239311
0.179622
0.237681
0.117392
0.129248
0.074163
0.079355
0.079904
0.107838
0.057234
0.082496
0.077449
0.019580
0.052380
0.069289
0.094798
0.086989
0.040155
0.151862
0.191392
0.233102
0.172235
0.060071
0.135883
0.054521
0.074220
0.181601
0.185555
0.110984
0.116702
0.054219
0.209051
0.162264
0.121846
0.082455
0.036191
0.079983
0.159884
0.083801
0.124455
0.079885
0.349116
0.065536
0.036472
0.204892
0.069270
0.263541
0.213380
0.223891
0.227201
0.224919
0.040632
0.149096
0.239895
0.132253
0.181345
0.076940
0.058697
0.019027
0.117516
0.135633
0.120651
0.032792
0.163365
0.035848
0.200092
0.044282
0.350746
0.201779
0.102082
0.153678
0.265626
0.155446
0.290977
0.197685
0.174037
0.055629
0.086386
0.094295
0.076081
0.148809
0.027362
0.236011
0.065212
0.208079
0.120841
0.086381
0.210477
0.238472
0.098942
0.113193
0.050012
0.189119
0.143639
0.096796
0.126415
0.282956
0.209507
0.091362
0.111701
0.069722
0.052825
0.084901
0.123392
0.146745
0.158738
0.067914
0.159661
0.074657
0.339193
0.108664
0.082639
0.028258
0.101750
0.231122
0.085470
0.074657
0.066410
0.077508
0.183638
0.140216
0.043319
0.169997
0.139173
0.157441
0.034822
0.052478
0.222891
0.142419
0.089233
0.054203
0.109734
0.050465
0.202111
0.086163
0.074730
0.137751
0.088780
0.107546
0.436815
0.035914
0.068748
0.209991
0.021943
0.389960
0.063865
0.296550
0.121682
0.561711
0.441746
0.214714
0.122643
0.319977
0.048992
0.220280
0.043336
0.115799
0.175561
0.103487
0.058264
0.153727
0.315592
0.101688
0.065212
0.029124
0.079860
0.196869
0.183261
0.075244
0.161146
0.078987
0.055105
0.102489
0.111455
0.050697
0.141332
0.324226
0.113717
0.105150
0.054623
0.087551
0.068143
0.130208
0.178764
0.057976
0.186383
0.399720
0.018342
0.081127
0.221557
0.066478
0.151178
0.086982
0.048941
0.159724
0.252689
0.070782
0.176868
0.199139
0.046436
0.068451
0.161894
0.014437
0.049297
0.068653
0.105981
0.085016
0.074170
0.185642
0.178328
0.088116
0.321228
0.100365
0.340164
0.026076
0.103924
0.226554
0.116804
0.025659
0.233671
0.065681
0.051798
0.158428
0.048469
0.094480
0.202397
0.137724
0.082389
0.179966
0.192491
0.054620
0.124417
0.348444
0.036356
0.098096
0.085141
0.268582
0.045851
0.149646
0.122745
0.164642
0.077212
0.132335
0.280696
0.054340
0.108751
0.104197
0.175856
0.185656
0.266018
0.067859
0.070637
0.117934
0.281134
0.069074
0.028574
0.059249
0.171627
0.024170
0.131053
0.022247
0.346052
0.139682
0.234874
0.105646
0.156955
0.214485
0.053517
0.132728
0.135154
0.289224
0.098960
0.027819
0.256622
0.150150
0.079102
0.210305
0.060633
0.190271
0.462432
0.092110
0.302028
0.084340
0.104604
0.214116
0.073925
0.165237
0.056134
0.054726
0.054930
0.022103
0.083844
0.092129
0.033611
0.166822
0.156925
0.099147
0.061480
0.150037
0.287752
0.118244
0.201381
0.130059
0.039355
0.080020
0.160365
0.030399
0.241329
0.125719
0.138001
0.035048
0.090002
0.149909
0.220727
0.041276
0.158806
0.221490
0.295495
0.067984
0.326291
0.161715
0.196898
0.091622
0.164847
0.041277
0.303963
0.159314
0.040148
0.204239
0.096933
0.321792
0.041997
0.183505
0.037520
0.102623
0.083411
0.061312
0.044876
0.280134
0.077042
0.178179
0.186470
0.034574
0.180794
0.098098
0.374282
0.249570
0.150168
0.082157
0.128069
0.085410
0.493853
0.059364
0.042131
0.172534
0.053022
0.101556
0.159592
0.109712
0.061003
0.322229
0.112312
0.129782
0.148078
0.054832
0.022982
0.049730
0.093809
0.280175
0.289157
0.114258
0.232245
0.086626
0.174292
0.243045
0.117898
0.280444
0.052613
0.280902
0.101996
0.210667
0.069791
0.254796
0.164341
0.083908
0.245519
0.051856
0.102345
0.089829
0.058779
0.126518
0.136058
0.111679
0.051193
0.062760
0.118325
0.143897
0.078832
0.244894
0.150283
0.170460
0.074756
0.051169
0.150513
0.067477
0.095181
0.039547
0.029170
0.059990
0.238351
0.077557
0.054159
0.068882
0.176752
0.104532
0.297699
0.122936
0.153065
0.106003
0.226538
0.142791
0.114693
0.117805
0.125920
0.119512
0.215778
0.083568
0.169786
0.093472
0.117952
0.081852
0.203398
0.106274
0.056997
0.053329
0.063065
0.181842
0.130767
0.044957
0.116447
0.081690
0.047475
0.083012
0.085964
0.063549
0.039512
0.121742
0.207756
0.102128
0.108411
0.081530
0.053037
0.064282
0.078241
0.019710
0.028195
0.158754
0.130808
0.128325
0.026351
0.137094
0.255350
0.141065
0.262968
0.051508
0.173867
0.109441
0.092883
0.168772
0.110203
0.076494
0.114856
0.247132
0.029443
0.026673
0.197037
0.219722
0.160126
0.162833
0.171216
0.057065
0.031590
0.181830
0.217764
0.211509
0.238985
0.103458
0.179976
0.031094
0.054661
0.213883
0.166153
0.307653
0.250670
0.073633
0.095168
0.184631
0.069530
0.085705
0.042159
0.036959
0.115521
0.141989
0.091866
0.269408
0.109256
0.043075
0.143648
0.223923
0.077463
0.095787
0.155047
0.155879
0.046544
0.242200
0.125361
0.132558
0.029205
0.307597
0.107320
0.245162
0.236429
0.120337
0.057119
0.317110
0.127192
0.079753
0.031980
0.130221
0.135597
0.016894
0.160940
0.053322
0.034854
0.046603
0.095180
0.187340
0.037274
0.029044
0.110141
0.337760
0.279446
0.095589
0.029054
0.268330
0.041060
0.045130
0.067555
0.127717
0.294622
0.135941
0.043393
0.026750
0.044346
0.097542
0.139615
0.067490
0.059171
0.086313
0.084314
0.198242
0.194752
0.142646
0.084964
0.081758
0.074943
0.218498
0.067859
0.204263
0.105558
0.064326
0.025989
0.127391
0.086137
0.249562
0.062475
0.131126
0.179569
0.118330
0.076033
0.261202
0.092736
0.245964
0.162679
0.053567
0.048504
0.105625
0.053425
0.080905
0.048005
0.022937
0.109583
0.168924
0.021422
0.109474
0.052873
0.123251
0.377185
0.122971
0.221602
0.065932
0.111629
0.201931
0.216512
0.070454
0.104742
0.077479
0.040763
0.104637
0.096731
0.084260
0.055354
0.115311
0.011263
0.063486
0.294180
0.098838
0.159601
0.227098
0.065044
0.196386
0.089740
0.097782
0.143538
0.058412
0.132786
0.088399
0.120202
0.062801
0.161465
0.070849
0.031998
0.043062
0.034298
0.046278
0.083744
0.346945
0.040855
0.054051
0.123997
0.192153
0.141298
0.153934
0.091058
0.106487
0.078327
0.217333
0.071590
0.241357
0.542562
0.224299
0.079970
0.029619
0.051915
0.025203
0.097926
0.315805
0.037817
0.118981
0.032276
0.066590
0.288430
0.090202
0.260550
0.110907
0.171348
0.290992
0.062770
0.162911
0.237480
0.069280
0.121077
0.104414
0.048664
0.038962
0.092264
0.194514
0.051938
0.084204
0.254080
0.024911
0.135313
0.071292
0.086069
0.028475
0.089366
0.125000
0.240814
0.196335
0.134985
0.197457
0.080540
0.095441
0.082837
0.375078
0.100211
0.206511
0.087888
0.060401
0.095654
0.194756
0.079328
0.074100
0.013825
0.057536
0.074715
0.146583
0.063764
0.155314
0.309334
0.107021
0.025277
0.168790
0.231216
0.089582
0.135538
0.246322
0.055511
0.113238
0.027992
0.079181
0.020528
0.125781
0.152726
0.195779
0.044007
0.258139
0.085173
0.064935
0.097669
0.086383
0.023397
0.172186
0.382016
0.231713
0.033002
0.203956
0.086995
0.140261
0.091858
0.138954
0.150353
0.021556
0.358459
0.072371
0.073147
0.051980
0.203761
0.048058
0.035151
0.148637
0.299818
0.041139
0.097114
0.288047
0.036589
0.074496
0.077464
0.143480
0.049334
0.084297
0.085596
0.076314
0.083623
0.019035
0.098016
0.244101
0.106486
0.127143
0.149647
0.040201
0.078873
0.130122
0.149364
0.349557
0.136237
0.167805
0.257624
0.088058
0.122432
0.027733
0.162168
0.038312
0.064383
0.096633
0.080438
0.020202
0.071990
0.249809
0.111508
0.074871
0.013426
0.270511
0.131295
0.119677
0.191040
0.221675
0.292850
0.144868
0.442545
0.096401
0.151575
0.210488
0.080309
0.082516
0.080722
0.213516
0.222955
0.019270
0.335047
0.022734
0.204216
0.035877
0.090659
0.203975
0.057311
0.126515
0.064825
0.069609
0.131112
0.389887
0.073119
0.041072
0.094023
0.060027
0.136748
0.038708
0.175280
0.086444
0.019303
0.256732
0.129585
0.190970
0.192794
0.186158
0.136436
0.046883
0.087004
0.037581
0.078956
0.138924
0.199073
0.147046
0.040188
0.198174
0.111786
0.042494
0.105466
0.015477
0.070753
0.040131
0.036091
0.037169
0.153177
0.103450
0.200651
0.249807
0.035117
0.054417
0.092158
0.148352
0.290186
0.037606
0.124082
0.079358
0.027306
0.108845
0.010491
0.009702
0.209010
0.196860
0.060610
0.191988
0.115543
0.099754
0.042749
0.060718
0.169336
0.124689
0.211722
0.031516
0.074984
0.057839
0.216555
0.109469
0.020442
0.188356
0.256845
0.141671
0.074379
0.146016
0.109274
0.266348
0.039731
0.155574
0.112836
0.226920
0.045129
0.299745
0.155591
0.082998
0.123325
0.196205
0.068022
0.067327
0.373510
0.043941
0.221560
0.080711
0.056854
0.163415
0.153657
0.030955
0.141325
0.099458
0.108969
0.059901
0.042720
0.181072
0.076729
0.044158
0.148016
0.126085
0.029419
0.127061
0.021165
0.138256
0.360308
0.141766
0.062200
0.075146
0.054410
0.049077
0.117463
0.235821
0.032064
0.087885
0.069855
0.208693
0.090240
0.198308
0.120828
0.280767
0.083341
0.097257
0.028993
0.078551
0.022209
0.087929
0.066749
0.282129
0.247919
0.049082
0.126160
0.159137
0.259446
0.175752
0.028355
0.292822
0.030637
0.046518
0.108684
0.197814
0.031550
0.251707
0.137645
0.046588
0.082262
0.056521
0.035003
0.065160
0.106588
0.131173
0.013102
0.109604
0.077686
0.281766
0.251511
0.214270
0.034252
0.290921
0.257983
0.019716
0.094529
0.029803
0.032829
0.036604
0.181593
0.027085
0.116986
0.119930
0.119153
0.016004
0.037424
0.236838
0.029497
0.195962
0.032867
0.160186
0.160716
0.193626
0.029149
0.262238
0.186704
0.104449
0.089396
0.044706
0.477641
0.023552
0.151211
0.020367
0.062346
0.059675
0.080064
0.109634
0.052116
0.024266
0.116774
0.077665
0.085481
0.108665
0.170658
0.181762
0.153080
0.060623
0.061933
0.093625
0.116329
0.024295
0.185516
0.080302
0.246477
0.080056
0.235926
0.113089
0.137454
0.062230
0.053817
0.109543
0.221941
0.034569
0.340328
0.051224
0.039364
0.020969
0.022932
0.136818
0.140665
0.180702
0.039575
0.140058
0.058153
0.109499
0.038936
0.077486
0.087541
0.222926
0.054175
0.395879
0.141654
0.092772
0.364806
0.148791
0.090975
0.198049
0.137305
0.154148
0.107546
0.093080
0.130827
0.029703
0.046267
0.141221
0.060595
0.047020
0.131772
0.203269
0.039110
0.265884
0.186384
0.297383
0.224316
0.056782
0.022904
0.402043
0.210188
0.165442
0.018251
0.063454
0.068194
0.045349
0.083685
0.040295
0.120858
0.034116
0.067725
0.044359
0.041293
0.124001
0.074271
0.076494
0.092212
0.211840
0.130662
0.125984
0.104173
0.264210
0.074669
0.189927
0.075388
0.017039
0.081182
0.016148
0.129785
0.032657
0.051956
0.084476
0.073147
0.051883
0.064170
0.081620
0.120706
0.036212
0.082132
0.068034
0.262760
0.106079
0.066140
0.017477
0.057518
0.127868
0.252688
0.063794
0.261677
0.192106
0.022370
0.253296
0.025467
0.091475
0.048315
0.139962
0.164820
0.291059
0.280687
0.053947
0.127613
0.144305
0.059822
0.190709
0.079850
0.176448
0.207282
0.084275
0.163315
0.046589
0.044792
0.108817
0.052582
0.015614
0.151004
0.058518
0.107893
0.070725
0.072407
0.076863
0.349347
0.067350
0.155001
0.141387
0.079638
0.028994
0.065604
0.094485
0.059332
0.190574
0.055139
0.009487
0.101830
0.030676
0.051987
0.165722
0.155705
0.027795
0.125757
0.066189
0.099225
0.158971
0.215210
0.029872
0.144211
0.061060
0.282337
0.042823
0.061335
0.191636
0.139895
0.163401
0.060366
0.082217
0.066200
0.255668
0.080157
0.024597
0.086492
0.086056
0.141122
0.110660
0.019146
0.059388
0.023595
0.166746
0.285627
0.063176
0.033721
0.151758
0.189305
0.074605
0.065423
0.161985
0.079247
0.070817
0.040459
0.120271
0.027512
0.045860
0.181885
0.123260
0.208238
0.136685
0.141647
0.055351
0.032176
0.112680
0.038740
0.051029
0.065493
0.053823
0.020706
0.189587
0.040927
0.031077
0.124282
0.150014
0.037170
0.180855
0.158201
0.288521
0.142813
0.186835
0.225406
0.112094
0.079436
0.180805
0.111772
0.081202
0.038738
0.028171
0.138631
0.043763
0.197383
0.212181
0.029263
0.093924
0.307605
0.124887
0.099698
0.085404
0.242898
0.172584
0.223883
0.267648
0.107398
0.076522
0.096751
0.164885
0.081906
0.050465
0.291912
0.107170
0.079861
0.047934
0.076483
0.058862
0.054448
0.034884
0.188056
0.133471
0.069640
0.138984
0.059949
0.120052
0.170106
0.074276
0.373611
0.113896
0.170808
0.085412
0.101626
0.012894
0.323376
0.175111
0.123425
0.084741
0.044742
0.057435
0.164659
0.085736
0.043165
0.283108
0.208492
0.065639
0.041456
0.084474
0.149000
0.091124
0.107417
0.096114
0.147295
0.112967
0.143913
0.054733
0.147051
0.084871
0.031872
0.096138
0.057351
0.027116
0.316618
0.197491
0.205607
0.029690
0.149861
0.080944
0.117152
0.062667
0.063564
0.046885
0.094815
0.035809
0.049834
0.166156
0.042366
0.135171
0.221088
0.048919
0.049462
0.067682
0.122578
0.093275
0.055003
0.022913
0.078428
0.127437
0.025480
0.035422
0.077356
0.310430
0.155635
0.067044
0.047546
0.250107
0.115869
0.108353
0.033278
0.122054
0.269801
0.082692
0.087692
0.040718
0.277516
0.077713
0.191469
0.087660
0.117775
0.045306
0.089496
0.166260
0.121463
0.067263
0.268326
0.264968
0.097140
0.199085
0.049541
0.033275
0.057019
0.122924
0.027410
0.099328
0.041989
0.035601
0.210942
0.069536
0.155102
0.140278
0.071865
0.202203
0.306326
0.048985
0.107780
0.140731
0.047145
0.029683
0.064763
0.262645
0.032559
0.190501
0.059921
0.113969
0.057871
0.198467
0.053187
0.019654
0.035666
0.225919
0.232839
0.176044
0.033896
0.093654
0.060305
0.246837
0.153229
0.176937
0.043712
0.141309
0.095651
0.054349
0.036426
0.079839
0.097036
0.041324
0.103187
0.043257
0.127389
0.062457
0.013393
0.147116
0.036755
0.028765
0.451595
0.522294
0.046455
0.390008
0.138559
0.341685
0.060219
0.106183
0.193692
0.105469
0.256920
0.041530
0.045636
0.104891
0.173245
0.120201
0.112001
0.041035
0.029447
0.096532
0.031558
0.081121
0.019747
0.124863
0.061293
0.048181
0.221200
0.180257
0.111662
0.065329
0.107038
0.182362
0.044834
0.033541
0.079918
0.070237
0.052383
0.095081
0.045242
0.033014
0.099204
0.013760
0.027921
0.116026
0.075241
0.010023
0.180869
0.042797
0.148768
0.132652
0.039401
0.038997
0.183051
0.070476
0.102442
0.259163
0.227875
0.115295
0.091536
0.260255
0.168571
0.235388
0.061846
0.055730
0.043437
0.249329
0.095224
0.048328
0.256502
0.033395
0.083030
0.095665
0.274297
0.059748
0.152939
0.155489
0.244770
0.294191
0.031780
0.130732
0.080664
0.042029
0.039001
0.037896
0.252807
0.123980
0.117874
0.102167
0.481586
0.113929
0.257031
0.119667
0.035439
0.187054
0.226417
0.171001
0.080279
0.147634
0.032928
0.062935
0.174531
0.077205
0.027194
0.044402
0.259869
0.113029
0.231891
0.123394
0.070184
0.149180
0.029877
0.025904
0.069091
0.069874
0.124174
0.103252
0.029448
0.146559
0.098227
0.023644
0.192162
0.129683
0.015126
0.110152
0.111652
0.109114
0.050959
0.088140
0.019314
0.102736
0.184036
0.141435
0.133674
0.054965
0.026969
0.114085
0.159484
0.053909
0.044805
0.066228
0.135581
0.099956
0.045484
0.134619
0.021776
0.142314
0.104680
0.050864
0.035478
0.101546
0.240233
0.149384
0.018723
0.077651
0.149346
0.059705
0.023726
0.125824
0.078948
0.031624
0.091133
0.082802
0.197048
0.068885
0.318512
0.083881
0.066424
0.038675
0.011400
0.045410
0.246651
0.027402
0.118077
0.120967
0.222642
0.213579
0.073633
0.133954
0.094953
0.100145
0.153756
0.201044
0.063543
0.043547
0.155659
0.030448
0.017445
0.064740
0.184462
0.049712
0.162703
0.043532
0.048474
0.055693
0.056467
0.240136
0.165374
0.086106
0.030501
0.135461
0.388581
0.065195
0.146564
0.040368
0.258095
0.036308
0.042096
0.062840
0.094256
0.150759
0.068420
0.115488
0.022692
0.069981
0.070896
0.089347
0.078009
0.170488
0.040477
0.039871
0.016006
0.032839
0.034026
0.054270
0.030930
0.085194
0.263745
0.095983
0.368506
0.056956
0.122995
0.121749
0.143205
0.052877
0.044684
0.131962
0.100235
0.025130
0.243018
0.156647
0.017890
0.131314
0.037190
0.032292
0.038820
0.176904
0.023034
0.149177
0.103749
0.025095
0.235907
0.291978
0.145082
0.033853
0.426137
0.059534
0.158713
0.072622
0.066372
0.113095
0.027143
0.032501
0.141766
0.011893
0.197813
0.204856
0.017837
0.170612
0.014113
0.143438
0.111046
0.082500
0.100651
0.107554
0.114644
0.294109
0.148948
0.077137
0.048259
0.143874
0.231257
0.043445
0.078697
0.082524
0.181917
0.060381
0.159892
0.190224
0.011354
0.242218
0.020185
0.269160
0.209910
0.089069
0.059803
0.087165
0.065468
0.092802
0.111140
0.156277
0.054935
0.210575
0.128852
0.090460
0.104792
0.143883
0.128681
0.052411
0.081017
0.076570
0.052796
0.089928
0.188862
0.343083
0.142420
0.174702
0.116345
0.117060
0.098904
0.220296
0.031035
0.203479
0.014677
0.058419
0.166748
0.239545
0.068210
0.029677
0.052814
0.034322
0.032876
0.044950
0.057178
0.081864
0.030644
0.127773
0.094026
0.098044
0.171885
0.023562
0.204524
0.177922
0.231661
0.064043
0.154822
0.049542
0.063963
0.144773
0.082143
0.019374
0.171858
0.118229
0.148736
0.124096
0.225175
0.015044
0.109939
0.012519
0.060993
0.045929
0.114998
0.067646
0.341184
0.033936
0.066547
0.038204
0.165386
0.078860
0.125695
0.116812
0.085710
0.079911
0.195243
0.150795
0.064557
0.180903
0.068730
0.061789
0.071485
0.260814
0.021078
0.047409
0.128758
0.158451
0.142681
0.014402
0.074811
0.036994
0.154689
0.041776
0.156573
0.223156
0.038152
0.091886
0.157310
0.036076
0.089368
0.014935
0.037857
0.029123
0.090070
0.054053
0.009634
0.138132
0.058592
0.070796
0.062400
0.172375
0.100347
0.157045
0.125396
0.086177
0.029354
0.026223
0.076558
0.058082
0.054978
0.130219
0.221818
0.289352
0.086261
0.068090
0.164992
0.039014
0.042722
0.039210
0.095800
0.298345
0.160275
0.208172
0.078234
0.062350
0.032703
0.197181
0.198877
0.043333
0.115458
0.217441
0.304521
0.101400
0.224669
0.092429
0.067715
0.147456
0.101764
0.147912
0.098059
0.026414
0.071022
0.097689
0.040903
0.192177
0.176869
0.064839
0.133370
0.123487
0.049541
0.106493
0.044645
0.212355
0.264514
0.012114
0.109324
0.027413
0.097481
0.187863
0.087744
0.046020
0.071149
0.087813
0.022720
0.099799
0.101300
0.039764
0.111899
0.140554
0.052748
0.077752
0.253193
0.099163
0.249086
0.231493
0.177087
0.043123
0.154541
0.020911
0.091459
0.137805
0.159830
0.034465
0.333288
0.089695
0.166932
0.144380
0.101370
0.131133
0.033524
0.141971
0.172457
0.080471
0.168380
0.196019
0.062512
0.114479
0.071102
0.043181
0.028660
0.115497
0.058015
0.129610
0.069798
0.042571
0.046899
0.039742
0.039627
0.210774
0.012065
0.211412
0.215610
0.040930
0.240632
0.080486
0.162141
0.120808
0.267112
0.063178
0.043555
0.092107
0.012928
0.134669
0.135912
0.049631
0.044709
0.064063
0.055549
0.076315
0.371483
0.144715
0.077168
0.202141
0.010443
0.115588
0.128122
0.025891
0.167431
0.032046
0.050843
0.051238
0.109777
0.158010
0.032693
0.103238
0.237069
0.066448
0.105102
0.098527
0.076190
0.087900
0.044471
0.189353
0.197258
0.027426
0.029030
0.012976
0.074680
0.094728
0.111442
0.146612
0.031764
0.168888
0.053887
0.195715
0.083206
0.112688
0.040687
0.030402
0.064323
0.094930
0.031391
0.084796
0.136407
0.301718
0.127127
0.017050
0.031745
0.019643
0.053280
0.047280
0.354342
0.191343
0.342049
0.132680
0.045218
0.105558
0.266944
0.180374
0.027667
0.087750
0.044714
0.013679
0.060172
0.160784
0.074914
0.044149
0.034801
0.026421
0.030096
0.132474
0.153893
0.100965
0.012845
0.026277
0.050064
0.103974
0.338538
0.051609
0.230093
0.057378
0.423990
0.135317
0.068397
0.086375
0.101720
0.146709
0.048104
0.262142
0.127472
0.210742
0.056881
0.200800
0.187765
0.057097
0.043231
0.075992
0.063376
0.035194
0.029209
0.301281
0.257890
0.048174
0.068940
0.071123
0.262771
0.024320
0.097945
0.095577
0.016166
0.015199
0.085186
0.048273
0.074599
0.151915
0.112974
0.172117
0.018542
0.035113
0.032232
0.241720
0.022428
0.080040
0.086805
0.083311
0.087123
0.059485
0.083720
0.117854
0.150118
0.065974
0.083576
0.089868
0.027351
0.221031
0.021441
0.196898
0.044609
0.043514
0.137632
0.169205
0.030293
0.079270
0.098371
0.125883
0.058703
0.107021
0.045543
0.061866
0.172173
0.226276
0.087304
0.205874
0.092112
0.240137
0.072676
0.056584
0.244953
0.057530
0.105758
0.096315
0.015415
0.031384
0.049335
0.073962
0.080619
0.154609
0.050719
0.057041
0.027604
0.123561
0.200401
0.124457
0.151491
0.127548
0.065831
0.081632
0.107590
0.091239
0.043705
0.014311
0.097363
0.081940
0.074254
0.116855
0.127349
0.190770
0.059686
0.068230
0.032141
0.162299
0.072447
0.010517
0.084921
0.237925
0.115289
0.154003
0.395525
0.170498
0.031231
0.133036
0.257832
0.056072
0.152115
0.065464
0.040832
0.107042
0.103656
0.018116
0.024099
0.207073
0.027736
0.067568
0.067602
0.120195
0.083560
0.071687
0.092790
0.123576
0.107141
0.247887
0.203467
0.132629
0.097818
0.109478
0.163511
0.039493
0.076714
0.059269
0.050038
0.041945
0.130398
0.016058
0.022499
0.133212
0.027730
0.040355
0.081050
0.225762
0.009943
0.218262
0.037098
0.193425
0.144058
0.029724
0.167988
0.108942
0.115499
0.167310
0.025424
0.058298
0.049657
0.114641
0.012853
0.105955
0.087488
0.131770
0.090908
0.040657
0.045927
0.078921
0.152370
0.094579
0.028496
0.017695
0.023394
0.092583
0.073583
0.035494
0.240203
0.113056
0.186396
0.284595
0.077282
0.124412
0.055330
0.022001
0.132966
0.090912
0.081234
0.391431
0.050975
0.064364
0.082438
0.235668
0.014604
0.034071
0.046747
0.029484
0.096727
0.147874
0.272867
0.063511
0.215574
0.245565
0.038183
0.060750
0.079199
0.182275
0.168722
0.043947
0.402053
0.103746
0.026604
0.067559
0.121645
0.017026
0.065038
0.045399
0.044539
0.086835
0.025734
0.038685
0.160128
0.086091
0.077751
0.128691
0.099103
0.170128
0.129371
0.110260
0.028785
0.257980
0.051699
0.234292
0.101350
0.050412
0.093246
0.073454
0.101064
0.214780
0.044862
0.053231
0.013455
0.199819
0.271862
0.042295
0.164840
0.078379
0.043736
0.255121
0.042973
0.037440
0.281350
0.138071
0.032393
0.142486
0.127039
0.042454
0.016444
0.030419
0.023402
0.087438
0.038654
0.128993
0.088741
0.129232
0.008950
0.104409
0.055801
0.107949
0.026767
0.054737
0.237560
0.093840
0.084050
0.113008
0.114597
0.076240
0.050359
0.218215
0.032004
0.065785
0.222364
0.022611
0.023605
0.064607
0.351189
0.010657
0.056008
0.055256
0.047778
0.215136
0.333341
0.114601
0.031417
0.035119
0.124283
0.119725
0.164309
0.024581
0.151011
0.031814
0.050243
0.128451
0.184456
0.055969
0.016725
0.066924
0.014262
0.141192
0.071314
0.074148
0.071484
0.046154
0.054393
0.135803
0.117067
0.144096
0.096540
0.090733
0.214956
0.154913
0.058646
0.051848
0.086189
0.017955
0.149172
0.090163
0.184394
0.194888
0.085168
0.032829
0.220338
0.051837
0.056155
0.010218
0.158153
0.211669
0.188339
0.142014
0.097195
0.043675
0.019767
0.184984
0.127600
0.116560
0.139959
0.100899
0.058119
0.091723
0.094663
0.064376
0.058262
0.059744
0.101267
0.034579
0.142056
0.225879
0.197232
0.064331
0.017710
0.013977
0.092123
0.134787
0.087239
0.149915
0.077226
0.108549
0.238361
0.308677
0.033834
0.099288
0.030769
0.035439
0.177322
0.073088
0.228061
0.030004
0.054625
0.039473
0.126508
0.071086
0.032661
0.050664
0.011163
0.144732
0.306706
0.064294
0.030834
0.057820
0.018440
0.048442
0.068399
0.022461
0.077167
0.127998
0.064895
0.250151
0.053616
0.161106
0.014919
0.171156
0.154587
0.269012
0.193134
0.033667
0.266444
0.043821
0.126295
0.035713
0.155581
0.066838
0.241615
0.019377
0.038543
0.037279
0.057303
0.170113
0.228638
0.083320
0.049789
0.187040
0.116277
0.078467
0.004636
0.123397
0.174066
0.268794
0.044828
0.026297
0.073090
0.160813
0.010311
0.029150
0.067971
0.135392
0.093066
0.075057
0.271427
0.046216
0.037723
0.090033
0.362337
0.394198
0.052541
0.190003
0.149989
0.017484
0.039193
0.044092
0.044646
0.029412
0.051237
0.034875
0.052604
0.018447
0.046964
0.033083
0.148839
0.033509
0.007517
0.075565
0.161127
0.060660
0.111671
0.058422
0.184891
0.087104
0.285532
0.129139
0.176144
0.098919
0.043682
0.290052
0.047608
0.034468
0.008748
0.118287
0.194296
0.073687
0.334538
0.028910
0.059677
0.111301
0.153621
0.035719
0.016391
0.053919
0.069439
0.078560
0.097271
0.174990
0.121915
0.085742
0.175478
0.083543
0.066804
0.203762
0.070590
0.011544
0.026593
0.060795
0.105562
0.030027
0.288864
0.075732
0.151356
0.043999
0.155521
0.100895
0.032847
0.025566
0.285829
0.218496
0.128350
0.105592
0.322848
0.040809
0.168451
0.057431
0.004630
0.061223
0.205592
0.049727
0.064005
0.261173
0.103640
0.041418
0.197367
0.040071
0.012624
0.064421
0.154792
0.084289
0.222344
0.014802
0.072427
0.039756
0.100232
0.010206
0.085668
0.037273
0.046909
0.122253
0.197601
0.342365
0.235588
0.047941
0.037063
0.057981
0.026469
0.040968
0.072640
0.243483
0.196561
0.094364
0.111991
0.121809
0.122160
0.049836
0.134384
0.070826
0.047863
0.006152
0.010798
0.191822
0.034107
0.133551
0.040686
0.284311
0.082545
0.152187
0.066623
0.018397
0.058093
0.145287
0.125537
0.209429
0.143234
0.103356
0.245907
0.035168
0.085092
0.050943
0.019273
0.011959
0.161842
0.079851
0.182368
0.192860
0.091318
0.140598
0.131763
0.042515
0.120286
0.148591
0.058636
0.071685
0.033575
0.150387
0.055662
0.118321
0.323947
0.126287
0.052580
0.053352
0.008544
0.095097
0.196822
0.119757
0.110676
0.149883
0.022166
0.051886
0.125347
0.053696
0.080716
0.196600
0.040566
0.055933
0.077670
0.119323
0.446558
0.143903
0.063237
0.024243
0.094829
0.041785
0.058684
0.080965
0.065318
0.075218
0.027016
0.045317
0.169971
0.070096
0.111301
0.051864
0.033903
0.011187
0.099493
0.088942
0.046222
0.123372
0.128943
0.068568
0.109081
0.104253
0.316816
0.129900
0.008651
0.098207
0.060005
0.054890
0.055367
0.025435
0.015787
0.119951
0.059733
0.079949
0.025453
0.178926
0.210576
0.048916
0.011126
0.044167
0.071138
0.060399
0.038889
0.043571
0.047600
0.127281
0.102544
0.051759
0.013502
0.196004
0.082463
0.030403
0.147367
0.063113
0.514453
0.023239
0.028214
0.187420
0.021715
0.035676
0.205016
0.126785
0.073520
0.031050
0.063561
0.059587
0.128193
0.212854
0.078378
0.164425
0.092872
0.137693
0.038652
0.049836
0.043595
0.031816
0.280936
0.016653
0.075382
0.056276
0.067100
0.320125
0.033444
0.094529
0.075016
0.273796
0.145710
0.261607
0.292555
0.087225
0.138944
0.067515
0.087302
0.039649
0.036604
0.057669
0.099059
0.039534
0.081117
0.042467
0.029227
0.035413
0.056917
0.028303
0.028618
0.051328
0.083741
0.009025
0.096869
0.147446
0.055901
0.087815
0.191623
0.007586
0.046347
0.087722
0.177345
0.045555
0.040723
0.454620
0.090325
0.206745
0.027450
0.022190
0.081094
0.033907
0.079826
0.032952
0.166453
0.141953
0.085167
0.131014
0.070839
0.226156
0.138248
0.034583
0.184711
0.065959
0.272412
0.134425
0.045514
0.215451
0.163379
0.054149
0.080408
0.025859
0.095839
0.107165
0.036424
0.083678
0.021392
0.054241
0.157715
0.333251
0.117794
0.146038
0.082492
0.140176
0.038397
0.114275
0.029588
0.294331
0.045524
0.049488
0.282916
0.109064
0.037468
0.123572
0.176809
0.045678
0.061195
0.048449
0.215540
0.042944
0.066193
0.022912
0.058016
0.013915
0.189751
0.101642
0.055838
0.127979
0.184734
0.110535
0.192013
0.106741
0.141815
0.038354
0.083727
0.095235
0.013254
0.122553
0.135811
0.170353
0.243973
0.218964
0.086968
0.208574
0.027803
0.101569
0.079680
0.431382
0.032839
0.111760
0.050665
0.006563
0.138176
0.047099
0.035706
0.095622
0.235892
0.026492
0.081576
0.151290
0.014586
0.126251
0.235077
0.227729
0.103510
0.043961
0.030273
0.050320
0.043372
0.128905
0.079857
0.102171
0.022534
0.088750
0.035311
0.069466
0.162902
0.060223
0.106949
0.030772
0.068375
0.083757
0.027123
0.144190
0.133041
0.058195
0.144932
0.015917
0.092336
0.096464
0.170601
0.042435
0.191883
0.164335
0.051959
0.154067
0.094375
0.040945
0.072407
0.055196
0.104993
0.050799
0.202527
0.088194
0.035572
0.111245
0.090908
0.171516
0.122697
0.009548
0.022216
0.010961
0.179068
0.017710
0.070752
0.030453
0.056284
0.205596
0.076316
0.043523
0.083218
0.017697
0.119382
0.057576
0.105988
0.232360
0.141996
0.024446
0.135455
0.044561
0.042792
0.107267
0.041511
0.105838
0.015150
0.017876
0.016938
0.035118
0.012596
0.163534
0.137104
0.190988
0.103197
0.015769
0.049124
0.090801
0.007521
0.073279
0.019684
0.185256
