2.478678
2.329498
1.111892
0.475790
1.376076
2.284718
1.997101
1.395576
2.052238
1.955351
1.319296
0.587635
0.800929
1.681608
0.489475
0.666753
1.516854
1.615915
0.408566
0.128286
0.040728
0.031466
0.986667
0.068862
0.050312
0.060878
0.085698
0.077610
0.404971
0.594421
0.192519
0.041497
0.032899
0.791365
0.071045
0.147397
0.025540
0.032244
0.019468
0.057969
0.149255
0.059808
0.036439
0.038004
0.018841
0.017648
0.507474
0.057069
0.089072
0.045506
0.031927
0.054438
0.084920
0.019344
0.019862
0.079143
0.093164
0.140603
0.014133
0.034709
0.035496
0.451494
0.056912
0.007902
0.017200
0.012420
0.014140
0.090088
0.015441
0.028605
0.012638
0.009263
0.035282
0.011960
0.011107
0.023561
0.035334
0.098197
0.414239
0.056707
0.035960
0.007082
0.060937
0.009226
0.017750
0.007805
0.103298
0.132438
0.012938
0.009772
0.106214
0.021481
0.071956
0.014265
0.080169
0.048604
0.043467
0.232614
0.078318
0.025268
0.027914
0.035739
0.006117
0.018623
0.008725
0.085749
0.014164
0.010058
0.045977
0.008424
0.014841
0.023722
0.015784
0.043417
0.013188
0.009938
0.014722
0.046327
0.168774
0.018501
0.071068
0.025552
0.022139
0.126200
0.045477
0.039412
0.018287
0.030733
0.055395
0.009624
0.015827
0.013098
0.012763
0.004016
0.055404
0.012023
0.138690
0.027639
0.012722
0.009760
0.011012
0.564974
0.014552
0.099650
0.002744
0.009876
0.085420
0.034256
0.012809
0.015168
0.012002
0.016384
0.020121
0.010736
0.076698
0.069512
0.025501
0.010209
0.181534
0.081266
0.002547
0.018829
0.011439
0.011780
0.016838
0.020585
0.262903
0.011347
0.007615
0.015433
0.027532
0.013424
0.012963
0.022451
0.010921
0.025663
0.015018
0.075601
0.076032
0.072046
0.022381
0.029954
0.008449
0.009454
0.003059
0.013943
0.023168
0.021173
0.038257
0.026340
0.019122
0.005734
0.211258
0.361805
0.214431
0.037326
0.008004
0.014894
0.023283
0.010601
0.014709
0.007434
0.015818
0.012867
0.037133
0.030730
0.024904
0.085453
0.033842
0.007656
0.126562
0.007818
0.011434
0.106324
0.026952
0.041695
0.011904
0.024438
0.053657
0.015608
0.018382
0.011800
0.012234
0.005358
0.103702
0.095619
0.015969
0.016095
0.026989
0.019872
0.603330
0.162234
0.039198
0.008807
0.006760
0.010177
0.018181
0.009455
0.009737
0.037644
0.101675
0.048153
0.016222
0.009977
0.029066
0.020721
0.015465
0.012492
0.029569
0.034291
0.062836
0.021841
0.009137
0.017952
0.008295
0.008120
0.011101
0.032254
0.015609
0.014864
0.014483
0.077924
0.056091
0.012341
0.009282
0.063892
0.016094
0.018598
0.029820
0.037788
0.008901
0.509883
0.008618
0.009755
0.009642
0.032040
0.023855
0.100996
0.016699
0.030983
0.013390
0.032152
0.005384
0.007419
0.010955
0.016828
0.021414
0.012624
0.011753
0.006956
0.005162
0.057216
0.074110
0.023839
0.007730
0.130731
0.080290
0.012571
0.023266
0.006578
0.014694
0.104228
0.025715
0.031237
0.023300
0.114067
0.039928
0.007891
0.021998
0.022439
0.032811
0.083220
0.009416
0.041925
0.071861
0.046478
0.410493
0.031406
0.020332
0.021061
0.018260
0.055309
0.031848
0.010961
0.011227
0.017479
0.025026
0.084371
0.124423
0.030449
0.016940
0.008223
0.023843
0.009316
0.003660
0.018225
0.101642
0.029323
0.031241
0.012081
0.027998
0.011190
0.016245
0.028836
0.009654
0.010549
0.063644
0.019593
0.009802
0.029184
0.008175
0.012507
0.071906
0.168989
0.183769
0.023486
0.016426
0.070157
0.027280
0.015835
0.035811
0.004363
0.035819
0.136864
0.036490
0.026533
0.014068
0.011401
0.030725
0.012452
0.019733
0.021429
0.066427
0.019801
0.023698
0.013810
0.025816
0.030864
0.012045
0.020144
0.095186
0.023539
0.168640
0.093382
0.026849
0.022070
0.012675
0.093299
0.005476
0.013083
0.095031
0.023235
0.038037
0.011940
0.016320
0.015576
0.007722
0.006998
0.044804
0.019271
0.014805
0.057196
0.020810
0.010024
0.089471
0.026262
0.108472
0.186402
0.010556
0.015380
0.027495
0.016392
0.327291
0.022594
0.020004
0.074596
0.102273
0.013427
0.104733
0.048543
0.018950
0.116680
0.009345
0.021717
0.032173
0.023957
0.007608
0.015214
0.036417
0.039748
0.021813
0.016657
0.027925
0.091247
0.051123
0.018125
0.015939
0.076069
0.022945
0.010109
0.079460
0.023146
0.019469
0.032228
0.041169
0.010442
0.015242
0.036809
0.007294
0.069628
0.012814
0.008973
0.011837
0.012496
0.023571
0.020450
0.025640
0.015662
0.016205
0.015843
0.013466
0.009900
0.013023
0.126383
0.031800
0.025062
0.098120
0.125811
0.051668
0.080384
0.040294
0.007617
0.010837
0.009278
0.016743
0.025194
0.040668
0.005272
0.005362
0.010869
0.076943
0.018419
0.033329
0.165345
0.036783
0.045752
0.099915
0.015585
0.012823
0.025328
0.014742
0.040665
0.030097
0.012161
0.020124
0.021707
0.020433
0.017438
0.019280
0.006762
0.103019
0.007215
0.009796
0.029670
0.013344
0.012842
0.029513
0.026480
0.012540
0.013407
0.026347
0.098242
0.151494
0.051310
0.035788
0.022771
0.146327
0.023754
0.032359
0.008440
0.005132
0.088265
0.022397
0.013361
0.011766
0.025056
0.022422
0.009463
0.122717
0.027463
0.026852
0.057869
0.025710
0.021170
0.003752
0.013285
0.007112
0.017853
0.021591
0.015939
0.069109
0.024218
0.013267
0.007165
0.029453
0.018389
0.009065
0.020081
0.006902
0.168165
0.034621
0.015649
0.057577
0.108048
0.068734
0.051612
0.109220
0.046103
0.029447
0.004144
0.008537
0.069990
0.014628
0.020076
0.018014
0.008397
0.010308
0.012706
0.049779
0.035507
0.021278
0.186307
0.022998
0.016658
0.033374
0.005880
0.029507
0.062325
0.034612
0.037987
0.034034
0.027578
0.103969
0.022832
0.008428
0.076988
0.014763
0.031083
0.072002
0.022418
0.044780
0.016102
0.039721
0.012011
0.005628
0.094121
0.021363
0.024763
0.034048
0.029489
0.013368
0.084734
0.015969
0.018120
0.013808
0.055657
0.037145
0.017526
0.032149
0.014526
0.010368
0.007934
0.010044
0.111407
0.030166
0.022729
0.028432
0.018052
0.022224
0.077314
0.013917
0.126781
0.050498
0.036690
0.063827
0.078627
0.041853
0.024079
0.301031
0.064579
0.048268
0.037890
0.089882
0.009453
0.024142
0.013712
0.019376
0.010192
0.011283
0.012908
0.012354
0.020879
0.006587
0.031054
0.017950
0.029465
0.074369
0.027829
0.017673
0.019493
0.042392
0.013653
0.020185
0.027779
0.022070
0.040259
0.015041
0.015019
0.013942
0.061598
0.011239
0.014172
0.128196
0.047897
0.090296
0.005940
0.003917
0.074741
0.009999
0.021072
0.035967
0.033011
0.020784
0.081419
0.018799
0.014419
0.100218
0.019021
0.014103
0.024904
0.034208
0.011861
0.038354
0.041108
0.022042
0.011236
0.032842
0.440171
0.111898
0.076369
0.018995
0.010773
0.079587
0.021145
0.006909
0.019756
0.014566
0.024403
0.027372
0.030675
0.032853
0.018847
0.010426
0.011129
0.016337
0.020508
0.012814
0.066736
0.022444
0.015486
0.010094
0.024356
0.030291
0.015054
0.129936
0.054243
0.115812
0.033655
0.060514
0.015536
0.027366
0.006936
0.013373
0.040608
0.057707
0.031939
0.011509
0.002412
0.015668
0.048708
0.007111
0.007066
0.008183
0.015644
0.021041
0.013823
0.023699
0.076327
0.025629
0.060591
0.022782
0.161384
0.031524
0.011548
0.085141
0.028105
0.019109
0.043091
0.030385
0.016056
0.676377
0.045316
0.043009
0.014572
0.088147
0.024904
0.037800
0.076990
0.008633
0.004024
0.026125
0.113139
0.025930
0.050679
0.018627
0.032481
0.105094
0.019507
0.027709
0.064894
0.020241
0.017272
0.015045
0.011946
0.013449
0.011845
0.031780
0.066267
0.021185
0.019889
0.013925
0.015048
0.043470
0.020330
0.003296
0.031479
0.010943
0.018549
0.025858
0.124282
0.029809
0.017168
0.073790
0.044868
0.008820
0.029806
0.026455
0.019849
0.022356
0.009659
0.024428
0.057905
0.080553
0.029360
0.022178
0.081705
0.019022
0.020077
0.022978
0.022829
0.116996
0.043891
0.040526
0.014619
0.012704
0.016463
0.026116
0.623968
0.015057
0.033878
0.013571
0.020695
0.060515
0.056150
0.046207
0.058494
0.034116
0.018325
0.089117
0.034184
0.019868
0.015660
0.010434
0.036581
0.003439
0.016671
0.006173
0.131674
0.077054
0.021402
0.052690
0.022921
0.020625
0.010541
0.017217
0.036193
0.018467
0.027427
0.010477
0.006539
0.019721
0.033041
0.005459
0.010866
0.009533
0.025168
0.005041
0.025743
0.138369
0.008974
0.010276
0.196540
0.043795
0.032732
0.016605
0.015868
0.072856
0.044156
0.013077
0.189261
0.069286
0.031426
0.055015
0.011643
0.042233
0.011978
0.046675
0.005074
0.024539
0.011424
0.011037
0.025542
0.012406
0.125300
0.025760
0.015755
0.044784
0.015256
0.488053
0.069037
0.016065
0.034819
0.047044
0.018788
0.013171
0.017247
0.010313
0.065156
0.031192
0.005875
0.156364
0.015287
0.017886
0.015146
0.018102
0.007959
0.024065
0.009325
0.088404
0.132342
0.032226
0.080274
0.066220
0.018036
0.038831
0.045075
0.009525
0.027692
0.012082
0.008447
0.024048
0.029135
0.051018
0.009877
0.014115
0.011972
0.081481
0.011914
0.051637
0.034206
0.067603
0.077913
0.010141
0.043188
0.019307
0.028468
0.008437
0.147280
0.037628
0.008799
0.015873
0.023235
0.015378
0.034921
0.018180
0.047110
0.120941
0.040120
0.031090
0.009703
0.013680
0.008786
0.014964
0.032957
0.011387
0.015986
0.015327
0.066119
0.100239
0.012894
0.226907
0.543844
0.060353
0.120606
0.031091
0.093721
0.049694
0.010221
0.007490
0.015208
0.089216
0.017520
0.021445
0.006594
0.068885
0.031106
0.013234
0.044417
0.015943
0.016467
0.021312
0.013113
0.091311
0.015969
0.049529
0.097294
0.025021
0.017112
0.033730
0.012526
0.031641
0.063799
0.102154
0.132856
0.024836
0.023894
0.013121
0.017864
0.010202
0.027818
0.017323
0.026039
0.007392
0.015687
0.010395
0.016618
0.011217
0.004950
0.005822
0.041275
0.077012
0.034562
0.015291
0.008777
0.017149
0.064811
0.155849
0.030410
0.022693
0.139045
0.044436
0.022972
0.024538
0.013632
0.021189
0.034773
0.011235
0.057318
0.065938
0.015570
0.014912
0.032361
0.147104
0.054729
0.035649
0.005496
0.498871
0.040158
0.042753
0.066589
0.015575
0.009785
0.010465
0.011624
0.048723
0.127419
0.007006
0.018024
0.105764
0.010889
0.025408
0.088632
0.027530
0.011170
0.026106
0.046954
0.149521
0.035596
0.045864
0.052795
0.009264
0.028235
0.047991
0.009258
0.005582
0.005644
0.094835
0.029706
0.071804
0.016889
0.021290
0.025794
0.029845
0.017660
0.022229
0.048863
0.031629
0.011574
0.054049
0.022606
0.016468
0.048413
0.028425
0.016650
0.015860
0.141542
0.023495
0.008129
0.187551
0.068363
0.028283
0.011852
0.050419
0.042069
0.022700
0.021733
0.007044
0.027605
0.015554
0.031866
0.137297
0.053533
0.033406
0.008601
0.023558
0.012089
0.014620
0.026008
0.118817
0.014047
0.019968
0.019087
0.128293
0.612199
0.038926
0.043246
0.031281
0.026773
0.039959
0.009592
0.013386
0.021777
0.029919
0.019627
0.011338
0.030706
0.040326
0.050456
0.118750
0.016117
0.103674
0.024375
0.050659
0.036659
0.017359
0.014165
0.024357
0.010476
0.021474
0.040852
0.031599
0.010252
0.009303
0.158292
0.007181
0.042693
0.019172
0.026761
0.049616
0.010858
0.011570
0.019044
0.017502
0.017371
0.160643
0.010576
0.027342
0.034329
0.052672
0.016434
0.017094
0.052909
0.025337
0.023377
0.024933
0.011875
0.013845
0.133515
0.012425
0.087065
0.054172
0.064711
0.032805
0.007878
0.010062
0.036563
0.020739
0.075356
0.020812
0.020771
0.011033
0.016113
0.018393
0.055221
0.022104
0.014719
0.017817
0.100553
0.038104
0.012645
0.028431
0.029179
0.051216
0.013994
0.377652
0.104977
0.032371
0.019707
0.103371
0.065463
0.026998
0.028339
0.038491
0.009131
0.019199
0.007646
0.009327
0.018654
0.052846
0.010486
0.024688
0.092778
0.014537
0.018475
0.101103
0.013719
0.023623
0.035422
0.031729
0.048902
0.014859
0.029069
0.041965
0.082046
0.008597
0.010256
0.108204
0.036201
0.042782
0.022737
0.060422
0.017964
0.040214
0.008445
0.060611
0.036040
0.052441
0.045444
0.025993
0.008536
0.104951
0.114756
0.017409
0.012598
0.038377
0.021415
0.032366
0.020050
0.021471
0.020643
0.030750
0.018075
0.008659
0.091558
0.141214
0.024551
0.036266
0.006481
0.017534
0.013404
0.019724
0.052245
0.015570
0.028881
0.017350
0.026172
0.010880
0.057134
0.116873
0.012547
0.013675
0.012024
0.020632
0.019020
0.019269
0.035257
0.079630
0.468398
0.035681
0.050456
0.007200
0.046507
0.119022
0.055162
0.015080
0.022325
0.073839
0.015499
0.018820
0.019037
0.006688
0.014838
0.048555
0.008417
0.030603
0.011533
0.028183
0.090146
0.099807
0.016157
0.073160
0.112883
0.005963
0.030860
0.067875
0.017925
0.019089
0.026496
0.049712
0.010529
0.054719
0.035104
0.027663
0.005131
0.018077
0.006689
0.011448
0.136061
0.027409
0.018129
0.131536
0.110413
0.027380
0.035732
0.026589
0.015875
0.016549
0.055833
0.023422
0.017099
0.008063
0.020117
0.038228
0.015228
0.035536
0.119364
0.017392
0.059972
0.050553
0.029860
0.013002
0.025048
0.016423
0.005189
0.077042
0.020578
0.023773
0.023327
0.008501
0.014482
0.007472
0.005890
0.063344
0.093169
0.033313
0.020091
0.026044
0.011224
0.026678
0.020900
0.081070
0.134648
0.435363
0.095044
0.058638
0.021783
0.013406
0.129511
0.039883
0.012918
0.037578
0.019969
0.013450
0.015608
0.028137
0.008772
0.008052
0.007032
0.071972
0.011564
0.024206
0.117690
0.039447
0.019503
0.025843
0.011539
0.006634
0.019496
0.009813
0.021197
0.185177
0.009831
0.017815
0.078183
0.022700
0.130326
0.017349
0.015867
0.036097
0.021396
0.013094
0.089760
0.089252
0.037335
0.015303
0.015068
0.018405
0.029738
0.044933
0.048348
0.139485
0.021233
0.025381
0.037746
0.024349
0.031982
0.005209
0.017242
0.014978
0.005817
0.085481
0.076821
0.055531
0.023506
0.027971
0.024046
0.016931
0.018049
0.007002
0.012155
0.009152
0.029714
0.011966
0.013820
0.011873
0.009543
0.080797
0.017391
0.068769
0.089655
0.023181
0.037542
0.020701
0.132783
0.021500
0.038945
0.021826
0.091310
0.046420
0.051136
0.030751
0.150591
0.043267
0.051096
0.021852
0.349740
0.047769
0.025643
0.012656
0.028727
0.014916
0.019390
0.023025
0.087962
0.053099
0.092897
0.013805
0.018502
0.014002
0.070876
0.022857
0.011169
0.083141
0.023552
0.021914
0.009226
0.142657
0.009795
0.033162
0.029633
0.019505
0.030833
0.075240
0.005775
0.028311
0.025450
0.015375
0.016816
0.071827
0.006314
0.128871
0.052677
0.052536
0.066258
0.008710
0.016341
0.157427
0.012793
0.011784
0.081362
0.015851
0.093752
0.015925
0.018244
0.010658
0.027794
0.013229
0.029605
0.047664
0.068047
0.017387
0.021304
0.072678
0.008129
0.021490
0.042966
0.174370
0.041362
0.056307
0.022839
0.021586
0.027686
0.077613
0.114385
0.071051
0.027243
0.052268
0.007626
0.022468
0.019305
0.011389
0.012073
0.007430
0.021251
0.061169
0.036870
0.029236
0.032920
0.014979
0.009601
0.020384
0.018498
0.012433
0.103872
0.136505
0.100038
0.027775
0.019791
0.030518
0.027612
0.269144
0.132734
0.013927
0.025429
0.038001
0.010770
0.015574
0.093715
0.086125
0.085740
0.014755
0.069077
0.019611
0.015522
0.007903
0.014113
0.009409
0.007797
0.021471
0.068029
0.049123
0.015957
0.010888
0.085458
0.019443
0.100931
0.059935
0.005653
0.014028
0.019700
0.008377
0.017579
0.008197
0.025011
0.048822
0.024308
0.014655
0.129212
0.008397
0.111244
0.029242
0.012561
0.061512
0.021250
0.015670
0.016476
0.007359
0.008449
0.117933
0.007387
0.013399
0.062142
0.014389
0.034004
0.027383
0.121300
0.049086
0.021745
0.065434
0.036635
0.060350
0.015377
0.017096
0.026144
0.059453
0.021994
0.091586
0.019167
0.108806
0.031059
0.011886
0.024734
0.017827
0.031384
0.008543
0.014650
0.016481
0.025651
0.077681
0.020090
0.030035
0.021063
0.055972
0.109649
0.052085
0.020270
0.056696
0.085214
0.018279
0.033662
0.017148
0.008155
0.010438
0.011321
0.007286
0.124467
0.132469
0.393114
0.027306
0.103237
0.040287
0.016406
0.071561
0.049843
0.006404
0.017571
0.021897
0.020864
0.017084
0.068878
0.074290
0.037855
0.040645
0.012058
0.016202
0.045104
0.058164
0.010112
0.108779
0.044788
0.005787
0.011974
0.019072
0.088385
0.107247
0.023758
0.053614
0.017292
0.011668
0.018268
0.016693
0.006704
0.039694
0.020576
0.014769
0.012295
0.030724
0.015344
0.010892
0.010439
0.131081
0.034442
0.013119
0.013309
0.012211
0.007942
0.018891
0.067943
0.028074
0.032089
0.330083
0.040000
0.031293
0.052523
0.030165
0.009828
0.047624
0.019316
0.015652
0.060067
0.112230
0.055619
0.014046
0.013312
0.023589
0.013727
0.019142
0.056219
0.035517
0.021634
0.016109
0.013524
0.012720
0.011985
0.083149
0.014207
0.025955
0.128039
0.017152
0.012279
0.039959
0.052732
0.031935
0.038243
0.154941
0.021675
0.098524
0.025036
0.080274
0.114665
0.069196
0.025577
0.016036
0.022563
0.023661
0.023843
0.201232
0.104687
0.029414
0.042645
0.021279
0.017432
0.035736
0.008560
0.013089
0.040836
0.016770
0.024317
0.008367
0.023402
0.145429
0.024624
0.019734
0.071404
0.020846
0.019637
0.012262
0.094656
0.014066
0.024067
0.035613
0.009792
0.010140
0.016775
0.241652
0.106481
0.010801
0.027604
0.010605
0.039785
0.048735
0.011300
0.129371
0.083928
0.020120
0.014353
0.017376
0.009273
0.050980
0.025104
0.012826
0.011940
0.016311
0.008552
0.023831
0.016592
0.025025
0.050994
0.048189
0.114910
0.009737
0.011505
0.020439
0.008422
0.022121
0.120913
0.049412
0.019831
0.022028
0.089206
0.064962
0.040766
0.020315
0.022152
0.067618
0.033468
0.016460
0.033867
0.028072
0.224775
0.024573
0.043457
0.146092
0.062143
0.068359
0.021409
0.023471
0.013861
0.178298
0.037994
0.017652
0.013565
0.022170
0.008782
0.027965
0.043579
0.022211
0.043493
0.015773
0.021324
0.025131
0.155522
0.015721
0.035963
0.011534
0.023823
0.012919
0.238049
0.086141
0.027112
0.010456
0.030154
0.032619
0.019258
0.018122
0.022015
0.046949
0.085603
0.043101
0.019727
0.019534
0.053496
0.049849
0.017470
0.027265
0.089777
0.029145
0.007896
0.015728
0.058730
0.034334
0.029762
0.026579
0.005155
0.014929
0.018162
0.013145
0.059186
0.025469
0.072056
0.075172
0.032151
0.036915
0.024394
0.013213
0.010210
0.015419
0.007972
0.056350
0.014466
0.030292
0.025931
0.020752
0.015593
0.010035
0.012787
0.182809
0.033768
0.030075
0.102551
0.021087
0.013340
0.014098
0.022048
0.024785
0.028471
0.048860
0.016494
0.134051
0.029599
0.020084
0.006091
0.081172
0.021433
0.014159
0.074603
0.028811
0.097726
0.040334
0.012510
0.016641
0.066932
0.022687
0.005261
0.033850
0.016351
0.015684
0.160448
0.016588
0.018314
0.023267
0.017587
0.032791
0.029835
0.120309
0.021953
0.061899
0.023079
0.028092
0.014774
0.054259
0.009483
0.016871
0.028213
0.018123
0.010658
0.022832
0.013860
0.016189
0.158513
0.318658
0.087621
0.019359
0.046461
0.027377
0.097360
0.094875
0.049610
0.022000
0.015341
0.026738
0.013369
0.012423
0.110455
0.022601
0.072742
0.024774
0.017069
0.024132
0.019114
0.022054
0.031992
0.007640
0.018152
0.007789
0.046501
0.014084
0.020304
0.015715
0.083981
0.025074
0.058567
0.022010
0.043060
0.023582
0.123571
0.036424
0.070091
0.040767
0.015078
0.011212
0.035250
0.020718
0.007851
0.007214
0.046423
0.014796
0.019401
0.018644
0.012370
0.008107
0.015208
0.010764
0.140895
0.146928
0.018099
0.032297
0.025757
0.031006
0.038833
0.133885
0.033353
0.019949
0.024244
0.057853
0.201025
0.037268
0.042860
0.016475
0.019368
0.050683
0.025838
0.235327
0.032165
0.011324
0.018300
0.048276
0.017987
0.037055
0.019922
0.013086
0.056511
0.017098
0.024668
0.019381
0.019243
0.017572
0.025259
0.016920
0.016981
0.015560
0.107975
0.113945
0.012729
0.029963
0.034195
0.015370
0.052579
0.058787
0.057828
0.038649
0.071944
0.023590
0.037882
0.025291
0.702116
0.036354
0.059874
0.050527
0.075484
0.018768
0.026482
0.010199
0.004700
0.016778
0.015494
0.109052
0.056674
0.015418
0.028665
0.010551
0.005140
0.021023
0.022004
0.007171
0.055744
0.025910
0.139740
0.073428
0.018870
0.026225
0.011125
0.017222
0.037610
0.068726
0.078738
0.023307
0.021669
0.026275
0.005052
0.012800
0.012880
0.016961
0.014988
0.018971
0.007596
0.012997
0.041307
0.030186
0.012735
0.017239
0.018479
0.110057
0.023383
0.028091
0.041383
0.052940
0.081594
0.030235
0.011351
0.016538
0.024920
0.010624
0.021106
0.021454
0.188748
0.050103
0.035027
0.141611
0.020851
0.026632
0.011779
0.008076
0.016789
0.033084
0.059020
0.014267
0.014905
0.017278
0.124070
0.016733
0.047422
0.014228
0.049980
0.020407
0.019638
0.154198
0.156186
0.034853
0.024360
0.050198
0.022874
0.035198
0.097151
0.016062
0.036255
0.024141
0.011846
0.022056
0.010940
0.008965
0.015116
0.015583
0.014949
0.021888
0.099142
0.012403
0.007927
0.026138
0.078119
0.117389
0.068331
0.056805
0.047148
0.493874
0.048144
0.038348
0.022181
0.009160
0.041866
0.030445
0.037707
0.007293
0.045026
0.053999
0.021008
0.017828
0.012632
0.036378
0.126153
0.023428
0.012052
0.009193
0.028304
0.011843
0.019162
0.120255
0.037958
0.005388
0.017932
0.016105
0.013306
0.027300
0.045178
0.053586
0.020370
0.070168
0.011004
0.023549
0.018020
0.005722
0.088635
0.097538
0.021884
0.020876
0.021085
0.025168
0.008821
0.027249
0.031636
0.008727
0.030627
0.060388
0.130834
0.011674
0.010245
0.008912
0.010480
0.014851
0.022079
0.019511
0.015687
0.112432
0.022866
0.016457
0.035711
0.016670
0.105757
0.119805
0.035396
0.011842
0.009972
0.014536
0.008571
0.028739
0.017770
0.028136
0.020333
0.144752
0.027790
0.013966
0.036896
0.020849
0.011481
0.049210
0.017289
0.065129
0.022796
0.012157
0.014504
0.013456
0.015973
0.049713
0.010887
0.018077
0.012817
0.014032
0.009560
0.143693
0.025389
0.036397
0.030999
0.080639
0.038251
0.136877
0.115443
0.116975
0.021230
0.064144
0.040091
0.021179
0.051330
0.027601
0.011725
0.018068
0.011207
0.010110
0.026130
0.115755
0.041456
0.021046
0.498898
0.030011
0.034012
0.025956
0.112088
0.049782
0.027901
0.089494
0.048609
0.024123
0.032377
0.020530
0.030082
0.013852
0.039802
0.008216
0.059743
0.034935
0.010273
0.018116
0.011927
0.008670
0.027150
0.012583
0.017272
0.031296
0.075386
0.067956
0.018137
0.017158
0.027339
0.010270
0.152687
0.149812
0.020242
0.021028
0.018411
0.073415
0.014168
0.043282
0.035072
0.019159
0.028169
0.011812
0.034039
0.010790
0.014761
0.011673
0.008038
0.171914
0.218744
0.017625
0.015539
0.023854
0.011148
0.078905
0.040802
0.015238
0.026866
0.021125
0.097219
0.026534
0.010503
0.016324
0.023558
0.113537
0.028344
0.046743
0.017302
0.042495
0.009204
0.025231
0.009088
0.023130
0.097507
0.014946
0.013997
0.021885
0.007778
0.017229
0.022355
0.027893
0.021011
0.095498
0.003665
0.056284
0.018600
0.060003
0.194338
0.020714
0.022736
0.091337
0.039022
0.053825
0.050847
0.027965
0.027394
0.020628
0.175644
0.031480
0.102627
0.068200
0.112138
0.021267
0.027599
0.083446
0.009792
0.032147
0.015268
0.016716
0.014307
0.107208
0.145787
0.028461
0.019633
0.021531
0.010059
0.019052
0.016511
0.268754
0.037813
0.038742
0.075900
0.014882
0.018028
0.079143
0.038089
0.016012
0.019154
0.097090
0.169154
0.028221
0.035934
0.078616
0.008255
0.041610
0.052984
0.014846
0.027141
0.016263
0.014776
0.007491
0.007850
0.058647
0.008772
0.013995
0.030039
0.014260
0.024475
0.023286
0.039190
0.042138
0.059162
0.070187
0.023456
0.026142
0.084752
0.014196
0.030887
0.035507
0.017183
0.033007
0.044929
0.140040
0.050323
0.055476
0.014437
0.029253
0.022658
0.011188
0.025084
0.021938
0.061928
0.023420
0.007423
0.010495
0.038367
0.012457
0.012709
0.021344
0.084323
0.025107
0.012260
0.037664
0.022593
0.011086
0.013423
0.012618
0.007323
0.014511
0.064643
0.139106
0.025158
0.063920
0.024354
0.086589
0.165081
0.026598
0.019332
0.037476
0.037071
0.015131
0.031461
0.120883
0.018850
0.131918
0.025756
0.015477
0.037900
0.020786
0.011171
0.012759
0.072938
0.026812
0.011928
0.014737
0.005281
0.011851
0.039431
0.167242
0.024373
0.008051
0.021429
0.018239
0.021552
0.032186
0.052703
0.095718
0.013202
0.036313
0.161126
0.013581
0.032598
0.027455
0.150118
0.088600
0.090397
0.020468
0.043856
0.032180
0.236103
0.023314
0.028391
0.016764
0.031151
0.073424
0.025312
0.030270
0.014732
0.014524
0.102144
0.024942
0.044843
0.027369
0.011300
0.013198
0.013760
0.025555
0.086811
0.031531
0.025944
0.082510
0.252423
0.097302
0.010259
0.019263
0.073780
0.017095
0.056018
0.028955
0.029406
0.026768
0.080660
0.058066
0.027209
0.011231
0.020098
0.020243
0.028596
0.009702
0.003332
0.004994
0.043867
0.080117
0.021843
0.085253
0.015820
0.158303
0.045722
0.009115
0.009463
0.030737
0.010233
0.038444
0.025877
0.029560
0.017332
0.016802
0.008451
0.095809
0.020784
0.024389
0.015741
0.135184
0.026549
0.020531
0.023061
0.142568
0.030064
0.010909
0.012704
0.019792
0.101996
0.031514
0.006222
0.014579
0.039301
0.055614
0.019578
0.012738
0.102114
0.016702
0.036280
0.026074
0.026802
0.017384
0.018010
0.014806
0.014194
0.026698
0.009223
0.151824
0.076082
0.014667
0.025860
0.025746
0.016725
0.029639
0.008093
0.007398
0.013558
0.061739
0.011961
0.238667
0.024637
0.015524
0.110918
0.041092
0.056771
0.037435
0.025131
0.016626
0.022322
0.018796
0.033380
0.012377
0.022578
0.013833
0.028153
0.078261
0.169168
0.024036
0.031985
0.548786
0.054363
0.103922
0.029385
0.024969
0.056029
0.007833
0.027790
0.017157
0.012883
0.080999
0.033238
0.028703
0.017669
0.019730
0.134114
0.034787
0.024523
0.009369
0.020053
0.035874
0.056851
0.031557
0.020789
0.030135
0.125211
0.014798
0.022677
0.037798
0.030154
0.028866
0.009433
0.077622
0.009827
0.044075
0.018130
0.011027
0.025494
0.012191
0.019753
0.048891
0.037551
0.014393
0.123019
0.031879
0.024246
0.021350
0.128700
0.015554
0.019834
0.058295
0.013077
0.018239
0.038353
0.027374
0.104536
0.017371
0.020676
0.058541
0.022351
0.019841
0.089495
0.095298
0.027907
0.027323
0.053819
0.028105
0.022830
0.016897
0.024132
0.007894
0.005575
0.018526
0.009146
0.026459
0.065660
0.057811
0.029894
0.016828
0.018555
0.024297
0.110896
0.032433
0.020683
0.015692
0.016080
0.018368
0.023622
0.108393
0.084475
0.019519
0.024392
0.021643
0.067822
0.035286
0.013406
0.015228
0.010006
0.050975
0.224557
0.076806
0.032626
0.024015
0.095486
0.049502
0.049601
0.012656
0.023112
0.021826
0.034618
0.135123
0.033177
0.111583
0.021873
0.019004
0.017032
0.113278
0.017286
0.017659
0.012690
0.024482
0.011883
0.019350
0.036749
0.008701
0.040867
0.118338
0.372232
0.040391
0.027847
0.043879
0.030337
0.011898
0.012628
0.052504
0.037999
0.111430
0.121392
0.032545
0.012798
0.025082
0.022903
0.014815
0.038157
0.016510
0.012655
0.025639
0.018191
0.018769
0.035185
0.007443
0.026123
0.226206
0.092492
0.037441
0.012251
0.030876
0.015845
0.067013
0.020487
0.058998
0.036244
0.004984
0.012727
0.031876
0.016217
0.130809
0.032532
0.042836
0.021167
0.017113
0.033842
0.077977
0.111652
0.022303
0.019287
0.020975
0.015767
0.020089
0.008054
0.009962
0.148984
0.030660
0.027011
0.110951
0.014430
0.026083
0.014070
0.014408
0.020275
0.082313
0.201263
0.039524
0.022529
0.080349
0.022403
0.011833
0.033728
0.089047
0.061546
0.031236
0.037087
0.023673
0.023621
0.008329
0.022386
0.015518
0.018519
0.064451
0.084506
0.009368
0.015728
0.009180
0.021989
0.007451
0.014875
0.014785
0.022833
0.129829
0.025852
0.013120
0.044818
0.011789
0.083355
0.021544
0.031939
0.067563
0.016920
0.025493
0.023842
0.021760
0.227015
0.107249
0.022852
0.040586
0.088260
0.035108
0.012680
0.021101
0.014826
0.014126
0.010704
0.015104
0.020923
0.086767
0.012952
0.017266
0.084710
0.016134
0.023365
0.013319
0.020994
0.043666
0.026232
0.017905
0.043504
0.555493
0.058468
0.050344
0.022209
0.015540
0.048133
0.032832
0.117992
0.032888
0.035800
0.024266
0.083656
0.015749
0.058547
0.042818
0.020844
0.033680
0.013077
0.021444
0.023417
0.006844
0.009722
0.052230
0.008268
0.015543
0.006012
0.007714
0.022101
0.103684
0.009224
0.035003
0.020065
0.150609
0.020273
0.070482
0.105721
0.051292
0.055707
0.022627
0.002784
0.052009
0.031249
0.125373
0.011588
0.018284
0.015358
0.017906
0.013564
0.067827
0.028736
0.039893
0.024606
0.027684
0.021547
0.022009
0.010075
0.081880
0.024793
0.022636
0.036822
0.018222
0.011112
0.013017
0.154751
0.025962
0.007239
0.006121
0.074951
0.022363
0.050914
0.016663
0.021584
0.051159
0.018421
0.019639
0.012099
0.012067
0.013184
0.023680
0.038752
0.054839
0.191165
0.070265
0.042091
0.027361
0.032579
0.006479
0.101708
0.064290
0.075166
0.011526
0.020594
0.013844
0.093407
0.023023
0.010811
0.025114
0.012469
0.088493
0.084123
0.032673
0.013780
0.015902
0.015106
0.019705
0.019431
0.021285
0.012043
0.012636
0.097444
0.167216
0.029724
0.018169
0.017986
0.023665
0.114165
0.073759
0.012209
0.135771
0.012320
0.032465
0.031321
0.025186
0.018401
0.022748
0.019229
0.010527
0.017861
0.013135
0.009734
0.016805
0.017150
0.092520
0.226170
0.050253
0.063087
0.024799
0.174672
0.044059
0.049588
0.032358
0.022105
0.023648
0.027417
0.105946
0.126311
0.008747
0.042139
0.024752
0.015564
0.029789
0.021671
0.030240
0.094150
0.035483
0.060287
0.010437
0.041949
0.019858
0.024661
0.015453
0.007593
0.016540
0.015498
0.088506
0.046911
0.009665
0.085036
0.011378
0.195357
0.017978
0.009956
0.012247
0.019525
0.014576
0.043243
0.033112
0.018510
0.020163
0.015700
0.063413
0.034674
0.024054
0.024329
0.010830
0.018404
0.026462
0.106908
0.055573
0.011966
0.008570
0.005478
0.010683
0.003627
0.039475
0.013193
0.043668
0.017918
0.128210
0.020787
0.026674
0.215630
0.051280
0.010179
0.016668
0.030765
0.017809
0.029022
0.049496
0.023915
0.012982
0.018860
0.020084
0.022837
0.028874
0.077738
0.021747
0.004688
0.080356
0.009768
0.010089
0.149841
0.016457
0.021116
0.034074
0.034416
0.011304
0.034498
0.118910
0.017233
0.007336
0.151741
0.045513
0.014944
0.108833
0.037979
0.051709
0.027306
0.022261
0.034874
0.017196
0.030914
0.029592
0.019317
0.018393
0.007653
0.083546
0.059031
0.021046
0.016952
0.026159
0.006546
0.054973
0.123448
0.008309
0.147108
0.125803
0.049996
0.018145
0.145745
0.050175
0.040080
0.040152
0.019207
0.021518
0.014132
0.018527
0.009485
0.571603
0.193679
0.023037
0.009968
0.034925
0.076762
0.020543
0.010553
0.025209
0.026991
0.020777
0.106532
0.055466
0.012222
0.033598
0.030267
0.024660
0.010014
0.032248
0.028742
0.060246
0.011249
0.033789
0.008575
0.003585
0.025292
0.032665
0.004198
0.013116
0.038906
0.016081
0.008502
0.024397
0.044574
0.023288
0.009586
0.015687
0.030847
0.027743
0.040907
0.148660
0.018836
0.009505
0.015031
0.015467
0.088480
0.036407
0.092818
0.039638
0.091175
0.017299
0.007277
0.014972
0.122574
0.025268
0.036271
0.067304
0.048211
0.017600
0.079432
0.108153
0.054310
0.038242
0.036118
0.021334
0.029811
0.012348
0.067201
0.026502
0.017062
0.012644
0.010424
0.018144
0.019326
0.024396
0.038036
0.020223
0.010350
0.006300
0.012563
0.011261
0.024269
0.113270
0.127861
0.029121
0.050250
0.036052
0.029464
0.019987
0.056592
0.005569
0.027609
0.036133
0.012554
0.089583
0.076867
0.028997
0.021313
0.016252
0.021375
0.016747
0.013895
0.152490
0.054526
0.060828
0.011404
0.016493
0.018939
0.025069
0.062499
0.046737
0.013207
0.015359
0.048918
0.029810
0.130181
0.023291
0.018967
0.009900
0.016816
0.010679
0.151936
0.024673
0.034254
0.007955
0.019164
0.026651
0.019466
0.030158
0.022078
0.096496
0.018359
0.022370
0.076085
0.222595
0.016270
0.037904
