2.500814
2.712359
2.244800
2.016644
2.196514
2.094456
2.031802
2.058105
1.938906
1.931816
1.924212
2.141749
1.876131
1.998770
2.005550
1.872846
1.876966
1.899330
1.956598
2.049077
2.041303
1.864786
1.866662
1.889010
1.999614
1.879660
1.831095
1.803683
1.857167
1.938759
1.964013
1.951290
1.789838
1.772783
1.808236
1.915032
1.762244
1.918239
1.881703
2.005089
1.760528
1.809698
1.938896
1.910231
1.873559
1.905749
1.921998
1.627492
1.803468
1.822181
1.785668
1.832255
1.842330
1.853476
1.889518
1.911765
1.828940
1.808758
1.789787
1.813177
1.924420
1.791790
1.728990
1.736824
1.919421
1.824938
1.758771
1.893684
1.772151
1.871355
1.686064
2.012539
1.691761
1.691343
1.782568
1.698161
1.794265
1.751317
1.844658
1.754555
1.928546
1.941077
1.877442
1.817605
1.777737
1.838650
1.815300
1.845621
1.785423
1.676134
2.085048
1.794724
1.712169
1.755822
1.820084
1.680492
1.774761
1.823574
1.832498
1.850204
1.847245
1.684325
1.732832
1.907322
1.739871
1.790302
1.844241
1.844495
1.958029
1.820384
1.799356
1.662009
1.819444
1.840283
1.824928
1.663480
1.843704
1.831394
1.816260
1.707220
1.709609
1.658382
1.797065
1.663444
1.745424
1.791094
1.687746
1.692037
1.675188
1.834649
1.662497
1.765239
1.697794
1.684083
1.678669
1.734012
1.761037
1.792413
1.696583
1.686549
1.913969
2.123391
1.701719
1.939967
1.660676
1.692079
1.777299
1.730538
1.694096
1.783446
1.760877
1.931642
1.782899
1.758060
1.765077
1.797237
1.772442
1.660506
1.827461
1.799802
1.802984
1.699030
1.878322
1.814276
1.789695
1.771038
1.724452
1.704492
1.607661
1.696319
1.725987
1.696892
1.698491
1.724314
1.843505
1.881119
1.672740
1.761559
2.024514
1.780463
1.752553
1.691848
1.792161
1.800349
1.647961
1.701132
1.663611
1.886801
1.568892
1.872559
1.882079
1.878146
1.852824
1.712768
1.725426
1.736104
1.732465
1.762210
1.782939
1.753957
1.713202
1.740681
1.910196
1.821017
1.700471
1.897002
1.784337
1.758676
1.879483
1.599851
1.706547
1.737167
1.701733
1.765045
1.849276
1.738075
1.736392
1.784386
1.644544
1.679146
1.914102
1.642544
1.751997
1.770620
1.688935
1.683720
1.722963
1.606473
1.692728
1.808366
1.668133
1.686724
1.815020
1.690718
1.656917
1.724947
1.716035
1.606549
1.767485
2.016891
1.750306
1.928709
1.839081
1.711800
1.842453
1.775245
1.936687
1.621702
1.724519
1.641732
1.543974
1.738461
1.950128
1.780978
1.706123
1.833523
1.639792
1.795876
1.578499
1.702821
1.840919
1.634694
1.767775
1.628517
1.710492
1.617707
1.657183
1.990513
1.628878
1.667974
1.706751
1.712641
1.776871
1.570881
1.718769
1.853069
1.721336
1.647807
1.593659
1.685151
1.588364
1.663170
1.657968
1.778186
1.773497
1.874158
1.720462
1.835671
1.801936
1.714310
1.760780
1.719935
1.670760
1.644256
1.582766
1.696257
1.697032
1.872458
1.677441
1.731490
1.677299
1.791498
1.861807
1.763017
1.841121
1.715714
1.782201
1.731700
1.807360
1.812743
1.716524
1.666674
1.927198
1.538483
1.697436
1.804372
1.678628
1.520398
1.606057
1.696740
1.636341
1.757012
1.757826
1.813521
1.736463
1.687914
1.681067
1.540752
1.768156
1.650089
1.618337
1.765810
1.729944
1.782631
1.750478
1.858411
1.812802
1.715325
1.612495
1.661337
1.713215
1.729755
1.819320
1.921759
1.736663
1.535864
1.756641
1.568995
1.664766
1.784786
1.763469
1.796538
1.793665
1.718335
1.675852
1.690460
1.733029
1.626826
1.758294
1.985669
1.786587
1.559779
1.712901
1.703296
1.839847
1.672984
1.670993
1.472756
1.841231
1.694603
1.611100
1.696372
1.673752
1.600264
1.603800
1.549139
1.753834
1.738496
1.693515
1.670530
1.729750
1.572517
1.596927
1.597754
1.755386
1.722338
1.781333
1.825199
1.817415
1.718817
1.646316
1.708173
1.779744
1.570714
1.787617
1.586459
1.710425
1.703195
1.601409
1.773418
1.667427
1.607492
1.778428
1.658622
1.786190
1.856662
1.787384
1.625825
1.586969
1.799953
1.648141
1.640710
1.703973
1.660497
1.594297
1.602968
1.683056
1.543546
1.666986
1.763072
1.601343
1.553858
1.706000
1.575269
1.654799
1.665237
1.715951
1.714574
1.820777
1.655077
1.735835
1.214752
1.627240
1.640961
1.625247
1.857221
1.696044
1.620255
1.692425
1.944026
1.770368
1.782136
1.743365
1.591932
1.707350
1.855225
1.558040
1.648756
1.541161
1.702994
1.820600
1.609580
1.867408
1.832448
1.758902
1.677310
1.495664
1.682010
1.569422
1.669773
1.689934
1.754887
1.653471
1.818484
1.828834
1.611189
1.583237
1.745669
1.563627
1.694237
1.696304
1.799026
1.612530
1.700338
1.728580
1.629891
1.773963
1.605201
1.784730
1.520602
1.754379
1.561215
1.641382
1.603509
1.648656
1.671955
1.665732
1.568280
1.733675
1.648123
1.629104
1.726340
1.697399
1.678450
1.541199
1.767886
1.672591
1.666016
1.698745
1.747209
1.613807
1.735479
1.796382
1.572565
1.585375
1.683012
1.603012
1.746525
1.796619
1.666008
1.574309
1.681352
1.515309
1.722856
1.638395
1.845254
1.649969
1.710374
1.521836
1.734232
1.785639
1.732952
1.835716
1.683900
1.708632
1.706401
1.787368
2.086356
1.600281
1.629783
1.694428
1.595453
1.505128
1.690081
1.812718
1.741210
1.737520
1.551977
1.741621
1.882139
1.754403
1.755166
1.729658
1.667060
1.595800
1.630705
1.701639
1.748045
1.769259
1.690543
1.856797
1.560806
1.716902
1.804458
1.657238
1.424715
1.679674
1.722273
1.622986
1.871364
1.710981
1.642107
1.695185
1.543744
1.637327
1.615645
1.750252
1.603863
1.694032
1.744401
1.623846
1.799521
1.613258
1.532669
1.628060
2.038285
1.657447
1.711242
1.683401
1.709074
1.767389
1.541643
1.693685
1.555018
1.672879
1.702975
1.718008
1.685487
1.604596
1.641402
1.815113
1.674001
1.667383
1.765937
1.591354
1.628670
1.698444
1.608683
1.681459
1.797808
1.517198
1.581157
1.627175
1.649861
1.619673
1.553383
1.825205
1.713730
1.638829
1.522686
1.743789
1.696748
1.715359
1.761577
1.732182
1.573792
1.803492
1.630014
1.708607
1.677110
1.643159
1.581167
1.671348
1.735402
1.613327
1.529214
1.641683
1.826073
1.678329
1.678838
1.723479
1.767674
1.613341
1.560629
1.654970
1.833565
1.593854
1.719696
1.528528
1.612635
1.697331
1.786861
1.709758
1.777420
1.725553
1.607455
1.665707
1.780368
1.690715
1.632597
1.782565
1.622556
1.795365
1.592801
1.630097
1.721841
1.578016
1.538967
1.815507
1.600858
1.580915
1.690135
1.731046
1.703638
1.851949
1.662646
1.745368
1.772246
1.729338
1.515986
1.556595
1.408052
1.651522
1.631962
1.606431
1.741706
1.689427
1.603465
1.565513
1.668442
1.673944
1.692238
1.759052
1.679462
1.626245
1.715464
1.555202
1.630844
1.695945
1.699497
1.809569
1.619123
1.747705
1.836732
1.736030
1.637127
1.728046
1.879457
1.679717
1.725656
1.719568
1.550172
1.742210
1.519190
1.586601
1.646242
1.714247
1.631545
1.607303
1.681793
1.506242
1.546814
1.628769
1.674563
1.819295
1.622701
1.548379
1.634724
1.519180
1.725628
1.728932
1.618310
1.685278
1.588633
1.735619
1.672827
1.578674
1.754289
1.634172
1.681020
1.548872
1.646595
1.743531
1.504903
1.742048
1.560827
1.658602
1.663092
1.650737
1.568218
1.576283
1.772029
1.811088
1.680712
1.647068
1.822395
1.611933
1.582514
1.749612
1.583060
1.638962
1.638470
1.715468
1.597777
1.596487
1.674829
1.720801
1.778257
1.583132
1.562116
1.634819
1.758545
1.691493
1.621065
1.550061
1.636925
1.639711
1.257344
1.707013
1.677792
1.683249
1.804813
1.688494
1.753250
1.764007
1.700584
1.607990
1.664732
1.620541
1.569432
1.629619
1.674414
1.584938
1.757439
1.610009
1.395867
1.636756
1.611565
1.624385
1.671363
1.561153
1.860857
1.605295
1.578358
1.763869
1.648626
1.567301
1.617937
1.590994
1.647437
1.601940
1.776855
1.678783
1.764415
1.640530
1.641884
1.758932
1.634785
1.631154
1.640126
1.667030
1.559717
1.740552
1.616048
1.564694
1.516697
1.627078
1.714516
1.693602
1.740108
1.640287
1.756112
1.685405
1.682865
1.645186
1.583651
1.574632
1.581055
1.886762
1.816784
1.612809
1.522138
1.719061
1.616617
1.709687
1.653234
1.550160
1.683026
1.523436
1.741962
1.612912
1.788565
1.527660
1.835451
1.637314
1.491218
1.640992
1.607216
1.667952
1.841108
1.840271
1.510464
1.673058
1.686698
1.551528
1.570904
1.735380
1.655763
1.671156
1.541703
1.562436
1.787110
1.531231
1.626419
1.583045
1.595545
1.488840
1.707644
1.709273
1.615522
1.739416
1.673151
1.696284
1.705022
1.668500
1.546656
1.569508
1.815641
1.602905
1.657243
1.516307
1.933408
1.568730
1.792540
1.650354
1.827209
1.608739
1.528638
1.621950
1.507893
1.489897
1.486963
1.632237
1.466330
1.677924
1.720459
1.600263
1.577363
1.518200
1.539872
1.732699
1.547149
1.689391
1.696128
1.563427
1.675450
1.598388
1.698530
1.648539
1.677709
1.727605
2.119698
1.633626
1.679675
1.483148
1.616989
1.841670
1.625340
1.800914
1.703460
1.546095
1.445997
1.653610
1.745729
1.573330
1.524198
1.608294
1.515563
1.620664
1.741392
1.618917
1.671181
1.577948
1.849596
1.743558
1.465587
1.522030
1.594500
1.632033
1.612931
1.625264
1.523792
1.681588
1.644645
1.660191
1.748123
1.734805
1.544777
1.692640
1.671672
1.581148
1.642514
1.679324
1.681876
1.743100
1.669233
1.505624
1.729955
1.630832
1.571287
1.619145
1.610870
1.668024
1.649789
1.709355
1.594717
1.665378
1.522400
1.611431
1.691929
1.626214
1.645220
1.521374
1.546640
1.678673
1.676608
1.568211
1.629791
1.688131
1.605706
1.782777
1.612177
1.716921
1.714844
1.528143
1.561402
1.686046
1.666810
1.601459
1.635248
1.592473
1.597827
1.517994
1.646166
1.724778
1.613951
1.669769
1.585517
1.638569
1.678143
1.552926
1.761186
1.540506
1.696268
1.617230
1.585547
1.510357
1.552572
1.758203
1.718636
1.616845
1.512170
1.734964
1.526525
1.818319
1.604015
1.708852
1.545748
1.506797
1.616984
1.744109
1.512550
1.748062
1.706746
1.688273
1.648181
1.637775
1.597355
1.627228
1.839199
1.577715
1.628737
1.593425
1.579670
1.583183
1.601625
1.544248
1.539304
1.582970
1.723569
1.650683
1.692366
1.539355
1.592191
1.518525
1.675442
1.534059
1.507812
1.618347
1.631847
1.544469
1.638982
1.512909
1.736229
1.830942
1.676366
1.711957
1.664778
1.521411
1.670919
1.633489
1.653815
1.682303
1.579589
1.631154
1.704419
1.661876
1.613850
1.670955
1.564291
1.469736
1.590627
1.619771
1.815085
1.576991
1.641242
1.679283
1.632467
1.822967
1.460585
1.789303
1.521562
1.478921
1.576362
1.684449
1.662168
1.444688
1.663643
1.453940
1.621841
1.536626
1.607910
1.690743
1.709279
1.754407
1.796224
1.567221
1.534878
1.574568
1.707274
1.449645
1.777656
1.678921
2.135983
1.575680
1.638636
1.661399
1.697201
1.584695
1.453740
1.702401
1.723357
1.790970
1.439603
1.601190
1.482117
1.592435
1.443978
1.631786
1.648293
1.548107
1.752052
1.736633
1.755891
1.602322
1.445007
1.588168
1.587917
1.623430
1.749828
1.457301
1.744761
1.618089
1.729636
1.787458
1.651787
1.751144
1.622854
1.734490
1.526784
1.677304
1.601593
1.749279
1.404096
1.683095
1.527061
1.767753
1.609515
1.731191
1.570666
1.523807
2.003685
1.647309
1.665641
1.561031
1.629758
1.734395
1.502197
1.699449
1.647648
1.582975
1.581088
1.629438
1.684811
1.674646
1.799016
1.520347
1.659710
1.636253
1.490433
1.570149
1.746525
1.359723
1.554006
1.554305
1.586008
1.741918
1.602182
1.503794
1.600280
1.705224
1.549574
1.490968
1.614628
1.710044
1.592954
1.671345
1.724032
1.665738
1.651335
1.678231
1.594788
1.618714
1.702066
1.757682
1.678560
1.690931
1.663663
1.536347
2.077528
1.564299
1.535867
1.706838
1.605261
1.667377
1.639654
1.640050
1.740461
1.752307
1.536262
1.722147
1.730474
1.517899
1.663023
1.701161
1.538082
1.516067
1.701720
1.588894
1.648784
1.745432
1.614329
1.523558
1.790712
1.537643
1.728531
1.702668
1.794220
1.535667
1.672712
1.461552
1.684632
1.647616
1.549633
1.589313
1.502607
1.605859
1.580598
1.670214
1.591177
1.565343
1.763211
1.551351
1.606459
1.677837
1.648356
1.508462
1.774860
1.516075
1.609802
1.696205
1.498802
1.635713
1.511564
1.650499
1.519473
1.784856
1.587630
1.444175
1.629327
1.656022
1.445506
1.658859
1.593215
1.757867
1.522317
1.616324
1.699293
1.735611
1.480947
1.679081
1.579758
1.852346
1.690131
1.479347
1.621953
1.720945
1.732265
1.683337
1.500298
1.553906
1.585393
1.693999
1.687426
1.583174
1.541381
1.759202
1.526964
1.580841
1.581057
1.550098
1.736431
1.648793
1.582183
1.619552
1.513823
1.861666
1.733372
1.639309
1.659565
1.564283
1.586906
1.546632
1.691924
1.713773
1.658752
1.512764
1.468408
1.576447
1.535322
1.519375
1.551646
1.529184
1.744098
1.521779
1.611763
1.671909
1.556564
1.613245
1.622569
1.761250
1.805453
1.600387
1.640045
1.583813
1.720399
1.492913
1.640270
1.688175
1.684099
1.659395
1.612176
1.521309
1.665734
1.484264
1.553393
1.520639
1.636580
1.653492
1.600188
1.673980
1.512371
1.554164
1.980664
1.669342
1.540187
1.647205
1.434485
1.675664
1.419720
1.689093
1.525089
1.635719
1.657834
1.687514
1.694687
1.590200
1.687220
1.586909
1.495453
1.542510
1.621268
1.644492
1.532034
1.763412
1.584288
1.591812
1.419377
1.688116
1.645443
1.775106
1.686707
1.608505
1.566423
1.690009
1.680140
1.732815
1.715986
1.555958
1.671954
1.450133
1.661237
1.512997
1.833876
1.493661
1.456070
1.627431
1.411411
1.509130
1.761190
1.456594
1.751230
1.438465
1.630035
1.450934
1.666420
1.353987
1.738340
1.564646
1.676844
1.574959
1.505963
1.831215
1.602589
1.600708
1.701545
1.675476
1.530850
1.536888
1.616925
1.531170
1.621971
1.619074
1.581474
1.623082
1.763293
1.714859
1.575385
1.694575
1.502355
1.686110
1.537413
1.650915
1.542658
1.622623
1.628807
1.734374
1.648118
1.550681
1.602918
1.569852
1.712424
1.707996
1.572662
1.792010
1.535128
1.603943
1.417275
1.643163
1.670921
1.671392
1.482640
1.636749
1.599290
1.597792
1.628860
1.639862
1.497087
1.754383
1.637924
1.751947
1.709091
1.633148
1.656116
1.456741
1.492819
1.598282
1.711629
1.739447
1.615542
1.663202
1.683830
1.695060
1.661305
1.501750
1.616961
1.605605
1.521387
1.741378
1.649876
1.563807
1.486055
1.531052
1.808403
1.535312
1.543399
1.508584
1.791016
1.471360
1.663183
1.462205
1.552887
1.544396
1.654101
1.571369
1.632120
1.610279
1.751110
1.716409
1.709379
1.727160
1.587407
1.588075
1.678881
1.524480
1.432777
1.613348
1.524513
1.567102
1.727618
1.514544
1.659945
1.608425
1.641047
1.551595
1.495185
1.919040
1.449490
1.516624
1.614555
1.401498
1.769426
1.723905
1.581714
1.775316
1.658272
1.624565
1.648320
1.566348
1.760718
1.615278
1.657185
1.586714
1.567627
1.689390
1.533551
1.807814
1.712776
1.577325
1.522131
1.817657
1.662388
1.486728
1.713892
1.635734
1.791895
1.730419
1.633678
1.839056
1.646697
1.659242
1.629917
1.619233
1.556859
1.589116
1.529664
1.505280
1.625201
1.482276
1.542816
1.374131
1.626610
1.519171
1.801802
1.712598
1.734815
1.618117
1.739438
1.518967
1.689346
1.653888
1.683430
1.504222
1.767354
1.806261
1.554438
1.706190
1.513878
1.832137
1.417264
1.561646
1.391115
1.531456
1.486716
1.728650
1.545594
1.583583
1.427449
1.781478
1.572366
1.607199
1.818906
1.650708
1.662907
1.633270
1.790384
1.680968
1.639653
1.724044
1.601599
1.694638
1.552908
1.459076
1.599010
1.464316
1.646029
1.931753
1.478001
1.577288
1.719128
1.504630
1.709736
1.619177
1.414384
1.541869
1.630618
1.719277
1.578502
1.499415
1.588955
1.496413
1.624629
1.708066
1.610638
1.611513
1.698592
1.497079
1.567999
1.596333
1.517975
1.596009
1.535583
1.712139
1.602692
1.647958
1.594120
1.491114
1.631056
1.612691
1.586612
1.701804
1.772554
1.783810
1.709728
1.572941
1.550923
1.632762
1.642436
1.631842
1.627354
1.667644
1.411642
1.613107
1.646640
1.697649
1.610739
1.555403
1.590733
1.576752
1.500105
1.650028
1.638149
1.610178
1.703488
1.648501
1.604530
1.667480
1.536432
1.585877
1.609230
1.614473
1.503911
1.576547
1.573965
1.566076
1.549977
1.594226
1.560659
1.778360
1.597400
1.548001
1.879943
1.671674
1.597636
1.611203
1.648314
1.442155
1.576394
1.690903
1.956894
1.745708
1.642281
1.850416
1.494950
1.581862
1.655641
1.330301
1.545915
1.735423
1.672670
1.549141
1.541180
1.567436
1.517240
1.589272
1.527557
1.543472
1.606596
1.520926
1.607845
1.627599
1.559629
1.505860
1.462903
1.525939
1.524183
1.786094
1.718306
1.603724
1.545016
1.651116
1.522117
1.573559
1.548061
1.696590
1.636477
1.805862
1.548087
1.685533
1.619465
1.583763
1.705128
1.637446
1.570380
1.496719
1.737001
1.602300
1.971584
1.580507
1.677572
1.682774
1.540853
1.702405
1.553123
1.384269
1.691126
1.494568
1.652496
1.594834
1.500473
1.731578
1.647426
1.678344
1.675222
1.643160
1.616189
1.659819
1.652760
1.731500
1.497511
1.476889
1.571228
1.573286
1.594848
1.706784
1.580732
1.632393
1.565863
1.774447
1.561730
1.569708
1.768228
1.678180
1.499610
1.875338
1.588451
1.639910
1.549947
1.380249
1.461303
1.592168
1.439053
1.555547
1.616315
1.528180
1.396024
1.367544
1.580826
1.530956
1.679973
1.658925
1.527946
1.477921
1.511886
1.563071
1.401551
1.699078
1.830294
1.673846
1.692018
1.862486
1.643704
1.610819
1.668509
1.720268
1.709288
1.598585
1.543794
1.715271
1.637902
1.484342
1.708482
1.628971
1.544377
1.702844
1.338128
1.607833
1.532704
1.575201
1.561105
1.554828
1.769953
1.564301
1.564073
1.542810
1.528301
1.511849
1.571137
1.774892
1.552757
1.556876
1.753267
1.781962
1.437063
1.408789
1.508866
1.541129
1.667781
1.612111
1.804154
1.471118
1.507636
1.457880
1.630528
1.411417
1.679399
1.672709
1.717652
1.702350
1.433195
1.680497
1.725589
1.584584
1.565512
1.487504
1.845619
1.620200
1.543088
1.548348
1.490192
1.646261
1.423558
1.636483
1.583079
1.541205
1.895705
1.709872
1.442288
1.687505
1.613769
1.718942
1.412787
1.635600
1.584765
1.708224
1.732758
1.615160
1.596056
1.706373
1.428117
1.610635
1.860750
1.731953
1.601815
1.633300
1.507528
1.717304
1.680762
1.565197
1.508683
1.700858
1.493784
1.483415
1.701167
1.459325
1.629078
1.656608
1.654315
1.428778
1.687437
1.653660
1.638524
1.511422
1.728632
1.639741
1.537497
1.831521
1.637829
1.532696
1.646327
1.576167
1.579315
1.637400
1.721414
1.623350
1.629407
1.620999
1.605435
1.510387
1.611222
1.485208
1.634855
1.707217
1.628325
1.515974
1.557528
1.627740
1.665056
1.499757
1.536756
1.465226
1.563602
1.578962
1.578385
1.550666
1.607550
1.687822
1.350980
1.514618
1.527698
1.762452
1.678454
1.686611
1.651468
1.599312
1.529335
1.614182
1.721340
1.587186
1.510766
1.508070
1.690678
1.502160
1.580292
1.570920
1.691510
1.590795
1.587660
1.497602
1.650513
1.473518
1.619174
1.552999
1.603496
1.681565
1.494542
1.515545
1.638944
1.596318
1.601958
1.498326
1.545673
1.544448
1.549852
1.810751
1.706770
1.394803
1.639971
1.720616
1.788433
1.596796
1.592747
1.634549
1.701364
1.457921
1.591081
1.574975
1.439196
1.724438
1.372526
1.708907
1.453186
1.635710
1.674134
1.561241
1.655710
1.630391
1.557812
1.528062
1.574479
1.527009
1.586014
1.667084
1.556772
1.494373
1.537085
1.527788
1.538116
1.487591
1.513166
1.674468
1.669035
1.663096
1.712042
1.341548
1.495608
1.610897
1.623119
1.489715
1.798881
1.648850
1.678278
1.546977
1.596591
1.654830
1.926172
1.725601
1.554992
1.503874
1.621207
1.624543
1.698594
1.446386
1.503319
1.594782
1.613997
1.798698
1.659807
1.530659
1.513405
1.542920
1.509338
1.370993
1.548168
1.810133
1.528312
1.743538
1.593353
1.467227
1.658654
1.499677
1.492362
1.675067
1.507045
1.674025
1.683338
1.682186
1.572927
1.577883
1.578537
1.498477
1.592072
1.547230
1.610438
1.546295
1.543973
1.651553
1.663684
1.527057
1.650974
1.682976
1.586042
1.566610
1.923831
1.608300
1.517530
1.546551
1.634857
1.617555
1.668216
1.797916
1.571154
1.447842
1.472761
1.506841
1.571958
1.669151
1.525620
1.461142
1.615629
1.458401
1.425865
1.561311
1.548044
1.590669
1.620157
1.579278
1.574404
1.641160
1.428756
1.620875
1.390635
1.686126
1.548627
1.651990
1.752001
1.593356
1.523338
1.579581
1.786567
1.651217
1.537341
1.560359
1.635471
1.591851
1.602208
1.561211
1.696399
1.806876
1.635243
1.624203
1.822724
1.582511
1.697934
1.619835
1.696984
1.662969
1.584050
1.497127
1.563854
1.779534
1.639486
1.694357
1.552417
1.572855
1.574142
1.646791
1.576162
1.495791
1.741444
1.560502
1.392008
1.573919
1.702030
1.675543
1.515417
1.395446
1.464536
1.551433
1.715581
1.784557
1.533766
1.617377
1.529774
1.609153
1.447865
1.539178
1.728325
1.451339
1.601326
1.512142
1.559419
1.449141
1.626263
1.646931
1.615778
1.622337
1.578901
1.790550
1.920275
1.728426
1.591671
1.626880
1.423468
1.577835
1.488267
1.669607
1.473532
1.577016
1.571884
1.535422
1.607074
1.716829
1.546217
1.524448
1.458198
1.487929
1.575147
1.582713
1.590646
1.596121
1.571527
1.752135
1.678473
1.691802
1.531118
1.721416
1.476453
1.595161
1.723057
1.549693
1.711857
1.701398
1.548378
1.625120
1.514069
1.424263
1.650198
1.670547
1.567111
1.638558
1.656932
1.614926
1.446715
1.630762
1.575168
1.518231
1.500654
1.577600
1.588721
1.644048
1.514094
1.425478
1.532419
1.635303
1.565413
1.372353
1.675382
1.580260
1.558209
1.671493
1.646249
1.491371
1.682112
1.697995
1.686508
1.558376
1.531585
1.602660
1.461648
1.694329
1.451630
1.675721
1.725638
1.723594
1.624442
1.611542
1.587249
1.561750
1.421371
1.547037
1.601588
1.519108
1.452105
1.636199
1.493766
1.583036
1.667053
1.547891
1.634323
1.680569
1.844918
1.542381
1.643010
1.489650
2.278934
1.637579
1.888454
1.603140
1.812092
1.659907
1.584131
1.660717
1.620202
1.544471
1.639311
1.648983
1.589652
1.789069
1.582947
1.571389
1.372508
1.485170
1.560349
1.507628
1.720003
1.520776
1.495805
1.520746
1.654421
1.556614
1.805028
1.561278
1.643254
1.655268
1.591978
1.650629
1.381762
1.682204
1.415342
1.565320
1.530033
1.564549
1.484536
1.771622
1.668015
1.722992
1.474241
1.629244
1.466599
1.544294
1.516543
1.539710
1.748834
1.633187
1.564803
1.570226
1.473946
1.492753
1.641816
1.596497
1.640673
1.748203
1.543906
1.520082
1.595349
1.771825
1.660254
1.717184
1.635339
1.541089
1.619165
1.537663
1.561576
1.547188
1.522725
1.624493
1.626776
1.659822
1.581440
1.522363
1.486525
1.590181
1.605783
1.603461
1.509976
1.630970
1.760346
1.541479
1.513684
1.502688
1.646120
1.543234
1.671998
1.811809
1.553953
1.398020
1.510143
1.715971
1.567307
1.476445
2.128274
1.542096
1.642107
1.599169
1.559420
1.693485
1.646707
1.604358
1.488031
1.683926
1.645899
1.640698
1.414586
1.605158
1.680194
1.715832
1.550175
1.612374
1.674074
1.801601
1.376637
1.606937
1.580297
1.632128
1.630135
1.573811
1.592582
1.457011
1.738225
1.692427
1.470170
1.662044
1.622061
1.580423
1.587848
1.663017
1.460581
1.486100
1.520581
1.697299
1.644197
1.571486
1.554664
1.554250
1.619480
1.635295
1.518031
1.634001
1.466535
1.433757
1.523046
1.454731
1.643978
1.449783
1.647078
1.627957
1.434682
1.575915
1.540882
1.534818
1.655384
1.503035
1.614635
1.549242
1.533115
1.520784
1.553102
1.671220
1.521756
1.413679
1.646023
1.766915
1.713379
1.746300
1.594795
1.698582
1.543458
1.585027
1.486120
1.570187
1.437720
1.605733
1.878621
1.550097
1.781220
1.557714
1.609323
1.596342
1.686077
1.452815
1.663019
1.614056
1.505502
1.601324
1.475666
1.607618
1.847334
1.699796
1.632565
1.618971
1.552366
1.401936
1.501775
1.691279
1.481320
1.470661
1.683619
1.378552
1.854278
1.654209
1.405514
1.515644
1.740771
1.658256
1.781910
1.570557
1.608368
1.473593
1.663539
1.777943
1.553008
1.493680
1.551790
1.678046
1.755105
1.721030
1.593114
1.513703
1.590832
1.549508
1.687249
1.486602
1.520856
1.500478
1.402374
1.524807
1.476644
1.434848
1.500049
1.644691
1.642178
1.569338
1.609136
1.563703
1.176451
1.558432
1.583229
1.585228
1.484269
1.545703
1.647815
1.590506
1.443113
1.719332
1.620576
1.584647
1.718965
1.832723
1.525403
1.643488
1.674528
1.541121
1.659945
1.482709
1.716022
1.567544
1.463868
1.470529
1.486983
1.678050
1.456873
1.451586
1.524550
1.618852
1.464018
1.554554
1.780610
1.699480
1.735160
1.585145
1.567923
1.578504
1.608241
1.474494
1.474780
1.576219
1.484761
1.442979
1.622399
1.705800
1.526817
1.505048
1.578108
1.537834
1.712684
1.540983
1.558938
1.707744
1.557125
1.510669
1.707128
1.616171
1.556705
1.545413
1.414900
1.485321
1.736685
1.680665
1.554963
1.493637
1.605785
1.647947
1.626960
1.434060
1.498302
1.536988
1.565616
1.547650
1.480083
1.525305
1.678248
1.582140
1.376446
1.658470
1.693666
1.635885
1.638263
1.667242
1.410258
1.494166
1.632388
1.582926
1.465609
1.439924
1.520636
1.632264
1.613329
1.582635
1.628671
1.636065
1.769407
1.527133
1.541376
1.531358
1.560483
1.581396
1.631433
1.700947
1.450819
1.590631
1.609136
1.444199
1.577650
1.465254
1.601834
1.573092
1.748797
1.513176
1.718384
1.636275
1.553654
1.578394
1.480015
1.453204
1.487153
1.642997
1.538607
1.576759
1.578056
1.590471
1.538443
1.612038
1.430481
1.582048
1.754821
1.502696
1.507862
1.583837
1.567162
1.587780
1.450642
1.447193
1.524504
1.666255
1.597854
1.612528
1.551480
1.700799
1.248320
1.639897
1.577008
1.423796
1.794968
1.610972
1.672548
1.462889
1.488372
1.499421
1.602157
1.505177
1.576794
1.643156
1.640564
1.515243
1.570607
1.601400
1.623028
1.512185
1.582165
1.287052
1.502900
1.531305
1.480747
1.574952
1.630998
1.518890
1.625488
1.570634
1.572313
1.646260
1.602381
1.504022
1.686759
1.663455
1.517113
1.463641
1.626614
1.543615
1.529185
1.639932
1.727603
1.749061
1.618500
1.541120
1.497141
1.509691
1.359632
1.635364
1.544274
1.466191
1.650687
1.619327
1.618776
1.548663
1.610246
1.405089
1.524798
1.510806
1.619121
1.492689
1.643843
1.589860
1.536305
1.564967
1.431982
1.511196
1.596446
1.513402
1.525269
1.420099
1.542946
1.527486
1.579729
1.497809
1.604504
1.583492
1.583098
1.588681
1.726695
1.678385
1.523443
1.506775
1.464592
1.681401
1.456421
1.732655
1.625158
1.613898
1.569736
1.759986
1.754900
1.520536
1.499331
1.732744
1.403693
1.610770
1.717819
1.501813
1.582069
1.549900
1.663484
1.440161
1.692146
1.817083
1.629651
1.666713
1.682247
1.462287
1.592266
1.499009
1.560046
1.486895
1.441442
1.420380
1.395844
1.631782
1.616088
1.505797
1.629482
1.556913
1.530119
1.687162
1.618720
1.631831
1.434104
1.715606
1.616267
1.577127
1.642249
1.513318
1.578600
1.573604
1.712029
1.587586
1.540155
1.584561
1.636647
1.536265
1.618025
1.702960
1.554744
1.472797
1.689181
1.591358
1.491281
1.618624
1.636737
1.596598
1.547345
1.540840
1.588634
1.747786
1.589373
1.557574
1.475041
1.490899
1.410498
1.570496
1.557867
1.567969
1.477018
1.583560
1.450472
1.537662
1.590768
1.590798
1.548247
1.688083
1.526437
1.590139
1.727599
1.570091
1.529716
1.540560
1.501446
1.476460
1.432433
1.637419
1.652137
1.613742
1.486726
1.569404
1.682588
1.573626
1.625211
1.641023
1.749945
1.723981
1.491001
1.629295
1.372374
1.562563
1.641213
1.692488
1.707865
1.437014
1.543864
1.469756
1.560214
1.431377
1.811828
1.484894
1.678455
1.612108
1.660863
1.558118
1.561492
1.549886
1.427195
1.624846
1.448946
1.463893
1.395297
1.608146
1.641297
1.592564
1.420584
1.679377
1.596575
1.506073
1.511246
1.563934
1.558515
1.654460
1.595148
1.503732
1.593289
1.571409
1.435179
1.621899
1.476027
1.595683
1.595821
1.703256
1.623086
1.594929
1.763065
1.711424
1.657110
1.389107
1.518825
1.499808
1.624650
1.431870
1.647176
1.415479
1.590562
1.610227
1.534608
1.653180
1.586937
1.522390
1.651047
1.580773
1.616499
1.577567
1.500365
1.452085
1.607240
1.461632
1.669275
1.625578
1.517698
1.804966
1.559005
1.501644
1.717038
1.569727
1.539947
1.484048
1.581939
1.575031
1.523577
1.532749
1.641946
1.688527
1.560025
1.702440
1.417183
1.683386
1.622030
1.644557
1.647329
1.569579
1.512568
1.610478
1.667710
1.449272
1.652289
1.574802
1.622257
1.581144
1.661905
1.790291
1.637405
1.738993
1.472709
1.545894
1.500963
1.538307
1.504769
1.683141
1.506089
1.499324
1.545698
1.670013
1.647813
1.554194
1.515140
1.637794
1.592179
1.376303
1.765617
1.617594
1.491715
1.529671
1.544188
1.414656
1.482081
1.738540
1.705240
1.433202
1.794437
1.580626
1.622124
1.682863
1.640078
1.413848
1.413905
1.511056
1.604884
1.716514
1.640736
1.482079
1.600648
1.675805
1.555215
1.511394
1.432178
1.584716
1.533831
1.542350
1.611142
1.617900
1.665780
1.570416
1.625421
1.447760
1.632756
1.549472
1.642851
1.484668
1.668957
1.588507
1.546433
1.472931
1.648711
1.527361
1.554667
1.611938
1.522984
1.620372
1.495264
1.565941
1.482536
1.545695
1.459907
1.530277
1.805341
1.590937
1.626402
1.385369
1.557491
1.681673
1.522410
1.663411
1.438066
1.428910
1.612961
1.653348
1.683561
1.842784
1.541852
1.756297
1.523894
1.705258
1.607414
1.542389
1.513900
1.498332
1.548759
1.575374
1.536335
1.613045
1.501096
1.545209
1.543180
1.566278
1.389558
1.670013
1.546852
1.465864
1.686267
1.255098
1.518394
1.392514
1.541137
1.731943
1.526550
1.558252
1.442967
1.567090
1.703342
1.522021
1.496312
1.605629
1.404431
1.473287
1.543967
1.630554
1.513910
1.742988
1.543828
1.486525
1.622998
1.632211
1.544846
1.518507
1.719734
1.662931
1.448413
1.498612
1.759247
1.634557
1.497679
1.463250
1.512507
1.515553
1.489731
1.437374
1.643822
1.434713
1.475930
1.655381
1.429819
1.694486
1.660202
1.564641
1.476048
1.550776
1.514481
1.718909
1.603858
1.629083
1.529677
1.619521
1.556372
1.600258
1.614273
1.559401
1.566428
1.478580
1.594121
1.660912
1.445417
1.515429
1.724931
1.548955
1.624310
1.428016
1.428989
1.510227
1.669402
1.580915
1.535195
1.526152
1.564860
1.585916
1.233534
1.586119
1.659567
1.475800
1.429050
1.382120
1.510795
1.562178
1.495527
1.681370
1.577101
1.564453
1.745005
1.559904
1.470277
1.568436
1.533194
1.647080
1.608380
1.580369
1.590052
1.688092
1.548337
1.634207
1.446110
1.598819
1.584668
1.726896
1.615317
1.603366
1.611282
1.471112
1.510486
1.517617
1.500826
1.657273
1.692601
1.419493
1.587129
1.418371
1.560554
1.490160
1.528966
1.417970
1.630451
1.639052
1.483866
1.583578
1.838057
1.595645
1.784213
1.585508
1.496350
1.393514
1.581361
1.561256
1.631826
1.625313
1.590323
1.576125
1.642076
1.626419
1.570179
1.511839
1.642705
1.498437
1.568831
1.534412
1.592942
1.689245
1.548513
1.765110
1.516285
1.678900
1.626126
1.323631
1.680423
1.440024
1.638219
1.723726
1.494364
1.684826
1.506377
1.723889
1.595064
1.519925
1.571461
1.462468
1.592492
1.513101
1.601542
1.575505
1.494437
1.445393
1.689693
1.546458
1.755625
1.495336
1.564126
1.542391
1.758203
1.605161
1.482570
1.458149
1.544460
1.318156
1.745675
1.580330
1.507370
1.463229
1.626585
1.562272
1.555929
1.519197
1.647314
1.539574
1.682895
1.586504
1.560078
1.426788
1.607331
1.531392
1.516568
1.731101
1.674036
1.520773
1.576887
1.559692
1.682302
1.485004
1.513838
1.554432
1.554930
1.540947
1.560841
1.643702
1.477850
1.552843
1.622143
1.472369
1.503113
1.631778
1.592589
1.553004
1.937582
1.427161
1.415996
1.460574
1.624315
1.688827
1.676992
1.461894
1.448616
1.677222
1.628110
1.595843
1.358066
1.579428
1.406241
1.501606
1.567425
1.573863
1.531991
1.574277
1.446562
1.558682
1.613312
1.444500
1.647249
1.493539
1.618740
1.503926
1.593642
1.587400
1.679347
1.529543
1.576252
1.581110
1.866279
1.593414
1.482525
1.485716
1.683712
1.482159
1.674947
1.677628
1.640878
1.370437
1.543621
1.521874
1.498883
1.709527
1.494543
1.661504
1.624479
1.858215
1.540013
1.524715
1.458179
1.550349
1.607215
1.532456
1.570820
1.379328
1.744632
1.626728
1.493806
1.431586
1.439480
1.472600
1.503409
1.623429
1.491851
1.657984
1.601898
1.457079
1.622427
1.468533
1.504862
1.536265
1.539858
1.651107
1.672089
1.718913
1.400880
1.427967
1.579363
1.569208
1.709213
1.507147
1.564253
1.591285
1.669130
1.741794
1.559838
1.584607
1.529622
1.575697
1.602403
1.573402
1.727997
1.559652
1.567001
1.653332
1.534267
1.481222
1.698582
1.476632
1.771302
1.657305
1.597009
1.537095
1.713325
1.570695
1.614505
1.532589
1.496803
1.540452
1.631176
1.464399
1.480619
1.776327
1.425460
1.595044
1.570252
1.546682
1.540073
1.422558
1.567771
1.579610
1.357347
1.456427
1.626221
1.625952
1.602292
1.482222
1.544808
1.592796
1.554562
1.550187
1.661509
1.627625
1.537046
1.741120
1.616664
1.414768
1.473061
1.629395
1.586514
1.776141
1.554958
1.499479
1.434987
1.580823
1.662860
1.534214
1.601105
1.314590
1.609765
1.532569
1.571122
1.497396
1.588377
1.618223
1.666512
1.505729
1.452866
1.461998
1.637103
1.554763
1.657888
1.469159
1.466395
1.713728
1.542932
1.625874
1.478060
1.552359
1.499628
1.597794
1.592123
1.417559
1.537502
1.584459
1.603260
1.414168
1.574599
1.590909
1.572072
1.531075
1.792673
1.606603
1.685150
1.805588
1.534699
1.672497
1.600511
1.646400
1.659827
1.390846
1.698212
1.799073
1.343436
1.693870
1.656265
1.334024
1.540262
1.500584
1.537238
1.605768
1.521517
1.516841
1.589816
1.818426
1.502651
1.571676
1.514221
1.540368
1.491945
1.350341
1.559742
1.478141
1.432008
1.492101
1.659268
1.549646
1.715459
1.550923
1.622371
1.551878
1.502286
1.699016
1.671313
1.548317
1.606779
1.575519
1.541886
1.714978
1.425783
1.622127
1.487980
1.615924
1.409870
1.519147
1.425780
1.633178
1.470801
1.512534
1.658283
1.678709
1.495006
1.657764
1.803473
1.624556
1.414042
1.575490
1.535833
1.664223
1.496760
1.657193
1.671396
1.459107
1.712951
1.569452
1.430178
1.611974
1.537892
1.593080
1.572371
1.462230
1.466194
1.592507
1.415075
1.600851
1.520478
1.485857
1.671883
1.627333
1.421282
1.572016
1.555478
1.696965
1.483863
1.544392
1.674918
1.468219
1.511833
1.648231
1.454267
1.507541
1.614137
1.472804
1.233218
1.624129
1.540778
1.756111
1.486495
1.527993
1.503915
1.632811
1.516819
1.523285
1.457789
1.660042
1.710739
1.491787
1.523079
1.571225
1.657539
1.674134
1.476943
1.660067
1.545632
1.421078
1.595101
1.561675
1.517628
1.573115
1.661166
1.615681
1.606910
1.599867
1.565296
1.441495
1.584952
1.596835
1.549064
1.520033
1.783590
1.618537
1.497874
1.415047
1.603692
1.540260
1.452192
1.514702
1.489261
1.545012
1.558518
1.501184
1.797986
1.609492
1.680130
1.529808
1.513339
1.666551
1.669873
1.552717
1.557434
1.721546
1.657108
1.611348
1.642345
1.541765
1.633230
1.520534
1.432260
1.668847
1.591447
1.486325
1.623251
1.485409
1.571132
1.460301
1.632159
1.460463
1.655570
1.596883
1.595950
1.648027
1.404546
1.637610
1.760014
1.671366
1.397203
1.444717
1.543140
1.405692
1.357566
1.730357
1.425013
1.479082
1.480687
1.461796
1.765595
1.538078
1.583611
1.463517
1.626765
1.483821
1.484514
1.490196
1.652301
1.480443
1.546942
1.476017
1.608936
1.622446
1.598010
1.667049
1.560271
1.602222
1.426851
1.450294
1.474753
1.516124
1.602921
1.570868
1.546504
1.519721
1.698375
1.651836
1.654207
1.640188
1.678224
1.513931
1.547324
1.579015
1.669404
1.623759
1.333379
1.527670
1.450284
1.571568
1.431089
1.695727
1.781433
1.473857
1.496133
1.822456
1.425124
1.677966
1.526802
1.509058
1.606903
1.430409
1.738299
1.443048
1.436717
1.567343
1.551004
1.533616
1.535726
1.542672
1.704069
1.724457
1.603555
1.678828
1.695556
1.549932
1.471676
1.419573
1.480750
1.584217
1.671676
1.625870
1.459488
1.480847
1.638417
1.497024
1.801566
1.495750
1.479909
1.575155
1.548453
1.467105
1.618672
1.490120
1.487195
1.568080
1.572468
1.518191
1.465769
1.580947
1.588625
1.701639
1.564175
1.596207
1.498878
1.549248
1.629630
1.579712
1.463164
1.551872
1.481125
1.607197
1.470391
1.649369
1.549969
1.539711
1.482725
1.499569
1.511998
1.590651
1.634485
1.452986
1.542084
1.544200
1.561988
1.548321
1.523553
1.684041
1.636904
1.602177
1.682200
1.688221
1.479806
1.476613
1.534233
1.418842
1.519620
1.554123
1.770505
1.558427
1.448112
1.631230
1.652101
1.447198
1.563577
1.537354
1.576813
1.523359
1.445872
1.403591
1.542706
1.495109
1.553542
1.558023
1.452488
1.610646
1.571599
1.613141
1.238962
1.684994
1.610387
1.584224
1.496425
1.379549
1.599612
1.491178
1.500470
1.475958
1.497455
1.510557
1.654596
1.430720
1.459097
1.372297
1.544362
1.632629
1.607308
1.583184
1.566216
1.680965
1.599520
1.652302
1.619983
1.478313
1.525872
1.812840
1.571223
1.549069
1.460531
1.554386
1.582315
1.455509
1.367342
1.658988
1.671271
1.396808
1.667994
1.485374
1.494298
1.511390
1.631367
1.357465
1.561153
1.799497
1.822265
1.429067
1.858311
1.580223
1.560890
1.552741
1.550407
1.700526
1.678952
1.561669
1.614550
1.534398
1.865286
1.519833
1.372572
1.541373
1.369461
1.758861
1.660886
1.650161
1.606765
1.669050
1.454644
1.332443
1.430789
1.790300
1.506160
1.524390
1.542650
1.668267
1.655990
1.459604
1.499154
1.651239
1.450200
1.463905
1.558388
1.436988
1.742289
1.559946
1.541971
1.473420
1.623765
1.448704
1.639863
1.492474
1.573782
1.568616
1.465785
1.554525
1.842616
1.607692
1.390651
1.586903
1.584286
1.794656
1.584329
1.520298
1.469980
1.397927
1.525758
1.579839
1.751232
1.580070
1.477972
1.408642
1.632964
1.668774
1.522054
1.499909
1.420336
1.575600
1.464674
1.656324
1.520860
1.712795
1.697061
1.629109
1.703303
1.488261
1.642530
1.645752
1.387774
1.565254
1.678212
1.473456
1.603889
1.663615
1.451722
1.574691
1.639086
1.581040
1.553393
1.785478
1.656043
1.581720
1.600148
1.554326
1.686189
1.569425
1.425670
1.458388
1.661867
1.649499
1.597701
1.669331
1.518273
1.510329
1.355029
1.576036
1.536689
1.424977
1.601426
1.512602
1.691080
1.828003
1.633955
1.475103
1.568624
1.863362
1.524710
1.441837
1.569960
1.669226
1.502546
1.624125
1.539722
1.683419
1.552128
1.503802
1.566182
1.752787
1.424747
1.559623
1.797390
1.443076
1.301987
1.554352
1.572556
1.477897
1.520298
1.645540
1.634519
1.617308
1.419468
1.417706
1.533759
1.562304
1.545088
1.622927
1.467072
1.470164
1.470160
1.474106
1.532555
1.602785
1.485340
1.580789
1.545492
1.630087
1.612975
1.453348
1.543233
1.612810
1.475736
1.551741
1.448169
1.719331
1.598222
1.463052
1.506077
1.499459
1.544414
1.572776
1.608918
1.644068
1.571422
1.470456
1.500764
1.544445
1.515937
1.648880
1.599005
1.610622
1.520823
1.548416
1.540698
1.462751
1.528503
1.453482
1.507623
1.464825
1.733191
1.594300
1.338166
1.452009
1.646143
1.514258
1.571884
1.648195
1.631279
1.620612
1.482073
1.554230
1.356088
1.465643
1.650891
1.463630
1.623411
1.515323
1.475961
1.727942
1.540044
1.504413
1.498337
1.354337
1.539015
1.609896
1.547947
1.418285
1.698332
1.389084
1.499350
1.500781
1.647878
1.557866
1.500495
1.439963
1.558933
1.382509
1.764555
1.626261
1.739992
1.566193
1.628691
1.451844
1.669111
1.501546
1.387971
1.307257
1.678705
1.628105
1.451796
1.549830
1.591597
1.533142
1.607886
1.577443
1.445786
1.586467
1.698914
1.510175
1.598612
1.584176
1.406368
1.459974
1.520797
1.714283
1.559484
1.501981
1.544449
1.548559
1.468925
1.620126
1.482535
1.581450
1.597331
1.499432
1.437066
1.578361
1.621930
1.525416
1.522058
1.539692
1.548116
1.605358
1.659675
1.558741
1.616289
1.592925
1.581551
1.479877
1.294729
1.697196
1.691468
1.645478
1.562492
1.513994
1.470593
1.465747
1.840960
1.526169
1.473912
1.602387
1.542663
1.654686
1.438534
1.506835
1.524688
1.728936
1.631242
1.635511
1.680958
1.494075
1.567915
1.784417
1.495310
1.520576
1.451823
1.656332
1.549289
1.498550
1.410891
1.512730
1.474769
1.543796
1.573147
1.464283
1.517236
1.503156
1.518079
1.495154
1.618426
1.493665
1.421437
1.511842
1.525160
1.634251
1.568013
1.579303
1.471423
1.303107
1.647408
1.465394
1.568304
1.825615
1.587774
1.763126
2.158444
1.594825
1.661217
1.506859
1.535069
1.655311
1.682473
1.488552
1.458770
1.657093
1.595601
1.704800
1.516272
1.402689
1.657899
1.682647
1.619343
1.613015
1.424411
1.608951
1.689588
1.469714
1.710823
1.445251
1.625123
1.648290
1.485956
1.476491
1.361852
1.678269
1.598520
1.522223
1.509932
1.589971
1.512554
1.593211
1.721079
1.501077
1.472837
1.371635
1.475620
1.650368
1.350545
1.455031
1.625857
1.411348
1.462058
1.540089
1.624589
1.458365
1.511706
1.602137
1.477062
1.548314
1.796531
1.677689
1.534231
1.584964
1.688593
1.743173
1.548790
1.534044
1.497323
1.447993
1.745235
1.490209
1.456910
1.536146
1.466361
1.848854
1.539458
1.440567
1.528013
1.585580
1.703207
1.423077
1.536362
1.425633
1.469244
1.605656
1.617282
1.399438
1.616549
1.579727
1.394949
1.556301
1.494395
1.625766
1.525498
1.489094
1.546893
1.504923
1.565326
1.551398
1.484875
1.494408
1.738425
1.533489
1.574192
1.620953
1.796593
1.477708
1.553532
1.631877
1.496426
1.490264
1.651696
1.360417
1.451294
1.661148
1.606274
1.552546
1.456772
1.420201
1.452005
1.494721
1.422914
1.510437
1.623177
