2.147447
2.302312
2.306562
2.301631
2.304423
2.308427
2.301684
2.305100
2.295007
2.317951
2.318589
2.297494
2.297815
2.301007
2.288328
2.330876
2.299817
2.314526
2.285676
2.304996
2.305473
2.302929
2.313184
2.299426
2.301096
2.312614
2.309739
2.288298
2.306760
2.301977
2.290171
2.302885
2.303642
2.318031
2.301062
2.295671
2.307299
2.301990
2.298624
2.296574
2.312072
2.301290
2.296855
2.300849
2.301632
2.319960
2.310730
2.310219
2.298022
2.302539
2.295435
2.293064
2.308653
2.287853
2.307143
2.293809
2.301325
2.313870
2.308675
2.311465
2.313846
2.301510
2.312632
2.283563
2.304147
2.280520
2.295225
2.297391
2.306484
2.317495
2.303582
2.290018
2.302550
2.289948
2.318685
2.294455
2.295892
2.319627
2.300002
2.292217
2.302523
2.311925
2.304775
2.289672
2.302453
2.298346
2.302414
2.306823
2.311768
2.292526
2.302854
2.312653
2.295373
2.311807
2.296074
2.306438
2.297778
2.296488
2.293115
2.297312
2.290264
2.286353
2.285525
2.301998
2.293797
2.312515
2.293159
2.312496
2.309316
2.295697
2.301705
2.310197
2.299265
2.302258
2.311849
2.305842
2.292583
2.305657
2.300915
2.300871
2.294104
2.302622
2.301568
2.299238
2.284066
2.293661
2.299644
2.290745
2.309025
2.296747
2.293512
2.301414
2.295559
2.319322
2.313193
2.302775
2.320581
2.323809
2.309701
2.296905
2.313699
2.298503
2.308759
2.309443
2.303622
2.315811
2.299648
2.301593
2.297710
2.301221
2.300687
2.295705
2.320020
2.288433
2.306369
2.300386
2.329455
2.304912
2.279928
2.302042
2.290227
2.303535
2.294481
2.301977
2.292202
2.301292
2.315799
2.313433
2.290620
2.305473
2.309947
2.310712
2.308917
2.294273
2.300266
2.314020
2.308944
2.306611
2.299090
2.302475
2.300252
2.310745
2.322405
2.288261
2.311229
2.312404
2.292521
2.298066
2.301922
2.299909
2.304986
2.288410
2.300544
2.290725
2.313064
2.297798
2.301098
2.311705
2.307753
2.293019
2.311554
2.299390
2.313029
2.323847
2.306034
2.297438
2.319019
2.303452
2.308582
2.302494
2.301268
2.296004
2.299248
2.302384
2.308450
2.324371
2.314259
2.294637
2.295079
2.305949
2.303279
2.314417
2.301864
2.291111
2.303755
2.305948
2.312483
2.308234
2.299336
2.293291
2.296649
2.303242
2.315983
2.295346
2.298687
2.313633
2.305720
2.301943
2.317900
2.281613
2.307838
2.314149
2.307239
2.303079
2.289043
2.313199
2.303647
2.296818
2.305633
2.293490
2.312957
2.310682
2.289316
2.295463
2.288432
2.304536
2.303297
2.300942
2.294737
2.299900
2.316880
2.283333
2.303346
2.306547
2.320425
2.299167
2.294910
2.296817
2.284710
2.291145
2.299572
2.307726
2.298789
2.314485
2.299500
2.302076
2.304503
2.294122
2.308884
2.305005
2.299617
2.294178
2.303969
2.321698
2.303544
2.311963
2.292590
2.318300
2.313684
2.306434
2.302646
2.293189
2.301722
2.296343
2.309504
2.297197
2.317626
2.309935
2.312279
2.298935
2.288211
2.311617
2.302024
2.302918
2.294549
2.306195
2.284384
2.302670
2.305928
2.311184
2.303185
2.300649
2.299381
2.301661
2.293774
2.314022
2.314661
2.308029
2.292589
2.301266
2.307020
2.327073
2.303095
2.308815
2.302737
2.317143
2.298741
2.291319
2.299198
2.312346
2.287375
2.301638
2.303244
2.308612
2.299297
2.298272
2.280677
2.299240
2.315441
2.302690
2.289189
2.307391
2.292827
2.308908
2.294109
2.307036
2.301689
2.297095
2.294229
2.298329
2.307183
2.298597
2.279912
2.298966
2.301224
2.317438
2.291775
2.308092
2.293035
2.305458
2.308951
2.293361
2.313465
2.294394
2.298970
2.308733
2.309965
2.292347
2.308545
2.299250
2.294672
2.313245
2.302287
2.300771
2.290335
2.304128
2.291979
2.295626
2.299751
2.299747
2.292419
2.307626
2.294919
2.301520
2.291043
2.305585
2.299765
2.289370
2.301682
2.312862
2.301221
2.279671
2.301335
2.308765
2.302682
2.307277
2.311667
2.307965
2.300370
2.306824
2.302558
2.297961
2.307891
2.299734
2.297819
2.299381
2.308422
2.323682
2.302897
2.295827
2.294123
2.286634
2.306375
2.302584
2.301902
2.280833
2.321644
2.301512
2.296678
2.328060
2.282611
2.296594
2.309874
2.306352
2.313351
2.301480
2.311201
2.300575
2.286331
2.311021
2.293253
2.310374
2.284557
2.301756
2.285548
2.302591
2.311766
2.298851
2.309965
2.302180
2.296175
2.296406
2.310203
2.317196
2.286901
2.298311
2.298641
2.298098
2.294433
2.286681
2.302200
2.298911
2.301357
2.320692
2.312057
2.289762
2.299386
2.295267
2.297805
2.290037
2.310336
2.305164
2.302836
2.310530
2.327210
2.291692
2.296748
2.309458
2.301216
2.306343
2.292865
2.300914
2.299424
2.303495
2.306240
2.303175
2.315378
2.299687
2.308758
2.301749
2.310385
2.298741
2.289519
2.317269
2.328150
2.289511
2.319985
2.308338
2.312337
2.318998
2.295225
2.284730
2.303453
2.318044
2.309271
2.301958
2.310484
2.306034
2.302807
2.299498
2.292698
2.293471
2.300171
2.304120
2.320292
2.309430
2.304850
2.319371
2.308362
2.313061
2.287556
2.299158
2.301086
2.308746
2.297806
2.300921
2.299509
2.291007
2.314378
2.301206
2.312999
2.326973
2.317900
2.314472
2.303771
2.303514
2.293655
2.309600
2.292387
2.308190
2.293080
2.290263
2.290452
2.308061
2.328822
2.311295
2.309773
2.307466
2.309650
2.303395
2.321948
2.306305
2.302489
2.292151
2.302703
2.299040
2.309626
2.312835
2.301154
2.294217
2.302178
2.300383
2.308311
2.287559
2.304751
2.297849
2.303008
2.278997
2.290036
2.290187
2.299505
2.323162
2.302643
2.310015
2.301174
2.303448
2.296950
2.315760
2.317111
2.308218
2.291985
2.308586
2.300976
2.306266
2.319290
2.304252
2.315274
2.304968
2.304122
2.321557
2.301483
2.313930
2.308992
2.304772
2.299971
2.285102
2.304950
2.303742
2.298734
2.315445
2.294739
2.324102
2.312379
2.277468
2.303108
2.312878
2.303882
2.288910
2.306641
2.319184
2.305529
2.295394
2.288534
2.286793
2.319965
2.304664
2.303262
2.320992
2.308588
2.288025
2.307914
2.324376
2.309855
2.301502
2.293563
2.309206
2.299608
2.301900
2.311088
2.312892
2.284358
2.300834
2.308969
2.300600
2.308061
2.300772
2.276388
2.294658
2.309803
2.317122
2.310356
2.308857
2.295757
2.289879
2.305382
2.279601
2.299377
2.284064
2.311274
2.304535
2.275957
2.301760
2.318551
2.306794
2.323328
2.312928
2.304817
2.289235
2.292452
2.296640
2.307609
2.310996
2.298406
2.292795
2.301689
2.303276
2.302921
2.299403
2.285573
2.297695
2.302394
2.306332
2.297803
2.291496
2.300614
2.306282
2.309507
2.287665
2.297027
2.320641
2.307786
2.292245
2.297636
2.311435
2.286804
2.313098
2.314966
2.313557
2.306276
2.296399
2.282593
2.329138
2.318398
2.292674
2.307610
2.298752
2.300762
2.285836
2.297395
2.310699
2.298271
2.298425
2.309073
2.307991
2.312670
2.306804
2.292956
2.306245
2.314831
2.294741
2.289643
2.303392
2.304893
2.305861
2.297086
2.304750
2.312603
2.304411
2.307454
2.297993
2.301561
2.305008
2.303925
2.319989
2.285143
2.292394
2.315798
2.316127
2.307054
2.296842
2.295194
2.289026
2.297764
2.301963
2.301315
2.304471
2.299376
2.306390
2.307215
2.294715
2.321762
2.298695
2.316630
2.295058
2.275852
2.298336
2.303943
2.303916
2.295404
2.309125
2.300989
2.309992
2.320087
2.315120
2.288176
2.310636
2.290265
2.284864
2.311683
2.291655
2.294319
2.299167
2.312343
2.308000
2.303364
2.307248
2.291491
2.303346
2.298864
2.295965
2.301540
2.314029
2.308057
2.320122
2.287101
2.315393
2.302651
2.301701
2.295069
2.287719
2.295146
2.294929
2.316102
2.300383
2.284167
2.304838
2.315270
2.293262
2.306079
2.294446
2.324359
2.295569
2.307142
2.308887
2.309882
2.295318
2.323713
2.306667
2.288078
2.308103
2.294882
2.309456
2.318017
2.316784
2.308766
2.309826
2.308442
2.293525
2.298191
2.311646
