2.417759
2.185618
2.266672
2.156549
2.177080
2.200544
2.021300
2.048807
1.955515
1.867300
1.999542
1.965625
1.868581
1.912283
1.831548
1.896960
1.926602
1.911340
1.846387
1.776037
1.883012
1.924770
1.781196
1.813224
1.856349
1.822945
1.919614
1.750947
1.710349
1.589976
1.897710
1.704471
1.808748
1.670120
1.848905
1.874816
1.686017
1.680687
1.743088
1.865745
1.817415
1.717230
1.638901
2.025678
1.778235
1.761906
1.643636
1.815279
1.686934
1.967109
1.715160
1.677660
1.643167
1.652773
1.850885
1.729836
1.663014
1.655854
1.943614
1.889926
1.663449
1.696674
1.792238
1.739411
1.738660
1.695129
1.439983
2.060294
1.690416
1.689270
1.685388
1.818773
1.755217
1.788374
1.830456
1.594771
1.770694
1.734597
1.728145
1.593822
1.562684
1.661605
1.777218
1.721670
1.604429
1.711516
1.903494
1.558049
1.704840
1.826546
1.686911
1.749960
1.656207
1.786258
1.778019
1.473152
1.545436
1.663474
1.796085
1.591498
1.718925
0.948062
1.788333
1.409046
1.639024
1.525138
1.591482
1.665754
1.758146
1.807137
1.590926
1.603011
1.531730
1.760444
1.480467
1.672800
1.609845
1.683274
1.858783
1.675233
1.908395
1.750111
1.719106
1.488586
1.800572
1.574001
1.712099
1.718248
1.714781
1.562748
1.401828
1.871288
1.624299
1.648170
1.753180
2.556246
1.682363
1.616396
1.619691
1.635255
1.730206
1.494033
1.463381
1.606034
1.664095
1.649179
1.795342
1.511264
1.708832
1.643574
1.633837
1.754732
1.716849
1.714802
1.809417
1.616153
1.634890
1.776192
1.762861
1.546760
1.636532
1.718224
1.924565
1.707759
1.454844
1.361950
1.743069
1.614352
1.631204
1.750146
1.613552
1.651210
1.669113
1.608500
1.591204
1.583716
1.635535
1.618123
1.647065
1.712727
1.606610
1.389227
1.599282
1.726801
1.615070
1.617146
1.446800
1.372797
1.586855
1.486851
1.642047
1.643488
1.654249
1.642498
1.529881
1.523307
1.595341
1.555302
1.837267
1.865031
1.521124
1.777255
1.722863
1.818013
1.856783
1.664042
1.585956
1.521096
1.381757
1.651228
1.472220
1.584311
1.683811
1.609662
1.661544
1.685511
1.794863
1.669157
1.594360
1.758307
1.528406
1.543434
1.711964
1.718356
1.648878
1.408724
1.702016
1.459968
1.420169
1.877503
1.697625
1.552638
1.522109
1.718766
1.512993
1.657534
1.649470
2.444964
1.690930
1.389655
1.586857
1.342558
1.721054
1.635136
1.530768
1.688329
1.431283
1.637229
1.521367
1.521160
1.599682
1.885757
1.590542
1.478237
1.573395
1.751159
1.700174
1.597007
1.592514
1.567160
1.679516
1.677082
1.465495
1.743852
1.643512
1.805782
1.492474
1.630434
1.456781
1.614218
1.580988
2.134950
1.427694
1.569500
1.605289
1.715754
1.623192
1.509536
1.621093
1.804254
1.235304
1.526928
1.724473
1.341037
1.541260
1.650427
1.525442
1.602881
1.777234
1.437321
1.605427
1.711321
1.581812
1.582547
1.647405
1.732541
1.718676
1.647782
1.433509
1.407754
1.669665
1.619922
1.554961
1.486080
1.480497
2.402463
1.575039
1.645979
1.580155
1.618954
1.549933
1.527411
1.631986
1.474240
1.593124
1.462377
1.482044
1.376482
1.461342
1.594138
1.673056
1.602522
1.654945
1.737671
1.712702
1.855775
1.534071
1.786115
1.694579
1.605893
1.550812
1.819128
1.560684
1.551880
1.691793
1.592476
1.532232
1.558800
1.602527
2.362450
1.387550
1.487017
1.687532
1.570587
1.615166
1.432569
1.477633
1.593821
1.717102
1.718335
1.631156
1.692000
1.612452
1.592469
1.609100
1.480647
1.554414
1.427439
1.441239
1.874084
1.568465
1.715283
1.462667
1.542908
1.659754
1.659967
1.444200
1.746049
1.664938
1.548421
1.658719
1.559865
1.708338
1.765429
1.499728
1.414785
1.624269
1.690813
1.480228
1.311712
1.569081
1.943308
1.709705
1.508469
1.560251
1.589565
1.686906
1.680882
1.439037
1.656079
1.582595
1.799441
1.630293
1.349305
1.547878
1.770008
1.626607
1.661142
1.454997
1.644320
1.819365
1.542446
1.526205
1.677498
1.436486
1.443093
1.740772
1.361583
1.509197
1.588634
1.545819
1.502650
1.588987
1.368716
1.588151
1.499066
1.576610
1.507998
1.667570
1.471104
1.548917
1.373225
1.518327
1.706722
1.806117
1.698544
1.759200
1.474841
1.304734
1.717775
1.627563
1.735797
1.510210
1.375439
1.647770
1.386287
1.581444
1.467792
1.431349
1.604241
1.584699
2.489237
1.448573
1.610546
1.653489
1.308192
1.497533
1.344370
1.421689
1.608609
1.434631
1.528800
1.813886
1.645808
1.529544
1.422783
1.469583
1.355137
1.817097
1.531972
1.530679
1.651123
1.493061
1.606487
1.530557
1.677669
1.439302
1.597878
1.610014
1.565210
1.352492
1.587601
1.686035
1.710311
1.768788
4.138897
1.691680
1.561901
1.561813
1.387944
1.583684
1.528168
1.629556
1.665856
1.812560
1.639969
1.689443
1.660036
1.578184
1.695351
1.513414
1.678860
1.379851
1.505467
1.668307
1.313690
1.420065
1.505689
1.604533
1.508151
1.588316
1.606199
1.530279
1.650639
1.583677
1.511910
1.580230
1.574129
1.522866
2.583108
1.672758
1.346002
1.585582
1.439212
1.448698
1.669039
1.500915
1.544678
1.570230
1.384618
1.691038
1.565518
1.734330
1.501136
1.524896
1.565913
1.521670
1.886676
1.921076
1.674669
1.585831
1.520864
1.510241
1.415258
1.435435
1.621887
1.747398
1.682252
1.389429
1.637808
1.522112
1.582716
1.383188
2.318520
1.866055
1.458195
1.508554
1.522346
1.606255
1.693529
1.510237
1.713025
1.573061
1.347732
1.482879
1.358133
1.685441
1.516629
1.795250
1.679929
1.698162
1.429835
1.617360
1.447006
1.769968
1.380286
1.504953
1.448562
1.472350
1.511825
1.457895
1.420710
1.748512
1.473109
1.489391
1.539941
1.932388
2.266786
1.534440
1.559084
1.401267
1.556851
1.679326
1.645242
1.346210
1.463294
1.489835
1.654106
1.469676
1.525551
1.464575
1.460894
1.458564
1.316706
1.681563
1.454772
1.666216
1.586202
1.555990
1.615003
1.690127
1.743212
1.516284
1.546448
1.570180
1.476577
1.771377
1.840378
1.648171
1.449999
1.497558
1.715205
1.626747
1.284214
1.738453
1.590405
1.634790
1.400871
1.519168
1.368059
1.562375
1.543549
1.875434
1.529923
1.656125
1.724102
1.755958
1.520903
1.803190
1.458538
1.584786
1.494832
1.662559
1.439424
1.334838
1.569328
1.566377
1.468942
1.546153
1.373497
1.639890
1.439402
1.525563
1.508492
1.501043
3.201707
1.461996
1.592226
1.642292
1.576575
1.579203
1.377980
1.463088
1.443436
1.817257
1.434081
1.607315
1.430227
1.506905
1.668260
1.489134
1.545354
1.420203
1.641562
1.691556
1.537249
1.664014
1.649341
1.680113
1.558760
1.587072
1.423223
1.602203
1.505105
1.472059
1.568939
1.462528
1.387877
1.717482
3.095765
1.666750
1.485301
1.413683
1.443133
1.665274
1.819985
1.330862
1.403624
1.379432
1.426510
1.463444
1.706393
1.529875
1.519903
1.502145
1.467489
1.563696
1.553052
1.677870
1.462946
1.316345
1.453844
1.336982
1.334628
1.596754
1.455320
1.477291
1.669733
1.441479
1.654865
1.500953
1.568799
1.659499
3.422761
1.536398
1.512460
1.504357
1.435591
1.602771
1.434028
1.405807
1.319646
1.224140
1.534343
1.357288
1.685877
1.554354
1.473781
1.562413
1.405975
1.442563
1.669132
1.553154
1.533087
1.536332
1.528919
1.771239
1.503152
1.533456
1.457237
1.457623
1.586176
1.758154
1.408009
1.447781
1.478286
1.656442
2.491049
1.706700
1.377037
1.513937
1.564483
1.428405
1.835867
1.423758
1.532155
1.499627
1.587828
1.563279
1.698643
1.620226
1.266235
1.481446
1.436676
1.661652
1.542964
1.782505
1.432021
1.590265
1.811460
1.471324
1.492882
1.863054
1.759578
1.522443
1.285975
1.393329
1.570631
1.534966
1.518737
1.433202
1.283936
1.397685
1.765632
1.766270
1.493327
1.474090
1.391462
1.725198
1.499755
1.455578
1.541648
1.618049
1.752121
1.656981
1.339908
1.342166
1.720492
1.602247
1.337479
1.414366
1.410362
1.660832
1.390795
1.385380
1.182982
1.617421
1.444519
1.515914
1.533461
1.590947
1.523339
1.557342
1.633244
1.773834
2.253665
1.638197
1.673169
1.713957
1.339091
1.424865
1.529436
1.620628
1.675744
1.467840
1.377939
1.473474
1.794782
1.427329
1.458151
1.258070
1.690982
1.631083
1.513070
1.734245
1.550930
1.649264
1.546320
1.497933
1.704670
1.683687
1.363430
1.435066
1.275459
1.278819
1.482485
1.654179
1.365218
1.452065
1.662808
1.316468
1.450568
1.586434
1.693536
1.300190
1.434841
1.474958
1.545315
1.681632
1.610412
1.482505
1.534839
1.245902
1.830949
1.530557
1.858568
1.604121
1.567222
1.423600
1.436230
1.413123
1.551807
1.716874
1.493591
1.483088
1.654922
1.517725
1.538691
1.444407
1.400740
1.279632
1.495693
1.506923
3.711575
1.633230
1.618821
1.551666
1.590212
1.413596
1.621359
1.397356
1.384499
1.854520
1.494795
1.250293
1.488747
1.442156
1.737976
1.523639
1.544503
1.714742
1.640742
1.502476
1.525981
1.486179
1.592370
1.537734
1.363315
1.468246
1.538653
1.665001
1.457596
1.548505
1.533835
1.555711
1.298027
1.373445
2.284727
1.498845
1.626785
1.736120
1.550186
1.560242
1.741363
1.517393
1.668033
1.549814
1.634773
1.499167
1.576102
1.501867
1.394577
1.277310
1.517254
1.660630
1.496535
1.472117
1.598123
1.482407
1.430967
1.583793
1.627722
1.635450
1.425317
1.573020
1.256377
1.449706
1.522745
1.397327
1.464119
1.418061
2.745419
1.607198
1.527382
1.578887
1.451026
1.575298
1.291248
1.375103
1.552334
1.611794
1.334527
1.631799
1.662547
1.282382
1.431980
1.683481
1.595484
1.486054
1.682234
1.526230
1.492094
1.244625
1.659098
1.404588
1.535600
1.541280
1.457354
1.386226
1.566036
1.409682
1.591452
1.734359
1.541254
1.538211
2.192161
1.308574
1.589091
1.476856
1.455446
1.503481
1.517057
1.466509
1.550774
1.538244
1.668942
1.358679
1.586227
1.443669
1.244205
1.425617
1.383745
1.915906
1.419548
1.440648
1.491217
1.597401
1.457233
1.205250
1.636207
1.464973
1.612910
1.592151
1.431964
1.581720
1.610350
1.429241
1.686684
1.394256
2.955588
1.543947
1.602928
1.545639
1.382970
1.748202
1.484625
1.607899
1.371300
1.402499
1.602575
1.393493
1.598315
1.836164
1.423105
1.544189
1.356609
1.440089
1.477395
1.489063
1.603558
1.268903
1.485115
1.480811
1.348296
1.518521
1.665856
1.440910
1.572620
1.316857
1.531419
1.555668
1.697754
1.457527
2.692636
1.435335
1.548921
1.488012
1.368692
1.469845
1.462579
1.597404
1.487525
1.436991
1.489664
1.181481
1.735681
1.489019
1.335139
1.567034
1.624546
1.575304
1.472962
1.524538
1.645545
1.357243
1.673110
1.471454
1.652694
1.433509
1.578817
1.628752
1.559295
1.446724
1.463127
1.626250
1.343472
1.499014
1.980504
1.570096
1.641176
1.517737
1.453557
1.438935
1.682760
1.374252
1.496553
1.440870
1.465510
1.455705
1.559180
1.583411
1.247094
1.518995
1.500174
1.360060
1.579320
1.742741
1.473852
1.617349
1.490823
1.446463
1.660153
1.670637
1.505663
1.430908
1.307481
1.465919
1.770212
1.451298
1.437143
1.540076
2.296417
1.618520
1.649861
1.724916
1.439771
1.612223
1.621253
1.386852
1.753445
1.488975
1.704154
1.300131
1.438191
1.566741
1.605742
1.674263
1.468222
1.446571
1.531490
1.322902
1.463342
1.496816
1.491572
1.526576
1.418404
1.564589
1.441495
1.612779
1.525672
1.502042
1.509840
1.439186
1.370281
1.465400
0.323705
1.544253
1.282595
1.355976
1.505478
1.296568
1.529171
1.339994
1.581719
1.704057
1.263857
1.213468
1.611119
1.550673
1.566408
1.466339
1.438320
1.597845
1.255379
1.389772
1.502853
1.825606
1.654551
1.686837
1.624913
1.613242
1.672705
1.364547
1.488181
1.461513
1.745692
1.504879
1.516345
1.430515
2.741927
1.435342
1.576342
1.287995
1.488516
1.280222
1.468671
1.418039
1.412182
1.524531
1.748124
1.535955
1.563507
1.505549
1.434313
1.267786
1.495248
1.485722
1.527609
1.430495
1.514755
1.726039
1.608165
1.464378
1.608939
1.603814
1.719349
1.496885
1.516797
1.376780
1.518338
1.540339
1.575057
1.383374
2.301657
1.284035
1.619927
1.765274
1.309554
1.527848
1.391752
1.254014
1.633828
1.565305
1.649929
1.627936
1.376852
1.700669
1.512025
1.573185
1.459025
1.551664
1.532215
1.418590
1.555132
1.382211
1.640539
1.350512
1.490126
1.605484
1.331842
1.378859
1.482073
1.499026
1.402378
1.307692
1.261727
1.604193
1.888245
1.533552
1.520142
1.245378
1.509999
1.507199
1.465729
1.488297
1.551721
1.420617
1.332378
1.668970
1.449071
1.519521
1.291748
1.560457
1.612560
1.619911
1.612961
1.486250
1.462953
1.583434
1.376455
1.314226
1.307612
1.665368
1.431948
1.547168
1.382964
1.470604
1.417650
1.441301
1.616150
1.514147
1.041979
1.519217
1.414323
1.769062
1.438064
1.616709
1.520119
1.627506
1.364798
1.196237
1.621495
1.382364
1.301940
1.495118
1.526752
1.658702
1.395800
1.343575
1.416135
1.678421
1.798486
1.444302
1.381766
1.340067
1.740680
1.477171
1.393488
1.298998
1.590373
1.626707
1.654643
1.450344
1.872462
1.683076
4.080604
1.663245
1.426543
1.617979
1.509584
1.678578
1.438941
1.472388
1.525738
1.779496
1.580625
1.447154
1.436076
1.647914
1.436915
1.411811
1.497040
1.445174
1.586260
1.434968
1.445389
1.482630
1.441350
1.488734
1.529396
1.539512
1.384421
1.373587
1.547895
1.672481
1.320195
1.408509
1.534439
1.554904
2.439913
1.367697
1.606956
1.561879
1.591061
1.547438
1.348069
1.473198
1.472669
1.656178
1.583222
1.522905
1.419645
1.509139
1.519130
1.437087
1.500274
1.529482
1.361604
1.729306
1.563554
1.700907
1.367591
1.587795
1.606551
1.345791
1.610652
1.530564
1.557484
1.638613
1.365643
1.752864
1.348015
1.438573
1.323179
1.527886
1.477659
1.427752
1.499573
1.451247
1.382621
1.634150
1.780573
1.274808
1.624103
1.574155
1.803449
1.484937
1.513555
1.533920
1.278127
1.338845
1.361393
1.593033
1.387578
1.431879
1.600491
1.487814
1.506374
1.426398
1.488563
1.476568
1.622574
1.671088
1.317315
1.683991
1.471128
1.325834
2.930857
1.473888
1.570101
1.477639
1.522593
1.364075
1.393537
1.604107
1.459424
1.261627
1.486581
1.461509
1.257389
1.542672
1.390859
1.839311
1.479259
1.341347
1.339032
1.745819
1.569490
1.680790
1.563663
1.473901
1.385128
1.704520
1.669687
1.426550
1.493615
1.384089
1.653699
1.599081
1.493249
1.645424
2.014569
1.461324
1.343231
1.645277
1.413644
1.524412
1.280120
1.423162
1.596695
1.361331
1.546904
1.660737
1.378860
1.495160
1.434323
1.464214
1.475385
1.672781
1.367512
1.436403
1.358204
1.503019
1.518795
1.861688
1.577505
1.628845
1.331649
1.386670
1.426494
1.652224
1.561662
1.498940
1.338114
1.379131
3.209948
1.742967
1.394099
1.474378
1.426941
1.491990
1.469648
1.569416
1.541797
1.333518
1.684898
1.611757
1.395460
1.462585
1.641923
1.633717
1.272343
1.750971
1.512766
1.316763
1.776880
1.394228
1.462647
1.410320
1.443230
1.469193
1.658158
1.515217
1.383282
1.327869
1.444023
1.318914
1.426368
1.335943
3.988797
1.574392
1.431793
1.382672
1.529869
1.462602
1.576106
1.479582
1.445889
1.319567
1.394744
1.450996
1.466699
1.355403
1.458048
1.418436
1.629995
1.458055
1.817261
1.371801
1.437865
1.613990
1.488327
1.433242
1.541528
1.476025
1.529672
1.554648
1.405774
1.626645
1.551338
1.456781
1.334774
1.369096
1.372844
1.586185
1.414576
1.441643
1.260980
1.586573
1.336462
1.660534
1.905816
1.606544
1.250828
1.750854
1.447629
1.501319
1.617264
1.455309
1.276645
1.504182
1.351757
1.652023
1.599390
1.410970
1.261079
1.657972
1.523104
1.752498
1.491643
1.588887
1.446926
1.259480
1.406411
1.489456
1.575957
1.337868
2.031049
1.427822
1.279751
1.577419
1.326616
1.631941
1.740124
1.375553
1.557301
1.335007
1.370752
1.489903
1.597012
1.365585
1.437190
1.491144
1.514124
1.539099
1.581663
1.269356
1.379054
1.340568
1.346722
1.569639
1.669331
1.565510
1.443233
1.353656
1.238436
1.377969
1.454837
1.694391
1.619627
1.729253
2.210798
1.407109
1.401319
1.725290
1.642692
1.605919
1.556308
1.721112
1.437323
1.599041
1.465856
1.448097
1.585635
1.375278
1.600914
1.493527
1.261209
1.539185
1.641518
1.505508
1.263964
1.422109
1.617411
1.612588
1.539685
1.467813
1.493877
1.461724
1.399490
1.316659
1.659077
1.259696
1.502529
1.547509
1.624059
1.502217
1.376683
1.389489
1.480531
1.613764
1.541566
1.329193
1.629961
1.570756
1.472009
1.652549
1.632802
1.511929
1.287385
1.197529
1.695327
1.561182
1.677516
1.444113
1.596327
1.374611
1.387159
1.476698
1.623525
1.451324
1.674480
1.427403
1.392444
1.550713
1.489059
1.465717
1.331872
1.490981
1.995269
1.636143
1.497946
1.434188
1.451012
1.606603
1.416262
1.400733
1.235808
1.509942
1.523570
1.419394
1.454446
1.710316
1.382558
1.493216
1.369867
1.327666
1.393646
1.551231
1.633430
1.292878
1.666563
1.561370
1.330882
1.694747
1.530490
1.581954
1.503879
1.453560
1.564433
1.316209
1.412322
1.561221
1.457838
1.520794
1.506137
1.317814
1.220377
1.394664
1.248791
1.625248
1.429186
1.490080
1.643921
1.454250
1.361643
1.482335
1.533405
1.538951
1.708394
1.840582
1.427768
1.295808
1.422009
1.402952
1.731262
1.332734
1.389085
1.459773
1.456278
1.374611
1.493371
1.314891
1.658455
1.340782
1.856120
1.554296
3.783883
1.570386
1.429998
1.416459
1.456870
1.438231
1.454465
1.338588
1.369563
1.623818
1.346598
1.329955
1.350819
1.557405
1.481480
1.300886
1.636514
1.551700
1.553551
1.601354
1.547559
1.399470
1.679183
1.330818
1.469865
1.376478
1.343071
1.489576
1.527794
1.472366
1.537518
1.377711
1.317129
1.395205
2.605966
1.691206
1.580892
1.418785
1.347462
1.320823
1.439369
1.374420
1.481514
1.628165
1.382872
1.587279
1.581352
1.506655
1.619714
1.662575
1.356413
1.487730
1.747486
1.516146
1.421455
1.534920
1.466218
1.623180
1.311512
1.400832
1.565768
1.603805
1.365547
1.363530
1.403325
1.628988
1.632868
1.534439
2.837573
1.730036
1.650965
1.428936
1.191829
1.444988
1.646270
1.535876
1.440734
1.411674
1.626591
1.469488
1.700760
1.506737
1.289037
1.276614
1.449445
1.450984
1.326039
1.427802
1.308034
1.708627
1.539988
1.302531
1.366651
1.674159
1.691558
1.477937
1.694587
1.326919
1.550373
1.517171
1.655541
1.379066
2.153242
1.469836
1.507847
1.562724
1.440729
1.698520
1.848035
1.425810
1.637125
1.530746
1.645175
1.368515
1.469561
1.542497
1.505618
1.406178
1.390680
1.502713
1.346860
1.386679
1.388768
1.488587
1.363249
1.348765
1.613141
1.425146
1.493343
1.316758
1.720799
1.320407
1.244952
1.563976
1.484852
1.513649
0.943644
1.303502
1.584955
1.611156
1.579358
1.504715
1.378942
1.449720
1.315190
1.256207
1.417841
1.777897
1.410292
1.491680
1.644167
1.645350
1.345218
1.605818
1.370348
1.545883
1.404068
1.597786
1.639266
1.532884
1.458363
1.456253
1.447186
1.447350
1.475852
1.227328
1.426251
1.155404
1.645595
1.563437
3.325998
1.404980
1.701951
1.348294
1.595924
1.580208
1.440616
1.430209
1.457768
1.407867
1.651620
1.567726
1.571913
1.452303
1.502482
1.336751
1.455010
1.320105
1.322553
1.683989
1.504723
1.559946
1.743354
1.214881
1.655969
1.553574
1.344161
1.516806
1.333374
1.513735
1.356981
1.307820
1.432254
1.547778
2.059107
1.336807
1.315078
1.157872
1.416807
1.517392
1.350948
1.741771
1.397910
1.427459
1.615874
1.524856
1.773187
1.413204
1.494730
1.542821
1.459317
1.521119
1.468351
1.687643
1.292383
1.572709
1.260676
1.531549
1.663831
1.358299
1.392198
1.563451
1.404275
1.506028
1.318653
1.572224
1.374486
1.572330
2.747988
1.404811
1.449017
1.443710
1.524865
1.391791
1.376436
1.394352
1.513464
1.562047
1.385615
1.837359
1.129469
1.612318
1.429418
1.353696
1.377926
1.440194
1.361194
1.469398
1.609566
1.377313
1.690875
1.534556
1.583803
1.594847
1.321931
1.423143
1.614209
1.178779
1.213605
1.473679
1.467624
1.672086
1.532033
1.396784
1.427813
1.722347
1.703514
1.432731
1.324616
1.553769
1.546724
1.656845
1.454720
1.406847
1.680465
1.269094
1.482246
1.423518
1.372244
1.472340
1.618383
1.464910
1.511961
1.621415
1.431315
1.642481
1.565810
1.448472
1.334391
1.387690
1.426066
1.417880
1.201585
1.535435
1.519027
1.512953
2.341833
1.546825
1.528270
1.353701
1.641549
1.453214
1.383464
1.429711
1.669701
1.517403
1.398357
1.436881
1.592015
1.476172
1.452781
1.408093
1.378539
1.494827
1.532361
1.337919
1.696206
1.430947
1.699746
1.500399
1.552184
1.241205
1.318233
1.492378
1.417599
1.666443
1.485726
1.334975
1.620194
1.235961
3.377018
1.545696
1.406977
1.413890
1.489404
1.463549
1.549886
1.165271
1.357019
1.651018
1.390901
1.277191
1.520589
1.292637
1.394322
1.477784
1.398077
1.583003
1.478844
1.500322
1.713927
1.397893
1.346324
1.634512
1.555199
1.684304
1.749542
1.304502
1.411314
1.687336
1.652695
1.428047
1.294845
1.289554
1.659412
1.513048
1.464375
1.499601
1.579960
1.524116
1.524674
1.601277
1.536232
1.447169
1.192040
1.349396
1.294209
1.415652
1.611302
1.466285
1.467204
1.565843
1.350603
1.301746
1.530245
1.529628
1.674765
1.192622
1.754018
1.563240
1.618067
1.718588
1.277960
1.633607
1.373714
1.258097
1.491454
1.337071
1.812137
1.541887
1.507396
1.391083
1.495101
1.421794
1.496857
1.517384
1.351630
1.730644
1.609791
1.248419
1.798667
1.464139
1.445566
1.494165
1.670483
1.711493
1.278702
1.388388
1.239621
1.436146
1.643340
1.588962
1.430320
1.518016
1.440745
1.212940
1.497607
1.256873
1.401858
1.493905
1.426472
1.445457
3.002044
1.602293
1.494877
1.395206
1.360277
1.680168
1.471777
1.474187
1.420426
1.524191
1.510482
1.635979
1.528050
1.464813
1.436656
1.334028
1.443182
1.502757
1.647076
1.354578
1.382265
1.476346
1.267319
1.620479
1.437079
1.719922
1.360893
1.446225
1.452370
1.645826
1.267487
1.536401
1.542022
1.424686
2.244664
1.400589
1.441528
1.423343
1.353590
1.823210
1.420455
1.466830
1.494151
1.584690
1.647727
1.675395
1.512403
1.285815
1.502974
1.390438
1.363120
1.599752
1.443594
1.535835
1.436774
1.268218
1.556311
1.450957
1.469035
1.500553
1.312243
1.597042
1.435037
1.517496
1.331689
1.341263
1.492596
1.469183
2.438745
1.311897
1.516958
1.549826
1.539937
1.453485
1.424678
1.719138
1.352826
1.384849
1.314564
1.617555
1.481605
1.239852
1.410242
1.456514
1.368060
1.356823
1.628616
1.509931
1.361389
1.365097
1.331987
1.432871
1.527761
1.597669
1.395927
1.539717
1.632873
1.479364
1.368302
1.541587
1.425397
1.333283
3.220340
1.388116
1.541602
1.537906
1.535963
1.372146
1.467552
1.465506
1.287998
1.483145
1.287329
1.743336
1.322700
1.430445
1.424333
1.388327
1.502573
1.646024
1.539161
1.360632
1.539953
1.463171
1.511944
1.405948
1.709206
1.473204
1.426366
1.449243
1.481942
1.410910
1.423449
1.531840
1.685001
1.277081
2.682891
1.574665
1.416819
1.470139
1.383088
1.588553
1.467397
1.561971
1.394839
1.602191
1.546875
1.509204
1.387939
1.359108
1.430918
1.476409
1.505100
1.358937
1.637835
1.473513
1.546067
1.437562
1.564145
1.245079
1.381079
1.556285
1.550395
1.525177
1.411089
1.600873
1.362958
1.284583
1.535610
1.596471
2.368310
1.713768
1.540382
1.496634
1.140966
1.512792
1.664189
1.456973
1.819834
1.403545
1.375609
1.525091
1.480164
1.425479
1.540609
1.422191
1.382608
1.670901
1.353115
1.478391
1.176106
1.488273
1.476476
1.313633
1.474141
1.395195
1.611201
1.465698
1.696041
1.398577
1.694597
1.694902
1.451570
1.174601
1.341565
1.764617
1.332780
1.355313
1.668643
1.479557
1.525882
1.428114
1.442134
1.611900
1.617157
1.379828
1.554942
1.513131
1.356040
1.452380
1.403777
1.502790
1.606174
1.442356
1.469949
1.406678
1.562059
1.277034
1.522754
1.390019
1.341199
1.650858
1.537006
1.240644
1.660909
1.482805
1.411067
1.414447
2.564345
1.725824
1.367662
1.501609
1.539101
1.400007
1.381855
1.371576
1.298227
1.630200
1.376429
1.497010
1.331462
1.375216
1.452165
1.384333
1.224356
1.522279
1.573701
1.331576
1.311337
1.413640
1.446664
1.625283
1.485176
1.494826
1.420729
1.652739
1.664095
1.450216
1.702901
1.396634
1.371476
1.536059
2.291704
1.456013
1.254067
1.435516
1.424297
1.431709
1.556412
1.401215
1.531700
1.617597
1.674587
1.303626
1.622668
1.449213
1.433609
1.389452
1.446254
1.351586
1.642188
1.606149
1.497341
1.490066
1.419911
1.588664
1.364529
1.293746
1.702674
1.297642
1.457381
1.681211
1.405125
1.340623
1.601042
1.432773
2.419540
1.550244
1.296071
1.292396
1.511366
1.341876
1.533734
1.223860
1.449179
1.502772
1.427535
1.441284
1.194055
1.485522
1.357364
1.492251
1.451694
1.651096
1.339913
1.426088
1.373600
1.240355
1.582629
1.591466
1.466062
1.738968
1.363225
1.456829
1.490490
1.620248
1.622742
1.516739
1.294760
1.401624
2.041582
1.312126
1.619453
1.437585
1.680712
1.521771
1.549918
1.617177
1.640540
1.592553
1.468225
1.300692
1.580596
1.253079
1.435925
1.301527
1.303476
1.567554
1.536072
1.708092
1.365498
1.438007
1.596728
1.495219
1.520085
1.472580
1.393958
1.378703
1.468150
1.309341
1.471311
1.402214
1.555122
1.312571
3.899450
1.420646
1.300827
1.187833
1.526642
1.233005
1.647813
1.425983
1.735307
1.507476
1.364291
1.409471
1.715681
1.345128
1.327309
1.303724
1.630818
1.339228
1.538029
1.553365
1.520323
1.437582
1.310922
1.542174
1.327611
1.519696
1.688913
1.238964
1.380907
1.435628
1.217245
1.630158
1.609385
1.502328
3.957955
1.469062
1.409983
1.158291
1.364809
1.547742
1.536317
1.585508
1.486510
1.516347
1.993551
1.381850
1.621567
1.565401
1.317578
1.535211
1.573872
1.406020
1.494066
1.535590
1.279286
1.672218
1.337765
1.512340
1.761056
1.489496
1.480717
1.594959
1.542623
1.405666
1.307351
1.424730
1.469244
1.464479
0.915885
1.400065
1.507286
1.470229
1.556884
1.565710
1.404005
1.408136
1.429365
1.307847
1.603822
1.354946
1.414286
1.425668
1.654318
1.358217
1.444104
1.336968
1.340544
1.529166
1.397567
1.675223
1.631628
1.352142
1.459510
1.409910
1.367108
1.535063
1.523975
1.428457
1.461099
1.355285
1.492856
1.387903
1.925668
1.228317
1.448922
1.311410
1.461575
1.658653
1.494476
1.293641
1.330296
1.687919
1.465478
1.373509
1.128528
1.484165
1.574068
1.460237
1.359973
1.659919
1.462928
1.507313
1.692979
1.379932
1.533429
1.497662
1.750863
1.398003
1.265837
1.356816
1.554521
1.646095
1.486022
1.547040
1.549820
1.593438
3.091734
1.283815
1.526717
1.633063
1.598797
1.599922
1.363967
1.384812
1.542611
1.412410
1.354897
1.387840
1.360010
1.475535
1.401121
1.665923
1.654441
1.492915
1.517013
1.554320
1.575735
1.513788
1.858324
1.302885
1.663654
1.265880
1.594844
1.349850
1.509053
1.573323
1.454258
1.439690
1.395273
1.608647
2.440034
1.405940
1.780126
1.532034
1.347365
1.480729
1.234402
1.611320
1.340019
1.743258
1.579653
1.404779
1.140983
1.482380
1.565788
1.491209
1.699349
1.509059
1.464453
1.520354
1.680907
1.427875
1.367544
1.315306
1.268304
1.394628
1.704975
1.372423
1.333595
1.330612
1.588454
1.578762
1.381552
1.459484
2.033566
1.440330
1.592095
1.453805
1.462403
1.282558
1.616457
1.438607
1.264578
1.330730
1.244503
1.328474
1.585556
1.534764
1.512500
1.550249
1.500951
1.460789
1.496560
1.428862
1.232737
1.367429
1.505140
1.400965
1.692543
1.334831
1.573851
1.479224
1.359499
1.619262
1.382444
1.386591
1.539277
1.426053
3.397966
1.434711
1.568137
1.186949
1.400707
1.538241
1.541559
1.382586
1.570262
1.370868
1.416411
1.547679
1.631669
1.433560
1.404888
1.483482
1.292802
1.511959
1.539948
1.196553
1.489323
1.247425
1.563659
1.620211
1.495243
1.549822
1.804672
1.500974
1.584469
1.346053
1.512622
1.557616
1.431590
1.467954
2.520173
1.422326
1.448277
1.464654
1.568767
1.651244
1.553465
1.482936
1.595726
1.468370
1.294318
1.320362
1.316403
1.380870
1.419716
1.766972
1.792572
1.412128
1.720404
1.283930
1.171679
1.319268
1.589936
1.439644
1.424361
1.600964
1.499691
1.338202
1.482521
1.467795
1.422307
1.583690
1.427937
1.377896
4.430542
1.506110
1.504206
1.385298
1.186645
1.470443
1.503042
1.484165
1.491908
1.229899
1.292387
1.700852
1.374885
1.452784
1.397500
1.557213
1.616197
1.399364
1.486903
1.531058
1.661244
1.381440
1.282030
1.343380
1.418500
1.595386
1.413152
1.309314
1.539333
1.529133
1.422919
1.468673
1.612604
1.558875
2.635609
1.562455
1.584549
1.514734
1.132374
1.395971
1.290070
1.326117
1.445642
1.828033
1.525087
1.451380
1.328003
1.655381
1.528091
1.446414
1.572338
1.423082
1.487361
1.608819
1.319501
1.572419
1.538677
1.804168
1.680510
1.421838
1.534429
1.269877
1.554984
1.262688
1.307910
1.455880
1.227611
1.433113
2.081878
1.380914
1.585370
1.336805
1.363647
1.644779
1.236143
1.450579
1.555705
1.510041
1.693956
1.425296
1.501666
1.452876
1.533155
1.570127
1.668877
1.610559
1.491559
1.252574
1.470791
1.375523
1.267570
1.506873
1.488002
1.152391
1.404211
1.341496
1.631555
1.429953
1.376176
1.491991
1.339579
1.375558
2.603082
1.342748
1.321127
1.543581
1.234211
1.576774
1.391645
1.366754
1.811181
1.515269
1.243375
1.519940
1.301969
1.389164
1.319099
1.573811
1.419654
1.619783
1.602933
1.592713
1.508345
1.647188
1.393711
1.380059
1.324632
1.286527
1.623748
1.308686
1.454861
1.353501
1.617078
1.673877
1.415004
1.360388
3.139335
1.608171
1.369644
1.557966
1.251392
1.517797
1.283126
1.661086
1.509967
1.464755
1.322733
1.403986
1.535137
1.464638
1.507340
1.626762
1.584181
1.387197
1.432342
1.495737
1.584990
1.516443
1.417522
1.455412
1.535874
1.453823
1.274403
1.689867
1.443969
1.364718
1.582964
1.416683
1.437090
1.270716
2.612085
1.613678
1.287670
1.436924
1.377773
1.725501
1.496416
1.370584
1.325508
1.252525
1.369239
1.480459
1.533549
1.425581
1.483303
1.766426
1.565678
1.218802
1.615266
1.427175
1.353202
1.425515
1.320813
1.413710
1.521449
1.437760
1.764565
1.359477
1.428419
1.419882
1.457124
1.824241
1.582096
1.603695
3.241349
1.448947
1.603186
1.252620
1.451691
1.382146
1.150378
1.469871
1.612752
1.174122
1.446937
1.357349
1.570449
1.482889
1.504861
1.606979
1.548066
1.649499
1.372907
1.611486
1.527927
1.212535
1.501764
1.487852
1.444005
1.642751
1.489887
1.378123
1.415514
1.352493
1.537090
1.332292
1.693129
1.428360
2.180745
1.394551
1.508967
1.167299
1.591185
1.643068
1.329919
1.561886
1.460966
1.530857
1.556767
1.403419
1.413613
1.294853
1.570206
1.353261
1.370208
1.334551
1.478843
1.450202
1.623538
1.413930
1.472381
1.301008
1.528827
1.686152
1.304814
1.309674
1.389954
1.487107
1.658576
1.294279
1.520740
1.353673
2.458062
1.313169
1.414296
1.437914
1.342582
1.380836
1.505089
1.628337
1.418473
1.535462
1.184237
1.384640
1.605696
1.396070
1.425875
1.265945
1.472564
1.262738
1.218107
1.411885
1.511146
1.582650
1.889815
1.556885
1.526894
1.719674
1.440714
1.736785
1.312021
1.340095
1.661743
1.822727
1.430549
1.359503
2.566396
1.395756
1.354712
1.429384
1.487990
1.456025
1.285848
1.669081
1.411391
1.396939
1.479363
1.560658
1.467453
1.428016
1.293436
1.322136
1.615487
1.610888
1.342422
1.439139
1.586307
1.222975
1.507858
1.248613
1.637756
1.756980
1.437738
1.273394
1.491065
1.519674
1.742536
1.701836
1.541451
1.350653
1.733422
1.428952
1.547017
1.630266
1.342066
1.327853
1.570193
1.348373
1.333930
1.551598
1.418644
1.410488
1.424392
1.560373
1.475477
1.446944
1.351810
1.436228
1.479611
1.545515
1.313866
1.680924
1.537792
1.210166
1.550639
1.370356
1.561927
1.485633
1.538892
1.452492
1.736688
1.504995
1.438604
1.355577
2.908862
1.636890
1.291110
1.453889
1.507637
1.432903
1.537490
1.444111
1.515496
1.576804
1.396328
1.364432
1.585025
1.453841
1.302398
1.597831
1.506262
1.410860
1.512840
1.717957
1.430473
1.579255
1.269430
1.369875
1.718812
1.445786
1.490433
1.296278
1.502938
1.331547
1.584088
1.490653
1.420266
1.293264
3.446610
1.330674
1.525997
1.663995
1.160371
1.317022
1.543734
1.243385
1.759191
1.635809
1.346765
1.643151
1.486695
1.837428
1.141370
1.348641
1.476810
1.427768
1.692366
1.587800
1.325226
1.492130
1.300884
1.445314
1.600021
1.325715
1.619386
1.482935
1.245623
1.883526
1.352840
1.418039
1.393801
1.522702
3.243874
1.575548
1.384860
1.263795
1.656211
1.519355
1.444498
1.177038
1.569621
1.390186
1.401466
1.286197
1.308859
1.200114
1.484393
1.358373
1.512140
1.397051
1.346824
1.893322
1.413436
1.645687
1.675353
1.467641
1.299879
1.467265
1.564889
1.640232
1.580261
1.264147
1.457143
1.422225
1.436278
1.446769
2.942581
1.372974
1.938970
1.502838
1.580552
1.330023
1.208656
1.796123
1.430066
1.236737
1.709280
1.386653
1.696841
1.431138
1.372896
1.232438
1.428944
1.434152
1.384515
1.403939
1.585180
1.573016
1.300419
1.288558
1.368498
1.258505
1.529633
1.281290
1.245602
1.388456
1.614358
1.615201
1.548827
1.395204
1.635795
1.503780
1.348560
1.399982
1.470375
1.555093
1.546122
1.472879
1.362162
1.406895
1.489453
1.396924
1.359789
1.218312
1.442142
1.382516
1.312994
1.508687
1.388572
1.260972
1.301495
1.539866
1.555271
1.426599
1.368507
1.565279
1.602041
1.587288
1.445814
1.487790
1.362544
1.685176
1.144009
1.574775
1.711175
1.423369
1.410805
1.478415
1.373354
1.265001
1.416195
1.364548
1.373890
1.532286
1.507332
1.490600
1.159242
1.480108
1.424569
1.439335
1.437901
1.653613
1.423071
1.274727
1.463776
1.486703
1.467288
1.484497
1.432143
1.303656
1.482952
1.411899
1.555216
1.522415
1.564946
1.697505
1.335544
1.521669
1.067236
1.248743
1.638077
1.264265
1.483500
1.617020
1.232946
1.298340
1.330680
1.196456
1.744882
1.408387
1.603372
1.405686
1.434541
1.460171
1.425724
1.554343
1.270178
1.397185
1.263099
1.439543
1.394721
1.635783
1.407307
1.382356
1.680525
1.351806
1.407153
1.437658
1.403108
1.577612
1.485795
1.456132
1.709713
1.399393
1.569710
1.434169
1.417561
1.451332
1.621641
1.340024
1.393620
1.631575
1.534508
1.380401
1.275648
1.353059
1.642224
1.480922
1.365623
1.285734
1.585799
1.718280
1.531884
1.645097
1.552336
1.485972
1.397904
1.332331
1.457507
1.242658
1.635705
1.198092
1.345861
1.565852
1.354268
1.466301
3.168947
1.717874
1.511412
1.466901
1.338609
1.387156
1.292918
1.496726
1.491753
1.400963
1.487087
1.352756
1.417347
1.410183
1.419867
1.436904
1.361604
1.354671
1.355198
1.693727
1.417230
1.438797
1.625168
1.407856
1.308159
1.392014
1.423248
1.432595
1.456433
1.520232
1.699599
1.467551
1.468721
1.627845
2.067842
1.460438
1.331070
1.494510
1.472198
1.744879
1.581525
1.555381
1.247057
1.440882
1.435465
1.553948
1.492410
1.572007
1.576000
1.594902
1.415522
1.290227
1.469666
1.487310
1.414625
1.421415
1.350396
1.330881
1.364092
1.523406
1.795313
1.555065
1.571631
1.630545
1.555844
1.504115
1.247768
1.417613
0.701952
1.516598
1.418061
1.409712
1.358854
1.399340
1.374041
1.512199
1.573440
1.612676
1.291519
1.344763
1.372610
1.706923
1.364677
1.541959
1.469715
1.403805
1.414541
1.665038
1.572392
1.596840
1.507287
1.375865
1.650248
1.127007
1.321482
1.352160
1.488272
1.390270
1.353449
1.516484
1.684183
1.510509
2.582864
1.788310
1.588263
1.422777
1.481703
1.458948
1.527192
1.452117
1.162643
1.546542
1.348339
1.331413
1.462656
1.429043
1.741568
1.555551
1.511892
1.302004
1.294106
1.366971
1.477815
1.521951
1.405690
1.267948
1.240351
1.400209
1.490262
1.394740
1.529814
1.544075
1.490856
1.442118
1.256001
1.368066
2.112012
1.495145
1.171427
1.462204
1.422096
1.535765
1.582769
1.327879
1.432271
1.347272
1.405362
1.296418
1.442190
1.589746
1.567141
1.499665
1.294626
1.398874
1.448143
1.295862
1.472560
1.558251
1.415776
1.464639
1.410456
1.408259
1.429501
1.479019
1.361441
1.312309
1.614172
1.557229
1.452221
1.545793
2.326081
1.358799
1.585645
1.557217
1.587843
1.504950
1.299369
1.479882
1.547190
1.447242
1.539216
1.418767
1.282544
1.633859
1.625131
1.368334
1.491879
1.683915
1.161654
1.376294
1.641939
1.397950
1.265973
1.503355
1.650121
1.616760
1.360325
1.497169
1.324293
1.321779
1.441308
1.263095
1.572452
1.257842
3.110767
1.571794
1.593407
1.308528
1.330310
1.262632
1.619499
1.389482
1.465333
1.206537
1.793448
1.494538
1.546263
1.551946
1.616529
1.289819
1.277802
1.613188
1.282415
1.495529
1.472611
1.297902
1.503058
1.354946
1.328756
1.643422
1.457634
1.597966
1.550767
1.668090
1.358171
1.452228
1.360888
1.334779
2.204180
1.459159
1.221714
1.414973
1.600912
1.624095
1.384345
1.386153
1.586716
1.489533
1.267143
1.474406
1.571914
1.622780
1.369991
1.604885
1.326836
1.523759
1.374165
1.439702
1.110517
1.469020
1.439933
1.412437
1.414084
1.640195
1.460680
1.560885
1.266573
1.214052
1.420906
1.438412
1.447604
1.486105
1.648873
1.332025
1.358692
1.606834
1.256609
1.227059
2.029228
1.411108
1.293122
1.562530
1.411354
1.420039
1.667612
1.455714
1.292051
1.491503
1.364258
1.348587
1.400842
1.389183
1.374464
1.480723
1.465916
1.408115
1.441137
1.793266
1.573088
1.740866
1.486719
1.246097
1.688311
1.569843
1.375868
1.331913
4.018385
1.364375
1.564023
1.359303
1.337578
1.348814
1.441453
1.351784
1.268314
1.269349
1.382734
1.313807
1.581720
1.308774
1.259394
1.300002
1.391112
1.320587
1.344635
1.527235
1.549814
1.670860
1.482289
1.392002
1.468265
1.427161
1.596868
1.367718
1.619937
1.493858
1.505852
1.862800
1.211711
1.329197
4.112506
1.400703
1.384017
1.494816
1.444871
1.720348
1.481388
1.178463
1.599682
1.391563
1.618472
1.364977
1.463441
1.519904
1.512505
1.376720
1.487692
1.496017
1.454958
1.319234
1.363718
1.785036
1.364916
1.526557
1.345110
1.470587
1.396571
1.387421
1.727332
1.431478
1.584604
1.268766
1.329536
1.629368
1.084904
1.213622
1.493285
1.741396
1.587604
1.392682
1.306330
1.317628
1.632429
1.446421
1.471674
1.379583
1.499741
1.530646
1.487139
1.296903
1.566783
1.598027
1.252410
1.414834
1.588727
1.537249
1.426077
1.357219
1.673430
1.434212
1.441251
1.412700
1.249388
1.378860
1.519253
1.392162
1.316506
1.443354
1.850197
1.344978
1.467140
1.292217
1.454213
1.534320
1.468552
1.439540
1.354178
1.485943
1.363853
1.459819
1.666191
1.529134
1.442157
1.287758
1.408669
1.569707
1.633232
1.391028
1.614219
1.456819
1.416469
1.304267
1.480754
1.523578
1.330739
1.476518
1.497615
1.468626
1.471825
1.322145
1.291290
1.441196
0.418326
1.242607
1.433583
1.518256
1.369865
1.067635
1.331295
1.465507
1.580107
1.397671
1.668703
1.624484
1.746354
1.666859
1.218323
1.453000
1.433384
1.372725
1.438461
1.523736
1.428284
1.445608
1.701334
1.780891
1.447269
1.586023
1.504800
1.393600
1.377195
1.402287
1.768274
1.325974
1.354234
1.469786
1.880158
1.437996
1.421319
1.546854
1.641258
1.418973
1.586011
1.220443
1.398174
1.535048
1.469495
1.238980
1.328730
1.440010
1.354707
1.457504
1.427063
1.445113
1.290191
1.467522
1.417795
1.419901
1.510300
1.306521
1.397509
1.406054
1.536673
1.288675
1.687546
1.069165
1.419129
1.513649
1.566518
1.202819
2.572478
1.400041
1.321130
1.212530
1.417749
1.326888
1.568772
1.403735
1.266902
1.533157
1.700445
1.659879
1.442598
1.747438
1.429594
1.520945
1.593634
1.555304
1.321780
1.390761
1.297655
1.538914
1.442302
1.447787
1.701949
1.503799
1.494180
1.574529
1.361033
1.260029
1.673703
1.427930
1.263926
1.250555
3.680610
1.366488
1.882905
1.516639
1.416437
1.559117
1.717732
1.399952
1.265644
1.396648
1.352805
1.316414
1.527165
1.554526
1.212312
1.375919
1.384413
1.421999
1.707512
1.350060
1.588121
1.736800
1.564971
1.479542
1.353620
1.471128
1.620485
1.429862
1.554644
1.346081
1.162408
1.618811
1.491363
1.315391
4.998447
1.468201
1.364603
1.307851
1.539258
1.467679
1.500237
1.710546
1.525399
1.546926
1.287596
1.462312
1.613785
1.580582
1.382013
1.473640
1.400006
1.332569
1.217976
1.305088
1.538735
1.494554
1.523438
1.415442
1.546770
1.376873
1.339279
1.747770
1.466445
1.489985
1.451680
1.471320
1.370916
1.639387
2.598835
1.572460
1.485130
1.455804
1.387219
1.175825
1.208186
1.353765
1.658930
1.594978
1.578656
1.521597
1.438636
1.381660
1.555714
1.363456
1.472124
1.651508
1.017148
1.309274
1.361779
1.235965
1.323295
1.640321
1.283897
1.329169
1.311472
1.264316
1.264535
1.503265
1.589296
1.451715
1.393799
1.499010
1.463822
1.495501
1.512719
1.520501
1.356199
1.319240
1.400194
1.409180
1.181379
1.490818
1.473681
1.284606
1.736438
1.408111
1.543770
1.547610
1.361219
1.323472
1.217608
1.570743
1.324359
1.583242
1.426279
1.563317
1.566798
1.397093
1.336509
1.205184
1.491903
1.352125
1.299213
1.292907
1.617542
1.329859
3.198287
1.452849
1.374493
1.472923
1.503393
1.331914
1.328804
1.445984
1.417065
1.473857
1.737048
1.323190
1.518992
1.698422
1.533477
1.552254
1.369490
1.418467
1.476486
1.357121
1.418025
1.475157
1.584399
1.259168
1.423086
1.427387
1.441468
1.443565
1.532460
1.514468
1.241802
1.199574
1.432854
1.586250
3.487919
1.370612
1.649798
1.740732
1.362972
1.340351
1.512012
1.542991
1.444856
1.317563
1.544975
1.358495
1.268723
1.304422
1.186920
1.476740
1.597391
1.591298
1.625248
1.441354
1.568339
1.362907
1.461532
1.183050
1.320297
1.345448
1.420400
1.413700
1.371491
1.541112
1.473627
1.578109
1.346424
1.449103
1.870344
1.466147
1.673347
1.226431
1.394849
1.432309
1.376679
1.412156
1.481891
1.313647
1.356579
1.441027
1.363281
1.480957
1.337541
1.538892
1.321601
1.364164
1.481288
1.503774
1.254327
1.371071
1.555678
1.533098
1.323963
1.533839
1.327562
1.432636
1.377605
1.546272
