2.446540
8.102362
16.722706
7.821500
7.486073
5.794232
3.510268
2.392270
2.530779
2.447949
2.327849
2.219506
2.763192
2.294547
2.238341
2.149244
2.391632
2.381288
2.591936
2.414043
2.213925
2.322771
2.527672
2.627318
2.716805
2.722497
2.667297
3.340410
2.922447
2.394652
2.509364
3.067477
2.921684
2.927097
2.816728
2.673652
2.119019
3.521794
3.205796
2.371655
2.941716
2.943301
2.527996
2.685905
3.105742
3.152770
2.495492
2.895817
3.345839
2.443353
2.789518
2.666445
2.701572
2.783766
3.477183
3.220686
3.813878
2.654229
3.675616
2.652019
2.596837
3.104187
3.306488
2.673091
2.852901
2.417007
2.393445
2.849129
3.112804
2.604804
2.914262
3.680249
2.423193
3.041904
2.807116
2.837977
2.879093
3.734631
2.867229
2.570967
2.980366
2.533879
2.585124
3.098044
2.343226
3.111638
3.021532
2.459668
3.648785
2.373842
2.789182
2.455511
2.576514
2.767212
3.297702
3.007259
2.571216
2.242415
2.977344
2.250612
2.225546
2.662984
2.268799
4.868927
2.246405
2.743824
2.797158
2.823245
2.456919
3.051362
2.334367
3.008107
2.876855
4.135867
2.404875
3.764996
3.798413
2.945975
2.660417
3.445554
2.517505
3.073906
2.571223
2.729566
2.813127
4.130425
3.602099
2.119499
3.484787
3.330664
3.671978
4.329889
2.782011
3.558946
3.781903
3.035434
3.598702
2.743640
3.290246
2.684736
2.441046
2.894944
2.553551
5.652583
2.245112
3.264971
5.098970
2.961421
5.951302
3.038250
3.052899
3.018618
3.473025
3.605720
2.691111
3.696958
3.085649
3.113174
3.841695
2.333795
3.078408
3.954575
3.275778
3.036149
2.776680
2.772248
3.858213
3.493489
2.238338
2.780488
2.832288
2.406155
2.883107
3.114174
4.102723
3.196258
3.574863
2.675944
2.265623
2.880701
2.415982
2.464061
2.114141
2.918885
2.922183
2.522281
2.966002
3.350490
2.580030
2.576221
2.315787
2.841583
3.733163
3.147161
2.570940
3.640781
2.462618
2.898799
3.197247
2.467856
2.458003
2.838593
2.992011
2.773674
2.518204
2.329736
2.874523
3.061799
2.150986
3.182154
2.644169
2.957590
2.955891
2.454303
3.497795
2.011716
2.488884
3.565669
3.043613
4.536581
2.733142
3.807266
2.695196
3.351403
3.447531
2.925928
2.943891
5.444424
3.057548
3.307751
3.396150
3.185768
2.693794
2.179477
2.214527
2.582885
3.167506
8.191762
2.554904
2.987416
3.309832
2.772218
2.397117
2.208173
2.423874
2.541294
2.793467
2.155855
2.400367
3.282438
3.480045
2.289307
2.514146
2.465038
2.949911
3.270980
3.768798
2.504189
2.469097
2.446799
3.166742
2.492740
2.079843
2.460520
2.636322
6.616999
2.660965
2.838732
3.272798
2.878484
2.628471
3.276727
2.150660
2.958257
2.966146
2.558624
3.326447
2.750721
2.847741
2.635325
2.261920
2.701989
2.358462
2.358902
2.612553
2.372703
2.877421
2.713650
2.680657
3.479977
2.199832
2.252990
2.496963
2.506863
2.744746
3.524617
2.763915
2.991938
2.672952
2.668688
3.016134
3.033548
2.373577
2.593340
2.288656
2.221931
2.931708
2.509071
2.726209
2.800547
3.223035
4.269341
2.507595
2.560524
2.719656
2.000336
2.564563
3.648749
2.435866
2.596493
3.010340
2.208421
2.324403
2.855120
2.345366
2.347514
2.718509
2.589161
2.571138
2.664204
3.213546
3.076258
2.590563
2.626496
3.019171
2.238899
3.027662
3.329242
2.419600
2.946670
2.251033
3.115726
2.848953
2.432899
2.753273
2.657717
3.207561
2.264552
2.201234
2.450774
2.256186
3.188345
3.472658
2.582313
2.634280
3.161643
2.658450
2.771431
2.780710
2.903249
2.158109
2.388989
2.569989
6.945144
2.320111
2.928081
2.981374
2.285916
2.278169
2.592239
2.351344
2.300530
3.114621
2.454853
2.622866
2.312200
3.180824
2.631289
2.387517
3.104911
2.729479
2.977889
2.249073
2.856235
2.969882
2.400269
2.546798
2.204424
2.242052
2.163283
2.436069
2.939656
2.447365
2.868932
2.799449
2.562872
2.916485
2.431194
2.152212
2.966695
2.571299
2.467697
2.305976
2.195103
2.685462
1.995172
2.668774
2.262926
2.855371
2.974359
2.747074
2.943325
2.392636
3.092205
2.802022
2.568509
2.213378
6.583278
2.568374
2.513308
2.467479
3.228486
3.069346
3.010231
2.773300
2.472408
2.454540
2.851794
2.897405
2.236392
2.644979
2.502651
5.812012
2.860934
2.762972
2.782215
2.353991
2.947016
2.574421
2.704781
2.650885
2.655541
2.495109
2.236816
2.702273
2.085322
2.668150
2.248502
2.366569
2.726599
2.872700
2.823142
2.763560
2.768037
2.547418
2.468596
2.876493
2.586659
2.943939
2.830972
2.368935
2.332175
2.565526
2.721459
2.402575
2.403077
2.182774
2.517166
2.279504
2.295401
2.193017
2.296072
2.599030
2.601405
2.380429
2.473828
2.529060
2.392527
2.782542
2.445051
2.038893
3.016998
2.736917
2.326517
2.711699
2.281735
2.498796
2.552426
2.262453
2.759271
2.383864
2.904339
2.554899
2.603859
2.261549
2.519955
2.392990
2.878374
2.163881
2.339740
2.167394
2.337576
2.646906
2.606767
2.756775
2.262422
2.397885
2.324827
2.371610
2.967591
2.922573
2.371668
2.377709
2.587357
3.415323
2.586899
2.857174
2.765700
2.660783
2.229190
2.399118
2.381265
2.783646
2.628901
2.866970
2.131183
4.048512
2.602821
2.262848
2.258151
2.800272
2.630587
2.607058
2.818128
2.826773
2.366155
2.312119
2.320008
2.268647
2.983479
2.581028
2.692817
2.314482
2.892392
2.198339
2.324486
5.345501
2.349816
2.727597
2.141189
2.799783
2.307709
2.396013
3.306397
2.655817
2.102203
2.358568
2.846705
2.408359
2.532422
3.009883
2.552052
2.180461
2.976634
2.634353
2.360868
2.507874
2.123919
2.628970
2.541130
2.290194
2.315541
2.832370
2.314863
2.557666
2.348577
2.551048
10.892962
2.274444
2.713540
2.163844
2.935402
6.812492
2.561450
2.375206
2.457160
2.418333
3.093758
2.531765
2.732258
2.282141
2.808597
2.487036
2.504132
2.364145
2.419139
3.076111
2.251638
2.075643
2.407169
3.019875
2.680580
2.950005
2.513497
3.092455
2.473587
2.479363
2.333233
2.185818
2.719141
2.366030
2.375689
2.629918
2.728482
2.478294
2.160331
2.951526
2.429483
2.777649
2.406311
2.328691
2.149279
2.481283
2.407197
2.209046
2.124409
2.884706
2.592817
2.633949
2.367574
2.778647
2.367657
2.563812
2.759695
2.305136
3.248868
9.903901
2.267661
2.268580
2.320454
2.394598
9.394526
2.486133
2.728960
2.610077
2.416023
2.683721
2.119522
2.680025
2.633940
2.702205
2.221890
2.483711
2.532159
2.203303
2.652454
2.112833
2.547027
2.520116
2.589189
2.818830
2.290849
2.446777
2.505517
2.285388
2.590169
2.659345
2.152790
2.461688
2.407121
2.267982
2.450225
2.382128
3.195556
2.448396
2.248286
2.140922
2.224329
2.293983
2.727922
6.442788
2.277073
2.056464
2.552278
2.090882
2.734947
2.167101
2.247518
2.631725
2.357995
2.787665
2.581951
2.296662
2.620095
2.230554
2.440412
2.638208
2.138474
2.371775
2.473000
2.191087
2.161360
2.187482
2.631006
2.382116
2.482562
2.283059
2.289453
2.370679
2.942104
2.294883
2.217971
2.229983
2.340526
2.395272
2.534323
1.993334
2.530314
2.126734
2.417770
2.577913
2.464676
2.441104
2.499831
2.109915
2.310174
2.186228
2.840117
2.054759
2.603826
2.113771
2.603730
2.265205
2.486042
2.989079
2.515137
2.487490
2.964461
2.796054
2.826307
2.128808
2.492566
2.221471
2.240563
2.415673
2.405847
2.693639
2.461885
2.544168
2.182815
2.587145
2.459517
2.691211
2.400452
11.104385
2.587444
2.322192
2.249782
2.699479
2.288624
2.626786
2.243679
2.298683
2.405872
2.372461
2.332485
2.450687
2.180334
2.454450
2.613660
2.216672
3.013840
2.257466
2.294732
2.303265
2.321693
2.612259
2.395173
2.455847
2.342856
2.486335
2.403286
2.480600
2.455281
2.354558
2.501147
2.870086
2.618852
2.515837
2.275823
2.435817
2.125423
2.412348
2.329192
21.926437
2.361708
2.468621
2.254178
2.728575
2.525411
2.522280
2.201803
2.434377
2.449032
2.356979
2.634712
2.362904
2.296689
2.221188
2.641009
2.250730
2.785932
2.296501
2.209942
2.508016
2.161984
5.969263
2.488719
2.273410
2.406329
2.288398
2.433586
2.239496
2.492049
2.306128
2.268796
2.576294
2.440952
2.268054
2.395923
2.344124
2.390273
2.406843
2.462859
2.261856
2.241875
2.758137
2.286597
2.219128
2.295353
2.948483
9.090679
2.166233
2.662494
2.267049
2.413323
2.434133
2.660588
2.260318
2.545391
2.627968
2.217412
2.706259
2.110037
2.321713
2.283313
2.204227
2.554625
2.298212
2.255120
2.283525
2.330531
2.614727
2.448326
2.285728
2.408808
2.772912
2.230711
2.229809
2.303173
2.386865
2.216911
2.172697
2.464270
2.215384
2.630197
2.435938
2.654574
2.396673
2.285608
2.521245
2.494956
2.623399
1.997720
2.452143
2.694081
2.333793
2.111482
2.457224
2.457710
2.238634
9.100224
2.535926
2.430387
2.343670
2.149893
2.155419
2.253568
2.382049
2.168345
2.289755
2.144498
2.407266
2.189692
2.578392
2.777489
2.454945
3.096177
2.166020
2.320688
2.357935
5.662929
2.176071
2.458058
2.493968
2.598611
2.256026
2.195445
2.478955
2.429463
2.235675
3.169700
2.584005
2.365804
2.242170
2.240807
2.344716
2.380974
2.536212
2.305882
2.181674
2.352077
2.796790
2.359987
2.227958
2.152471
2.591312
2.219643
2.236970
2.311947
2.158906
2.445789
2.363379
2.195586
2.129432
2.279368
2.311038
2.554007
2.239149
2.364832
2.417136
2.364683
2.053831
2.388848
2.623127
2.392514
2.066738
2.190555
2.293610
2.144386
2.271683
2.289986
2.502642
2.241102
2.231808
2.752706
2.261394
2.193158
2.267447
2.380202
2.161095
2.240479
2.081795
2.571372
2.540622
2.380586
2.160858
2.268702
2.848167
2.300736
2.101166
3.015639
2.156718
2.298755
2.166869
2.284617
2.280578
2.359523
2.359234
2.115401
2.302357
2.574898
2.181567
2.233537
2.395887
2.292812
2.140433
2.167967
2.216899
2.391037
2.084731
2.696489
2.478629
2.593048
2.490720
2.254603
2.221415
2.413474
5.447464
11.571856
2.340125
2.355997
2.155498
2.216487
2.555084
2.417981
2.208238
2.349667
2.196804
2.437117
2.415344
2.335634
2.147924
2.563509
2.293248
2.216362
2.438897
2.522779
2.220886
2.540015
2.487979
2.254964
2.514954
2.481833
2.249009
2.473028
2.401754
2.106595
2.511604
2.126476
2.465095
2.430779
8.339783
2.168509
2.459876
2.354094
2.626729
2.690006
2.161383
2.341547
2.071037
2.324592
2.263084
2.255997
2.311911
2.300913
2.063756
2.154675
2.286068
2.304576
2.414978
2.187153
2.410809
2.285038
8.256317
2.436445
2.359113
2.107645
2.257021
2.205824
2.203936
2.424070
2.311169
2.265876
2.294851
2.555812
2.343917
2.120092
2.432253
2.382595
2.609168
2.667763
2.388473
2.164441
2.287746
30.973457
2.569244
2.721973
2.152515
2.088294
2.242516
2.487702
2.275923
2.217062
2.304828
2.287611
2.375001
2.470201
2.768997
2.267733
2.142842
2.685374
2.439707
2.318661
2.268557
2.860413
2.361341
2.320504
2.603982
2.365491
2.201648
2.597802
2.253128
2.305092
2.302184
2.183100
2.172785
2.396094
2.486080
2.750401
2.111485
2.400332
2.178957
2.493484
2.563600
2.209061
2.294077
2.115580
2.208787
2.407975
2.051126
2.153207
2.477552
2.412855
2.233327
2.267313
2.501628
2.584526
2.422561
2.400559
2.358840
2.284886
2.170539
2.205583
2.158225
2.839417
2.397101
2.447926
2.359339
2.135401
2.136301
2.428323
2.447778
2.433991
2.551171
2.397263
4.086521
2.290352
2.198644
2.179522
2.314837
2.130917
2.448714
2.208790
2.637538
2.231136
2.291301
2.424438
2.255289
2.202648
2.397473
2.458969
2.300631
2.332141
2.217565
2.781549
2.319178
2.343282
2.114112
2.544745
2.120001
2.415555
2.380894
2.216393
2.084592
2.639601
2.391565
2.045151
2.484254
2.408157
2.195445
2.267056
2.325040
2.214692
2.139380
2.237282
2.382652
2.845494
2.276047
2.186815
2.343963
2.562554
2.019076
2.366865
2.247971
2.388391
2.438182
2.383091
2.295620
2.785719
5.057757
2.224168
2.328326
2.287581
2.367527
2.135563
2.146532
2.271635
2.138700
2.687338
2.403197
2.314030
2.100439
2.615750
2.398868
2.261429
2.474838
2.306637
12.792142
2.275208
2.324097
2.509809
2.506427
2.197256
2.334897
2.661165
2.347505
2.200320
2.258484
2.339324
2.385287
2.724656
2.103918
2.258114
2.339417
2.087600
2.191307
2.279650
2.368206
2.212416
2.118165
2.180416
2.058458
2.047258
2.189995
2.236753
2.254517
2.250340
2.107341
2.244600
2.447956
2.221802
2.339322
2.606856
2.245998
3.062436
2.385227
2.087886
2.318462
2.242579
2.196138
2.560643
2.364529
2.139116
2.355995
2.160774
2.554627
2.501679
2.187665
2.118302
2.127495
2.764316
2.196173
2.238515
2.570420
6.659507
2.324487
2.166329
2.541076
2.368668
2.188493
2.242222
2.076325
2.290281
2.601640
2.246332
2.561738
2.274802
2.343303
2.295330
2.339643
2.531460
2.268444
2.599918
2.270428
2.156621
2.462866
2.082810
2.669948
2.548509
2.418399
2.243344
2.363515
2.165200
2.202112
2.325614
2.089021
2.617252
2.211730
2.134588
2.145812
2.359767
2.294984
6.675657
2.275167
2.317813
2.209728
2.467180
2.160708
2.306171
7.569386
2.221232
2.419426
2.228329
2.131468
2.163013
2.206628
2.393420
2.492579
2.201296
2.232587
2.210763
2.252463
2.325187
2.210586
2.349862
2.268863
2.227819
2.902563
2.294615
2.380466
2.445446
2.116658
2.406477
2.173526
2.266536
2.408041
2.210670
2.467057
2.217153
2.297659
2.623848
2.200521
2.189864
2.331599
2.257931
2.110682
2.415452
2.181522
2.419880
2.192397
2.355057
2.470525
2.603312
2.208686
2.087565
2.382157
2.381124
2.137777
2.084565
2.288304
2.330745
2.324128
2.372878
2.272659
2.278015
2.162316
2.106798
2.619835
2.270291
2.385422
2.286461
2.269658
2.302767
2.265754
2.277766
3.850227
2.447244
9.994494
2.425324
2.122640
2.310370
2.487170
2.391473
2.386998
2.183854
2.127732
2.135324
2.238087
2.271736
2.317094
2.407820
2.212881
2.317490
2.521035
2.421819
2.274648
2.165210
2.142462
2.658190
2.178217
2.181626
2.167009
2.318662
2.384433
2.127619
2.253325
2.332706
2.280313
2.199605
2.184336
2.570573
2.287848
2.732430
2.236696
2.257897
2.251428
2.225162
2.169327
2.896337
2.208812
2.302983
2.211660
2.299593
2.498127
2.212569
2.205770
2.645474
2.218386
2.210993
2.500692
2.322195
2.141344
2.193021
2.332080
2.297588
2.422559
2.025529
2.391887
2.110079
2.201459
2.201501
2.312802
2.436655
2.209275
2.319522
2.596017
2.326684
2.228643
2.715292
2.142185
2.463605
2.288985
2.474328
2.235620
2.084443
2.145160
2.240447
6.008255
2.664742
2.151278
2.333471
2.518239
5.630099
2.232450
2.499815
2.738940
2.307836
2.470347
2.169703
2.247967
2.236073
2.311966
2.307642
2.237137
2.413998
2.420872
2.577685
9.378014
2.115958
2.712395
2.407702
2.772681
2.080156
2.320782
2.186387
2.467587
2.037193
2.962845
2.226531
2.340834
2.016686
2.110083
2.331511
2.667556
2.260501
2.216677
2.210049
2.335896
2.340979
2.243254
2.217534
2.583509
2.228583
15.791719
2.317952
2.275574
2.194839
2.121712
2.124552
2.300961
2.095177
2.313227
2.252074
2.324018
2.117375
2.072827
2.244031
2.141226
2.355537
2.346400
2.148611
2.555048
2.573045
2.163108
2.349064
2.317346
2.330345
2.500530
2.294269
2.313682
2.334500
2.490006
2.255341
2.226278
2.418829
2.335559
2.230615
2.364640
2.191526
2.257628
2.207863
2.144958
2.361181
2.394029
2.300349
2.644663
2.503864
2.148480
2.271083
2.277014
2.174212
2.247146
2.257957
2.433274
2.442028
2.122087
2.437286
2.485772
2.142192
2.274475
2.218605
2.359629
2.411050
2.205463
2.293616
2.130604
2.492189
2.323953
2.212061
2.308938
2.249705
2.321674
2.340435
2.255784
2.381802
2.166101
2.313364
2.007074
2.034783
2.166077
2.173229
2.465151
2.037183
2.189488
2.152395
2.267121
2.266406
2.284231
2.200832
2.312981
2.082886
2.504848
9.451163
2.253375
2.410622
2.314938
2.408001
2.108089
2.197771
2.206068
2.328664
2.105223
2.204216
2.301662
2.120325
2.204743
2.224378
2.352654
2.363694
2.157025
2.331594
2.143706
2.363147
2.463005
2.387619
2.292001
2.129264
2.309030
2.293192
2.143126
2.118219
2.113553
2.115095
2.366607
2.245610
2.262314
2.250213
2.245889
2.085564
2.302957
2.161618
2.448190
2.261896
2.326827
2.470417
2.332452
2.234977
2.227972
2.204382
2.353620
2.146928
2.253789
2.248341
2.213712
2.503007
2.203600
2.175900
2.285153
2.570114
2.138154
2.266687
2.222547
2.094012
2.151125
2.049089
2.178352
2.139166
2.171178
2.357653
2.277533
2.250186
2.464221
3.313597
2.276985
2.185046
2.303787
2.163495
2.077580
2.216364
2.358412
2.378867
2.409288
2.229345
2.382965
2.233113
2.389088
2.239955
2.326227
2.102786
2.295111
2.494827
6.432169
2.201311
2.457649
2.352072
2.301038
2.215018
2.217896
2.624791
2.094164
2.237183
2.273280
2.272564
2.070158
2.313359
2.286839
2.570978
2.191424
2.197677
2.201313
2.667465
2.242921
2.276824
2.323619
2.198596
2.162816
2.293782
2.065113
2.381691
2.444486
2.678076
2.546720
2.381934
2.461878
2.283429
2.160180
2.286667
2.270222
2.298859
2.118689
2.237077
2.135304
2.297747
2.516486
2.425115
2.227560
2.386970
2.293481
2.311179
2.407882
2.293739
2.585336
2.457482
2.172924
2.571002
2.067135
2.454408
2.046872
2.229637
2.383353
2.293976
2.136378
2.101091
2.414087
2.295282
2.321028
2.703604
2.269094
2.236869
2.282178
2.199639
2.278186
2.249322
2.184717
2.212043
2.355547
2.260558
2.060699
2.279841
2.457856
2.083189
2.136486
2.312354
2.444613
2.262568
2.279595
2.261084
2.627226
2.392334
2.135128
2.546506
2.408533
2.282456
2.111269
2.182108
2.252892
2.146394
2.231035
2.297582
2.351694
2.302220
2.350270
2.371381
2.197286
2.188587
2.134490
2.479092
2.426373
2.232506
2.336632
2.144228
2.227968
2.098155
2.285475
2.091888
2.237530
2.496921
2.131876
2.166585
10.788565
2.174415
2.182801
2.551926
2.163251
2.194366
2.257104
2.135787
2.111486
2.209760
2.455942
2.148269
2.267125
2.349545
2.239448
2.342504
2.262518
2.224179
2.466959
2.227503
2.261795
2.161466
2.396099
2.739605
2.399763
2.407647
2.264334
2.463217
2.350319
2.186895
2.166610
7.686249
2.645691
2.278375
2.282995
2.365487
2.159306
2.267802
2.297749
2.108074
2.380596
2.442160
2.473473
2.304250
2.168793
2.318373
2.408288
2.265100
2.212182
2.251464
2.285226
2.145329
2.265036
2.279814
3.524170
2.278245
2.240777
2.274963
2.146913
2.251187
2.347402
2.244480
2.556383
2.273701
2.467884
2.227244
2.417929
2.297142
2.316245
2.311783
2.360136
2.366126
2.330139
2.425902
2.091566
2.311304
2.258196
2.382625
2.263956
2.168830
2.206646
2.232750
3.773559
2.215393
2.199565
2.190684
2.312489
2.471520
2.260917
2.328797
2.383599
2.158471
2.332712
2.272669
2.206360
2.231198
8.313412
2.244402
2.202502
2.235171
2.293963
2.124385
2.078692
2.249658
2.265397
2.184321
2.264233
2.523389
2.172029
2.082383
2.443945
2.134335
2.250507
2.197693
2.204219
2.342207
2.157830
2.447515
2.229901
2.276865
2.704986
2.133053
2.418396
2.335008
2.134249
2.156215
2.176854
2.217561
2.357716
2.129306
2.102446
2.536227
2.177570
2.187304
2.486868
2.320047
2.133459
2.407619
2.220111
2.127892
2.157928
2.405538
2.178667
2.153818
2.225281
2.384147
2.131289
2.209921
2.313301
2.134711
2.461566
2.301533
2.220050
2.353776
2.394351
2.250912
2.159775
2.298521
2.168303
2.415918
2.339007
2.252834
2.102210
2.145679
2.145509
2.166883
2.132389
2.124188
2.141040
2.207916
2.369944
2.189637
2.354668
2.299951
2.385999
2.395607
2.317034
2.298184
2.190402
2.325359
2.452437
2.126500
2.601432
2.401554
2.565520
2.177366
2.299939
2.102542
2.195035
2.231787
2.369014
2.535779
2.210551
2.286359
2.191116
2.186562
2.293110
2.208786
2.328731
2.171813
2.225239
2.160801
2.161119
2.131662
2.314151
2.126608
2.276351
2.287425
2.260566
2.243914
2.090271
2.249801
2.103092
2.316078
2.254592
2.349147
2.392753
2.303329
2.440166
2.116218
2.380039
2.236095
2.265603
2.256150
2.208634
2.425435
2.430487
2.505411
2.160249
2.399885
2.299413
2.435310
2.280682
2.225868
2.277839
2.202819
2.310657
2.159844
2.200784
2.271256
2.002700
2.121708
2.280642
2.211343
2.116456
2.277787
2.146649
2.472155
2.404110
2.234041
2.188549
2.112788
2.151628
2.418927
2.267680
2.265227
2.308015
2.665849
2.187947
2.347417
2.416178
2.331177
2.172563
2.154663
14.435650
2.223928
2.332419
2.257299
2.192036
2.255718
2.201708
2.133937
2.335983
2.219441
2.368805
2.281673
2.688197
2.259807
2.169247
2.136375
2.178560
2.345394
2.336268
2.152404
2.208508
2.227311
2.188133
2.514862
2.259531
2.345944
2.253870
2.364683
2.477177
2.234072
2.163217
2.024228
2.332391
2.126195
2.239413
2.346475
2.298558
2.402438
2.454077
2.290878
2.334132
2.315965
2.236491
2.267755
2.317849
2.468500
15.049897
2.442048
2.338680
2.099292
2.067349
2.255981
2.131931
2.398555
2.368415
2.184590
2.328629
2.119391
2.113080
2.561611
2.178852
2.244355
2.313504
2.213632
2.262291
2.221226
2.022124
2.046461
2.210140
2.170861
2.077651
2.323057
25.251450
2.179717
2.216695
2.177847
2.300198
2.184297
2.360696
2.262748
2.103438
2.194547
2.675368
2.573633
2.281238
2.188483
2.404601
2.198282
2.089303
2.207607
2.280069
2.153444
2.269637
2.248237
2.147539
2.262391
2.133146
2.272395
2.223241
2.192816
2.467633
2.192790
2.271009
2.217470
2.394786
2.266046
2.324727
2.520228
2.099778
2.312647
2.193044
2.137639
2.126219
2.594983
2.311819
2.134599
2.319004
2.114795
2.263296
2.217277
2.160357
2.416546
2.181982
2.217723
2.284237
2.322339
2.533484
2.223039
2.306473
2.206869
2.184928
2.436235
2.455606
2.266060
2.231488
2.494817
2.215173
2.208067
2.241507
2.352268
2.194195
2.404261
2.726580
2.274176
2.244597
2.320596
2.113304
2.139747
2.299432
2.269267
2.277941
2.389722
2.243419
2.510476
2.193001
2.160637
2.255199
2.236096
2.274589
2.218262
2.257138
2.314925
2.356065
2.288633
2.191171
2.251966
2.275753
2.407250
2.256215
2.107855
2.106982
2.228219
2.338127
2.208332
2.309939
2.296522
13.046988
2.104794
2.321213
2.377416
2.134866
2.051730
2.042817
2.238351
2.169624
2.271607
2.394950
2.202909
2.420491
2.315670
2.193185
2.248428
2.334560
2.267250
2.289269
2.267250
2.211736
2.114782
2.220690
2.152741
2.358453
2.447578
2.237298
2.240386
2.317803
2.156312
5.599266
2.320323
2.130277
2.156065
2.238030
2.233348
2.471875
2.238098
2.328815
2.086999
2.237685
2.555148
2.157230
2.136419
2.252904
2.411775
2.402657
2.175800
2.325100
2.193940
2.126828
2.194812
2.147667
2.226357
2.164651
2.383715
2.553303
2.182480
2.322820
2.231778
2.227779
2.172634
2.335531
2.279963
2.318767
2.244127
2.372629
2.129856
2.173736
2.190192
2.206295
2.214335
2.080438
2.215694
2.117020
2.349918
2.236815
2.461329
2.291740
2.189826
2.140537
2.176764
3.511580
2.325147
2.225451
2.206607
2.412196
2.114031
2.357518
2.272581
2.401199
2.377163
2.672834
2.398098
2.350398
2.201915
2.127525
2.212155
2.198643
2.431231
2.270382
2.132462
2.216004
2.218637
2.177465
2.343705
2.265451
2.368441
2.287697
2.231964
2.132597
2.145427
2.228877
2.345069
2.099100
2.130846
2.291423
2.064873
2.197852
2.107336
2.236383
2.170293
2.140253
2.196036
2.428790
2.479175
2.145567
2.284943
2.351545
1.988911
13.748661
2.229675
2.205012
2.394024
2.268781
2.109958
2.371982
2.125011
2.381328
2.045608
2.325816
2.184340
2.290583
2.218906
2.433577
2.302056
2.415966
2.446162
2.336203
2.312033
2.142910
2.376480
2.303904
2.350284
2.270133
2.114665
2.096414
2.139309
2.226979
2.251159
2.234540
2.553830
2.088414
2.059645
2.273957
2.177086
2.249177
2.172957
2.084678
2.187015
2.534721
2.380082
2.286959
2.545313
2.159377
2.138440
2.101283
2.245953
2.303543
2.067565
2.235443
2.198553
2.342376
2.191013
2.319909
2.238842
2.363848
2.258125
2.333133
2.130756
2.142395
2.255673
2.169920
2.420510
2.100457
2.379697
2.235009
10.963191
2.101530
2.198633
2.113627
2.140012
2.257055
2.206985
2.175478
2.174472
2.367954
2.191475
2.368294
2.338374
2.251848
2.201946
2.341893
2.156397
2.091113
2.096360
2.212485
2.252503
2.316681
2.371317
2.259160
2.159023
2.440977
2.176985
2.533698
2.262514
2.210240
2.306770
2.226098
2.211957
2.260809
2.267071
2.390307
2.248773
2.294594
2.129667
2.225511
3.695913
2.348565
2.149756
2.381899
2.275323
2.222406
2.492589
2.194467
2.300104
2.177449
2.272646
2.134472
2.335573
2.286264
2.314915
2.334326
2.186707
2.401911
2.282877
2.076915
2.248263
2.449531
2.609474
2.298982
2.159124
2.108532
2.311121
2.371189
2.356089
2.330299
2.087780
2.748048
2.217607
2.506930
2.457980
2.308040
13.164299
2.649462
2.385493
2.129058
2.141575
2.267137
2.488202
2.247532
2.517000
2.181159
2.097845
2.217727
2.314442
2.175425
2.348164
2.278244
2.478240
2.262482
2.143429
2.269711
2.391898
2.258576
2.140676
2.104090
2.293411
2.427369
2.114717
2.390972
2.265905
2.126018
1.997949
2.409740
2.232864
2.160943
2.428986
2.168138
2.204571
2.176960
2.209344
2.234307
2.296655
2.291316
2.339115
2.208209
2.175678
2.453432
2.140799
2.463105
2.457517
2.165455
2.304515
2.456599
2.362289
2.341831
2.227522
2.285661
2.099846
2.143098
2.168405
2.317477
2.182160
2.579046
2.572934
2.450420
2.343992
2.181166
2.136469
2.129071
2.244821
2.382602
2.210152
7.780157
2.227975
2.507990
2.204006
2.325833
2.256408
2.567365
2.478656
2.456600
2.252084
2.302573
2.499166
2.154799
2.215347
2.103953
2.206084
2.344096
2.121619
2.478770
2.425732
2.489890
2.141260
2.325656
2.132597
2.206179
3.550041
2.199794
2.535765
2.403813
2.421136
2.280102
2.316823
2.306981
2.234383
2.460791
2.381166
2.233842
2.571365
2.091456
2.166234
2.142222
2.350311
2.182334
2.491449
2.543580
2.154972
2.293712
2.426538
2.184997
2.404847
2.363984
2.086125
2.617531
2.309044
2.255483
2.151887
2.339440
2.213910
2.527932
4.145895
2.182616
2.132957
2.524280
2.259933
2.413800
4.368292
2.180418
2.221572
2.225957
2.364071
2.200253
2.509390
2.176669
2.141092
2.481923
2.279580
2.285298
2.176107
2.156392
2.290859
2.356165
2.098020
2.312097
2.182251
2.301722
2.217693
2.385748
2.372124
2.415341
2.165755
2.271215
2.222336
2.111699
2.252351
2.215033
2.621265
2.158521
2.163703
2.198268
2.123374
12.241534
2.677623
2.133942
1.992870
2.284117
2.399641
2.150373
2.195207
2.282249
2.228802
2.269447
2.413455
2.169241
2.378829
2.045267
2.795967
2.148269
2.345884
2.259437
2.106738
2.774501
2.266354
2.208499
2.275537
2.163220
2.098914
2.123806
2.487815
2.191376
11.309097
2.419784
2.236444
2.260878
2.333877
2.222853
2.232197
2.473807
2.356846
2.118038
2.190917
2.204980
2.107848
2.438015
2.194030
2.340977
2.170482
2.130182
2.171727
2.340481
2.227562
2.305949
2.097040
2.239339
2.316622
2.298886
2.599469
2.182633
2.345242
2.368955
2.138582
2.364651
2.528875
2.117101
2.120044
2.145275
2.196495
2.344012
2.111359
2.365547
2.348954
2.247239
2.238257
2.155948
2.194170
2.164490
2.188494
2.053714
2.114047
2.195359
2.285647
2.051169
2.310970
2.352300
2.317830
2.099648
2.638417
2.152189
2.099589
2.217209
6.526922
2.067006
2.222974
2.258453
2.181638
2.193109
2.216704
2.233778
2.202456
2.338144
2.201949
2.505630
2.327203
2.326112
2.310915
2.286474
2.500047
2.245151
2.338395
2.097416
2.460002
2.293867
2.246902
2.229010
2.272287
2.300734
2.357672
2.188719
2.246119
2.221512
2.315024
2.186519
2.113977
2.149940
2.798648
2.527328
2.167293
2.099358
2.373504
9.382450
2.198142
2.068037
2.319499
2.300458
2.133491
2.165362
2.250104
2.130435
2.380707
2.072495
2.465849
2.286828
2.239047
2.268168
2.324491
2.189239
2.287872
2.126633
2.329039
2.700019
2.320711
2.117442
2.226784
2.221298
2.231205
2.324808
2.227822
2.238955
2.587385
2.469460
2.230310
2.181665
2.150911
2.465911
2.270725
2.148112
2.193416
2.339076
2.143835
2.323825
2.205462
2.075989
2.109720
2.086661
6.178145
2.177976
2.136302
2.102179
2.200993
2.241851
2.188827
2.077782
2.333565
2.246558
2.095604
2.169510
2.237336
2.153594
2.180264
2.161850
2.243137
2.330919
2.243167
2.346999
2.321851
2.271998
2.435880
2.351485
2.143252
2.223196
2.320610
2.161406
2.247298
2.270540
2.227457
2.180172
8.819410
2.109427
2.613798
2.140532
2.340784
2.197626
2.244715
2.221190
2.132892
2.127720
2.187523
2.232956
2.358744
2.228091
2.155739
3.349684
2.326792
2.392029
2.214005
2.172533
2.176940
2.418186
2.509916
2.425703
2.273528
2.154360
2.175051
2.433210
2.518575
2.154575
2.589797
2.223040
2.289009
2.170636
2.327746
2.234511
2.266132
2.218639
2.440277
2.114205
2.371231
2.198938
2.232313
2.155645
2.113211
2.222054
2.131854
2.231833
2.366450
2.204329
2.088260
2.489496
2.332368
2.368556
2.193870
2.190315
2.313507
2.216587
2.268066
2.194868
10.141819
10.314283
2.203458
2.248758
2.314804
2.227744
2.246043
2.179711
2.263083
2.378314
2.166912
2.206280
2.228961
2.439153
2.652580
2.206895
2.300756
2.476710
2.184459
2.206858
2.147936
2.319609
2.271365
2.277664
2.223343
2.265643
2.187930
2.246291
2.333159
2.167312
1.878442
2.166461
2.222205
2.262589
2.120445
2.197046
2.110316
2.216495
2.310988
2.089274
2.227647
2.186473
2.282096
2.286965
2.247319
2.160917
2.058696
2.215917
2.524363
2.235008
2.205128
2.419224
2.497761
2.178314
2.238406
2.036497
5.865592
2.210300
2.252032
2.439364
2.251862
2.133285
2.159492
2.239065
2.159948
2.312406
2.396409
2.406155
2.414227
2.272836
2.294855
2.365463
2.156275
9.741314
2.310196
2.384141
2.317819
2.366058
2.587351
2.201556
2.153268
2.157754
2.257571
2.178920
2.275906
2.217145
2.277634
2.276268
2.421641
2.738952
2.082325
2.470015
2.233769
2.482090
2.183511
2.302483
2.149696
2.160208
2.125237
2.180664
2.216688
2.151947
2.241588
2.171144
2.446431
2.200731
2.128832
2.256999
2.240459
2.478525
2.186117
2.283836
2.253900
2.200890
2.106694
2.376055
2.200022
2.455563
2.156332
2.281748
2.163024
2.366575
2.295599
2.218931
2.209393
2.139113
2.285285
2.182489
2.225325
2.571182
2.193388
2.196452
2.380875
2.237411
2.299244
2.289234
2.216141
2.237425
2.235019
2.271213
2.141369
2.291935
2.110358
2.286243
2.158403
2.131072
2.229539
2.134603
2.124877
4.264441
2.425325
2.092854
2.107560
2.204942
2.344653
2.125707
2.146085
2.268083
2.289257
2.149583
2.129928
2.362023
2.190022
2.246397
2.133287
2.113491
2.271053
2.032358
2.113859
2.163600
2.214061
2.316773
2.175671
2.160413
2.305406
2.269250
2.389571
2.221321
2.357946
2.085152
2.455666
2.156389
2.270878
2.390224
10.817720
2.286271
2.250473
2.137025
2.326172
2.205068
2.129680
2.348707
2.160772
2.421673
2.175243
12.680477
2.173545
2.258923
2.381059
2.329177
2.260985
2.347305
2.572779
2.130397
2.267720
15.761276
2.283914
2.182908
2.376621
2.152213
2.311518
2.138053
2.275779
2.246490
2.330091
2.441882
2.131182
2.197355
2.059698
2.385294
2.407135
2.196791
2.173999
2.360489
2.413343
2.233538
2.285738
2.225668
2.203205
2.254661
2.349896
2.302316
2.117718
2.279734
2.326323
2.262835
2.340667
2.190018
2.238950
2.297714
2.314107
2.354220
2.273645
2.292057
2.272694
2.236591
4.309409
2.156942
2.392101
2.331653
2.418537
2.174068
2.247408
2.126136
2.221849
2.149720
2.254385
2.071510
2.182802
2.146737
2.380675
2.274642
2.133075
2.242465
2.074535
2.371948
2.270748
2.385926
2.222388
2.226961
2.355933
2.115358
2.130651
2.246698
2.161195
2.169830
2.122956
2.241038
2.182967
2.330035
2.234721
2.499338
2.156169
2.216635
2.361167
2.537287
2.220070
2.275231
2.151214
2.138997
2.338152
2.283171
2.276556
2.315066
2.251443
2.247616
2.133237
2.096769
2.074253
2.152462
2.083946
2.196419
2.225094
2.129855
2.107509
2.377762
2.361594
2.139273
2.206964
2.446999
2.289443
2.144886
2.334144
2.112284
2.141827
2.354009
2.178660
2.137475
2.148759
2.165459
2.209726
2.197248
2.268379
7.291133
2.383854
2.310884
2.147855
2.347490
2.315262
2.314365
2.143014
2.243908
2.219589
2.269148
14.790223
2.622884
2.196520
2.351974
2.271438
2.186433
2.266472
2.358551
2.199850
2.194817
2.569228
2.287860
2.263253
2.199667
2.088579
2.155267
2.359882
2.148665
2.143058
2.071285
2.155300
2.340335
2.225970
2.255982
2.216023
2.255170
2.242083
2.162538
2.106031
2.293789
2.172866
2.181830
2.220744
2.168542
2.231448
2.281966
2.348892
2.297382
2.320706
2.284119
2.162806
2.236813
2.156397
2.251908
2.328180
2.091503
2.287532
2.261934
2.348488
2.355618
2.095098
2.150130
2.270199
2.392794
2.142114
2.261976
2.360982
2.192038
2.513498
2.213272
2.240205
2.125477
2.094739
2.065828
2.304473
2.458297
2.416504
2.325413
2.158700
2.230355
2.306201
2.200664
2.335608
2.232372
2.264624
2.244775
2.428861
2.236669
2.319160
2.378336
2.335130
2.234399
2.260028
2.239521
29.028202
2.299193
2.361363
2.432959
2.216742
2.423841
2.185120
2.304127
2.134789
2.324781
2.325484
2.234721
2.214658
2.258461
2.153843
2.322440
2.282668
2.127152
2.042835
2.245723
2.426283
2.303421
2.080583
2.172499
2.264830
2.267939
2.099529
2.204492
2.126562
2.199753
6.599551
2.215293
2.261335
2.064812
2.177571
2.272542
2.112321
2.258174
2.279171
2.130766
2.269957
2.796175
2.320737
2.632650
2.183285
2.355563
2.287585
2.356451
2.098538
2.389848
2.367059
2.312130
2.075463
2.158515
2.125785
2.208952
2.155934
2.261690
2.283555
2.198672
2.354286
2.131465
2.224838
3.789984
2.251987
2.297507
2.221444
2.202483
2.143294
2.460077
2.196259
12.466794
2.250037
2.203046
2.208366
2.327703
2.217411
2.157815
2.331194
2.127088
2.337369
2.130632
2.200537
2.422271
2.417642
2.204656
2.651980
2.102523
2.205111
2.172541
2.234169
2.288696
2.312480
2.291366
2.190515
2.503391
2.259500
2.442224
2.158698
2.537310
2.224432
2.217734
2.304445
2.127452
2.445602
2.122828
2.252213
2.145815
2.240507
2.332800
2.403595
2.174744
2.391147
2.106876
2.161394
2.501853
2.271904
2.329110
2.152991
2.347399
2.443688
2.123799
2.134456
2.188573
2.294310
2.379529
2.260174
2.448341
2.333817
2.250323
2.158740
2.179450
2.148182
2.276687
2.451986
2.270722
2.152627
2.186881
2.229941
2.254283
2.355921
2.223564
2.510001
2.093066
2.207488
2.121905
2.286176
2.245664
2.156654
2.127243
2.145392
2.220176
2.364500
2.218237
2.387911
2.274412
2.212547
2.176944
2.386630
2.187072
2.282354
2.298547
2.106388
2.303833
2.238411
