2.271291
2.250400
2.225681
2.194242
2.225185
2.227314
2.165224
2.201663
2.103642
2.126275
2.125283
2.083280
2.175890
2.003896
2.058340
1.949121
2.040585
1.963900
1.826043
1.712763
1.722913
1.695568
1.474757
1.615052
1.690856
1.454896
1.383244
1.304709
1.335922
1.311677
1.271528
1.837011
1.374263
1.176554
1.191213
1.133103
0.926257
0.787141
1.012385
1.880061
1.276630
1.103322
0.976611
0.879671
0.971244
1.312832
1.588738
1.235676
1.033267
0.806480
0.928067
0.821908
0.529954
0.761530
0.914480
0.943564
1.728221
0.937350
0.812616
0.855899
0.741663
0.516278
0.560393
0.776172
0.612899
0.603896
0.646585
0.976590
1.673150
1.005677
1.183908
0.849318
0.866442
0.844633
0.471586
0.751466
0.515852
0.536379
0.629855
0.577805
0.720377
0.641493
0.562138
0.724095
0.711949
0.636330
0.433127
0.921470
1.196804
0.679480
0.639811
0.761311
0.706710
0.505221
0.400183
0.562188
0.287946
0.334836
0.487371
0.549385
0.322904
0.458648
0.549882
0.777907
0.762005
0.558173
0.580190
0.577698
0.492527
0.284899
0.339726
0.416017
0.590894
0.535200
0.663448
0.594512
0.513721
0.720529
0.570325
0.449906
0.387666
0.494779
0.453301
0.710780
0.801512
0.489614
0.686579
0.647209
0.615281
0.592859
0.471702
0.615651
0.415744
0.584930
0.477958
0.721136
0.594154
0.527746
0.343898
0.355601
0.462930
0.486452
0.396719
0.433678
0.219276
0.405303
0.600150
0.710832
0.689577
1.178674
0.450602
0.534997
0.583301
0.549756
0.463988
0.409864
0.434566
0.621383
0.641169
0.392781
0.348818
0.389006
0.265565
0.434404
0.250262
0.366401
0.453623
0.507387
0.657770
0.389735
0.371298
0.547768
0.433457
0.409039
0.558816
0.413134
0.338766
0.330375
0.416137
0.697523
0.713053
0.538246
0.315688
0.428154
0.589721
0.348347
0.392972
0.656795
0.849536
0.635693
0.552715
0.549458
0.434249
0.512894
0.265541
0.249733
0.389075
0.311550
0.395662
0.342677
0.296621
0.456687
0.418804
0.591439
0.524864
0.448429
0.414534
0.630978
0.394703
0.220533
0.239536
0.410564
0.256771
0.704126
0.715502
1.427161
0.639882
0.376529
0.611314
0.254087
0.265421
0.516849
0.446159
0.568463
0.336699
0.511365
0.529376
0.516746
0.581665
0.726223
0.413741
0.414907
0.466808
0.363694
0.448911
0.427617
0.357267
0.477472
0.466037
0.609963
0.439415
0.559621
0.395457
0.581771
0.429573
0.593187
0.550592
0.429359
0.238275
0.344096
0.526621
0.426468
0.243253
0.267987
0.434748
0.420275
0.427570
0.191620
0.372413
0.298472
0.188791
0.300035
0.352789
0.734847
0.895151
0.582006
0.472644
0.538996
0.281439
0.273579
0.267815
0.310817
0.423874
0.401413
0.396125
0.356313
0.356912
0.182947
0.336987
0.347280
0.342907
0.452201
0.573849
0.478231
0.435789
0.459665
0.460878
0.437673
0.355071
0.270351
0.413706
0.544160
0.589672
0.751456
0.480508
0.426894
0.472585
0.115282
0.466079
0.371389
0.353369
0.436829
0.368512
0.267647
0.367201
0.362780
0.470695
0.241719
0.366092
0.250093
0.196770
0.394017
0.316782
0.445096
0.149528
0.251481
0.550079
0.549883
0.678050
0.295035
0.300805
0.198811
0.278141
0.219569
0.366308
0.386701
0.374901
0.483241
0.292105
0.372122
0.273506
0.277445
0.290987
0.653359
0.281175
0.573826
0.386961
0.334270
0.420576
0.425227
0.562857
0.465701
0.269605
0.483846
0.250504
0.340704
0.291633
0.329768
0.241995
0.479655
0.349361
0.368335
0.502683
0.719485
0.321570
0.581807
0.180352
0.510951
0.257285
0.209867
0.379152
0.391159
0.351828
0.432836
0.368760
0.394026
0.378293
0.577727
0.509151
0.386177
0.459432
0.395430
0.340508
0.191282
0.301888
0.426394
0.367418
0.316719
0.314614
0.545547
0.728362
0.514320
0.510467
0.522806
0.429751
0.296920
0.271046
0.443830
0.604957
0.390885
0.516863
0.266552
0.311598
0.326690
0.276982
0.414906
0.388411
0.283727
0.168072
0.314414
0.272530
0.460422
0.329977
0.145830
0.413186
0.721773
0.344415
0.411773
0.364022
0.258701
0.207787
0.385174
0.363008
0.431587
0.295098
0.228613
0.782241
0.329277
0.298133
0.532574
0.647622
0.479803
0.317527
0.275206
0.209952
0.221800
0.315028
0.456449
0.451036
0.318452
0.388354
0.280867
0.261754
0.305739
0.473365
0.423629
0.267927
0.244105
0.458063
0.212289
0.339177
0.299184
0.341878
0.409181
0.400911
0.471691
0.312934
0.330033
0.619735
0.295900
0.442846
0.223611
0.281226
0.207323
0.207139
0.447197
0.372557
0.277589
0.877331
0.468835
0.318489
0.424164
0.323240
0.402578
0.366736
0.341582
0.273339
0.231892
0.265215
0.208333
0.188865
0.269295
0.318410
0.308512
0.308749
0.260269
0.234715
0.264557
0.577077
0.697314
0.753223
0.388988
0.273786
0.319111
0.518161
0.232426
0.325973
0.467658
0.399240
0.368703
0.436249
0.365015
0.352400
0.329202
0.341192
0.635252
0.373526
0.325047
0.335141
0.202899
0.259282
0.222730
0.375985
0.202474
0.157647
0.330438
0.281342
0.370430
0.368096
0.519394
0.549857
0.485908
0.680390
0.448021
0.478467
0.519887
0.432217
0.289471
0.499302
0.525907
0.246456
0.365188
0.308904
0.342529
0.226896
0.239966
0.180477
0.267141
0.267118
0.283987
0.431625
0.355141
0.307351
0.365861
0.298035
0.323620
0.293466
0.242424
0.159194
0.397841
0.482955
0.507860
0.418041
0.494792
0.165193
0.361018
0.140381
0.344748
0.388780
0.703844
0.310658
0.653123
0.250158
0.331536
0.291921
0.250921
0.290408
0.372657
0.306455
0.381258
0.524032
0.303619
0.452991
0.336627
0.266832
0.274032
0.217659
0.212781
0.385043
0.548056
0.528338
0.264684
0.272722
0.411741
0.264464
0.254610
0.235928
0.221399
0.272807
0.608163
0.229035
0.279529
0.321249
0.517745
0.342654
0.286782
0.229324
0.188918
0.475249
0.831051
0.495964
0.279475
0.492498
0.346923
0.358188
0.464405
0.250981
0.341381
0.513365
0.363661
0.507264
0.536804
0.400643
0.298348
0.403660
0.228690
0.316157
0.294749
0.311231
0.484426
0.298432
0.396848
0.403554
0.343598
0.296222
0.386397
0.500375
0.673404
0.344796
0.445862
0.393682
0.271720
0.260027
0.436702
0.210317
0.226415
0.410553
0.717344
0.339593
0.415311
0.309167
0.314972
0.425871
0.308067
0.241952
0.352038
0.561319
0.288292
0.172548
0.345872
0.439273
0.485631
0.360805
0.482026
0.330444
0.289941
0.274663
0.332240
0.364176
0.306335
0.417408
0.423813
0.226882
0.174441
0.224440
0.217562
0.321625
0.218966
0.486777
0.223328
0.355832
0.184931
0.182366
0.219264
0.258890
0.284378
0.518412
0.542000
0.558101
0.361672
0.394926
0.458871
0.419750
0.380026
0.406917
0.330593
0.268632
0.323484
0.384533
0.187608
0.390400
0.282172
0.223907
0.364972
0.309193
0.344755
0.385663
0.431778
0.352653
0.448964
0.268221
0.266875
0.173895
0.318442
0.307979
0.178060
0.401013
0.498320
0.369926
0.721601
0.768385
0.609275
0.358504
0.324190
0.389955
0.215598
0.302278
0.289440
0.347411
0.307876
0.248801
0.254203
0.335446
0.222302
0.512417
0.239583
0.598580
0.373357
0.388841
0.163814
0.296812
0.283134
0.278771
0.245284
0.366558
0.349433
0.464039
0.224272
0.191874
0.396920
0.445592
0.366520
0.476603
0.373426
0.361981
0.273111
0.498409
0.514749
0.476714
0.402626
0.320808
0.435948
0.317154
0.363164
0.730352
0.976156
0.871683
0.258847
0.318907
0.615589
0.458935
0.391174
0.422282
0.366133
0.216610
0.224213
0.395548
0.411938
0.297518
0.312791
0.384390
0.237447
0.259394
0.420761
0.231496
0.229811
0.498622
0.398180
0.316499
0.342798
0.256292
0.232155
0.150548
0.140325
0.303627
0.329705
0.377516
0.248469
0.224207
0.501926
0.636244
0.373398
0.395820
0.394365
0.244552
0.222908
0.357526
0.304514
0.321337
0.128303
0.370599
0.239844
0.285486
0.303524
0.285153
0.314615
0.225417
0.228341
0.574379
0.461261
0.325045
0.446490
0.649087
0.458222
0.178959
0.633425
0.581745
0.325733
0.264450
0.332942
0.243783
0.327190
0.432793
0.383062
0.426079
0.478366
0.356658
0.322390
0.319349
0.158802
0.220707
0.394372
0.393104
0.384642
0.268131
0.294399
0.166876
0.251779
0.255205
0.163618
0.550772
0.536227
0.307744
0.292978
0.303027
0.341052
0.238633
0.246671
0.198944
0.384264
0.215721
0.292351
0.496750
0.391460
0.512570
0.472867
0.411186
0.360441
0.423416
0.310087
0.438196
0.389010
0.410914
0.385471
0.244823
0.294284
0.276985
0.297780
0.353636
0.315073
0.275593
0.456417
0.538254
0.826555
0.202269
0.426671
0.286189
0.221407
0.446806
0.260937
0.500042
0.338649
0.479306
0.281264
0.203125
0.155746
0.291480
0.356246
0.285600
0.182544
0.288532
0.439350
0.302381
0.382516
0.284493
0.171087
0.270257
0.470162
0.407510
0.301574
0.201823
0.314252
0.356370
0.117239
0.338498
0.225265
0.336574
0.539542
0.525939
0.716075
0.358752
0.247731
0.396155
0.335626
0.224487
0.300425
0.271518
0.425909
0.335253
0.237755
0.367647
0.186933
0.411776
0.375484
0.364093
0.500642
0.524137
0.271941
0.399184
0.317660
0.435172
0.328708
0.251039
0.254090
0.322696
0.285875
0.324706
0.244483
0.212149
0.329872
0.308612
0.529215
0.450548
0.248792
0.304028
0.358332
0.182235
0.314374
0.362165
0.283603
0.149383
0.559614
0.429333
0.355347
0.443830
0.756962
0.804769
0.529950
0.276598
0.233472
0.281617
0.155963
0.299353
0.121225
0.221506
0.246904
0.200979
0.473574
0.330755
0.275718
0.243594
0.378885
0.177142
0.405530
0.232419
0.311928
0.279989
0.679265
0.317142
0.658473
0.511513
0.948614
0.336866
0.423908
0.307597
0.412221
0.220415
0.392495
0.410327
0.144924
0.327949
0.395673
0.351956
0.308912
0.343769
0.458453
0.431609
0.322882
0.305936
0.338089
0.361245
0.326028
0.179042
0.303815
0.181292
0.279994
0.273903
0.321547
0.666036
0.406577
0.332653
0.320768
0.339788
0.256855
0.275971
0.344233
0.541784
0.732562
0.678115
0.443638
0.344701
0.210562
0.237572
0.264577
0.276853
0.389722
0.224469
0.401461
0.428714
0.371251
0.559533
0.241698
0.245814
0.168519
0.192358
0.322901
0.431949
0.288576
0.549763
0.547063
0.340668
0.310350
0.167527
0.332121
0.275228
0.380195
0.244399
0.269088
0.275596
0.189087
0.313647
0.564299
0.133035
0.483672
0.263128
0.504562
0.479429
0.302126
0.322603
0.485739
0.695242
0.651280
0.388413
0.198431
0.425084
0.256097
0.257283
0.363865
0.409258
0.264596
0.239998
0.308124
0.145287
0.221651
0.478578
0.436635
0.565400
0.264560
0.506199
0.213606
0.383557
0.365448
0.334728
0.294358
0.456305
0.226760
0.418275
0.493993
0.333264
0.257570
0.275561
0.263531
0.389156
0.239973
0.293775
0.254467
0.257602
0.240079
0.256817
0.283193
0.500067
0.328784
0.468799
0.380094
0.408096
0.473343
0.353339
0.316438
0.230824
0.192710
0.357813
0.345232
0.239860
0.255606
0.665530
0.473524
0.320614
0.419761
0.345060
0.282686
0.299924
0.190752
0.164086
0.202700
0.125313
0.278140
0.285940
0.411473
0.706919
0.412021
0.368721
0.378019
0.273885
0.317613
0.247519
0.288607
0.150174
0.329719
0.295836
0.323221
0.224159
0.283285
0.493151
0.368708
0.265793
0.576923
0.402478
0.213905
0.312290
0.271668
0.234399
0.174493
0.401424
0.252838
0.250518
0.265864
0.239104
0.301635
0.176719
0.267180
0.207627
0.266558
0.310317
0.499090
0.229487
0.254136
0.336930
0.380300
0.209559
0.304934
0.337751
0.316355
0.491620
0.457917
0.279268
0.299123
0.168048
0.435244
0.281190
0.504043
0.279811
0.314037
0.439704
0.439495
0.301362
0.445500
0.309600
0.265259
0.279005
0.164936
0.253308
0.198755
0.374097
0.367065
0.649769
0.171834
0.262161
0.309994
0.369475
0.294443
0.351282
0.586875
0.394847
0.299785
0.247060
0.381529
0.313373
0.215459
0.166108
0.240760
0.372853
0.276938
0.366197
0.116358
0.372662
0.447831
0.319505
0.281777
0.256401
0.465019
0.236138
0.493666
0.362002
0.303025
0.219732
0.332271
0.221843
0.339647
0.245020
0.298098
0.607095
0.252328
0.179828
0.218288
0.434158
0.262102
0.243944
0.334832
0.163594
0.444113
0.248180
0.459470
0.383829
0.377781
0.398597
0.509978
0.414109
0.669849
0.336395
0.295001
0.286976
0.200692
0.190385
0.079567
0.423408
0.390733
0.250164
0.351063
0.207874
0.265990
0.113302
0.355781
0.465988
0.248411
0.500044
0.780816
0.921699
0.528460
0.183250
0.285141
0.238129
0.386499
0.288666
0.171355
0.312313
0.383434
0.518543
0.293096
0.379791
0.284970
0.374778
0.187481
0.377097
0.233720
0.341694
0.463517
0.540720
0.354457
0.381706
0.360639
0.215216
0.253761
0.153661
0.590157
0.524201
0.217896
0.247009
0.302251
0.505143
0.477286
0.280491
0.255710
0.199746
0.353753
0.464196
0.157915
0.617539
0.365099
0.537045
0.332371
0.322223
0.421847
0.445497
0.350693
0.477909
0.356135
0.265357
0.264917
0.459648
0.484356
0.372344
0.564347
0.278512
0.419477
0.290577
0.239293
0.313762
0.194974
0.214046
0.398321
0.493367
0.224177
0.375313
0.310593
0.192215
0.250813
0.269135
0.370283
0.298175
0.245752
0.312198
0.440847
0.470718
0.475839
0.340253
0.242895
0.320038
0.372741
0.273918
0.232862
0.063386
0.276547
0.171700
0.341530
0.371665
0.250127
0.134147
0.268353
0.422382
0.690926
0.895672
0.373050
0.231538
0.296966
0.419769
0.410142
0.345831
0.273001
0.248707
0.357117
0.353058
0.338212
0.206872
0.254461
0.196312
0.213750
0.407350
0.424398
0.334589
0.302206
0.230666
0.178515
0.272348
0.195019
0.195095
0.426349
0.263260
0.217394
0.284106
0.255790
0.439116
0.485798
0.320168
0.388252
0.451177
0.401428
0.482386
0.458703
0.209688
0.132888
0.342181
0.442484
0.553824
0.416111
0.351726
0.365697
0.196084
0.331529
0.294297
0.261586
0.471293
0.224057
0.290470
0.458319
0.373757
0.268526
0.234329
0.311234
0.224300
0.212676
0.255290
0.425398
0.383614
0.321483
0.307613
0.366655
0.259802
0.297770
0.270084
0.347696
0.452504
0.516599
0.290233
0.300319
0.312335
0.114189
0.231690
0.222543
0.197950
0.267438
0.336275
0.271665
0.416743
0.357083
0.334249
0.471923
0.196902
0.256944
0.220555
0.340818
0.279838
0.313873
0.592032
0.277290
0.444158
0.410414
0.410473
0.610634
0.468750
0.333723
0.443822
0.347206
0.597681
0.627188
0.260511
0.587535
0.317650
0.424558
0.345817
0.319418
0.197888
0.473923
0.261860
0.476933
0.456710
0.241791
0.438574
0.216248
0.364795
0.187765
0.137138
0.253595
0.375125
0.384206
0.184069
0.189712
0.285299
0.247133
0.416662
0.560288
0.978863
0.343266
0.385342
0.235823
0.216307
0.398223
0.344579
0.503076
0.427988
0.068260
0.332623
0.253875
0.324465
0.412621
0.418373
0.416288
0.421555
0.426506
0.303347
0.212100
0.189073
0.278628
0.282645
0.313617
0.219732
0.256422
0.442015
0.207426
0.162361
0.214488
0.185547
0.251411
0.394571
0.364804
0.109371
0.284724
0.464675
0.284996
0.328624
0.369233
0.238024
0.326436
0.602592
0.315626
0.322130
0.333897
0.416729
0.525751
0.324133
0.450996
0.503245
0.369791
0.189446
0.460425
0.206936
0.300867
0.454588
0.168691
0.193843
0.415162
0.188393
0.468703
0.292175
0.403823
0.317911
0.272666
0.231311
0.305980
0.206866
0.428648
0.382695
0.246058
0.222412
0.336893
0.179187
0.183878
0.389936
0.322086
0.506667
0.299581
0.429462
0.218787
0.339625
0.479069
0.266621
0.528414
0.527798
0.295954
0.328559
0.264671
0.380803
0.318001
0.195095
0.247548
0.557297
0.233906
0.250303
0.268981
0.330272
0.159012
0.416416
0.284392
0.300057
0.342844
0.307559
0.415607
0.269709
0.184266
0.508404
0.293095
0.196026
0.195168
0.404031
0.439027
0.528245
0.219089
0.402793
0.332116
0.464220
0.208549
0.473362
0.381818
0.354385
0.422189
0.177029
0.264333
0.249145
0.209697
0.407481
0.231685
0.318763
0.338330
0.510173
0.301162
0.354321
0.353078
0.269524
0.454932
0.261579
0.280328
0.409250
0.267846
0.217687
0.246729
0.519296
0.538192
0.321611
0.164074
0.256161
0.217101
0.213896
0.264826
0.165207
0.267243
0.334793
0.447555
0.421995
0.317525
0.402495
1.622992
0.859286
0.606579
0.450292
0.551853
0.565584
0.467423
0.248774
0.276751
0.590834
0.282042
0.250738
0.385887
0.433771
0.303107
0.491473
0.258198
0.207602
0.354123
0.298389
0.396715
0.175941
0.282943
0.126120
0.159071
0.203105
0.441373
0.297317
0.167162
0.382879
0.192199
0.629708
0.245332
0.251766
0.423102
0.480661
0.211236
0.387558
0.273391
0.280920
0.434659
0.341778
0.361784
0.218914
0.262508
0.414231
0.319676
0.481221
0.271846
0.366120
0.196928
0.330289
0.236198
0.339498
0.295586
0.417701
0.239221
0.158431
0.336605
0.281433
0.443610
0.270282
0.336592
0.202071
0.527325
0.641258
0.399362
0.721766
0.504938
0.358585
0.209612
0.383605
0.220820
0.294330
0.250488
0.429820
0.345934
0.201381
0.215790
0.288390
0.382046
0.340518
0.387355
0.229915
0.233326
0.234097
0.336899
0.398129
0.639609
0.280349
0.243258
0.310190
0.458000
0.402079
0.345634
0.222391
0.373396
0.311254
0.241978
0.362338
0.181312
0.188380
0.307338
0.347356
0.364361
0.443044
0.182608
0.244289
0.273069
0.399893
0.331826
0.254072
0.363627
0.554917
0.470247
0.203647
0.425522
0.137174
0.377805
0.431683
0.449146
0.181607
0.473124
0.185102
0.232325
0.272836
0.312664
0.298755
0.573486
0.425419
0.230158
0.424956
0.301266
0.168959
0.135008
0.195141
0.457040
0.507644
0.196277
0.178415
0.304487
0.139801
0.367803
0.237603
0.386076
0.403371
0.370453
0.253445
0.045893
0.262650
0.238952
0.320267
0.464881
0.299478
0.378381
0.172617
0.198761
0.135794
0.155519
0.177262
0.129197
0.308054
0.396817
0.345565
0.476931
0.258977
0.389102
0.412355
0.375819
0.306455
0.334339
0.115350
0.243021
0.249399
0.339378
0.475053
0.340199
0.235044
0.274710
0.226308
0.210383
0.266510
0.474611
0.403270
0.441583
0.566978
0.336292
0.209280
0.147007
0.305463
0.270956
0.343660
0.325343
0.206002
0.246784
0.136534
0.317724
0.222421
0.113742
0.207366
0.354747
0.231753
0.201778
0.167881
0.206815
0.164013
0.390882
0.349000
0.290939
0.327716
0.318277
0.298386
0.485702
0.331298
0.341394
0.311542
0.350517
0.285330
0.316042
0.266205
0.259573
0.307221
0.339025
0.444437
0.510661
0.487498
0.310785
0.219425
0.319338
0.309691
0.223954
0.294015
0.214174
0.264216
0.397871
0.387395
0.971426
0.959052
0.441875
0.525105
0.413077
0.420100
0.454176
0.289928
0.411320
0.387738
0.185640
0.172512
0.266447
0.228926
0.331748
0.291353
0.246608
0.266862
0.383365
0.362321
0.332933
0.307944
0.280811
0.104888
0.277916
0.274760
0.160969
0.318176
0.261904
0.322163
0.281468
0.245112
0.110994
0.329925
0.515887
0.129565
0.242303
0.298525
0.240843
0.378486
0.448066
0.215910
0.292384
0.203523
0.190750
0.346098
0.150402
0.446966
0.377396
0.366461
0.255620
0.191978
0.345400
0.352330
0.351646
0.337319
0.466729
0.418679
0.273742
0.485551
0.333858
0.445520
0.908209
0.697888
0.375435
0.387533
0.407831
0.369225
0.322304
0.404076
0.299921
0.185264
0.212283
0.607471
0.164879
0.240975
0.241959
0.375657
0.602858
0.328316
0.346054
0.269601
0.470688
0.261206
0.394603
0.333183
0.428424
0.294026
0.282813
0.507703
0.292619
0.236627
0.246332
0.283215
0.219554
0.331816
0.411827
0.382425
0.361997
0.243207
0.222469
0.265555
0.327075
0.281849
0.270000
0.175489
0.269651
0.396352
0.226391
0.243473
0.552157
0.512094
0.299989
0.339400
0.342374
0.238608
0.297366
0.253590
0.134271
0.301655
0.237931
0.304186
0.352925
0.213071
0.169863
0.307624
0.249352
0.275096
0.497137
0.297165
0.269094
0.204110
0.229897
0.311175
0.128514
0.381030
0.251425
0.145955
0.340520
0.249039
0.136162
0.204685
0.314604
0.720177
0.587317
0.801188
0.367048
0.252453
0.276731
0.249475
0.255990
0.189265
0.346714
0.272669
0.254329
0.259642
0.326619
0.224898
0.196524
0.569754
0.261919
0.304446
0.364694
0.220301
0.441244
0.427645
0.386407
0.255313
0.263475
0.379549
0.261432
0.360969
0.392841
0.350830
0.201533
0.236250
0.454601
0.218128
0.384891
0.320032
0.164142
0.271769
0.280561
0.299873
0.475972
0.443682
0.431113
0.292320
0.363388
0.341009
0.600362
0.289953
0.237133
0.334533
0.560352
0.290748
0.181433
0.200757
0.209058
0.262075
0.272421
0.670480
0.399504
0.204497
0.317216
0.468472
0.376322
0.557160
0.356470
0.358514
0.084178
0.217541
0.397022
0.207374
0.429382
0.627212
0.431155
0.309337
0.421957
0.363111
0.261745
0.283829
0.224832
0.252210
0.377514
0.374008
0.166585
0.185297
0.130801
0.212196
0.193182
0.141537
0.440674
0.754052
0.354701
0.198850
0.435720
0.281554
0.259756
0.162186
0.441514
0.239137
0.284815
0.302635
0.336366
0.455430
0.443341
0.337064
0.334781
0.399528
0.386006
0.562295
0.297212
0.392501
0.188785
0.152755
0.187312
0.216546
0.333828
0.285957
0.287156
0.379551
0.229408
0.151496
0.158556
0.341927
0.298138
0.237754
0.370901
0.313224
0.361207
0.592002
0.345198
0.666603
0.225617
0.239038
0.200097
0.333764
0.374236
0.317526
0.309640
0.255033
0.386985
0.146968
0.287144
0.242585
0.409253
0.298103
0.358182
0.181270
0.348039
0.172229
0.443058
0.238346
0.519100
0.340132
0.386017
0.373101
0.440668
0.395542
0.192495
0.306130
0.323175
0.228467
0.242956
0.386993
0.363446
0.342684
0.360575
0.268832
0.373494
0.345764
0.179659
0.309389
0.413014
0.267290
0.216794
0.248881
0.206671
0.311916
0.246462
0.513358
0.317007
0.200742
0.264219
0.256834
0.169879
0.241679
0.154577
0.247977
0.229021
0.350457
0.107331
0.310203
0.325242
0.183602
0.199350
0.431577
0.377561
0.280559
0.288844
0.404580
0.358170
0.300538
0.293916
0.369927
0.272638
0.447688
0.660145
0.396859
0.290873
0.256661
0.219403
0.185093
0.273629
0.220716
0.396870
0.360751
0.330760
0.087312
0.287317
0.286776
0.279789
0.199209
0.208982
0.394003
0.358368
0.253613
0.404590
0.341117
0.552185
0.299536
0.186609
0.425808
0.279819
0.238503
0.184136
0.342388
0.200704
0.353060
0.308566
0.362575
0.255809
0.214957
0.330751
0.456020
0.185627
0.422885
0.542530
0.761898
0.296216
0.298946
0.439007
0.391723
0.260838
0.259096
0.222228
0.236903
0.282592
0.460391
0.196020
0.331917
0.189413
0.356280
0.430637
0.432505
0.465951
0.420286
0.270061
0.203517
0.292943
0.244554
0.357914
0.371210
0.501225
0.480886
0.299165
0.289598
0.294951
0.276240
0.219906
0.245606
0.221768
0.488942
0.237332
0.330286
0.227349
0.213891
0.208240
0.233400
0.272677
0.366853
0.186960
0.318877
0.328545
0.344372
0.165000
0.119471
0.360928
0.341166
0.183133
0.398815
0.517451
0.489287
0.505380
0.576181
0.197172
0.354179
0.411474
0.278005
0.298949
0.484482
0.287674
0.261703
0.126874
0.137870
0.228451
0.523500
0.533400
0.202189
0.131745
0.207279
0.296960
0.486370
0.318448
0.296214
0.308491
0.283422
0.274971
0.219962
0.145705
0.394408
0.411947
0.395475
0.324938
0.247641
0.133361
0.200131
0.324360
0.303037
0.356800
0.571762
0.271705
0.304385
0.308512
0.242062
0.376792
0.574032
0.276823
0.333884
0.190407
0.209225
0.142415
0.289387
0.525298
0.261896
0.229868
0.154654
0.534719
0.252142
0.249758
0.210987
0.198255
0.342584
0.310468
0.402686
0.327841
0.188797
0.249550
0.277219
0.251443
0.282311
0.468360
0.296831
0.242044
0.394229
0.156810
0.184612
0.212696
0.327683
0.468378
0.435266
0.223686
0.168031
0.156635
0.238329
0.333318
0.363867
0.453699
0.425594
0.411635
0.253004
0.251379
0.376450
0.401735
0.561786
0.619752
0.341290
0.238420
0.199017
0.287688
0.521679
0.392262
0.272709
0.419323
0.257004
0.302164
0.364627
0.319258
0.201914
0.302196
0.249529
0.509715
0.496775
0.411176
0.289211
0.299585
0.273915
0.393056
0.264930
0.276194
0.318653
0.385056
0.172008
0.508177
0.342572
0.204469
0.334980
0.267063
0.388046
0.199709
0.251151
0.268280
0.230566
0.336023
0.481987
0.487766
0.528280
0.320985
0.142262
0.286192
0.263202
0.484063
0.432899
0.181298
0.397977
0.457890
0.432082
0.265996
0.458989
0.330677
0.211041
0.337660
0.267669
0.326531
0.294808
0.192564
0.257395
0.194176
0.290158
0.247471
0.267088
0.164419
0.461588
0.391069
0.312126
0.355944
0.284489
0.318467
0.195389
0.340654
0.195433
0.268616
0.160616
0.297207
0.388466
0.329325
0.536598
0.450946
0.619968
0.420122
0.608978
0.389989
0.210821
0.282429
0.275640
0.223820
0.149812
0.125929
0.290220
0.307473
0.187336
0.323540
0.299393
0.242867
0.169801
0.353858
0.366683
0.321755
0.268164
0.299101
0.318066
0.465564
0.375793
0.240875
0.224220
0.539956
0.409930
0.925675
0.258889
0.329008
0.394563
0.143152
0.204436
0.247522
0.155057
0.319441
0.762489
1.766984
0.845538
0.442679
0.348644
0.437288
0.392273
0.288284
0.428810
0.369589
0.388429
0.443462
0.433311
0.395733
0.278992
0.467154
0.362331
0.363956
0.343230
0.481149
0.310823
0.332311
0.502409
0.258866
0.355279
0.369027
0.255459
0.243446
0.232082
0.393724
0.313512
0.445308
0.321600
0.292700
0.150298
0.286421
0.406262
0.247263
0.160193
0.435418
0.138967
0.226371
0.313506
0.252277
0.324291
0.235601
0.453133
0.592474
0.602875
0.210934
0.293706
0.180145
0.268307
0.243950
0.361697
0.329790
0.306245
0.405968
0.363637
0.255626
0.331472
0.296380
0.334345
0.216181
0.314284
0.150058
0.385560
0.221017
0.325167
0.233866
0.414057
0.388495
0.512164
0.393907
0.174657
0.316330
0.408638
0.340815
0.394865
0.389887
0.294751
0.179796
0.363205
0.446323
0.439757
0.291615
0.218760
0.245291
0.352603
0.292465
0.350183
0.234658
0.217082
0.338027
0.401195
0.164541
0.200417
0.274821
0.297268
0.193718
0.181251
0.243874
0.487004
0.305036
0.350115
0.238263
0.234682
0.220411
0.297233
0.583978
0.692905
0.588759
0.118921
0.250687
0.147023
0.327777
0.422848
0.270697
0.488341
0.238874
0.286099
0.295198
0.285861
0.358829
0.358760
0.312432
0.388920
0.311701
0.152282
0.180294
0.244556
0.182953
0.173236
0.202150
0.145680
0.211775
0.427213
0.512369
0.507986
0.395131
0.369734
0.242176
0.427483
0.663685
0.214163
0.209674
0.304390
0.200264
0.282817
0.201126
0.376632
0.309505
0.347737
0.307854
0.351514
0.288391
0.372564
0.201366
0.197424
0.295033
0.487672
0.389238
0.236644
0.215281
0.454671
0.156686
0.317372
0.314381
0.339069
0.184539
0.270382
0.363534
0.253903
0.471668
0.341056
0.347440
0.149051
0.249254
0.336896
0.295047
0.295586
0.410572
0.165761
0.448055
0.401725
0.317235
0.629756
0.801914
1.091831
0.431678
0.203982
0.304217
0.195510
0.233875
0.306015
0.227335
0.279835
0.336613
0.419899
0.645685
0.114786
0.208087
0.211287
0.347822
0.239006
0.225628
0.239672
0.366082
0.337712
0.368482
0.420451
0.174579
0.179206
0.443376
0.345293
0.346017
0.371452
0.285713
0.423803
0.723686
0.957009
0.280320
0.461182
0.355002
0.206014
0.212596
0.384117
0.458280
0.407571
0.300237
0.324580
0.255723
0.305399
0.271020
0.186870
0.185395
0.351064
0.349469
0.220806
0.247653
0.335318
0.230000
0.297235
0.256549
0.219903
0.319941
0.282639
0.124839
0.418710
0.177801
0.287931
0.327938
0.106332
0.359188
0.600759
0.423959
0.492794
0.275038
0.162383
0.170927
0.304992
0.257197
0.271927
0.296860
0.134038
0.329208
0.206502
0.369220
0.290177
0.449826
0.517411
0.376614
0.409976
0.392833
0.435906
0.380050
0.402001
0.318068
0.211776
0.244308
0.228012
0.245267
0.191036
0.360920
0.235300
0.295656
0.302985
0.394224
0.330106
0.262507
0.136294
0.443869
0.455073
0.565426
0.407730
0.331892
0.290538
0.316880
0.388961
0.431746
0.445195
0.563591
0.363645
0.183135
0.204406
0.282567
0.380575
0.332633
0.427617
0.283433
0.255184
0.453213
0.322083
0.222320
0.249693
0.383237
0.461626
0.270944
0.183569
0.280252
0.250182
0.121218
0.229700
0.229697
0.568912
0.311805
0.519329
0.169414
0.155488
0.261397
0.156868
0.254365
0.235995
0.269624
0.247894
0.232243
0.258242
0.469616
0.438207
0.284315
0.321459
0.327983
0.340640
0.293889
0.130675
0.185780
0.393297
0.444335
0.277835
0.293932
0.507498
0.241220
0.309527
0.152417
0.300281
0.200034
0.267309
0.452025
0.366985
0.236674
0.261177
0.272592
0.219239
0.283124
0.313034
0.196513
0.412312
0.500535
0.480485
0.182795
0.203778
0.404827
0.190542
0.366708
0.313369
0.296425
0.279103
0.394420
0.477858
0.329743
0.343917
0.277022
0.325087
0.216235
0.379284
0.214777
0.399241
0.560300
0.528888
0.276949
0.216282
0.444754
0.363276
0.586776
0.491908
0.276838
0.277361
0.311976
0.329493
0.283576
0.322417
0.417341
0.284214
0.314434
0.432395
0.300232
0.291432
0.268561
0.273879
0.246306
0.246914
0.187612
0.283199
0.253323
0.662324
0.460736
0.249976
0.188956
0.261723
0.261673
0.384007
0.281015
0.205136
0.341284
0.471111
0.304086
0.312055
0.223472
0.348409
0.231427
0.200115
0.222949
0.324162
0.267931
0.291436
0.156434
0.225913
0.210771
0.417423
0.256543
0.339608
0.319768
0.313398
0.175586
0.270291
0.312184
0.235866
0.444422
0.430163
0.331027
0.379230
0.202985
0.362609
0.309447
0.339996
0.594138
0.276947
0.375903
0.202664
0.371939
0.208104
0.350746
0.417027
0.223287
0.323045
0.159371
0.341172
0.205923
0.368991
0.281524
0.177257
0.315634
0.246863
0.274265
0.268953
0.467744
0.239440
0.138119
0.139849
0.407686
0.277573
0.386471
0.120319
0.171183
0.262757
0.213281
0.419213
0.480878
0.471819
0.245670
0.271830
0.232799
0.256070
0.480645
0.251769
0.511971
0.494305
0.511837
0.211975
0.114940
0.197802
0.194568
0.282753
0.171227
0.367411
0.459133
0.229184
0.156890
0.132790
0.379867
0.365380
0.258855
0.318557
0.517920
0.514595
0.279740
0.212173
0.352432
0.317318
0.325004
0.270235
0.283670
0.148034
0.490636
0.167873
0.166154
0.288621
0.257979
0.396243
0.256712
0.303308
0.643779
0.267555
0.504405
0.549151
0.332617
0.508037
0.307466
0.640726
0.342004
0.212691
0.167024
0.150808
0.203276
0.268138
0.304794
0.309380
0.383516
0.395154
0.401859
0.337829
0.321392
0.251287
0.211073
0.170198
0.262143
0.381467
0.288381
0.580617
0.806167
0.679128
0.383859
0.134048
0.248690
0.206814
0.335408
0.519953
0.279349
0.217952
0.322153
0.143670
0.388135
0.550522
0.494377
0.314851
0.241899
0.357599
0.331192
0.170444
0.302874
0.362940
0.442600
0.504203
0.159553
0.185097
0.169462
0.359407
0.202302
0.187364
0.440715
0.393486
0.248409
0.208937
0.302435
0.233155
0.159466
0.184553
0.300117
0.376060
0.476563
0.175678
0.155147
0.262379
0.295768
0.165634
0.413556
0.229232
0.222027
0.242625
0.224413
0.123700
0.450588
0.346376
0.373412
0.240949
0.176202
0.269750
0.301789
0.452947
0.422616
0.236088
0.172998
0.169189
0.298928
0.250281
0.304123
0.327279
0.269045
0.303674
0.342479
0.218441
0.381250
0.374632
0.494766
0.314265
0.381100
0.503775
0.486212
0.433061
0.219528
0.368451
0.529693
0.386411
0.325506
0.374133
0.478173
0.237662
0.249020
0.378798
0.274313
0.487893
0.278242
0.238543
0.302662
0.229828
0.470460
0.604329
0.393277
0.413764
0.269045
0.207651
0.218291
0.294594
0.326676
0.287074
0.393867
0.504703
0.600730
0.373735
0.286155
0.309984
0.526318
0.341077
0.296207
0.289002
0.180495
0.237867
0.285611
0.165304
0.305847
0.162876
0.420178
0.363613
0.335556
0.337948
0.245911
0.303860
0.308556
0.293490
0.316536
0.235696
0.246171
0.240012
0.119164
0.297198
0.283603
0.225752
0.134995
0.157735
0.210049
0.234828
0.245675
0.329824
0.162635
0.192185
0.140038
0.160525
0.284764
0.459300
0.389239
0.236478
0.326012
0.299330
0.367723
0.469586
0.354591
0.119875
0.204690
0.285711
0.268242
0.323184
0.366408
0.140337
0.363029
0.125313
0.444913
0.222632
0.175470
0.443185
0.249363
0.534789
0.298679
0.233583
0.393539
0.371495
0.288559
0.455666
0.447869
0.316291
0.342712
0.319814
0.410320
0.147068
0.150775
0.264883
0.179410
0.563812
0.502264
0.311128
0.342656
0.250336
0.195398
0.321824
0.272780
0.262547
0.355345
0.285714
0.201234
0.358915
0.352684
0.248365
0.341067
0.309269
0.468388
0.131262
0.287213
0.298093
0.233767
0.201574
0.467277
0.215803
0.638515
0.398193
0.402658
0.362782
0.501411
0.430190
0.222121
0.225295
0.362412
0.368224
0.264146
0.540717
0.428077
0.551805
0.469523
0.176370
0.433848
0.326648
0.367276
0.247297
0.237132
0.216583
0.170040
0.151149
0.527757
0.268705
0.198456
0.257058
0.276335
0.251477
0.295077
0.300522
0.261981
0.388471
0.339368
0.713876
0.265369
0.213107
0.359873
0.279388
0.200785
0.439565
0.187869
0.367495
0.214654
0.260940
0.241033
0.246912
0.361859
0.330328
0.332865
0.471484
0.342112
0.424504
0.305244
0.345190
0.291976
0.321115
0.314893
0.213552
0.338574
0.178121
0.236651
0.146926
0.319436
0.431866
0.255122
0.244952
0.100941
0.214969
0.297975
0.288306
0.202830
0.341709
0.186609
0.184768
0.255534
0.340823
0.242444
0.403470
0.387362
0.278964
0.193244
0.302397
0.136688
0.185456
0.293619
0.206970
0.338527
0.210232
0.329777
0.193766
0.274646
0.238643
0.195331
0.186717
0.273799
0.224081
0.318703
0.343292
0.187754
0.383504
0.339087
0.173384
0.264531
0.350566
0.213468
0.681195
0.845054
0.439355
0.195387
0.181189
0.206468
0.160200
0.238628
0.350605
0.174551
0.287347
0.438577
0.332866
0.594673
0.250671
0.407108
0.437390
0.414589
0.194320
0.475425
0.309807
0.185785
0.290501
0.190227
0.315503
0.468460
0.209382
0.208211
0.280710
0.318486
0.259768
0.510117
0.300860
0.326012
0.333931
0.307991
0.242420
0.303951
0.171893
0.317250
0.187541
0.233499
0.195390
0.365833
0.518650
0.287767
0.489788
0.258156
0.321433
0.376268
0.369826
0.361053
0.341206
0.209114
0.330245
0.190648
0.320191
0.296514
0.191189
0.348068
0.345736
0.363985
0.262854
0.197629
0.190188
0.323535
0.141090
0.201419
0.302080
0.426416
0.246772
0.213218
0.566199
0.192155
0.366685
0.365134
0.181806
0.302133
0.227005
0.454436
0.380018
0.225515
0.330920
0.186799
0.489922
0.157070
0.493478
0.331824
0.190316
0.212391
0.156289
0.273283
0.186253
0.348173
0.375579
0.210377
0.428685
0.276267
0.191108
0.214038
0.272324
0.284732
0.209577
0.267412
0.283009
0.309123
0.287388
0.523934
0.207497
0.275881
0.444017
0.460192
0.194417
0.307801
0.446596
0.472005
0.325043
0.276726
0.241444
0.299492
0.168373
0.228692
0.146937
0.341432
0.314487
0.246147
0.310720
0.242792
0.264977
0.378982
0.405151
0.320884
0.294152
0.378759
0.353281
0.235260
0.365273
0.220140
0.222533
0.199940
0.143401
0.289412
0.432738
0.332612
0.257286
0.182453
0.376474
0.236931
0.152114
0.317943
0.403747
0.331259
0.286224
0.383439
0.266652
0.224597
0.502070
0.365814
0.526172
0.199856
0.335644
0.180529
0.239802
0.210813
0.158479
0.163824
0.291224
0.286939
0.175470
0.110626
0.260113
0.288929
0.251223
0.309155
0.201161
0.452613
0.398476
0.227653
0.149618
0.351636
0.340285
0.249933
0.225345
0.341492
0.320828
0.237583
0.230909
0.322103
0.560904
0.176714
0.188681
0.152801
0.172064
0.494846
0.302485
0.185829
0.192659
0.203944
0.182691
0.581233
0.494952
0.293031
0.230725
0.244613
0.246608
0.237214
0.594919
0.277104
0.265030
0.224875
0.197047
0.297460
0.449099
0.355890
0.499502
0.438775
0.417312
0.286915
0.204467
0.184971
0.256017
0.332604
0.348780
0.311439
0.212513
0.446285
0.339957
0.221623
0.337034
0.150836
0.230333
0.259719
0.384034
0.201544
0.333197
0.248005
0.336403
0.419018
0.298634
0.254609
0.278273
0.266702
0.218492
0.134054
0.223667
0.173263
0.262337
0.151836
0.327098
0.345746
0.207143
0.226639
0.278479
0.275320
0.325126
0.316335
0.361066
0.225914
0.217320
0.580298
0.338155
0.580768
0.199155
0.331126
0.228542
0.251495
0.188915
0.418160
0.253560
0.343449
0.252168
0.144479
0.197567
0.235090
0.255399
0.349937
0.568368
0.205093
0.268615
0.324342
0.147990
0.356353
0.382898
0.612921
0.450635
0.368778
0.340327
0.189904
0.476088
0.233118
0.211094
0.226447
0.285909
0.295742
0.238833
0.307944
0.456983
0.304307
0.573318
0.548252
0.826086
0.454236
0.298444
0.296223
0.488949
0.147062
0.511096
0.372333
0.240842
0.472612
0.246033
0.335776
0.254131
0.454080
0.888055
1.347203
1.059301
0.545832
0.636717
0.432136
0.265984
0.597920
0.281928
0.416708
0.419306
0.107951
0.321099
0.360820
0.488632
0.200610
0.233162
0.118484
0.264519
0.306670
0.207583
0.536231
0.254684
0.210009
0.270580
0.339452
0.311379
0.480780
0.316472
0.411699
0.346566
0.192144
0.328839
0.205655
0.382479
0.279683
0.439121
0.317485
0.296529
0.400377
0.190350
0.183506
0.446946
0.471913
0.341231
0.478018
0.677677
0.311392
0.164153
0.396801
0.374970
0.234325
0.345233
0.320338
0.363508
0.283329
0.156040
0.218324
0.228295
0.240536
0.190375
0.375945
0.583082
0.349201
0.234861
0.356041
0.240101
0.302211
0.207479
0.230359
0.246157
0.219803
0.194433
0.220356
0.353009
0.188804
0.253790
0.182863
0.221672
0.326356
0.281872
0.451587
0.302994
0.305585
0.491550
0.346686
0.216366
0.256871
0.413058
0.566552
0.382229
0.255285
0.470921
0.348620
0.384751
0.212824
0.148036
0.344821
0.370219
0.235866
0.167774
0.197995
0.150593
0.349110
0.253793
0.362524
0.402019
0.464214
0.453040
0.246743
0.149042
0.392042
0.500454
0.527052
0.559144
0.280898
0.205986
0.395389
0.353014
0.324150
0.413037
0.246778
0.226813
0.466429
0.254116
0.211412
0.213950
0.131514
0.318114
0.355459
0.257633
0.358542
0.220202
0.352409
0.324166
0.295986
0.219986
0.236386
0.245601
0.296979
0.342508
0.331632
0.331737
0.417799
0.186721
0.387276
0.386071
0.298942
0.293636
0.151435
0.193000
0.191240
0.212751
0.357393
0.187344
0.501601
0.335895
0.224092
0.211326
0.169348
0.327853
0.473817
0.351018
0.375273
0.605402
0.394349
0.256549
0.162944
0.359740
0.366557
0.278591
0.219000
0.178135
0.249199
0.309048
0.197068
0.291526
0.460300
0.487884
0.325643
0.259612
0.353667
0.530819
0.419394
0.229366
0.293241
0.454538
0.210676
0.192203
0.118847
0.193829
0.225069
0.369960
0.504601
0.304528
0.407781
0.401296
0.275595
0.406027
0.236908
0.219320
0.438407
0.431726
0.430087
0.407163
0.430583
0.242494
0.466403
0.359939
0.189677
0.194124
0.346973
0.485985
0.309977
0.205743
0.284677
0.273678
0.518932
0.246583
0.302477
0.288095
0.421448
0.433822
0.293727
0.376495
0.314782
0.167323
0.547932
0.154541
0.233285
0.304976
0.233864
0.289385
0.250321
0.262093
0.206036
0.215540
0.302337
0.274280
0.354519
0.163022
0.153648
0.119785
0.374057
0.216780
0.126787
0.246065
0.226872
0.282265
0.346648
0.343034
0.278956
0.251312
0.408410
0.195274
0.329694
0.390846
0.185898
0.187734
0.269627
0.461551
0.354706
0.365687
0.408520
0.394920
0.307559
0.359595
0.230252
0.174775
0.180815
0.341678
0.261120
0.364448
0.387758
0.329159
0.355902
0.260903
0.259488
0.266031
0.436361
0.325671
0.256976
0.444637
0.299970
0.350031
0.372417
0.345991
0.317660
0.139925
0.247795
0.377236
0.287786
0.351254
0.155383
0.265082
0.346492
0.396505
0.233294
0.146812
0.354912
0.296893
0.314394
0.238551
0.370085
0.285824
0.265304
0.190377
0.395570
0.383258
0.235717
0.336145
0.392876
0.377740
0.426952
0.186234
0.383804
0.324905
0.196714
0.456089
0.286224
0.329810
0.331360
0.289333
0.253336
0.275922
0.212570
0.183497
0.476499
0.271201
0.270377
0.285556
0.308136
0.267943
0.314657
0.375082
0.245082
0.593300
0.598755
0.408610
0.522081
0.272393
0.301938
0.314202
0.146101
0.372923
0.228036
0.218544
0.295382
0.239418
0.266301
0.277698
0.606897
0.310675
0.437510
0.335925
0.202625
0.290859
0.213173
0.093729
0.242480
0.359713
0.355632
0.205270
0.375012
0.406054
0.309779
0.343987
0.394401
0.139209
0.269318
0.218613
0.310687
0.326069
0.192082
0.215289
0.413498
0.436648
0.231341
0.330800
0.175320
0.375330
0.389638
0.380746
0.379269
0.247866
0.589532
0.188152
0.181981
0.190936
0.186166
0.226253
0.381057
0.362341
0.248328
0.427474
0.210140
0.288701
0.325450
0.172482
0.331189
0.203122
0.303265
0.230462
0.235028
0.148326
0.330456
0.386787
0.398340
0.366898
0.176121
0.381037
0.375370
0.304842
0.217299
0.174857
0.197418
0.310514
0.240985
0.362999
0.525550
0.190095
0.266640
0.366178
0.225446
0.424920
0.240548
0.274550
0.210391
0.250820
0.350975
0.297151
0.359796
0.176227
0.179858
0.220326
0.187325
0.456575
0.616397
0.463337
0.351289
0.272525
0.329098
0.288809
0.364443
0.486229
0.596609
0.308369
0.238617
0.283554
0.164698
0.222934
0.269849
0.556247
0.400923
0.188117
0.393980
0.334813
0.326020
0.330811
0.263595
0.186107
0.282649
0.425048
0.300498
0.459926
0.345800
0.273391
0.227227
0.394865
0.289733
0.407392
0.153740
0.170856
0.321207
0.226253
0.184437
0.369751
0.215839
0.202164
0.315246
0.323002
0.285532
0.273062
0.241596
0.242334
0.299541
0.105800
0.270622
0.511462
0.365709
0.220577
0.342135
0.264823
0.313117
0.646986
0.515673
0.208162
0.227462
0.367555
0.194372
0.202506
0.200861
0.248651
0.314508
0.361633
0.198662
0.286364
0.263060
0.194929
0.290574
0.321022
0.200844
0.424069
0.116048
0.462746
0.298638
0.343291
0.161289
0.193419
0.291042
0.328577
0.336643
0.293194
0.404370
0.437927
0.360797
0.298892
0.261621
0.132760
0.278620
0.320701
0.269711
0.217913
0.281833
0.321146
0.476860
0.257624
0.385284
0.270777
0.441746
0.213054
0.193118
0.160302
0.273209
0.264906
0.318798
0.423389
0.585422
0.360403
0.497381
0.184691
0.334477
0.301033
0.431436
0.180513
0.276024
0.179234
0.301990
0.269492
0.166629
0.223182
0.293039
0.287859
0.267547
0.324364
0.251666
0.170916
0.357923
0.377964
0.270746
0.185893
0.322639
0.408720
0.539350
0.499216
0.322122
0.239319
0.293401
0.267176
0.261448
0.406842
0.238746
0.306990
0.420359
0.428394
0.411526
0.306798
0.371413
0.259254
0.250868
0.358179
0.284324
0.415197
0.140280
0.247696
0.119166
0.200576
0.361646
0.329064
0.376547
0.364565
0.380115
0.384397
0.254466
0.355650
0.341938
0.774598
0.581849
0.982718
0.476509
0.348058
0.184966
0.439166
0.475666
0.171512
0.470375
0.380040
0.220941
0.324169
0.153706
0.236637
0.290375
0.227875
0.194029
0.284359
0.272180
0.320460
0.359605
0.168794
0.377684
0.320514
0.319903
0.142487
0.374560
0.217931
0.278036
0.346948
0.236997
0.447953
0.287037
0.241861
0.153168
0.187802
0.133280
0.516555
0.374271
0.370082
0.360444
0.327004
0.255045
0.183430
0.166852
0.311204
0.264617
0.485250
0.456113
0.352177
0.225377
0.332235
0.306953
0.304845
0.297530
0.248424
0.518899
0.357309
0.396276
0.211964
0.587673
0.258394
0.164104
0.126777
0.279677
0.216605
0.190759
0.200657
0.293363
0.313701
0.223220
0.355294
0.272095
0.223157
0.326124
0.222672
0.475722
0.282243
0.234190
0.444285
0.207571
0.305849
0.157829
0.243610
0.375861
0.332143
0.191305
0.267535
0.332447
0.157289
0.373002
0.402320
0.490623
0.544890
0.336721
0.490395
0.484951
0.289057
0.248051
0.243724
0.247073
0.545621
0.317308
0.438436
0.231840
0.200589
0.268004
0.305391
0.353722
0.377638
0.187303
0.472691
0.164803
0.237661
0.282983
0.234275
0.207949
0.271200
0.152059
0.216778
0.088131
0.193670
0.284359
0.301653
0.318506
0.555539
0.295460
0.277141
0.275491
0.231223
0.282732
0.299028
0.260331
0.248655
0.190425
0.213694
0.162222
0.223090
0.204627
0.290137
0.390135
0.460914
0.523292
0.267739
0.222601
0.419536
0.211138
0.452186
0.234380
0.407248
0.334484
0.385351
0.396876
0.259423
0.138194
0.241695
0.391825
0.271363
0.185217
0.139536
0.136354
0.295809
0.236470
0.255272
0.294103
0.228070
0.183163
0.314695
0.249986
0.163375
0.289092
0.244633
0.334481
0.291928
0.267535
0.236612
0.248793
0.273837
0.335572
0.340301
0.170531
0.291267
0.320293
0.394501
0.289187
0.288791
0.190916
0.258548
0.337042
0.154004
0.191133
0.270475
0.293255
0.354451
0.577048
0.235811
0.203478
0.436610
0.164541
0.302333
0.334976
0.334495
0.245766
0.324399
0.207273
0.230364
0.347426
0.200658
0.237672
0.383410
0.256465
0.190950
0.207137
0.289744
0.504223
0.376217
0.429516
0.227579
0.213119
0.158378
0.231318
0.335640
0.517328
0.123599
0.356418
0.144209
0.475988
0.292041
0.235000
0.451887
0.748264
0.227274
0.393374
0.442133
0.186082
0.241343
0.460242
0.433187
0.359485
0.543108
0.442992
0.246303
0.307492
0.334163
0.492730
0.360072
0.316384
0.525265
0.286493
0.292049
0.166300
0.165782
0.200524
0.124556
0.324388
0.233714
0.172371
0.193561
0.235685
0.271868
0.171201
0.201779
0.255146
0.312870
0.347400
0.283186
0.213374
0.222940
0.607651
0.536788
0.655872
0.431814
0.226916
0.475347
0.429623
0.198992
0.426441
0.397238
0.396149
0.367930
0.192948
0.232653
0.379918
0.381275
0.241060
0.200462
0.464789
0.240237
0.410465
0.285930
0.139753
0.315632
0.265170
0.125879
0.240785
0.438052
0.320714
0.316892
0.145296
0.259920
0.228070
0.223108
0.390571
0.203068
0.283043
0.314399
0.368705
0.452792
0.347295
0.356963
0.318872
0.200575
0.185113
0.238237
0.155094
0.174230
0.231274
0.130080
0.282195
0.262333
0.230598
0.259587
0.247365
0.248866
0.293141
0.450460
0.344060
0.170676
0.396079
0.236826
0.152579
0.132924
0.283994
0.230657
0.420543
0.290829
0.401673
0.317856
0.232169
0.148986
0.217004
0.364555
0.509131
0.402572
0.330642
0.251938
0.405469
0.279150
0.106617
0.345910
0.343461
0.438273
0.275480
0.386734
0.338642
0.456535
0.374356
0.296195
0.241841
0.347291
0.558999
0.458698
0.369690
0.417664
0.463647
0.313298
0.367622
0.238106
0.156824
0.264386
0.133168
0.258941
0.505177
0.304391
0.232041
0.170400
0.217233
0.260393
0.295396
0.226050
0.360411
0.335719
0.457903
0.144101
0.496690
0.302146
0.245507
0.182685
0.363039
0.158388
0.414376
0.449545
0.690088
0.443771
0.394663
0.319490
0.168381
0.244162
0.231910
0.265213
0.303269
0.350519
0.312603
0.220435
0.437601
0.206492
0.403903
0.220162
0.159797
0.186501
0.182224
0.215832
0.290977
0.167318
0.254840
0.273832
0.187084
0.205894
0.442238
0.778359
0.525529
0.291063
0.495728
0.212307
0.332794
0.243461
0.425574
0.344197
0.172751
0.364276
0.396444
0.510951
0.450183
0.436232
0.344053
0.268094
0.170798
0.173413
0.385848
0.253637
0.207829
