2.276415
2.274461
2.142308
2.252438
2.027430
1.863384
1.538405
1.605606
2.849321
1.977810
1.669772
0.930773
1.523913
1.005447
0.661359
0.630529
0.475929
0.406501
0.750599
0.638754
0.389285
0.441776
0.225340
0.647589
0.691453
0.370592
0.256739
0.107230
0.234993
0.364557
0.519809
0.240671
0.296067
0.281563
0.154860
0.199650
0.193692
0.725138
0.444261
0.419957
0.102490
0.270370
0.588889
0.088348
0.086409
0.242505
0.078504
0.050000
0.079918
0.346846
0.758025
0.858435
0.466576
0.377997
0.244247
0.247033
0.316153
0.198274
0.781245
0.129004
0.147219
0.421328
0.174314
0.072799
0.128874
0.075442
0.299505
0.120512
0.160099
0.078255
0.225150
0.407202
0.476775
0.451116
1.565565
2.040106
0.753882
0.297765
0.204327
0.077328
0.193407
0.282780
0.375841
0.137601
0.343374
0.049361
0.173716
0.223217
0.233695
0.263270
0.237243
0.350375
0.149594
0.164691
0.096984
0.068564
0.030909
0.373667
0.609761
0.483047
0.506257
1.408987
0.572657
0.219968
0.517740
0.293688
0.177847
0.139936
0.236058
0.426037
0.469476
0.245953
0.047350
0.445882
0.111980
0.135180
0.293915
0.261336
0.209484
0.166148
0.090242
0.063735
0.345330
0.574345
0.157375
0.119384
0.365635
0.034815
0.208538
0.041109
0.086895
0.238042
0.081243
0.048523
0.099840
0.053906
0.167576
0.236436
0.227056
0.266098
0.232721
0.024048
0.105453
0.020771
0.362578
0.112959
0.368069
0.942008
0.766577
1.933359
1.440252
1.024507
0.991537
0.613650
1.159384
0.371572
0.539136
0.421042
0.325939
0.202215
0.258019
0.155494
0.123510
0.130527
0.160304
0.230693
0.255745
0.068062
0.046404
0.207019
0.469887
0.250996
0.442316
0.026451
0.113368
0.181287
0.124406
0.159179
0.281095
0.074373
0.140748
0.189596
0.098351
0.089754
0.016338
0.071529
0.337600
0.112008
0.067758
0.405877
0.197656
0.072900
0.005304
0.038804
0.013247
0.022487
0.878762
0.211889
0.087916
0.149068
0.221749
0.822033
0.046484
0.058827
1.491059
0.362394
0.436631
0.132998
0.019802
0.077998
0.108590
0.201024
0.059042
0.133703
0.198985
0.283473
0.037051
0.214893
0.086931
0.197700
0.155104
0.078897
0.039454
0.067869
0.240941
0.028399
0.065781
0.274929
0.608032
0.699629
0.407443
0.501559
0.427942
0.407208
0.156424
0.135446
0.071299
0.190731
0.123245
0.193405
0.210925
0.209274
0.033746
0.192823
0.080493
0.245776
0.032562
0.189355
0.233904
0.358197
0.025850
0.213956
0.602552
0.601228
0.094963
0.176836
0.148313
0.013160
0.042908
0.188645
0.080827
0.112485
0.155684
0.053375
0.414809
0.152622
0.409992
0.015339
0.245601
0.221493
1.906058
1.030351
0.920161
0.270182
0.172115
0.162519
0.313010
0.119167
0.353000
0.790512
0.135662
0.055258
0.424660
0.041573
0.021862
0.167282
0.022956
0.046311
0.223458
0.120292
0.992269
4.991581
1.247705
0.753374
0.778615
0.956017
1.256141
0.746349
0.723723
0.945189
0.540102
0.619758
0.421726
0.320547
0.064000
0.151939
0.185500
0.071712
0.116073
0.072316
0.256900
0.081012
0.092537
0.240694
0.479712
0.095487
0.045282
0.163012
0.513236
0.630669
0.104039
0.176488
0.352721
0.049940
0.010383
0.373556
0.272762
0.021625
0.157785
0.094158
0.025666
0.008342
0.182920
0.075848
0.390800
0.054004
0.100208
0.242594
0.072406
0.117307
0.050554
0.511951
0.106372
0.180375
2.709889
1.386446
0.152543
0.300177
0.013385
0.032833
0.096031
0.060579
0.094202
0.318146
0.687383
1.051477
0.129355
0.262910
0.022092
0.028654
0.102504
0.015969
0.462993
0.743748
0.167229
0.152808
0.338105
0.276917
0.025705
0.038633
0.577072
0.065153
0.076071
0.145698
0.006639
0.097341
0.218349
1.273269
1.461430
0.238266
0.245776
0.209435
0.060126
0.356960
0.277224
0.198461
0.024504
0.283739
0.021844
0.317119
0.178623
0.218764
0.005226
0.072624
0.053228
0.080666
0.267027
0.081990
0.057502
0.759019
0.257827
0.579228
0.184153
0.119052
0.158457
0.470725
0.077798
0.229762
0.094600
0.190839
0.309221
0.033336
0.125395
0.137863
0.125449
0.182478
0.356796
0.122514
0.029428
0.025611
0.004167
0.149286
0.011846
0.164866
0.114249
0.397047
0.139944
0.003438
0.092404
0.044391
0.228923
0.500162
0.112910
0.126726
0.053549
0.160583
0.768131
0.491747
0.221116
0.700838
6.234349
1.545030
0.244218
0.087759
0.067755
0.080581
0.248699
0.279677
0.274243
0.183827
0.107432
0.134217
0.303251
0.038414
0.381421
0.330439
0.123265
0.382812
0.037882
0.009652
0.001066
0.023046
0.113795
0.061342
0.285375
0.246738
0.018825
0.003481
0.048529
0.188032
0.063503
0.110496
0.080854
0.607919
0.263031
12.593994
3.930733
0.705538
1.126763
1.061834
0.445754
0.852220
1.025774
1.413778
1.271929
2.998248
1.025406
0.331062
1.046793
0.750556
1.024262
0.530392
0.653884
0.512440
0.128007
0.262741
1.107896
0.751025
1.532027
0.532639
0.699625
0.776460
0.998534
0.157873
0.210663
0.049780
0.137956
0.847308
0.224024
0.442015
0.468636
0.230460
0.098938
0.171826
0.127359
0.528827
0.241752
0.134660
0.053731
0.043244
0.644750
0.631528
0.034903
0.851398
0.321455
0.113066
0.221737
0.286728
0.124762
0.251410
0.444214
0.292336
0.007110
0.405677
0.617446
0.179336
0.120743
0.200404
0.396213
0.444727
0.125185
0.354406
0.355601
0.103720
2.634969
2.835854
0.032721
0.177669
0.228445
1.220788
0.185667
0.303820
0.070914
0.544442
0.030995
0.391191
0.009670
0.076320
0.042857
0.001626
0.186849
0.413684
0.682777
0.584989
0.004455
0.230172
0.540176
0.828603
2.344046
3.081337
1.430218
0.932937
0.174882
0.618513
0.289068
0.131868
0.095074
0.172542
0.036407
0.252594
0.046454
0.344469
0.072368
0.009525
0.173678
0.040098
0.043008
0.111944
0.430205
0.033215
0.149987
0.341338
0.095849
0.325774
0.023534
0.223652
0.229440
0.133683
0.591530
0.401200
0.029812
0.754654
0.311006
0.078235
0.103650
0.051363
0.117304
0.128729
0.219652
0.731707
0.232872
0.091465
0.514178
5.407340
6.822352
1.742155
0.179646
0.151269
0.160281
0.098229
0.091621
0.277535
0.291667
0.122889
0.040380
0.127757
0.041757
0.111353
0.150928
0.083364
0.041424
0.214063
0.317854
0.104812
0.026979
0.064858
0.023816
0.998007
0.162439
0.069349
0.530912
0.147770
0.063373
0.635519
0.806010
10.935612
4.052778
1.076604
0.755058
0.719068
1.059063
3.032477
2.238804
1.510296
1.755734
1.733083
1.331676
1.456206
0.573846
0.999397
0.569154
0.905624
0.470915
1.036296
0.792623
0.463512
0.129081
0.995126
0.082420
0.457340
0.626871
0.250255
0.356900
0.346498
0.450599
0.184712
0.080328
0.115413
0.075673
0.396895
0.189015
0.031671
0.061306
0.127722
0.091539
0.011321
0.459665
0.223448
0.084619
0.200976
0.072076
0.091475
0.424999
0.122001
0.199735
0.240998
0.224650
0.256209
0.710698
1.341609
0.234758
0.206830
0.062234
0.185544
0.072683
0.638319
0.490895
2.471325
0.884793
0.593140
0.440283
0.048645
0.037826
0.176479
0.096584
0.149583
0.210745
0.333081
0.190871
0.799260
0.517926
0.855680
2.921350
3.863513
0.787619
0.289393
0.230212
0.041463
0.257865
0.002500
0.133774
0.211926
0.599996
0.154153
0.037632
0.205804
0.064266
0.095201
0.063910
0.136122
0.173617
0.060644
0.244369
0.234270
0.151592
0.236122
0.344489
0.754990
0.665193
0.582578
0.356400
0.253930
0.292742
0.343781
0.045183
0.085073
0.194280
0.086240
0.035888
0.048425
0.014905
0.069862
0.174592
0.241578
0.194406
0.109366
0.460786
0.370908
0.002818
0.271768
0.231309
0.004552
1.544544
0.669181
0.179396
0.058319
0.485593
0.340430
0.303679
1.730753
0.909675
0.022081
0.105012
0.008084
0.028956
0.417794
0.223805
0.328436
0.293291
0.435846
0.187552
0.378879
0.892126
0.233567
5.209542
1.083376
0.668126
1.097103
0.233561
0.092358
0.085144
0.013029
0.058028
0.030032
0.338237
0.036811
0.045729
0.156554
0.053920
0.145661
0.045193
0.413077
0.740160
2.366089
1.148269
0.282145
0.290874
0.277916
0.008388
0.136792
0.003106
0.010441
0.256190
0.162406
0.489839
0.293574
0.002004
19.232147
3.148131
1.347115
0.943599
1.397636
1.479380
0.844022
0.829059
1.225714
0.675456
0.217589
0.068425
0.133202
0.345549
0.585251
0.153179
0.209002
0.164394
0.193690
0.271985
0.132609
0.063104
0.173262
0.111710
0.261623
0.057720
0.149334
0.028529
0.057355
0.165581
0.122542
0.006527
0.078537
0.055993
0.186907
0.450415
0.009635
0.094581
0.342396
0.345262
1.680331
2.465133
0.022828
0.076948
1.048726
0.136798
0.301947
0.059188
0.071980
0.122912
0.020691
0.203746
0.311162
0.011766
0.011173
0.033879
0.220794
0.253248
0.270899
2.322539
2.101992
0.758962
0.029786
0.060267
0.437979
0.213670
0.036514
0.024608
0.333391
0.182024
0.065868
0.096280
0.036359
0.069041
0.203834
0.052588
0.026540
0.350292
0.128423
0.084520
0.014511
0.295576
0.003074
1.277185
0.687121
1.450080
0.215287
0.471740
0.146587
0.117257
0.407725
0.009897
0.048285
0.042338
0.055067
0.333019
0.005843
0.613023
0.014031
0.020577
0.315876
1.102012
0.322719
2.835323
3.051022
1.075524
0.752482
0.570708
0.540898
0.272320
0.334101
0.229441
0.167027
0.325186
0.191196
0.178166
0.303492
0.242997
0.054256
0.242376
0.037783
0.088428
0.206835
0.050100
0.013860
0.007303
0.115920
0.216200
0.111331
0.131109
0.093734
0.822582
0.001491
0.264062
0.012976
0.125366
0.474631
1.273643
0.278379
1.215764
0.107239
0.385615
0.447681
0.350349
0.324735
0.134053
0.364638
0.154395
0.003920
0.145034
0.007493
0.047071
0.100834
0.069684
0.478303
0.280534
0.829768
2.799842
2.599463
3.680762
1.086333
0.094144
0.699765
0.198624
0.036148
0.141788
0.046621
0.016347
0.225827
0.181477
0.015896
0.059160
0.084807
0.123951
0.864139
0.345587
0.373109
0.049282
0.003539
0.142803
0.088833
0.116345
0.082002
1.211428
0.236211
0.011092
0.548185
0.366471
0.483175
2.005500
7.829128
2.961100
1.172978
0.373664
0.167443
0.328258
0.296777
0.224559
0.053974
0.339048
0.138750
0.158613
0.110246
0.107894
0.117777
0.289217
0.107089
0.085445
0.495106
0.164445
0.103099
0.056401
0.290494
0.104708
0.328458
0.311996
0.136675
0.265399
0.108271
0.057248
0.148550
0.625826
2.746925
5.129319
0.400563
0.549758
0.130472
0.277112
0.393983
0.168139
0.138412
0.536408
0.101035
0.353460
0.104159
0.916370
0.563424
0.403024
0.092926
0.007280
0.237052
0.025008
0.338842
0.268784
0.358891
0.063419
1.191594
0.732143
1.536233
0.883582
0.579218
0.077581
0.307427
0.193571
0.082662
0.020219
0.174961
0.100356
0.449315
0.118518
0.008808
0.350378
0.101946
0.902492
2.287709
2.156307
1.239293
1.493560
1.529905
0.933356
1.348769
0.481431
0.329122
0.187776
0.143492
0.245439
0.118374
0.374480
0.392124
0.422826
0.347177
0.181485
0.174066
0.195284
0.082496
0.080913
0.056582
0.202793
0.275369
0.263206
0.249563
0.048315
0.351706
0.113201
0.242245
0.105576
0.195092
0.339428
0.182478
0.048556
0.147731
0.124899
0.016321
0.142124
0.056750
0.197408
0.430020
0.781475
0.333804
0.229828
0.098117
0.180674
0.131537
0.055684
0.319709
0.346778
0.092692
0.204476
0.204844
0.526518
1.187141
0.149628
0.454240
0.117257
0.065306
0.160351
0.385269
1.953258
3.066490
1.960225
0.296081
0.109177
0.319579
0.038116
0.565088
0.059485
0.289598
0.022549
0.036000
0.127585
0.010187
0.176280
0.129891
0.044737
0.030227
0.024243
0.095351
0.177608
0.200811
0.305957
0.337209
0.327767
0.038826
0.166717
0.015935
0.498347
0.043339
0.374377
0.219685
0.105005
8.820392
0.784056
0.280116
0.342082
0.648080
0.115652
0.096836
0.059879
0.255953
0.061496
0.249228
0.318615
0.214358
0.298645
0.196316
0.064742
0.036376
0.108107
0.007705
0.662643
0.060760
0.125818
0.023505
0.002403
0.055421
0.177909
0.033655
0.040933
0.179870
0.211813
0.096342
0.006003
0.317256
0.340094
0.208746
0.702001
0.428356
0.239784
0.332602
0.081271
0.166736
0.016212
0.123981
0.109844
0.070358
0.396448
0.004478
0.259001
0.648187
2.022013
0.103455
0.098711
0.063962
0.255692
0.211717
0.022883
0.232353
0.078185
0.241619
0.369900
0.144564
0.691079
0.197141
2.358267
3.382435
2.555215
0.344727
0.099943
0.154029
0.054956
0.272152
0.147673
0.151024
0.047830
0.032938
0.181935
0.088057
0.690130
0.188401
0.006036
0.162240
0.097823
0.081605
0.049871
0.253146
0.183501
0.151893
0.078498
0.393960
0.208267
0.023069
0.224683
0.053211
0.419174
0.146764
0.039520
0.486489
0.362465
0.600116
0.003388
0.692343
0.533127
8.371017
2.284611
1.110917
0.891906
0.417944
0.204272
0.115400
0.210761
0.068030
0.012185
0.154112
0.322257
0.746485
0.139372
0.091283
1.122354
0.060021
0.208974
0.556445
0.033562
0.190240
0.115434
0.350454
0.729491
0.437782
0.291127
0.415824
0.063873
0.338766
0.023649
0.026123
0.011840
0.008379
0.403686
0.492767
0.092310
0.174953
0.609751
0.247758
1.312927
4.528116
3.329013
0.364246
0.742283
0.087963
0.280280
0.084315
0.199192
0.011733
0.008953
0.028391
0.226030
0.070979
0.034977
0.052343
0.179463
0.260869
0.040753
0.035001
0.101543
0.296583
0.049073
0.354114
0.252952
0.003180
0.414314
0.739953
0.069453
0.604611
0.124992
0.185898
0.085500
0.334224
0.829387
0.216726
0.198444
0.023973
0.004823
0.272573
0.097743
1.091343
0.504527
0.090794
0.544804
0.016655
0.163435
0.466857
2.217280
2.062490
0.068123
0.090234
0.015633
0.067988
0.233211
0.089276
0.130078
0.019125
0.263910
0.268711
0.228058
0.204079
0.254189
0.477886
0.015841
0.197342
0.006849
0.518392
0.003689
0.423219
1.941102
0.276850
0.086928
0.107680
0.048727
0.220585
2.492329
0.459733
0.065634
0.613046
0.481534
0.000412
0.214760
0.074130
0.004708
0.130955
1.174546
0.541896
0.219171
0.086462
0.085714
0.221413
0.033554
0.145313
0.148942
1.196667
2.555208
1.136885
0.488458
0.743833
0.130125
0.600030
0.224391
0.090747
0.318094
1.815837
0.311347
0.202961
0.005323
0.932051
0.611402
0.253738
0.434463
0.676929
0.229798
0.278224
2.583992
4.258134
0.129920
0.167766
0.011739
0.257871
0.107148
0.271170
0.756003
0.079841
0.027400
0.142564
0.008033
0.287966
0.489576
1.410955
0.217929
1.675393
7.792697
0.375056
0.786414
0.537202
0.043026
0.137029
0.150858
1.074773
0.673473
0.190980
0.012471
0.144381
0.032884
0.092081
0.342713
0.084604
0.695745
0.005801
0.044873
0.288488
0.026255
0.260702
0.527669
5.216656
1.218741
0.149798
0.297814
0.021458
0.014304
0.188630
0.199142
0.201416
0.023820
0.011309
0.078089
0.007071
0.456347
0.012840
0.116101
0.032037
0.047971
0.000377
0.286732
0.299542
0.014528
0.373523
0.047701
0.281311
0.078151
1.344262
1.001715
0.633746
2.706455
0.142986
0.232756
0.089804
1.517946
0.226011
0.034707
0.093179
0.272126
0.291819
0.094665
0.807691
0.060003
0.147554
0.037906
0.417022
1.263535
0.349051
0.615876
0.144878
0.173107
0.106175
0.000464
0.767362
0.278682
0.001929
0.318396
26.358213
4.084186
1.944469
1.547635
2.167027
2.640033
0.331611
1.997650
0.434078
0.411048
1.919540
0.672645
1.454158
0.873797
0.858004
0.216475
1.776951
1.833481
1.397008
0.715435
0.843346
0.047427
0.849171
0.763969
0.593521
0.723941
0.345640
0.205985
0.355464
0.221913
0.209048
0.296616
0.185148
0.168971
0.062841
0.164953
0.209338
0.317706
0.577868
0.040769
0.419646
0.031232
0.122380
0.034168
0.027461
0.320856
0.032785
1.275184
1.273508
0.590727
0.364917
0.184082
0.509298
0.125912
0.105320
0.113343
0.221643
0.213731
0.065170
0.459706
0.214205
0.229915
0.586269
1.836289
0.000137
0.444967
0.056911
0.422771
0.098653
0.130127
0.157094
0.252845
1.704830
0.324327
0.395655
0.106852
0.167769
1.043374
0.679093
0.282966
0.577604
0.819612
0.708079
0.008983
2.647396
12.541789
0.352188
0.087131
0.118066
0.174031
0.609954
0.296423
0.093368
0.391385
0.018942
0.001020
0.310249
0.293524
0.131493
0.203829
0.322966
0.163726
0.088352
0.072584
0.020317
0.958893
0.025306
0.008406
0.396494
0.199674
0.187199
0.178357
0.822800
0.378151
0.572573
0.161843
0.455181
0.229492
0.471918
0.183677
0.156605
0.446081
0.152649
0.147921
1.879291
0.898016
0.872184
0.231744
2.964179
3.884147
0.264187
0.238931
0.057112
0.013919
0.062946
0.776159
0.056210
0.000830
0.311351
0.220436
0.294351
0.175471
0.578664
0.323474
2.659777
0.001947
0.045970
0.470857
0.474644
0.016016
0.246228
0.243207
0.396648
3.234832
1.768751
2.913799
0.017967
0.229368
0.105841
0.098258
0.390014
0.725670
0.052472
0.508363
0.361968
0.009511
0.887087
0.001721
0.181711
1.350057
3.491282
0.652513
1.434823
0.839083
0.294569
0.338622
0.372276
0.114098
0.367283
0.170566
0.256066
0.034075
0.068074
0.100997
0.055553
0.084719
0.126857
0.255811
0.224923
0.106098
0.487120
0.138109
0.234939
0.073777
0.216804
0.117285
0.228248
0.372055
0.189431
0.222064
0.217264
0.454107
0.479383
1.601024
4.944635
0.176796
0.368628
0.126413
0.437233
0.741729
1.309258
0.466733
0.047640
0.079402
0.108366
0.108766
0.501568
0.820439
0.185593
0.028940
0.241594
0.207077
0.470399
0.210684
0.002079
0.310308
0.558830
0.559579
1.104205
1.358136
8.925750
4.995465
2.816166
2.649062
0.345057
2.045668
0.996917
1.437504
0.340477
0.569482
0.223177
1.113363
0.280630
0.443203
0.109708
0.357426
0.028042
0.096397
0.021540
0.439483
0.179683
0.100817
0.271479
0.022195
0.363045
0.081190
0.636556
0.017287
0.348448
0.369771
0.000315
0.340208
0.089386
0.498376
0.516058
0.299626
2.645233
9.656028
0.129156
0.108954
0.330713
0.029925
0.063189
1.490939
0.185277
0.192987
0.429315
0.001109
0.210088
0.002208
0.582287
0.263246
1.168936
0.041564
0.344226
2.181520
0.805414
3.610846
0.525624
0.045391
0.037535
0.081158
0.024450
0.840276
0.059555
0.386990
0.014080
0.327308
0.406848
0.003346
0.345746
0.075950
0.000421
0.068043
0.016783
0.056275
0.690091
0.786277
2.420316
1.154953
0.101389
1.420119
0.168071
0.133300
0.714390
0.014991
0.050437
0.084150
0.506290
0.022616
0.332724
0.687137
0.178745
0.002206
0.091376
0.113409
0.056682
0.275956
0.142146
0.299407
0.549229
0.155898
0.556404
0.181472
0.025337
0.000253
0.095181
0.018483
0.739621
0.933478
0.200920
0.089973
0.070268
0.104907
0.038650
0.098217
0.018400
0.297972
0.094220
0.310034
1.574544
4.992467
3.640532
2.515905
3.143396
1.914533
3.404497
1.658449
0.969880
1.593498
0.264430
1.272218
1.296566
1.530178
0.579057
1.332056
0.287304
0.535353
0.295858
0.392753
0.647387
0.324597
0.215527
0.127317
0.158434
0.150999
0.132105
0.279195
0.221405
0.166288
0.505564
0.743993
0.187508
0.012981
0.217969
0.178826
0.077763
0.029811
0.498694
0.256477
0.023537
0.049965
0.370980
0.098616
0.001788
0.256589
0.946316
0.573760
2.591563
0.299712
0.483645
0.455590
0.457906
0.057809
0.936596
0.016233
0.298207
0.081582
0.001393
0.072192
0.185008
0.476111
0.712548
0.126326
0.027658
0.000146
0.565474
0.166386
0.115813
0.119049
0.624332
0.410170
0.723306
0.662707
0.396273
1.851573
0.374934
0.137883
2.048695
2.204949
5.320609
2.290084
1.287892
0.370527
0.133447
0.009581
0.058924
0.455403
0.045047
0.003056
0.075288
1.530585
0.526363
0.011957
0.373519
0.366070
0.301654
0.040468
0.284924
0.176516
0.504407
0.419176
0.389297
0.562264
0.739184
0.034156
1.587808
0.442660
0.000079
0.051723
0.033433
0.143473
0.428348
0.037882
0.207410
0.789520
1.473988
0.568273
0.041619
1.125067
0.321347
1.922196
4.045050
0.185963
0.160027
0.702100
0.066504
0.475013
0.040418
0.385456
0.010600
1.068746
0.002999
0.705600
1.119197
0.000838
0.266632
0.000799
0.007828
0.062059
2.344894
2.804729
2.877807
4.126425
2.059633
0.720597
1.049793
1.540209
1.564764
3.015556
1.525567
4.278799
0.029295
0.807385
2.870222
0.901836
1.304501
1.268654
3.391319
0.966545
2.617795
0.802697
0.462371
1.440817
1.350805
1.154874
1.225406
0.632287
1.214907
1.443405
0.838330
0.916266
0.920464
1.136418
0.344190
0.368627
0.122876
0.166027
0.270095
0.086646
0.063237
0.082187
0.492215
0.442381
0.096370
0.317690
0.316725
0.811024
0.152426
0.186753
0.111518
0.099226
0.144556
0.101973
0.697873
0.152638
0.045645
0.012461
1.860337
0.071696
0.137535
0.692127
2.094932
3.136756
0.138651
0.046503
0.583111
1.612195
0.016655
0.226607
0.260600
0.004710
0.060090
0.361738
0.087676
0.528926
1.005594
0.563910
0.566687
0.289690
0.110695
0.203309
0.295146
0.166803
0.266125
0.310648
0.587859
0.294703
0.512505
0.064721
0.286554
0.033595
0.247698
1.006911
0.184456
0.271694
0.216708
0.629661
0.134352
0.471191
0.935249
0.227991
0.283090
1.792632
0.492716
1.210630
10.053520
3.476095
1.033039
0.334013
0.126541
0.180973
0.014831
0.286511
0.430519
0.367246
0.057948
0.534501
0.166833
0.263547
0.702305
0.336309
0.332937
0.246763
0.670565
0.104012
0.285501
0.243374
0.000345
0.181055
0.560437
0.021534
0.009369
0.000108
0.255473
8.847713
0.205139
0.368378
0.165729
0.128742
0.236107
0.087240
0.119047
0.023071
1.010089
0.604151
0.118801
0.949846
0.155122
0.009894
0.154641
1.312355
0.146015
0.098130
0.941669
0.235078
0.005579
0.980446
0.009749
0.119305
0.613633
0.101244
1.806114
0.006776
0.206969
0.222356
0.007125
0.904664
0.119628
0.398349
0.100295
0.750546
0.052810
0.519680
1.905557
0.019159
0.580257
0.714856
1.234935
17.085552
1.847092
3.446947
1.412788
0.613336
3.397929
1.730698
1.234801
0.901067
0.738021
1.317171
1.689122
1.876032
1.077067
1.132036
1.139363
1.047378
0.384281
1.210910
0.573098
0.656135
0.335031
1.044304
1.132041
0.118737
0.145322
1.410778
0.164345
0.006691
0.128448
0.445947
0.458212
0.331271
0.339018
0.172694
0.150250
0.419544
0.216229
0.084679
0.402200
1.648323
0.595056
0.491528
0.069443
0.100779
0.118844
0.270045
0.351606
0.039254
0.366423
0.139635
0.060451
0.263099
0.079648
0.585430
0.126714
0.012545
0.191554
0.641668
0.236118
0.263528
0.248928
0.807913
0.855555
0.012984
0.131601
0.289828
0.379389
0.504549
11.887865
10.071196
1.192945
1.089379
2.413920
0.571377
0.508929
0.513952
0.503782
0.191531
0.144582
0.588466
0.689176
0.762446
0.653469
0.333530
0.399878
0.161108
0.594224
0.289143
0.340949
0.553665
0.186882
0.176924
0.613848
0.368691
0.130362
0.327911
0.265605
0.009052
0.706134
0.259254
0.018697
0.984664
1.133454
0.669996
0.343580
0.129227
0.662415
6.533650
1.344248
0.230120
0.429677
0.412573
0.131944
0.092520
0.521403
0.603939
0.036349
0.541155
0.102443
0.215502
0.182970
0.019335
0.305163
0.212507
0.003598
0.552185
0.087187
0.393099
0.035620
0.161981
0.052623
0.044142
0.332412
0.161467
0.140447
1.141138
2.966101
0.947729
0.925050
0.679584
0.000126
1.747089
0.436464
0.034521
0.168902
0.042448
0.007938
0.161917
0.855434
0.069944
1.371362
9.145570
1.043905
0.533818
0.405614
0.035702
0.615546
0.252061
0.712575
0.301258
0.240038
0.020843
0.382201
0.010217
0.452916
0.033145
0.570654
0.089561
0.032845
0.176223
0.215225
0.191298
0.187451
0.115506
1.010024
0.004545
0.882471
0.165165
0.623692
0.000189
0.734844
0.247418
0.014043
1.099990
1.061291
0.414175
10.760989
2.650064
0.868423
0.703160
0.877168
0.012481
0.290303
0.178512
0.059310
0.226506
0.274916
0.010900
0.016233
0.060748
0.152005
0.809250
2.735466
3.087825
0.819447
0.243407
0.531530
0.031471
0.336315
0.550945
0.126045
0.642426
0.232217
0.078507
0.130865
0.203357
0.518831
0.088006
1.550066
0.740865
0.311694
0.042397
0.777315
0.022893
0.017435
0.056974
0.262479
0.454985
1.146990
0.276792
0.891356
0.050536
0.371768
1.256308
0.072664
0.030628
0.298634
0.765586
11.246750
10.941713
3.927550
1.116859
4.465881
1.944671
1.573652
1.822222
1.140616
0.700761
1.010502
0.374795
0.377506
1.121794
0.789081
0.223349
0.169732
0.201884
0.353165
0.013821
0.160605
0.245073
0.252527
0.291941
0.051180
0.038314
0.171228
0.204323
0.133507
0.161947
0.619825
0.356536
2.157838
0.506234
0.171306
0.108306
1.226103
1.881758
0.248950
0.255288
0.147445
0.273623
0.014605
0.299344
0.062673
0.019905
0.605451
0.077332
0.007042
0.254765
14.217566
0.402383
0.180349
0.205064
0.514772
0.237729
0.119903
0.126983
0.213518
0.073076
0.566607
0.150770
0.409715
0.374604
0.324458
0.007779
0.047663
0.430793
0.196906
0.018043
0.419697
0.264500
0.155296
0.461318
0.298180
0.530564
0.075171
0.260002
0.194100
0.407999
0.682492
0.003822
0.163000
0.186431
0.412065
0.417454
6.200970
7.401297
0.358216
3.028484
1.865166
0.645008
1.163093
0.059777
0.643520
1.773194
0.096638
0.007500
0.482870
0.269560
0.474795
0.110656
0.282673
0.139334
0.052629
0.211043
0.181020
0.560803
0.423278
0.015620
0.000747
0.134328
0.590604
0.947751
0.396533
0.541595
0.117569
1.277490
1.209122
0.012256
0.000492
0.034793
0.230506
0.868940
0.116591
0.253406
0.430650
0.004489
0.004798
0.338516
2.037944
0.438740
1.656909
1.491124
1.376402
0.244241
0.175017
0.587064
0.802835
0.068232
0.019209
1.214613
4.677757
0.325461
0.627810
0.485904
0.231742
0.170186
0.147763
0.669954
0.258469
0.199913
0.362566
0.054536
0.513946
0.468155
0.421724
0.141319
0.171147
0.361948
0.057975
0.204605
0.163384
0.031869
0.036717
0.076973
0.476190
0.286015
0.000841
0.183723
0.062892
0.419638
0.404279
0.526241
1.010235
9.613815
6.156899
1.711252
0.105269
1.830997
1.484525
1.035017
1.548127
0.270237
0.084387
0.191929
0.499790
0.070113
0.521032
0.133080
0.192848
0.256702
0.086756
0.265995
0.491497
0.501886
0.055969
0.389285
0.080271
0.353729
0.589424
0.351067
0.304421
0.068696
0.073009
0.223201
0.223173
0.103526
0.014366
0.368102
0.395671
0.111810
0.302248
0.070814
1.428850
4.652775
0.117038
0.358207
0.362502
0.010896
0.511005
0.715746
0.129718
0.492154
0.000188
0.121452
0.026199
0.368453
0.092566
0.207390
1.006288
0.137920
0.362226
0.000442
0.120507
0.067943
0.203757
0.821429
0.004700
0.612645
0.108998
0.193937
0.449861
1.279855
2.424005
0.691486
0.153192
0.596325
0.201983
0.002105
0.235810
0.032012
0.017156
0.350730
0.480018
6.458055
2.016416
0.220492
0.156705
0.843187
0.020464
0.023955
0.529706
0.009062
0.456257
0.089180
0.200280
0.000823
0.150305
0.412106
0.218162
0.316976
0.269767
1.026887
0.845012
4.206927
1.118000
0.373835
0.912616
0.031790
1.113960
0.149697
0.831266
0.152998
0.508390
0.103634
0.182073
0.109175
0.470239
0.600105
0.132722
0.713521
0.036338
0.003207
0.006392
0.490195
0.864662
0.593350
0.428387
1.284988
0.215261
0.224343
0.000006
0.928154
2.245886
2.361988
0.648597
0.362484
0.231596
0.377320
0.115151
0.293592
0.693080
0.938489
0.135238
0.657843
0.242414
1.807185
1.011655
1.606551
2.454564
0.205540
0.547736
1.122726
2.729495
0.411030
2.437387
1.021188
24.596125
5.024255
1.124542
1.302032
0.300650
0.196057
0.026701
0.000445
0.247362
0.209534
0.071779
0.359652
0.236013
0.479222
0.550098
0.456467
0.220295
0.130321
0.284226
0.014938
0.029554
0.145380
0.314147
0.306730
0.109366
0.128468
0.002470
0.067218
0.384341
0.202338
0.061776
0.865359
0.014928
0.035337
0.272532
0.019151
0.002281
0.182711
0.120630
0.207844
0.696879
0.729595
1.516403
4.073451
21.630421
1.093580
0.197693
0.364512
0.018775
0.022935
0.323503
0.218391
0.742737
0.084496
0.656808
0.006269
0.056663
0.070410
0.099531
0.143798
0.427471
0.063667
0.720680
0.391968
1.066629
0.631028
17.430286
11.711901
1.630264
1.108858
0.507441
0.196512
0.063899
0.695022
0.047844
0.160184
0.325953
0.268192
1.039578
0.434094
0.587989
0.041777
0.015300
0.876940
0.250488
0.272585
2.011146
0.040726
0.609452
0.029704
0.000265
0.633716
0.001026
0.389933
0.264909
0.140772
5.808229
1.689315
0.122015
1.381959
0.157658
0.002056
0.214484
0.492925
0.281975
0.908774
0.702424
0.001684
0.001023
0.637929
0.629301
0.545234
7.721350
2.267393
0.153462
0.624808
0.000262
0.202557
1.933753
0.479783
0.098043
0.010524
0.571037
0.397219
0.000064
0.597751
0.000041
1.328332
0.623030
0.493654
0.681279
35.208530
2.989289
1.769856
0.628851
1.536154
1.711537
1.509599
0.616007
1.521272
0.654624
1.650632
0.066100
0.670612
0.440364
0.114536
0.029277
0.245562
0.292533
0.152308
0.542337
0.238463
0.079342
0.349438
1.130177
0.555168
0.103739
0.006786
0.158866
0.224794
0.045613
0.134389
0.109025
1.028176
0.402871
0.017862
0.185250
0.328544
0.379649
0.234875
0.006879
0.207034
0.531780
0.038301
0.043075
0.308080
0.505487
1.274636
0.394123
0.307310
3.420454
0.070890
0.291647
0.456156
0.151366
0.053716
0.259834
0.062044
0.709002
0.408624
3.045681
0.397347
0.433709
0.002881
2.583186
1.499593
9.721423
14.764161
1.202719
0.256737
0.232072
1.295123
0.419001
0.372634
0.078586
0.737291
0.099895
0.169205
0.032404
0.262774
0.079215
0.029130
0.121291
0.388057
0.350671
0.426620
0.384548
1.059644
0.192185
0.477006
0.060637
0.132882
0.916505
0.791897
1.821917
0.291789
0.690240
0.544432
0.167390
1.055504
0.092232
3.856987
3.097742
5.514677
0.658514
0.016057
0.239474
0.338312
0.132428
0.139715
0.888469
0.344130
0.304832
0.077766
0.008062
0.503661
0.073582
0.010490
