2.521475
3.263791
2.869037
2.278096
2.019207
2.139772
2.135977
2.031031
2.105490
2.126696
2.141047
2.116429
2.089098
2.071889
2.061485
1.987148
1.967006
2.117652
2.121217
1.937984
2.027713
2.103261
1.923797
2.056988
1.838709
1.837244
2.068911
2.093532
2.151755
2.059172
1.952985
1.872760
1.973170
2.140697
1.786333
2.059971
1.977773
2.040685
2.105367
2.093496
2.028421
2.203869
1.871073
2.072290
1.896826
2.100744
2.122699
2.106259
2.115352
2.034339
1.910013
1.951234
1.958985
1.772091
1.927436
1.989521
1.744510
1.669853
2.037113
1.922134
1.937409
1.880169
1.824968
1.896726
1.982070
1.808812
1.908772
1.802765
1.965997
1.996121
2.168869
1.686329
1.845436
2.110341
1.889381
2.012000
1.937188
1.868361
2.070568
1.813266
1.914744
1.969211
1.727345
1.826979
2.142226
1.950811
1.842587
1.901148
1.735251
1.839710
1.977185
1.934687
2.300418
1.844976
1.991239
1.706766
2.089302
2.059008
1.888068
1.757870
1.960311
1.869573
1.700828
1.960141
1.761535
1.894152
1.990813
1.748318
1.718711
1.907261
1.881693
2.024408
2.106044
1.746957
1.759390
1.840076
2.032630
1.756532
1.867670
2.097783
1.820365
1.744207
2.049649
1.767583
2.120244
1.904701
1.892956
1.849597
1.865193
1.779217
1.679824
1.870347
1.968028
1.911738
1.712636
1.794978
1.959017
1.985316
1.946222
1.879520
1.795892
1.793021
1.853781
1.948561
1.798633
1.761145
1.851078
1.891258
1.771839
1.784633
1.770975
2.080927
1.811669
2.139181
2.074634
1.929225
1.732808
1.804738
1.804348
1.920340
1.972287
1.680553
2.135412
1.799332
1.858262
2.106109
1.782148
1.967784
1.638819
1.785814
1.967679
1.773540
1.740253
1.801718
2.016846
1.785345
1.879169
1.765012
1.995540
2.024157
1.771486
2.100078
1.914347
1.855481
1.771975
2.133794
1.776902
1.786128
1.782249
1.827062
1.914578
1.928866
1.744164
1.845299
1.734166
1.830602
1.712565
1.795156
1.717529
1.880748
1.734147
1.788970
1.646067
1.949275
1.848413
1.940353
1.740985
1.835368
2.014708
1.930747
1.791186
1.781212
1.782992
1.745560
1.949873
2.032572
1.663752
1.703927
1.896862
1.844193
1.610247
1.893658
1.903613
1.753716
2.059399
1.897920
1.758491
1.962618
1.961693
1.712501
1.950676
1.650095
1.846699
1.643064
1.769274
1.696455
1.683979
1.751644
1.662262
1.859177
1.706116
1.812980
1.649076
1.884919
1.754272
1.780642
1.834409
1.617929
1.665919
1.748138
1.725961
2.014364
1.849450
1.645942
1.745939
1.818043
1.981610
2.229213
1.704276
1.734016
1.716162
1.862024
2.050413
1.824336
1.764993
1.733296
1.665577
1.786757
1.683693
1.870721
1.905102
1.797931
1.787255
1.641371
1.784307
1.843896
1.791281
1.723290
1.959451
1.805433
1.639717
1.890092
1.774861
1.645458
1.864459
1.984769
1.837509
1.704148
1.997535
1.879067
1.795602
1.646721
2.053314
1.915433
1.674414
2.088832
1.961855
1.745915
1.938565
1.839205
1.996431
1.942270
1.908309
1.839393
1.811526
1.766174
1.779926
1.868115
2.007083
1.757483
1.762754
1.822229
1.947557
1.938595
1.895671
2.007289
1.838926
1.796533
1.651963
1.853761
1.877694
1.565000
1.875117
1.894235
1.756226
1.758577
1.712851
1.908116
1.675256
1.903140
1.747620
1.893946
1.708073
1.805474
1.898899
1.922287
1.827898
1.870373
1.662385
1.712616
1.635394
1.747123
1.726959
1.671466
1.808187
1.637974
1.851092
1.898274
1.742087
1.881292
2.181853
1.700198
1.971610
1.804673
1.632390
1.724651
1.755470
1.769499
1.409569
1.796964
1.806156
1.848129
1.941106
1.756578
1.683586
1.805791
1.634064
1.993670
1.831690
1.689323
1.710102
1.866305
1.835946
1.805156
1.821592
1.853742
2.006971
1.773016
1.810380
1.804215
1.727437
1.788792
1.639500
1.809567
1.728845
1.921903
1.745991
1.837396
1.900130
1.868365
1.739048
1.737347
2.002799
1.752811
1.645057
1.851427
1.604164
1.781669
1.812019
1.956357
1.993233
1.747142
2.028481
1.886519
1.752821
1.698717
1.951120
1.726095
1.707118
1.556987
1.774859
1.723086
1.989143
1.912627
1.616402
1.873326
1.678384
2.031683
1.803860
1.789852
1.770385
2.030302
1.752430
1.778376
1.853316
1.582749
1.862785
2.029777
1.894292
1.979722
2.099423
1.844241
1.640818
1.783349
1.662779
1.747491
1.958394
1.805636
1.550546
1.731346
1.738518
1.780662
1.821948
1.744688
1.827442
1.637054
1.775893
1.889967
1.673167
1.785851
1.825648
1.825026
1.935992
1.763370
1.655450
1.806814
1.838177
1.572429
1.614590
1.757049
1.683734
1.497914
1.806242
1.552079
1.587432
1.897871
1.675491
1.675863
1.734415
1.888825
1.600592
1.847319
1.613624
1.878594
1.719276
1.798769
1.723197
1.833130
1.763770
1.927733
1.884657
1.814975
1.933471
1.772749
1.716188
1.685330
1.625080
1.690834
1.792420
1.681974
1.700961
1.868345
1.928257
1.583793
1.570045
1.905001
1.748327
1.589293
1.703573
1.615506
1.664928
1.628659
1.897851
1.678762
1.959917
1.703766
1.842302
1.614132
1.655652
1.599206
1.653362
1.729690
1.929320
1.831710
1.865828
1.538012
1.833458
1.886670
1.660149
1.827303
1.814955
1.550094
1.720741
1.644750
1.905701
1.724176
1.762751
1.861291
1.895183
2.061248
1.786969
1.920264
1.777535
1.843670
1.898275
1.885540
1.778962
1.473066
1.711882
1.592028
1.673447
1.767663
1.678814
1.785785
1.856076
1.814216
1.897639
2.001884
1.735513
1.914326
1.701608
1.873238
1.972175
1.712196
1.597891
1.800540
1.919780
1.730757
1.826690
1.951192
1.862085
1.819240
1.758396
2.032143
1.596534
1.729187
1.760369
1.775292
2.064568
1.827458
1.672607
1.876849
1.726515
1.840700
1.791120
1.817761
1.905784
1.572069
1.860119
1.846263
1.857246
1.742741
1.994519
1.926041
2.104913
1.798791
1.713267
1.725472
2.263096
1.653957
1.698336
1.752143
1.529588
1.733268
1.792691
1.560719
1.747766
1.752063
1.704205
1.954487
1.825162
1.927093
1.852062
1.996082
1.509860
1.999964
1.683366
1.925461
1.856105
1.987664
1.927468
1.760464
1.788475
1.642719
1.670140
1.701850
1.796827
1.826794
1.755284
1.704545
1.669296
1.692102
1.774659
1.759276
1.803725
1.837904
1.670062
1.826973
1.803488
1.695164
1.676331
1.676471
1.858363
1.859647
1.892563
2.084241
1.848674
1.884121
1.682855
1.854734
1.741259
1.768530
1.503875
1.681854
1.935955
1.606146
1.665506
1.680074
1.658778
1.758880
1.739532
1.693370
1.635524
1.466477
1.803401
1.596302
1.754908
1.631815
1.775888
1.591441
1.964172
1.878878
1.862087
1.853027
1.797069
2.067659
1.610114
1.705246
1.597114
1.705940
2.052822
1.741487
1.697610
1.618154
1.774382
1.683449
1.903141
1.786131
1.928045
1.773272
1.789759
1.525895
1.964858
1.598931
1.615004
1.682738
1.724871
1.689740
1.766159
1.668460
1.794371
1.570306
1.743561
1.807693
1.712433
1.765634
1.789600
2.100792
1.950849
1.744477
1.651498
1.621296
1.956235
1.651167
1.783393
1.691143
1.662581
1.832417
1.730788
1.608562
1.790270
1.735335
1.852683
1.552289
1.822864
1.626716
1.714554
1.826170
1.801396
1.817173
1.786017
1.682444
1.902202
1.652888
1.866239
1.612929
1.735396
1.681099
1.715983
1.678794
1.743456
1.923711
1.656538
1.600364
1.519945
1.952621
2.138683
1.708614
1.894590
1.733771
1.809533
1.819965
1.849645
1.892716
1.731468
1.721412
1.815513
1.737981
1.786361
1.905495
2.030976
1.830391
1.995585
1.835519
1.609486
1.788260
1.833715
1.912741
1.718198
1.868589
1.766586
1.703225
1.770247
1.802872
2.083442
1.821596
1.673153
1.671993
1.659713
1.633694
1.805781
1.916441
1.657006
1.510956
1.718997
1.738406
1.659757
1.743183
1.731931
1.705462
1.574466
1.737494
1.780937
1.702037
1.720654
1.779609
1.655487
1.826711
1.826642
1.466977
1.644880
1.896087
1.680088
1.929261
1.684260
1.612581
1.625045
1.609726
1.722456
1.674574
1.662735
1.929097
1.764875
1.715409
1.733221
1.811584
1.660707
1.729380
1.662279
1.871009
1.797162
1.723576
1.828444
1.721726
1.599782
1.685225
1.866769
1.744543
1.845667
1.540958
1.589390
1.638629
1.694496
1.945395
1.853650
1.811006
1.643924
1.812443
1.568492
1.599314
1.907777
1.813690
1.990810
1.856552
1.729704
1.865125
1.715181
1.731119
1.770374
1.597938
1.746121
1.854191
1.634615
2.044398
1.856234
1.952590
1.747924
1.913954
1.713423
1.789615
1.506333
1.706955
1.782337
1.805088
1.627728
1.642612
1.946145
1.509095
1.544913
1.824918
1.717025
1.549732
1.973800
1.776756
1.761212
1.686543
1.482033
1.876357
1.864876
2.019769
1.765622
1.770216
1.576510
2.074239
1.900220
1.692531
1.782871
2.041651
1.772135
1.740308
1.788721
1.687953
1.594328
2.058409
1.762032
1.804439
1.649760
1.776590
1.590907
1.682814
1.876430
1.690452
1.810711
1.887233
1.759493
1.687334
1.894391
1.457165
1.794365
1.734594
1.681747
1.880340
1.681592
1.658378
1.715408
1.843763
1.536427
1.779822
1.950111
1.682957
1.840576
1.794891
1.810153
1.847258
1.873287
1.655200
1.632764
1.708308
1.873164
1.686367
1.564883
1.878285
1.714997
1.687669
1.594259
1.798440
1.677478
1.637464
1.817097
1.605722
1.817683
1.628859
1.832460
1.760361
1.701671
1.689135
1.800554
1.621165
1.857201
1.683714
1.890661
1.655597
1.747591
1.746486
1.584967
1.722369
1.683651
1.747972
1.787092
1.865621
1.862294
1.633077
1.892473
1.499458
1.809653
1.607747
1.839178
1.575671
2.073649
1.828628
1.751752
1.811376
1.665692
1.665901
1.760674
1.754296
1.829689
1.790580
1.786416
1.870641
1.793895
2.000406
1.698916
1.644571
1.933452
1.896325
1.835647
1.973256
1.808466
1.758981
1.675643
1.861908
1.561288
1.791168
1.612724
1.670296
1.647777
1.606625
1.712255
1.844543
1.653668
1.847313
1.750113
1.614235
1.648749
1.838410
1.737781
1.838578
1.455381
1.506992
1.752008
1.945172
1.650007
1.681471
1.791695
2.006201
1.678172
1.832181
2.057219
1.885602
1.653405
1.683765
1.679333
1.879512
1.792405
1.755216
1.819235
1.751690
1.702099
1.818560
1.654456
1.484959
1.662979
1.731183
1.416490
1.655949
1.877580
1.563485
1.920254
1.482755
1.748403
2.182532
1.613605
1.868664
1.763981
1.814489
1.562186
1.843455
1.738554
1.744111
1.631989
1.834927
1.678190
1.735965
1.730546
1.628107
1.680675
1.645022
1.771310
1.717080
1.873488
1.799461
1.686925
1.548683
1.987300
1.669940
1.693271
1.747939
1.449321
2.161553
1.639582
1.761963
1.690727
1.664266
1.512520
1.566991
1.600227
1.874635
1.681109
1.640175
1.896435
1.795337
2.023516
1.669899
1.475963
1.569529
1.766129
1.646615
1.816959
2.035595
1.713142
1.884089
1.787887
1.787661
1.861542
1.722048
1.809566
1.737101
1.728665
1.547503
1.552562
1.693208
1.981206
1.841188
1.573540
1.711335
1.923309
1.846142
1.763131
1.844910
1.709939
1.596960
1.632480
1.737212
1.621171
1.602080
1.680256
1.785498
1.697232
1.477223
1.769135
1.972743
1.840202
1.903928
1.716492
1.725232
1.693826
1.762343
1.943857
2.011918
1.569175
1.926088
1.997344
1.590622
1.700026
1.767937
1.518898
1.876722
1.727876
1.626583
1.832009
1.698718
1.612130
1.648637
1.537975
1.726279
1.736769
1.643978
1.927756
1.517531
1.709651
1.612167
1.801873
1.537894
1.592211
1.640806
1.756757
1.883969
1.778358
1.516979
1.615038
1.798664
1.897268
1.546473
1.667250
1.692602
1.931719
1.895123
1.775288
1.532194
1.585306
1.624304
1.776158
1.806402
1.753498
1.837902
1.661912
1.865360
1.680494
1.979965
1.631190
1.850549
1.698872
1.662874
1.540614
1.712209
1.973481
1.837672
1.752083
1.664688
1.364450
1.772764
1.462444
1.689284
1.641680
1.633458
1.445748
1.614540
1.755753
1.698494
1.491855
1.862375
1.519741
1.815599
1.707458
1.938333
1.691713
1.672325
1.950998
1.942871
1.791981
1.969304
1.584864
1.552940
1.887596
1.686624
1.632174
1.746805
1.650391
1.678502
1.684901
1.607462
1.697827
1.751378
1.588779
1.584737
1.786485
1.645163
2.018982
1.899061
1.491885
1.853658
1.771210
1.785054
1.631634
1.678703
1.983853
1.751725
1.719770
1.823498
1.774175
1.538607
1.589303
1.821071
1.821898
1.681691
1.790389
1.694106
1.968243
1.780958
1.712728
1.518377
2.021821
1.678030
1.534342
1.568028
1.959141
1.771406
1.930699
1.751155
1.738640
1.701779
1.665760
1.702893
1.612709
1.812942
1.833047
1.740469
1.681615
1.583385
1.832325
1.510947
1.623565
1.588174
1.729584
1.688959
1.870764
1.812251
1.637972
1.638158
1.509220
1.767344
1.865728
1.616140
1.919468
1.673841
1.747650
1.657326
1.644924
1.855159
1.878687
1.909905
1.586930
1.674597
1.905828
1.682982
2.092273
1.640852
1.633213
1.781468
1.806028
1.519029
1.790327
1.722672
1.587235
1.568991
1.653731
1.655834
1.676929
1.450105
1.772522
1.529575
1.676611
1.885311
1.740683
1.750031
1.965759
1.985310
1.629731
1.389854
1.697632
1.624807
1.477946
1.857089
1.787055
1.624303
1.621471
1.716514
1.808727
1.737340
1.789588
1.458048
1.792034
1.537220
1.682321
1.667355
1.557507
1.744858
1.923758
1.455525
1.726179
1.992373
1.695569
1.707886
1.800457
1.561648
1.792837
1.845042
1.748682
1.725677
1.641831
1.978281
2.186693
1.706937
1.712015
1.696715
1.965036
1.780724
1.467381
1.761767
1.685062
1.685944
1.724055
1.963113
1.736208
1.709215
1.833203
1.638747
1.545239
1.841935
2.009546
1.645129
1.696024
1.840152
1.412163
1.616124
1.771593
1.620476
1.687397
1.868651
1.785713
1.713637
1.736806
1.554401
1.576714
1.739589
1.576153
1.781803
1.675578
1.692450
1.649791
1.833507
1.503607
1.608057
1.644828
1.620821
1.825248
1.757294
1.628815
1.890202
1.484774
1.480828
1.596663
1.735078
1.824409
1.583750
1.667112
1.706739
1.767166
1.536088
1.776362
1.943391
1.900998
1.616464
1.761785
1.560431
1.963813
1.545130
1.874179
1.750572
1.696179
1.686260
1.626695
1.468090
1.524523
1.884291
1.681869
1.667817
1.704657
1.543774
2.053995
1.563693
1.815037
1.730924
1.586295
1.599648
1.620754
1.962434
1.819082
1.849936
1.743472
1.401707
1.846670
1.595684
1.712427
1.621430
1.918273
1.838157
1.976102
1.601512
1.808322
1.723989
1.768712
1.769782
1.937176
1.565851
1.791793
1.634941
1.791530
1.694599
1.833961
1.742693
1.639390
1.715904
1.754961
1.736256
1.728837
1.670774
1.617568
1.541834
1.490150
1.516507
1.618249
1.993698
1.875300
1.665383
1.757670
1.644672
1.710072
1.849817
1.723493
1.944563
1.871131
1.687697
1.844553
1.659448
1.489536
1.670630
1.894853
1.537508
1.747432
1.824873
1.698942
1.522967
1.607661
1.729238
1.803673
1.707069
1.624514
1.721496
1.710556
1.965788
1.741163
1.892430
1.557165
1.675165
1.525612
1.709421
1.655830
1.868484
1.798501
1.779781
1.536129
1.819661
1.641992
1.680658
1.657937
1.538954
1.662689
1.644606
1.666850
1.789007
1.605626
1.637760
1.897647
1.753864
1.571232
1.772135
1.690479
1.669534
1.684618
1.881359
1.428718
1.854515
1.717220
1.826566
1.647682
1.534719
1.717612
1.525911
1.889591
1.603511
1.659493
1.699969
1.521906
1.795763
1.513535
1.555457
1.630757
1.763398
1.535984
1.742341
1.808723
1.665739
1.945713
1.802429
1.494974
1.665956
1.786284
1.768208
2.022196
1.564435
1.618877
1.655935
1.495215
1.503381
1.488100
1.820104
1.684911
1.946385
1.944593
2.065885
2.310696
1.638813
1.650379
1.633535
1.719957
1.505038
1.771030
1.714504
1.770588
1.984817
1.549513
1.820158
1.586246
1.688774
1.887405
1.537322
1.767248
1.714836
1.609640
1.544803
1.599809
1.705145
1.998044
1.639425
1.657108
1.759786
1.947301
1.664068
1.765437
1.777346
1.585318
1.616057
1.732046
1.741774
1.777749
1.731875
1.600142
1.715630
1.819361
1.651957
1.534719
1.487472
1.554037
1.683350
1.688112
1.761622
1.809303
1.804875
1.870244
1.555327
1.737258
1.663638
1.781259
1.938507
1.511564
1.683026
1.699512
1.430771
1.680458
1.658389
1.609527
1.836067
1.674498
1.884039
1.839882
1.727971
1.692124
1.777506
1.509573
1.872436
1.736598
1.591988
1.766619
1.916422
1.570806
1.774174
1.667642
1.783822
1.528827
1.527866
1.722974
1.697767
1.592439
1.722696
1.595178
2.187871
1.819211
1.573356
1.836160
1.502210
1.683454
1.676187
1.494870
1.886348
1.726650
1.683899
1.702271
1.890085
1.618609
1.804572
1.704404
1.657400
1.775048
1.911968
1.581430
1.593014
1.565980
1.702063
1.886402
1.761445
1.541620
1.687062
1.485837
1.612869
1.657603
1.719746
1.672260
1.668064
1.863765
1.887197
1.579483
1.781320
1.444433
1.655751
1.594971
1.461288
1.533785
1.866748
1.603354
1.599387
1.810100
1.803961
1.679924
1.700527
1.891551
1.699523
1.617687
1.881742
1.770187
2.036333
1.701794
1.709233
2.033971
1.902408
1.931969
1.736388
1.720106
1.729008
1.815558
1.711766
1.580343
1.505095
1.794622
1.683018
1.989912
1.733238
1.465205
1.646732
1.688901
1.494562
1.706526
1.731834
1.470855
1.802670
1.605080
1.784689
1.552950
1.577083
1.809826
1.807229
1.718801
1.671169
1.724967
1.463830
1.512679
1.421854
1.637258
1.668716
1.782633
1.771887
1.622721
1.839982
1.603936
2.043720
1.646281
1.537522
1.866176
1.532246
1.671279
1.478716
1.606041
1.719818
1.822627
1.595514
1.650340
1.969314
1.767113
1.633505
1.717425
1.440820
1.683791
1.527590
1.570115
1.636528
1.747255
1.686122
1.672417
1.704354
1.715744
1.811146
1.589590
1.788620
1.899724
1.714593
1.742175
1.584060
1.602119
1.651919
1.708247
1.834978
1.821805
1.603208
1.761393
1.798698
1.643911
1.595190
2.002922
1.578979
1.858347
1.719039
1.655158
1.766293
1.577669
1.728370
1.562535
1.839773
1.746530
1.709879
1.685996
1.666407
1.985940
1.672359
1.932722
1.554879
1.546448
1.782225
1.787610
1.984842
1.651209
1.881591
1.734110
1.626347
1.952691
2.025722
1.702275
1.818103
1.745716
1.835917
1.531125
1.645201
1.635533
1.433505
1.622771
1.739687
1.746513
1.924762
1.678586
1.786791
1.723150
2.071448
1.938591
1.696372
1.572369
1.730454
1.726931
1.679342
1.752181
1.780759
1.609721
2.206831
1.638866
1.667048
1.515279
1.607654
1.509065
1.777954
1.805744
1.835931
1.786010
1.552639
1.547997
1.799320
1.866859
1.635246
1.762409
1.646773
1.588468
1.686439
1.833553
1.732864
1.867209
1.971785
1.736802
2.012117
1.673701
1.922530
1.773466
1.654319
1.578894
1.557717
1.805435
1.699981
1.471891
1.569049
1.979978
1.567093
1.726229
1.669742
1.583469
1.676406
1.619748
1.743382
2.042089
1.662186
1.581259
1.730353
1.788520
1.643992
1.894218
1.836361
1.671182
1.722498
1.523703
1.549447
1.731735
1.883302
1.485933
1.679322
1.544884
1.597465
1.856454
1.623019
1.643712
1.698219
1.634843
1.671542
1.670878
1.820811
1.732805
2.086295
1.577540
1.631375
1.850847
1.788498
1.456912
2.022443
1.627115
1.783706
1.780529
1.873529
1.489671
1.733320
1.589332
1.656653
1.673767
1.720287
1.610129
1.609035
1.620721
1.497632
1.834546
1.674780
1.984413
1.656109
1.614721
1.586829
1.804718
1.735792
1.774029
1.770383
1.529643
1.758964
1.575042
1.733541
1.719919
1.473795
1.652167
1.803805
1.549998
1.954432
1.626308
1.833713
1.706112
1.611263
1.646695
1.701515
1.787256
1.784795
1.735582
1.843068
1.773893
1.933254
1.627523
1.647832
1.801812
1.842592
1.482078
1.619650
1.681706
1.559708
1.617983
1.903839
1.782147
1.533116
1.620530
1.688843
1.824371
1.517785
1.668974
1.838369
1.539780
1.573317
1.647678
1.589846
1.662316
1.772851
2.044681
1.559345
2.049000
1.753291
1.486484
1.561981
1.574382
1.717387
1.747582
1.745826
1.450853
1.584774
1.863967
1.922534
1.866511
1.693901
1.618903
1.924498
1.824696
1.658290
1.786655
1.599366
1.972763
1.547890
1.675536
1.656862
1.718563
1.739867
1.727545
1.584774
1.693288
1.765077
1.876858
1.709678
1.513641
1.632986
1.639206
1.890815
1.576096
1.537120
1.626764
2.116324
1.534676
1.496342
1.704249
1.934578
1.711515
1.618884
1.630605
1.597054
2.131399
1.565786
1.407617
1.531399
1.905249
2.003647
1.670590
1.612537
1.706774
1.743779
1.629986
1.388897
1.769825
1.688276
1.732307
1.656015
1.763834
1.629579
1.721446
1.849572
1.910099
1.473297
1.910614
1.782830
1.684421
1.523021
1.857804
1.540756
1.737264
1.542563
1.688106
1.718649
1.720851
1.655548
1.773139
2.073489
1.672499
1.904110
1.735026
1.645331
1.570297
1.598505
1.739908
1.661848
1.601739
1.826698
1.553835
1.990541
1.765781
1.659700
1.696866
1.913901
1.738027
1.664622
1.480726
1.697761
1.697316
1.579491
1.742598
1.647433
1.735849
1.627345
1.993376
1.792939
1.581607
1.793848
1.725921
1.470030
1.863243
1.620410
1.650890
1.525377
1.641213
1.546374
1.871712
1.531529
1.649951
1.744136
1.543152
1.555778
1.940559
1.697995
1.632541
1.924381
1.686638
1.561153
1.724165
1.681113
1.602883
2.201074
1.458610
1.830405
1.540213
1.769354
1.734801
1.711746
1.797709
1.820194
1.619647
1.455186
1.658990
1.397372
1.523317
1.619565
1.438128
1.556033
1.674204
1.807748
1.635124
1.641745
1.598958
1.553286
1.863194
1.707057
1.574911
1.623214
1.884413
1.747357
1.552324
1.767908
1.515807
1.845313
1.685718
1.896821
1.578458
1.634921
1.632738
1.783425
1.645813
1.776002
1.435425
1.687414
1.776593
1.583059
1.603371
1.543065
1.445352
1.621039
1.765248
1.813232
1.671523
1.770134
1.779484
1.574368
1.533488
1.501993
1.888897
1.681096
1.551705
1.811750
1.629468
1.706836
1.703666
1.531157
1.723018
2.071043
1.915512
1.665327
1.463964
1.613460
1.655596
1.886426
1.775249
1.621050
1.874736
1.662342
1.535371
1.796508
1.792701
1.548825
1.732115
1.489994
1.729823
1.721314
1.948696
1.732546
1.736152
1.635201
1.540841
1.596944
1.725448
1.840879
1.623239
1.881551
1.581023
1.714073
1.572871
1.734780
1.749572
1.703347
1.691906
1.754419
1.525379
1.472356
1.778977
1.738619
1.601233
1.769395
1.666437
1.788858
1.700110
1.793071
1.562963
1.563050
1.786835
1.460784
1.702193
1.680987
1.742496
1.507277
1.765095
1.911113
1.826333
1.710796
1.782724
1.591542
1.602643
1.917067
1.695941
1.825607
1.880334
1.858109
1.682815
1.811997
1.558656
1.830501
1.618954
1.549865
1.669937
1.485412
2.071956
1.878680
1.689921
1.912322
1.888911
1.969786
1.652371
1.963701
1.792422
1.420299
1.865195
1.571859
1.648946
1.673954
1.865347
1.613002
1.381808
1.677631
1.519334
1.839494
1.791065
1.809154
2.047209
1.803651
1.656555
1.687772
1.676911
1.814215
1.819742
1.646911
1.744821
1.662871
1.789172
1.668378
1.617546
1.800859
1.477131
1.907856
1.634463
1.951420
1.600269
1.433476
1.478745
1.602202
1.809864
1.574253
1.784998
1.488018
1.863418
2.036335
1.634290
1.686858
1.570559
1.645210
1.645521
1.644934
1.558128
1.632453
1.844849
1.624234
1.899170
1.619419
1.688243
1.777360
1.789565
1.621125
1.728874
1.777657
1.747429
1.637529
1.407653
1.607442
1.693578
1.792996
1.831405
1.826526
1.572062
1.689985
1.695509
1.532462
1.692978
1.750981
1.552273
1.622559
1.591837
1.527546
1.818139
1.607766
1.537462
1.920208
1.511648
1.606147
1.670223
1.889043
1.711801
1.760779
1.688105
1.593174
1.823869
1.443262
1.721298
1.577257
1.673628
1.655740
1.563999
1.863674
1.604699
1.526418
1.751466
1.444308
1.748485
1.754732
1.582389
1.631824
1.446043
1.562841
1.703314
1.733864
1.714981
1.584532
1.678363
1.525208
1.711470
2.050526
1.837848
1.626716
1.426673
1.581909
1.802824
1.789232
1.855115
1.471828
1.750357
1.732271
1.679186
1.877211
1.840840
1.633474
1.867938
1.700543
1.431857
1.829827
1.535625
1.703574
1.747146
1.705636
1.616399
1.613138
1.450406
1.572678
1.405196
1.551204
1.537582
1.625809
1.557433
1.652551
1.745901
1.716606
1.698694
2.173168
1.493198
1.989657
1.617452
1.936352
1.996364
1.482634
1.763157
1.771381
1.589574
1.598380
1.681807
1.479535
1.692232
1.805645
1.700140
1.709939
1.730356
1.789422
1.610661
1.622135
1.690184
1.500459
1.623173
1.819345
1.625105
1.797127
1.707059
1.476302
1.602700
1.575231
1.651835
1.477864
1.560406
1.593011
1.827091
1.668800
1.614806
1.731389
1.575351
1.539954
1.648205
1.904881
1.663898
1.514480
1.544867
1.439268
1.697825
1.651634
1.712423
1.895106
1.796488
1.781327
1.670669
1.567661
1.721792
1.610756
1.720954
1.969784
1.866483
1.660652
1.591966
1.789928
1.649749
1.362795
1.675103
1.605142
1.736771
1.743747
1.758561
1.689144
1.734426
1.755696
1.642768
1.661149
1.950271
1.702102
1.812762
1.666101
1.519183
1.578685
1.694601
1.940976
1.903087
1.571201
1.564762
1.581634
1.663137
1.579078
1.599073
1.868208
1.890829
1.581138
1.691518
1.804999
1.379393
1.678905
1.671965
1.797171
1.744905
1.793868
1.756603
1.737629
1.579937
1.468155
1.776596
1.692392
1.830679
1.627704
1.581109
1.467272
1.394034
1.680949
1.724916
1.612266
1.533195
1.673820
1.824986
2.038152
1.665919
1.713517
2.035142
1.684103
1.786261
1.956103
1.756474
1.622052
1.731550
1.533526
1.684304
1.755494
1.887815
1.479256
1.830417
1.508392
1.649004
1.915113
1.767107
1.938252
1.670804
2.046329
1.699497
1.852479
1.888083
1.611037
1.529660
1.440702
1.520342
1.639186
1.592180
1.578113
1.700266
1.600676
1.766712
1.809527
1.868440
1.463154
1.684702
1.690428
1.830971
1.643215
1.762444
1.646808
1.570230
1.540281
1.896152
1.548852
1.965096
1.718997
1.522080
1.599751
1.981235
1.678775
1.460934
1.791073
1.619852
1.632807
1.759742
1.340199
1.394336
1.706873
1.503041
1.593434
1.633141
1.619107
1.813677
1.699886
1.756604
1.634913
1.667601
1.457201
1.765955
1.647088
2.054016
1.747366
1.738609
1.660493
1.762264
1.677948
1.607343
1.578415
1.831931
1.731559
1.777419
1.699126
1.924338
1.715433
1.664677
1.914191
1.655490
1.640041
1.561421
1.694708
1.716800
1.740778
1.845803
1.482893
1.801538
1.722663
1.806970
1.761124
1.652869
1.701735
1.561825
1.469585
1.807787
1.638397
1.583697
1.953628
1.651642
1.772615
1.611526
1.442414
1.914067
2.072032
1.512135
1.581719
1.813386
1.514274
1.650035
1.638999
1.714378
1.798413
1.934866
1.605602
1.466714
1.936951
1.464577
1.776171
1.663633
1.679940
1.571263
1.844202
1.815509
1.716528
1.797040
1.597561
1.857016
1.602278
1.588051
1.716284
1.905967
1.701541
1.729271
1.594919
1.760164
1.634232
1.691508
1.577609
1.433595
1.553070
1.856248
1.674416
1.740613
1.891905
1.562186
1.699473
1.535547
1.592484
1.857156
1.678542
1.623991
1.445804
1.626607
1.642059
1.724323
1.714668
1.644181
1.427838
1.611517
1.664984
1.799093
1.757216
1.660763
1.649929
1.797658
1.542607
1.652099
1.614056
1.410577
1.978821
1.618695
1.463302
1.765767
1.698123
1.946997
1.888560
2.072659
1.635641
1.732916
1.609313
1.728847
1.681166
1.937727
1.619506
1.775972
1.458467
1.570457
1.548877
2.035237
1.516344
1.616882
1.569207
1.768229
1.627646
1.589452
1.979547
1.838999
1.712063
1.751271
1.664960
1.731215
1.483065
1.510371
1.768990
1.810606
1.905247
1.766521
1.590316
1.451339
1.739762
1.597366
1.996503
1.708171
1.506123
1.432620
1.721741
1.618324
1.878995
1.688918
1.561594
1.602009
1.691266
1.803647
1.767796
1.609552
1.856256
1.609186
1.631212
1.771358
1.893390
1.672291
1.551687
1.642477
1.537418
1.562344
1.804854
1.568282
1.727187
1.717653
1.956172
1.505570
1.461013
1.751932
1.685580
1.406063
1.839805
1.676202
1.780196
1.811218
1.635499
1.532221
1.843915
1.619146
1.570142
1.984928
1.570259
1.588489
1.589969
1.710907
1.760446
1.363233
1.815041
1.513652
1.415307
1.668195
1.649327
1.677550
1.719914
1.686245
1.771108
1.590204
1.444322
1.662857
1.392190
1.630073
1.724355
1.765142
1.735657
1.648993
1.482792
1.538215
1.519806
1.547668
1.586711
1.642670
1.762442
1.839204
1.580910
1.980599
1.632806
1.682856
1.589715
1.850649
1.644284
1.888824
1.756171
1.845848
1.657867
1.562803
1.639805
1.708539
1.561735
1.791999
1.994354
1.594629
1.719318
1.973552
1.585709
1.694776
1.637515
1.637621
1.696914
1.850219
1.744874
1.692820
1.539004
1.551505
1.620893
1.692552
1.874927
1.700409
1.633651
1.480320
2.047335
1.554348
1.522819
1.764131
1.661684
1.744310
1.593780
1.940241
1.623973
1.589801
1.682944
1.599922
1.724617
1.544956
1.952997
1.752412
1.622700
1.636355
1.395823
1.497304
1.533038
1.553224
1.657699
1.804824
1.683578
1.941435
1.713104
1.569242
1.607756
1.751780
1.897074
1.647286
2.034453
1.639761
1.531233
1.857828
1.676978
1.809860
1.660483
1.635117
1.292030
1.731500
1.740071
1.696994
1.912526
1.648187
1.665204
1.943488
1.531431
1.626662
1.731171
1.687894
1.548650
1.737960
1.534249
1.495716
1.681786
1.865165
1.688004
1.557030
1.552212
1.736544
1.550749
1.637385
1.857046
1.470564
1.824533
1.734111
1.502456
1.693462
1.652635
1.845461
1.694393
1.752320
1.538632
1.678185
1.588360
1.723976
1.833502
1.754667
1.978442
1.595264
1.530712
1.800874
1.798549
1.964494
1.477536
1.712858
1.632635
1.609136
1.745446
1.478657
1.611557
1.972985
1.736690
1.664235
1.781502
1.645759
1.766176
1.602033
2.101195
1.695143
1.549130
1.732064
1.591872
1.699824
1.817187
1.824134
1.656560
1.625524
1.728581
1.586126
1.554820
1.611768
1.606839
1.562252
1.957025
1.697543
1.634594
1.894768
1.574527
1.459743
1.835542
1.614893
1.762395
1.670797
1.797493
1.503433
1.665223
1.550458
1.652235
1.466679
1.772369
1.503151
1.706136
1.603202
1.601530
1.663549
1.715879
1.698481
1.697456
1.469591
1.570024
1.932326
1.762818
1.592647
1.408177
1.808217
1.670116
1.665515
1.483374
1.479848
1.787443
1.459075
1.743355
1.838118
1.750249
1.694948
1.609837
1.708983
1.790668
1.648835
1.757608
1.956383
1.831309
1.612622
1.947395
1.523438
1.725252
1.825528
1.704858
1.532277
1.612088
1.672314
1.644053
1.847745
1.581479
1.577201
1.990610
1.646718
1.483845
1.454214
1.707421
1.567173
1.782118
1.739253
1.710712
1.731770
1.626481
1.850019
1.698714
1.780290
1.722518
1.344941
1.691198
1.730782
2.148085
1.595321
1.977558
1.707324
1.846759
1.757675
1.588753
1.717255
1.425047
1.588824
1.675685
1.689647
1.651659
1.888191
1.929229
1.619007
1.858508
1.523742
1.786239
1.629503
1.824229
1.608637
1.771909
1.961676
1.800597
1.636031
1.732873
1.383092
1.504896
1.729484
1.626840
1.950801
1.812233
1.762402
1.855832
1.565450
1.642070
1.989788
1.670353
1.592345
1.629640
1.593429
1.680184
1.632247
1.499062
1.726245
1.752108
1.847651
1.577937
1.537158
1.644507
1.678922
1.688671
1.874970
1.821746
1.781790
1.648943
1.565338
1.739718
1.510824
1.815877
1.645468
1.539273
1.741621
1.714262
1.877926
1.730815
1.536793
1.627844
1.636394
1.621746
1.597288
1.586232
1.843612
1.745105
1.658751
1.529342
1.583451
2.112207
1.767201
1.411906
1.711954
1.538330
1.661843
1.594705
1.686155
1.619566
1.526860
1.773498
1.775246
1.678123
1.544745
1.585191
1.570349
1.725577
1.546412
1.701225
1.632474
2.034258
1.594753
1.630663
1.820202
1.544919
1.756596
1.879802
1.451247
1.693089
1.503571
1.555542
1.619361
1.646091
1.651420
1.781055
1.811873
1.901470
1.754037
1.548967
1.593466
1.498901
1.597603
1.926332
1.695532
1.770579
1.686061
1.747247
1.567790
1.520220
1.674173
1.489858
1.531233
1.704040
1.591784
1.576686
1.404267
1.774466
1.481191
1.551719
1.653297
1.823518
1.760572
1.559330
1.720517
1.493630
1.567174
1.636401
1.833624
1.783236
1.634825
1.942715
1.597124
1.665529
1.466085
1.657538
1.761830
1.633832
1.782475
1.630999
1.507219
1.754285
1.723580
1.729015
1.709419
1.543664
1.616619
1.650696
1.668227
1.861907
1.805369
1.770055
1.566273
1.447761
1.608875
1.866388
1.525176
1.710868
1.818354
1.482745
1.764463
1.889435
1.737123
1.667881
1.869854
1.563377
1.800691
1.703599
1.837922
1.794232
1.650558
1.601460
1.641804
1.879666
1.682588
1.361970
1.788768
1.867369
1.727087
1.645343
1.738089
1.770223
1.483307
1.684016
1.516253
1.677020
1.361151
2.000257
1.730998
1.827033
1.656643
1.860826
1.649954
1.699948
1.765365
1.716816
1.848150
1.682618
1.716178
1.714736
1.780913
1.609473
1.784887
1.629360
1.567038
1.665344
1.470163
1.646517
1.851174
1.881201
1.415617
1.676896
1.527123
1.521128
1.387520
1.766732
1.545138
1.520853
1.576972
1.629519
1.719537
1.680201
1.635700
1.827739
1.759454
1.653108
1.788608
1.618543
1.580539
1.601479
1.836934
1.723643
1.586540
1.683990
1.669398
1.787665
1.708845
1.639631
1.654793
1.707330
1.666198
1.699792
1.763703
1.782521
1.576167
1.475830
1.607906
1.592195
1.503211
1.715640
1.647195
1.595267
1.435929
1.626913
1.545757
1.564237
1.608351
1.679724
1.663744
1.674089
1.817293
1.745952
1.584188
1.744430
1.683653
1.500018
1.473858
1.685029
1.817928
1.481040
1.854746
1.681027
1.608108
1.611764
1.645350
1.818309
1.850627
1.951748
1.360131
1.640654
1.752347
1.631370
1.929432
1.783502
1.447241
1.719386
1.633426
1.643088
1.771152
1.726401
1.756523
1.759199
1.658055
1.433493
2.054571
1.729350
1.430497
1.504999
1.679178
1.557781
1.532423
1.731195
1.453394
1.571415
1.408576
1.639705
1.583460
1.639052
1.596256
2.133706
1.607160
1.578978
1.608580
1.857089
1.759109
1.765820
1.565369
1.427304
1.778041
1.675030
1.591375
1.768868
1.412574
1.640203
1.731990
1.652343
1.838462
1.709613
1.609009
1.797002
1.426212
1.689033
1.868670
1.875932
1.597440
1.898321
1.691365
1.606690
1.524358
1.480875
1.576357
1.504982
1.997499
1.556027
1.675092
1.602292
1.704278
1.644566
1.781783
1.495731
1.720995
1.532036
1.560371
1.871462
1.772499
1.735707
1.851198
1.875621
1.418000
1.852029
1.811833
1.621365
1.666509
2.070083
1.929077
1.728899
1.870846
1.759045
1.516574
1.671246
1.780443
1.521245
1.799180
1.600923
1.691679
1.792961
1.595343
1.528389
1.543936
1.493197
1.625099
1.716783
1.663054
2.124291
1.921708
1.637923
1.624852
1.627281
1.458157
1.577910
1.780306
1.700855
1.430424
1.597767
1.884859
1.566861
2.038009
1.662753
1.282807
1.656314
1.619832
1.686477
1.724318
1.694704
1.835309
1.675331
2.055644
1.922879
1.695940
1.796815
1.914285
1.501599
1.578311
1.592887
1.684800
1.778198
1.625466
1.758439
1.580250
1.719207
1.540214
1.504780
1.743193
1.561500
1.936761
1.746909
1.719914
1.535865
1.829811
1.603165
1.844820
1.804294
1.816625
1.517176
1.662791
1.701030
1.789312
1.896167
1.773997
1.688285
1.615869
1.654765
1.598619
1.682423
2.013450
1.551111
1.759861
1.665927
1.672085
1.845662
1.806497
1.545771
1.860097
1.552270
1.579705
1.731317
1.655998
1.773794
1.572097
2.120932
1.891398
1.690197
1.616369
1.508879
1.570183
1.893642
1.760062
1.582999
1.977750
1.676688
1.586794
1.452997
1.740940
1.688298
1.648184
1.570120
1.561596
1.548527
1.796463
1.566221
1.670997
1.439557
1.362899
1.673086
1.292819
1.514695
1.498535
1.888048
1.789039
1.654105
1.625864
1.447667
1.569771
1.776317
1.726376
1.733175
1.977499
1.661818
1.652121
1.738659
1.508885
1.561763
1.946957
1.923957
1.771788
1.438166
1.458144
1.643615
1.762055
1.406655
1.712835
1.439487
1.505263
1.646237
1.711691
1.735772
1.415266
1.639650
1.719453
1.572267
1.424740
1.601339
1.427079
1.706773
1.632881
1.668283
1.580164
1.774049
1.356700
1.826276
1.812540
1.611130
1.623684
1.375830
1.402177
1.866045
1.737262
1.575013
1.661316
1.606391
1.814489
1.575163
1.660452
1.908593
1.690256
1.692366
1.695538
1.674061
1.638765
1.707269
1.789519
1.652776
1.794473
1.798444
1.735967
1.736712
1.752371
1.668757
1.749401
1.627478
1.676366
1.555164
1.770802
1.658912
1.450029
1.788984
1.665147
1.854504
1.675955
1.805117
1.816495
1.798864
1.710271
1.605210
1.643963
1.522617
1.752262
1.542053
1.540260
1.422246
1.683678
1.747483
1.795691
1.654186
1.723284
1.833258
1.566758
1.695934
1.672216
1.581302
1.624034
1.610811
1.629426
1.785659
1.704458
1.614900
1.461267
1.736841
1.758493
1.668579
1.494950
1.586742
1.483229
1.806062
1.717423
1.854789
1.488815
1.478220
1.659228
1.653979
1.686843
1.612308
1.938018
1.572166
1.813761
1.609915
1.569027
1.515505
1.762140
1.773645
1.838925
1.773502
1.700357
1.634670
1.527583
1.549120
1.674246
1.525957
1.621449
1.854496
1.613895
1.658022
1.695935
1.751842
1.542042
1.688481
1.754374
1.555356
1.577841
1.603786
1.999127
1.789683
1.774526
1.841759
1.602630
1.436993
1.580230
1.694698
1.879745
1.626709
1.460070
1.585768
1.393306
1.368219
1.771343
1.756746
1.627134
1.537463
1.759620
1.727427
1.512619
1.612993
1.743554
1.516990
1.718610
1.709214
1.517349
1.676701
1.755873
1.585663
1.615132
1.761735
1.490455
1.817201
1.462546
1.689243
1.845265
1.688285
1.905370
1.702857
1.765566
1.520349
1.835400
1.547323
1.654915
1.455629
1.388734
1.656727
1.786307
1.687783
1.697951
1.535299
1.518804
1.738513
1.689597
1.581510
1.776414
1.687003
2.140841
1.720960
1.646188
1.560466
1.743444
1.659383
1.574046
1.813758
1.647515
1.611258
1.745901
1.842083
1.588567
1.719107
1.895088
1.931958
1.801244
1.658453
1.907558
1.545981
1.728225
1.792308
1.531934
1.442473
1.630635
1.983770
1.899587
1.789339
1.620577
1.450364
1.373410
1.873611
1.731781
1.689959
1.351715
1.556438
1.716387
1.418336
1.463546
1.518357
1.603446
1.781177
1.431970
1.531435
1.594743
1.722704
1.651720
1.841257
1.681176
1.763623
1.566200
1.629678
1.983445
1.668905
1.831897
1.609288
1.484990
1.915231
1.512563
1.516262
1.487306
1.759752
1.750186
1.687221
1.879300
1.612064
1.681004
1.493668
1.736751
1.825223
1.803478
1.683142
1.832415
1.830359
1.940529
1.733841
1.723093
1.493472
1.583065
1.754566
1.654799
1.802648
1.609262
1.531404
1.456229
1.931620
1.383466
1.891231
1.391910
1.399949
1.686973
1.712746
1.683319
1.622573
1.632210
1.547719
1.834861
1.639971
1.824965
1.685344
1.456435
1.785748
1.706759
1.850180
1.602654
1.703941
1.737836
1.417440
1.839704
1.587789
1.442106
1.600188
1.790921
1.556259
1.672436
1.615420
1.676405
1.730816
1.616374
1.743141
1.873561
1.724855
1.885449
1.774326
1.681210
1.724080
1.654715
1.660798
1.487065
1.838652
2.014137
1.629493
1.440890
1.679320
1.580709
1.547989
1.749119
1.578752
1.616887
1.675678
1.881776
1.441257
1.535210
1.603566
1.719238
1.847412
1.628024
1.634413
1.582202
1.579644
1.710985
1.795682
1.572857
1.387348
1.381325
1.664906
1.632649
1.572419
1.687950
1.690148
1.725787
1.730780
1.683326
1.805694
1.707967
1.552630
1.703630
1.690029
1.626754
1.517843
1.439615
1.566081
1.739246
1.639503
1.253193
1.626591
1.617475
1.684839
1.543774
1.853643
1.712429
1.858165
1.898166
1.588181
1.796611
1.769957
1.659243
1.840752
1.574820
1.614582
1.493760
1.618677
1.777758
1.419417
1.713286
1.658529
1.560952
1.686109
1.748763
1.536555
1.810653
1.683311
1.598420
1.607911
1.664797
1.738846
1.542027
1.930631
1.619969
1.839924
1.656980
1.722272
1.663921
1.409899
1.591507
1.644208
1.723694
1.615936
1.498653
1.821868
1.598837
1.432919
1.699850
1.829478
1.472162
1.815355
1.683391
1.558432
1.686139
1.821303
1.654292
1.664211
1.925853
1.448624
1.824446
1.690928
1.812256
1.714028
1.434678
1.721243
1.681336
1.830566
1.691023
1.490486
1.807455
1.820848
1.796170
1.889143
1.645924
1.435808
1.880931
1.789346
1.636176
1.728239
2.034096
1.717589
1.658034
1.468193
1.824672
1.541603
1.695160
1.529552
1.730574
1.714826
1.562820
1.625436
1.861111
1.583095
1.843067
1.672154
1.465522
1.515861
1.482992
1.576676
1.684965
1.735461
1.775253
1.525997
1.663216
1.841315
1.475742
1.666295
1.733192
1.571339
1.659024
1.712761
1.607968
1.847794
1.639298
1.942307
1.448313
1.676966
1.590829
1.697599
1.697025
1.619933
1.616041
1.699579
1.864129
1.664575
1.559270
1.556758
1.659388
1.720218
1.571448
1.715376
1.545197
1.700278
1.591511
1.823217
1.542812
1.757812
1.424461
1.609195
1.563653
1.774487
1.630978
1.619361
1.445490
1.858594
1.708943
1.499286
1.298987
1.681116
1.524323
1.643870
1.674869
1.549075
1.562783
1.543977
1.579167
1.451178
1.642241
1.623254
1.732157
1.523393
1.570647
1.640532
1.853409
1.651217
1.858835
1.811285
1.384951
1.634518
1.631781
1.885889
1.606297
1.750709
1.636453
1.808580
1.662702
1.570694
1.631853
1.670872
1.568479
1.387563
1.973895
1.587914
1.572340
1.548103
1.739187
1.652532
1.694992
1.484147
1.826663
1.533775
1.585591
1.801408
1.465099
1.841493
1.513790
1.584613
1.493954
1.900611
1.511452
1.910379
1.677397
1.852251
1.597469
1.822491
1.623535
1.772153
1.714738
1.430053
1.663648
1.629946
1.596219
1.690183
1.597123
1.464956
1.727407
1.421700
1.620225
1.640072
1.825083
1.694249
1.677018
1.993944
1.691981
1.448289
1.938573
1.781611
1.708267
1.824550
1.403508
1.871934
1.690267
1.659397
1.529710
1.831634
1.623716
1.650031
1.582983
1.756828
1.723113
1.572034
1.639650
1.607808
1.657217
1.900249
1.740129
1.427618
1.851126
1.673793
1.653524
1.543936
1.709045
1.583754
1.602268
1.521646
1.759564
1.791616
1.768740
1.541138
1.881947
1.688939
1.731032
1.490875
1.697195
1.668367
1.649495
1.526679
1.576971
1.654991
1.679040
1.612246
1.683709
1.653716
1.796513
1.944305
1.684950
1.512403
1.454432
1.338778
1.661713
1.812002
1.716490
1.632851
1.605838
1.610549
1.612291
1.699290
1.588215
1.611127
1.563223
1.758629
1.607411
1.729468
1.584380
1.618211
1.729028
1.658137
1.610570
1.641462
1.757768
1.729472
1.710629
1.659841
1.701427
1.755053
1.586194
1.524096
1.602705
1.679996
1.610764
1.758941
1.614340
1.456116
1.783036
1.410788
1.739147
1.754593
1.498479
1.831567
1.586651
1.744064
1.826962
1.902502
1.602358
1.484933
1.643557
1.830308
1.539043
1.586759
1.348473
1.561285
1.448472
1.588523
1.617115
1.679127
1.627514
1.576018
1.792826
1.851305
1.644233
1.725181
1.456226
1.718692
1.484400
1.686410
1.445344
1.740561
1.546413
1.637983
1.540020
1.654020
1.687315
1.666584
1.640524
1.670387
1.529354
1.754745
1.691587
1.811302
1.573490
1.349402
1.643005
1.406816
1.779572
1.580484
1.882931
1.449151
1.534138
1.491045
1.508370
1.712102
1.768196
1.529157
1.785303
1.617063
1.747988
1.646813
1.693720
1.597454
1.641255
1.767657
1.777000
1.787155
1.802974
1.763455
1.850172
1.570746
1.608596
1.436237
1.833572
1.700216
1.604355
1.466094
1.741519
1.750039
1.739093
1.729645
1.624711
1.826401
1.899588
1.446010
1.597611
1.540419
1.793063
1.452807
1.602827
1.866717
1.602390
1.551238
1.895231
1.580137
1.504652
1.678150
1.652246
1.716344
1.752544
1.810859
1.908736
1.955668
1.717079
1.609536
1.492272
1.714391
1.761266
1.679482
1.847097
1.497875
1.666538
1.820788
1.691362
1.776732
1.519979
1.598656
1.481936
1.553176
1.832901
1.534331
1.502470
1.779557
1.527491
1.611736
1.831030
1.670511
1.747835
1.576640
1.504178
1.895065
1.803484
1.866927
1.473963
1.815896
1.589000
1.643083
1.628955
1.835782
1.820193
1.756795
1.775413
1.660927
1.535203
1.660240
1.546546
1.714591
1.705602
1.619254
1.715322
1.779319
1.637920
1.665920
1.910662
1.658169
1.553090
1.917287
1.815273
1.529630
1.885370
1.695555
1.620175
1.686371
1.471343
1.851412
1.522983
1.715595
1.493483
1.561634
1.784714
1.692232
1.905999
1.489022
1.220421
1.680123
1.781017
1.612202
1.792102
1.561952
1.376667
1.683448
1.663191
1.744938
1.515006
1.732849
1.676257
1.567776
1.421844
1.661276
1.740861
1.798018
1.626681
1.805294
1.953319
1.550883
1.755624
1.581263
1.683177
1.597707
1.737356
1.482961
1.855089
1.817891
1.513971
1.603032
1.555666
1.991972
1.877711
1.397724
1.717091
1.551315
1.680176
1.689032
1.585714
