-0.015601
-0.034929
-0.045854
-0.056430
-0.066766
-0.071198
-0.043855
-0.049355
-0.056268
-0.060952
-0.065010
-0.070422
-0.073964
-0.048097
-0.051511
-0.054378
-0.055386
-0.059209
-0.060161
-0.064276
-0.068444
-0.069511
-0.072625
-0.075140
-0.046887
-0.049189
-0.051134
-0.053513
-0.056112
-0.058204
-0.059508
-0.061864
-0.064605
-0.066896
-0.068596
-0.069482
-0.073091
-0.045720
-0.047414
-0.048899
-0.051139
-0.052573
-0.054792
-0.056437
-0.058099
-0.060414
-0.062152
-0.063760
-0.065695
-0.066775
-0.068755
-0.069487
-0.042290
-0.043647
-0.044893
-0.046435
-0.047677
-0.049007
-0.050366
-0.051573
-0.053016
-0.054193
-0.055955
-0.056881
-0.057798
-0.058327
-0.060704
-0.062388
-0.062600
-0.064243
-0.064959
-0.037137
-0.037789
-0.039041
-0.039546
-0.040602
-0.041408
-0.042376
-0.043147
-0.043609
-0.044836
-0.045341
-0.046283
-0.046963
-0.047368
-0.048724
-0.049797
-0.050458
-0.051160
-0.051660
-0.052328
-0.053635
-0.054689
-0.054860
-0.055626
-0.057181
-0.058012
-0.058216
-0.036213
-0.036812
-0.037742
-0.038580
-0.039330
-0.039760
-0.041233
-0.041542
-0.042092
-0.043166
-0.043319
-0.044782
-0.044980
-0.046114
-0.046421
-0.047505
-0.047997
-0.048720
-0.049969
-0.050514
-0.049790
-0.052986
-0.052392
-0.053467
-0.054582
-0.054947
-0.056207
-0.056022
-0.058766
-0.034376
-0.034956
-0.035597
-0.036364
-0.037058
-0.037283
-0.038272
-0.038855
-0.039581
-0.039873
-0.040903
-0.041437
-0.042132
-0.042764
-0.043333
-0.043580
-0.044678
-0.045265
-0.045482
-0.046465
-0.047249
-0.047642
-0.048373
-0.048830
-0.049668
-0.049201
-0.051062
-0.051533
-0.051476
-0.052477
-0.052562
-0.053721
-0.054580
-0.031168
-0.031503
-0.032070
-0.032604
-0.032841
-0.033334
-0.033814
-0.034096
-0.034841
-0.035129
-0.035765
-0.036240
-0.036301
-0.036976
-0.037569
-0.037628
-0.038288
-0.038754
-0.039430
-0.039702
-0.039567
-0.040544
-0.040925
-0.041428
-0.041917
-0.042249
-0.042820
-0.042890
-0.043116
-0.043822
-0.044876
-0.045057
-0.044808
-0.046409
-0.046077
-0.046745
-0.046644
-0.047560
-0.047328
-0.048374
-0.048793
-0.049283
-0.049041
-0.030699
-0.031044
-0.031407
-0.031928
-0.032201
-0.032810
-0.033371
-0.033571
-0.033786
-0.034358
-0.034909
-0.035269
-0.035698
-0.036283
-0.036442
-0.036901
-0.037532
-0.037807
-0.037725
-0.038554
-0.039126
-0.039573
-0.039990
-0.040306
-0.040666
-0.040776
-0.041596
-0.041739
-0.042218
-0.042295
-0.042946
-0.043683
-0.043884
-0.044021
-0.044791
-0.045203
-0.045937
-0.045649
-0.046489
-0.046402
-0.047348
-0.047755
-0.048239
-0.048242
-0.048910
-0.030089
-0.030509
-0.030939
-0.031421
-0.031758
-0.032209
-0.032567
-0.032962
-0.033197
-0.033663
-0.034485
-0.034376
-0.035081
-0.035435
-0.035614
-0.036312
-0.036175
-0.037013
-0.037283
-0.037796
-0.038149
-0.038528
-0.039123
-0.038880
-0.039519
-0.039895
-0.040581
-0.041001
-0.041413
-0.041171
-0.042340
-0.042348
-0.043059
-0.043046
-0.043307
-0.043472
-0.044491
-0.044465
-0.044885
-0.044883
-0.046026
-0.045658
-0.046832
-0.046716
-0.046699
-0.047394
-0.048708
-0.029650
-0.030144
-0.030389
-0.031002
-0.031240
-0.031493
-0.031931
-0.032148
-0.032853
-0.032898
-0.033651
-0.033629
-0.034154
-0.034694
-0.034922
-0.035346
-0.035813
-0.036000
-0.036755
-0.036958
-0.037383
-0.037667
-0.037664
-0.038671
-0.038707
-0.038935
-0.039633
-0.040241
-0.039628
-0.040991
-0.041217
-0.041217
-0.041670
-0.042739
-0.042211
-0.042900
-0.043187
-0.043499
-0.043966
-0.044534
-0.044507
-0.044662
-0.044582
-0.045593
-0.045588
-0.046744
-0.046229
-0.047054
-0.047626
-0.028885
-0.029254
-0.029563
-0.029847
-0.030133
-0.030642
-0.030931
-0.031157
-0.031403
-0.031762
-0.032298
-0.032612
-0.032979
-0.033305
-0.033623
-0.033665
-0.034251
-0.034765
-0.035063
-0.035484
-0.035800
-0.035980
-0.036344
-0.036579
-0.036718
-0.037716
-0.037809
-0.038011
-0.037997
-0.038887
-0.039430
-0.039225
-0.039786
-0.040274
-0.039935
-0.040435
-0.040498
-0.041467
-0.041502
-0.041529
-0.042229
-0.042105
-0.043281
-0.043413
-0.043573
-0.044119
-0.043708
-0.044753
-0.044712
-0.045122
-0.045609
-0.046372
-0.045286
-0.028414
-0.028906
-0.029350
-0.029508
-0.029826
-0.029992
-0.030377
-0.030702
-0.031066
-0.031411
-0.031848
-0.031954
-0.032482
-0.032809
-0.033052
-0.033269
-0.033734
-0.034109
-0.034212
-0.034891
-0.035051
-0.035435
-0.035256
-0.035688
-0.036300
-0.036685
-0.036979
-0.037337
-0.037477
-0.037894
-0.037807
-0.038182
-0.039222
-0.038698
-0.039595
-0.039657
-0.040098
-0.040387
-0.040245
-0.041166
-0.041114
-0.042061
-0.041573
-0.042423
-0.042312
-0.042890
-0.043006
-0.044034
-0.043659
-0.044779
-0.044353
-0.044434
-0.045028
-0.044905
-0.045980
-0.028134
-0.028412
-0.028728
-0.029100
-0.029367
-0.029587
-0.030135
-0.030379
-0.030626
-0.030686
-0.031207
-0.031761
-0.031687
-0.032052
-0.032351
-0.032967
-0.033009
-0.033529
-0.033896
-0.033974
-0.033921
-0.034210
-0.034582
-0.035099
-0.035533
-0.035783
-0.036234
-0.036202
-0.036819
-0.036957
-0.037169
-0.037476
-0.038319
-0.038182
-0.038276
-0.039035
-0.039225
-0.039368
-0.039813
-0.039732
-0.040418
-0.040209
-0.040471
-0.041061
-0.041334
-0.041423
-0.042280
-0.042279
-0.042933
-0.043122
-0.042963
-0.043241
-0.043944
-0.043905
-0.044606
-0.044856
-0.045484
-0.027839
-0.028209
-0.028279
-0.028507
-0.028971
-0.029267
-0.029475
-0.029718
-0.030132
-0.030528
-0.030634
-0.030964
-0.031362
-0.031624
-0.031921
-0.032141
-0.032600
-0.032669
-0.033006
-0.033361
-0.033511
-0.033827
-0.034352
-0.034647
-0.034960
-0.035267
-0.035348
-0.035629
-0.036160
-0.036119
-0.036367
-0.037008
-0.036988
-0.037529
-0.037602
-0.038027
-0.037844
-0.038730
-0.038771
-0.039424
-0.039831
-0.040015
-0.040389
-0.040670
-0.041189
-0.040612
-0.041411
-0.041400
-0.042705
-0.042561
-0.042107
-0.042521
-0.042933
-0.043381
-0.043880
-0.043899
-0.043059
-0.043755
-0.044506
-0.027404
-0.027720
-0.028004
-0.028319
-0.028580
-0.028837
-0.029197
-0.029464
-0.029838
-0.029961
-0.030093
-0.030560
-0.030798
-0.031144
-0.031045
-0.031711
-0.031832
-0.032435
-0.032814
-0.032681
-0.033179
-0.033508
-0.033856
-0.033836
-0.034398
-0.034859
-0.034626
-0.035262
-0.035207
-0.035523
-0.035828
-0.037712
-0.035836
-0.036717
-0.036436
-0.037420
-0.037576
-0.037876
-0.037485
-0.038297
-0.038481
-0.039106
-0.038717
-0.039353
-0.039379
-0.040314
-0.040252
-0.040859
-0.041096
-0.040623
-0.041473
-0.041362
-0.041927
-0.041978
-0.042928
-0.042687
-0.043440
-0.043085
-0.043955
-0.044013
-0.044819
-0.026856
-0.027099
-0.027368
-0.027568
-0.027910
-0.028065
-0.028410
-0.028607
-0.028950
-0.029186
-0.029373
-0.029588
-0.029950
-0.030177
-0.030532
-0.030608
-0.030933
-0.031227
-0.031450
-0.031780
-0.031987
-0.032441
-0.032397
-0.032548
-0.033027
-0.033310
-0.033248
-0.033704
-0.034012
-0.034095
-0.034442
-0.034801
-0.034888
-0.035387
-0.035559
-0.035888
-0.035809
-0.036424
-0.036568
-0.036928
-0.036943
-0.037224
-0.037589
-0.038011
-0.038247
-0.038433
-0.038605
-0.038818
-0.039428
-0.039307
-0.039440
-0.039858
-0.040455
-0.040681
-0.040759
-0.040692
-0.041210
-0.041693
-0.041644
-0.041365
-0.042067
-0.042341
-0.042474
-0.042706
-0.043125
-0.026290
-0.026596
-0.026811
-0.027066
-0.027268
-0.027461
-0.027814
-0.027869
-0.028129
-0.028458
-0.028589
-0.029019
-0.029184
-0.029402
-0.029812
-0.029835
-0.030250
-0.030421
-0.030554
-0.030789
-0.031082
-0.031461
-0.031617
-0.031962
-0.031801
-0.031560
-0.032362
-0.032494
-0.032912
-0.032968
-0.033508
-0.033849
-0.033817
-0.034470
-0.034351
-0.034457
-0.034856
-0.035191
-0.035032
-0.035996
-0.035877
-0.036023
-0.036539
-0.036425
-0.036810
-0.036621
-0.037402
-0.037464
-0.037828
-0.037841
-0.037735
-0.038172
-0.038486
-0.038901
-0.039305
-0.039035
-0.039906
-0.039521
-0.040214
-0.040395
-0.040443
-0.040711
-0.041304
-0.041076
-0.041813
-0.042477
-0.041475
-0.042366
-0.042423
-0.025719
-0.026061
-0.026177
-0.026526
-0.026565
-0.026857
-0.027127
-0.027263
-0.027528
-0.027865
-0.027869
-0.028291
-0.028408
-0.028619
-0.028962
-0.029112
-0.029501
-0.029512
-0.029865
-0.029952
-0.030376
-0.030461
-0.030835
-0.030909
-0.031216
-0.031170
-0.031624
-0.031827
-0.032076
-0.032016
-0.032273
-0.032809
-0.032818
-0.032833
-0.033325
-0.033298
-0.033612
-0.034017
-0.034178
-0.034539
-0.034299
-0.034589
-0.034693
-0.035524
-0.035462
-0.035705
-0.035837
-0.036198
-0.036210
-0.036717
-0.036524
-0.036650
-0.037008
-0.037093
-0.037405
-0.037591
-0.038086
-0.037997
-0.038463
-0.038746
-0.038608
-0.039209
-0.039083
-0.039290
-0.039650
-0.040164
-0.040213
-0.040209
-0.040250
-0.040814
-0.041311
-0.041125
-0.041740
-0.025572
-0.025731
-0.025939
-0.025961
-0.026315
-0.026571
-0.026870
-0.027044
-0.027299
-0.027457
-0.027583
-0.027765
-0.028088
-0.028311
-0.028670
-0.028683
-0.028973
-0.029095
-0.029369
-0.029628
-0.029854
-0.030035
-0.030406
-0.030525
-0.030721
-0.030915
-0.031370
-0.031716
-0.031328
-0.032077
-0.032169
-0.032014
-0.032520
-0.032749
-0.033218
-0.033273
-0.033006
-0.033544
-0.033669
-0.033477
-0.034132
-0.033965
-0.034878
-0.034826
-0.034989
-0.034978
-0.035649
-0.035267
-0.036088
-0.035646
-0.036054
-0.036189
-0.036549
-0.036366
-0.037330
-0.037682
-0.037263
-0.037936
-0.038223
-0.037991
-0.037883
-0.038473
-0.038783
-0.038564
-0.037994
-0.039254
-0.039508
-0.040274
-0.038980
-0.040092
-0.040091
-0.040145
-0.041005
-0.040846
-0.041559
-0.025298
-0.025509
-0.025735
-0.025865
-0.026131
-0.026323
-0.026486
-0.026781
-0.027014
-0.027263
-0.027426
-0.027678
-0.027777
-0.028016
-0.028054
-0.028417
-0.028540
-0.028644
-0.029034
-0.029151
-0.029548
-0.029644
-0.029884
-0.029859
-0.030234
-0.030424
-0.030551
-0.030651
-0.031067
-0.031086
-0.031468
-0.031727
-0.032062
-0.032028
-0.032493
-0.032426
-0.032758
-0.032870
-0.033197
-0.033184
-0.033318
-0.033694
-0.033762
-0.034224
-0.034366
-0.034461
-0.034467
-0.034996
-0.035091
-0.035220
-0.035415
-0.035524
-0.036289
-0.036089
-0.036430
-0.036319
-0.036721
-0.037133
-0.037211
-0.037377
-0.037658
-0.038065
-0.037716
-0.038531
-0.038344
-0.038555
-0.038552
-0.038962
-0.039047
-0.039529
-0.039622
-0.039507
-0.039968
-0.040311
-0.040010
-0.040772
-0.040468
-0.025009
-0.025246
-0.025516
-0.025669
-0.025983
-0.026177
-0.026244
-0.026519
-0.026602
-0.026916
-0.027162
-0.027279
-0.027450
-0.027651
-0.027884
-0.028233
-0.028139
-0.028546
-0.028752
-0.028816
-0.029332
-0.029291
-0.029473
-0.030021
-0.029870
-0.030191
-0.030375
-0.030517
-0.030776
-0.031215
-0.031335
-0.031340
-0.031329
-0.031439
-0.032067
-0.032276
-0.032173
-0.032337
-0.032568
-0.032629
-0.033202
-0.033736
-0.033491
-0.033361
-0.033703
-0.034314
-0.034029
-0.034397
-0.035035
-0.034537
-0.034695
-0.034841
-0.035127
-0.035577
-0.035149
-0.036076
-0.035902
-0.036663
-0.036152
-0.037255
-0.036931
-0.036790
-0.037286
-0.037754
-0.037531
-0.037909
-0.038105
-0.037736
-0.038760
-0.038760
-0.038850
-0.039199
-0.039515
-0.039770
-0.040093
-0.039973
-0.040170
-0.040183
-0.040816
-0.024897
-0.024995
-0.025262
-0.025419
-0.025751
-0.025796
-0.026001
-0.026068
-0.026441
-0.026610
-0.026656
-0.026948
-0.026837
-0.027358
-0.027693
-0.027810
-0.027837
-0.028109
-0.028296
-0.028541
-0.028725
-0.028905
-0.029105
-0.029297
-0.029621
-0.029710
-0.029788
-0.029843
-0.030345
-0.030542
-0.030655
-0.030844
-0.031204
-0.031345
-0.031385
-0.031461
-0.031600
-0.031953
-0.031966
-0.032280
-0.032725
-0.032629
-0.033031
-0.033024
-0.033164
-0.033266
-0.033482
-0.033955
-0.034022
-0.034222
-0.034332
-0.035027
-0.034963
-0.035037
-0.035373
-0.034998
-0.035524
-0.035665
-0.035791
-0.035789
-0.036368
-0.036431
-0.036727
-0.036761
-0.037123
-0.037350
-0.037562
-0.037660
-0.037783
-0.038013
-0.038178
-0.037901
-0.038711
-0.038353
-0.039088
-0.039240
-0.039085
-0.039769
-0.039385
-0.039965
-0.040293
-0.024676
-0.024781
-0.025021
-0.025166
-0.025457
-0.025631
-0.025893
-0.025861
-0.026213
-0.026338
-0.026612
-0.026593
-0.026905
-0.027097
-0.027301
-0.027443
-0.027552
-0.027783
-0.028074
-0.028186
-0.028278
-0.028652
-0.028697
-0.028968
-0.029248
-0.029447
-0.029698
-0.029759
-0.029699
-0.030002
-0.030526
-0.030417
-0.030387
-0.030776
-0.030950
-0.031279
-0.031278
-0.031564
-0.031981
-0.031780
-0.032268
-0.032611
-0.032413
-0.032699
-0.033139
-0.032940
-0.033076
-0.033724
-0.033612
-0.033780
-0.033828
-0.033607
-0.034154
-0.034302
-0.034969
-0.035386
-0.035269
-0.035089
-0.035177
-0.035284
-0.035749
-0.035911
-0.035854
-0.036078
-0.036294
-0.036581
-0.036575
-0.037325
-0.037178
-0.037576
-0.037421
-0.037594
-0.037726
-0.038098
-0.038305
-0.038465
-0.038514
-0.039088
-0.039431
-0.038866
-0.039430
-0.039767
-0.040122
-0.024513
-0.024581
-0.024900
-0.025007
-0.025228
-0.025370
-0.025558
-0.025754
-0.025860
-0.026183
-0.026374
-0.026362
-0.026566
-0.026800
-0.026918
-0.027281
-0.027127
-0.027646
-0.027634
-0.027980
-0.027961
-0.028427
-0.028549
-0.028608
-0.028825
-0.029221
-0.029333
-0.029556
-0.029657
-0.029431
-0.029887
-0.030140
-0.030262
-0.030151
-0.030835
-0.030688
-0.031023
-0.030921
-0.031112
-0.031546
-0.031816
-0.031699
-0.032127
-0.032428
-0.032574
-0.032467
-0.032577
-0.033405
-0.033016
-0.033463
-0.033435
-0.033600
-0.033804
-0.034114
-0.034053
-0.034109
-0.034392
-0.034954
-0.034651
-0.034885
-0.035111
-0.035600
-0.035815
-0.036181
-0.035758
-0.035945
-0.035930
-0.036553
-0.036619
-0.036775
-0.037365
-0.036975
-0.037527
-0.037468
-0.037406
-0.037882
-0.038205
-0.038240
-0.038545
-0.038155
-0.038801
-0.039006
-0.039702
-0.039302
-0.039740
-0.024323
-0.024382
-0.024654
-0.024779
-0.025000
-0.025118
-0.025315
-0.025516
-0.025711
-0.025954
-0.026004
-0.026169
-0.026370
-0.026514
-0.026853
-0.026913
-0.026934
-0.027362
-0.027143
-0.027473
-0.027776
-0.027979
-0.028084
-0.028216
-0.028401
-0.028727
-0.028846
-0.029017
-0.029090
-0.029400
-0.029658
-0.029731
-0.029765
-0.030118
-0.030165
-0.030441
-0.030580
-0.030801
-0.030839
-0.031008
-0.031345
-0.031675
-0.031662
-0.031688
-0.031891
-0.032246
-0.032024
-0.032581
-0.032789
-0.032492
-0.033049
-0.033131
-0.033192
-0.033681
-0.033603
-0.034015
-0.034072
-0.034315
-0.034130
-0.034749
-0.034723
-0.034922
-0.034941
-0.034946
-0.035418
-0.036049
-0.035883
-0.035969
-0.036005
-0.036215
-0.036473
-0.036620
-0.037238
-0.036787
-0.037473
-0.037636
-0.037042
-0.037422
-0.038351
-0.037789
-0.038365
-0.038478
-0.038110
-0.038298
-0.038745
-0.039069
-0.039269
-0.024074
-0.024281
-0.024485
-0.024555
-0.024801
-0.024876
-0.025125
-0.025278
-0.025423
-0.025631
-0.025775
-0.026000
-0.026260
-0.026404
-0.026616
-0.026666
-0.026877
-0.026873
-0.027128
-0.027291
-0.027649
-0.027688
-0.028099
-0.028063
-0.028248
-0.028379
-0.028365
-0.028730
-0.028791
-0.028791
-0.029224
-0.029357
-0.029583
-0.029590
-0.029675
-0.029936
-0.030561
-0.030440
-0.030415
-0.030723
-0.030805
-0.030825
-0.031280
-0.031637
-0.031823
-0.031597
-0.031996
-0.032254
-0.032668
-0.032709
-0.032498
-0.032796
-0.032754
-0.033175
-0.033218
-0.033715
-0.033678
-0.034215
-0.033941
-0.034075
-0.034330
-0.033975
-0.034282
-0.034791
-0.034502
-0.034438
-0.035265
-0.035335
-0.035822
-0.035786
-0.036186
-0.035996
-0.036361
-0.036206
-0.036522
-0.036867
-0.036841
-0.037365
-0.037620
-0.037698
-0.038067
-0.037759
-0.037969
-0.038354
-0.038191
-0.037932
-0.038736
-0.038147
-0.038840
-0.023878
-0.024028
-0.024261
-0.024387
-0.024628
-0.024784
-0.025041
-0.025058
-0.025316
-0.025516
-0.025678
-0.025688
-0.026113
-0.026142
-0.026171
-0.026298
-0.026563
-0.026883
-0.026932
-0.027311
-0.027322
-0.027503
-0.027668
-0.027897
-0.027758
-0.027840
-0.028065
-0.028309
-0.028656
-0.028493
-0.028824
-0.028978
-0.029372
-0.029288
-0.029659
-0.029648
-0.029823
-0.029626
-0.030437
-0.030348
-0.030678
-0.031033
-0.030779
-0.030653
-0.031173
-0.031079
-0.031162
-0.031569
-0.031817
-0.032083
-0.032166
-0.032465
-0.032450
-0.032749
-0.032714
-0.032925
-0.032773
-0.033364
-0.033508
-0.033749
-0.033657
-0.033833
-0.033629
-0.034307
-0.034855
-0.034432
-0.034293
-0.034219
-0.035563
-0.035151
-0.035626
-0.035670
-0.035494
-0.035820
-0.036084
-0.036628
-0.036161
-0.036783
-0.036942
-0.036741
-0.036967
-0.037257
-0.037028
-0.037306
-0.037451
-0.037398
-0.037990
-0.038289
-0.037907
-0.038487
-0.038937
-0.023218
-0.023404
-0.023587
-0.023652
-0.023863
-0.023925
-0.024102
-0.024193
-0.024495
-0.024493
-0.024748
-0.024796
-0.024948
-0.025111
-0.025273
-0.025408
-0.025487
-0.025701
-0.025836
-0.026084
-0.026095
-0.026272
-0.026418
-0.026560
-0.026691
-0.026912
-0.026976
-0.027193
-0.027350
-0.027523
-0.027722
-0.027877
-0.027992
-0.028130
-0.028147
-0.028355
-0.028541
-0.028526
-0.028936
-0.029050
-0.029113
-0.029191
-0.029532
-0.029605
-0.029825
-0.029660
-0.030058
-0.030096
-0.030321
-0.030384
-0.030582
-0.030632
-0.030695
-0.030856
-0.031196
-0.031273
-0.031195
-0.031688
-0.031594
-0.032204
-0.032057
-0.032329
-0.032372
-0.032403
-0.032305
-0.032559
-0.033035
-0.033132
-0.033087
-0.033325
-0.033427
-0.033577
-0.033913
-0.033890
-0.034279
-0.033921
-0.034156
-0.034314
-0.034634
-0.034824
-0.034936
-0.035332
-0.034978
-0.035389
-0.035531
-0.035382
-0.035378
-0.036217
-0.036283
-0.036192
-0.036610
-0.036322
-0.036740
-0.037041
-0.036868
-0.037375
-0.036687
-0.037457
-0.037397
-0.023072
-0.023219
-0.023361
-0.023500
-0.023673
-0.023804
-0.023976
-0.024080
-0.024200
-0.024404
-0.024466
-0.024658
-0.024841
-0.024972
-0.025073
-0.025272
-0.025410
-0.025528
-0.025735
-0.025716
-0.026074
-0.026045
-0.026214
-0.026402
-0.026496
-0.026634
-0.026778
-0.027016
-0.027092
-0.027199
-0.027302
-0.027496
-0.027895
-0.027733
-0.027981
-0.028065
-0.028201
-0.028575
-0.028372
-0.028646
-0.029000
-0.028934
-0.029091
-0.029076
-0.029800
-0.029511
-0.029541
-0.029561
-0.029896
-0.030086
-0.030383
-0.030248
-0.030405
-0.030884
-0.030789
-0.030956
-0.031088
-0.031519
-0.031400
-0.031432
-0.032011
-0.032065
-0.032286
-0.031772
-0.032596
-0.032218
-0.032286
-0.032563
-0.032636
-0.032943
-0.033224
-0.033091
-0.033230
-0.033530
-0.033784
-0.034044
-0.033906
-0.034263
-0.034174
-0.034340
-0.034413
-0.034936
-0.034757
-0.034673
-0.034956
-0.035078
-0.035251
-0.035391
-0.035825
-0.035906
-0.035976
-0.036206
-0.035926
-0.036364
-0.036045
-0.036778
-0.036748
-0.036963
-0.037145
-0.037347
-0.037021
-0.022943
-0.023056
-0.023213
-0.023375
-0.023368
-0.023601
-0.023813
-0.023914
-0.024023
-0.024131
-0.024341
-0.024454
-0.024623
-0.024792
-0.024794
-0.025038
-0.025801
-0.025420
-0.025330
-0.025846
-0.025594
-0.025872
-0.026052
-0.026122
-0.026151
-0.026543
-0.026498
-0.026764
-0.026766
-0.027124
-0.027319
-0.027354
-0.027408
-0.027463
-0.027700
-0.028069
-0.028064
-0.028085
-0.028610
-0.028111
-0.028717
-0.028453
-0.028715
-0.028957
-0.028968
-0.029338
-0.029237
-0.029549
-0.029644
-0.029604
-0.029597
-0.029769
-0.030147
-0.030378
-0.030551
-0.030523
-0.030390
-0.030542
-0.031094
-0.030927
-0.031310
-0.031375
-0.031937
-0.031757
-0.031634
-0.031704
-0.031850
-0.032175
-0.032738
-0.032265
-0.032783
-0.032714
-0.032837
-0.033094
-0.033072
-0.033147
-0.033439
-0.033800
-0.033881
-0.033915
-0.033974
-0.034264
-0.033944
-0.034263
-0.034517
-0.034976
-0.034707
-0.034687
-0.035379
-0.035462
-0.035466
-0.035569
-0.035859
-0.035904
-0.035489
-0.036373
-0.036008
-0.036348
-0.036632
-0.036482
-0.036669
-0.036557
-0.036841
-0.022806
-0.022917
-0.023068
-0.023267
-0.023291
-0.023415
-0.023579
-0.023650
-0.023929
-0.024070
-0.024191
-0.024271
-0.024426
-0.024528
-0.024628
-0.024962
-0.024924
-0.025197
-0.025269
-0.025363
-0.025324
-0.025633
-0.025832
-0.025925
-0.026078
-0.026229
-0.026591
-0.026597
-0.026592
-0.026746
-0.026945
-0.026974
-0.027332
-0.027793
-0.027389
-0.027616
-0.027657
-0.027941
-0.028042
-0.028294
-0.028408
-0.028290
-0.028601
-0.028998
-0.028967
-0.028844
-0.029000
-0.029224
-0.029135
-0.029425
-0.029303
-0.029984
-0.029826
-0.029695
-0.030093
-0.030008
-0.029960
-0.030657
-0.030601
-0.030625
-0.031507
-0.030965
-0.031665
-0.031147
-0.031257
-0.031426
-0.031428
-0.031949
-0.031956
-0.032166
-0.032389
-0.032630
-0.032839
-0.032653
-0.033249
-0.033179
-0.033240
-0.033111
-0.033664
-0.033217
-0.033899
-0.034072
-0.033911
-0.033873
-0.034152
-0.034328
-0.034352
-0.034555
-0.034685
-0.035391
-0.035183
-0.035007
-0.035200
-0.035014
-0.035674
-0.035844
-0.035389
-0.035956
-0.035747
-0.036344
-0.036436
-0.036494
-0.036604
-0.036964
-0.037134
-0.022748
-0.022831
-0.022990
-0.022978
-0.023277
-0.023339
-0.023563
-0.023668
-0.023581
-0.023772
-0.024040
-0.024113
-0.024054
-0.024339
-0.024427
-0.024719
-0.024781
-0.024842
-0.025118
-0.025169
-0.025336
-0.025355
-0.025533
-0.025718
-0.025548
-0.026024
-0.026070
-0.026413
-0.026259
-0.026657
-0.026438
-0.026619
-0.026913
-0.027065
-0.027074
-0.027380
-0.027360
-0.027619
-0.027515
-0.027985
-0.027922
-0.028079
-0.028240
-0.028531
-0.028532
-0.028799
-0.028637
-0.028692
-0.029120
-0.029107
-0.029017
-0.029449
-0.029547
-0.029797
-0.029856
-0.029899
-0.029906
-0.030079
-0.030366
-0.030427
-0.030428
-0.030848
-0.030996
-0.031121
-0.031316
-0.031487
-0.031156
-0.031788
-0.031653
-0.031643
-0.031914
-0.032293
-0.032152
-0.032373
-0.032246
-0.032933
-0.032696
-0.032656
-0.032927
-0.033372
-0.033447
-0.033256
-0.033619
-0.033694
-0.033901
-0.034153
-0.034086
-0.034376
-0.033834
-0.034013
-0.034593
-0.034728
-0.034888
-0.034634
-0.035162
-0.035339
-0.035130
-0.035528
-0.034833
-0.035828
-0.035659
-0.035939
-0.035991
-0.036149
-0.036575
-0.036917
-0.036423
-0.022489
-0.022634
-0.022791
-0.022861
-0.023029
-0.023098
-0.023353
-0.023440
-0.023487
-0.023542
-0.023815
-0.023859
-0.023991
-0.024163
-0.024268
-0.024430
-0.024562
-0.024706
-0.024825
-0.024992
-0.025077
-0.025212
-0.025355
-0.025582
-0.025614
-0.025814
-0.025909
-0.026102
-0.026049
-0.026264
-0.026589
-0.026528
-0.026596
-0.026708
-0.026890
-0.026982
-0.027194
-0.027168
-0.027419
-0.027464
-0.027600
-0.027672
-0.027793
-0.028041
-0.028187
-0.028470
-0.028498
-0.028671
-0.028661
-0.028757
-0.029098
-0.029285
-0.029078
-0.029214
-0.029410
-0.029522
-0.029527
-0.029938
-0.029827
-0.030113
-0.030241
-0.030496
-0.030554
-0.030749
-0.030761
-0.030843
-0.031094
-0.031133
-0.031200
-0.031642
-0.031661
-0.031459
-0.031801
-0.031881
-0.031727
-0.032181
-0.032114
-0.032468
-0.032434
-0.032934
-0.032997
-0.033030
-0.033271
-0.033314
-0.033334
-0.033686
-0.033945
-0.033290
-0.034026
-0.034400
-0.034149
-0.033963
-0.034500
-0.034415
-0.034387
-0.034919
-0.034561
-0.034766
-0.035146
-0.034900
-0.035033
-0.035383
-0.035775
-0.035517
-0.035686
-0.035588
-0.036316
-0.036391
-0.036449
-0.022380
-0.022513
-0.022597
-0.022693
-0.022857
-0.022998
-0.023155
-0.023295
-0.023377
-0.023562
-0.023640
-0.023722
-0.023888
-0.023964
-0.024207
-0.024249
-0.024471
-0.024503
-0.024536
-0.024870
-0.024917
-0.024823
-0.025266
-0.025375
-0.025307
-0.025537
-0.025618
-0.025680
-0.025939
-0.025862
-0.026198
-0.026254
-0.026380
-0.026530
-0.026775
-0.026863
-0.027034
-0.026861
-0.027220
-0.027279
-0.027383
-0.027575
-0.027664
-0.027798
-0.027849
-0.028001
-0.028014
-0.028503
-0.028415
-0.028419
-0.028569
-0.028759
-0.028994
-0.029119
-0.029160
-0.029251
-0.029304
-0.029566
-0.029633
-0.030005
-0.029882
-0.030149
-0.030206
-0.030203
-0.030478
-0.030606
-0.030843
-0.031050
-0.031051
-0.030961
-0.031167
-0.031199
-0.030933
-0.031415
-0.031958
-0.031884
-0.031683
-0.032241
-0.032054
-0.032415
-0.032354
-0.032567
-0.032739
-0.032777
-0.033077
-0.033167
-0.032960
-0.033319
-0.033526
-0.033273
-0.033414
-0.033795
-0.033828
-0.033963
-0.034095
-0.034474
-0.034713
-0.034345
-0.034714
-0.034827
-0.034748
-0.035041
-0.035538
-0.035369
-0.035437
-0.035580
-0.035556
-0.035843
-0.035514
-0.036239
-0.036548
-0.021931
-0.022193
-0.022343
-0.022511
-0.022590
-0.022755
-0.022879
-0.022939
-0.023073
-0.023356
-0.023216
-0.023215
-0.023690
-0.023885
-0.023659
-0.024120
-0.024117
-0.024229
-0.024491
-0.024218
-0.024634
-0.024609
-0.024808
-0.024705
-0.025097
-0.025086
-0.025320
-0.025195
-0.025592
-0.025373
-0.025996
-0.025904
-0.026176
-0.025878
-0.026173
-0.026620
-0.026686
-0.026295
-0.026605
-0.027272
-0.027048
-0.026979
-0.027061
-0.027013
-0.027419
-0.027748
-0.027724
-0.027872
-0.027916
-0.027931
-0.027977
-0.028033
-0.028204
-0.028783
-0.028661
-0.028866
-0.028813
-0.029376
-0.029173
-0.028964
-0.029461
-0.029357
-0.029492
-0.029685
-0.029509
-0.030038
-0.029775
-0.030174
-0.030190
-0.030317
-0.030341
-0.030475
-0.030845
-0.030915
-0.031451
-0.030973
-0.031021
-0.031221
-0.031333
-0.031368
-0.032128
-0.031122
-0.031997
-0.032304
-0.032071
-0.032417
-0.032273
-0.032309
-0.032838
-0.032522
-0.032679
-0.033203
-0.033361
-0.033593
-0.033468
-0.033768
-0.033784
-0.033827
-0.033356
-0.033895
-0.033701
-0.034834
-0.034261
-0.034512
-0.034728
-0.034519
-0.035003
-0.034432
-0.035400
-0.034954
-0.035231
-0.035474
-0.035736
-0.035744
-0.035355
-0.021518
-0.021601
-0.021702
-0.021839
-0.021904
-0.022042
-0.022174
-0.022254
-0.022403
-0.022534
-0.022581
-0.022625
-0.022830
-0.022858
-0.022924
-0.023075
-0.023127
-0.023340
-0.023429
-0.023574
-0.023591
-0.023834
-0.023820
-0.023918
-0.024128
-0.024221
-0.024262
-0.024538
-0.024449
-0.024499
-0.024739
-0.024705
-0.024957
-0.025033
-0.025133
-0.025189
-0.025416
-0.025489
-0.025551
-0.025565
-0.025920
-0.026060
-0.025943
-0.026132
-0.026164
-0.026212
-0.026322
-0.026603
-0.026654
-0.026852
-0.026893
-0.026857
-0.027227
-0.027251
-0.027316
-0.027418
-0.027638
-0.027596
-0.027832
-0.027830
-0.027877
-0.028032
-0.028155
-0.028237
-0.028396
-0.028385
-0.028595
-0.028800
-0.028688
-0.028950
-0.028853
-0.029247
-0.029086
-0.029372
-0.029415
-0.029667
-0.029730
-0.029713
-0.029991
-0.030032
-0.029948
-0.030132
-0.030618
-0.030417
-0.030286
-0.030669
-0.031386
-0.030752
-0.030845
-0.031030
-0.031429
-0.031140
-0.031225
-0.031363
-0.031542
-0.031648
-0.031654
-0.031871
-0.032270
-0.031803
-0.032184
-0.032341
-0.032448
-0.032557
-0.032394
-0.032652
-0.032854
-0.033032
-0.033116
-0.033544
-0.033226
-0.033449
-0.033452
-0.033943
-0.033797
-0.033822
-0.034212
-0.034015
-0.034010
-0.033890
-0.034332
-0.034482
-0.034760
-0.034609
-0.035187
-0.021359
-0.021538
-0.021619
-0.021652
-0.021837
-0.021934
-0.022170
-0.022057
-0.022334
-0.022216
-0.022463
-0.022531
-0.022654
-0.022840
-0.023008
-0.023030
-0.023108
-0.023179
-0.023421
-0.023457
-0.023643
-0.023651
-0.023823
-0.023906
-0.023751
-0.023899
-0.024257
-0.024175
-0.024413
-0.024533
-0.024609
-0.024736
-0.024695
-0.025043
-0.024698
-0.025170
-0.025148
-0.025333
-0.025348
-0.025533
-0.025761
-0.025617
-0.026016
-0.025831
-0.025779
-0.026405
-0.026008
-0.026406
-0.026598
-0.026511
-0.026715
-0.026789
-0.027025
-0.026781
-0.027267
-0.026992
-0.027275
-0.027479
-0.027488
-0.027717
-0.027872
-0.027651
-0.028002
-0.027684
-0.028125
-0.028222
-0.028128
-0.028340
-0.028421
-0.028611
-0.028784
-0.028653
-0.029151
-0.029141
-0.029253
-0.029372
-0.029561
-0.029191
-0.029751
-0.029530
-0.029925
-0.029922
-0.029882
-0.030316
-0.029942
-0.030612
-0.030216
-0.031081
-0.031111
-0.030407
-0.030915
-0.031269
-0.030756
-0.031080
-0.031100
-0.031506
-0.031813
-0.031653
-0.031763
-0.031546
-0.032190
-0.032059
-0.032033
-0.032418
-0.031945
-0.032819
-0.032440
-0.032675
-0.032643
-0.033197
-0.033177
-0.033024
-0.033260
-0.033099
-0.033561
-0.033779
-0.033306
-0.033868
-0.033780
-0.033715
-0.033957
-0.033840
-0.034337
-0.034187
-0.034165
-0.034797
-0.034367
-0.021289
-0.021376
-0.021498
-0.021678
-0.021665
-0.021826
-0.021945
-0.021996
-0.022041
-0.022288
-0.022296
-0.022375
-0.022431
-0.022691
-0.022737
-0.022806
-0.023004
-0.023135
-0.023243
-0.023239
-0.023294
-0.023346
-0.023599
-0.023760
-0.023878
-0.023881
-0.023989
-0.023944
-0.024375
-0.024311
-0.024334
-0.024461
-0.024620
-0.024843
-0.024799
-0.024832
-0.025148
-0.025115
-0.025249
-0.025383
-0.025493
-0.025545
-0.025726
-0.025662
-0.025688
-0.025747
-0.026062
-0.025957
-0.026165
-0.026344
-0.026502
-0.026300
-0.026827
-0.026695
-0.026902
-0.027040
-0.027117
-0.027154
-0.027042
-0.027350
-0.027584
-0.027536
-0.027487
-0.027730
-0.028148
-0.028013
-0.028031
-0.028291
-0.028183
-0.028229
-0.028458
-0.028429
-0.028775
-0.029037
-0.029157
-0.028961
-0.029125
-0.029323
-0.029480
-0.029734
-0.029671
-0.029708
-0.029746
-0.029766
-0.030171
-0.030134
-0.030238
-0.030450
-0.030453
-0.030402
-0.031097
-0.030661
-0.030926
-0.031015
-0.030997
-0.030390
-0.030674
-0.031222
-0.031410
-0.031184
-0.031788
-0.031790
-0.031823
-0.032293
-0.032111
-0.032407
-0.032635
-0.032619
-0.032572
-0.032459
-0.032582
-0.032667
-0.032975
-0.032677
-0.032855
-0.033526
-0.032968
-0.033861
-0.033177
-0.033863
-0.033537
-0.033865
-0.033817
-0.034465
-0.034140
-0.033882
-0.034050
-0.034267
-0.034807
-0.021124
-0.021304
-0.021376
-0.021594
-0.021581
-0.021599
-0.021677
-0.021814
-0.022018
-0.022113
-0.022275
-0.022378
-0.022414
-0.022487
-0.022525
-0.022670
-0.022665
-0.022853
-0.023046
-0.023005
-0.023107
-0.023294
-0.023346
-0.023542
-0.023463
-0.023648
-0.023772
-0.023880
-0.023857
-0.024046
-0.024276
-0.024325
-0.024442
-0.024500
-0.024585
-0.024704
-0.024891
-0.025079
-0.025081
-0.025267
-0.025373
-0.025429
-0.025756
-0.025398
-0.025578
-0.025674
-0.025766
-0.025758
-0.025973
-0.026039
-0.026333
-0.026357
-0.026314
-0.026471
-0.026573
-0.026604
-0.026754
-0.027275
-0.027071
-0.027013
-0.027310
-0.027148
-0.027259
-0.027561
-0.027581
-0.028003
-0.027716
-0.027969
-0.027894
-0.027996
-0.028160
-0.028379
-0.028516
-0.028648
-0.028612
-0.028874
-0.029005
-0.028918
-0.028996
-0.029146
-0.029205
-0.029285
-0.029130
-0.029538
-0.029780
-0.029595
-0.029739
-0.029922
-0.030075
-0.030176
-0.030294
-0.030472
-0.030211
-0.030610
-0.030594
-0.030855
-0.030905
-0.030837
-0.031163
-0.031089
-0.031228
-0.030895
-0.031544
-0.031673
-0.031600
-0.031850
-0.031701
-0.031810
-0.031864
-0.032576
-0.032340
-0.032584
-0.032217
-0.032788
-0.032912
-0.032743
-0.032811
-0.033040
-0.032932
-0.033125
-0.032941
-0.033279
-0.033615
-0.033336
-0.033989
-0.033621
-0.034071
-0.034384
-0.034105
-0.034080
-0.034275
-0.021078
-0.021189
-0.021341
-0.021325
-0.021473
-0.021553
-0.021634
-0.021657
-0.021880
-0.021943
-0.022084
-0.022157
-0.022159
-0.022368
-0.022485
-0.022633
-0.022647
-0.022768
-0.022939
-0.022938
-0.023180
-0.023132
-0.023227
-0.023296
-0.023563
-0.023616
-0.023727
-0.023770
-0.023863
-0.023955
-0.024136
-0.024207
-0.024297
-0.024466
-0.024444
-0.024461
-0.024512
-0.024769
-0.024760
-0.024921
-0.025143
-0.025033
-0.025271
-0.025405
-0.025424
-0.025268
-0.025494
-0.025879
-0.026030
-0.025886
-0.025909
-0.026253
-0.026251
-0.026233
-0.026040
-0.026498
-0.026460
-0.026731
-0.026808
-0.027149
-0.027359
-0.027305
-0.027250
-0.027702
-0.027373
-0.027583
-0.027616
-0.027778
-0.027746
-0.027931
-0.027903
-0.028219
-0.028622
-0.028591
-0.028494
-0.028337
-0.028909
-0.028922
-0.028669
-0.028907
-0.028928
-0.028687
-0.029114
-0.029377
-0.029464
-0.029537
-0.029505
-0.029704
-0.029790
-0.029943
-0.030159
-0.029908
-0.030170
-0.029982
-0.030487
-0.030344
-0.030502
-0.030567
-0.030821
-0.030687
-0.031090
-0.030962
-0.031148
-0.031499
-0.031389
-0.031266
-0.031841
-0.031470
-0.031750
-0.031712
-0.032117
-0.032147
-0.032196
-0.032155
-0.032464
-0.032284
-0.032221
-0.032509
-0.032459
-0.032739
-0.032741
-0.032835
-0.033150
-0.033547
-0.032978
-0.033552
-0.033608
-0.033826
-0.033700
-0.033360
-0.033930
-0.033937
-0.034135
-0.020685
-0.020688
-0.020857
-0.020910
-0.021078
-0.021139
-0.021254
-0.021275
-0.021388
-0.021505
-0.021595
-0.021666
-0.021722
-0.021725
-0.021838
-0.022083
-0.022074
-0.022368
-0.022375
-0.022360
-0.022506
-0.022574
-0.022621
-0.022792
-0.022809
-0.022977
-0.023028
-0.023062
-0.023258
-0.023226
-0.023334
-0.023382
-0.023609
-0.023714
-0.023849
-0.023923
-0.023991
-0.023986
-0.024094
-0.024158
-0.024261
-0.024547
-0.024593
-0.024658
-0.024717
-0.024755
-0.024925
-0.024831
-0.025034
-0.025059
-0.025374
-0.025283
-0.025373
-0.025551
-0.025552
-0.025683
-0.025811
-0.025897
-0.025919
-0.026093
-0.026348
-0.026421
-0.026247
-0.026412
-0.026712
-0.026584
-0.026645
-0.026808
-0.027009
-0.026729
-0.027153
-0.027224
-0.026988
-0.027488
-0.027219
-0.027466
-0.027481
-0.027808
-0.027763
-0.027962
-0.028095
-0.027865
-0.028287
-0.027932
-0.028280
-0.028592
-0.028463
-0.028602
-0.028928
-0.028909
-0.028819
-0.029068
-0.029144
-0.028935
-0.029150
-0.029523
-0.029472
-0.029580
-0.029658
-0.029688
