2.272146
2.179388
1.585746
1.370227
1.299489
1.745994
2.185157
1.788920
1.673944
1.679131
1.238528
1.562790
1.540538
1.284254
1.427655
1.947770
1.974753
1.550243
1.458407
1.324642
1.603882
1.920477
1.486685
1.094946
0.873681
0.883672
0.786338
0.873435
0.919434
0.855933
1.369117
1.039001
1.626621
1.094246
0.950601
1.397140
2.009248
1.551967
0.926822
0.775429
0.704771
0.994649
0.683986
0.820350
0.584960
0.615090
0.637303
0.460395
0.779875
0.810018
0.595389
0.780788
0.775710
0.309683
0.308644
0.320092
1.163300
1.730111
1.852474
1.303448
0.839054
0.491738
0.872238
0.427704
0.365341
0.277314
0.529092
0.332492
0.714467
0.572787
0.804697
0.382735
0.505233
0.478225
0.503907
0.344731
0.375072
0.458292
0.273233
0.475639
0.790557
0.335276
0.419746
0.522544
0.412865
0.462660
0.333780
0.549609
0.484280
0.966075
0.434764
0.604664
0.724097
0.850419
1.478382
1.188011
0.686960
0.613125
0.336467
0.318964
0.332523
0.661987
0.415321
0.708530
0.527460
0.566546
0.509000
0.534596
0.302056
0.267711
0.283889
0.358366
0.666050
1.094667
0.561806
0.289645
0.489913
0.478350
0.248239
0.406905
0.433494
0.482525
0.242849
0.358252
0.536732
0.355929
0.194714
0.400907
0.321172
0.295143
0.676803
1.215608
1.948283
0.665137
0.759456
0.488944
0.612894
0.435759
0.527982
0.381260
0.499748
0.463029
0.350854
0.379851
0.446259
0.202761
0.280015
0.501805
0.334004
0.513322
0.561427
0.410846
0.375865
0.213423
0.192050
0.276731
0.260891
0.353776
0.275316
0.165825
0.536428
0.501752
0.338703
0.360738
0.322746
0.362225
0.382534
0.185185
0.206727
0.243689
0.536667
0.323875
0.331054
0.191890
0.257161
0.246941
0.247446
0.198449
0.182423
0.271390
0.592931
0.738711
0.515757
0.303861
0.562014
0.478353
0.485135
0.395473
0.337536
0.331687
0.349399
0.663036
0.592847
1.453066
3.091878
1.438636
1.144284
0.470848
0.608562
0.585506
0.322226
0.302691
0.374297
0.412867
0.304256
0.368485
0.571031
0.306831
0.298087
0.368254
0.338242
0.522060
0.291353
0.384525
0.184401
0.141741
0.613354
0.386038
0.435680
0.395340
0.484441
0.533415
0.358554
0.352117
0.256258
0.194312
0.280448
0.278168
0.227073
0.144416
0.136203
0.183084
0.300953
0.294472
0.354245
0.256068
0.083573
0.212523
0.215381
0.317507
0.191074
0.467324
0.132204
0.681068
0.797971
1.540402
0.911562
0.777250
0.882123
0.390464
0.335926
0.333079
0.258464
0.496305
0.547606
0.355681
0.546373
0.368214
0.253547
0.538066
0.337134
0.401839
0.449922
0.326358
0.220288
0.307982
0.198466
0.381004
0.362681
0.379940
0.300940
0.624365
0.411853
0.445524
0.213942
0.207488
0.332300
0.444418
0.697086
0.394131
0.488338
0.367878
0.218894
0.236283
0.181358
0.186751
0.180963
0.219459
0.531109
0.474472
0.385074
0.387472
0.235170
0.320382
0.328512
0.125609
0.255807
0.317083
0.144328
0.237095
0.151457
0.099532
0.174691
0.334439
0.319633
0.184482
0.139604
0.079595
0.100181
0.159224
0.193990
0.354888
0.262683
0.176016
0.481524
0.330885
0.540366
0.763762
0.612674
0.903258
0.778024
0.533964
0.440093
0.270882
0.455202
0.421424
0.405670
0.387876
0.393614
0.273092
0.265992
0.258428
0.445956
0.313209
0.562886
0.659687
0.671358
0.407303
0.504065
0.302447
0.340205
0.293756
0.261695
0.273664
0.237943
0.224118
0.266117
0.342614
0.165155
0.274191
0.269774
0.219020
0.292762
0.215337
0.370691
0.935931
1.819872
0.583410
0.470609
0.258403
0.187317
0.393084
0.103774
0.482286
0.366390
0.203223
0.157527
0.169522
0.268690
0.242544
0.345043
0.208465
0.265722
0.197470
0.312971
0.238348
0.204350
0.368325
0.196831
0.196849
0.247447
0.155561
0.114444
0.200454
0.273161
0.240845
0.223917
0.249914
0.523647
0.778711
1.770852
1.443808
0.490364
0.520662
0.396961
0.517711
0.239521
0.283218
0.087981
0.296298
0.232320
0.168310
0.808866
0.519566
0.433099
0.490503
0.472959
0.689320
1.382716
0.865678
0.384228
0.506520
0.770716
0.378277
0.591054
0.384553
0.664962
0.553930
0.280276
0.330896
0.504519
0.466981
0.222576
0.445601
0.374393
0.318658
0.412319
0.368769
0.187317
0.205083
0.231556
0.579668
0.356044
0.269232
0.242792
0.240396
0.509232
0.127278
0.138526
0.295034
0.208746
0.370413
0.252614
0.312091
0.241414
0.284446
0.231435
0.175238
0.288099
0.348868
0.377373
0.615522
0.362486
0.129652
0.156424
0.262533
0.152005
0.244889
0.251468
0.325129
0.262656
0.226088
0.268031
0.490506
0.350213
0.408802
0.330906
0.187534
0.388376
0.230766
0.138479
0.378717
0.306911
0.260266
0.528323
0.361174
0.491313
0.294829
0.438186
0.267006
0.345135
0.182495
0.359032
0.133068
0.154309
0.242389
0.293394
0.330584
0.264809
0.153883
0.164377
0.222077
0.381994
0.125277
0.177248
0.129474
0.278270
0.092171
0.264166
0.725366
0.684188
1.375899
1.071390
0.909133
0.454431
0.544557
0.490710
0.433668
0.231180
0.383277
0.363876
0.178501
0.358318
0.459679
0.384093
0.327684
0.436975
0.233585
0.282803
0.306945
0.387065
0.648922
0.704579
0.639866
0.509601
0.409937
0.455294
0.257427
0.235161
0.255596
0.372758
0.222394
0.131812
0.370944
0.258382
0.241033
0.274751
0.278085
0.347472
0.331477
0.206608
0.368607
0.170601
0.219248
0.097265
0.145390
0.431856
0.221347
0.365193
0.230882
0.254613
0.202960
0.312430
0.242877
0.252637
0.323619
0.230977
0.274442
0.200463
0.163964
0.392210
0.309033
0.297468
0.249740
0.205709
0.339547
0.147933
0.180421
0.168523
0.341654
0.407092
0.461070
0.213442
0.203285
0.164207
0.439625
0.255900
0.209464
0.082301
0.200975
0.125857
0.206778
0.045145
0.361613
0.451705
0.351465
0.359290
0.122493
0.201829
0.203337
0.285120
0.155608
0.178130
0.252625
0.236755
0.209047
0.133053
0.270960
0.170113
0.276091
0.140350
0.291056
0.522718
0.243422
0.561601
0.714958
0.223492
0.252499
0.242930
0.333853
0.751291
0.308332
0.343888
0.446657
0.656368
0.688600
0.688998
1.346140
1.704388
0.709527
0.444196
0.400250
0.439527
0.268599
0.430055
0.398393
0.553726
0.428637
0.363145
0.360688
0.408998
0.223650
0.166355
0.252482
0.455257
0.262668
0.235681
0.366773
0.287750
0.222708
0.189379
0.152405
0.325522
0.264887
0.206871
0.155350
0.393201
0.377859
0.173671
0.299791
0.367056
0.550099
0.639705
1.303550
1.138363
0.477955
0.289881
0.187205
0.186248
0.227588
0.279485
0.304614
0.073943
0.245386
0.274199
0.173836
0.188542
0.211504
0.293188
0.249116
0.111998
0.153313
0.280673
0.289418
0.265066
0.124080
0.161906
0.237080
0.396943
0.626272
0.199174
0.300118
0.309190
0.212669
0.243420
0.355990
0.276592
0.181443
0.264123
0.238432
0.144425
0.232527
0.165470
0.243655
0.173682
0.298593
0.311992
0.206975
0.279852
0.299814
0.197970
0.370871
0.253592
0.278578
0.176975
0.327263
0.126682
0.126882
0.087430
0.192880
0.144856
0.148358
0.313281
0.577017
0.339593
0.220023
0.166301
0.131220
0.397982
0.299730
0.199803
0.190929
0.282699
0.145908
0.242137
0.102525
0.164171
0.103437
0.123236
0.244089
0.158107
0.356675
0.176754
0.057552
0.452950
0.876931
1.989349
1.757089
1.101777
0.599497
0.546686
0.346883
0.333366
0.266317
0.318201
0.605202
0.404948
0.127070
0.310642
0.415454
0.189136
0.376049
0.422116
0.254328
0.417201
0.411702
0.143937
0.158629
0.191008
0.193104
0.229396
0.137141
0.121672
0.269219
0.229239
0.179002
0.480572
0.345156
0.188919
0.157682
0.329682
0.198983
0.400997
0.626051
0.273294
0.454349
0.406810
0.673076
0.236020
0.167999
0.112851
0.241919
0.655882
0.599942
0.583435
0.199479
0.333385
0.119063
0.122001
0.281363
0.129704
0.145480
0.150641
0.153058
0.182318
0.351433
0.237823
0.200905
0.228872
0.266853
0.263955
0.188287
0.212566
0.155802
0.283522
0.353695
0.210943
0.254250
0.219889
0.073116
0.337622
0.282846
0.134146
0.384428
0.213361
0.254261
0.454749
0.175843
0.234395
0.198001
0.289591
0.415292
0.283615
0.179328
0.089318
0.420907
0.211234
0.213487
0.464523
0.392999
0.317142
0.277771
0.210671
0.177964
0.403914
0.176028
0.213549
0.239187
0.558465
0.507080
0.328833
0.261345
0.316929
0.387582
0.253254
0.194630
0.178721
0.202838
0.220776
0.151452
0.450317
0.197523
0.261016
0.135152
0.179906
0.289688
0.131597
0.174671
0.297460
0.252940
0.071909
0.310896
0.255066
0.563878
1.831874
1.684554
1.220648
0.536094
0.455528
0.827146
0.719648
0.345533
0.763048
0.703654
0.745866
1.108954
2.027188
0.651663
0.469137
0.463330
0.334013
0.447800
0.451620
0.482651
0.351866
0.287937
0.537651
0.496142
0.406164
0.391139
0.338152
0.284211
0.226028
0.407991
0.210139
0.315726
0.181856
0.216534
0.344763
0.169811
0.116978
0.432778
0.151660
0.270914
0.486304
0.526770
0.294052
0.287637
0.245699
0.406083
0.379220
0.204504
0.305350
0.411726
0.131708
0.486806
0.322100
0.148550
0.167777
0.371053
0.563732
0.664716
0.533049
0.335969
0.426874
0.161795
0.288015
0.087583
0.142208
0.227570
0.384911
0.362129
0.393271
0.170750
0.373487
0.225877
0.240193
0.120327
0.244469
0.201716
0.166563
0.230172
0.146126
0.244759
0.179394
0.187464
0.215153
0.380791
0.504964
0.782187
0.370556
0.313814
0.219605
0.394282
0.226770
0.271543
0.328764
0.439795
0.370887
0.190619
0.116207
0.253149
0.195302
0.190405
0.129681
0.123388
0.254611
0.202340
0.374923
0.186735
0.226200
0.225124
0.234530
0.133727
0.221947
0.321331
0.377569
0.214156
0.054355
0.117448
0.217433
0.114332
0.261248
0.097691
0.091147
0.326586
0.325669
0.267258
0.217961
0.399901
0.326779
0.198223
0.264966
0.189689
0.247469
0.401338
0.257349
0.121317
0.273037
0.221022
0.330436
0.417773
0.358202
0.381279
0.300342
0.269337
0.282060
0.176010
0.169518
0.198629
0.097302
0.373094
0.444545
0.357152
0.448872
0.349323
0.339953
0.382937
0.252658
0.255742
0.213170
0.202843
0.134939
0.220822
0.770998
0.827289
1.487480
1.179129
0.595510
0.671971
0.827289
0.391840
0.537790
0.243418
0.341130
0.326002
0.262893
0.366512
0.233650
0.455064
0.509558
0.184457
0.345195
0.391435
0.210433
0.790531
0.502768
0.284238
0.377309
0.300545
0.395714
0.257315
0.218856
0.228933
0.148533
0.510084
0.170939
0.243118
0.181934
0.143788
0.173284
0.429415
0.301428
0.396404
0.324240
0.411740
0.275454
0.180042
0.155436
0.081669
0.340349
0.209262
0.324738
0.270955
0.456603
0.552059
0.539538
0.228097
0.204703
0.322109
0.276049
0.339174
0.116773
0.290565
0.414798
0.299426
0.084961
0.190673
0.231562
0.277790
0.293204
0.334520
0.524696
0.595443
0.654623
0.489279
0.337875
0.394317
0.203738
0.129263
0.153844
0.173538
0.264276
0.486211
0.236077
0.288099
0.124796
0.343578
0.244726
0.133490
0.149035
0.110771
0.258643
0.277085
0.233211
0.491113
0.088853
0.149820
0.104594
0.180136
0.061807
0.172144
0.341732
0.237232
0.202014
0.242150
0.273369
0.220809
0.282919
0.456205
0.285836
0.179526
0.120575
0.264173
0.075406
0.137832
0.212862
0.475667
0.394986
0.107032
0.206812
0.096863
0.288644
0.227195
0.300560
0.226200
0.192080
0.311305
0.210850
0.285346
0.412646
0.166383
0.104981
0.260423
0.128736
0.173896
0.140463
0.207414
0.235478
0.482114
2.473475
2.333799
1.242052
1.075592
0.773226
0.379321
0.817027
0.530151
0.447248
0.502920
0.418788
0.279650
0.393738
0.312459
0.305506
0.476607
0.513178
0.483498
0.559017
0.159687
0.363558
0.469558
0.239209
0.469410
0.332039
0.436890
0.347811
0.393495
0.282571
0.328587
0.358583
0.444218
0.822627
0.469832
0.495575
0.339788
0.442155
0.658243
1.062018
0.988549
0.876912
0.671619
0.474716
0.493601
0.292120
0.369197
0.437218
0.388879
0.461907
0.348482
0.158819
0.212361
0.353980
0.190844
0.464870
0.264550
0.174392
0.449657
0.250368
0.267771
0.228772
0.238322
0.071407
0.150305
0.257073
0.767501
0.409480
0.305581
0.145254
0.325327
0.244338
0.125862
0.184611
0.183916
0.283529
0.248327
0.210628
0.193239
0.231376
0.191679
0.132950
0.120794
0.199185
0.225560
0.181757
0.262592
0.269027
0.132722
0.261594
0.221561
0.203517
0.318562
0.451280
0.826519
1.332606
1.101544
0.392468
0.379888
0.355034
0.241452
0.214667
0.477233
0.424967
0.149779
0.520010
0.239519
0.289546
0.194217
0.064147
0.250479
0.200010
0.299366
0.358830
0.199671
0.352924
0.196356
0.289957
0.194221
0.210717
0.194267
0.180528
0.257181
0.210289
0.094960
0.069083
0.283439
0.133903
0.136051
0.428235
0.286787
0.298487
0.175947
0.286021
0.093379
0.160040
0.115979
0.158605
0.279827
0.102308
0.251249
0.210342
0.169011
0.287925
0.364368
0.358204
0.351919
0.359010
0.272408
0.248965
0.128591
0.088682
0.133715
0.173422
0.178565
0.135804
0.339280
0.176515
0.308425
0.150278
0.138497
0.180197
0.230585
0.262841
0.211870
0.225963
0.552815
0.291618
0.220550
0.343081
0.180492
0.141150
0.186396
0.201390
0.273913
0.199695
0.161133
0.132992
0.310604
0.223716
0.319554
0.306822
0.398199
0.351542
0.108756
0.136639
0.285642
0.211837
0.318578
0.228271
0.203234
0.093566
0.341216
0.304869
0.410380
0.439148
0.223937
0.192098
0.349401
0.102159
0.214167
0.132433
0.106637
0.337722
0.262115
0.344930
0.150312
0.294159
0.231658
0.255429
0.201660
0.209214
0.110272
0.244383
0.264446
0.184527
0.797648
0.698008
0.658070
0.683764
0.546426
0.458034
0.378255
0.261776
0.318456
0.435257
0.480967
0.278435
0.257682
0.419554
0.221280
0.212761
0.257501
0.356352
0.292572
0.374891
0.401056
0.209553
0.397071
0.233492
0.082536
0.158863
0.192470
0.201310
0.519375
0.347149
0.438885
0.451084
0.414546
0.204705
0.413369
0.231724
0.461870
0.298546
0.258339
0.299554
0.192887
0.280982
0.265986
0.389144
0.294508
0.312305
0.228824
0.407534
0.325386
0.371300
0.138945
0.136595
0.178547
0.229536
0.220500
0.282873
0.210094
0.210136
0.151975
0.130032
0.163471
0.300764
0.173299
0.162859
0.219358
0.361188
0.296197
0.320053
0.196105
0.175800
0.239047
0.272916
0.139221
0.249204
0.114403
0.212667
0.236163
0.253860
0.163008
0.419850
0.811186
1.478702
0.577520
0.404636
0.321975
0.365669
0.569154
0.347547
0.436540
0.238971
0.073766
0.167531
0.140800
0.069164
0.321550
0.373817
0.469872
0.236784
0.115061
0.175836
0.244242
0.409733
0.224924
0.173903
0.149884
0.183398
0.282563
0.381117
0.171880
0.315876
0.154501
0.179956
0.271279
0.249664
0.128547
0.137043
0.210918
0.227062
0.130582
0.282405
0.314553
0.165397
0.210163
0.120939
0.275588
0.277181
0.259268
0.155819
0.220394
0.299148
0.338575
0.229035
0.237070
0.096299
0.148890
0.159759
0.299730
0.209859
0.288224
0.197996
0.133003
0.201004
0.405954
0.518044
0.535729
0.695269
0.313133
0.194860
0.157924
0.209551
0.212095
0.324275
0.211861
0.114816
0.149792
0.167185
0.296345
0.117146
0.132664
0.166204
0.252682
0.133828
0.314285
0.231674
0.128511
0.324870
0.283923
0.368955
0.355878
0.095662
0.155938
0.167155
0.162340
0.277982
0.088488
0.274592
0.172142
0.093349
0.329052
0.267712
0.323562
0.284243
0.162592
0.230631
0.132297
0.278930
0.272022
0.128373
0.328750
0.166333
0.185794
0.245902
0.336802
0.332037
0.582240
1.859045
2.928780
1.433897
1.128135
1.007487
1.212778
1.298513
0.609160
0.458241
0.228065
0.409420
0.495536
0.528469
0.209598
0.610747
0.271495
0.272991
0.382690
0.402707
0.442222
0.245198
0.269053
0.287626
0.274072
0.369647
0.321924
0.355877
0.252201
0.173908
0.245758
0.569349
0.478431
0.294054
0.415696
0.462444
0.308263
0.349222
0.249704
0.192034
0.390357
0.344887
0.236926
0.157072
0.323140
0.105812
0.347211
0.352404
0.387797
0.290052
0.365605
0.321644
0.100350
0.210546
0.382593
0.351881
0.180458
0.184228
0.162015
0.136447
0.170252
0.205460
0.215264
0.228984
0.187940
0.366738
0.337187
0.145195
0.188789
0.115808
0.263469
0.360658
0.209986
0.414138
0.560610
0.704237
0.465698
0.365358
0.175654
0.225354
0.109421
0.241216
0.259754
0.245989
0.227941
0.207968
0.060617
0.230210
0.240492
0.307311
0.088449
0.232787
0.283241
0.287089
0.078274
0.170245
0.128930
0.095677
0.147205
0.180966
0.185489
0.170623
0.195623
0.374347
0.334694
0.320523
0.410515
1.514932
1.550582
0.636924
0.443157
0.307697
0.354197
0.329833
0.199507
0.294370
0.271609
0.260383
0.515246
0.250558
0.381787
0.315610
0.126604
0.234956
0.220208
0.082887
0.176361
0.177879
0.211189
0.133806
0.310467
0.131719
0.138482
0.328457
0.274367
0.246064
0.329274
0.319778
0.139594
0.130863
0.146245
0.305664
0.142981
0.164124
0.223288
0.125318
0.172659
0.261461
0.191242
0.325667
0.529986
0.334505
0.258306
0.357300
0.255934
0.114135
0.279072
0.265333
0.153432
0.096206
0.154213
0.279136
0.370270
0.200338
0.163171
0.207063
0.357940
0.257844
0.114672
0.266936
0.263052
0.298804
0.286400
0.128827
0.083346
0.133056
0.293048
0.229290
0.290207
0.200626
0.109097
0.253127
0.431658
0.092105
0.242081
0.209998
0.199907
0.258456
0.655258
0.672875
0.446983
0.293030
0.358921
0.312591
0.311138
0.273314
0.204028
0.097635
0.282272
0.288976
0.152639
0.139859
0.285325
0.196550
0.222857
0.154175
0.112693
0.436526
0.260868
0.204810
0.357410
0.315896
0.193683
0.267237
0.195014
0.273235
0.189225
0.288043
0.278627
0.114751
0.791377
0.594820
0.541831
0.661674
0.603893
0.618754
0.465711
0.358261
0.561027
0.643288
0.494009
0.321317
0.354535
0.467821
0.400796
0.591131
0.395219
0.301950
0.242612
0.353796
0.293903
0.404379
0.454250
0.367614
0.167804
0.180666
0.169263
0.340130
0.224061
0.395799
0.284809
0.322135
0.242608
0.441915
0.757136
0.092429
0.275168
0.335656
0.315848
0.113350
0.225325
0.099615
0.137688
0.193826
0.252893
0.345055
0.188277
0.431585
0.326938
0.134623
0.242803
0.273540
0.168096
0.246292
0.281489
0.265271
0.118668
0.274856
0.176141
0.155509
0.368364
0.230294
0.218513
0.262760
0.188417
0.221400
0.230420
0.305129
0.217825
0.241922
0.327437
0.180551
0.120335
0.262972
0.333302
0.437627
0.467400
0.290476
0.213421
0.246919
0.142229
0.229514
0.235306
0.478007
0.299153
0.191700
0.324454
0.418504
1.500271
2.550658
0.906315
0.610255
0.288546
0.425408
0.282814
0.311771
0.183889
0.197096
0.344755
0.216078
0.271615
0.379884
0.375873
0.225973
0.352068
0.162113
0.217121
0.238943
0.211825
0.237503
0.245681
0.177196
0.352551
0.229221
0.096836
0.279316
0.144023
0.108580
0.137457
0.322986
0.123251
0.254138
0.122393
0.298969
0.314187
0.249410
0.474060
0.247567
0.202734
0.158495
0.322740
0.170753
0.387458
0.224092
0.216023
0.243188
0.466676
0.191753
0.246329
0.230625
0.226124
0.270110
0.217650
0.329045
0.182798
0.197259
0.223103
0.509813
0.255375
0.115612
0.295578
0.186590
0.124628
0.161349
0.309882
0.317779
0.226506
0.369117
0.264546
0.280965
0.234449
0.315887
0.132393
0.253589
0.266573
0.272312
0.271057
0.125273
0.210223
0.145024
0.285927
0.236116
0.201669
0.292480
0.173618
0.132253
0.524464
0.287324
0.283049
0.160646
0.156019
0.222903
0.292576
0.322588
0.255638
0.127953
0.292986
0.171661
0.426252
0.274472
0.111496
0.245659
0.193316
0.146306
0.261123
0.300844
0.234490
0.314050
0.041227
0.103521
0.301362
0.217793
0.144157
0.112980
0.091094
0.071467
0.135816
0.082021
0.410575
0.291485
0.249760
0.217619
0.267568
0.316230
0.167041
0.163948
0.140153
0.340228
0.241363
0.146986
0.216318
0.228763
0.103630
0.128926
0.228698
0.250523
0.135845
0.255095
0.214993
0.172245
0.107541
0.089576
0.901969
0.662713
0.631626
0.771917
0.617366
0.901470
1.230819
0.464824
0.558605
0.467088
0.556536
0.355416
0.294176
0.310480
0.253029
0.405917
0.596150
0.271936
0.243944
0.299949
0.371382
0.357320
0.298254
0.353850
0.265014
0.301658
0.377899
0.414478
0.290003
0.330806
0.771880
1.688861
1.262451
0.736870
0.406844
0.564122
0.427719
0.409544
0.251884
0.377685
0.370326
0.206276
0.418985
0.373174
0.362584
0.315144
0.210888
0.241488
0.311761
0.153794
0.261414
0.634892
0.287388
0.481200
0.216120
0.238477
0.261861
0.386985
0.267667
0.240429
0.155096
0.163335
0.202407
0.301648
0.171351
0.258593
0.368587
0.414303
0.512057
0.183477
0.223098
0.160840
0.542490
0.236913
0.199168
0.187971
0.234645
0.085547
0.155372
0.254127
0.192832
0.115007
0.269147
0.261446
0.141109
0.056993
0.313987
0.212703
0.375157
0.314766
0.264866
0.123897
0.159641
0.088660
0.171688
0.354666
0.378446
0.369233
0.477147
0.117842
0.146710
0.347806
0.210489
0.241063
0.399756
0.286480
0.261992
0.279089
0.296063
0.163504
0.315213
0.212233
0.107258
0.278829
0.235080
0.262490
0.391994
0.379078
0.204033
0.139205
0.188712
0.228073
0.301884
0.315780
0.155966
0.125526
0.147531
0.202712
0.097151
0.082239
0.155275
0.228078
0.108505
0.248726
0.385459
0.420357
0.519720
0.732082
0.749766
0.782448
0.279438
0.205567
0.349098
0.325048
0.264300
0.243655
0.325627
0.352579
0.306249
0.192693
0.201254
0.165544
0.172926
0.151196
0.315759
0.190017
0.442442
0.163664
0.111113
0.104769
0.180547
0.423896
0.310208
0.348617
0.211615
0.199745
0.167953
0.122427
0.179988
0.430440
0.266223
0.172638
0.117476
0.165571
0.201049
0.125677
0.157790
0.345722
0.337763
0.192546
0.127633
0.067707
0.109704
0.294072
0.295003
0.197550
0.068867
0.171885
0.231693
0.170383
0.253885
0.324143
0.139346
0.148700
0.198002
0.068315
0.285309
0.333502
0.184338
0.187770
0.153804
0.352173
0.429093
0.371717
0.324281
0.220594
0.265812
0.191281
0.508760
0.489718
0.378493
0.323148
0.190693
0.264114
0.171838
0.113518
0.179072
0.297643
0.389856
0.117497
0.104555
0.229993
0.404089
0.328049
0.265201
0.249450
0.188755
0.419425
0.361063
0.192128
0.174464
0.178119
0.288773
0.226304
0.142039
0.163273
0.117064
0.091902
0.240019
0.331926
0.211755
0.174193
0.066213
0.202925
0.146197
0.260481
0.197560
0.194231
0.336759
0.253598
0.184247
0.128889
0.396480
0.170122
0.206575
0.262025
0.100921
0.040447
0.075338
0.114988
0.376664
0.521381
1.725786
2.222620
0.639398
0.336644
0.959463
0.472608
0.399810
0.474469
0.377498
0.585889
1.351763
1.003383
0.653572
0.516196
0.378884
0.451055
0.778390
0.419614
0.692566
0.390480
0.458025
0.702340
0.371826
0.284337
0.240223
0.235701
0.340478
0.329793
0.229881
0.265281
0.210605
0.226597
0.282455
0.394653
0.170660
0.118811
0.525992
0.351829
0.367735
0.337969
0.224074
0.412620
0.693863
0.387236
0.176762
0.397192
0.363391
0.331660
0.361838
0.082402
0.194327
0.361241
0.166393
0.312852
0.348315
0.190440
0.269488
0.365886
0.189615
0.089491
0.121772
0.155798
0.363399
0.167312
0.183502
0.328894
0.290022
0.227046
0.244318
0.256775
0.400771
0.262737
0.197798
0.113510
0.238736
0.547537
0.447787
0.299627
0.328911
0.330882
0.759968
1.929359
1.053801
0.633043
0.600390
0.317096
0.231331
0.425390
0.208010
0.383682
0.258429
0.132853
0.331548
0.355716
0.188901
0.287874
0.186755
0.421846
0.221372
0.158971
0.085214
0.238754
0.193202
0.163251
0.172467
0.399718
0.215817
0.417730
0.177792
0.211027
0.235804
0.255108
0.209733
0.108768
0.376455
0.157204
0.336452
0.423348
0.215043
0.082730
0.444026
0.117990
0.174868
0.180208
0.256331
0.300429
0.200717
0.256398
0.076594
0.291054
0.201523
0.554551
0.301736
0.165399
0.153336
0.241610
0.144849
0.146828
0.236639
0.180774
0.491480
0.373293
0.545987
0.366501
0.298849
0.063301
0.245536
0.108788
0.196160
0.297583
0.324513
0.350798
0.342396
0.312196
0.364323
0.158282
0.270052
0.175506
0.148670
0.174047
0.286118
0.203161
0.203055
0.249130
0.296842
0.140309
0.266891
0.214935
0.189431
0.472540
0.359511
0.146190
0.203813
0.115185
0.129041
0.189209
0.110830
0.105643
0.140855
0.240107
0.238357
0.199724
0.193532
0.238756
0.174621
0.335790
0.200913
0.160923
0.323469
0.256235
0.170443
0.134320
0.390908
0.191462
0.371421
0.125843
0.299773
0.414423
0.089269
0.117394
0.151345
0.208197
0.426093
0.260587
0.179740
0.168282
0.227430
0.115285
0.139919
0.274743
0.184370
0.341992
0.496852
0.225230
0.287119
0.179585
0.370847
0.178089
0.216407
0.252964
0.108244
0.128305
0.215803
0.241348
0.073742
0.131860
0.205865
0.097609
0.192204
0.312205
0.257840
0.107857
0.210906
0.419953
0.292748
0.193183
0.208895
0.390982
0.208506
0.281810
0.319249
0.115435
0.370662
0.307874
0.324136
0.508397
0.269762
0.145362
0.117941
0.349395
0.200907
0.236331
0.208414
0.155378
0.146563
0.199658
0.109991
0.065480
0.077069
0.186649
0.134433
0.201448
0.252142
0.194854
0.232153
0.113748
0.264409
0.100920
0.202665
0.208188
0.152551
0.134176
0.384065
0.050935
0.121195
0.191027
0.147207
0.214357
0.337195
0.437565
0.624012
0.604485
0.560458
0.284582
0.203847
0.125275
0.187071
0.238092
0.152340
0.782095
0.657203
0.622059
0.814875
1.399488
1.934299
0.773522
0.287798
0.266969
0.517213
0.328833
0.383262
0.239416
0.285734
0.381598
0.338341
0.396913
0.775338
0.810697
0.417616
0.366677
0.313285
0.338063
0.229464
0.241476
0.270374
0.278525
0.295262
0.306508
0.475615
0.253984
0.167883
0.152707
0.288953
0.264213
0.246229
0.278671
0.476841
0.198615
0.400611
0.387677
0.235424
0.273171
0.289682
0.277108
0.234284
0.130792
0.327621
0.094528
0.149682
0.265070
0.205154
0.415651
0.507552
0.656546
0.640982
0.769597
0.371801
0.282921
0.227357
0.163366
0.238703
0.319455
0.232050
0.094526
0.230758
0.372506
0.152328
0.319760
0.210728
0.101428
0.259539
0.206522
0.135175
0.119227
0.075213
0.091200
0.537484
0.270210
0.298565
0.223146
0.207841
0.355460
0.211565
0.292494
0.305699
0.106522
0.354837
0.279763
0.288317
0.410382
1.077335
1.721832
0.548829
0.388524
0.391545
0.225582
0.337151
0.311152
0.143927
0.140604
0.337357
0.345971
0.248027
0.580820
0.201186
0.137331
0.174953
0.109477
0.172800
0.271976
0.314991
0.087301
0.347881
0.263690
0.230574
0.246703
0.274575
0.460475
0.148050
0.152788
0.122290
0.131754
0.246831
0.389454
0.376702
0.360352
0.202531
0.620955
0.293941
0.405792
0.348956
0.172154
0.565087
0.274991
0.209749
0.181441
0.316037
0.108390
0.270094
0.292690
0.114127
0.128148
0.122001
0.195372
0.162324
0.040366
0.102244
0.243640
0.255659
0.328339
0.050810
0.201961
0.240025
0.109929
0.329714
0.150614
0.163784
0.253128
0.314913
0.243238
0.121518
0.139399
0.276350
0.284189
0.244823
0.216824
0.210864
0.234777
0.302639
0.396188
0.431843
0.347044
0.304226
0.254922
0.097034
0.402136
0.209391
0.088206
0.325067
0.142783
0.278202
0.180784
0.140282
0.284084
0.172617
0.082145
0.196327
0.237027
0.254676
0.176745
0.131914
0.122908
0.138471
0.144206
0.305314
0.156708
0.269700
0.215808
0.199921
0.188181
0.057143
0.183335
0.142306
0.203106
0.223838
0.320615
0.234505
0.284408
0.132326
0.448006
0.156486
0.123407
0.128402
0.357525
0.193652
0.204628
0.206970
0.094192
0.157949
0.262011
0.233196
0.137417
0.239841
0.115002
0.150273
0.140653
0.300072
0.181837
0.102388
0.279889
0.384699
0.185971
0.370042
0.171992
0.101093
0.219004
0.064411
0.194648
0.252236
0.303886
0.161635
0.207348
0.248260
0.191032
0.226405
0.317841
0.309713
0.371685
0.109444
0.205467
0.227690
0.313211
0.239219
0.424660
0.717783
2.692061
2.521372
1.583978
1.338919
0.700995
0.404815
0.526878
0.280913
0.290735
0.492111
0.275602
0.220428
0.170173
0.122377
0.298147
0.287896
0.079732
0.143174
0.130908
0.147164
0.166217
0.179913
0.253637
0.186199
0.231288
0.200425
0.232733
0.092072
0.166260
0.189986
0.255111
0.321307
0.247552
0.214636
0.309643
0.141928
0.096997
0.066003
0.236898
0.152920
0.262432
0.242765
0.312156
0.198550
0.272062
0.205384
0.133228
0.867525
0.828953
0.721864
1.034641
1.757677
0.760806
0.522776
0.570734
0.410577
0.343428
0.337294
0.279717
0.222895
0.288279
0.218787
0.371604
0.342499
0.527060
0.629840
0.292334
0.343839
0.284742
0.269898
0.234486
0.256007
0.309518
0.295729
0.145579
0.166147
0.229573
0.295058
0.360290
0.140344
0.424781
0.247413
0.288131
0.328409
0.140241
0.282533
0.286837
0.196096
0.202275
0.350140
0.378869
0.421218
0.179909
0.177440
0.279809
0.196429
0.182579
0.301655
0.464515
0.828534
1.210990
0.970626
0.669989
0.419274
0.379467
0.487008
0.239056
0.297632
0.286612
0.301712
0.191026
0.108655
0.226667
0.202947
0.096312
0.142036
0.284187
0.223622
0.262400
0.382514
0.230764
0.210760
0.215401
0.476546
0.324151
0.345569
0.315362
0.478686
0.280550
0.265142
0.189049
0.252020
0.192361
0.252071
0.534309
0.357925
0.212014
0.209148
0.246288
0.219096
0.233779
0.243101
0.121123
0.152374
0.257314
0.160624
0.122800
0.307948
0.236139
0.209568
0.164330
0.112793
0.248184
0.217548
0.316050
0.257518
0.285507
0.152093
0.232035
0.273015
0.108745
0.170610
0.178139
0.161848
0.159592
0.370145
0.119705
0.190556
0.283004
0.399876
0.413022
0.347363
0.150772
0.508325
0.254611
0.149075
0.144865
0.338149
0.321378
0.230976
0.229296
0.147168
0.198758
0.179843
0.086257
0.251892
0.072298
0.071225
0.243082
0.177909
0.119999
0.141933
0.397135
0.197990
0.265496
0.312463
0.256758
0.246515
0.180472
0.161870
0.274988
0.292966
0.225464
0.105610
0.199241
0.179056
0.156743
0.176885
0.265046
0.222584
0.259863
0.302391
0.323630
0.293321
0.278789
0.113275
0.077143
0.145253
0.236721
0.218317
0.315348
0.428423
0.207030
0.406524
0.302274
0.235629
0.272321
0.353612
0.114278
0.206999
0.083394
0.169018
0.189633
0.174018
0.167691
0.143911
0.257103
0.291394
0.454357
0.297451
0.286039
0.088173
0.153923
0.111559
0.246260
0.228768
0.261195
0.103624
0.212398
0.146211
0.207051
0.177400
0.256210
0.182611
0.207251
0.141193
0.147818
0.158695
0.163515
0.354938
0.161374
0.350650
0.332089
0.302385
0.288811
0.157460
0.265415
0.272826
0.208282
0.355633
0.270502
0.118600
0.215962
0.182025
0.430382
0.226395
0.121209
0.506054
0.171333
0.148759
0.178397
0.200052
0.212080
0.102048
0.216054
0.474273
0.345819
0.174061
0.265682
0.185036
0.206952
0.177465
0.142134
0.140310
0.255937
0.247624
0.440303
0.161702
0.354832
0.283499
0.215123
0.299147
0.147775
0.287062
0.233552
0.191221
0.205691
0.266600
0.221480
0.090360
0.094465
0.215741
0.188035
0.135812
0.382914
0.077429
0.201891
0.182083
0.199833
0.258275
0.198195
0.241838
0.121096
0.156496
0.176092
0.163457
0.104433
0.195407
0.270528
0.139517
0.390299
0.336492
0.668498
0.499351
0.319368
0.267220
0.170216
0.242568
0.217962
0.131205
0.262829
0.425295
0.198099
0.229073
0.300199
0.241852
0.157405
0.278673
0.196087
0.136803
0.233558
0.090358
0.185173
0.136810
0.119226
0.277480
0.087889
0.271580
0.140371
0.176144
0.233642
0.309498
0.257536
0.138542
0.201745
0.205896
0.220791
0.216123
0.286255
1.071963
1.005358
1.683489
1.024179
0.769403
0.503876
0.308575
0.440213
0.399145
0.391649
0.294575
0.403189
0.513294
0.318677
0.438640
0.372416
0.484543
0.417600
0.253780
0.467587
0.324634
0.268927
0.435451
0.263386
0.331306
0.468491
0.367318
0.209481
0.425615
0.312496
0.251931
0.203819
0.204541
0.209883
0.230985
0.403073
0.480164
0.357086
0.339421
0.206373
0.604750
0.527055
0.216999
0.227494
0.217489
0.199938
0.415234
0.187361
0.421061
0.177052
0.204192
0.374040
0.278963
0.428563
0.231033
0.138836
0.225215
0.252093
0.166184
0.143322
0.175444
0.156659
0.252481
0.240225
0.425154
0.427248
0.700086
0.451992
0.164658
0.157398
0.410715
0.296691
0.470219
0.340430
0.165320
0.284406
0.347521
0.252065
0.150765
0.181617
0.230737
0.305745
0.174231
0.208536
0.123094
0.230910
0.370093
0.115557
0.147573
0.281853
0.217513
0.291189
0.171245
0.316503
0.252421
0.136380
0.127624
0.136026
0.111703
0.300144
0.156553
0.162296
0.083454
0.225813
0.229241
0.143275
0.356225
0.119503
0.235556
0.325387
0.328010
0.337092
0.305421
0.398385
0.250712
0.377838
0.244099
0.103435
0.236158
0.240002
0.146739
0.230033
0.232455
0.141336
0.379253
0.505352
0.540290
0.303233
0.094159
0.232646
0.194194
0.221123
0.129928
0.277551
0.272227
0.429845
0.132429
0.227715
0.177032
0.239475
0.145844
0.209583
0.269344
0.159083
0.184024
0.212798
0.451615
0.256100
0.466944
0.699778
0.517717
0.187577
0.394905
0.223205
0.260807
0.236170
0.152730
0.205771
0.234119
0.199148
0.444996
0.193878
0.151225
0.151371
0.267762
0.174308
0.136463
0.276745
0.192159
0.228427
0.302218
0.110660
0.300632
0.244545
0.453704
0.382408
0.262010
0.394690
0.182076
0.196139
0.324243
0.258226
0.179741
0.099646
0.193741
0.161827
0.223675
0.171487
0.083755
0.142855
0.297387
0.400006
0.141182
0.204512
0.242376
0.230498
0.087721
0.245950
0.087568
0.283558
0.331960
0.128696
0.212189
0.094577
0.467838
0.315123
0.328494
0.247815
0.195173
0.464478
0.292440
0.361778
0.265963
0.387331
0.202597
0.134383
0.116046
0.409792
0.297080
0.231172
0.328328
0.039831
0.265140
0.157850
0.339889
0.200482
0.308269
0.282819
0.203919
0.268376
0.116959
0.145579
0.177882
0.409591
0.182822
0.108318
0.251608
0.134072
0.240858
0.246378
0.184287
0.187398
0.087398
0.162848
0.330083
0.242269
0.074587
0.178206
0.386692
0.093877
0.232382
0.232890
0.201464
0.115734
0.227751
0.267310
0.285765
0.433529
1.186773
2.851664
0.828252
0.461679
0.291047
0.503683
0.185616
0.237696
0.317284
0.339648
0.186620
0.241413
0.128651
0.228013
0.287515
0.183044
0.286860
0.214686
0.064771
0.116634
0.186612
0.145253
0.451804
0.317189
0.228461
0.162944
0.126144
0.105526
0.191716
0.140533
0.456817
0.261223
0.094103
0.130460
0.195558
0.275909
0.162538
0.204220
0.165081
0.130733
0.083016
0.232470
0.208694
0.183421
0.127052
0.184064
0.235206
0.212430
0.140484
0.163430
0.213841
0.161019
0.241361
0.204935
0.334818
0.211899
0.256456
0.156650
0.188745
0.123782
0.101441
0.084729
0.114758
0.084930
0.101022
0.231857
0.144057
0.331164
0.155635
0.166115
0.358525
0.347099
0.038774
0.182178
0.269694
0.150443
0.272353
0.473528
0.315452
0.397972
0.223256
0.270953
0.298482
0.881735
0.599370
0.526752
0.597563
0.592618
1.230526
1.995979
0.884594
0.718462
0.405019
0.418836
0.307788
0.387061
0.350074
0.230215
0.406448
0.486610
0.261776
0.312823
0.174882
0.342525
0.238533
0.235065
0.586856
0.326457
0.544501
0.246919
0.346079
0.396679
0.304627
0.340268
0.371407
0.201121
0.251738
0.326910
0.308944
0.214287
0.254727
0.279658
0.325239
0.099022
0.138160
0.240658
0.208983
0.192554
0.366974
0.122244
0.236423
0.311322
0.301624
0.298068
0.293480
0.429844
0.307711
0.246557
0.378088
0.232831
0.338859
0.382249
0.197127
0.198615
0.203514
0.361864
0.175409
0.193898
0.173718
0.217052
0.342941
0.616748
0.805692
0.711495
0.510617
0.255767
0.215697
0.394683
0.245495
0.206751
0.223336
0.207456
0.305928
0.164543
0.137031
0.153045
0.368648
0.309137
0.216701
0.435100
0.204933
0.251527
0.260086
0.249692
0.084000
0.206644
0.282286
0.355838
0.317644
0.131579
0.142584
0.246138
0.095150
0.234645
0.201212
0.048675
0.377456
0.464303
0.431991
0.163713
0.157218
0.313992
0.234774
0.370451
0.294238
0.163293
0.136415
0.291120
0.206220
0.293957
0.367597
0.190522
0.283908
0.128826
0.233528
0.107497
0.206273
0.319506
0.271518
0.180161
0.210777
0.080187
0.269247
0.264757
0.448875
0.487754
0.244084
0.126779
0.205805
0.197573
0.292840
0.225125
0.178642
0.228215
0.362616
0.093074
0.329149
0.257775
0.287227
0.323977
0.159673
0.130288
0.097702
0.087153
0.329971
0.186812
0.072655
0.350090
0.134795
0.159985
0.205332
0.188687
0.138032
0.210516
0.155785
0.160797
0.143282
0.214801
0.102499
0.160882
0.209826
0.144046
0.265917
0.279586
0.272484
0.210651
0.184290
0.247640
0.186680
0.325745
0.226707
0.085780
0.179326
0.268806
0.110915
0.156102
0.130807
0.124727
0.267674
0.231108
0.264293
0.264057
0.280766
0.273455
0.263252
0.202663
0.138731
0.321334
0.278849
0.352763
0.244212
0.145739
0.146596
0.356194
0.179620
0.267278
0.128509
0.095835
0.165952
0.155238
0.183098
0.131252
0.150296
0.172850
0.149398
0.109852
0.068702
0.086983
0.262522
0.257977
0.312226
0.283509
0.250959
0.167833
0.123353
0.165142
0.143652
0.212176
0.295781
0.294540
0.339151
0.236922
0.241078
0.170088
0.113088
0.244545
0.080258
0.227544
0.338210
0.439269
0.800502
0.888095
0.319138
0.217914
0.176660
0.096065
0.179865
0.121444
0.110224
0.164992
0.164092
0.280734
0.332909
0.217989
0.196116
0.328041
0.341548
0.482819
0.560105
0.600189
0.303542
0.232639
0.110120
0.171948
0.157184
0.249690
0.165120
0.292330
0.343835
0.287208
0.159638
0.470893
0.356445
0.199853
0.319528
0.169463
0.325781
0.416307
0.135405
0.367880
0.148831
0.280240
0.530012
0.300752
0.181392
0.288956
0.402816
0.267601
0.207093
0.135999
0.252807
0.191924
0.193224
0.133589
0.117596
0.307289
0.301595
0.064208
0.167377
0.110228
0.151198
0.196743
0.303000
0.091394
0.224700
0.179208
0.119076
0.294340
0.259589
0.418001
0.434682
0.292908
0.200721
0.193965
0.213104
0.190330
0.440444
0.141712
0.061167
0.492069
0.610141
0.717823
0.405572
0.251158
0.190080
0.191947
0.482830
0.131604
0.188857
0.376444
0.285325
0.145758
0.298757
0.191796
0.182997
0.183725
0.227049
0.151106
0.158443
0.245698
0.169024
0.230787
0.170912
0.145545
0.161312
0.091978
0.233035
0.297551
0.155912
0.258423
0.138600
0.124945
0.105829
0.270342
0.098441
0.177562
0.196854
0.079606
0.059144
0.326107
0.295357
0.167929
0.190716
0.185134
0.640160
1.438472
1.786458
0.815307
0.762038
0.539116
0.522984
0.460336
0.356647
0.443962
0.286652
0.358306
0.330458
0.447868
0.351707
0.592581
0.744585
0.401059
0.386492
0.356941
0.343334
0.238173
0.303483
0.286854
0.283411
0.508528
0.736871
1.040535
0.671533
0.324285
0.296701
0.283814
0.264440
0.319167
0.154157
0.294992
0.427362
0.242842
0.252779
0.231835
0.198828
0.363468
0.206068
0.370375
0.198856
0.265843
0.207411
0.252636
0.161312
0.160552
0.100263
0.354021
0.320466
0.330151
0.271320
0.219917
0.308701
0.415247
0.189218
0.398669
0.185173
0.316401
0.209046
0.258230
0.416066
0.230691
0.331823
0.144188
0.431000
0.738021
0.203759
0.318491
0.219441
0.109946
0.404099
0.389529
0.364716
0.369013
0.213911
0.321396
0.196094
0.139236
0.197644
0.197783
0.159703
0.223217
0.211326
0.243899
0.399582
0.175734
0.121136
0.217641
0.211395
0.218376
0.414545
0.115615
0.281294
0.206441
0.170040
0.200242
0.077331
0.287826
0.180480
0.290465
0.143042
0.121848
0.116490
0.132716
0.163567
0.169017
0.216571
0.263193
0.313944
0.366541
0.278073
0.231822
0.324821
0.225910
0.278755
0.321922
0.557290
0.299806
0.432819
0.345920
0.278441
0.145852
0.150821
0.081105
0.147705
0.381514
0.214402
0.140575
0.101610
0.283864
0.373461
0.508849
0.427227
0.215787
0.283552
0.265665
0.198870
0.308742
0.107180
0.098935
0.210359
0.142188
0.195278
0.211871
0.492309
0.233336
0.109514
0.172257
0.237810
0.280747
0.218931
0.191131
0.078232
0.366677
0.184088
0.197109
0.225721
0.334546
0.407084
0.285902
0.253495
0.334080
0.133903
0.180038
0.246250
0.218778
0.195805
0.224181
0.215541
0.354664
0.737196
1.576565
1.799693
0.512370
0.340501
0.343695
0.207017
0.350401
0.241604
0.274190
0.218146
0.110947
0.243199
0.238444
0.373941
0.098038
0.125106
0.167053
0.352894
0.205837
0.377016
0.369874
0.239232
0.153662
0.239698
0.173090
0.125512
0.298163
0.276211
0.131171
0.365118
0.135810
0.330401
0.124314
0.168845
0.386403
0.248787
0.273884
0.225151
0.242142
0.190873
0.041229
0.267200
0.240346
0.172507
0.232779
0.184184
0.141592
0.219414
0.274289
0.115596
0.243520
0.061701
0.233026
0.202861
0.153874
0.143087
0.192571
0.193580
0.146870
0.042718
0.116696
0.088014
0.278137
0.102351
0.147313
0.347206
0.307813
0.159011
0.297864
0.241695
0.213231
0.389211
0.291245
0.523343
0.451174
0.299952
0.393062
0.266302
0.465144
0.193403
0.143677
0.197051
0.283460
0.087177
0.127373
0.340818
0.132250
0.232995
0.124144
0.162168
0.272191
0.200051
0.117649
0.203598
0.083556
0.230693
0.256540
0.104136
0.133603
0.086570
0.206827
0.058130
0.091590
0.199802
0.148308
0.069328
0.170424
0.135538
0.141355
0.126311
0.246842
0.250172
0.216151
0.219375
0.181753
0.284082
0.293940
0.282909
0.123936
0.168351
0.111033
0.201233
0.235945
0.199723
0.658408
0.570975
0.758266
0.636107
0.325306
0.290897
0.216219
0.129939
0.182010
0.151497
0.106602
0.109607
0.335421
0.167822
0.314306
0.127679
0.083057
0.157451
0.162981
0.344318
0.245475
0.157123
0.259854
0.218800
0.153194
0.144471
0.183796
0.162221
0.319132
0.139904
0.341508
0.179325
0.225957
0.223763
0.091403
0.259525
0.358032
0.326696
0.275011
0.339881
0.098256
0.052028
0.430985
0.234994
0.312075
0.560812
0.276367
0.311452
0.290851
0.167753
0.143741
0.216770
0.291933
0.129182
0.185108
0.208484
0.243960
0.228689
0.293370
0.191989
0.268821
0.186649
0.227610
0.237603
0.218952
0.147639
0.233064
0.329630
0.199727
0.131382
0.230978
0.411998
0.497396
1.144887
1.122260
0.310425
0.598767
0.364159
0.326338
0.119730
0.296480
0.986240
0.643089
0.691882
0.675967
0.637415
0.915733
0.811658
0.500197
0.553811
0.443926
0.406755
0.362820
0.310244
0.374957
0.383765
0.315487
0.230553
0.270946
0.552016
0.514982
0.967659
0.414736
0.462362
0.283722
0.450753
0.359392
0.406569
0.531338
0.362581
0.483242
0.505856
0.520167
0.364923
0.272124
0.316950
0.435745
0.240872
0.212630
0.250327
0.170578
0.405602
0.385052
0.278650
0.265969
0.147582
0.122257
0.234596
0.169331
0.351571
0.526285
0.476443
0.369836
0.441694
0.181578
0.240485
0.528454
0.286948
0.250536
0.105770
0.218814
0.232147
0.287123
0.228003
0.301473
0.239663
0.425726
0.243038
0.507582
0.308333
0.238591
0.137370
0.189903
0.410082
0.319921
0.220170
0.373188
0.148561
0.224333
0.182480
0.259771
0.329630
0.090153
0.189973
0.102040
0.306697
0.118243
0.181218
0.153260
0.336485
0.150101
0.303425
0.208876
0.243385
0.220642
0.138841
0.268530
0.150320
0.263615
0.252754
0.157084
0.401089
0.451016
0.305299
0.165217
0.224935
0.265225
0.248660
0.207625
0.287889
0.283557
0.325473
0.201999
0.098144
0.097482
0.126588
0.217201
0.243100
0.343010
0.095772
0.169014
0.234474
0.170436
0.102111
0.173754
0.152663
0.180290
0.130267
0.159183
0.174796
0.216584
0.127436
0.213200
0.336928
0.344206
0.214206
0.222566
0.320162
0.279336
0.097875
0.137490
0.176724
0.167560
0.085421
0.206593
0.113759
0.180309
0.222154
0.166865
0.193734
0.193327
0.182362
0.349820
0.181966
0.140849
0.384259
0.405977
0.196619
0.466221
0.543225
0.389222
0.274907
0.286891
0.181566
0.126454
0.047407
0.172091
0.152907
0.204196
0.171571
0.153283
0.204716
0.118921
0.258934
0.346303
0.090514
0.264048
0.166483
0.188290
0.158013
0.194838
0.435827
0.230391
0.334558
0.101180
0.245949
0.221242
0.187430
0.219230
0.272889
0.312527
0.254174
0.105643
0.187901
0.376886
0.161153
0.290795
0.178395
0.417992
0.251425
0.263705
0.057825
0.324385
0.271898
0.313898
0.184670
0.366247
0.204394
0.146782
0.414758
0.193861
0.346304
0.269755
0.327666
0.124402
0.142649
0.304645
0.248227
0.257174
0.227220
0.272758
0.234530
0.203066
0.227863
0.236628
0.223858
0.144245
0.396486
0.189847
0.167352
0.262059
0.224244
0.271018
0.374761
0.325213
0.218177
0.350643
0.432396
0.186244
0.270615
0.342201
0.134664
0.124642
0.123767
0.241903
0.400776
0.393175
0.723330
0.335844
0.307664
0.312656
0.153018
0.217776
0.168931
0.067189
0.086698
0.281018
0.272661
0.092832
0.238307
0.226323
0.146211
0.378216
0.329773
0.183205
0.345169
0.194752
0.290563
0.235486
0.120319
0.172518
0.393981
0.382977
0.282196
0.226741
0.235722
0.334698
0.172178
0.270479
0.090835
0.162173
0.355260
0.163623
0.298525
0.107761
0.086385
0.179877
0.187096
0.145152
0.321577
0.287811
0.144379
0.237524
0.126617
0.164156
0.233513
0.190848
0.265435
0.182599
0.291572
0.269791
0.101281
0.434304
0.086489
0.099045
0.126699
0.261451
0.276175
0.223663
0.188260
0.096581
0.191865
0.276448
0.911880
0.774675
0.324896
0.260100
0.207725
0.133736
0.182223
0.170587
0.309564
0.220081
0.301262
0.264897
0.197260
0.191617
0.081699
0.143355
0.179436
0.090958
0.276847
0.297820
0.096323
0.155195
0.111796
0.186426
0.225637
0.440276
0.290248
0.230087
0.387675
0.223582
0.299457
0.192073
0.187553
0.254379
0.255416
0.260008
0.283928
0.207924
0.150802
0.215419
0.311952
0.185278
0.202888
0.190901
0.309209
0.190862
0.078095
0.186048
0.163114
0.584441
0.247240
0.111866
0.093658
0.208377
0.206531
0.096715
0.201358
0.046068
0.133046
0.262950
0.110506
0.137147
0.141362
0.126627
0.102246
0.283790
0.183196
0.356502
1.156654
1.815654
0.487372
0.470361
0.395337
0.114436
0.266587
0.261664
0.190143
0.266827
0.304031
0.160761
0.214467
0.229743
0.235672
0.292198
0.286420
0.185182
0.229376
0.324740
0.220185
0.987310
0.580575
0.736414
0.559877
0.512648
0.757843
0.676989
0.901368
0.616754
0.523572
0.389371
0.659173
0.548554
0.535698
0.291735
0.590384
0.386705
0.289879
0.431955
0.369317
0.484109
0.354806
0.288912
0.356713
0.344915
0.202784
0.263783
0.316808
0.384240
0.307515
0.288022
0.227812
0.159024
0.227560
0.372175
0.227530
0.464730
0.502432
0.375847
0.230023
0.288461
0.407717
0.201248
0.259485
0.429007
0.260433
0.133899
0.244260
0.181282
0.222799
0.156451
0.167112
0.102153
0.342732
0.202450
0.273307
0.244193
0.153638
0.228997
0.148302
0.259555
0.235396
0.349222
0.362422
0.315706
0.364290
0.214924
0.259488
0.196479
0.209406
