2.291097
2.216197
2.371551
2.297097
2.256247
2.301708
2.278308
2.232257
2.146363
2.281554
2.116867
2.158316
2.262454
2.263847
2.145868
2.215721
2.174057
2.061867
2.327339
2.070009
2.172042
2.318416
2.187430
2.207882
2.161801
1.780591
1.957726
2.763027
2.202446
2.337527
2.146610
2.030411
1.827067
2.190639
2.331103
1.891337
2.489267
2.115741
2.052784
1.998528
1.767240
2.017308
2.062223
1.978493
3.075368
2.221131
2.009745
2.120646
2.041152
1.975348
2.068376
1.964878
2.055459
1.798139
2.156777
1.963042
2.267377
1.947756
1.928919
2.019776
1.862912
2.151578
2.352197
1.953007
1.875704
2.034813
1.781157
2.052102
1.806590
1.910132
1.905882
1.886294
2.302158
2.341140
1.915439
2.174837
1.953470
1.889949
2.413036
1.992777
2.192486
1.942391
2.100644
2.076978
2.002174
1.856725
2.072157
2.226461
1.736755
2.203605
2.424607
2.209373
1.990886
1.883255
2.040163
2.168185
2.210562
2.245578
2.065395
2.052532
1.885318
1.669183
1.914582
1.828203
1.956976
1.915342
2.274055
2.115973
1.790592
2.046733
1.954011
1.951605
2.040749
1.996108
1.452221
2.130091
2.378308
2.170888
2.029029
1.979836
1.797398
1.969177
1.567357
2.281182
2.145310
2.242501
2.144271
1.997841
2.054490
1.889151
2.971239
2.119479
2.247048
2.222853
2.117025
2.007226
2.179963
2.137625
1.810676
1.763948
1.949664
2.532762
2.019029
1.778045
2.198199
2.135138
1.648028
1.883978
1.983118
2.079446
1.950589
1.825638
1.714450
2.104729
2.203302
1.858737
2.346578
2.193511
2.019853
2.009840
1.835708
2.174852
2.127334
1.747299
2.330808
1.964651
1.880129
1.751184
1.933956
2.137205
2.148419
1.968419
2.059435
2.064216
1.778228
1.805815
1.878515
2.459627
2.253993
1.920630
1.786064
2.112619
2.172406
1.885964
2.303629
2.077940
2.367965
2.423370
2.054891
1.993593
1.767448
1.916514
1.673634
2.067319
1.947529
2.088087
2.105136
1.722858
2.040938
1.736935
2.298833
1.670792
2.220856
2.091899
1.946681
1.838796
1.590337
3.128309
2.167773
2.113113
2.055439
2.115616
1.777508
1.742453
2.333018
2.007718
2.064058
2.033996
1.721874
2.298948
1.787298
1.883422
2.231413
1.915769
1.922950
1.795625
1.942795
1.857740
2.250243
2.233325
2.075583
1.678107
2.343915
2.507873
2.577630
2.319184
2.394400
2.366474
2.779950
2.295391
2.178908
1.965835
1.868438
1.889376
1.876196
2.590441
1.954984
2.050572
2.059836
1.963989
1.990132
1.906698
1.807150
2.311245
1.915765
1.770174
1.982309
2.247115
2.130450
2.442488
2.034024
1.872799
2.102657
1.809871
1.796375
2.048789
2.036756
1.916880
1.963483
1.948168
1.666282
2.015706
1.786285
2.224133
1.706420
2.767597
1.836779
1.798556
1.743185
1.678781
2.131500
2.399822
2.069258
2.034061
2.067458
1.936814
1.783262
1.853164
3.171766
1.952453
1.790931
2.020433
2.453278
2.047568
2.603085
2.352543
2.138883
2.201272
1.942920
1.714017
1.930961
2.059037
1.795874
1.983041
2.008701
2.405400
1.957930
1.794023
1.838854
2.092746
2.097741
1.658157
1.736567
2.279677
2.108361
2.098986
1.884411
1.934729
2.148582
1.763266
2.021421
1.835765
1.686542
1.583291
1.909193
1.936748
2.101744
2.129066
1.870214
1.983418
1.564745
1.904752
1.789584
1.941622
1.912311
1.793817
1.859152
1.888230
2.032586
1.936720
2.009312
1.937476
1.804536
1.550243
3.421720
2.228426
2.282482
2.089639
2.046249
1.668305
2.248740
1.939248
2.247574
1.905082
1.863635
2.150227
2.326953
2.057112
2.110613
1.778205
1.810303
1.932712
1.962952
1.632379
1.996328
1.828159
1.705753
1.980527
2.523638
2.050758
2.010086
2.097668
1.991544
2.040530
2.206600
1.791416
1.808652
1.590588
2.024043
2.487036
2.092561
2.027982
2.000036
2.277662
2.179873
2.092215
1.673296
1.881069
2.148813
1.834687
1.935154
1.790916
1.916973
1.835046
2.561401
1.901311
1.816920
1.918479
1.768855
2.002690
1.882946
2.033349
1.710931
1.994985
3.224141
2.145841
2.031782
1.901891
1.851087
1.727248
2.694726
3.520308
2.075015
1.895404
2.204173
1.996899
2.237363
1.981874
1.861868
2.024144
1.694320
1.923277
1.905961
1.833939
1.758695
1.942132
1.568315
2.208031
1.879998
1.755409
1.916511
1.792890
1.995042
1.915871
1.806946
1.671328
2.070989
2.486238
1.616241
2.092658
2.048127
1.543828
1.767584
2.319385
1.627707
2.015563
3.289588
2.350145
2.271297
2.065846
1.945781
2.390122
2.522363
2.005152
1.789263
1.950019
1.997611
1.958356
2.221710
1.945223
1.758516
1.684177
1.779499
1.800527
2.034416
1.548243
2.069055
2.127191
1.869828
2.188152
1.672204
1.636913
1.826864
2.223254
1.806828
1.985211
1.452188
1.595792
2.417291
1.981847
1.832999
1.987414
2.651839
2.198264
2.027014
1.701474
2.612616
1.574324
2.079170
2.147908
2.054133
1.914267
1.761826
1.681314
1.979644
2.243962
1.838214
1.794895
1.731061
1.670525
2.300067
1.827861
1.999811
2.027035
1.998302
2.004571
2.188328
2.102988
1.932132
3.035313
2.615671
2.227005
1.953677
2.112992
2.233923
2.002459
1.847129
2.454699
2.053671
1.877568
2.243523
1.817661
1.653366
2.005888
2.019554
2.187550
1.963531
2.119738
2.268658
2.137104
1.909253
2.136940
1.625666
1.772702
2.026359
1.862104
1.586580
1.682953
2.834929
1.836300
1.710268
1.911822
1.614642
1.884788
2.835106
2.260642
2.123951
1.636072
1.892302
2.492858
1.751622
1.971947
2.165166
1.772733
1.969329
2.036046
1.906955
1.762907
2.180436
2.324967
1.686587
1.909265
1.429167
2.300269
2.389538
2.179945
1.905102
1.620883
1.710127
1.984506
1.880866
1.670060
2.325434
1.604267
2.111719
2.355445
1.736615
1.743603
1.587770
1.766858
1.763714
2.107231
2.158878
1.838526
2.195795
2.360624
2.343149
1.939171
2.519199
1.568134
1.549219
1.676378
1.705142
2.668954
2.666550
4.523690
2.544072
2.524779
2.897774
2.450066
2.919066
2.405380
2.131590
2.032403
2.113652
2.114807
3.860868
2.070986
2.271535
2.017678
2.091627
1.949796
2.144220
1.930344
1.635448
1.701066
2.041771
2.339725
2.080671
2.209230
1.804881
1.766345
2.200661
1.979871
1.892608
2.205351
2.091200
1.818408
1.975136
2.031420
1.717417
1.770968
2.086189
1.375964
2.342418
2.362648
2.305778
2.468021
1.973131
2.133937
2.078873
1.720861
1.656699
2.062767
1.974506
2.093624
2.750270
1.679899
1.833753
2.234814
2.642570
2.092493
1.942484
1.968707
2.294863
1.979813
1.717609
1.870461
1.630444
2.155025
2.179976
1.961554
1.743046
1.851539
2.012081
1.881800
1.776712
1.661862
1.829341
2.169616
2.643507
1.916711
1.899428
1.588435
2.531359
1.925327
2.022896
1.620413
2.159019
1.586397
1.833902
1.738843
2.450830
2.225688
2.021334
1.829766
1.650089
2.242908
1.868451
3.386083
2.077524
2.093628
2.008030
1.669566
1.617553
2.381651
2.033077
2.682687
2.070184
2.450383
1.929669
1.727913
1.991589
1.971294
1.996167
1.664609
1.854070
2.103930
1.929283
1.994558
1.893939
1.597270
2.472473
2.193623
1.965978
1.708177
1.921495
1.719759
1.965034
2.083692
1.780541
1.783707
2.390653
1.601659
1.414820
1.757082
2.046617
1.778616
2.017998
1.762052
1.926737
2.497708
1.886389
2.133406
2.355250
2.052058
2.178239
1.994838
1.885524
1.753448
1.751295
2.035791
2.150002
1.599538
1.917935
1.627469
1.820019
1.594581
2.218841
1.954201
2.068786
1.710697
2.408563
2.129315
1.996346
2.574527
1.986614
1.987551
1.794479
1.975339
1.909446
1.695316
1.918709
2.078477
1.859021
2.366566
1.783020
1.936282
1.925871
2.023223
1.881801
2.469067
1.987783
1.870300
1.817283
1.975219
2.207255
1.630695
1.795033
1.912159
2.171850
1.604324
2.635957
2.117678
2.029441
1.773485
2.058321
2.320341
2.547994
2.321938
2.396708
2.302587
2.105462
2.080002
1.982729
2.597057
2.059961
2.058541
1.970902
1.809566
2.293040
1.814109
1.796706
1.751829
2.278355
2.053496
1.685050
1.728189
1.748055
1.863369
1.570149
1.632395
1.930462
1.881163
1.792820
1.751108
1.915448
1.732935
1.817547
1.876138
2.526402
1.903597
1.911729
2.017403
2.243054
2.304753
1.827520
1.934599
1.741074
2.114691
2.033503
1.597245
1.982680
2.444253
1.545654
1.601882
1.678514
2.381119
1.439570
1.940312
2.175568
1.895154
2.038795
1.871692
1.997797
1.574842
1.804397
1.906699
1.924517
1.721125
1.764997
2.003592
1.842406
1.953169
2.143616
1.648546
2.832225
1.840084
1.812723
1.603037
2.077062
2.306097
1.573099
1.790525
1.772290
1.870456
1.867072
1.982321
2.217391
1.650810
2.047020
2.114510
2.339394
2.198224
2.344220
2.099860
2.155741
1.989420
2.035570
1.844008
1.760326
2.051032
1.697267
1.810391
1.895067
1.689297
1.903451
1.916237
1.673434
1.901289
1.911946
1.539847
2.036271
1.995867
2.101110
1.498232
1.595001
2.074031
1.710018
1.952884
2.306041
1.802837
2.083343
1.996976
2.061874
1.916182
2.007664
2.014351
1.800633
1.903467
1.823293
1.871118
2.188175
1.655703
1.723924
1.725406
1.668207
1.929210
1.526149
1.600157
1.765608
2.304294
1.883974
1.978555
2.165684
1.758950
1.700611
2.577216
2.974966
2.211356
1.803167
1.531074
1.958145
1.609398
1.741726
1.785550
1.697710
2.269029
2.603399
1.624510
1.907301
1.742266
1.852302
1.686419
2.755783
2.101507
2.042330
1.883421
1.524144
2.785667
2.242406
1.884074
1.954437
2.045502
1.790592
1.877012
2.212368
2.328971
2.290070
2.083326
2.144288
2.770504
2.228180
3.235881
2.667065
3.854596
2.200925
2.034216
2.400647
2.337968
2.321768
1.956609
1.872581
1.715156
2.273122
1.903901
2.090475
2.102691
1.750518
2.266092
1.808336
1.965549
1.867604
1.567663
2.531649
1.854123
1.707428
1.867638
2.216758
1.869862
1.655866
2.312716
1.956341
1.929194
1.875477
1.660821
2.355458
1.950408
2.016051
1.612937
2.762100
2.194888
1.929710
1.876803
1.792928
2.134296
2.044362
1.796107
2.528530
1.482047
1.704944
1.467812
2.005028
3.214385
2.048960
1.910278
1.649239
1.611160
1.925858
2.131743
2.289893
1.909564
2.065804
1.835694
2.650436
2.288899
1.989614
1.929481
1.909788
2.143937
1.888902
1.835377
1.768252
1.788912
1.656113
1.876311
2.491322
1.987689
2.054676
1.571125
2.632392
2.128498
1.896388
2.023043
1.718943
1.788015
1.967611
1.789329
1.657714
2.569859
2.052227
1.604264
2.115113
2.234744
1.622430
1.915462
1.937601
2.192091
1.836432
1.851925
1.833959
3.328351
2.262526
1.877894
2.187780
1.876156
1.934083
2.023488
1.624082
2.121958
1.951336
1.903986
1.875059
1.785406
1.677781
2.229672
2.014534
1.996742
1.874550
1.823274
1.693940
1.796792
1.542490
1.753806
2.109412
1.913437
1.699349
2.122759
1.963063
1.829937
1.985868
2.497872
2.270433
2.143592
2.246675
1.956198
2.371129
2.183566
1.947631
1.738805
2.033222
1.698179
1.603849
1.963761
1.693474
1.943747
2.054521
2.008143
1.868831
2.020264
1.742942
1.818587
1.964559
1.587324
1.828753
2.006252
1.545676
2.043382
1.772681
2.471386
2.020625
1.996026
2.106600
2.273063
1.551029
1.816870
1.584237
1.793743
2.130429
1.871325
2.133686
1.823489
2.623986
2.126972
1.865861
1.690797
1.763095
1.705358
2.119540
1.894814
1.887504
1.928239
2.383842
1.897890
1.548208
1.867326
1.591002
2.653240
2.214339
2.034348
1.853227
1.852754
1.806997
1.691867
1.662035
2.163198
1.954367
1.860356
1.799737
2.142898
2.333958
2.265300
2.007831
1.846296
2.167112
1.664101
1.863803
1.772797
1.704074
2.062340
2.335376
1.920371
1.972990
1.795088
1.718683
1.986665
1.512324
1.784002
1.765854
1.943988
1.676684
1.783020
2.487163
2.546373
2.510416
2.481929
2.419234
2.118860
1.815169
2.224211
2.026937
1.770172
2.383465
2.209777
1.921149
2.012017
1.707023
1.591487
2.376426
2.414315
1.887812
1.666395
1.964754
2.666891
2.283383
1.642389
1.883902
1.800742
1.636901
2.357342
1.864955
1.959012
2.889072
2.391786
1.979513
1.798357
1.855274
1.810459
1.699841
2.057214
2.222211
1.874654
1.817740
2.272921
2.562436
2.430748
1.975567
1.780840
1.886282
1.820915
1.859079
2.313838
1.915713
1.622646
1.998796
1.652022
2.037446
2.961737
1.750759
2.257422
1.706587
1.906059
2.628532
2.333858
2.057634
1.782546
2.036626
1.732932
2.067953
1.884108
2.196485
2.157188
2.382020
1.918578
1.639476
2.183363
1.807890
2.127723
2.449332
1.505661
1.973480
2.221042
2.615598
2.251033
2.054729
2.303702
2.633039
1.890615
2.236227
1.914927
1.941605
2.112312
1.942631
3.711717
2.431671
2.695359
2.190094
2.846252
3.101115
3.402929
2.648424
3.002518
3.086932
2.398091
2.448596
2.559276
2.680313
2.413416
2.371087
2.491612
2.893632
2.050468
2.285764
3.114319
2.572596
2.551810
2.202279
2.634326
2.707532
1.969860
2.252912
3.765552
2.733532
2.120021
2.371675
2.138181
1.976479
2.063879
2.504624
5.252077
5.516360
2.520902
2.493227
2.631990
2.444870
2.697502
2.768117
2.940012
2.401050
2.608224
2.658189
2.714070
2.496507
2.664458
2.500774
2.414634
2.591038
2.471688
2.262508
2.373188
2.782117
2.158331
2.183803
2.235293
2.039237
2.017799
2.053347
2.079540
1.802238
1.717562
2.059448
6.606627
2.224252
2.688714
2.872217
2.628121
2.514116
2.823952
2.356152
2.224255
2.841978
2.420773
2.635825
3.642601
2.764827
2.898542
2.409555
2.342945
2.225889
2.332325
2.456375
3.363059
2.651922
2.818191
2.226587
2.385483
2.475588
2.355646
2.027207
2.001870
2.113417
1.986808
2.518631
2.129043
1.875778
1.777577
2.027002
2.386966
1.979473
2.084199
2.902549
2.107669
2.020275
1.690146
2.093923
2.021906
1.769685
1.875385
1.926839
2.052528
2.318620
2.178572
1.827500
2.242057
2.017838
1.685894
2.070273
1.895859
2.087295
2.455712
1.589968
1.788833
1.982489
1.566870
2.450809
2.472510
3.034416
2.267728
1.861115
2.222518
1.899123
1.430407
1.705765
1.859727
2.234301
1.827061
1.988208
1.545835
1.539691
2.428773
1.921688
1.763915
1.629924
2.231705
2.068388
1.722877
2.159577
1.974550
1.968104
1.828150
2.221262
1.668784
1.676355
1.677015
2.456338
2.205996
1.806338
2.017351
1.722807
1.813342
2.849639
1.738376
1.791621
2.101735
1.866628
1.951957
1.812850
2.267963
2.021681
2.219708
1.912518
1.796920
2.234101
2.407023
2.179353
1.714579
2.197203
2.563824
2.216994
2.044109
1.843453
2.195436
1.991757
2.105477
1.721015
2.533579
1.998747
2.179472
1.658356
1.749504
1.876067
1.943271
2.129835
2.478703
2.176324
2.361127
2.356563
2.258629
1.688989
1.885895
2.404642
1.941583
1.941101
1.944386
1.703935
1.966320
2.035436
2.072403
1.531415
2.680158
1.895170
1.585651
2.105072
2.020677
1.976072
1.617694
1.820980
1.932923
1.702391
1.813110
1.923497
1.770123
2.041863
2.169015
1.808642
2.003580
2.155244
2.058034
2.308427
1.711054
1.806942
2.065398
2.014127
1.836092
1.870244
1.856268
2.030560
1.972811
2.019851
1.748673
2.166315
2.087467
2.190521
1.574255
1.945583
2.132493
2.156147
1.604813
1.943904
2.215580
1.831540
2.292068
1.992139
1.863769
1.967245
1.984908
1.967766
1.606665
2.470388
2.058474
1.939969
2.247544
2.191952
2.559664
1.672688
1.769928
1.813635
2.394865
1.907875
1.574320
2.625825
2.141896
1.724645
2.060981
2.435864
2.323152
1.888547
1.908850
2.166576
1.761188
1.731103
1.831760
1.870888
2.535191
1.957576
1.750241
1.882367
1.717074
1.980777
1.752821
1.524498
1.669965
1.779688
1.838085
1.911709
1.972573
1.687350
1.500157
2.536831
2.009826
1.685529
1.991006
1.713246
2.400318
2.063788
1.806864
2.058453
2.057436
1.763273
1.966188
1.781913
1.715735
1.786998
1.961906
2.933015
1.582268
2.440423
1.909090
1.692742
1.540524
2.067860
2.399749
1.667097
2.259318
1.713744
1.932929
1.883840
1.885757
1.684132
2.126415
1.566669
2.026290
1.771417
1.517406
1.580850
1.917985
2.148265
2.180987
1.961317
2.005635
1.944447
1.928051
1.513534
1.875641
1.625252
1.762505
2.137987
1.639702
2.164155
2.112485
2.161603
4.493038
2.399068
2.312303
2.230254
2.219398
2.111365
2.015886
2.137784
2.060851
2.098413
1.870286
1.823201
1.973797
2.825006
2.000577
1.830163
1.795047
1.977884
1.870144
2.094916
1.702805
1.877696
3.090236
2.027278
1.970665
2.043207
1.941306
1.908357
1.837350
1.969692
2.041212
2.050323
1.760364
1.836453
1.949573
1.815278
1.811326
1.964202
1.609450
2.643833
2.138546
1.944270
2.132730
1.734718
1.961155
1.833193
1.937961
1.978527
2.198150
1.733854
2.219007
2.139858
2.004741
1.723897
1.888073
2.294700
1.601593
1.647539
1.991350
1.852069
1.864136
2.003581
2.134032
1.751032
2.481839
2.887072
2.081307
2.024763
2.106217
1.909057
1.870351
1.851030
2.230464
2.306366
2.408768
2.287884
2.141137
2.697658
1.882374
1.923494
1.837495
1.746002
1.982846
1.820403
1.575651
1.591457
2.601939
2.139836
1.822557
1.741870
1.968096
2.172657
2.264150
2.042378
2.081186
2.149740
1.920696
1.998451
1.698574
1.859483
1.943915
1.675736
2.266612
2.234825
1.809401
1.765891
1.988309
2.091376
1.917358
2.031417
2.211051
1.947437
1.970451
1.610073
1.777067
2.173810
1.796018
2.472181
2.249786
2.071538
1.765235
1.982966
2.499010
1.937317
1.697780
2.111609
1.859415
2.418185
2.046889
1.928165
1.933021
2.075535
1.712459
1.638233
2.043601
1.543765
1.899118
1.896032
2.379133
1.820420
1.811088
2.188663
2.842261
2.426824
2.645736
2.109432
1.617980
1.881651
1.986908
1.956168
2.239781
1.948668
1.635861
1.816383
2.067506
1.640074
1.988504
1.877935
1.751228
1.402945
1.737300
1.533107
1.841644
2.041019
1.570118
1.547358
1.632820
1.633362
2.146177
2.626854
1.522133
1.643903
2.225702
2.221751
1.930845
2.002552
1.728812
2.254917
4.213707
2.227538
2.073295
2.021113
2.220507
2.030520
1.918987
1.893666
1.954094
2.211979
2.136840
1.955895
1.671126
1.997995
1.512276
2.306774
2.011317
1.774090
1.969066
2.007263
2.572272
2.131966
2.220868
2.003062
1.630055
1.936730
2.422501
2.126421
2.044240
3.191649
2.172553
2.035852
2.323214
1.769673
1.772241
1.880530
1.911028
1.800697
2.034881
1.856738
1.569344
1.914306
1.552530
1.624112
2.328383
2.153363
2.353319
2.496166
2.355305
2.179167
2.287765
2.203271
1.995183
2.111846
1.857163
2.342060
2.200071
1.812883
1.815477
1.918642
1.697445
1.504242
2.336531
1.921115
1.766798
2.044999
1.635941
1.626891
2.766797
2.548028
2.322185
2.035751
2.012746
1.714141
2.490040
1.472977
1.827068
1.760993
1.807247
2.156245
1.977496
2.331037
2.167435
1.825667
1.813640
2.121405
1.884068
1.954673
1.944400
2.012676
2.492636
1.977675
1.505097
1.745806
2.501566
1.732654
1.614316
2.995080
1.949087
2.030054
2.000149
2.180362
1.523074
2.065778
1.727240
2.785241
2.171700
2.006823
1.911892
1.854438
2.093143
2.039116
1.967318
1.799293
1.712979
1.878549
2.166730
2.101574
1.695999
1.933003
2.162579
2.051347
1.837215
2.187384
2.081996
2.162344
1.757118
1.791883
1.731000
1.932315
2.466705
2.190881
2.460970
1.940291
2.049597
1.676482
1.948341
2.263037
2.698587
1.864684
1.804807
1.849404
1.931293
1.843993
2.001812
2.065657
2.835747
1.928652
1.925372
1.808097
1.796543
1.641222
1.774633
1.448941
1.897612
2.002843
1.788883
2.103212
1.811438
2.222741
2.806974
2.151499
2.005694
1.747670
1.963533
2.068639
2.217845
2.046540
2.337903
1.445445
2.005200
1.964543
1.739896
1.920319
1.710758
2.026070
2.993173
2.630765
1.911065
1.909689
1.697319
1.630156
1.612667
2.028570
1.962247
2.084771
1.600641
1.826310
2.448251
1.895717
1.549639
1.501702
2.135668
1.986173
1.819136
2.802069
2.137057
1.262817
1.620434
1.982022
1.644568
2.182857
2.560123
2.140524
2.141922
2.149280
2.138068
2.719197
1.955219
1.922344
2.142732
2.010907
2.208524
2.023999
1.805734
1.874872
1.898240
2.091475
1.851724
2.543325
2.279947
1.857169
2.058832
1.886030
1.982758
2.686933
1.711884
1.695746
1.698349
1.729241
1.790450
1.627745
1.761736
2.576474
2.102613
2.021517
1.826960
1.616284
2.295494
1.977717
1.909061
1.803326
1.816401
2.828113
2.142920
2.627973
2.717525
2.416960
2.202401
2.274538
2.179781
2.387288
1.770168
2.025806
1.986255
1.828344
1.803359
2.083180
2.057583
2.217848
2.122982
1.611214
1.901214
2.183012
2.482207
1.888958
1.839710
2.591933
3.239704
2.186566
2.204831
2.129809
2.006309
1.935856
2.252042
1.981576
1.583691
1.873826
1.891930
1.951956
2.235675
2.251263
2.145814
1.962485
2.260248
2.178509
1.868613
2.058687
2.099492
2.107727
1.871658
1.755733
1.715624
2.527196
2.342113
1.891141
2.560394
2.066170
1.602032
2.172791
3.137354
2.048443
1.915717
1.854338
1.733318
2.244489
1.897615
1.896173
1.678145
2.717859
1.985062
1.892805
1.951138
1.746855
1.740273
1.844930
1.873740
2.070871
1.951573
1.833558
1.996267
2.164648
2.502969
2.034503
2.019866
1.809605
1.843402
1.881500
2.148649
1.353972
2.027417
1.504962
4.143862
2.669480
1.931888
1.856426
1.948615
1.880166
1.681951
2.300264
1.818242
1.802166
1.447601
2.119977
2.618077
2.779075
2.569266
2.200900
2.445194
2.339820
2.204144
2.524977
2.697333
2.493525
2.470070
2.638299
2.267876
2.192400
2.088589
1.840153
2.572881
2.287083
2.035054
2.411541
1.853835
2.108189
1.598150
2.389163
2.135902
2.089467
1.860494
2.435049
1.817815
2.597682
1.782542
2.067065
1.961551
1.949777
2.099242
2.131783
2.158041
2.173806
1.912722
1.796102
1.734026
1.729692
1.857726
1.824805
2.574895
2.397682
2.276671
1.949914
1.936113
1.813758
2.291145
1.967372
2.608188
1.868818
1.659956
2.156122
1.744394
2.227759
1.819403
1.919023
1.934970
2.176244
2.771727
2.023571
1.934061
1.911055
1.604828
1.650627
2.141311
1.715170
2.514107
2.270098
2.369934
1.989067
2.044792
1.864114
2.187032
2.143409
1.901337
2.268353
2.011390
2.207534
2.408529
2.083468
1.911582
1.787375
1.516630
2.021248
3.310782
2.869897
2.074980
2.059744
1.979646
2.017569
2.719312
2.194771
2.064108
2.025921
1.991044
1.782488
1.945358
1.782986
1.828296
2.890724
2.200018
2.263847
2.024410
1.994408
2.029680
2.142393
1.499703
1.932321
1.996861
2.789256
2.453896
2.120506
1.686573
1.620716
2.154405
1.802182
1.889650
1.546013
2.523207
2.144496
2.270107
2.133465
2.245686
1.816255
2.022760
2.061712
2.234316
2.367853
1.783967
1.691074
1.791426
2.211597
2.624610
2.351357
2.000369
1.949027
1.736597
1.611805
3.068719
2.861821
2.158528
1.964568
1.962273
1.790785
1.812557
1.822773
1.851639
2.052712
2.148112
1.800242
2.077554
1.690449
1.727862
1.793704
1.927191
2.006844
1.913864
3.125193
2.017341
1.839334
1.612172
1.863666
3.548904
2.232685
1.989940
2.034886
1.895398
1.973099
2.022849
2.144980
2.288143
2.578903
1.976193
1.902873
1.938400
1.929209
1.795020
1.966428
1.978499
2.053109
1.835631
2.076076
2.005529
2.292553
1.695498
1.645938
1.889153
1.697552
2.043936
1.557054
1.559090
1.852476
1.986858
1.632227
2.190951
2.234415
2.213841
2.209574
2.121644
1.949594
1.737712
1.955378
1.697547
1.851265
2.002477
1.802994
2.263371
1.959057
2.415187
2.021702
1.898500
1.758438
1.701017
1.815973
2.037436
2.448389
2.029028
2.452951
2.121979
2.066575
1.974178
1.603128
1.654630
1.698025
1.675242
2.152823
1.708722
1.865344
1.866637
1.864356
2.281503
1.870875
1.947540
1.891966
3.167162
2.179074
2.153885
1.940807
1.956266
2.856008
2.031561
2.255157
2.111337
1.948477
2.101030
1.921948
1.986943
1.939877
1.763558
1.758254
1.973000
1.905113
1.936830
1.813945
2.343016
2.029744
2.004283
1.828806
1.689082
2.186717
1.819570
2.147511
2.046516
2.137763
1.900000
2.177741
2.280709
1.795687
1.861438
1.583483
1.807062
1.784560
2.029626
1.947141
2.218075
1.971567
1.962266
1.894980
1.715142
1.986392
1.867960
1.872717
1.740311
2.034565
1.842676
2.244193
1.706231
1.728438
2.677783
2.415663
2.429721
2.121507
1.764395
1.970105
2.026568
1.753964
1.703978
1.821609
2.316390
1.712320
1.654679
1.857157
1.867905
2.326689
2.224196
2.217079
1.917211
1.931882
1.790473
1.835788
1.626775
2.287444
1.740300
2.032905
2.047959
2.257378
1.661273
1.840745
1.833690
1.672477
1.788275
1.853235
2.363279
1.801336
1.717193
1.834924
2.171978
1.970404
1.835139
1.801628
2.121832
1.871078
2.918733
1.863638
1.861953
1.711215
2.086643
1.718034
1.900894
2.046619
2.371274
2.263196
1.893623
1.866217
1.779494
2.225538
1.834264
2.069191
2.365633
2.005884
1.847316
2.020878
2.322268
2.312776
1.998521
2.806387
1.855860
1.610011
2.212774
2.001005
1.687155
2.032471
2.164769
1.943796
2.026452
1.972868
1.983102
1.872399
1.777734
1.824866
1.918424
1.815097
1.719674
2.125395
1.989893
2.267251
2.193142
1.922374
1.591334
2.183283
1.840893
1.832948
2.379405
1.841281
3.467443
1.939294
2.280789
1.636421
1.728304
1.653659
1.966381
1.844125
2.169244
1.809236
1.856595
2.043557
2.280801
2.027096
1.884688
1.876070
1.745657
2.879106
2.269559
2.194552
2.484304
2.119905
1.812641
1.950469
1.795530
1.986277
2.458266
1.951320
1.771457
1.782190
1.871581
2.589370
2.306626
2.093921
2.079509
1.964654
1.832445
1.758183
2.338041
1.748188
2.460873
1.932300
1.717244
2.198422
1.783974
1.929845
1.954824
2.162501
1.864891
1.625517
2.458307
2.204206
1.826629
1.713902
2.036103
1.693532
1.829982
1.997287
1.805701
2.260940
2.793663
1.869196
1.824483
1.845529
1.870829
1.564891
2.041598
1.967560
2.504159
2.075849
1.983911
1.641829
2.255908
2.147405
2.094543
1.830326
1.949216
1.933135
2.097537
1.394345
1.996791
1.773146
1.886076
1.426970
2.169606
2.296222
2.017492
1.909042
1.990755
1.741090
1.697644
1.757461
2.072309
2.044238
2.022694
1.747255
2.169273
2.351889
2.002641
1.817615
1.823166
1.767992
1.645132
2.163251
1.674210
1.725008
2.025356
2.311949
1.853430
1.920268
1.793037
1.680267
1.984074
1.988833
1.669822
2.241939
2.323598
1.925295
1.768253
1.854811
1.794499
1.615927
1.604764
1.857660
2.252853
2.046018
2.048162
2.210459
1.789877
1.877425
1.749447
1.436356
2.314539
2.137891
2.015017
2.066446
2.144873
1.851616
1.918663
1.932077
2.001618
2.115802
2.455798
2.437896
2.166247
2.367403
1.871838
1.840609
2.306882
1.889150
1.773671
2.038465
2.009890
1.788111
1.780106
1.889245
2.180589
2.016257
1.732901
1.678794
1.800871
2.036069
1.923324
2.618865
2.184901
2.045000
1.906843
1.699048
2.238341
2.138790
2.031010
2.488382
2.138590
2.032470
1.786702
2.113712
1.998109
2.278716
2.729736
2.363232
2.283685
2.157538
1.999989
1.733585
1.649949
3.082482
1.814435
1.923083
1.962365
1.798285
1.940516
2.092106
2.283499
1.552055
2.398683
2.061765
2.263048
2.005214
2.175991
1.613334
2.619681
1.530309
2.150153
1.635649
2.322199
2.126770
2.013185
2.093269
1.809841
1.478873
1.838693
1.945284
2.120448
1.847533
1.830647
1.968533
1.937976
1.588061
1.744723
1.683013
2.049615
2.168432
1.950961
1.923043
1.900725
1.835656
2.034409
1.556899
2.350369
1.794713
2.269809
1.906177
1.746704
1.764735
1.964691
2.039315
1.823802
2.082271
1.989305
2.184916
1.826646
1.979454
1.984559
1.871666
1.644166
1.844514
3.851555
1.652546
1.944727
1.911839
1.962718
1.871513
1.983758
2.019909
2.515594
2.036393
1.892233
2.285969
1.842257
1.842491
1.824318
2.177857
1.686826
1.908720
1.904818
1.842021
2.059167
1.792692
2.136789
2.284109
2.078910
1.996254
2.029536
2.408161
2.184863
2.231963
2.195023
2.071827
2.241436
1.952259
2.436728
2.074978
1.789011
1.685446
1.745481
2.019740
2.916436
1.907192
1.757712
1.785136
1.865992
2.645351
2.076329
1.704119
2.076346
2.299049
1.968864
2.115379
1.992490
1.925045
2.167179
1.841111
1.670140
2.397522
2.126526
1.845049
1.907205
1.717424
1.718242
2.618124
2.211287
1.780943
1.573888
1.747507
1.889973
1.661804
2.261847
2.176039
1.806986
2.057709
1.803950
2.125931
1.724805
2.058676
1.884852
1.914259
1.710453
2.344328
1.751364
1.864758
1.724174
2.252508
2.015241
2.040151
1.935553
2.153930
1.826277
2.141557
2.321187
1.732563
2.065077
2.119179
1.656255
2.120773
1.725902
1.837095
1.972983
1.890894
2.072378
1.916748
1.859494
1.635624
1.805359
1.606189
2.123723
1.814949
1.613830
1.874250
1.852549
2.264086
1.560035
1.690444
1.847590
1.776428
1.815777
2.122971
2.297473
2.076438
1.591959
2.205391
2.297176
2.309432
2.146888
2.412821
2.193085
1.857579
2.585427
2.584367
2.181980
2.252664
2.061309
2.364807
2.086574
2.240069
2.267532
2.319293
1.637146
2.428362
1.793686
2.097738
2.476517
1.878011
1.838476
1.668645
2.141777
1.539749
1.950521
2.391003
2.066848
2.494525
2.084774
1.958401
1.969387
2.415749
2.480474
1.931040
2.182109
1.876737
1.971558
2.364218
1.808140
1.683966
2.058527
1.773521
3.805403
2.190091
1.927284
1.828229
1.930726
2.011407
2.004332
1.878075
2.198841
2.212050
1.939030
2.241130
2.261465
2.028501
2.020994
2.114058
2.205415
1.991461
2.515226
2.315108
2.633292
2.636917
1.910954
2.141867
2.142734
2.715126
5.640864
2.026590
2.018628
1.783669
1.828235
1.890055
2.293652
1.857334
2.358741
2.241925
1.959671
1.890058
1.764230
1.825429
1.918900
2.057520
1.915118
1.883607
1.757957
1.452773
2.017819
1.677763
3.085725
2.592934
2.354077
2.399887
2.202075
2.238552
2.418975
2.162225
4.578721
2.208835
2.142776
2.173354
2.038382
1.959938
2.020152
2.060323
2.048738
1.870124
2.027685
2.076812
2.474457
1.839063
2.115375
1.865405
1.900693
1.887764
1.878179
2.228174
2.611207
2.159420
1.794225
1.765030
1.805685
1.652283
1.617841
3.115191
2.229884
2.070568
1.935182
1.988187
1.949280
1.945022
1.669404
1.772946
2.050966
1.865604
2.102946
1.801844
2.263395
2.211625
1.981499
2.291876
2.237438
2.314226
2.296937
2.066754
1.952262
1.624327
1.594009
2.289073
2.273394
2.209494
2.687368
1.921662
1.654846
1.950685
1.915250
2.207751
1.750849
2.037714
1.942230
1.946555
1.827248
1.845352
1.743735
1.803148
1.898773
2.396999
2.702580
2.508076
2.403952
2.996953
2.325544
1.983507
2.088258
2.291928
1.927620
2.366438
1.953091
2.138762
1.949794
1.979173
1.856186
1.680034
2.474722
2.002836
1.776883
2.385629
1.863588
1.789094
2.703841
2.278414
1.928322
1.721344
1.601026
2.112067
2.045215
2.052935
2.123649
1.743338
1.845880
1.316712
2.824146
3.198283
2.010945
1.930520
2.085356
1.750994
1.950047
2.430664
1.713350
1.604042
2.085875
1.613117
1.560696
1.645016
1.549396
1.935277
2.373092
2.349653
1.886120
2.257084
1.943710
1.822891
1.908095
2.450624
2.041131
1.932566
2.012745
1.888151
1.828935
1.570727
1.808005
1.565771
2.803708
3.090185
2.359540
2.267481
2.004473
2.400360
2.103392
1.974556
1.906523
1.635111
1.477159
2.151526
1.847376
1.813098
2.368850
2.220938
2.310658
1.909351
1.844730
2.137245
2.387069
2.064234
2.100183
2.035920
2.181355
2.226408
2.009099
2.264723
1.871939
2.210250
2.069602
1.981182
2.119512
1.735254
2.856015
2.162050
2.047687
2.006868
1.743489
1.709084
1.828474
1.772277
1.474650
2.143678
2.137603
1.825300
1.871716
1.565638
1.731202
2.305265
2.265552
2.289134
1.833790
1.750636
2.691133
2.075229
2.225949
1.908561
2.236341
2.014884
1.973905
1.873650
1.710894
2.029912
2.234149
2.008423
1.990358
1.776613
2.349497
2.144629
2.109899
1.707699
1.567732
3.066864
1.814609
1.790400
2.154661
1.724044
2.290745
1.879945
2.132289
1.959165
1.739557
2.400988
1.921680
1.710188
1.707421
2.224842
2.078208
2.148644
2.073173
1.823696
1.913349
1.724692
2.182384
2.340487
2.361110
2.099531
1.923030
2.102615
1.973657
1.633034
1.951985
1.780348
1.936381
2.170147
2.041963
1.981314
2.056536
1.975570
1.918723
2.037185
1.868014
2.066861
1.997664
1.946227
2.357889
2.099828
2.114759
1.945584
1.786094
1.904250
1.902286
1.879065
2.133906
1.959287
1.771289
2.312831
2.940896
3.147278
2.707964
2.585511
2.469339
2.324494
2.522664
2.858033
2.652128
2.189151
2.061770
2.310030
2.183179
2.292026
1.940825
2.327554
2.209206
2.135806
2.133992
2.060750
2.049001
2.242706
2.056923
1.919979
1.763573
1.971709
1.894810
1.871323
1.949056
2.426321
1.988707
1.888606
1.880742
2.283692
2.180040
2.245803
2.267287
2.024639
2.166407
2.021409
2.140707
2.027437
1.948851
2.378422
2.329161
2.004529
1.627746
1.851836
1.976336
1.970553
2.277930
2.068040
2.062105
2.137793
2.384268
1.928205
2.134094
1.843366
1.733959
2.029301
2.121773
1.995301
2.033064
1.934777
2.163888
2.097058
2.061378
2.153258
1.904384
1.937867
1.998655
2.043770
2.290549
1.893569
1.668807
1.846604
4.129099
3.104535
2.305657
2.464824
3.573017
2.410017
2.394606
2.269547
2.771300
2.076611
2.304304
2.529106
2.077558
2.083387
1.877169
2.129406
2.350063
2.296984
2.004806
2.186424
2.173177
2.275542
2.106903
2.373717
2.415292
2.287714
2.523110
2.314785
2.116966
2.156989
2.266189
2.196118
2.333147
2.101314
2.281390
2.527239
2.138873
1.986565
1.902136
1.933096
1.971673
2.040450
1.725353
2.763110
2.107186
2.268613
2.103514
1.871303
1.909848
1.848430
2.161223
2.179270
2.017939
2.037098
2.184773
2.116687
2.233162
2.403195
2.265333
1.785423
1.773740
1.922575
2.008435
2.228035
1.963025
1.938425
2.040219
1.894567
2.117374
2.446322
1.634786
1.854687
2.182411
2.213318
2.096169
2.005152
1.895318
1.832658
1.726289
1.955147
1.920884
2.156436
2.032084
1.924297
1.780696
2.090370
1.619364
2.183091
2.230980
2.122885
1.860062
1.792241
2.199574
1.722790
1.936962
1.796970
1.822915
2.214229
1.847527
2.812116
2.347500
2.153707
2.066399
2.181466
2.126401
2.253729
1.987086
2.133647
1.934189
1.946570
2.054997
2.012455
1.665618
1.671586
2.311922
3.109555
2.193223
2.077596
2.081013
2.207759
2.014590
2.074364
1.945578
2.644512
1.682038
2.289527
2.068707
1.999523
1.996629
2.188129
2.540856
1.910213
2.035962
2.109306
1.894631
2.312948
1.852145
1.867980
1.752081
2.078059
1.576628
1.962663
1.820027
2.250463
2.018077
1.932577
1.871014
1.962388
2.033814
1.668743
1.629766
1.613821
2.673420
2.137223
2.003987
1.727538
1.718733
1.996339
2.221762
1.790181
1.768842
1.984357
1.795093
1.800972
1.946755
2.010096
2.055917
2.334950
1.852724
2.138911
1.915654
2.207562
2.439575
1.943575
1.830188
2.349096
2.326240
2.524785
2.061776
1.846150
