2.445478
2.172514
2.335277
1.986944
2.100003
1.998687
2.066241
2.047139
2.048688
2.056959
2.069103
2.040467
1.981653
1.905481
2.049911
1.963076
1.994552
1.814563
2.085987
1.779469
2.100504
1.936310
1.884825
2.008362
1.890664
1.948883
1.972635
1.998536
1.865731
2.043547
2.021018
1.936685
1.891652
1.869535
1.876192
1.937656
2.016779
1.851205
1.964583
2.015850
1.863834
2.500873
1.755069
1.994365
1.891626
1.838605
1.974370
1.915221
1.884813
1.748039
1.866868
2.037062
1.798173
1.932823
1.834492
2.045892
1.832777
1.829745
1.725535
1.868927
1.757974
1.966841
1.784099
2.019249
1.794399
1.696156
1.886241
1.937883
1.820996
1.888372
1.950015
1.819388
1.781482
1.855542
1.772646
1.825982
1.784623
1.837321
1.847612
1.904852
1.894433
1.974595
1.736286
2.054131
1.806335
1.689452
1.889931
1.876164
1.799907
1.807495
1.988766
1.714428
1.821392
1.933065
1.749949
2.009705
1.751648
1.829677
1.784331
1.973057
1.977554
1.746571
1.739663
1.721248
1.839350
1.828952
1.785559
1.755722
1.829122
1.924242
1.926782
1.749230
1.792494
1.924904
1.896304
1.746046
1.825000
1.885781
1.822961
1.749600
1.715538
1.814702
1.874144
1.742689
1.791318
2.123972
1.709408
1.656044
1.737138
1.907278
2.065747
1.814983
1.798696
1.695847
1.639670
1.777604
1.808128
1.804808
1.839667
1.784873
1.747044
1.705708
1.952908
1.796840
1.915416
1.906418
1.776473
1.813169
1.842397
1.749099
1.742936
1.679245
1.755148
1.918469
1.650103
1.901522
1.808961
1.865906
1.623181
1.696774
1.944103
1.753043
1.717205
1.620860
1.744483
1.712637
1.810746
1.630149
1.787925
1.804943
1.819995
1.894664
1.862514
1.699355
1.864045
1.672763
1.746518
1.907102
1.903199
1.780389
1.651992
1.718427
1.696161
1.704852
1.887981
1.862993
1.771282
1.570674
1.584504
1.691332
1.713139
1.894250
1.776578
1.745199
1.897819
1.796191
1.855356
1.914155
1.777167
1.787354
2.062234
1.614505
1.809020
1.669601
1.870813
1.673660
1.802541
1.706294
1.668169
1.876031
1.877456
1.603882
1.715456
1.809951
1.635540
1.780843
1.777245
1.824975
1.721393
1.792099
1.696242
1.611855
1.897102
1.860624
1.725050
1.692553
1.694456
1.917285
1.828319
1.871211
1.669942
1.760715
1.684351
1.733311
1.797140
1.795146
1.780235
1.654905
1.722247
1.678916
1.946717
1.651951
1.767538
1.789748
1.698414
1.727227
1.859050
1.737102
1.703025
2.031972
1.686251
2.307164
1.542967
1.772483
1.771446
1.716105
1.866991
1.684577
1.660693
1.765000
1.838767
1.942136
1.738077
1.770634
1.816728
1.711247
1.799467
1.640391
1.730757
1.831785
1.539885
1.814025
1.573068
1.674453
1.622047
1.909519
1.650368
1.895252
1.662781
1.823252
1.708251
1.762454
1.879131
1.679713
1.767599
1.703563
1.832828
1.763629
1.657196
1.705031
1.572560
1.852701
1.731662
2.244900
1.682055
1.665586
1.809630
1.794512
1.802806
1.749321
1.541554
1.617181
1.747015
1.682921
1.769510
1.752774
1.701708
1.722151
1.714837
1.807648
1.631742
1.659835
1.847419
1.921111
1.820719
1.814132
1.746093
1.833939
1.842065
1.750745
1.795362
1.759505
1.793828
1.747013
1.772519
1.682739
1.903262
1.785913
1.640735
1.644168
1.671035
1.647694
1.673656
1.568321
1.809578
2.118486
1.597991
1.707904
1.692152
1.768167
1.717553
1.921495
1.801574
1.755027
1.763499
1.617282
1.868717
1.648093
1.700736
1.647544
1.807047
1.675737
1.803902
1.691677
1.583145
1.643595
1.774614
1.824057
1.806722
1.838986
1.747506
1.688523
1.791604
1.569579
1.795160
1.729969
1.752594
1.742956
1.807773
1.655942
1.609122
1.773233
1.602835
1.693087
1.671092
1.645639
1.714702
2.147663
1.909790
1.717798
1.839194
1.807943
1.734258
1.775927
1.720451
1.779378
1.707387
1.657441
1.704014
1.690728
1.587337
1.612409
1.643226
1.953296
1.757942
1.748670
1.694346
1.743155
1.505675
1.625987
1.673226
1.818900
1.660116
1.636828
1.678926
1.585727
1.828293
1.741081
1.727890
1.693410
1.782484
1.707753
1.638794
1.661236
1.792132
1.787437
1.788082
1.658002
1.558284
1.983530
1.800754
1.857377
1.680828
1.892941
1.784279
1.865146
1.686413
1.564697
1.592336
1.846019
1.534219
1.689543
1.667464
1.620159
1.874073
1.740664
1.628332
1.802810
1.818472
1.696701
1.669650
1.674993
1.572457
1.711187
1.634299
1.679947
1.673251
1.682849
1.747787
1.728387
1.610379
1.760357
1.719275
1.855648
1.677617
1.633526
1.778561
1.723812
1.649261
1.745845
1.766652
1.289448
1.670757
1.723340
1.853058
1.682875
1.845899
1.779684
1.656663
1.627815
1.668042
1.768157
1.671462
1.692646
1.593583
1.712409
1.853883
1.518267
1.729077
1.679084
1.593765
1.802625
1.593537
1.779745
1.625568
1.690582
1.574866
1.799191
1.510592
1.841899
1.824219
1.864017
1.676624
1.673012
1.897518
1.574259
1.736713
1.718080
1.835299
1.586497
1.915394
1.912385
1.789075
2.610291
1.699671
1.811627
1.498859
1.689711
1.666812
1.557202
1.634018
1.723699
1.943114
1.729227
1.789096
1.635528
1.809793
1.646309
1.816611
1.700427
1.797495
1.709864
1.558349
1.757967
1.837274
1.712352
1.454085
1.722002
1.687049
1.689816
1.809520
1.618639
1.906341
1.608903
1.836669
1.548953
1.643970
1.800543
1.979058
1.785953
1.617956
1.847130
1.719092
1.762011
1.722101
2.400316
1.736778
1.727376
1.775582
1.738512
1.756840
1.722637
1.712514
1.532079
1.658915
1.677792
1.726284
1.855667
1.586362
1.833111
1.827477
1.610698
1.732469
1.738399
1.564020
1.699528
1.616582
1.696868
1.796484
1.829062
1.657081
1.711931
1.851645
1.787029
1.839746
1.624680
1.728850
1.681445
1.864408
1.673166
1.691549
1.848921
1.903334
1.642899
1.638943
1.731623
1.499335
2.142755
1.674349
1.777281
1.621148
1.840731
1.756807
1.689067
1.633651
1.575532
1.656917
1.902982
1.656237
1.686009
1.764592
1.524738
1.592126
1.662099
1.562377
1.669216
1.723559
1.743150
1.572357
1.759680
1.580862
1.862197
1.678993
1.715961
1.873463
1.575731
1.793559
1.899611
1.646030
1.749156
1.701039
1.896646
1.627926
1.835568
1.653408
1.940341
1.614575
1.751430
1.727324
2.384318
1.685939
1.747965
1.745041
1.664966
1.735020
1.778783
1.696367
1.788626
1.591152
1.563863
1.531976
1.732037
1.719121
1.623525
1.713323
1.731349
1.590366
1.611910
1.767066
1.585280
1.758065
1.755415
1.727035
1.751070
1.573674
1.665808
1.642570
1.724054
1.555818
1.633276
1.840714
1.755984
1.890236
1.664873
1.635924
1.822507
1.874339
1.655027
1.600307
1.863233
1.774386
1.296391
1.630058
1.725907
1.678467
1.697040
1.665174
1.628766
1.809334
1.558685
1.717616
1.692067
1.928961
1.811655
1.688987
1.555321
1.795160
1.723936
1.619306
1.695745
1.651976
1.700649
1.628057
1.727535
1.658944
1.784587
1.854073
1.580612
1.647673
1.576158
1.778387
1.774076
1.707071
1.737101
1.788420
1.713025
1.643417
1.637791
1.861794
1.660368
1.602524
1.807669
1.742186
1.412642
1.770881
1.761720
1.716500
1.715056
1.615623
1.667778
1.687092
1.681136
1.669053
1.786498
1.581013
1.699905
1.703930
1.593099
1.657561
1.603118
1.642644
1.745203
1.693758
1.506615
1.716856
1.554087
1.692861
1.613119
1.674933
2.023207
1.635418
1.714852
1.811131
1.668409
1.865373
1.759405
1.776111
1.717768
1.625395
1.696320
1.655517
1.742236
1.655506
1.860826
1.737453
1.655812
1.709506
1.609024
1.586454
1.666663
1.835115
1.679657
1.588922
1.848254
1.830423
1.665872
1.642524
1.717923
1.956594
1.461982
1.687844
1.625336
1.632591
1.738229
1.740756
1.754503
1.667012
1.752615
1.613967
1.544767
1.762584
1.737612
1.707669
1.749835
1.695563
1.747223
1.633071
1.751512
1.724432
1.721451
1.784225
1.754886
1.681447
1.772143
1.669344
1.585352
1.565064
2.542176
1.691859
1.499675
1.819275
1.853096
1.836787
1.595451
1.709204
1.525713
1.684250
1.553879
1.737978
1.596930
1.792983
1.606132
1.785824
1.722609
1.638636
1.692804
1.727983
1.623003
1.766111
1.515533
1.721186
1.671060
1.855134
1.709995
1.917242
1.698650
1.681384
1.723776
1.709128
1.576575
1.601565
1.697643
1.446992
1.638227
1.588406
1.591357
1.762286
1.728155
1.737470
2.104003
1.856152
1.706192
1.703607
1.689525
1.678288
1.633202
1.667763
1.749999
1.773743
1.602120
1.699535
1.712383
1.670001
1.622813
1.575213
1.674762
1.625106
1.635289
1.644341
1.703453
1.617505
1.727319
1.715666
1.800064
1.645978
1.690568
1.508499
1.798645
1.746879
1.729672
1.851854
1.541003
1.713350
1.698072
1.630730
1.612168
1.749519
1.733061
1.738010
1.704510
1.710500
1.414872
1.478884
1.821688
1.704235
1.587347
1.714636
1.619674
1.618389
1.605827
1.632826
1.553839
1.703645
1.655521
1.758493
1.671468
1.571921
1.637445
1.727632
1.624068
1.914665
1.758930
1.627308
1.715275
1.644373
1.805572
1.608699
1.614940
1.555295
1.744243
1.868589
1.895957
1.590832
1.702000
1.646925
1.866775
1.817584
1.655082
1.897915
1.758848
1.662877
1.650202
1.706787
1.559653
1.501534
1.880678
1.675203
1.656594
1.744759
1.756608
1.760352
1.669392
1.728037
1.666735
1.634451
1.575814
1.731414
1.716780
1.789483
1.737344
1.571277
1.605741
1.669297
1.718143
1.834783
1.862640
1.769531
1.697046
1.698604
1.639952
1.642187
1.792040
1.721337
1.622245
1.568374
1.686929
1.731434
1.785352
1.774086
1.651894
1.628953
1.773947
1.637777
1.681131
1.561100
1.440761
1.653843
1.658406
1.741975
1.704368
1.714783
1.682931
1.730556
1.691567
1.513670
1.642624
1.607116
1.801241
1.601309
1.635611
1.564387
1.684665
1.634962
1.841791
1.775137
1.687289
1.704576
1.797293
1.616956
1.547932
1.735209
1.856087
1.758390
1.647973
1.701081
1.581079
1.807508
1.560690
1.686217
1.655008
1.625884
1.590704
1.689920
1.821511
1.587849
1.813937
1.524464
2.139080
1.531634
1.756884
1.746604
1.656260
1.739957
1.473991
1.821484
1.696532
1.752745
1.794339
1.862596
1.713218
1.667856
1.662241
1.623262
1.732269
1.828742
1.594474
1.705555
1.629399
1.603097
1.676054
1.504308
1.626549
1.593002
1.736847
1.695775
1.790456
1.814669
1.583947
1.769538
1.598759
1.681916
1.623276
1.801696
1.686182
1.744126
1.696673
1.617521
1.559438
1.639845
1.342739
1.731871
1.712678
1.863398
1.706164
1.624509
1.555894
1.572572
1.684081
1.686317
1.552915
1.598030
1.579680
1.574005
1.872191
1.596076
1.632013
1.657571
1.767299
1.646882
1.702045
1.759445
1.766725
1.815938
1.761375
1.720317
1.753733
1.719555
1.601094
1.565034
1.552405
1.906022
1.861438
1.554351
1.711566
1.547593
1.720079
1.630662
1.788229
1.593325
1.594404
1.797849
2.374124
1.652293
1.765108
1.697788
1.718762
1.797234
1.662065
1.633503
1.648440
1.631953
1.622608
1.751620
1.746446
1.631638
1.663912
1.854548
1.576709
1.576506
1.647088
1.759225
1.531560
1.874363
1.784180
1.691684
1.663762
1.585047
1.607319
1.572545
1.863403
1.715214
1.739263
1.668420
1.633976
1.712816
1.675720
1.777717
1.779079
1.626890
1.613633
1.794811
1.706437
1.601759
1.114219
1.739391
1.553901
1.565155
1.622772
1.695840
1.827191
1.753784
1.553309
1.690904
1.715155
1.580678
1.576280
1.721711
1.715121
1.611546
1.863595
1.645277
1.776621
1.672272
1.633625
1.523801
1.530168
1.746050
1.582159
1.852445
1.592353
1.716498
1.778955
1.639011
1.691272
1.594144
1.571308
1.735829
1.693992
1.497649
1.776931
1.720617
1.700532
1.595286
1.570583
1.739342
2.515431
1.716879
1.799169
1.715510
1.648245
1.514225
1.671045
1.735666
1.592234
1.825184
1.539001
1.514604
1.841197
1.755401
1.712393
1.641972
1.769661
1.763413
1.577789
1.834431
1.704476
1.690532
1.860028
1.575587
1.685470
1.652104
1.779768
1.628289
1.775141
1.676984
1.633350
1.608459
1.527755
1.620239
1.645701
1.829497
1.556280
1.604051
1.645381
1.738607
1.709694
1.624645
2.122766
1.745410
1.564410
1.905399
1.576344
1.755058
1.707515
1.558812
1.578552
1.722777
1.830638
1.739955
1.584796
1.613039
1.726159
1.666400
1.561361
1.592116
1.696916
1.730826
1.697788
1.674785
1.573349
1.686021
1.697721
1.525140
1.679778
1.748281
1.777749
1.573879
1.801216
1.672208
1.692403
1.645660
1.581093
1.613864
1.859900
1.884199
1.619989
1.578548
1.536366
1.512819
1.819818
1.601858
1.630330
1.826017
1.548023
1.916625
1.711167
1.634055
1.721063
1.590138
1.682374
1.699456
1.635897
1.620685
1.836440
1.648668
1.596522
1.788803
1.523562
1.792032
1.617916
1.736542
1.764058
1.629430
1.631015
1.831732
1.596853
1.721144
1.629029
1.552879
1.649492
1.552136
1.448294
1.757339
1.677244
1.865359
1.643115
1.786650
1.694285
1.526660
1.484038
1.675186
1.967686
1.515548
1.739052
1.622259
1.600436
1.661699
1.736066
1.635560
1.741264
1.787517
1.583296
1.740434
1.624724
1.633512
1.426456
1.574324
1.746198
1.763122
1.752138
1.696670
1.668589
1.748114
1.664428
1.694648
1.827851
1.560719
1.744959
1.729105
1.679156
1.689252
1.642279
1.531676
1.603239
1.692699
1.637910
1.548635
1.734765
1.730749
1.565142
1.783085
1.682101
1.593346
1.824520
1.662535
1.612277
1.797050
1.706627
1.569281
1.666921
1.738391
1.640902
1.984985
1.530589
1.668991
1.716990
1.548880
1.643347
1.599710
1.639042
1.609567
1.530550
1.586033
1.692008
1.628758
1.473147
1.722841
1.739303
1.632073
1.588903
1.490676
1.717443
1.700939
1.563592
1.837222
1.656671
1.782485
1.733402
1.776792
1.789355
1.683507
1.557288
1.801095
1.602880
1.792573
1.269058
1.451929
1.672337
1.531542
1.741315
1.777355
1.641543
1.644925
1.616359
1.621919
1.470732
1.642387
1.727555
1.750508
1.639423
1.796113
1.638831
1.534582
1.824181
1.680283
1.644967
1.613678
1.754169
1.761405
1.894121
1.736048
1.802531
1.736053
1.641157
1.527967
1.564518
1.501180
1.730455
1.629501
1.765717
1.633991
1.515186
1.799686
1.624117
1.655220
1.587564
1.698493
1.314912
1.738230
1.578544
1.766657
1.641459
1.764436
1.598349
1.653716
1.667244
1.571412
1.716333
1.745237
1.595914
1.622898
1.797358
1.933392
1.753628
1.542297
1.550237
1.637649
1.556566
1.508952
1.610157
1.539738
1.791163
1.645782
1.693923
1.621713
1.683387
1.627660
1.672285
1.795697
1.822032
1.561989
1.793339
1.392514
1.708742
1.550396
1.669091
1.594557
1.830586
1.594558
1.719917
1.741703
1.591893
1.635262
1.663060
1.619651
1.598412
1.649384
1.673817
1.577101
1.740360
1.593309
1.614099
1.516749
1.734507
1.737638
1.611058
1.463207
1.637316
1.554478
1.627060
1.563413
1.669646
1.740236
1.756023
1.849483
1.838458
1.559901
1.736704
1.849809
1.707533
1.467431
1.596638
1.670581
1.550933
1.595311
1.840880
1.598223
1.612083
1.666469
1.872485
1.650895
1.819063
1.565905
1.795335
1.633065
1.540595
1.812257
1.612720
1.747485
1.696234
1.657712
1.597506
1.566788
1.625456
1.725608
1.745905
1.555917
1.644639
1.880264
1.765495
1.466294
1.672967
1.676952
1.616912
1.592820
1.634200
1.543256
1.649415
1.428840
1.979665
1.740620
1.831874
1.619409
1.560390
1.567316
1.797957
1.582664
1.772115
1.743472
1.744211
1.652476
1.575135
1.619285
2.262532
1.623641
1.678432
1.623694
1.658162
1.594146
1.649815
1.760139
1.669888
1.564020
1.656325
1.544112
1.603794
1.890028
1.608062
1.787048
1.725912
1.645421
1.724687
1.631530
1.517767
1.542162
1.508303
1.758728
1.586711
1.746023
1.778124
1.631336
1.787959
1.799948
1.825620
1.780943
1.467229
1.630334
1.620591
1.725381
1.732518
1.782008
1.572450
1.797390
1.637194
1.724610
2.043694
1.605111
1.862472
1.834919
1.637509
1.497473
1.806392
1.615917
1.645206
1.560580
1.585987
1.607323
1.632305
1.551193
1.502486
1.744590
1.698695
1.774904
1.620069
1.752477
1.722675
1.640661
1.548603
1.543178
1.712556
1.649152
1.845930
1.690141
1.599309
1.608164
1.476068
1.676379
1.611529
1.566849
1.682639
1.604079
1.621126
1.751974
1.602935
1.736754
1.630225
1.600629
2.139719
1.795770
1.547510
1.771387
1.756321
1.712314
1.716659
1.643148
1.607643
1.692867
1.780350
1.699034
1.726348
1.707257
1.669644
1.800638
1.711939
1.645815
1.681926
1.569378
1.775167
1.632736
1.768591
1.597542
1.631076
1.510021
1.756114
1.805092
1.714845
1.680040
1.567058
1.656003
1.731831
1.582507
1.613809
1.740730
1.676534
1.545151
1.760369
1.619373
1.500114
1.624982
2.150954
1.707176
1.859092
1.527034
1.655538
1.754839
1.748839
1.632926
1.545458
1.610553
1.650062
1.652511
1.650755
1.732811
1.667674
1.755472
1.756795
1.608377
1.728178
1.784348
1.550480
1.492402
1.691550
1.805856
1.726258
1.584587
1.525684
1.562287
1.489845
1.826223
1.661918
1.630858
1.592535
1.490197
1.548298
1.609434
1.562327
1.485075
1.505142
1.747446
1.670985
1.672032
2.405120
1.611004
1.731053
1.598843
1.759585
1.680859
1.930301
1.600645
1.486974
1.747640
1.690823
1.638147
1.714149
1.607847
1.472932
1.686557
1.656193
1.689300
1.527931
1.595868
1.872388
1.652026
1.641968
1.551959
1.739472
1.634675
1.744102
1.830445
1.664776
1.558686
1.879419
1.734630
1.695477
1.813181
1.661685
1.637591
1.605905
1.592294
1.531423
1.588438
1.713484
1.613923
1.868531
1.708455
1.773925
1.605219
1.717221
1.677037
1.585331
1.602105
1.681348
1.645421
1.509571
1.654777
1.767345
1.641148
1.712088
1.766761
1.526612
1.710389
1.581842
1.518545
1.734370
1.796554
1.794842
1.720677
1.639044
1.653077
1.790143
1.558120
1.632210
1.612430
1.561222
1.651253
1.673300
1.502342
1.594370
1.688042
1.575614
1.848815
1.646930
1.842026
1.527705
1.688938
1.143326
1.547290
1.679292
1.676997
1.496998
1.632116
1.666154
1.636529
1.608793
1.718332
1.531655
1.799665
1.614372
1.700034
1.709719
1.604735
1.777613
1.660819
1.572111
1.777825
1.648521
1.644883
1.611694
1.684128
1.614304
1.626429
1.682518
1.715236
1.615256
1.677630
1.774829
1.741450
1.613338
1.639665
1.731864
1.643066
1.600852
1.566136
1.614924
1.819880
1.533530
1.854900
2.357891
1.622302
1.912672
1.651497
1.640794
1.577920
1.743732
1.688654
1.596866
1.793647
1.667980
1.725264
1.566110
1.709096
1.686773
1.875379
1.643166
1.690174
1.794114
1.559511
1.654394
1.619698
1.664793
1.632707
1.617512
1.556795
1.683817
1.566901
1.671314
1.578166
1.511575
1.921116
1.581658
1.627977
1.558964
1.833213
1.630655
1.761699
1.673113
1.748894
1.497570
1.626181
2.032659
1.520644
1.748186
1.610026
1.573883
1.873058
1.616981
1.724110
1.647097
1.597721
1.718508
1.618957
1.555784
1.648579
1.657590
1.623677
1.669496
1.650974
1.761348
1.600716
1.792460
1.813652
1.517704
1.725822
1.716093
1.555683
1.552143
1.699076
1.704797
1.791356
1.900152
1.691354
1.504974
1.642553
1.678340
1.612071
1.760183
1.517567
1.574982
1.623219
1.608451
1.628656
1.701818
1.777709
1.675518
1.656296
1.583577
1.745502
1.858785
1.716308
1.739702
1.865288
1.619347
1.541525
1.637058
1.794004
1.764929
1.729050
1.612618
1.545598
1.503109
1.592194
1.607135
1.681066
1.581948
1.588661
1.732005
1.705612
1.561082
1.650049
1.550371
1.713397
1.711034
1.675432
1.711477
1.657625
1.609185
1.661810
1.623395
1.554745
1.563089
1.688173
1.499287
1.751077
1.855217
1.797252
1.669683
1.802842
1.621533
1.737176
1.557948
1.694498
1.677493
1.770053
1.776001
1.671991
1.582970
1.529564
1.774884
1.706688
1.544736
1.672950
1.633202
1.726600
1.546979
1.733647
1.554956
1.856380
1.569749
1.547138
1.576491
1.651103
1.631731
1.512225
1.533821
1.646136
1.696497
1.773992
1.502673
1.761733
1.743510
1.560582
1.706791
1.682205
1.550604
1.527305
1.378355
1.662636
1.746297
1.799509
1.626857
1.594491
1.735597
1.767005
1.775365
1.733091
1.573145
1.493644
1.614938
1.651634
1.594943
1.551114
1.622614
1.615189
1.761919
1.602972
1.719645
1.625353
1.533648
1.495894
1.709454
1.482790
1.694022
1.545097
1.735150
1.609857
1.773947
1.718427
1.637254
1.763952
1.579779
1.678939
1.650775
1.829954
1.575221
1.846087
1.642580
1.590791
3.030436
1.662531
1.661744
1.874709
1.877435
1.661245
1.556155
1.760117
1.535494
1.657158
1.608465
1.702053
1.526248
1.655076
1.696599
1.566337
1.618927
1.588846
1.639004
1.681491
1.783770
1.641818
1.694931
1.663914
1.599184
1.619853
1.501968
1.768694
1.785258
1.578556
1.607770
1.627333
1.597301
1.597095
1.652272
1.730813
1.597970
1.855069
1.660058
1.731650
1.830663
1.509081
2.058548
1.647730
1.651988
1.696824
1.691676
1.600994
1.592464
1.749824
1.560965
1.712754
1.559636
1.526059
1.650188
1.615736
1.705368
1.570139
1.723823
1.879829
1.614671
1.523994
1.589954
1.682257
1.662705
1.603722
1.606619
1.749332
1.759893
1.790484
1.673978
1.489398
1.746064
1.664117
1.777870
1.633914
1.665071
1.748789
1.616429
1.653840
1.549259
1.700652
1.525665
1.814559
1.283324
1.585962
1.690736
1.742901
1.810675
1.671024
1.815577
1.478995
1.499029
1.686427
1.701474
1.791938
1.638198
1.676469
1.758441
1.724575
1.741774
1.940557
1.640182
1.697281
1.670686
1.647573
1.549599
1.557595
1.548757
1.607410
1.555651
1.759628
1.700927
1.630599
1.690323
1.663410
1.633807
1.588620
1.574719
1.645902
1.641458
1.698603
1.547622
1.637858
1.669522
1.607433
2.462506
1.739200
1.601583
1.756526
1.570213
1.461735
1.603829
1.640883
1.618865
1.534623
1.839847
1.745667
1.746386
1.637383
1.735749
1.654970
1.587323
1.727036
1.580596
1.618792
1.643997
1.576919
1.600696
1.630569
1.807582
1.739929
1.586123
1.612663
1.773304
1.537145
1.540710
1.792225
1.618181
1.534658
1.584448
1.699151
1.693983
1.625386
1.606450
1.783279
1.728707
1.678308
1.437455
1.806817
1.878649
1.655207
1.546876
1.654932
1.606018
1.575312
1.851099
1.593421
1.771119
1.618070
1.648726
1.661639
1.633375
1.751366
1.872543
1.658380
1.776404
1.633805
1.637608
1.691081
1.689636
1.616267
1.539238
1.680762
1.564738
1.515905
1.792143
1.626667
1.660206
1.590111
1.722420
1.649157
1.662883
1.657348
1.614191
1.617316
1.566037
1.518533
1.699293
1.514613
1.489980
1.740070
1.714253
1.714619
1.631919
1.702320
1.616564
1.522758
1.736315
1.645738
1.683563
1.735572
1.547201
1.653323
1.622646
1.884660
1.593597
1.580415
1.648501
1.608498
1.649698
1.697872
1.866234
1.615291
1.638871
1.597539
1.873061
1.753350
1.442894
1.604308
1.675066
1.754149
1.693492
1.720935
1.796617
1.592723
1.625452
1.714284
1.547407
1.564849
1.635836
1.582237
2.249269
1.973356
1.483188
1.621090
1.570619
1.690475
1.646417
1.848379
1.624732
1.711990
1.623064
1.851801
1.555793
1.535313
1.685709
1.451069
1.598311
1.479923
1.423213
1.724414
1.620589
1.707259
1.716176
1.548394
1.704752
1.834964
1.587867
1.692570
1.723500
1.676261
1.706788
1.730057
1.762099
1.720314
1.555125
1.709762
1.861216
1.718860
1.689832
1.620400
1.670812
1.735648
2.008595
1.571128
1.716852
1.748021
1.491217
1.683851
1.694445
1.601820
1.686273
1.647333
1.576100
1.776186
1.542644
1.697406
1.819414
1.834515
1.538834
1.512332
1.573959
1.710737
1.719972
1.515891
1.730478
1.773261
1.803451
1.620733
1.723094
1.501948
1.835140
1.485405
1.667300
1.659479
1.579031
1.439349
1.949157
1.743405
1.614053
1.784029
1.543260
1.583519
1.701381
1.436257
1.341982
1.801630
1.742699
1.609197
1.645993
1.714796
1.597750
1.777243
1.605742
1.477558
1.896269
1.684391
1.744418
1.615790
1.707813
1.498188
1.688233
1.590800
1.599478
1.613462
1.838247
1.604118
1.512272
1.674184
1.625692
1.508227
1.682867
1.578221
1.570093
1.822308
1.571383
1.613255
1.686612
1.644256
1.756432
1.505826
1.731751
1.545306
1.584392
1.747689
1.761281
1.685405
1.719912
1.999381
1.753734
1.636033
1.654879
1.564947
1.638762
1.758493
1.716920
1.587718
1.683584
1.786319
1.728251
1.589235
1.820445
1.653958
1.597479
1.530519
1.601838
1.843424
1.644857
1.589430
1.778605
1.624786
1.715183
1.555998
1.643927
1.482874
1.749249
1.632066
1.603792
1.531920
1.590717
1.788488
1.562006
1.616379
1.503041
1.710990
1.573711
1.513107
1.807643
1.765776
1.772369
1.758761
1.638175
1.604293
1.608551
1.646679
1.496254
1.710542
1.508579
1.588093
1.813550
1.582995
1.609185
1.588008
1.797960
1.624999
1.707575
1.617551
1.609216
1.568819
1.741932
1.555478
1.585894
1.609706
1.639324
1.550994
1.721978
1.620639
1.740006
1.616477
1.668249
1.624613
1.621263
1.674839
1.649554
1.733151
1.618429
1.619468
1.684753
1.635619
1.772333
1.629295
1.757764
1.713293
1.754930
1.788401
1.669621
1.608015
1.598660
1.616888
1.863896
1.841310
1.522536
1.814177
1.706459
1.500385
1.726369
1.684048
1.632719
1.598042
1.519874
1.700317
1.376552
1.644592
1.753944
1.738580
1.535062
1.708530
1.770508
1.626478
1.525260
1.726541
1.628307
1.630882
1.665217
1.725691
1.508635
1.676167
1.660634
1.851225
1.700544
1.632936
1.718559
1.578473
1.964984
1.526283
1.656029
1.772109
1.456417
1.506965
1.773174
1.502005
1.560215
1.905510
1.828936
1.558357
1.703039
1.879140
1.550112
1.538314
1.633596
1.586064
1.552691
1.584267
1.551461
1.635660
1.555253
1.793981
1.723281
1.841010
1.682034
1.689626
1.611715
1.548251
1.610913
1.771411
1.447569
1.597387
1.553874
1.503906
1.630983
1.674143
1.794717
1.585077
1.819216
1.903529
2.479596
1.624533
1.578090
1.669841
1.566907
1.858348
1.617446
1.648372
1.698526
1.595257
1.598482
1.808213
1.604899
1.647494
1.795467
1.524148
1.736964
1.639590
1.558460
1.646087
1.741444
1.533392
1.524197
1.713791
1.552607
1.627875
1.797493
1.585749
1.625015
1.694382
1.557306
1.689946
1.648396
1.763609
1.592369
1.643387
1.766863
1.713796
1.647334
1.661719
1.527869
1.677840
1.058079
1.600856
1.648392
1.597054
1.662163
1.613419
1.618255
1.538634
1.820281
1.681715
1.696467
1.553034
1.708014
1.618092
1.743562
1.747039
1.578395
1.591653
1.757689
1.517277
1.887542
1.711722
1.636807
1.646549
1.780156
1.806873
1.511856
1.540916
1.651244
1.655717
1.686677
1.417334
1.632514
1.634174
1.673830
1.669725
1.698743
1.751858
1.618500
1.639409
1.870561
1.691923
1.618696
1.646092
1.483713
1.628559
1.524842
1.849225
1.796158
1.919229
1.429562
1.723990
1.589939
1.701583
1.724377
2.007612
1.616646
1.744707
1.705894
1.530619
1.668967
1.538678
1.776941
1.679327
1.559719
1.577695
1.554524
1.667786
1.622383
1.605470
1.730566
1.662384
1.615626
1.621907
1.812752
1.618812
1.626488
1.356597
1.828105
1.626912
1.556380
1.579370
1.669136
1.555280
1.543767
1.459781
1.686397
1.552790
1.513705
1.671557
1.819496
1.824472
1.562096
1.711911
1.582773
1.604641
1.678153
1.640632
1.676094
1.603438
1.675145
1.538140
1.494586
1.698971
1.661081
1.639453
1.852799
1.640668
1.767819
1.682959
1.532802
1.745453
1.487146
1.620812
1.602693
1.789300
1.531729
1.615899
1.677285
1.700687
1.539418
1.693092
1.803520
1.514384
1.704485
1.836102
1.922591
1.680239
1.559657
1.806006
1.554256
1.767876
1.621577
1.656660
1.525344
1.494122
1.649795
1.656321
1.686218
1.514029
1.594654
1.444469
1.601974
1.687490
1.570933
1.571362
1.633536
1.585952
1.674942
1.571532
1.610505
1.792061
1.702642
1.730494
1.703634
1.838181
1.723713
1.835505
1.803141
1.740307
1.675494
1.802427
1.565237
1.730653
1.493029
1.491826
1.717301
1.647909
1.357911
1.604992
1.639905
1.563550
1.742305
1.510907
1.734782
1.768661
1.619195
1.348644
1.556804
1.604226
1.633593
1.842356
1.607693
1.697641
1.478216
1.636566
1.661120
1.668789
1.673441
1.565432
1.593063
1.776326
1.638021
1.592705
1.526702
1.680046
1.614677
1.713863
1.786661
1.705513
1.616493
1.499541
1.701532
1.608726
1.608218
1.719619
1.570525
1.527063
1.721336
1.667312
1.504364
1.785076
1.541075
1.725973
1.544113
1.548595
1.726908
1.682720
1.493573
1.639473
1.764762
1.622836
1.535352
1.590138
1.660279
1.878308
1.743484
1.650077
1.616761
1.602005
1.743254
1.684449
1.620739
1.460863
1.617855
1.626526
1.665863
1.639821
1.544248
1.551021
1.621078
1.476454
1.796666
1.655793
1.735421
1.551456
1.811433
1.676518
1.710231
1.602163
1.660908
1.792572
1.453708
1.562046
1.554146
1.624726
1.559364
1.568513
1.663619
1.612104
1.708681
1.677624
1.541295
1.447675
1.572720
1.625305
1.689521
1.678960
1.786126
1.586641
1.687899
1.578773
1.619892
1.616797
1.549378
1.479877
1.649168
1.654203
1.660414
1.896620
1.673209
1.482944
1.680949
1.536436
1.632794
1.785714
1.610587
1.713971
1.759158
1.616772
1.628231
1.475140
1.754831
1.615940
1.664218
1.620393
1.611517
1.521457
1.583781
1.718041
1.560071
1.614691
1.562622
1.815534
1.580431
1.751594
1.496086
1.658058
1.678695
1.607558
1.681529
1.738081
1.618478
1.537095
1.630504
1.520362
1.725213
1.716820
1.863288
1.509992
1.789292
1.548459
1.757265
1.713400
1.732188
1.563833
1.641201
1.569569
1.528342
1.547502
1.875641
1.670762
1.597468
1.616253
1.586165
1.539266
1.429736
1.719250
1.739023
1.767366
1.709294
1.516993
1.520512
1.542581
1.622838
1.711735
1.640575
1.757528
1.695764
1.479010
1.725476
1.806327
1.664577
1.531869
1.517856
1.785231
1.823508
1.620821
1.699970
1.552006
1.755162
1.579672
1.623904
1.700613
1.784364
1.521238
1.587806
1.676168
1.844073
1.622880
1.629967
1.569907
1.563234
1.577861
1.621281
1.596039
1.674199
1.626581
1.888621
1.609996
1.695679
1.514513
1.832158
1.601631
1.593368
1.629469
1.432600
1.687911
1.590374
1.689256
1.619219
1.558669
1.575543
1.572665
1.740142
1.831168
1.654046
1.736077
1.694583
1.704535
1.559411
1.665265
1.691027
1.617504
1.700556
1.518938
1.659158
1.674524
1.690738
1.607449
1.893311
1.755769
1.655999
1.691837
1.704288
1.610582
1.658048
1.558379
1.755515
1.809409
1.825516
1.466675
1.584181
1.554513
1.784332
1.488830
1.570318
1.661780
1.594034
1.725979
1.778329
1.783086
1.701235
1.417557
1.649982
1.795094
1.736570
1.640872
1.596038
1.659489
1.608185
1.771966
1.651832
1.817649
1.732546
1.676045
1.703223
1.568208
1.484197
1.506641
1.586995
1.524099
1.680032
1.680674
1.596739
1.958512
1.620211
1.562516
1.589063
1.736393
1.683130
1.725213
1.653390
1.645676
1.714308
1.614713
1.537069
1.634148
1.504988
1.776903
1.691349
1.662564
1.692763
1.650529
1.576582
1.741092
1.527689
1.716499
1.565176
1.572840
1.520457
1.664847
1.689719
1.583240
1.422504
1.679535
1.591053
1.772566
1.470261
1.779494
1.643284
1.697956
1.763142
1.672875
1.724492
1.850748
1.570678
1.613762
1.863521
1.734279
1.610672
1.585637
1.501000
1.715473
1.324613
1.738899
1.705958
1.704961
1.659763
1.805130
1.667041
1.676778
1.594450
1.568359
1.564958
1.621816
1.563180
1.711078
1.586698
1.622164
1.391132
1.893876
1.790248
1.709579
1.494716
1.696905
1.513478
1.811347
1.437269
1.872709
1.733689
1.570842
1.817874
1.784211
1.676275
1.716422
1.572851
1.602658
1.675842
1.584051
1.582713
1.709875
1.470048
1.519189
1.539165
1.627735
1.683923
1.637910
1.609437
1.774994
1.706419
1.441498
1.666167
1.736488
1.642938
1.602761
1.742056
1.732444
1.541390
1.670449
1.545478
1.754930
1.660123
1.555268
1.542483
1.711120
1.496090
1.540579
1.477387
1.704188
1.496726
1.704670
1.562144
1.769329
1.558403
1.665385
1.592540
1.535584
1.712223
1.566529
1.717890
1.625963
1.667717
1.586546
1.565913
1.554147
1.593715
1.729539
2.291371
1.784164
1.606852
1.639051
1.640353
1.644974
1.670873
1.674940
1.635085
1.539173
1.710058
1.711100
1.783280
1.678263
1.626816
1.692590
1.795970
1.640925
1.868970
1.616903
1.536823
1.932049
1.570673
1.769071
1.446356
1.406080
1.518164
1.642823
1.450532
1.697825
1.766279
1.686657
1.599241
1.577304
1.676603
1.514953
1.762607
1.751295
1.494840
1.487767
1.813813
1.699004
2.288508
1.617170
1.535425
1.666919
1.527227
1.523381
1.510498
1.837785
1.701097
1.661321
1.607505
1.725420
1.778680
1.669062
1.583475
1.710465
1.654981
1.482836
1.670923
1.624212
1.626959
1.479417
1.623906
1.619296
1.612737
1.446361
1.695311
1.671997
1.814614
1.971316
1.767985
1.712314
1.715534
1.641735
1.685034
1.714470
1.518616
1.753640
1.583011
1.743510
1.756997
1.513354
1.340924
1.577064
1.604847
1.659324
1.758479
1.696098
1.634642
1.709668
1.709905
1.512200
1.581360
1.744287
1.579379
1.639812
1.843615
1.598828
1.449944
1.560748
1.575151
1.572147
1.659451
1.658651
1.675121
1.613713
1.659669
1.549347
1.650107
1.839769
1.628543
1.683443
1.550061
1.535370
1.582580
1.654058
1.633018
1.745798
1.777101
1.681189
1.709925
1.639256
1.496567
1.586289
1.423673
1.588932
1.730803
1.686583
1.585274
1.601605
1.730860
1.733341
1.699524
1.721026
1.651126
1.479461
1.642125
1.652214
1.760437
1.677548
1.566474
1.746585
1.621149
1.784006
1.681363
1.565313
1.469778
1.457670
1.612728
1.539726
1.555371
1.673137
1.568652
1.750528
1.714607
1.698414
1.597838
1.626352
1.709904
1.652822
1.807658
1.587639
1.466882
1.603610
1.606732
1.589535
1.659442
1.475660
1.733682
1.826767
1.572177
1.698715
1.643336
1.754565
1.612772
1.552109
1.694271
1.723490
1.824831
1.698752
1.677825
1.550370
1.685820
1.604474
1.561174
1.612300
1.551739
1.632535
1.688973
1.615116
1.711968
1.507071
1.565710
1.693151
1.588484
1.583889
1.675763
1.458295
1.875612
1.493849
1.831076
1.704796
1.712850
1.712164
1.805449
1.523964
1.633942
1.725277
1.863423
1.569896
1.794124
1.699535
1.603563
1.564301
1.570312
1.636411
1.652606
1.604770
1.760459
1.533670
1.527778
1.624829
1.593000
1.550107
1.539187
1.636945
1.667516
1.575414
1.680616
1.742745
1.561234
1.740103
1.680334
1.557063
1.783631
1.606693
1.635557
1.597183
1.811964
1.679766
1.779894
1.738816
1.564673
1.564165
1.614691
1.669937
1.601367
1.748807
1.461946
1.510207
1.870702
1.770498
1.655047
1.823280
1.699287
1.588369
1.626585
1.566094
1.657822
1.539826
1.641343
1.848754
1.713443
1.616328
1.807927
1.500626
1.858364
1.817889
1.652631
1.727974
1.551875
1.569417
1.487165
1.722733
1.596474
1.508628
1.597824
1.818120
1.509154
1.576757
1.657465
1.520264
1.516750
1.708293
1.642911
1.569273
1.670303
1.517117
1.715861
1.707208
1.583104
1.680869
1.652515
1.637128
1.626514
1.663842
1.617390
1.671098
1.609878
1.416970
1.627855
1.607321
1.774455
1.666045
1.506194
1.575038
1.695961
1.690362
1.573629
1.703317
1.538780
1.585235
1.483731
1.557754
1.607356
1.656920
1.651911
1.685341
1.762448
1.748081
1.496491
1.584758
1.587059
1.508851
1.633834
1.857989
1.620225
1.743949
1.696119
1.719499
1.683758
1.882225
1.502223
1.559181
1.371587
1.706169
1.727171
1.583095
1.791198
1.717925
1.709409
1.562345
1.626894
1.589637
1.613053
1.666615
1.708690
1.603195
1.611823
1.860717
1.476886
1.727480
1.628824
1.802215
1.471018
1.754394
1.610817
1.696437
1.863107
1.608980
1.606451
1.538104
1.794458
1.629423
1.678497
1.569800
1.417632
1.622167
1.615626
1.578075
1.495861
1.617290
1.622561
1.607056
1.783179
1.559099
1.783589
1.626232
1.742507
1.670419
1.691643
1.563187
1.570254
1.575983
1.656557
1.687501
1.544533
1.586593
1.632513
1.669819
1.601247
1.802943
1.557664
1.583515
1.618723
1.685926
1.651449
1.673522
1.675256
1.659642
1.814402
1.537838
1.552728
1.546931
1.692799
1.707481
1.743813
1.716475
1.647739
1.541300
1.659039
1.709491
1.622534
1.676724
1.525630
1.636490
1.662279
1.511792
1.300551
1.591205
1.546572
1.628266
1.692956
1.770972
1.580695
1.604317
1.636507
1.585448
1.608156
1.741254
1.535460
1.757352
1.596592
1.615291
1.673971
1.845513
1.585448
1.657685
1.588269
1.494462
1.621664
1.544956
1.535151
1.580654
1.621272
1.750033
1.667961
1.595774
1.720844
1.643061
1.610932
1.786618
1.641809
1.681489
1.796919
1.485578
1.727204
1.582420
1.698480
1.686716
1.435124
1.686203
1.631973
1.483844
1.640748
1.715161
1.765362
1.762486
1.530766
1.637990
1.564053
1.502808
1.761474
1.728395
1.609713
1.434699
1.577669
1.694315
1.531897
1.528899
1.693859
1.470424
1.612988
1.484985
1.662843
1.758574
1.612808
1.633510
1.518153
1.597502
1.704538
1.678362
1.715679
1.680596
1.673618
1.367234
1.771796
1.577177
1.754091
1.673969
1.750368
1.756599
1.537306
1.637931
1.741748
1.881216
1.817290
1.477198
1.588703
1.752651
1.609633
1.565930
1.709130
1.668180
1.633472
1.533422
1.670325
1.590405
1.694537
1.518814
1.527573
1.693659
1.688102
1.906802
1.626892
1.753034
1.761102
1.576846
1.688975
1.493142
1.761270
1.726743
1.704391
1.756696
1.533958
1.434050
1.550551
1.797102
1.691766
1.856205
1.588636
1.634317
1.736538
1.610192
2.792965
1.691147
1.707983
1.755424
1.485847
1.587637
1.658967
1.696308
1.676342
1.542151
1.774816
1.514859
1.671845
1.606013
1.677112
1.670445
1.741095
1.732286
1.699499
1.591521
1.744304
1.542208
1.634383
1.749793
1.618266
1.749662
1.567918
1.678192
1.653568
1.665146
1.621804
1.648233
1.583939
1.642394
1.546035
1.631273
1.514458
1.458562
1.666314
1.599072
1.594291
1.753303
1.685226
1.615824
1.620867
1.587817
1.611737
1.723831
1.563460
1.678852
1.561668
1.650835
1.578772
1.831691
1.538361
1.562524
1.736048
1.811745
1.708925
1.748086
1.761754
1.576279
1.591069
1.492165
1.762937
1.574673
1.591825
1.822868
1.571019
1.633113
1.663666
1.669787
1.624689
1.552954
1.602016
1.731311
1.668425
1.784396
1.734360
1.511215
1.683354
1.751197
1.762626
1.614861
1.846010
1.715391
1.526689
1.655074
1.691714
1.664202
1.457555
1.600502
1.640200
1.661291
1.634518
1.682087
1.687074
1.682144
1.543393
1.493984
1.561053
1.823956
1.583912
1.760262
1.714216
1.642849
1.623254
1.632296
1.501306
1.700385
1.579919
1.598340
1.605674
1.654223
1.546747
1.714456
1.587440
1.656642
1.654870
1.810549
1.716524
1.646144
1.736619
1.501122
1.668573
1.671572
1.588998
1.562431
1.692707
1.592729
1.679619
1.720613
1.540998
1.740761
1.602066
1.614195
1.622688
1.756292
1.588431
1.665719
1.578166
1.410099
1.759104
1.750533
1.627063
1.466833
1.635329
1.789180
1.635675
1.691724
1.703477
1.800381
1.638242
1.448201
1.467332
1.776217
1.493773
1.652204
1.563901
1.664569
1.523002
1.693434
1.617082
1.635215
1.740464
1.522631
1.593814
1.667674
2.894559
1.555044
1.741555
1.696969
1.643783
1.666587
1.740691
1.505149
1.605362
1.619314
1.454959
1.889687
1.695141
1.504675
1.741739
1.371455
1.597014
1.559779
1.577450
1.818887
1.508841
1.697153
1.532521
1.588138
1.688575
1.665214
1.801862
1.692418
1.718031
1.661206
1.754531
1.614342
1.570201
1.701259
1.781916
1.610270
1.441695
1.691264
1.545049
1.866501
1.577016
1.540948
1.298694
1.670899
1.682940
1.565111
1.680124
1.662461
1.740864
1.477840
1.489681
1.613978
1.706747
1.520361
