2.209003
1.768257
15.129823
2.433661
3.219496
3.397423
4.024087
6.697500
2.335350
2.433133
2.476059
2.045769
2.493317
2.128743
2.265229
3.101087
2.452293
2.364392
1.942487
2.069513
2.180813
2.253409
2.231558
2.677199
1.821917
1.434503
2.367061
3.816729
2.648254
2.211063
2.369603
1.802515
2.638249
5.858676
5.365618
2.004894
2.048327
1.836172
1.897182
1.600796
2.957505
5.057481
2.184157
2.200695
1.582197
2.972265
2.175623
7.775368
2.325536
2.154214
2.126241
2.080659
2.125307
1.662235
2.351415
2.348803
2.389793
2.860915
1.216551
2.554213
6.536042
1.692936
1.982699
5.419666
1.813400
2.610743
0.952105
2.110188
1.927086
2.217097
0.313387
3.302200
0.441565
2.493386
1.616950
10.017592
2.338141
2.391436
2.031953
2.105530
2.115565
1.863684
1.955889
2.543767
2.023240
2.048864
1.468109
1.923925
2.282286
2.004151
2.948350
2.439494
1.950656
1.851630
0.312569
0.448843
2.302756
3.064960
1.906696
1.998436
0.334055
0.106764
5.177691
2.792760
4.685007
0.222757
2.755653
2.863375
2.170154
2.147243
0.011622
3.085187
2.678170
2.211434
2.596583
6.936876
2.161807
2.894820
2.001137
2.322820
2.211185
1.486372
1.486210
1.693101
2.408598
3.441929
5.104287
2.661473
2.644355
2.006979
2.469960
2.067064
2.679818
2.427336
2.867126
2.084678
2.413723
1.951425
1.949257
1.739226
1.755790
4.434263
6.394974
2.046819
1.784668
1.175201
2.042125
1.807913
2.191257
2.090880
1.310698
1.272694
2.246975
2.396721
3.265091
2.191783
3.645338
2.648406
3.077431
1.985370
2.330635
2.817735
1.886906
2.132602
3.658599
2.452263
2.330477
2.794824
2.084410
1.557449
2.388535
2.233655
2.236222
2.302226
0.912219
4.294170
3.880612
1.410767
2.572548
0.325591
14.038898
2.637645
2.158274
2.096156
2.063543
1.990739
2.635869
2.356577
3.066883
2.345200
2.425031
3.225134
1.232186
2.740979
0.987413
4.486984
5.165088
2.170231
0.052820
1.505666
2.024978
2.259681
2.895177
2.565879
1.989143
1.999848
3.002223
1.096349
2.731606
0.017468
0.005649
2.201506
3.198043
2.270626
1.530219
4.238218
3.774278
3.015482
2.754202
1.076610
11.427458
11.500923
2.153967
2.102077
2.541129
2.352530
1.366907
2.116788
2.984623
3.987830
2.936897
2.063241
1.634933
1.312422
2.193008
1.870777
2.536969
4.024087
1.614709
1.347561
0.912298
6.584592
2.805567
0.091690
2.013483
5.093458
2.645324
2.154186
2.238148
2.638750
2.085742
1.873239
2.820487
1.805184
2.065775
2.626102
2.384306
1.851280
1.629505
1.967569
0.426807
1.198182
2.436787
1.130686
1.454339
0.876678
3.549152
2.265993
6.181713
0.021251
6.328122
3.327853
2.148207
3.126880
2.632448
2.549256
3.055538
2.505207
2.058843
2.439541
2.294952
2.513091
2.194760
2.127093
1.818475
1.969155
1.831890
3.111759
2.211784
2.150444
2.533329
2.492588
2.163739
2.130411
1.754344
1.080960
2.463736
2.167524
2.444957
1.754500
2.083124
2.170070
2.354807
1.714120
2.047177
3.573785
0.258655
2.147657
3.784438
4.160616
3.504692
0.799952
1.557437
2.352809
2.662274
2.379384
2.233157
4.571254
0.061133
1.787915
2.224298
2.012149
1.858439
0.984859
2.187409
0.646978
0.755245
2.078929
0.112256
1.649623
3.672653
0.322904
1.931927
5.430707
2.229897
2.118651
1.774250
1.795285
2.445271
2.223951
2.319546
1.558122
1.650019
1.672923
2.040750
6.243931
3.686220
1.643106
7.808956
2.190643
0.877510
0.235518
0.840794
0.782743
1.993531
0.656872
7.918964
2.121469
2.887385
2.584281
2.940901
2.014786
1.307068
1.230088
0.059169
7.554462
17.842630
13.443628
11.149144
2.321939
2.299357
2.409275
0.000001
2.165895
2.548738
2.452598
2.551158
1.407471
2.397973
2.487185
2.543062
1.411687
2.982572
3.270565
2.413792
2.378382
2.403254
2.396874
2.178481
2.376001
2.356335
2.275442
1.662636
1.640972
3.347144
2.329585
3.354734
2.235679
3.366914
2.206318
2.205992
2.845906
2.220917
2.217850
2.619829
2.224315
2.696522
2.408953
2.691481
2.576972
2.640231
1.903150
2.814685
2.389689
2.070351
1.994392
1.850308
2.361650
2.656374
3.725855
1.983958
1.853585
0.992171
0.985750
4.740345
1.133528
1.997493
2.173205
2.337306
1.850527
2.756468
2.956581
2.070168
2.312512
1.924931
3.234038
1.288607
2.379138
0.769528
3.453480
2.201408
2.029545
1.211428
56.515823
4.492173
4.033979
2.591687
6.525929
2.534241
2.151215
2.362144
2.104896
2.198195
2.351883
2.413958
2.177315
2.517695
2.388192
2.390304
3.215922
2.216713
2.188359
2.444026
1.518346
3.253470
1.401614
2.460229
2.637769
2.520576
2.675414
2.363756
1.606318
2.333160
1.752119
1.062715
1.375863
3.744547
2.566633
2.415342
2.199266
2.266189
1.888961
2.181988
2.362376
2.412961
2.465617
2.034043
2.770449
1.700437
1.278855
2.487305
1.434857
3.753100
4.200475
1.178044
2.099504
0.903886
2.323555
2.410517
2.412072
2.529179
3.787594
4.906014
5.158347
3.259358
1.186929
4.777668
0.116807
3.467661
2.755059
5.187910
2.593584
2.463487
2.512321
2.264579
4.102637
2.329303
1.769289
3.716818
3.229427
1.411387
2.134554
0.740398
4.046276
1.874240
1.968112
2.692176
0.140215
3.636394
1.812452
2.980719
0.985559
5.438603
3.655715
5.133864
8.330846
0.983522
1.882265
3.232837
1.977014
1.982053
2.091267
3.046979
1.322209
1.968676
0.619744
18.960754
1.901942
1.873401
2.314517
1.321128
3.375175
1.145542
2.236586
0.178507
1.714577
2.192216
1.452493
2.258490
1.370523
1.853903
6.552379
2.685840
2.072575
2.227283
5.106894
7.225402
36.803047
1.833207
4.413996
7.899160
2.579511
7.783587
1.631887
8.245772
5.032598
13.875847
1.574829
5.505051
2.108137
2.362158
2.138487
2.965858
2.147800
2.449195
1.746845
3.224282
2.953162
3.376512
2.412970
2.274915
3.579772
1.840989
16.570200
3.993360
21.256712
2.952901
2.480948
2.682835
2.092412
2.091188
2.077047
2.213740
2.072805
2.067000
2.226885
2.263078
3.249599
2.247957
2.013575
1.393110
1.884837
1.660876
2.607264
0.834293
2.919087
2.453543
2.855968
2.708631
2.305889
2.427601
5.048240
1.833838
2.053468
2.384020
2.153833
0.623003
6.476608
1.240970
2.682318
1.546097
2.619909
3.238677
1.373330
1.257298
0.887701
3.592782
2.380907
2.615935
2.221930
2.668970
5.318560
2.172318
2.029272
0.876124
2.742861
1.754579
12.766969
1.978407
2.510553
1.875884
2.628016
1.876301
2.270092
2.083210
18.187454
2.075395
1.690696
3.185956
2.185754
2.491674
2.089137
2.075704
3.581276
2.030320
2.046764
2.383591
3.851212
2.136930
1.786940
1.808426
2.053108
1.667880
2.240183
0.000286
9.985941
8.592311
2.268105
2.181819
10.507639
2.235349
1.966691
2.077210
4.678957
0.026521
8.872974
1.920923
2.052603
2.687067
1.489959
2.025010
2.105672
1.659666
2.159035
4.141972
4.015354
2.070629
2.198083
4.050507
1.932307
2.656290
16.382425
2.109864
2.313873
2.343742
1.378602
1.380298
2.299441
2.608363
0.695074
2.081718
2.418315
0.533318
2.405412
1.803232
2.392514
2.456857
2.741147
3.751815
2.290120
2.509145
2.413384
2.822206
0.000148
3.747887
0.127207
9.334632
0.070903
10.566939
2.991208
12.247527
2.961897
9.500164
12.758380
3.550183
2.322199
2.849098
6.200212
14.490140
2.140074
2.006437
2.016350
2.283604
2.431747
2.443492
2.172594
1.680603
2.056800
2.415918
2.546565
2.088434
2.090737
2.006175
2.446831
2.344221
2.312421
2.334509
2.251446
0.705590
2.420307
2.463116
2.317800
2.619431
2.144886
2.111663
2.231907
0.751405
2.420820
2.276720
2.234453
1.809270
2.142610
2.374423
2.326670
1.084967
1.303671
0.565330
26.015123
1.022555
2.266001
3.066814
4.257613
2.446444
2.187783
2.197833
0.939770
2.204448
2.214967
2.616402
2.263011
2.529491
2.302183
2.393278
2.321581
2.607560
2.501047
2.505296
2.332335
2.217477
2.264210
