2.380493
2.155176
1.912288
2.268776
1.997833
1.836281
1.541302
2.944416
2.212674
2.169049
1.897251
1.618843
1.235992
1.720919
1.729172
1.582278
1.177285
1.167121
1.114009
1.005680
1.220949
1.376078
0.889252
0.927196
0.757978
1.226335
1.395447
1.142698
0.654314
0.699800
0.492628
0.678616
0.761457
0.681677
0.505846
0.548664
0.903910
0.833024
1.057812
1.789686
1.330191
0.791215
0.599688
0.696412
0.342992
0.478641
0.471937
0.508164
0.398592
0.340809
0.605926
0.667630
0.328597
0.933039
0.593373
0.472067
0.273661
0.223017
0.266673
0.339747
0.311009
1.033542
1.777872
0.944492
0.624106
0.395360
0.376202
0.454254
0.489369
0.474404
0.346804
0.352049
0.362791
0.257285
0.593054
0.522571
0.514495
0.696713
0.426294
0.506607
0.992226
0.618313
0.376353
0.373275
0.332395
0.340362
0.277567
0.336341
0.349401
0.362281
0.429946
0.421361
0.281007
0.440023
0.354772
0.345428
0.320808
0.580570
0.281995
0.202541
0.371382
0.615965
0.267551
0.417090
0.250952
0.300934
0.693587
0.910829
0.313576
0.575928
0.380668
0.303579
0.396112
0.398010
0.302792
0.345572
0.403241
0.405935
0.197607
0.361079
0.246185
0.177002
0.505650
0.297351
0.421792
0.305274
0.171173
0.395168
0.433827
0.530274
1.009950
0.226056
0.359392
0.267108
0.584048
0.363378
0.189070
0.223896
0.224800
0.337106
0.618145
0.810983
0.737103
0.552943
0.365105
0.295606
0.281192
0.264638
0.286610
0.319960
0.256108
0.136123
0.211836
0.266960
0.291320
0.194619
0.386535
0.698459
0.473956
0.607115
0.525246
0.587864
0.270878
0.213935
0.210769
0.238590
0.227402
0.569432
0.194394
0.255134
0.226669
0.235262
0.349643
0.214438
0.559613
0.638256
0.340054
0.341468
0.382859
0.287673
0.255458
0.345588
0.368589
0.284054
0.342358
0.293584
0.228568
0.160037
0.277606
0.301501
0.675820
0.672041
0.840882
0.805562
0.425354
0.333701
0.223666
0.289596
0.497373
0.303375
0.444068
0.294708
0.233166
0.317056
0.216303
0.387976
0.262554
0.351949
0.406988
0.444481
0.207208
0.205349
0.332365
0.249723
0.271350
0.297471
0.483793
0.587685
0.471334
0.170744
0.516180
0.340332
0.218624
0.367806
0.492784
0.395678
0.240441
0.208545
0.170458
0.189363
0.539095
0.258413
0.366699
0.555148
0.193081
0.222316
0.169162
0.253016
0.367616
0.202780
0.241880
0.336731
0.417696
0.349731
0.473033
0.347446
0.302983
0.295538
0.409809
0.290933
0.151503
0.254881
0.192248
0.173623
0.307133
0.196306
0.425117
0.214115
0.397431
0.246185
0.293935
0.281732
0.225595
0.316012
0.314755
0.896768
1.481863
0.509475
0.284409
0.432771
0.210666
0.169568
0.308042
0.287461
0.137025
0.084198
0.317441
0.510880
0.383933
0.193740
0.199147
0.270843
0.208515
0.324443
0.566919
0.520225
0.605741
0.375625
0.305409
0.388413
0.275643
0.241819
0.245528
0.169348
0.067454
0.083944
0.179829
0.232964
0.391849
0.398182
0.153613
0.505286
0.635506
0.616774
0.572820
0.336500
0.319944
0.212768
0.087657
0.124737
0.429724
0.208396
0.121238
0.255074
0.504219
0.427956
0.223772
0.148681
0.248506
0.504328
0.370906
0.167287
0.218392
0.405881
0.231885
0.191410
0.318463
0.302918
0.139505
0.389383
0.524868
0.320314
0.554275
0.305323
0.373331
0.236059
0.229999
0.172273
0.352124
0.276556
0.296117
0.243936
0.232328
0.285340
0.252783
0.231422
0.174362
0.154955
0.258855
0.302980
0.168491
0.255363
0.351875
0.517190
0.247880
0.336429
0.254433
0.210219
0.345597
0.490891
0.178727
0.417721
0.150841
0.192991
0.152861
0.158574
0.169017
0.225155
0.277836
0.328214
0.311902
0.472608
0.449421
0.474376
0.263090
0.147645
0.343171
0.209797
0.377390
0.160364
0.224683
0.153319
0.237693
0.309551
0.172414
0.151979
0.178336
0.461355
0.200040
0.291594
0.599792
0.374580
0.174970
0.255006
0.302782
0.102487
0.186758
0.121717
0.119243
0.172208
0.415997
0.269639
0.240383
0.267070
0.317897
0.245364
0.151678
0.098009
0.354815
0.557003
0.735196
0.369277
0.370980
0.178650
0.235618
0.398762
0.499083
0.405642
0.288141
0.380930
0.184302
0.193463
0.183354
0.227836
0.357240
0.211516
0.270452
0.244324
0.382716
0.158528
0.164161
0.218654
0.205096
0.407002
0.568825
0.495603
0.287691
0.331895
0.285746
0.400181
0.401995
0.365006
0.363455
0.178016
0.121078
0.130502
0.235448
0.152433
0.136890
0.353791
0.420782
0.326206
0.202012
0.339462
0.408191
0.392782
0.184370
0.153739
0.241207
0.299170
0.161925
0.149927
0.336791
0.196116
0.252402
0.145108
0.224480
0.356879
0.250147
0.185552
0.229745
0.108232
0.174893
0.368333
0.122140
0.327477
0.369986
0.391936
0.502023
0.225466
0.320636
0.098074
0.370491
0.265528
0.412727
0.239833
0.234430
0.345017
0.295362
0.246442
0.293612
0.159317
0.203450
0.205339
0.293941
0.193928
0.279474
0.166635
0.139059
0.162699
0.172122
0.107986
0.573162
0.340174
0.298938
0.366815
0.304452
0.294002
0.271618
0.100971
0.202034
0.169125
0.438002
0.320878
0.180718
0.231852
0.179508
0.186213
0.276353
0.310492
0.180534
0.377018
0.270484
0.480950
0.254509
0.249487
0.450943
0.267487
0.274256
0.115446
0.188194
0.288157
0.237577
0.392404
0.289805
0.117732
0.270522
0.149115
0.058270
0.105798
0.163897
0.151665
0.174345
0.220779
0.193732
0.299753
0.314094
0.151295
0.144189
0.205120
0.089238
0.176035
0.383694
0.337835
0.132662
0.205861
0.208138
0.299180
0.158620
0.311444
0.278882
0.356197
0.337536
0.186280
0.114062
0.157058
0.141828
0.207870
0.368448
0.108334
0.330920
0.392431
0.243160
0.359502
0.379094
0.331206
0.214617
0.279271
0.137283
0.281712
0.254345
0.357266
0.350200
0.293272
0.149543
0.262016
0.125057
0.209469
0.195052
0.249891
0.393355
0.373372
0.178435
0.323399
0.714854
0.868745
0.725464
0.294029
0.237549
0.487591
0.224070
0.209447
0.169527
0.096588
0.169673
0.207445
0.112982
0.332109
0.284830
0.273049
0.152278
0.216119
0.200714
0.274731
0.285211
0.384361
0.093624
0.276778
0.681400
0.380980
0.490229
0.302306
0.238224
0.174192
0.314627
0.372949
0.212147
0.184057
0.177501
0.322007
0.381951
0.283852
0.367665
0.193128
0.340265
0.338918
0.181974
0.164304
0.226794
0.205251
0.420729
0.141503
0.208917
0.145577
0.328017
0.224135
0.280866
0.278802
0.169196
0.226612
0.141627
0.243497
0.165089
0.136448
0.164505
0.329156
0.397069
0.266175
0.292808
0.291210
0.260838
0.144780
0.421526
0.188262
0.172115
0.342518
0.084400
0.538119
0.360838
0.088916
0.200884
0.103813
0.099087
0.311192
0.282444
0.274467
0.212606
0.531140
0.584170
0.418056
0.367185
0.606711
0.478245
0.609701
0.324975
0.218085
0.210156
0.132546
0.253633
0.483207
0.206441
0.503835
0.208919
0.371971
0.234767
0.237435
0.224073
0.127553
0.197441
0.142643
0.258360
0.119079
0.136738
0.117114
0.187872
0.181163
0.348589
0.279729
0.177461
0.129319
0.435645
0.623516
0.664370
1.402305
0.313203
0.183365
0.322196
0.212224
0.243954
0.109140
0.159137
0.381979
0.260028
0.364908
0.292347
0.307351
0.189223
0.265560
0.207852
0.241322
0.199620
0.142085
0.242475
0.332690
0.119819
0.228971
0.082617
0.202721
0.189444
0.234483
0.193004
0.192086
0.117390
0.315215
0.134353
0.211116
0.384565
0.415069
0.197631
0.138473
0.195420
0.259719
0.227163
0.100267
0.128710
0.095059
0.263404
0.229571
0.156041
0.291380
0.126729
0.290345
0.146837
0.176379
0.373892
0.319984
0.450278
0.399533
0.835269
1.469022
0.499817
0.512879
0.342497
0.202476
0.383102
0.442582
0.358584
0.203006
0.275578
0.221277
0.291328
0.336006
0.297573
0.372700
0.161797
0.246398
0.213125
0.342667
0.398000
0.319266
0.316620
0.132709
0.227652
0.341017
0.096868
0.127695
0.216305
0.226411
0.223058
0.143965
0.302841
0.099207
0.349610
0.332311
0.347482
0.194539
0.231895
0.490923
0.358347
0.316444
0.304674
0.130632
0.249842
0.266319
0.250719
0.357585
0.422028
0.234998
0.297001
0.252927
0.262645
0.401544
0.234368
0.343325
0.273461
0.298415
0.265618
0.282260
0.130371
0.261541
0.203539
0.241826
0.169376
0.188365
0.156877
0.425551
0.308271
0.762252
1.699980
0.766732
0.445365
0.253123
0.190516
0.555465
0.382727
0.444499
0.094574
0.199739
0.245805
0.243420
0.111905
0.335895
0.151343
0.180705
0.137974
0.292672
0.215324
0.116191
0.193591
0.331976
0.212687
0.272255
0.114945
0.184040
0.240035
0.373882
0.262000
0.123922
0.298675
0.301055
0.141450
0.384688
0.191167
0.211637
0.387544
0.101361
0.119363
0.202228
0.220924
0.209153
0.094826
0.211417
0.251405
0.328046
0.275442
0.419905
0.311183
0.356046
0.351396
0.194950
0.366157
0.311654
0.461033
0.293687
0.264054
0.385481
0.116199
0.343296
0.264674
0.250645
0.326659
0.115444
0.247928
0.144686
0.379805
0.340825
0.190641
0.231291
0.475400
0.432187
0.227401
0.270841
0.311786
0.284771
0.251512
0.290698
0.182679
0.232481
0.154014
0.094977
0.273792
0.120239
0.157007
0.370227
0.128498
0.257404
0.130904
0.128409
0.116416
0.234114
0.217074
0.121295
0.288266
0.063196
0.305197
0.249437
0.199383
0.093184
0.293035
0.125568
0.455697
0.174834
0.322061
0.210072
0.296006
0.419827
0.145207
0.120289
0.159041
0.165046
0.479146
0.276595
0.439922
0.746414
0.452470
0.309493
0.151860
0.230276
0.311291
0.348388
0.338260
0.303158
0.321070
0.114448
0.314210
0.214394
0.239778
0.104806
0.222702
0.179456
0.189480
0.169618
0.121672
0.156419
0.288135
0.165578
0.248800
0.275760
0.304374
0.409223
0.573475
0.648043
0.508606
0.211177
0.289905
0.244593
0.251158
0.312699
0.229092
0.339756
0.282473
0.354437
0.468011
0.310612
0.095089
0.253304
0.489391
0.491563
0.288770
0.203059
0.215877
0.262629
0.202273
0.192010
0.240443
0.170669
0.317471
0.306112
0.133730
0.082950
0.329922
0.222050
0.183353
0.174543
0.097856
0.109899
0.269098
0.282370
0.335411
0.129286
0.104250
0.393067
0.180047
0.175856
0.256899
0.104099
0.088175
0.141619
0.408883
0.310612
0.174685
0.411134
0.308357
0.113138
0.326017
0.259933
0.272012
0.330769
0.331069
0.342773
0.142119
0.119724
0.385760
0.234937
0.191308
0.137856
0.248930
0.400057
0.278423
0.282135
0.154879
0.442742
0.089591
0.270549
0.133133
0.245549
0.274700
0.150308
0.401974
0.126683
0.228861
0.373193
0.287145
0.203778
0.143228
0.216123
0.084280
0.326999
0.188873
0.225728
0.340990
0.403985
0.222296
0.146270
0.223108
0.428825
0.298381
0.139473
0.297871
0.084085
0.133120
0.305758
0.262962
0.235144
0.255475
0.452323
0.249000
0.196488
0.136895
0.115530
0.107196
0.134097
0.196464
0.307312
0.126613
0.198176
0.342517
0.359123
0.333184
0.122600
0.258952
0.420975
0.269444
0.187889
0.205780
0.201030
0.099755
0.173461
0.307741
0.380938
0.187867
0.310914
0.325621
0.423860
0.234867
0.272325
0.396426
0.296080
0.252168
0.152865
0.244099
0.198674
0.367089
0.556448
0.408841
0.218669
0.257309
0.133376
0.398763
0.152624
0.242899
0.310029
0.166933
0.139265
0.244307
0.128815
0.184283
0.245445
0.194405
0.136002
0.235366
0.444502
0.200949
0.140367
0.195641
0.218941
0.081816
0.267936
0.185904
0.236961
0.222092
0.282748
0.306361
0.648344
0.765234
0.477811
0.422573
0.248768
0.183408
0.153768
0.134371
0.225165
0.312468
0.068655
0.248573
0.269467
0.220654
0.472805
0.243145
0.139704
0.113235
0.292156
0.220324
0.174573
0.135930
0.212498
0.304926
0.158904
0.271830
0.231920
0.297086
0.252907
0.286584
0.173804
0.216195
0.184139
0.156527
0.281585
0.106181
0.317809
0.446697
0.337166
0.286510
0.354067
0.212174
0.428424
0.381294
0.437148
0.218073
0.295143
0.248263
0.187444
0.213518
0.173894
0.205052
0.263496
0.299714
0.266738
0.255819
0.509516
0.250555
0.349075
0.103472
0.233663
0.203637
0.151042
0.172992
0.376518
0.223426
0.329475
0.231340
0.499363
0.219817
0.162337
0.216214
0.246506
0.173221
0.103563
0.182886
0.186606
0.110137
0.290566
0.225429
0.181064
0.366702
0.117841
0.419126
1.018198
1.219909
1.176841
0.472917
0.373192
0.439361
0.404549
0.317178
0.294680
0.213163
0.265972
0.247434
0.195481
0.178506
0.162635
0.315544
0.250083
0.404483
0.158211
0.208636
0.226686
0.156997
0.197841
0.115650
0.334761
0.378934
0.384668
0.334423
0.128690
0.140915
0.091915
0.120886
0.252193
0.266324
0.281378
0.231303
0.245370
0.214110
0.310447
0.368940
0.226257
0.463977
0.285225
0.185846
0.302007
0.176292
0.272980
0.328772
0.129006
0.117406
0.280840
0.496559
0.239461
0.171953
0.256036
0.151781
0.296603
0.199233
0.373400
0.249124
0.136213
0.132325
0.202143
0.245325
0.320810
0.201811
0.144186
0.063412
0.282688
0.090567
0.149187
0.093013
0.157755
0.172674
0.122707
0.347822
0.370487
0.357314
0.099879
0.286885
0.499474
0.149816
0.078958
0.451594
0.609499
0.434914
0.211549
0.143395
0.196541
0.163988
0.369638
0.313017
0.178366
0.230432
0.112609
0.237004
0.150330
0.150193
0.183997
0.176400
0.127487
0.244413
0.257515
0.148424
0.222689
0.059641
0.323381
0.085697
0.267039
0.237151
0.305351
0.189903
0.210073
0.400000
0.255026
0.121448
0.148266
0.358364
0.265881
0.101186
0.283057
0.215225
0.208232
0.340985
0.115191
0.370909
0.260512
0.323502
0.164313
0.151554
0.292630
0.221601
0.350333
0.401030
0.242516
0.487282
0.312586
0.289144
0.196339
0.323213
0.307596
0.261752
0.140912
0.154223
0.261892
0.240942
0.110859
0.063989
0.227556
0.258031
0.182004
0.194718
0.241964
0.357887
0.159065
0.249505
0.270277
0.292430
0.204453
0.127623
0.247266
0.197228
0.122255
0.200203
0.110158
0.083925
0.197032
0.148499
0.248430
0.143053
0.256540
0.226747
0.159210
0.325839
0.139142
0.307143
0.453691
0.343118
0.118227
0.184148
0.187918
0.399774
0.220790
0.141255
0.150667
0.069776
0.265942
0.263342
0.194738
0.168331
0.136839
0.280920
0.213250
0.168115
0.293896
0.172625
0.213498
0.228051
0.255518
0.392852
0.374826
0.120251
0.479635
0.248414
0.193693
0.250976
0.177196
0.337998
0.352712
0.278302
0.171498
0.337264
0.274027
0.153119
0.113018
0.238442
0.302609
0.196107
0.254683
0.172068
0.333066
0.317039
0.362938
0.385266
0.296656
0.378067
0.208541
0.097706
0.241688
0.515379
0.155488
0.139491
0.193292
0.078354
0.257103
0.254848
0.192482
0.237725
0.317817
0.393104
0.239731
0.248037
0.117964
0.156717
0.332439
0.227350
0.158424
0.153005
0.191225
0.154772
0.161479
0.314681
0.215655
0.120127
0.265358
0.518064
0.158084
0.166193
0.484796
0.183473
0.111863
0.150134
0.236517
0.074395
0.237641
0.198762
0.317969
0.218095
0.189845
0.385242
0.242545
0.199857
0.183087
0.799576
1.399603
0.328802
0.157373
0.372064
0.237692
0.318182
0.376953
0.408029
0.114158
0.128906
0.245884
0.074072
0.144127
0.223142
0.146639
0.370803
0.279225
0.276056
0.462921
0.491263
0.528287
0.250460
0.255817
0.215500
0.270524
0.074720
0.193751
0.441583
0.365631
0.460635
0.245502
0.317101
0.495232
0.246704
0.333471
0.525998
0.231175
0.418642
0.335959
0.244839
0.310483
0.376670
0.391867
0.135453
0.130588
0.126752
0.163134
0.219208
0.278888
0.279939
0.341969
0.218007
0.323991
0.364730
0.246571
0.324725
0.123176
0.395660
0.304708
0.272560
0.124354
0.174575
0.040345
0.278040
0.296008
0.188757
0.295691
0.163081
0.314286
0.213422
0.190040
0.115999
0.095975
0.235655
0.286396
0.218466
0.149163
0.239676
0.216125
0.233611
0.421292
0.358779
0.071048
0.232736
0.085107
0.214686
0.135841
0.105511
0.254118
0.361062
0.252203
0.266433
0.356120
0.078608
0.205872
0.168304
0.148336
0.178894
0.173860
0.263115
0.192035
0.128643
0.174523
0.059822
0.392048
0.255124
0.158343
0.155749
0.244570
0.302277
0.154534
0.276596
0.194915
0.182269
0.285961
0.175597
0.327506
0.207601
0.175324
0.272781
0.372709
0.316232
0.088274
0.299368
0.141215
0.210830
0.254423
0.206684
0.219720
0.240348
0.212867
0.261106
0.329430
0.463741
0.268381
0.204428
0.451510
0.396766
0.253790
0.192350
0.247683
0.256772
0.426319
0.232449
0.135619
0.185423
0.214320
0.341961
0.257616
0.207175
0.279781
0.256383
0.186535
0.460924
0.278376
0.185660
0.309654
0.181505
0.195408
0.192949
0.313627
0.141787
0.317286
0.188350
0.107919
0.476506
0.189306
0.191432
0.098365
0.190744
0.353257
0.194782
0.167082
0.356697
0.154550
0.119983
0.157924
0.282089
0.364028
0.278766
0.494851
0.259671
0.391108
0.203012
0.321043
0.201892
0.228006
0.149888
0.198039
0.185249
0.309731
0.077305
0.196140
0.151769
0.202126
0.386552
0.255845
0.214196
0.261167
0.211746
0.121020
0.163022
0.356128
0.278865
0.279495
0.107667
0.161011
0.277638
0.365783
0.339790
0.370373
0.321229
0.166800
0.471694
0.266419
0.318899
0.155907
0.174133
0.195184
0.241437
0.235249
0.279490
0.187161
0.356141
0.441643
0.423250
0.186317
0.086306
0.243093
0.127451
0.256999
0.183764
0.195767
0.086983
0.109782
0.317353
0.388199
0.297692
0.203321
0.439181
0.372544
0.550628
0.297376
0.190938
0.146202
0.319583
0.105951
0.123104
0.343458
0.190187
0.234593
0.179326
0.251487
0.283119
0.242578
0.209754
0.132193
0.254786
0.202773
0.243472
0.107653
0.216972
0.114081
0.183656
0.304499
0.243676
0.370033
0.118874
0.234659
0.468202
0.223558
0.163037
0.168840
0.138266
0.189165
0.313084
0.249998
0.315536
0.293035
0.146506
0.249905
0.275702
0.402934
0.188621
0.230994
0.431393
0.338039
0.216212
0.170170
0.248243
0.290385
0.233862
0.237577
0.262231
0.137466
0.168073
0.221922
0.355163
0.447180
0.304777
0.200328
0.418389
0.396598
0.334213
0.381912
0.286739
0.113901
0.272797
0.402431
0.197121
0.363401
0.333161
0.233901
0.409596
0.322230
0.180770
0.241237
0.206358
0.281949
0.328561
0.187523
0.156509
0.252749
0.099181
0.115371
0.279250
0.290651
0.207912
0.207506
0.302298
0.245261
0.305864
0.206750
0.209877
0.257081
0.375964
0.149383
0.138550
0.249209
0.189378
0.192673
0.288401
0.250520
0.253013
0.103900
0.131073
0.230404
0.474153
0.240978
0.181865
0.411805
0.212793
0.260276
0.134936
0.374174
0.314156
0.350738
0.098937
0.119401
0.382301
0.156366
0.100827
0.178884
0.469504
0.298167
0.236968
0.167645
0.271237
0.207736
0.190103
0.125838
0.118356
0.165361
0.092026
0.079175
0.385288
0.273451
0.179111
0.178212
0.338921
0.280992
0.460266
0.203702
0.160927
0.096824
0.058208
0.104693
0.474204
0.463342
0.513554
0.213940
0.165757
0.180761
0.263250
0.135196
0.147911
0.130785
0.374407
0.208343
0.187531
0.312259
0.178825
0.222547
0.220593
0.385830
0.191179
0.294965
0.177236
0.414842
0.340205
0.352198
0.223762
0.172637
0.168987
0.257803
0.399318
0.410947
0.210579
0.173177
0.382740
0.269109
0.226392
0.305231
0.427646
0.819283
0.699907
0.407478
0.146827
0.343587
0.149806
0.285150
0.288316
0.176477
0.085146
0.291338
0.238064
0.268547
0.167798
0.208637
0.290091
0.240539
0.215002
0.253560
0.303388
0.403257
0.259073
0.191908
0.175980
0.136009
0.062115
0.202908
0.384807
0.393887
0.215399
0.170212
0.297044
0.324334
0.227033
0.168412
0.122085
0.255455
0.168316
0.151199
0.135949
0.201417
0.180672
0.266974
0.152678
0.367970
0.183920
0.120707
0.165345
0.122027
0.089560
0.242825
0.283639
0.184231
0.144396
0.330444
0.288207
0.190279
0.241118
0.187292
0.102416
0.267338
0.093188
0.273503
0.095808
0.292480
0.207558
0.197182
0.102197
0.293373
0.347569
0.192836
0.155735
0.153627
0.306718
0.179275
0.153399
0.183203
0.361350
0.286414
0.220743
0.296444
0.234933
0.169461
0.197522
0.198594
0.246668
0.396663
0.194264
0.070124
0.199035
0.277567
0.238904
0.248638
0.255400
0.218518
0.279723
0.273426
0.255760
0.238648
0.218298
0.138355
0.112746
0.256895
0.094141
0.189199
0.292186
0.288529
0.162923
0.199656
0.287772
0.572616
0.266694
0.342138
0.272382
0.254878
0.195877
0.071043
0.055990
0.303828
0.140546
0.177125
0.218782
0.165412
0.163975
0.245488
0.185617
0.120403
0.119818
0.235162
0.243475
0.172203
0.154979
0.257780
0.372805
0.308762
0.142396
0.060353
0.161849
0.363871
0.238605
0.291135
0.398241
0.143931
0.150118
0.156065
0.209713
0.458682
0.197357
0.285549
0.261269
0.214011
0.303759
0.328239
0.536999
0.306686
0.148839
0.320545
0.299587
0.322190
0.243201
0.191659
0.218853
0.174915
0.407557
0.373133
0.222169
0.120198
0.346214
0.394227
0.240629
0.295116
0.455008
0.231719
0.113019
0.249753
0.344905
0.242054
0.202132
0.385100
0.385614
0.308752
0.250126
0.260538
0.176861
0.186594
0.128040
0.249913
0.482362
0.550094
0.360977
0.475278
0.297343
0.240766
0.227935
0.229287
0.200204
0.162839
0.348401
0.253424
0.127921
0.139032
0.193843
0.268864
0.246530
0.349426
0.236736
0.291616
0.181527
0.132262
0.218643
0.145949
0.256191
0.253852
0.207746
0.154188
0.217766
0.107092
0.189294
0.308079
0.195160
0.090899
0.156646
0.211570
0.164741
0.066071
0.416233
0.128314
0.254175
0.234878
0.193640
0.143231
0.108165
0.079393
0.220612
0.196866
0.136289
0.340697
0.195177
0.096668
0.044532
0.167681
0.151176
0.190022
0.144291
0.344972
0.258554
0.147310
0.112018
0.330433
0.263203
0.328516
0.343691
0.140504
0.144045
0.288897
0.159763
0.370824
0.384688
0.973991
2.465777
0.979626
0.909558
0.556378
0.351853
0.223919
0.302522
0.304296
0.587215
0.215419
0.354527
0.281958
0.173754
0.365294
0.347937
0.172933
0.137999
0.185213
0.147888
0.209432
0.572135
0.423826
0.439464
0.272100
0.170330
0.150368
0.129870
0.300203
0.107313
0.201587
0.229401
0.188551
0.095576
0.219893
0.218500
0.207379
0.103508
0.192013
0.283581
0.241811
0.086509
0.157825
0.538294
0.465596
0.250491
0.248493
0.299667
0.175725
0.304433
0.400863
0.117422
0.528742
0.221720
0.286090
0.274306
0.342869
0.221021
0.184452
0.169731
0.224963
0.291072
0.156909
0.248497
0.092975
0.144095
0.137413
0.239066
0.390728
0.250358
0.405522
0.572539
0.232863
0.223485
0.159108
0.178080
0.207334
0.154921
0.220057
0.305050
0.145993
0.140476
0.232162
0.096796
0.085608
0.418398
0.543604
0.127952
0.211761
0.255458
0.276485
0.255582
0.309052
0.184492
0.135096
0.147711
0.303520
0.251216
0.419672
0.244919
0.181084
0.275882
0.184319
0.432395
0.138868
0.149290
0.263261
0.273730
0.196623
0.192912
0.141216
0.176070
0.143353
0.329082
0.388344
0.161428
0.102858
0.257442
0.139573
0.083922
0.229645
0.123876
0.107642
0.380292
0.127776
0.198417
0.211300
0.268833
0.213171
0.372674
0.109944
0.170620
0.110903
0.251174
0.268319
0.302120
0.307146
0.193998
0.140554
0.237642
0.177626
0.301267
0.312204
0.214124
0.258640
0.225573
0.321071
0.190203
0.191499
0.156148
0.261650
0.411258
0.364909
0.145225
0.309740
0.119146
0.173219
0.193392
0.418722
0.223392
0.233182
0.353673
0.317366
0.432528
0.183097
0.233633
0.243478
0.278941
0.272330
0.198772
0.125521
0.314200
0.183119
0.144207
0.207622
0.337639
0.158567
0.185771
0.206783
0.180869
0.377130
0.428942
0.105184
0.261935
0.182499
0.133762
0.130675
0.135675
0.117719
0.266385
0.305916
0.389289
0.113427
0.138881
0.154109
0.209173
0.116182
0.152773
0.491313
0.692912
0.605156
0.278744
0.289156
0.129990
0.175136
0.129044
0.255851
0.199302
0.190919
0.189089
0.164522
0.219699
0.091449
0.394204
0.099996
0.301689
0.500130
0.191755
0.316740
0.208977
0.298511
0.122477
0.442568
0.135231
0.391526
0.151049
0.203266
0.171446
0.198881
0.185144
0.161688
0.280272
0.222622
0.380285
0.329121
0.376433
0.184602
0.288388
0.103201
0.135381
0.209044
0.245442
0.237201
0.138198
0.267291
0.124180
0.271657
0.155659
0.193169
0.176962
0.191219
0.201869
0.137577
0.307051
0.173755
0.232185
0.391112
0.304794
0.242813
0.325425
0.338582
0.096999
0.209993
0.223079
0.296201
0.340150
0.393486
0.118938
0.155937
0.227115
0.231750
0.344085
0.416048
0.174792
0.183795
0.165794
0.324340
0.256504
0.386110
0.302874
0.305053
0.298370
0.431159
0.316725
0.315984
0.123361
0.190251
0.092943
0.256531
0.136122
0.185740
0.228086
0.091082
0.138974
0.164869
0.192858
0.197127
0.045358
0.277579
0.415291
0.408904
0.114624
0.401368
0.123193
0.358480
0.377386
0.231605
0.254281
0.144835
0.356949
0.074117
0.250748
0.190848
0.217063
0.242183
0.068394
0.209818
0.103445
0.105470
0.194973
0.142266
0.227501
0.337988
0.240733
0.286015
0.183914
0.239605
0.249685
0.228373
0.144760
0.220682
0.263999
0.296773
0.052504
0.529378
0.214553
0.185868
0.158218
0.359405
0.209296
0.320721
0.417491
0.371673
0.486287
0.159115
0.224458
0.319517
0.372413
0.296776
0.148356
0.184289
0.213834
0.200691
0.193828
0.207352
0.310910
0.370182
0.513637
0.246560
0.334568
0.546112
0.330701
0.254142
0.210972
0.236191
0.377351
0.275490
0.411949
0.162366
0.163115
0.211629
0.229447
0.259996
0.211686
0.170680
0.219240
0.157309
0.194728
0.117402
0.174114
0.193018
0.305360
0.200380
0.289302
0.225672
0.113002
0.293240
0.262821
0.131182
0.199580
0.419987
0.215626
0.116801
0.126521
0.333875
0.120210
0.211914
0.069303
0.220426
0.151976
0.241584
0.200279
0.214419
0.564775
0.309634
0.255731
0.193559
0.294473
0.257243
0.240886
0.210996
0.147376
0.201644
0.331854
0.502458
0.485947
0.180715
0.258201
0.306296
0.231836
0.157854
0.263680
0.240601
0.165680
0.273695
0.213935
0.098180
0.165055
0.219230
0.127488
0.105405
0.173193
0.225104
0.241472
0.219529
0.281306
0.262587
0.170249
0.175865
0.345194
0.175049
0.280618
0.139242
0.114428
0.350359
0.291936
0.265864
0.230640
0.264913
0.069238
0.102958
0.202450
0.169070
0.237059
0.183142
0.247266
0.274296
0.148089
0.229422
0.558009
0.188470
0.213382
0.138249
0.132285
0.348776
0.310413
0.115399
0.457721
0.276636
0.139723
0.143906
0.211713
0.101995
0.106224
0.380872
0.177968
0.248673
0.496208
0.491171
0.248831
0.299028
0.275313
0.210530
0.176601
0.140342
0.201083
0.446270
0.351012
0.320186
0.287130
0.187927
0.322685
0.323074
0.065547
0.225729
0.134721
0.121477
0.152315
0.155962
0.262141
0.331340
0.264803
0.144478
0.079504
0.206852
0.266569
0.136150
0.245730
0.247834
0.324631
0.149160
0.336319
0.192767
0.184647
0.235811
0.183105
0.119458
0.353641
0.230657
0.288378
0.279260
0.358835
0.183917
0.166233
0.141449
0.100360
0.290142
0.185065
0.173188
0.248551
0.206918
0.208379
0.324236
0.144380
0.211662
0.421784
0.383574
0.321072
0.210708
0.185149
0.223421
0.183516
0.105859
0.179326
0.195358
0.307338
0.201504
0.364274
0.451968
0.542242
0.295838
0.176836
0.205649
0.185981
0.171263
0.172246
0.173889
0.378955
0.240325
0.180370
0.222373
0.100558
0.213046
0.198675
0.133298
0.466438
0.132038
0.333382
0.255845
0.207569
0.097209
0.133146
0.147011
0.237392
0.189967
0.154280
0.640239
0.338463
0.528239
0.788365
0.429831
0.223694
0.257690
0.307338
0.215638
0.261473
0.203877
0.194777
0.232035
0.124139
0.171894
0.226319
0.241771
0.134838
0.174120
0.173849
0.226598
0.214715
0.280235
0.271944
0.186182
0.178786
0.219156
0.219058
0.226212
0.166898
0.139721
0.473566
0.223110
0.149372
0.280556
0.220946
0.283863
0.187144
0.210463
0.209514
0.137531
0.213645
0.184828
0.242521
0.182979
0.101253
0.210555
0.246825
0.206261
0.215236
0.271666
0.153768
0.031721
0.039804
0.167717
0.309755
0.172014
0.298710
0.284400
0.173788
0.247765
0.237708
0.230214
0.211118
0.148990
0.113025
0.248375
0.188975
0.316466
0.178368
0.275075
0.265307
0.250324
0.078807
0.245065
0.446965
0.218796
0.147597
0.061623
0.214360
0.108023
0.243446
0.115442
0.163518
0.166595
0.367007
0.231090
0.136708
0.301387
0.200952
0.509723
0.143559
0.209228
0.257481
0.345748
0.425502
0.323930
0.443168
0.488633
0.242824
0.273529
0.311763
0.218665
0.335781
0.219133
0.130590
0.081225
0.267196
0.196648
0.184988
0.128774
0.197916
0.319247
0.480291
0.556934
0.586752
0.196475
0.189122
0.402063
0.323687
0.246673
0.445265
0.242941
0.243364
0.246007
0.427838
0.204521
0.225710
0.294215
0.413239
0.621623
0.297590
0.344966
0.271035
0.319113
0.273445
0.209393
0.221848
0.247331
0.117490
0.233267
0.320097
0.269214
0.150571
0.194228
0.290736
0.348647
0.144263
0.172891
0.218815
0.244963
0.192309
0.303024
0.206648
0.222952
0.227709
0.261565
0.158821
0.320217
0.194073
0.411509
0.299750
0.309921
0.248518
0.285135
0.072965
0.347805
0.189212
0.272432
0.259488
0.202694
0.210589
0.261062
0.180554
0.108730
0.092033
0.299167
0.255586
0.112928
0.186417
0.123793
0.435052
0.296804
0.211863
0.255043
0.306547
0.285146
0.429841
0.545430
1.014599
0.631531
0.286347
0.315813
0.208582
0.230771
0.265758
0.264805
0.101882
0.248917
0.194962
0.372641
0.349098
0.104617
0.298796
0.417581
0.143546
0.269995
0.107446
0.227915
0.185783
0.230807
0.199035
0.254055
0.261436
0.252383
0.336345
0.286285
0.215597
0.156763
0.077089
0.146139
0.197757
0.250772
0.234119
0.224009
0.200094
0.239066
0.245971
0.128260
0.154564
0.077773
0.116168
0.280704
0.282017
0.188236
0.242654
0.296373
0.367616
0.247969
0.195775
0.090688
0.106012
0.268415
0.173625
0.410365
0.206712
0.220098
0.238685
0.134613
0.150607
0.136318
0.483996
0.340879
0.147155
0.295373
0.114714
0.265549
0.255895
0.264598
0.270071
0.167913
0.324310
0.169410
0.124750
0.410413
0.208610
0.188441
0.289054
0.079165
0.170438
0.122353
0.073605
0.281804
0.131370
0.208458
0.155404
0.431638
0.286865
0.320183
0.384910
0.325266
0.178677
0.248572
0.206602
0.177158
0.112697
0.189228
0.208105
0.145860
0.457024
0.262838
0.277037
0.113950
0.077391
0.423899
0.200257
0.218580
0.288144
0.274398
0.466650
0.148792
0.128006
0.054781
0.055797
0.223872
0.331465
0.281872
0.179329
0.344181
0.201491
0.261536
0.103905
0.205357
0.160150
0.379190
0.210682
0.289498
0.169820
0.211140
0.522883
0.174790
0.241527
0.128252
0.140370
0.208152
0.192635
0.175454
0.048612
0.047759
0.236259
0.263000
0.407419
0.120926
0.151607
0.131839
0.291748
0.205012
0.160933
0.184952
0.226835
0.216386
0.180663
0.152283
0.092989
0.201036
0.078377
0.195048
0.302336
0.204888
0.304589
0.530536
0.259733
0.333397
0.134001
0.373975
0.374798
0.310752
0.185582
0.054531
0.292946
0.138791
0.198428
0.092644
0.075597
0.106767
0.078696
0.153097
0.115563
0.396356
0.150944
0.273410
0.244474
0.140639
0.139259
0.195501
0.107552
0.513366
0.177334
0.217396
0.355850
0.377341
0.329660
0.281536
0.189226
0.221752
0.139904
0.302700
0.318111
0.181493
0.100121
0.125697
0.332309
0.229827
0.232087
0.119587
0.391201
0.150479
0.132879
0.229368
0.233461
0.213273
0.155539
0.296534
0.403562
0.422853
1.348116
1.224710
0.613560
0.334507
0.177009
0.231811
0.236578
0.222379
0.200136
0.133557
0.262254
0.340293
0.239677
0.107147
0.280833
0.215105
0.270447
0.121486
0.292693
0.159236
0.337969
0.173681
0.186073
0.255974
0.339963
0.110132
0.177408
0.331899
0.123120
0.183056
0.378367
0.339002
0.354021
0.247929
0.320082
0.452739
0.298199
0.340520
0.254328
0.260843
0.268586
0.406862
0.397753
0.332102
0.150635
0.131266
0.280508
0.105935
0.172568
0.179795
0.181543
0.300115
0.700338
1.116712
1.217600
0.514334
0.225555
0.183226
0.212904
0.364706
0.304284
0.302234
0.251616
0.146237
0.131326
0.209648
0.099738
0.123225
0.409270
0.287989
0.320942
0.208409
0.164851
0.184778
0.158314
0.034177
0.297607
0.107317
0.347817
0.304353
0.277939
0.264765
0.246315
0.297549
0.211823
0.146064
0.238056
0.283864
0.292083
0.250568
0.131432
0.164234
0.088945
0.102241
0.438455
0.191957
0.253409
0.099328
0.227630
0.131243
0.293446
0.129858
0.383354
0.391421
0.224414
0.316223
0.150598
0.419943
0.293262
0.349337
0.288002
0.117936
0.237143
0.203451
0.147481
0.175026
0.183815
0.178769
0.261442
0.173979
0.132932
0.185623
0.293835
0.288293
0.299969
0.244602
0.227793
0.487850
0.493956
0.128519
0.115246
0.350964
0.194169
0.359293
0.296637
0.185818
0.206096
0.179032
0.206690
0.281683
0.325304
0.081157
0.059767
0.265786
0.117921
0.171697
0.259595
0.208737
0.256841
0.403033
0.302301
0.251202
0.134176
0.202309
0.372277
0.211242
0.279756
0.262175
0.303606
0.301472
0.279105
0.393096
0.122244
0.045994
0.172476
0.189764
0.422909
0.360616
0.215373
0.177623
0.189668
0.436184
0.418366
0.277661
0.395161
0.228871
0.198590
0.193866
0.203274
0.134199
0.110184
0.148387
0.100441
0.231171
0.271777
0.224409
0.185556
0.336334
0.093257
0.229403
0.279454
0.225871
0.069402
0.338583
0.169536
0.217979
0.250242
0.225419
0.353691
0.524913
0.272865
0.114237
0.073758
0.069118
0.158041
0.136823
0.264819
0.210693
0.100151
0.265041
0.120150
0.099791
0.173042
0.329137
0.205862
0.122123
0.266218
0.197990
0.209560
0.496106
0.169752
0.197649
0.317009
0.289224
0.194071
0.321786
0.235795
0.333818
0.183909
0.301712
0.214014
0.309496
0.157712
0.192115
0.206320
0.273875
0.317059
0.313934
0.276326
0.296415
0.154642
0.130375
0.252260
0.114631
0.203062
0.186373
0.220257
0.240679
0.166227
0.265563
0.241200
0.206937
0.324788
0.335930
0.186403
0.261402
0.223746
0.198288
0.209358
0.161365
0.348782
0.153409
0.254910
0.208818
0.110515
0.386022
0.394639
0.228976
0.250232
0.499078
0.243865
0.218060
0.154648
0.292799
0.170405
0.279925
0.234150
0.243082
0.065362
0.195675
0.285144
0.097842
0.360997
0.188731
0.202135
0.171541
0.086169
0.234810
0.224843
0.115674
0.174897
0.250385
0.259890
0.142265
0.282750
0.310378
0.327531
0.113383
0.201185
0.176242
0.239049
0.300685
0.157100
0.145137
0.401891
0.363235
0.403824
0.351009
0.173128
0.365935
0.273016
0.309524
0.261053
0.093073
0.302124
0.293667
0.243049
0.227498
0.172816
0.389146
0.162712
0.169021
0.126353
0.394256
0.339164
0.265513
0.311909
0.139283
0.204572
0.224128
0.099560
0.137404
0.112065
0.154181
0.187569
0.103495
0.167070
0.327708
0.101880
0.198987
0.180264
0.245144
0.251835
0.398207
0.273383
0.134595
0.272666
0.149414
0.328629
0.219629
0.125690
0.078279
0.135898
0.150716
0.211182
0.367386
0.280695
0.149203
0.337977
0.541357
0.430532
0.279666
0.223428
0.151604
0.290299
0.121353
0.144299
0.188980
0.290196
0.141931
0.191390
0.313560
0.246748
0.114450
0.161055
0.200338
0.396223
0.193621
0.222651
0.422318
0.210682
0.253378
0.290460
0.333694
0.351434
0.141492
0.171284
0.377838
0.132046
0.397193
0.120463
0.230831
0.165249
0.308325
0.289867
0.232606
0.239462
0.251395
0.159739
0.175752
0.065855
0.212970
0.369488
0.249478
0.075993
0.190261
0.269470
0.294601
0.143150
0.259504
0.221527
0.179394
0.200311
0.207697
0.230953
0.169640
0.195516
0.340090
0.239656
0.127978
0.324389
0.098089
0.143161
0.152967
0.130535
0.250978
0.133000
0.217277
0.152419
0.129977
0.224916
0.147687
0.337948
0.071164
0.242217
0.209232
0.284666
0.326591
0.242832
0.125396
0.239510
0.154299
0.090943
0.119176
0.197635
0.313151
0.073521
0.413380
0.396393
0.360981
0.487381
0.182370
0.266100
0.217555
0.137898
0.096232
0.277630
0.132040
0.261021
0.119997
0.289856
0.183620
0.238485
0.232146
0.258734
0.390742
0.152120
0.107814
0.229175
0.194676
0.346043
0.336881
0.177741
0.142688
0.164229
0.163647
0.087534
0.153788
0.225156
0.078637
0.227920
0.294713
0.277649
0.388176
0.369451
0.460392
0.253081
0.284127
0.431031
0.206360
0.179851
0.322008
0.297708
0.212585
0.231263
0.159073
0.267734
0.168984
0.204912
0.335210
0.172864
0.187266
0.177735
0.235887
0.174154
0.153207
0.137867
0.318787
0.144103
0.376092
0.417344
0.529129
0.292781
0.271418
0.301797
0.341448
0.118598
0.324419
0.353808
0.243018
0.212044
0.209245
0.190519
0.282584
0.202209
0.091884
0.202529
0.096591
0.251256
0.195264
0.360062
0.284709
0.212447
0.286685
0.256810
0.241935
0.237231
0.331027
0.350932
0.378748
0.113311
0.214730
0.256629
0.270589
0.256709
0.134331
0.199498
0.176816
0.365541
0.223519
0.147453
0.373502
0.330007
0.270345
0.154447
0.178616
0.361724
0.388408
0.224235
0.307065
0.143547
0.296313
0.190869
0.179846
0.154517
0.221355
0.228165
0.256542
0.116243
0.215287
0.134210
0.188498
0.180133
0.187279
0.243468
0.184178
0.282105
0.197184
0.165601
0.166523
0.149216
0.145515
0.252595
0.365146
0.238785
0.180359
0.181734
0.117213
0.062001
0.135477
0.119460
0.109496
0.282310
0.214414
0.200850
0.172626
0.252094
0.191313
0.177655
0.335411
0.160372
0.167396
0.314446
0.155158
0.185902
0.400715
0.140566
0.269441
0.217763
0.410404
0.134298
0.169522
0.420921
0.169428
0.415158
0.323206
0.234735
0.212966
0.120635
0.344699
0.228818
0.175503
0.202290
0.133347
0.167080
0.392580
0.384987
0.415407
0.214949
0.341436
0.217144
0.261999
0.344456
0.114179
0.200535
0.100254
0.218189
0.167161
0.297061
0.171301
0.275403
0.125698
0.282268
0.318464
0.182356
0.196075
0.491772
0.252288
0.196786
0.232736
0.478320
0.142418
0.342554
0.226343
0.289719
0.414390
0.244781
0.156278
0.247574
0.164235
0.304025
0.117078
0.317444
0.172228
0.154280
0.191810
0.504265
0.231124
0.131290
0.114478
0.113254
0.260377
0.214464
0.335108
0.212764
0.351961
0.330855
0.411089
0.180195
0.370884
0.205093
0.240252
0.122590
0.278946
0.215813
0.227325
0.170046
0.179161
0.142315
0.094872
0.181744
0.346602
0.287928
0.110692
0.157497
0.221334
0.149862
0.454973
0.182513
0.556167
0.402780
0.273938
0.236742
0.183978
0.293974
0.247092
0.264183
0.121506
0.239080
0.252646
0.211559
0.176823
0.224008
0.213973
0.304557
0.418415
0.086957
0.277933
0.272826
0.208028
0.348870
0.360810
0.143845
0.415172
0.179283
0.283591
0.162957
0.213248
0.136574
0.165494
0.100490
0.092873
0.311822
0.403195
0.232962
0.315356
0.144206
0.296284
0.215083
0.260127
0.272901
0.217058
0.091420
0.197750
0.285105
0.154750
0.102286
0.195768
0.369322
0.220520
0.381208
0.240820
0.465518
0.138467
0.165249
0.273009
0.269885
0.362546
0.395818
0.159799
0.090700
0.176035
0.205189
0.238136
0.269846
0.161266
0.152052
0.488032
0.642629
0.346962
0.298818
0.288715
0.116490
0.165047
0.119817
0.317942
0.493346
0.207486
0.169810
0.322213
0.171435
0.295673
0.174088
0.191136
0.334422
0.121424
0.270989
0.576440
0.546678
0.755476
0.368900
0.264528
0.362365
0.379564
0.190200
0.272030
0.169418
0.129091
0.216962
0.153990
0.324178
0.145966
0.196463
0.145471
0.196722
0.209930
0.209377
0.269580
0.154439
0.194168
0.377716
0.282069
0.283397
0.172579
0.131312
0.207748
0.258524
0.225332
0.176779
0.127800
0.247663
0.158231
0.147482
0.378866
0.136280
0.098003
0.135447
0.232151
0.268650
0.094593
0.378000
0.258202
0.366199
0.236420
0.141243
0.125063
0.180777
0.497296
0.267805
0.127826
0.143023
0.180168
0.108003
0.194031
0.204575
0.183204
0.252596
0.284568
0.330075
0.165620
0.175285
0.262773
0.216230
0.151839
0.191404
0.094954
0.186370
0.131796
0.124424
0.379367
0.131399
0.162035
0.131875
0.106815
0.135518
0.137776
0.217891
0.123872
0.137877
0.227000
0.190111
0.162879
0.198252
0.561450
0.335651
0.273060
0.141953
0.178578
0.117535
0.081151
0.098071
0.207415
0.141437
0.092767
0.109313
0.090562
0.101016
0.205158
0.279501
0.388769
0.419121
0.213007
0.302283
0.103140
0.140928
0.354253
0.246330
0.133942
0.122657
0.355981
0.332109
0.208430
0.413734
0.345568
0.470475
0.190152
0.208693
0.358205
0.352416
0.239102
0.557059
0.786060
0.418517
0.226938
0.269144
0.361988
0.226668
0.238133
0.188229
0.134564
0.174346
0.126177
0.177400
0.244636
0.510980
0.141771
0.301030
0.336516
0.164006
0.292883
0.293041
0.106421
0.297268
0.293082
0.124461
0.114301
0.256578
0.198239
0.182709
0.257517
0.136419
0.486932
0.274531
0.301661
0.195570
0.111990
0.136069
0.160705
0.217442
0.099387
0.416234
0.282723
0.178974
0.295264
0.139997
0.196243
0.202820
0.082665
0.143442
0.382643
0.250820
0.205730
0.230081
0.398919
0.399011
0.370387
0.324396
0.141415
0.180898
0.297014
0.223183
0.250313
0.336259
0.453429
0.225237
0.365961
0.332928
0.199481
0.226454
0.076444
0.131882
0.158268
0.286630
0.113612
0.285488
0.313668
0.203471
0.171678
0.159777
0.201874
0.149967
0.142619
0.144303
0.232206
0.151115
0.178047
0.323449
0.109585
0.374253
0.271456
0.217225
0.290071
