2.381137
2.221038
2.191261
2.147673
1.995961
2.023059
2.045022
2.068640
2.017546
2.067192
1.866086
1.952317
1.803762
1.830382
1.758089
1.786232
1.812113
1.834278
1.658346
1.707248
1.885357
1.667991
1.888773
1.775435
1.851287
1.830010
1.915843
1.858388
1.792189
1.839029
1.727261
1.901355
1.708483
1.734677
1.801058
1.744153
1.750930
1.627914
1.967333
1.674720
1.568639
1.628553
1.818690
1.606246
1.660577
1.804005
1.808741
1.593265
1.620499
1.682910
1.776127
1.693392
1.698855
1.760632
1.640024
1.743631
1.646224
1.569365
1.852950
1.581166
1.591430
1.615042
1.654284
1.504485
1.713767
1.546696
1.807361
1.637201
1.729777
1.677019
1.528647
1.497950
1.623977
1.694631
1.657775
1.491380
1.547631
1.822859
1.859588
1.598291
1.439219
1.599920
1.627815
1.468718
1.684194
1.560729
1.673045
1.608294
1.672008
1.629246
1.724977
1.553306
1.433840
1.736865
1.496542
1.692968
1.601635
1.549254
1.643414
1.356900
1.436304
1.637812
1.660079
1.468151
1.554144
1.740376
1.501917
1.670741
1.543700
1.440466
1.734728
1.574779
1.576708
1.795507
1.471369
1.362643
1.560532
1.493933
1.880194
1.514750
1.352085
1.505807
1.429651
1.606735
1.686269
1.605805
1.793917
1.599249
1.573811
1.592243
1.551324
1.535900
1.810482
1.601329
1.561555
1.381261
1.619008
1.467830
1.471739
1.695871
1.477368
1.543201
1.516380
1.540439
1.346437
1.837467
1.856387
1.411530
1.647787
1.548996
1.528585
1.514103
1.540551
1.641772
1.386607
1.601574
1.559288
1.455519
1.487617
1.567246
1.385367
1.541452
1.669222
1.472533
1.523344
1.435497
1.481922
1.483578
1.327329
1.413314
1.501285
1.624912
1.436431
1.745811
1.449892
1.405789
1.557904
1.726394
1.534808
1.538971
1.643224
1.437256
1.546715
1.435068
1.512432
1.736880
1.483084
1.515601
1.487630
1.467193
1.426440
1.716292
1.541430
1.635158
1.340724
1.630942
1.500130
1.400489
1.615838
1.542923
1.678843
1.524167
1.500450
1.622482
1.240629
1.623743
1.692520
1.568670
1.466540
1.518856
1.319718
1.333712
1.536679
1.502509
1.563151
1.514581
1.512202
1.389476
1.424658
1.587003
1.379234
1.366174
1.589084
1.443337
1.784476
1.472282
1.474222
1.726417
1.824015
1.407579
1.491842
1.499049
1.660407
1.622238
1.533447
1.501914
1.637764
1.468629
1.539529
1.446328
1.337125
1.474675
1.516508
1.514773
1.409648
1.400461
1.433039
1.451720
1.572935
1.317398
1.408531
1.572899
1.548891
1.423211
1.296114
1.460718
1.441221
1.542974
1.486388
1.665410
1.294823
1.436759
1.463531
1.489801
1.452057
1.524432
1.484979
1.409891
1.514472
1.592893
1.510255
1.525880
1.540651
1.265522
1.375439
1.308935
1.297690
1.431722
1.671271
1.471218
1.406574
1.457807
1.550040
1.566805
1.469928
1.442917
1.568087
1.518447
1.379101
1.435634
1.367621
1.424559
1.454121
1.610820
1.204130
1.440109
1.468634
1.501699
1.376885
1.460922
1.465318
1.428359
1.476799
1.500466
1.617637
1.361924
1.438880
1.404185
1.536566
1.390474
1.633730
1.639679
1.704478
1.472180
1.551716
1.528962
1.491419
1.461633
1.374011
1.460379
1.492801
1.334649
1.373710
1.391873
1.508987
1.498578
1.270428
1.380162
1.634103
1.289656
1.382482
1.555104
1.697405
1.481028
1.400556
1.416454
1.364284
1.490477
1.406228
1.338276
1.511249
1.269910
1.471364
1.542532
1.315273
1.528882
1.623655
1.610627
1.353522
1.533154
1.461784
1.496116
1.302091
1.315262
1.563139
1.397420
1.363291
1.155860
1.408365
1.478441
1.465366
1.375369
1.514607
1.389716
1.563365
1.383032
1.370819
1.641009
1.598453
1.422523
1.478505
1.623752
1.442221
1.495752
1.412240
1.256915
1.224447
1.476762
1.506286
1.643165
1.347098
1.539344
1.581125
1.584805
1.410287
1.416034
1.406673
1.636018
1.351233
1.510083
1.511623
1.375666
1.302645
1.428299
1.335676
1.388506
1.489161
1.524881
1.460992
1.535177
1.788571
1.477519
1.276089
1.547778
1.283325
1.676366
1.354244
1.409324
1.342550
1.305044
1.518595
1.092248
1.311284
1.358668
1.350202
1.359269
1.426322
1.451359
1.408371
1.296992
1.585146
1.332835
1.368392
1.241781
1.091676
1.474322
1.810381
1.554428
1.282396
1.444171
1.347629
1.424347
1.495785
1.614280
1.495814
1.398026
1.460074
1.337397
1.315471
1.409554
1.375618
1.436214
1.386841
1.463643
1.480500
1.231955
1.508728
1.247036
1.481316
1.481302
1.360660
1.238674
1.486212
1.351564
1.512281
1.634622
1.321661
1.257358
1.330449
1.555991
1.381820
1.262910
1.297797
1.455968
1.544250
1.513138
1.534727
1.434775
1.499946
1.453290
1.323151
1.697795
1.653052
1.482308
1.250981
1.373301
1.651981
1.210921
1.320383
1.380988
1.397322
1.507318
1.472249
1.443680
1.337764
1.610858
1.352133
1.297765
1.223761
1.325085
1.389986
1.496132
1.268040
1.563783
1.332150
1.425473
1.440310
1.245683
1.323280
1.539989
1.569195
1.557161
1.460174
1.412039
1.421213
1.366874
1.558654
1.403207
1.399134
1.460874
1.396097
1.755835
1.426767
1.311016
1.390171
1.446496
1.216445
1.342448
1.473237
1.320565
1.345141
1.402862
1.347283
1.326239
1.185128
1.368439
1.394792
1.704819
1.181459
1.629231
1.259727
1.275298
1.522722
1.380790
1.333072
1.248371
1.488089
1.414032
1.526531
1.368734
1.378350
1.422717
1.403510
1.380957
1.385073
1.298892
1.501356
1.270438
1.453881
1.233967
1.430280
1.460192
1.497886
1.325895
1.373656
1.455293
1.516539
1.469942
1.376368
1.444517
1.472520
1.413232
1.292617
1.418607
1.565150
1.204399
1.395111
1.252186
1.392491
1.439455
1.382204
1.436893
1.493940
1.388167
1.426768
1.323811
1.392855
1.457227
1.341028
1.287196
1.279784
1.297032
1.341214
1.210521
1.396198
1.417856
1.474578
1.331735
1.347116
1.703550
1.580794
1.380757
1.546230
1.302999
1.224474
1.581449
1.198097
1.190458
1.365420
1.312505
1.288726
1.483836
1.469834
1.378409
1.459091
1.523407
1.474766
1.514125
1.536493
1.207987
1.294015
1.367186
1.501201
1.227166
1.515141
1.319836
1.586910
1.393692
1.538082
1.221332
1.446090
1.393280
1.362126
1.241224
1.157236
1.457317
1.409478
1.306499
1.595416
1.441350
1.148080
1.535035
1.365941
1.391735
1.525103
1.485452
1.443468
1.260005
1.771376
1.349166
1.174434
1.263990
1.370557
1.521340
1.446329
1.356228
1.521752
1.281661
1.270924
1.346844
1.246862
1.543809
1.214030
1.452671
1.463482
1.370203
1.267814
1.159356
1.212304
1.339870
1.466248
1.383207
1.540240
1.308083
1.303822
1.471889
1.475819
1.389783
1.316849
1.474886
1.631024
1.458549
1.318518
1.411967
1.323724
1.385035
1.327489
1.362006
1.537877
1.500012
1.481969
1.242687
1.517957
1.263887
1.411115
1.148918
1.523399
1.219922
1.475297
1.455122
1.501213
1.324758
1.287999
1.242458
1.415250
1.292196
1.345429
1.393892
1.351602
1.310422
1.432685
1.337324
1.540498
1.370538
1.404888
1.373613
1.385765
1.208316
1.150359
1.706810
1.509460
1.350499
1.199224
1.365190
1.296070
1.187797
1.358569
1.336923
1.556809
1.409800
1.413755
1.311344
1.481271
1.406182
1.455010
1.243173
1.505565
1.259824
1.226646
1.293160
1.392471
1.374671
1.460566
1.501399
1.428975
1.462587
1.188463
1.485008
1.320715
1.412621
1.404464
1.418784
1.497161
1.425434
1.207629
1.438998
1.400136
1.398309
1.295972
1.148891
1.272844
1.333663
1.299829
1.586479
1.396163
1.195947
1.493570
1.250234
1.295280
1.171165
1.417994
1.231793
1.307354
1.538370
1.313694
1.327827
1.250738
1.178973
1.375314
1.353092
1.561110
1.331086
1.581933
1.436872
1.639617
1.267771
1.467519
1.163238
1.385651
1.437893
1.245195
1.154761
1.472678
1.295331
1.346353
1.445497
1.312417
1.484597
1.310293
1.428020
1.623544
1.228320
1.246022
1.528967
1.517341
1.443343
1.386828
1.439123
1.343238
1.279082
1.732225
1.144196
1.468088
1.350434
1.530442
1.557099
1.146345
1.312443
1.398702
1.202521
1.348475
1.114198
1.467810
1.539683
1.319398
1.141767
1.333692
1.535199
1.329099
1.344431
1.419813
1.360457
1.170890
1.338039
1.473013
1.681246
1.156168
1.306667
1.242800
1.219033
1.209319
1.416245
1.445539
1.244677
1.411561
1.276939
1.330248
1.408340
1.360506
1.321332
1.337199
1.608121
1.253179
1.535077
1.510594
1.260230
1.584185
1.271437
1.287149
1.424397
1.424943
1.373273
1.308845
1.344106
1.391424
1.260541
1.179647
1.487811
1.452131
1.346972
1.518213
1.345387
1.358793
1.223201
1.324501
1.453080
1.329355
1.229187
1.588219
1.253029
1.097910
1.467380
1.275730
1.254490
1.370013
1.450191
1.152333
1.260476
1.338920
1.381453
1.276066
1.386083
1.464379
1.172103
1.307628
1.545558
1.356384
1.329239
1.413086
1.231008
1.399727
1.298044
1.277524
1.413758
1.407224
1.320349
1.537223
1.426816
1.296532
1.510648
1.304609
1.422685
1.453233
1.360263
1.284600
1.389748
1.294708
1.238751
1.334606
1.238743
1.416630
1.457110
1.410563
1.509819
1.494356
1.299733
1.304455
1.321773
1.224852
1.107315
1.443455
1.050491
1.403832
1.181633
1.289433
1.447819
1.357108
1.251446
1.441898
1.615441
1.223401
1.216561
1.370742
1.429568
1.523959
1.097024
1.158549
1.329353
1.506031
1.455027
1.358176
1.267263
1.643448
1.312733
1.445735
1.332362
1.436648
1.242510
1.255924
1.428271
1.011061
1.234855
1.269567
1.379394
1.459903
1.264192
1.516492
1.192007
1.527348
1.462592
1.117210
1.262383
1.165476
1.455988
1.586547
1.350387
1.149570
1.281869
1.371544
1.333377
1.419907
1.457022
1.283896
1.469862
1.483299
1.190275
1.139622
1.414637
1.570213
1.185221
1.558356
1.447727
1.180298
1.541166
1.426138
1.175665
1.379877
1.480982
1.467263
1.340989
1.309338
1.268049
1.380886
1.231947
1.262640
1.306740
1.293346
1.377191
1.035339
1.353323
1.381772
1.249261
1.465127
1.445194
1.128958
1.230710
1.457603
1.387820
1.555900
1.295307
1.223629
1.493954
1.141693
1.299010
1.450682
1.659464
1.172283
1.455824
1.410676
1.338581
1.480285
1.394321
1.303857
1.188797
1.357643
1.138267
1.281201
1.393035
1.487330
1.327714
1.303056
1.469141
1.364393
1.405952
1.212232
1.319536
1.354843
1.205927
1.368537
1.210795
1.285175
1.160496
1.263775
1.508613
1.204259
1.330076
1.341446
1.328257
1.293061
1.252181
1.266396
1.154918
1.246178
1.369522
1.465973
1.420336
1.366298
1.333442
1.198277
1.261774
1.485104
1.424741
1.584557
1.112906
1.422156
1.458019
1.239129
1.121424
1.365737
1.317529
1.436488
1.094205
1.445736
1.343332
1.292918
1.136786
1.486866
1.582189
1.079085
1.193054
1.431196
1.353276
1.452786
1.210495
1.339574
1.396341
0.978104
1.474969
1.402905
1.428942
1.215116
1.365634
1.535503
1.209472
1.069705
1.306143
1.380797
1.506312
1.314955
1.381913
1.489271
1.345463
1.344308
1.386733
1.397537
1.535320
1.177719
1.301719
1.560108
1.301754
1.182123
1.522265
1.315031
1.344409
1.387982
1.314990
1.430998
1.290300
1.433248
1.615935
1.307392
1.260313
1.154494
1.374907
1.376966
1.327643
1.019304
1.312514
1.225716
1.481460
1.253682
1.471122
1.150243
1.152773
1.431148
1.200788
1.221421
1.731002
1.257616
1.237467
1.411433
1.254498
1.269587
1.110000
1.715737
1.623759
1.429629
1.333537
1.381435
1.256955
1.364224
1.327191
1.339122
1.376620
1.128626
1.277722
1.247598
1.273601
1.212125
1.242933
1.319435
1.453117
1.413190
1.057132
1.223503
1.312441
1.417275
1.395112
1.537495
1.137446
1.133085
1.082600
1.309567
1.094450
1.337290
1.311023
1.295878
1.285745
1.680602
1.262913
1.291826
1.384915
1.457168
1.444446
1.248423
1.310144
1.203342
1.212549
1.323189
1.312206
1.105824
1.429594
1.443760
1.225635
1.244101
1.296284
1.194189
1.442071
1.262198
1.295048
1.483499
1.129060
1.324894
1.245923
1.336509
1.471469
1.279895
1.151715
1.327051
1.270155
1.397665
1.285101
1.533471
1.450820
1.552343
1.254299
1.344960
1.374854
1.225859
1.424660
1.420700
1.248414
1.230056
1.314142
1.434224
1.181877
1.417591
1.363650
1.182604
1.279734
1.301670
1.195381
1.137488
1.234127
1.182631
1.367192
1.514371
1.384175
1.282357
1.499089
1.310659
1.326841
1.060457
1.326490
1.173317
1.161301
1.530146
1.375247
1.538495
1.199888
1.261387
1.539687
1.215638
1.450288
1.348462
1.576317
1.560024
1.345145
1.437874
1.342031
1.500447
1.424265
1.209159
1.284218
1.383225
1.312988
1.156477
1.406914
1.063705
1.340587
1.349711
1.223175
1.279715
1.272070
1.148595
1.421652
1.296944
1.163650
1.354850
1.310650
1.378840
1.258497
1.261518
1.457857
1.222868
1.186993
1.372557
1.369561
1.386996
1.385142
1.357176
1.235549
1.290923
1.276460
1.271290
1.337737
1.387981
1.099389
1.428560
1.356256
1.473528
1.283421
1.287471
1.340976
1.338964
1.378628
1.479943
1.207778
1.404898
1.346442
1.212713
1.378839
1.230535
1.301428
1.439136
1.212079
1.463051
1.246668
1.605013
1.333474
1.341799
1.191852
1.332124
1.272731
1.374968
1.201265
1.205960
1.348865
1.313340
1.256153
1.196265
1.368324
1.284292
1.261034
1.120304
1.469482
1.222015
1.469932
1.383364
1.277265
1.274270
1.194472
1.351512
1.303000
1.271187
1.272029
1.170819
1.292324
1.567994
1.317449
1.407286
1.451032
1.140802
1.142933
1.458220
1.188280
1.269677
1.296082
1.327974
1.171767
1.482194
1.540358
1.426930
1.429050
1.479256
1.318228
1.506357
1.279865
1.349357
1.412620
1.230874
1.245937
1.399111
1.565142
1.333230
1.491943
1.162025
1.528274
1.360068
1.525036
1.180123
1.335709
1.276286
1.007171
1.440336
1.291030
1.209969
1.287710
1.363538
1.339405
1.293908
1.144147
1.361116
1.281624
1.395753
1.497523
1.274981
1.473911
1.427468
1.251081
1.250730
1.291406
1.181066
1.315541
1.131181
1.104430
1.147055
1.338295
1.175364
1.359909
1.193711
1.206327
1.440233
1.255097
1.257541
1.357483
1.490517
1.199969
1.239621
1.230572
1.586773
1.342950
1.254163
1.216735
1.542820
1.208474
1.412284
1.372931
1.397305
1.388059
1.196875
1.480150
1.165162
1.269669
1.393041
1.277873
1.336593
1.284797
1.268962
1.314234
1.575931
1.277904
1.289618
1.418710
1.385077
1.112586
1.057743
1.585022
1.353075
1.350556
1.324011
1.472527
1.381799
1.304681
1.304568
1.289383
1.169332
1.401058
1.258350
1.388129
1.485481
1.082801
1.160258
1.435645
1.349293
1.087142
1.215715
1.359992
1.300089
1.315215
1.234524
1.158392
1.533976
1.315378
1.346875
1.269684
1.281453
1.448348
1.483959
1.273772
1.257806
1.289425
1.129063
1.285230
1.300420
1.231536
1.300129
1.471299
1.286071
1.096324
1.329500
1.228915
1.310455
1.433371
1.309281
1.447408
1.372194
1.111275
1.277483
1.249607
1.342124
1.522674
1.297233
1.204880
1.309773
1.133853
1.274642
1.370058
1.254735
1.505271
1.347426
1.211812
1.276150
1.063282
1.517032
1.456817
1.236691
1.242175
1.459002
1.305781
1.127830
1.255868
1.525599
1.254745
1.362559
1.207139
1.359047
1.157926
1.577288
1.331268
1.365610
1.269243
1.230178
1.440756
1.126782
1.339349
1.404351
1.435038
1.161949
1.267861
1.183340
1.193563
1.366905
1.336421
1.334836
1.367298
1.265218
1.201217
1.179508
1.186795
1.487693
1.328808
1.296938
1.208024
1.170737
1.394109
1.437672
1.506907
1.178172
1.195165
1.431701
1.220886
1.308047
1.213892
1.346875
1.311706
1.105919
1.213029
1.230089
1.323785
1.358492
1.308456
1.292698
1.301199
1.263006
1.396421
1.192913
1.229249
1.399296
1.370417
1.415374
1.464880
1.341314
1.285834
1.264309
1.548738
1.381624
1.344188
1.270893
1.343017
1.249818
1.104630
1.214507
1.162829
1.305048
1.666178
1.289783
1.393966
1.396422
1.264568
1.302721
1.082586
1.255829
1.397419
1.252710
1.304050
1.478364
1.330943
1.205652
1.451229
1.494007
1.035518
1.332563
1.108075
1.393165
1.337347
1.410491
1.006462
1.353315
1.018279
1.531781
1.534612
1.154212
1.326201
1.282754
1.244323
1.512536
1.253396
1.221499
1.169677
1.159299
1.156175
1.442550
1.659256
1.200559
1.252757
1.124882
1.542723
1.319178
1.348440
1.351127
1.255217
1.232257
1.425488
1.307522
1.175572
1.355283
1.256942
1.274771
1.239825
1.051678
1.356633
1.258439
1.461974
1.172432
1.405229
1.391321
1.325693
1.337599
1.198783
1.226437
1.303238
1.161094
1.459696
1.209541
1.344101
1.435755
1.264485
1.272037
1.278466
1.243523
1.398265
1.280777
1.399801
1.466607
1.298146
1.417668
1.123983
1.350956
1.399837
1.108232
1.200428
1.498816
1.108577
1.161362
1.180319
1.349519
1.186247
1.277984
1.298199
1.609258
1.241150
1.202735
1.184928
1.314208
1.331735
1.196445
1.328458
1.101402
1.346418
1.233327
1.354643
1.567398
1.193779
1.208411
1.432657
1.421632
1.261441
1.075629
1.566847
1.127833
1.228266
1.255320
1.260409
1.366108
1.170365
1.212755
1.221901
1.199055
1.148563
1.127334
1.150800
1.470778
1.468223
1.157516
1.350032
1.217169
1.382560
1.251772
1.220589
1.432735
1.364153
1.445191
1.388872
1.334316
1.455669
1.209625
1.154832
1.439740
1.351144
1.524860
1.433255
1.159607
1.362723
1.199081
1.343495
1.622533
1.288251
1.232182
1.577573
1.354226
1.133820
1.178851
1.414020
1.121287
1.295996
1.027807
1.270109
1.334821
1.511767
1.351387
1.209491
1.217538
1.460161
0.936405
1.274937
1.184005
1.416578
1.112572
1.178874
1.326799
1.290247
1.347064
1.103502
1.385895
1.431366
1.293855
1.249645
1.405418
1.374431
1.318340
1.286366
1.062038
1.507319
1.268449
1.217798
1.493623
1.588757
1.023653
1.275510
1.115170
1.373776
0.995511
1.135714
1.312935
1.155660
1.340097
1.144246
1.495842
1.264812
1.567010
1.317068
1.161733
1.140479
1.237208
1.161959
1.155528
1.248551
1.331987
1.271306
1.296440
1.546543
1.417545
1.234514
1.261028
1.189134
1.147244
1.182324
1.553582
1.252706
1.369896
1.311154
1.245380
1.254781
1.335919
1.361220
1.227037
1.133773
1.304276
1.323022
1.043986
1.348527
1.514302
1.466890
1.055819
1.407165
1.318736
1.427617
1.306993
1.108525
1.350681
1.168095
1.229114
1.230463
1.411728
1.319578
1.151656
1.208625
1.198565
1.424219
1.274781
1.696683
1.262235
1.275987
1.242420
1.305220
1.405867
1.108706
1.183675
1.211172
1.227392
1.298061
1.381094
1.284354
1.323726
1.209486
1.130073
1.538549
1.215655
1.218754
1.152809
1.279007
1.524996
1.110703
1.402395
1.132803
1.102952
1.282811
1.163557
1.244177
1.120749
1.219929
1.251863
1.528015
1.572486
1.135331
1.340105
1.271557
1.335264
1.370476
1.436698
1.231527
1.055073
1.214540
1.344408
1.170329
1.242582
1.376681
1.423373
1.146307
1.590002
1.156158
1.249899
1.334800
1.337866
1.498425
1.246963
1.114418
1.356084
1.298762
1.170783
1.337050
1.281754
1.081289
1.203704
1.418898
1.427795
1.184042
1.290613
1.178986
1.259440
1.365202
1.255877
1.216919
1.432191
1.264089
1.323937
1.230825
1.276242
1.421299
1.233886
1.450220
1.290355
1.306596
1.321174
1.344708
1.121356
1.345674
1.072439
1.329293
1.322832
1.347126
1.150056
1.249820
1.192885
1.397377
1.137321
1.602571
1.520430
1.175809
1.211247
1.216923
1.496316
1.259815
1.351101
1.224748
1.326221
1.207519
1.235641
1.335955
1.140899
1.217084
1.187816
1.419728
1.426574
1.180180
1.268114
1.075353
1.435219
1.245467
1.331222
1.296769
1.310188
1.036994
1.302534
1.509571
1.332792
1.435368
1.141972
1.186405
1.105377
1.362103
1.292296
1.277193
1.111268
1.367270
1.390057
1.466248
1.338967
1.071390
1.157688
1.214959
1.297972
1.223395
1.194700
1.103153
1.425700
1.076454
1.275593
1.311911
1.201201
1.275886
1.158434
1.165413
1.433221
1.454455
1.294998
1.142343
1.329026
1.076216
1.177468
1.599464
1.077999
1.482013
1.382060
1.212351
1.213215
1.366946
1.469460
1.384709
1.258476
1.378598
1.429917
1.161230
1.450463
1.361958
1.161275
1.246450
1.345183
1.208580
1.284801
1.135075
1.279519
1.285299
1.139906
1.145911
1.149114
1.238717
1.397587
1.214668
1.378760
1.191230
1.383295
1.203314
1.278131
1.219242
1.177795
1.106336
1.443439
1.279685
1.233323
1.302126
1.206471
1.453159
1.498594
1.220332
1.050449
1.370105
1.331861
1.228657
1.306957
1.320961
1.151737
1.046607
1.327220
1.201094
1.458897
1.302229
1.354017
1.270525
1.190287
1.277961
1.409864
1.254202
1.357568
1.143758
1.332763
1.388001
1.452320
1.119727
1.190096
1.284108
1.259683
1.384522
1.511221
1.237627
1.357689
1.262677
1.064065
1.306557
1.263012
1.403308
1.169178
1.149521
1.225694
1.183984
1.304209
1.135416
1.252662
1.351568
1.262635
1.230533
1.309947
1.372222
1.286301
1.199094
1.284039
1.488080
1.343756
1.180426
1.288135
1.366537
1.153271
1.279472
1.382233
1.185016
1.298311
1.380467
1.299855
1.224440
1.290409
1.207128
1.419956
1.512745
1.276754
1.317396
1.302417
1.295313
1.466829
1.332657
1.076084
1.121618
1.307524
1.219825
1.510082
1.215609
1.257758
1.061268
1.338609
1.430598
1.254604
1.363571
1.233307
1.130872
1.340001
1.459593
1.331155
1.148971
1.074262
1.140798
1.334411
1.495424
1.285471
1.130773
1.123922
1.417572
1.286710
1.093872
1.222899
1.391063
1.239647
1.457591
1.260237
1.432270
1.194558
1.343117
1.274354
1.220088
1.324689
1.150453
1.110055
1.391117
1.216080
1.104149
1.155089
1.023092
1.316423
1.446225
1.250079
1.222141
1.571193
1.192157
1.210140
1.594957
1.101380
1.303767
1.242961
1.409173
1.140971
1.371023
1.307464
1.259781
1.181172
1.323420
1.346925
1.208949
1.272329
1.283957
1.175185
1.240899
1.369274
1.066568
1.574839
1.322851
1.386365
1.332408
1.212296
1.234077
1.313945
1.124766
1.292280
1.340966
1.237604
1.286898
1.298581
1.241301
1.361824
1.197460
0.961404
1.177316
1.114984
1.261591
1.202981
1.237940
1.308867
1.143132
1.227089
1.217365
1.424038
1.139045
1.252754
1.512019
1.081090
1.600146
1.189867
1.301888
1.651092
1.133759
1.387136
1.326070
1.443613
1.203383
1.206193
1.212054
1.109834
1.380153
1.209110
1.300673
0.944400
1.377158
1.219752
1.212441
1.325541
1.200946
1.223068
1.344968
1.219612
1.217511
1.328387
1.449269
1.304361
1.497737
1.223739
1.250384
1.250532
1.245481
1.332327
1.713352
1.284064
1.294969
1.317953
1.349571
1.369895
1.111222
1.209613
1.446159
1.368992
1.124351
1.274984
1.202119
1.077358
1.304218
1.160245
1.311237
1.326746
1.133188
1.246523
1.184147
1.550017
1.272201
1.154820
1.337778
1.213356
1.195408
1.475962
1.235189
1.197397
1.119423
1.253160
1.483128
1.237916
1.004065
1.182190
1.161110
1.448564
1.345126
1.139193
1.326569
1.155326
1.596782
1.164682
1.200084
1.278571
1.091620
1.312100
1.480841
1.336779
1.223561
1.234589
1.221181
1.389919
1.399105
1.151517
1.251130
1.253446
1.160044
1.525764
1.174013
1.242744
1.115070
1.353465
1.278751
1.152971
1.140486
1.271250
1.367577
1.158234
1.449840
1.238901
1.237012
1.285861
1.511887
0.986933
1.358484
1.201363
1.292729
1.268515
1.520866
1.299817
1.215490
1.214109
1.197569
1.291657
1.329968
1.072683
1.446723
1.277761
1.171486
1.210932
1.330186
1.241913
1.465050
1.222493
1.199400
1.423549
1.495124
1.214924
1.566140
1.272180
1.279562
1.179707
1.196223
1.155800
1.070105
1.169649
1.173436
1.391868
1.209453
1.443993
1.288813
1.352943
1.277578
1.263601
1.134104
1.033153
1.113978
1.144812
1.525828
1.271907
1.477301
1.263818
1.313025
1.277892
1.050712
1.147477
1.376262
1.322560
1.218248
1.160269
1.192761
1.205253
0.995979
1.415027
1.362991
1.380520
1.237821
1.354232
1.200567
1.341982
1.153251
1.222123
1.204960
1.236605
1.059265
1.223108
1.315963
1.240945
1.267073
1.279483
1.105535
1.333471
1.300230
1.342882
1.320886
1.233635
1.251251
1.216273
1.660807
1.275440
1.212469
1.217318
1.037050
1.337472
1.202271
1.129893
1.252074
1.227595
1.101378
1.274087
1.363008
1.290390
1.438970
1.152795
1.326904
1.367812
1.321958
1.269068
1.101229
1.460586
1.219196
1.225039
1.211303
1.475899
1.195358
1.233592
0.968178
1.550813
1.166917
1.266062
1.367418
1.082137
1.344049
1.294094
1.084202
1.175478
1.101098
1.558250
1.348144
1.243766
1.179533
1.235616
1.143471
0.998691
1.100687
1.196755
1.408943
1.469513
1.054586
1.188870
1.090220
1.504671
1.443636
1.372770
1.150302
1.263404
1.515975
1.453404
1.464043
1.217588
1.317165
1.309864
1.330347
1.394193
1.105420
1.041712
1.150014
1.471841
1.140957
1.081495
1.295582
1.313538
1.036676
1.282693
1.070906
1.183973
1.121312
1.196728
1.069330
1.341481
1.349948
1.301165
1.524427
1.135531
1.008875
1.254734
1.440434
1.546560
1.461473
1.207012
1.270914
1.094078
1.341309
1.130127
1.125788
1.284075
1.263436
1.173677
1.119053
1.158184
1.255873
1.306387
1.287777
1.350967
1.302051
1.414145
1.441507
1.141440
1.428929
1.236375
1.164664
1.177241
1.230565
1.321561
1.349950
1.146837
1.149520
1.099244
1.430935
1.354069
1.156229
1.098962
1.355570
1.222520
1.088489
1.314438
1.288893
1.010946
1.300381
1.352561
1.542584
1.343963
1.368398
1.134515
1.070533
1.150413
1.535215
1.350191
1.300806
1.598031
1.301438
1.315395
0.953430
1.431517
1.248522
1.256938
1.160240
1.287425
1.283146
1.443355
1.410480
1.045525
1.240708
1.495528
1.176432
1.340305
1.236741
1.270513
1.328015
1.301397
1.416349
1.139654
1.316648
1.326383
1.181839
1.174011
1.400423
1.251751
0.977457
1.175664
1.179435
0.966239
1.074902
1.307292
1.373495
1.307759
1.225720
1.324861
1.341308
1.467128
1.315257
1.347344
1.309813
1.203033
1.106802
1.270157
1.238984
1.214001
1.348535
1.168669
1.341288
1.483132
1.350372
1.260910
1.140226
1.350506
1.223951
1.241875
1.395698
1.274562
1.291045
1.131269
1.237831
1.085702
1.397114
1.368275
1.138368
1.173651
1.361180
1.225067
1.412000
1.044753
1.311530
1.218732
1.097481
1.431031
1.254310
1.067064
1.233880
1.420480
1.185003
1.199580
1.243072
1.197457
1.314104
1.232670
1.394526
1.268872
1.079302
1.175707
1.501209
1.298787
1.238350
1.431497
1.317807
1.228592
1.186674
1.119247
1.163060
1.356024
1.190816
1.285504
1.142723
1.170953
1.308658
1.239900
1.262711
1.217390
1.445534
1.036371
1.286071
1.221669
1.275589
1.270410
1.413806
1.149872
1.248330
1.309759
1.448028
1.296009
1.363885
1.298597
1.442638
1.325118
1.103338
1.392164
1.115424
1.141980
1.145923
1.306623
1.301651
1.198541
1.110769
1.351942
1.223871
1.379817
1.242988
1.066224
1.244978
1.210955
1.150184
1.303740
1.285772
1.378552
1.114985
1.262404
1.322024
1.107094
1.559979
1.323946
1.171849
1.525984
1.139049
1.313176
1.176150
1.290246
1.450841
1.123542
1.155107
1.162310
1.212949
1.326650
1.094512
1.412364
1.426933
1.303370
1.346128
1.358575
1.418171
1.254485
1.383019
1.257909
1.204025
1.169222
1.159779
1.133770
1.331239
1.112540
1.382337
1.238033
1.449833
1.363265
1.220988
1.374923
1.422297
1.228289
1.023526
1.096491
1.217725
1.227785
1.218575
1.372371
1.106620
1.322127
1.088650
1.130171
1.587073
0.986206
1.249058
1.405455
1.256072
1.383359
1.388959
1.056481
1.319758
1.049395
1.359478
1.058319
1.204787
1.290177
1.217632
1.418793
1.015550
1.075628
1.169652
1.253820
1.255879
1.148038
1.201417
1.291257
1.435115
1.256426
1.190637
1.240577
1.233157
1.395741
1.481991
1.275832
1.197395
1.287895
1.354403
1.274164
1.142223
1.354904
1.392966
1.232092
1.342371
0.939711
1.302706
1.432703
1.267046
1.200458
1.509215
1.086384
1.241445
1.490006
1.177381
1.247008
1.295615
1.233391
1.052356
1.312542
1.270964
1.313298
1.289317
1.272956
0.972008
1.517693
1.283075
1.169767
1.260662
1.426667
1.358349
1.277303
1.520294
1.274894
1.297812
1.405971
1.106418
1.239697
1.392421
1.210801
1.167876
1.211049
1.163356
1.223439
1.057519
1.221964
1.428247
1.247234
1.353803
1.294791
1.307256
1.249610
1.307439
1.092030
1.461535
1.228782
1.252466
1.278489
1.315866
1.141436
1.448221
1.344216
1.247330
1.136763
1.191700
1.191601
0.978002
1.211127
1.193753
1.283304
1.508054
1.353812
1.168702
1.216425
1.176865
1.153929
1.271315
1.163579
1.196981
1.261513
1.172756
1.390028
1.402768
1.186886
1.397764
1.251640
1.281071
1.247809
1.106525
1.225515
1.285650
1.071137
1.233129
1.329146
1.345090
1.428745
1.133454
1.428163
1.303824
1.224936
1.196210
1.364815
1.384904
1.230807
1.181531
1.314114
1.249556
1.303406
1.152496
1.226626
1.061705
1.238411
1.429868
1.318544
1.264179
1.229173
1.257487
1.002205
1.354499
1.233694
1.169936
1.254121
1.408093
1.184037
1.242084
1.093449
1.200932
1.175733
1.105882
1.238431
1.216544
1.224243
1.285945
1.203596
1.300874
1.295387
1.224349
1.262179
1.179101
1.374777
1.178134
1.102129
1.515216
1.302126
1.253347
1.220104
1.258779
1.559559
1.192171
1.309300
1.278789
1.301861
1.458342
1.326125
1.109611
1.223683
1.421945
1.491427
1.102589
1.303355
1.197226
1.217571
1.056750
1.137081
1.324837
1.455136
1.374846
1.318882
1.204497
1.208753
1.341090
1.286336
1.397537
1.218025
1.263314
1.170148
1.226668
1.313677
1.177048
1.276804
1.397946
1.242129
1.404849
1.340873
1.238134
1.070669
1.174069
1.028321
1.188666
1.315078
1.430826
1.466219
1.333894
1.190815
1.224366
1.296229
1.183752
1.227805
1.353297
1.106399
1.472986
1.159469
1.338722
1.362646
1.458505
1.156781
1.029657
1.278357
1.190681
1.314086
1.129487
1.417577
1.280494
1.272314
1.151897
1.216051
1.184462
1.174088
1.140230
1.150908
1.252787
1.361544
1.139618
1.218148
1.098561
1.265980
1.471444
1.320095
1.321345
1.166177
1.027165
1.267946
1.135291
1.465849
1.305292
1.307424
1.267739
1.140832
1.152899
1.186511
1.275959
1.138029
1.465435
1.171687
1.293504
1.316895
1.080704
1.385213
1.261144
1.085886
1.250939
1.383571
1.216970
1.130700
1.118253
1.330380
1.177837
1.206997
1.158094
1.431279
0.966109
1.361340
1.269865
1.474679
1.174418
1.200159
1.202494
1.407059
1.352104
1.223049
1.063607
1.412437
1.168628
1.301052
1.289833
1.202575
1.225474
1.451746
1.182030
1.060904
1.429062
1.324077
1.272284
1.104686
1.202671
1.212510
1.546946
1.056136
1.159724
1.490056
1.209735
1.216280
1.245587
1.097171
1.111814
1.275778
1.138936
1.105124
1.233891
1.235649
1.045097
1.206469
1.252680
1.162635
1.239334
1.318455
1.570853
1.188694
1.345925
1.093162
1.160421
1.413293
1.108592
1.012391
1.045291
1.112071
1.331541
1.079772
1.159496
1.173985
1.282488
1.392065
1.324636
1.360851
1.396157
1.068712
1.094418
1.291261
1.160422
1.281433
1.353510
1.262439
1.170975
1.279502
1.430254
1.282977
1.148957
1.066663
1.217240
1.115705
1.242454
1.147020
1.123642
1.495488
1.332175
1.461209
1.428631
1.241647
1.240446
1.176928
1.282568
1.387397
1.254103
1.087499
1.166044
1.367072
1.307700
1.307548
1.166364
1.295508
1.078937
1.302783
1.173195
1.022974
1.092442
1.297660
1.298823
1.264559
1.353493
1.039036
1.126846
1.276551
1.327632
1.070577
1.340889
1.272518
1.420722
1.357267
1.196031
1.257646
1.371240
1.221324
1.220631
1.183525
1.331628
1.173111
1.213154
1.301687
1.107899
1.319024
1.188385
1.314830
1.261374
1.080953
1.244080
1.359706
1.257495
1.426973
1.163909
1.374051
1.103212
1.122431
1.441478
1.166073
1.284712
1.208639
1.256794
1.234860
1.418258
1.182068
1.267534
1.340409
1.400797
1.113324
1.208335
1.093556
1.435427
1.377671
1.202915
1.252527
1.444523
1.241540
1.290612
1.096507
1.005908
1.244656
1.150436
1.121361
1.272618
1.274842
1.569878
1.135900
1.242014
1.495801
1.173780
1.298066
1.111868
1.307739
1.123262
1.226400
1.030385
1.350975
1.372404
1.487643
1.287773
1.331316
1.138127
1.229286
1.122230
1.292379
1.269997
1.194345
1.324799
1.500140
1.194287
1.240096
1.192747
1.228782
1.120420
1.283272
1.429271
1.040100
1.334593
1.175344
1.093713
1.207512
1.171118
1.134129
1.265595
1.258258
1.317992
1.347988
1.243853
1.037094
1.301969
1.216982
1.234355
1.281705
1.180681
1.214791
1.491606
1.166281
1.503099
0.930061
1.286531
1.431447
1.198783
1.451331
0.981607
1.593441
1.219318
1.465361
1.163717
1.139406
1.421825
1.374388
1.282120
1.451906
1.039274
1.308545
0.950603
1.117177
1.523343
1.114796
1.188306
1.324050
1.108379
1.228703
0.977273
1.231452
1.328153
1.526777
1.310863
1.221595
1.241905
1.031407
1.371670
1.010318
1.313272
1.095622
1.369769
1.204418
1.263868
1.092476
1.417795
1.335042
1.380696
1.014153
1.152410
1.421973
1.253135
1.193985
1.286490
1.123389
1.317600
1.160097
1.078853
1.427060
1.178972
1.247102
1.441128
1.294087
1.088795
1.316229
0.933926
0.982435
1.155544
1.074772
1.340752
1.290622
1.335391
1.281916
1.189702
1.268720
1.215559
1.236239
1.271901
1.293114
1.263583
1.437339
1.106954
1.339808
1.134610
1.348662
1.467912
1.248068
1.281600
1.413430
1.635561
1.098444
1.106027
1.159040
1.452182
1.053971
1.312122
1.306883
1.106123
1.193235
1.238811
1.344630
1.158519
1.110520
1.114341
1.151102
1.171854
1.230402
1.396931
1.223879
1.442828
1.418022
1.270598
1.062723
1.147566
1.419280
1.273182
1.267401
1.279767
1.250346
1.313343
1.187583
1.396539
1.472191
1.089273
1.146412
1.214501
1.220251
1.100578
1.277496
1.359487
1.331387
1.436138
1.110733
1.057912
1.161229
1.203620
1.190351
1.347211
1.192643
1.271268
1.076461
1.469368
1.271001
1.223364
1.236065
1.368891
1.180820
1.075430
1.488220
1.210627
1.308538
1.336819
1.150357
0.936483
1.099665
1.275855
1.348355
1.203069
1.204370
1.093817
1.241481
1.126109
1.118141
1.204685
1.289703
1.154812
1.275752
1.227057
1.235419
1.304196
1.164574
1.288105
1.442849
1.322048
1.293797
1.418463
1.402232
1.345811
1.349414
1.333895
1.261116
1.275073
1.179757
1.065963
1.325295
1.212653
1.042046
1.274894
1.273644
1.314769
1.304236
1.244302
1.411189
1.162045
0.959133
1.274301
1.152369
1.115110
1.008369
1.250500
1.320555
1.200401
1.090683
1.514839
1.156175
1.261850
1.372259
1.019696
1.251299
1.240639
1.462373
1.404423
1.030110
1.267507
1.138927
1.085036
1.218083
1.367625
1.229422
1.251452
0.999332
1.127156
1.362477
1.458718
1.175513
1.309750
1.233641
1.158492
1.277466
1.160395
1.491817
1.362913
1.169283
1.182836
1.279300
1.209013
1.106272
1.150313
1.113156
1.143035
1.309981
1.216942
1.179746
1.281838
1.172373
1.321436
1.105425
1.364647
1.206043
1.330466
1.114709
1.052459
1.219982
1.694307
1.110661
1.216364
1.368239
1.011621
1.059183
1.612073
1.093191
1.319171
1.192947
1.219721
1.034111
0.948689
1.178798
1.302213
1.116914
1.153323
1.182037
1.054955
1.322941
1.183665
1.083332
1.204408
1.298329
1.413207
1.264577
1.298854
1.155747
1.453156
1.211607
1.352019
1.270316
1.144797
1.329033
1.393481
1.456776
1.373592
1.109459
1.160033
1.042510
1.320047
1.226500
1.240748
1.367747
1.304197
1.208724
1.291241
1.288764
1.356344
1.142540
1.188954
1.547369
1.201957
1.193747
1.330189
1.215114
1.252915
1.000765
1.217174
1.113876
1.381557
0.980337
1.165044
1.264698
1.238919
1.372408
1.200708
1.204721
1.318265
1.173567
1.032284
1.064643
1.454890
1.291077
1.229829
1.252038
1.319129
1.180032
1.487083
1.150091
1.137974
1.209417
1.279107
1.455046
1.259411
1.103704
1.296040
1.196078
1.194056
1.119836
1.189418
1.161335
1.362420
1.211872
1.392476
1.298796
0.993902
1.079751
1.334924
1.045040
1.519869
1.220794
1.346056
1.466631
1.198058
1.142884
1.364251
1.087682
1.344804
1.105563
1.334823
1.180943
1.295212
1.370684
1.138813
1.306282
1.181884
1.216969
1.056652
0.892947
1.262812
1.013872
1.353962
1.462711
1.270687
1.151634
1.514428
1.314305
1.297853
1.032220
1.046077
1.144790
1.309582
1.216155
1.085448
1.267584
1.367880
1.271945
1.292203
1.371993
1.293445
1.189191
0.919955
1.268407
1.273731
1.198987
1.405749
1.269863
1.059098
0.953569
1.274637
1.103898
1.418425
1.244601
1.381721
1.240270
1.087386
1.260165
1.149618
1.182287
1.089376
1.302576
1.295398
1.165828
1.177816
1.187170
1.192110
0.901736
1.184961
1.411440
1.217077
1.486511
1.310175
1.038568
1.125897
1.080416
1.383609
1.064828
1.167866
1.217454
1.337628
1.251236
1.029734
1.315773
1.364722
1.412285
1.417794
1.240437
1.232558
1.180037
1.432382
1.216263
1.261977
1.171951
1.283609
1.246679
1.417621
1.161485
1.309513
1.276548
1.164324
1.195463
1.037863
1.255802
1.430030
1.499747
1.081671
1.090513
1.271907
1.315242
1.417233
1.211406
1.568003
1.117854
1.103586
1.238751
1.295054
1.310931
1.140711
1.222973
1.115362
1.388513
1.234067
1.218516
1.222977
1.243043
1.022568
1.217849
1.355747
1.126478
1.537445
1.345045
1.342308
1.300714
1.135238
1.285820
1.104216
1.218248
1.199093
1.351277
1.407344
1.152226
1.163187
1.097124
1.085293
1.023421
1.031018
1.197173
1.223154
1.066548
1.227279
1.112834
1.411278
1.161095
1.369823
1.119804
1.459260
1.140502
1.285544
1.326367
1.194451
1.357630
1.255930
1.220994
1.131221
1.082771
1.066590
1.227389
1.087367
1.394307
1.291318
0.950601
1.246320
1.105172
1.268609
1.639656
1.037909
1.058570
1.164481
1.087520
1.241797
1.417526
1.271486
1.319119
1.307726
1.175758
1.129573
1.411557
1.370759
1.415725
1.264645
1.351305
1.206298
1.277252
1.264701
1.022849
1.442829
0.930369
1.148930
1.234447
1.196456
1.335582
1.194372
1.330820
1.268995
1.085099
1.206493
1.169524
1.014043
1.315714
1.052881
1.175744
1.140657
1.184813
1.116679
1.263916
0.968397
1.267675
1.198158
1.371851
1.260564
1.149757
1.002681
1.353401
1.410468
1.192220
1.294307
1.291960
1.704066
1.438904
1.316068
1.115971
1.245045
1.214803
1.174132
1.169159
1.304850
1.258388
1.208205
1.173227
1.317006
1.436778
1.326225
1.248273
1.447897
1.348780
1.281450
1.234552
1.382792
1.182387
1.035572
1.155162
1.194353
1.266057
1.161707
1.372112
1.288498
1.034859
1.156671
1.046795
1.142621
1.334464
1.067189
1.269490
1.386886
1.282061
1.135399
1.131404
1.166791
1.240765
1.481822
1.191112
1.272339
1.139338
1.085149
1.184366
1.434697
1.398216
1.215547
0.945732
1.118496
1.317120
1.259718
1.124964
1.039060
1.438126
1.049667
1.122764
1.278286
1.286788
1.433139
1.286597
1.241324
1.170191
1.184181
1.492796
1.191349
1.078774
1.093964
1.171466
1.189607
1.256453
1.255131
1.384841
1.158405
1.482275
1.315388
1.409561
1.042124
1.327208
1.183716
1.055096
1.208405
1.094680
1.319632
1.096804
1.366812
1.205734
0.961971
1.242796
1.259777
1.481131
1.333612
1.415478
1.111528
1.264817
1.333142
1.228865
1.188130
1.272236
1.408200
1.227497
1.393260
1.516096
0.990166
1.304982
1.153949
1.202257
1.467349
1.273859
1.194386
1.279164
1.044686
1.326609
1.159724
1.103465
1.315493
1.353821
1.219124
1.062363
1.157017
1.157970
1.040851
1.290449
1.137712
1.166599
1.473197
1.083438
1.410435
1.001884
1.052320
1.257199
1.141215
1.422775
0.973692
1.392044
1.345975
1.249318
1.013844
1.473835
1.230845
1.362485
1.357189
1.130686
1.346699
1.153799
1.147365
1.154978
1.268213
1.336452
1.050100
1.334293
1.406909
1.363973
1.292606
1.190273
1.239830
1.258649
1.088624
1.108604
1.157959
1.162212
1.163045
1.307091
1.176689
1.208384
1.185074
1.212167
1.045246
1.280965
1.172736
1.070585
1.072338
1.237977
1.336843
1.240896
1.439546
1.187281
1.211755
1.387497
1.080952
1.218998
1.388174
1.377866
1.286113
1.204129
1.204038
0.869800
1.084389
1.170522
1.124103
1.187291
1.404090
1.214844
1.290468
1.242541
1.291481
1.086503
1.075596
1.231475
1.355786
1.356581
1.228420
1.042804
1.255951
1.234177
1.300933
1.206873
1.192198
1.263489
1.121115
1.169852
1.100307
1.258127
1.330758
1.238391
1.179174
1.297370
1.159383
1.235916
1.218581
1.189829
0.939914
1.369373
1.163933
1.142046
1.050810
1.142003
1.173767
1.326860
1.267506
1.315960
1.173762
1.078087
1.540459
1.086007
1.597593
1.340452
1.247078
1.438684
1.220799
1.011405
1.184313
0.959277
1.099125
0.905729
1.234489
1.097631
1.521593
1.231347
1.174555
1.264154
1.224622
1.034426
1.009855
1.141324
1.400987
1.079485
1.354457
1.599656
1.153175
1.189295
1.056851
1.311081
1.136318
1.034030
1.531848
1.678134
1.201437
1.318172
1.254655
1.299562
1.423249
1.216100
1.241548
1.380023
1.298321
1.389642
1.281068
1.082978
1.318606
1.121308
1.301443
1.344780
1.379181
1.028417
1.427773
1.178793
1.271817
1.002874
1.261668
1.161329
1.442690
1.245215
1.406809
1.314644
1.437248
1.013935
1.250890
1.169929
0.991118
1.059485
1.356317
1.258148
1.214727
1.247376
1.232067
1.151940
1.122327
1.194506
1.222849
1.138817
1.357174
1.167872
1.327889
1.120022
1.232798
1.094328
1.131343
1.299889
1.203139
1.194798
1.635247
1.345588
1.011707
1.017711
1.109980
1.342874
1.445210
1.271664
1.474334
1.185010
1.128033
1.227911
1.100911
1.308959
1.213042
1.341415
1.483230
1.130301
1.121203
1.219473
1.215015
1.265844
1.131706
1.108212
1.213572
1.251574
1.081619
1.277997
1.167392
1.045855
1.094630
1.170161
1.295945
1.298754
1.232030
1.256361
1.201260
1.232157
1.071860
1.575942
0.985315
1.028157
1.212504
1.130571
1.131444
1.160876
1.244932
1.164384
1.126457
1.305932
1.237362
1.143011
1.049401
1.344296
1.211647
1.330561
1.095237
1.229296
1.226121
1.380776
1.178635
1.351550
0.948960
1.120419
1.160283
1.170576
1.193805
1.287104
1.205431
1.283022
1.242650
1.099568
1.181848
1.439664
1.332004
1.128504
1.316409
1.266858
1.259601
1.186285
1.249083
1.253358
1.146180
1.243647
1.130412
1.243929
1.416662
1.380343
1.240912
1.279364
1.104631
1.387316
1.086281
1.158246
1.294104
1.100870
1.343925
1.175797
1.219212
1.527623
1.262986
1.120690
0.937375
1.219551
1.178474
1.363995
1.181228
1.268024
1.067032
1.279681
1.075581
1.455596
1.239460
1.173220
1.283141
1.303771
1.220907
1.164028
1.177173
1.118897
1.296841
1.146147
1.210695
1.048187
1.384820
1.055255
1.311835
1.277486
1.183228
1.398439
1.192027
1.237340
1.037859
1.341275
1.235901
1.286686
1.318389
1.233010
1.065571
1.296491
1.339613
1.374822
1.078490
1.146328
1.070806
1.314674
1.234475
1.213070
1.197814
1.546243
1.074555
1.496601
1.247892
1.178181
1.213568
1.339558
1.209539
1.211823
1.413920
1.279615
1.191081
1.075760
1.313916
1.132538
1.319574
1.514782
1.164572
1.074777
1.183210
1.088568
1.295867
1.505746
1.164924
1.196404
1.138999
1.198753
1.187660
1.336848
1.104921
1.297733
1.300998
1.069850
1.127671
1.278587
1.217043
1.268816
1.362301
1.404627
1.056223
1.385005
1.094225
1.222335
1.213307
1.139194
1.125552
1.173068
1.157374
1.263162
1.275797
1.191705
1.123292
1.007961
1.235569
1.278486
1.115228
1.242002
1.319335
1.188398
1.141380
1.035432
1.289311
1.191162
1.071674
1.260492
1.307003
0.963612
1.258592
1.164816
1.364629
1.472455
1.252979
1.339213
1.375590
1.335325
1.443886
1.435026
1.231492
1.302627
1.134649
0.891924
1.192337
1.073410
1.046127
1.146839
1.181191
1.346871
1.160804
1.215717
1.151658
1.048105
1.021591
1.228299
1.195265
1.047106
1.256205
1.276740
1.229155
1.345288
0.921296
1.218419
1.330383
1.239012
1.153074
1.302018
1.428341
1.187340
1.197329
1.084707
1.150458
0.986766
1.341377
1.375766
1.235269
1.116853
1.327554
1.121658
1.403464
1.220568
1.324263
1.290733
1.163631
1.067907
1.346315
1.276501
1.197235
1.093126
1.293073
1.363698
1.280318
1.049537
1.136543
1.184654
1.271757
1.114268
1.019220
1.437199
1.169345
1.419000
1.320920
1.316983
1.044216
1.126120
1.147899
1.129919
1.183894
1.186643
1.139046
1.353087
1.084686
1.079103
1.285347
1.328668
1.300953
1.272348
1.037269
1.184477
1.478829
1.219803
1.198323
1.263376
1.064477
1.276686
1.094578
1.034451
1.323216
1.261304
1.288229
1.298934
1.231178
1.381759
1.237418
1.287198
1.140775
1.309628
0.991279
0.947510
1.171972
1.353342
1.186304
1.400139
1.181124
1.081518
1.281447
1.221194
1.261068
1.159277
1.346872
1.194908
1.053723
1.213608
1.285261
1.293708
1.133643
1.462869
1.240120
1.327220
1.057062
1.123718
1.238884
1.144901
1.467086
1.195399
1.348836
1.187492
1.125033
1.218023
1.281482
1.003538
1.101770
1.143410
1.216865
1.399274
1.264756
1.259870
1.153492
1.079732
1.364405
1.021824
1.158715
1.196688
1.114525
1.346994
1.182040
1.300328
1.360694
1.000196
1.282714
1.254757
1.246333
1.020084
1.151165
1.343529
1.355340
1.309394
1.346403
1.155828
1.081249
1.143548
1.021392
1.132469
1.119202
1.152718
1.106534
1.241585
1.407947
1.542531
1.309507
1.116985
1.009169
1.457992
1.186718
1.115144
1.224781
1.215892
0.925625
1.279372
1.106241
1.289238
1.279045
1.207939
1.157400
1.371671
1.354321
1.518852
1.387607
1.105685
1.280568
1.211162
1.209579
1.265446
1.338534
1.144445
1.304571
1.171494
1.141633
1.060594
1.296135
1.234947
1.427422
1.272942
1.160287
1.079664
1.210067
1.139660
1.108288
1.299418
1.077680
1.204079
1.035150
1.270199
1.151668
1.183258
0.982261
1.276232
1.217290
1.101934
1.456788
1.206657
1.264932
1.323412
1.372740
1.157703
1.172326
1.170349
1.276283
1.456984
1.354766
1.437855
1.220390
1.497487
1.097581
0.955587
1.322528
1.155002
1.155873
1.095104
1.057645
1.197767
1.377766
1.267721
1.362533
1.050362
1.131569
1.223884
1.191366
1.274751
1.495571
1.180805
1.164888
1.236343
1.092417
1.087616
1.182350
1.172725
1.166698
1.546376
1.266815
1.120135
1.136318
1.298339
1.346106
1.287729
1.009747
1.377599
1.438144
1.179732
1.321827
1.136754
1.448572
1.287362
1.016728
1.169453
1.222038
1.161245
0.976835
1.344072
1.215525
1.046328
1.281621
1.159889
1.249702
1.123183
1.082595
1.029808
1.132736
1.257487
1.267269
1.452378
1.221299
1.266551
1.320424
0.985075
