2.296216
2.324950
3.632000
2.336964
2.269498
2.299949
2.280855
2.203357
2.278306
2.303876
2.244204
2.249372
2.225708
2.277430
2.221424
2.226755
2.206244
2.129117
2.040476
2.131094
2.131646
1.936763
1.989095
1.913888
1.906124
1.825989
1.749218
1.731112
1.223753
1.117358
1.143937
0.911003
0.769118
0.850445
1.165122
0.934701
0.617806
0.765046
0.773144
0.783511
1.047457
0.504753
0.320174
0.357480
0.467460
0.377477
0.534735
0.680627
0.232047
0.778904
0.739223
0.315460
0.662949
0.389772
0.802885
0.285932
0.369526
0.383524
0.314363
0.278199
0.281157
0.200927
0.301820
0.162135
0.349372
0.930365
0.186447
0.307932
0.168173
0.545472
0.433642
0.317804
0.192955
0.260199
0.257680
0.301129
0.052246
0.493565
0.273273
0.322182
0.361761
0.521175
0.221428
0.146837
0.225719
0.379280
0.252329
0.136536
0.075079
0.359634
0.207817
0.205295
0.271120
0.088671
0.506092
0.219290
0.191447
0.289983
0.352923
0.592789
0.251965
0.274617
0.327993
0.105013
0.361713
0.240924
0.143606
0.154751
0.240654
0.237791
0.265138
0.253940
0.121811
0.308231
0.379576
0.118874
0.304114
0.385415
0.189307
0.110300
0.419227
0.324005
0.300615
0.298699
0.377939
0.167491
0.351661
0.169030
0.179702
0.264215
0.432053
0.306469
0.318242
0.391399
0.088030
0.097872
0.223607
0.110675
0.032683
0.187764
0.163527
0.194192
0.135880
0.530492
0.159157
0.448841
0.176760
0.243929
0.213454
0.344730
0.105432
0.446068
0.188318
0.174859
0.165791
0.083268
0.117750
0.138052
0.177264
0.130594
0.189061
0.520466
0.193912
0.111204
0.074888
0.212936
0.189718
0.132492
0.301756
0.064880
0.228392
0.155807
0.319592
0.199409
0.115887
0.305045
0.159610
0.385642
0.390106
0.092809
0.442677
0.139677
0.288373
0.098815
0.213269
0.067164
0.198181
0.082075
0.118964
0.162697
0.346171
0.056836
0.115612
0.217395
0.197727
0.133151
0.065564
0.232484
0.094448
0.128393
0.420342
0.093989
0.173876
0.247681
0.072319
0.276660
0.267073
0.482487
0.255371
0.133955
0.113246
0.087197
0.153134
0.371926
0.101784
0.301897
0.086317
0.108269
0.031627
0.160890
0.352229
0.210687
0.306062
0.122868
0.192838
0.281367
0.116816
0.263236
0.164022
0.342499
0.148769
0.289701
0.153642
0.158600
0.214988
0.122753
0.337390
0.336920
0.083659
0.372541
0.297093
0.049755
0.291449
0.143786
0.216110
0.131965
0.256982
0.133282
0.049684
0.307447
0.172243
0.270323
0.165568
0.203039
0.080484
0.205697
0.140826
0.196811
0.180404
0.086931
0.099041
0.177452
0.130613
0.228952
0.079016
0.064072
0.162994
0.064457
0.091795
0.096777
0.011568
0.069968
0.146021
0.190065
0.267869
0.075285
0.100849
0.094103
0.274518
0.055376
0.085877
0.070051
0.405329
0.177541
0.285249
0.571790
0.264289
0.303359
0.181287
0.044869
0.038631
0.311012
0.049032
0.077658
0.078259
0.273774
0.138315
0.152750
0.113274
0.198965
0.131576
0.137554
0.149221
0.187926
0.026200
0.073789
0.070308
0.056469
0.103206
0.070858
0.184453
0.260072
0.239294
0.273283
0.183082
0.101788
0.114279
0.163246
0.153037
0.150197
0.043114
0.185934
0.023959
0.197514
0.226456
0.250040
0.108054
0.057243
0.046188
0.063952
0.295886
0.305101
0.126411
0.469394
0.221179
0.105645
0.175519
0.031618
0.110417
0.252754
0.064579
0.166361
0.066793
0.065455
0.231687
0.172631
0.096375
0.130285
0.032558
0.059442
0.077089
0.101200
0.109777
0.148150
0.199444
0.197657
0.095189
0.098476
0.265542
0.226708
0.161100
0.173445
0.067881
0.193904
0.055343
0.261187
0.329943
0.129127
0.074440
0.204451
0.332666
0.192129
0.135407
0.230973
0.139379
0.194324
0.074400
0.076101
0.242573
0.057375
0.156744
0.057830
0.061872
0.091678
0.142978
0.019351
0.153040
0.039283
0.160838
0.056264
0.346987
0.115028
0.051039
0.120024
0.253316
0.021385
0.192738
0.170932
0.088001
0.070112
0.081675
0.062989
0.150467
0.068963
0.284748
0.135560
0.111133
0.043724
0.251855
0.139024
0.155216
0.046459
0.150731
0.122195
0.400423
0.223138
0.258084
0.174798
0.210000
0.194374
0.032499
0.097303
0.059395
0.085928
0.231213
0.104332
0.016995
0.195219
0.107763
0.112844
0.178218
0.046076
0.043891
0.175921
0.158497
0.154817
0.061267
0.169372
0.265847
0.090518
0.225753
0.235301
0.162031
0.085869
0.135377
0.140380
0.150416
0.076947
0.103072
0.113672
0.076504
0.111992
0.091737
0.080015
0.109680
0.027478
0.220957
0.216174
0.104502
0.228410
0.200956
0.066597
0.149867
0.132537
0.089855
0.030104
0.287257
0.072271
0.044412
0.095786
0.041335
0.160247
0.198979
0.099674
0.135482
0.120674
0.116872
0.044581
0.116352
0.105059
0.119448
0.062271
0.223844
0.093648
0.061637
0.377239
0.107597
0.423520
0.117412
0.369076
0.148441
0.023793
0.023841
0.058531
0.056669
0.143426
0.207274
0.147890
0.158235
0.176150
0.204518
0.059045
0.085337
0.290214
0.140826
0.037250
0.155017
0.063388
0.295050
0.046857
0.156660
0.454590
0.070991
0.037926
0.067508
0.293508
0.349110
0.119959
0.034421
0.060235
0.121477
0.063152
0.168866
0.016745
0.136839
0.153318
0.236857
0.056539
0.116990
0.110245
0.080840
0.028291
0.183535
0.050171
0.049446
0.124581
0.141767
0.082691
0.098630
0.222698
0.179821
0.031107
0.086512
0.281671
0.083476
0.073858
0.073875
0.068886
0.100192
0.257159
0.055275
0.038998
0.045093
0.099443
0.322666
0.160361
0.042563
0.067608
0.032462
0.105165
0.126448
0.036643
0.103619
0.125784
0.103426
0.092521
0.263105
0.168497
0.224805
0.121780
0.077201
0.400930
0.042718
0.263128
0.101550
0.213206
0.142454
0.201871
0.083959
0.086903
0.212892
0.175827
0.195955
0.018372
0.100441
0.252528
0.309981
0.051445
0.057071
0.140598
0.051608
0.161372
0.330386
0.277489
0.013976
0.025438
0.051959
0.134746
0.262297
0.121877
0.116864
0.015237
0.157898
0.029515
0.038326
0.221511
0.044609
0.103960
0.042176
0.031347
0.047806
0.030168
0.287988
0.048829
0.193630
0.025674
0.040571
0.060519
0.050323
0.081092
0.084856
0.397326
0.089993
0.073957
0.053656
0.075632
0.083745
0.179052
0.051417
0.183950
0.130755
0.059140
0.026827
0.188033
0.136922
0.088165
0.053377
0.232337
0.082123
0.087030
0.175265
0.079270
0.026105
0.115647
0.086442
0.143308
0.113453
0.321703
0.079715
0.288865
0.059691
0.094408
0.013383
0.063381
0.214530
0.050099
0.149755
0.083514
0.043186
0.059683
0.078792
0.377934
0.135122
0.199220
0.192395
0.253157
0.016243
0.253754
0.056217
0.234511
0.126863
0.073704
0.056109
0.126664
0.269147
0.049894
0.030195
0.150485
0.069994
0.037269
0.185980
0.349609
0.113065
0.043147
0.330039
0.039162
0.148026
0.090395
0.042062
0.024948
0.026121
0.095741
0.082039
0.095213
0.057544
0.099811
0.030871
0.197998
0.111453
0.139970
0.071545
0.221627
0.121484
0.026534
0.136134
0.016089
0.136329
0.170490
0.193386
0.252377
0.069208
0.154935
0.044073
0.147821
0.034872
0.033155
0.261035
0.041220
0.165268
0.035110
0.181431
0.058535
0.067542
0.190924
0.162736
0.106153
0.227262
0.219817
0.263994
0.052537
0.242813
0.294747
0.033071
0.160812
0.144809
0.026093
0.044857
0.247456
0.016599
0.036502
0.343123
0.147027
0.082331
0.054392
0.085385
0.041345
0.036681
0.021669
0.050624
0.151153
0.046462
0.063021
0.133795
0.117511
0.054880
0.024245
0.313141
0.092280
0.026227
0.028748
0.040268
0.107076
0.119074
0.132755
0.071498
0.055898
0.051607
0.024970
0.265992
0.045345
0.018857
0.009897
0.099365
0.095524
0.037365
0.369585
0.096885
0.159387
0.177612
0.088535
0.337752
0.025134
0.112998
0.059876
0.157195
0.091627
0.161342
0.146988
0.070291
0.071163
0.069537
0.166318
0.128471
0.035801
0.062615
0.169877
0.196724
0.019730
0.187939
0.061387
0.102138
0.021051
0.041814
0.117265
0.021126
0.065308
0.064670
0.115417
0.066506
0.048917
0.263377
0.194934
0.079691
0.047587
0.029062
0.021313
0.161893
0.080289
0.222304
0.157063
0.113279
0.122150
0.069177
0.069437
0.030273
0.079143
0.201585
0.033074
0.070129
0.057896
0.050008
0.170843
0.120802
0.041576
0.256384
0.364111
0.194903
0.024143
0.083809
0.044237
0.091681
0.085334
0.213520
0.015501
0.098986
0.080188
0.120082
0.132617
0.238967
0.153762
0.204531
0.017929
0.125045
0.195673
0.090751
0.117719
0.096297
0.079940
0.070720
0.048918
0.043837
0.032444
0.186458
0.266232
0.248402
0.281861
0.138476
0.203773
0.128783
0.370325
0.145530
0.039134
0.319700
0.114389
0.089283
0.127892
0.137521
0.057028
0.062497
0.108226
0.035453
0.064692
0.073972
0.098558
0.025903
0.059891
0.017237
0.052541
0.052573
0.172629
0.011150
0.019242
0.068556
0.211876
0.129988
0.008918
0.161469
0.005272
0.110725
0.121703
0.012440
0.023714
0.044205
0.100128
0.075699
0.149613
0.219670
0.104951
0.126369
0.098942
0.097227
0.198030
0.105778
0.068343
0.256687
0.112060
0.322769
0.185951
0.190914
0.183759
0.038046
0.067579
0.162224
0.037015
0.030379
0.095744
0.060908
0.086445
0.077495
0.067171
0.077846
0.156142
0.143399
0.183284
0.064122
0.142394
0.056000
0.095548
0.022650
0.079705
0.267173
0.163785
0.018152
0.066897
0.017163
0.111826
0.026004
0.084453
0.040621
0.178381
0.010196
0.031274
0.107819
0.074450
0.257708
0.026775
0.066977
0.130458
0.080420
0.066072
0.077861
0.203813
0.174960
0.137717
0.112381
0.056181
0.225627
0.038393
0.022664
0.019960
0.045046
0.131484
0.040392
0.127146
0.029748
0.141791
0.015200
0.049389
0.050505
0.108752
0.078193
0.151826
0.082857
0.252504
0.037452
0.022777
0.019078
0.044570
0.050718
0.180568
0.141146
0.039406
0.050836
0.115135
0.031486
0.191852
0.115872
0.029833
0.106770
0.016390
0.007476
0.133227
0.271639
0.084353
0.047984
0.221507
0.081811
0.236522
0.046353
0.054640
0.015951
0.048320
0.230779
0.157264
0.043405
0.053316
0.317243
0.067184
0.176429
0.106314
0.450994
0.038193
0.162811
0.115230
0.121845
0.144197
0.186896
0.077529
0.027506
0.033461
0.032847
0.056653
0.073849
0.126922
0.059634
0.270671
0.097948
0.526035
0.141528
0.013548
0.058239
0.083054
0.021805
0.197804
0.097331
0.095750
0.079940
0.137850
0.095931
0.064615
0.254469
0.093286
0.105028
0.145377
0.055613
0.033086
0.120963
0.109664
0.195058
0.065876
0.071577
0.153132
0.060122
0.183839
0.015744
0.213079
0.143911
0.066326
0.071860
0.105053
0.022369
0.173848
0.069970
0.019080
0.029589
0.100414
0.189468
0.244365
0.084787
0.080322
0.083662
0.013685
0.307952
0.011518
0.064648
0.073111
0.172080
0.115277
0.008390
0.046650
0.022506
0.027559
0.159730
0.265487
0.087105
0.025483
0.065491
0.057162
0.106752
0.069442
0.019480
0.085220
0.080331
0.022189
0.148926
0.221293
0.226142
0.192699
0.160225
0.049559
0.096603
0.034339
0.215909
0.169993
0.152125
0.061844
0.185265
0.029952
0.024529
0.049724
0.169616
0.133732
0.035652
0.034624
0.058506
0.184071
0.014346
0.320164
0.118252
0.135558
0.031148
0.259250
0.030039
0.012402
0.234342
0.100310
0.049250
0.012753
0.133256
0.041242
0.087349
0.155818
0.025039
0.021418
0.165857
0.082455
0.048816
0.095236
0.046667
0.080939
0.042533
0.501293
0.107347
0.294726
0.173561
0.199477
0.226667
0.027850
0.141228
0.018600
0.120366
0.117744
0.081447
0.314312
0.075992
0.090767
0.063387
0.012370
0.143754
0.086611
0.110892
0.049741
0.305061
0.097862
0.151616
0.042735
0.075197
0.065520
0.156283
0.151794
0.192204
0.076855
0.022561
0.017617
0.047072
0.130742
0.097523
0.178202
0.008543
0.135350
0.030634
0.020578
0.053390
0.152600
0.049693
0.048794
0.089599
0.103014
0.103533
0.039229
0.113803
0.108206
0.016022
0.078553
0.101877
0.044620
0.085965
0.026617
0.034187
0.162215
0.056077
0.117625
0.220333
0.139404
0.024448
0.238440
0.017475
0.060634
0.065822
0.132305
0.141726
0.236575
0.061011
0.059107
0.213894
0.037574
0.029032
0.076168
0.166555
0.013647
0.047342
0.199577
0.029679
0.090669
0.150249
0.022792
0.054298
0.094718
0.011545
0.114121
0.158281
0.042978
0.113320
0.064440
0.028723
0.133414
0.071266
0.038714
0.021202
0.072424
0.163746
0.099054
0.204827
0.048335
0.089606
0.075502
0.016895
0.036131
0.305845
0.317932
0.026098
0.207278
0.031162
0.129138
0.148299
0.049606
0.105510
0.092926
0.146974
0.086388
0.044870
0.048472
0.021546
0.120967
0.112060
0.033442
0.288111
0.341168
0.024158
0.086237
0.109255
0.079319
0.024625
0.026563
0.015292
0.312310
0.095435
0.105976
0.034560
0.021355
0.048604
0.108333
0.042204
0.137522
0.025176
0.031327
0.010994
0.025508
0.132495
0.059804
0.345104
0.043970
0.035834
0.265796
0.169754
0.189724
0.177276
0.010545
0.089684
0.100120
0.065715
0.020176
0.068897
0.061687
0.009133
0.282816
0.076024
0.066078
0.150340
0.041147
0.076148
0.019679
0.102172
0.227084
0.125106
0.030818
0.119053
0.216811
0.405722
0.030677
0.067813
0.019483
0.110217
0.091250
0.026834
0.121155
0.159992
0.054683
0.320784
0.156335
0.220230
0.110912
0.019020
0.146615
0.016340
0.050761
0.180471
0.220059
0.220303
0.148160
0.006895
0.086077
0.023062
0.085295
0.140644
0.020050
0.054100
0.084169
0.083289
0.178639
0.172175
0.037525
0.012350
0.142035
0.066280
0.218407
0.024910
0.013398
0.026472
0.065577
0.042992
0.036720
0.174923
0.137756
0.162838
0.067025
0.092917
0.013367
0.018144
0.017109
0.062630
0.011707
0.052627
0.167659
0.059390
0.038099
0.072098
0.058143
0.172543
0.149709
0.415203
0.027585
0.032742
0.021405
0.035605
0.006240
0.040990
0.029382
0.061804
0.037449
0.187271
0.034694
0.029740
0.116469
0.228887
0.039732
0.021211
0.106460
0.227409
0.057639
0.026224
0.232676
0.025260
0.187832
0.082828
0.289786
0.071447
0.041260
0.217044
0.018862
0.128921
0.025194
0.105991
0.023730
0.028762
0.088220
0.018291
0.022352
0.027184
0.166085
0.055175
0.079211
0.035707
0.016381
0.336460
0.037945
0.048825
0.042195
0.049945
0.218858
0.026090
0.105892
0.105663
0.195304
0.314025
0.062895
0.076889
0.014581
0.094336
0.164254
0.030601
0.121076
0.062441
0.065814
0.046755
0.017128
0.028774
0.130044
0.063932
0.023090
0.245164
0.053109
0.067015
0.091494
0.018191
0.091316
0.044491
0.030959
0.015580
0.131446
0.227727
0.115107
0.087142
0.061405
0.093023
0.070577
0.121446
0.017829
0.059662
0.033538
0.084046
0.018124
0.255671
0.179196
0.048844
0.037624
0.190867
0.036043
0.249050
0.026682
0.120072
0.010350
0.162056
0.177668
0.204708
0.041380
0.033432
0.096920
0.077168
0.207208
0.317592
0.147378
0.100764
0.115106
0.032292
0.016194
0.176336
0.089938
0.354369
0.064781
0.033321
0.113641
0.060247
0.041925
0.017559
0.036358
0.026662
0.111157
0.034138
0.027060
0.018598
0.058946
0.077304
0.032819
0.188570
0.119532
0.010935
0.071019
0.178842
0.058605
0.010038
0.099790
0.182028
0.184953
0.033477
0.019740
0.020358
0.052803
0.104833
0.303216
0.197460
0.047307
0.132831
0.034815
0.016108
0.078427
0.160066
0.086993
0.049911
0.163541
0.041679
0.028395
0.018172
0.174252
0.279997
0.029994
0.018508
0.209219
0.223902
0.178046
0.009685
0.040353
0.024117
0.036334
0.083688
0.018217
0.242169
0.150734
0.040525
0.005838
0.161485
0.165998
0.069325
0.011418
0.070723
0.045631
0.209526
0.272028
0.068925
0.061356
0.158431
0.061895
0.075506
0.037356
0.077725
0.103170
0.132291
0.104922
0.021617
0.035622
0.093520
0.094945
0.027382
0.024864
0.120092
0.033599
0.010180
0.048705
0.093807
0.114664
0.037902
0.060915
0.081034
0.167602
0.097616
0.084153
0.044114
0.046185
0.023178
0.202870
0.090860
0.096158
0.183407
0.019657
0.047608
0.070225
0.079827
0.017375
0.042658
0.154073
0.039084
0.142122
0.020709
0.091940
0.060458
0.161601
0.137877
0.102590
0.059072
0.021210
0.175940
0.133012
0.009874
0.100916
0.378759
0.051044
0.106742
0.077218
0.060922
0.049478
0.033050
0.047950
0.043553
0.045264
0.103802
0.208733
0.017615
0.096089
0.182808
0.212345
0.191812
0.024508
0.178190
0.075796
0.104407
0.071225
0.022437
0.034728
0.243709
0.102108
0.018285
0.181388
0.071174
0.038906
0.145365
0.073171
0.145896
0.176475
0.068409
0.008778
0.044902
0.101433
0.114846
0.134812
0.039671
0.081444
0.196798
0.072448
0.058332
0.154572
0.029794
0.016548
0.225773
0.080102
0.025084
0.207999
0.056128
0.007465
0.039654
0.007638
0.089446
0.069241
0.137227
0.128039
0.052398
0.018958
0.033681
0.044998
0.147925
0.021813
0.309120
0.384979
0.023757
0.148533
0.009336
0.121291
0.076144
0.182431
0.122462
0.047665
0.014858
0.104472
0.190869
0.108112
0.130898
0.094982
0.104040
0.037591
0.069069
0.160587
0.018912
0.014756
0.076519
0.027741
0.020191
0.013279
0.039350
0.091654
0.170871
0.035776
0.036559
0.032085
0.017024
0.096913
0.040171
0.013334
0.029220
0.238826
0.141502
0.083027
0.081543
0.051857
0.007622
0.115729
0.057906
0.095741
0.057260
0.164136
0.023265
0.044730
0.116419
0.197601
0.012323
0.061514
0.090157
0.057470
0.146498
0.071984
0.011102
0.033579
0.220429
0.125466
0.029939
0.027359
0.099981
0.217150
0.037400
0.057198
0.205661
0.057787
0.051468
0.023780
0.194967
0.223072
0.109626
0.028171
0.101992
0.013204
0.048858
0.102594
0.017891
0.077478
0.024238
0.276905
0.063412
0.092278
0.059498
0.348694
0.090041
0.010340
0.032960
0.152633
0.320215
0.100866
0.118192
0.103501
0.230552
0.021283
0.102616
0.400158
0.135328
0.032094
0.069069
0.025209
0.189659
0.046566
0.041650
0.047013
0.007716
0.041730
0.069048
0.145381
0.067298
0.048617
0.101608
0.197242
0.056093
0.133513
0.028782
0.088379
0.036836
0.021117
0.099521
0.115259
0.040077
0.043798
0.072080
0.049844
0.033611
0.129088
0.155667
0.115066
0.019671
0.059839
0.042246
0.167808
0.030964
0.043149
0.093399
0.111792
0.105014
0.222644
0.211051
0.198497
0.018958
0.074718
0.032852
0.035436
0.019299
0.110142
0.121027
0.079718
0.069387
0.132294
0.073100
0.018755
0.217212
0.170360
0.041670
0.078534
0.066219
0.087597
0.032504
0.037687
0.417858
0.112007
0.055256
0.094445
0.098918
0.012710
0.045822
0.035266
0.036971
0.039600
0.109003
0.031428
0.172077
0.032529
0.038466
0.088313
0.074545
0.022866
0.182339
0.108706
0.035779
0.028548
0.117504
0.100190
0.026023
0.115067
0.078653
0.208384
0.076312
0.005990
0.045616
0.008965
0.128484
0.012159
0.052937
0.019359
0.013346
0.075965
0.019447
0.117990
0.112290
0.024236
0.058340
0.027259
0.132755
0.206872
0.108308
0.030109
0.056477
0.043837
0.034522
0.044520
0.090874
0.412492
0.098161
0.050465
0.027163
0.176691
0.034383
0.082291
0.015349
0.052396
0.087598
0.225927
0.131232
0.023095
0.104042
0.204324
0.267105
0.193315
0.238141
0.056475
0.028628
0.077322
0.007486
0.008409
0.034453
0.123123
0.039101
0.092329
0.012960
0.023289
0.212884
0.033029
0.249868
0.175706
0.052734
0.021199
0.028747
0.016456
0.106567
0.018221
0.019648
0.025029
0.092048
0.082644
0.040737
0.146769
0.078212
0.062670
0.046458
0.069601
0.048995
0.068286
0.131935
0.034412
0.124962
0.079738
0.015850
0.047362
0.032579
0.209929
0.128413
0.019307
0.020514
0.024607
0.141394
0.047171
0.023078
0.121153
0.035173
0.009042
0.122644
0.072091
0.026270
0.024297
0.178123
0.037451
0.033769
0.092857
0.090046
0.043789
0.193182
0.022570
0.124895
0.032921
0.045994
0.010124
0.020228
0.063685
0.034522
0.021102
0.020967
0.026004
0.144507
0.195315
0.038967
0.036752
0.173450
0.019110
0.189928
0.045903
0.049710
0.034502
0.151640
0.020355
0.077853
0.036945
0.020839
0.114890
0.059489
0.015745
0.022447
0.176305
0.075485
0.052551
0.041563
0.240195
0.074600
0.013553
0.238248
0.067966
0.114284
0.050097
0.020547
0.093565
0.011390
0.043625
0.030532
0.287230
0.020945
0.216861
0.030422
0.033401
0.067174
0.025518
0.090417
0.026906
0.029628
0.034474
0.021767
0.214760
0.110210
0.019390
0.143976
0.012399
0.216552
0.101642
0.026603
0.307553
0.069627
0.074229
0.026598
0.081308
0.029421
0.185969
0.034516
0.198891
0.090881
0.043851
0.078989
0.192178
0.102964
0.005109
0.031034
0.179314
0.025760
0.010209
0.046416
0.090360
0.018442
0.103157
0.013221
0.017219
0.021168
0.134757
0.255363
0.036697
0.017098
0.010428
0.361292
0.187107
0.015488
0.015705
0.147630
0.066234
0.073326
0.128836
0.106683
0.056548
0.057303
0.392417
0.152439
0.121913
0.410015
0.102764
0.196047
0.091294
0.050443
0.018901
0.010247
0.058295
0.089219
0.008745
0.069653
0.023693
0.331590
0.092077
0.091148
0.122817
0.025373
0.063980
0.171792
0.103460
0.097006
0.007231
0.153566
0.054952
0.259242
0.022379
0.037762
0.007897
0.107034
0.093974
0.028730
0.194934
0.059103
0.175568
0.117970
0.069670
0.124195
0.041286
0.030849
0.019816
0.067287
0.209619
0.078699
0.027346
0.105632
0.132316
0.008253
0.100298
0.022960
0.086197
0.023363
0.074478
0.095952
0.017703
0.193006
0.341613
0.029891
0.067024
0.065910
0.008028
0.107785
0.032852
0.003989
0.045187
0.282257
0.043959
0.064244
0.070134
0.070608
0.187258
0.056274
0.051033
0.036154
0.143582
0.182583
0.073784
0.025269
0.037135
0.150578
0.008277
0.137003
0.040270
0.052878
0.065114
0.044032
0.096027
0.087502
0.112083
0.117803
0.068709
0.100720
0.050054
0.080095
0.289191
0.196047
0.013835
0.162819
0.011734
0.045149
0.091570
0.141782
0.207044
0.031816
0.095165
0.024890
0.146816
0.019915
0.044977
0.010506
0.224904
0.053400
0.184341
0.043323
0.173101
0.078263
0.084266
0.045050
0.042980
0.020266
0.049265
0.024560
0.087713
0.086506
0.048453
0.179141
0.084653
0.172870
0.011671
0.083202
0.218970
0.134023
0.074304
0.407461
0.213478
0.033199
0.107031
0.047255
0.022613
0.056401
0.017916
0.015401
0.025043
0.066918
0.060079
0.048502
0.024969
0.022673
0.121262
0.082063
0.054448
0.069653
0.013257
0.057122
0.023140
0.177955
0.016107
0.019090
0.023932
0.137472
0.082026
0.058633
0.153858
0.026452
0.005654
0.026721
0.113006
0.132138
0.030990
0.021637
0.023564
0.056090
0.081911
0.010093
0.146925
0.064163
0.008400
0.053658
0.011791
0.129739
0.158910
0.081812
0.047916
0.026722
0.183626
0.219693
0.119681
0.031363
0.085405
0.017472
0.217337
0.147760
0.098868
0.040331
0.014632
0.094797
0.064032
0.023416
0.214116
0.025714
0.029617
0.045445
0.042929
0.121585
0.035289
0.083522
0.237528
0.081746
0.147593
0.052910
0.021044
0.110911
0.297266
0.043486
0.042933
0.005253
0.036470
0.053757
0.049800
0.041272
0.039690
0.015545
0.104288
0.082448
0.141009
0.109933
0.102136
0.058003
0.126666
0.173152
0.435397
0.013561
0.007496
0.028682
0.175314
0.022972
0.012868
0.094407
0.146511
0.047006
0.156123
0.085134
0.077891
0.113257
0.123107
0.066940
0.041416
0.144879
0.019492
0.016469
0.014262
0.015792
0.020940
0.031846
0.027469
0.083041
0.011375
0.258514
0.019716
0.129171
0.073373
0.068488
0.176787
0.118653
0.050253
0.235508
0.046166
0.123528
0.070461
0.014852
0.202407
0.021431
0.051825
0.218981
0.012819
0.035443
0.036468
0.009161
0.139295
0.099666
0.067233
0.052153
0.108374
0.058941
0.025722
0.092508
0.025820
0.060826
0.043699
0.093385
0.148790
0.095251
0.021125
0.153298
0.016937
0.119482
0.008624
0.079214
0.068540
0.028495
0.034100
0.027501
0.085071
0.019559
0.060953
0.056335
0.080647
0.056553
0.233200
0.026437
0.060732
0.126331
0.216807
0.188430
0.053335
0.065905
0.059565
0.051660
0.095038
0.041079
0.051525
0.027346
0.011856
0.091584
0.101207
0.035212
0.014722
0.062628
0.084254
0.011065
0.127772
0.107418
0.246879
0.047992
0.079661
0.092480
0.008337
0.242127
0.026991
0.126219
0.032159
0.070327
0.015861
0.018898
0.125729
0.062462
0.015519
0.105729
0.176804
0.164350
0.047253
0.111109
0.012440
0.056285
0.079955
0.025050
0.065370
0.134726
0.021316
0.215270
0.143797
0.063282
0.110727
0.114206
0.022844
0.094875
0.052341
0.097067
0.011765
0.023606
0.013968
0.118761
0.233632
0.027018
0.043510
0.043776
0.129282
0.037773
0.173742
0.040221
0.013733
0.082617
0.103635
0.008649
0.024009
0.047628
0.179673
0.026570
0.074824
0.140573
0.031273
0.084432
0.111838
0.151444
0.009840
0.181933
0.270196
0.008762
0.104298
0.013326
0.162156
0.288221
0.082663
0.017465
0.136075
0.096768
0.016293
0.180899
0.261265
0.050548
0.142724
0.092511
0.051696
0.033352
0.080518
0.101271
0.032641
0.053984
0.024758
0.032035
0.011646
0.092984
0.061671
0.040014
0.042665
0.014626
0.022712
0.050486
0.102811
0.009566
0.011470
0.045864
0.127668
0.069085
0.055818
0.050732
0.006704
0.122772
0.073086
0.047476
0.061930
0.119491
0.160185
0.135781
0.011734
0.027498
0.049863
0.080816
0.130174
0.106470
0.109358
0.016700
0.013387
0.184130
0.081493
0.017517
0.140202
0.107942
0.058082
0.064271
0.094252
0.056824
0.044324
0.066484
0.012789
0.140342
0.026507
0.086014
0.034714
0.183826
0.196032
0.119156
0.192030
0.017799
0.101978
0.032384
0.078497
0.058800
0.013254
0.100898
0.037328
0.048631
0.008609
0.164778
0.084604
0.142666
0.097194
0.132114
0.007409
0.036333
0.073331
0.053222
0.007014
0.015261
0.005430
0.038990
0.026795
0.034305
0.192745
0.033895
0.079208
0.022599
0.047218
0.011589
0.015942
0.008844
0.095025
0.009925
0.199072
0.232186
0.024486
0.053771
0.025278
0.020036
0.015392
0.045424
0.068041
0.154672
0.025456
0.135367
0.046249
0.204058
0.035664
0.214516
0.204499
0.090291
0.040970
0.006571
0.024224
0.056789
0.122914
0.041444
0.067234
0.171042
0.137304
0.050529
0.077857
0.051371
0.080340
0.006305
0.048021
0.084374
0.275485
0.065549
0.025084
0.052788
0.111499
0.241669
0.026063
0.223277
0.034303
0.099885
0.028122
0.087543
0.083335
0.040323
0.036796
0.070885
0.123516
0.235375
0.090532
0.031600
0.088249
0.108426
0.051332
0.086401
0.053251
0.057177
0.174499
0.059065
0.171321
0.162013
0.068123
0.150681
0.213105
0.061071
0.115329
0.007752
0.162502
0.021221
0.020761
0.005498
0.009879
0.024789
0.081304
0.038094
0.172954
0.072944
0.038452
0.008723
0.355224
0.178637
0.022020
0.045402
0.010440
0.198699
0.011140
0.035761
0.145553
0.038092
0.060202
0.239988
0.012278
0.044724
0.077877
0.028088
0.093213
0.177370
0.125245
0.048900
0.031515
0.097497
0.049553
0.086017
0.023745
0.038286
0.026116
0.068404
0.009081
0.028387
0.119538
0.058242
0.027716
0.059765
0.100238
0.164017
0.188178
0.102811
0.105258
0.037712
0.157359
0.289787
0.038125
0.022322
0.094766
0.057047
0.027578
0.037710
0.050693
0.015499
0.070967
0.116554
0.014852
0.098395
0.070678
0.073210
0.078331
0.058550
0.138015
0.011517
0.040760
0.156221
0.130471
0.043186
0.049230
0.013864
0.037551
0.006764
0.038033
0.175727
0.200858
0.077480
0.051150
0.004840
0.041770
0.049239
0.108120
0.010649
0.091575
0.150508
0.029941
0.054793
0.022077
0.027608
0.093591
0.098155
0.099684
0.175139
0.088869
0.067119
0.101149
0.102138
0.142087
0.020587
0.054316
0.064818
0.046440
0.022009
0.118030
0.101620
0.239362
0.068198
0.031722
0.076511
0.320676
0.297610
0.011121
0.020221
0.041926
0.040133
0.026965
0.033073
0.041213
0.008777
0.096281
0.005704
0.073310
0.097420
0.037207
0.093149
0.153300
0.091963
0.053237
0.056590
0.023014
0.054749
0.166910
0.119503
0.099657
0.012351
0.016756
0.051148
0.025752
0.130642
0.117253
0.145136
0.103880
0.250622
0.011765
0.099583
0.012696
0.072613
0.086556
0.062491
0.061990
0.010283
0.123422
0.022523
0.027433
0.030267
0.166060
0.108689
0.021707
0.132430
0.077368
0.013476
0.019493
0.234002
0.143765
0.048910
0.026934
0.088453
0.144286
0.152303
0.051010
0.136216
0.017171
0.028168
0.037898
0.021838
0.064421
0.196911
0.289417
0.012761
0.063004
0.026057
0.099684
0.035746
0.061732
0.069301
0.145723
0.047438
0.206669
0.041320
0.036063
0.025597
0.044946
0.098438
0.102987
0.105450
0.146354
0.079717
0.114590
0.059058
0.045429
0.112522
0.047240
0.055861
0.145986
0.058107
0.107292
0.002786
0.008449
0.104134
0.026714
0.173879
0.140214
0.071711
0.069978
0.056168
0.157353
0.060391
0.040115
0.030846
0.047548
0.129426
0.161447
0.177024
0.030271
0.133709
0.094734
0.018463
0.066886
0.010566
0.031183
0.020854
0.046453
0.104887
0.008653
0.064586
0.032198
0.014276
0.046571
0.100749
0.130834
0.030333
0.010226
0.111588
0.203001
0.023624
0.025669
0.021321
0.035741
0.051637
0.084352
0.026300
0.018331
0.039193
0.095900
0.035450
0.105525
0.042397
0.270715
0.063593
0.023851
0.022973
0.009090
0.059314
0.050974
0.085884
0.098930
0.003861
0.025373
0.054735
0.162886
0.113498
0.015765
0.051379
0.024151
0.096483
0.037546
0.175084
0.101610
0.084176
0.111640
0.023057
0.037822
0.072368
0.007251
0.183722
0.113808
0.274172
0.063466
0.043515
0.105517
0.098434
0.082163
0.052366
0.018673
0.111260
0.140775
0.025484
0.024693
0.015715
0.059504
0.041117
0.025425
0.095833
0.017705
0.100768
0.008899
0.016488
0.043060
0.102768
0.066078
0.208626
0.167035
0.262463
0.283243
0.031460
0.025810
0.019580
0.015810
0.009565
0.036309
0.180238
0.014372
0.239847
0.004037
0.044651
0.016272
0.009448
0.046645
0.076139
0.019994
0.008975
0.094559
0.030651
0.041359
0.222627
0.098524
0.123129
0.040864
0.080708
0.166007
0.236501
0.073984
0.267271
0.006869
0.049204
0.135703
0.133434
0.045812
0.234160
0.003591
0.113274
0.089560
0.070680
0.136549
0.093440
0.021999
0.049118
0.130130
0.152212
0.104733
0.035351
0.085759
0.039414
0.020937
0.031958
0.020261
0.046104
0.054108
0.027724
0.020178
0.046480
0.018391
0.248131
0.036346
0.015765
0.003684
0.063123
0.373893
0.054462
0.128216
0.207536
0.080715
0.009236
0.086239
0.046668
0.077222
0.064782
0.014738
0.042094
0.158191
0.180145
0.038336
0.105039
0.030015
0.024991
0.004289
0.027103
0.024353
0.072587
0.065037
0.074681
0.080301
0.034274
0.013144
0.023628
0.075373
0.026380
0.037113
0.125589
0.029468
0.062795
0.041544
0.008104
0.141534
0.058882
0.035245
0.017434
0.022528
0.231557
0.019533
0.008175
0.085526
0.128216
0.015263
0.078658
0.166784
0.075098
0.008027
0.005160
0.105577
0.027657
0.144767
0.069797
0.010251
0.048569
0.241827
0.017553
0.132628
0.073994
0.013086
0.028714
0.302307
0.163864
0.031829
0.018938
0.073346
0.084632
0.034182
0.039819
0.100479
0.108873
0.025601
0.040569
0.036612
0.004167
0.038282
0.022641
0.017588
0.377289
0.091715
0.064511
0.064651
0.031064
0.114518
0.010632
0.150410
0.025899
0.134677
0.103235
0.118239
0.038436
0.175719
0.267503
0.017049
0.073253
0.108307
0.008081
0.080171
0.035697
0.064214
0.046001
0.051204
0.011058
0.142137
0.153505
0.027261
0.288075
0.037483
0.009628
0.010683
0.027574
0.032991
0.098313
0.274535
0.020898
0.004053
0.020862
0.184148
0.055746
0.023494
0.087802
0.135285
0.034329
0.122154
0.018892
0.041434
0.062952
0.083453
0.225395
0.167346
0.024766
0.172149
0.152478
0.047685
0.062619
0.154547
0.075719
0.024960
0.128241
0.127208
0.021543
0.011793
0.041342
0.207298
0.067393
0.031321
0.034098
0.042889
0.112281
0.170058
0.128810
0.035595
0.214705
0.008835
0.063312
0.019405
0.024203
0.101153
0.007180
0.012126
0.117518
0.012348
0.101673
0.201547
0.017742
0.135152
0.045584
0.015235
0.068138
0.048753
0.068253
0.137724
0.026143
0.064053
0.068424
0.051077
0.083027
0.046303
0.157546
0.096012
0.039231
0.091949
0.021551
0.010618
0.018856
0.050954
0.062050
0.052933
0.013309
0.078656
0.092022
0.046373
0.081112
0.007596
0.026630
0.030114
0.042003
0.019489
0.009611
0.325731
0.009591
0.103096
0.120656
0.090928
0.039679
0.092899
0.120542
0.038030
0.047121
0.026561
0.167734
0.042776
0.020972
0.098203
0.004971
0.018493
0.066358
0.112028
0.081669
0.067740
0.022600
0.052264
0.010944
0.073388
0.023212
0.069450
0.103748
0.010659
0.015775
0.199836
0.127767
0.025655
0.025946
0.026523
0.038375
0.006993
0.043451
0.144458
0.155127
0.011289
0.094190
0.124982
0.187814
0.073225
0.371097
0.107480
0.059354
0.059104
0.074180
0.173165
0.024440
0.121674
0.090600
0.007642
0.004794
0.038685
0.014314
0.027563
0.009184
0.008212
0.057111
0.011059
0.146135
0.057918
0.092589
0.024342
0.013922
0.042303
0.205627
0.023620
0.074307
0.074493
0.063474
0.088914
0.035282
0.112767
0.457098
0.057365
0.091074
0.150186
0.047344
0.009055
0.059030
0.138083
0.132698
0.014493
0.154985
0.151122
0.011633
0.065863
0.182494
0.012620
0.086706
0.013510
0.168485
0.023757
0.033405
0.092369
0.049927
0.101648
0.017353
0.026775
0.021820
0.075904
0.099759
0.013641
0.300568
0.298882
0.071346
0.120633
0.107772
0.079006
0.133870
0.138125
0.038212
0.079924
0.034099
0.051150
0.049077
0.139338
0.116534
0.043384
0.081064
0.071151
0.020368
0.036340
0.077794
0.029129
0.041123
0.067485
0.036101
0.052229
0.037223
0.063013
0.053387
0.051233
0.133599
0.124352
0.025398
0.019122
0.201275
0.214459
0.045773
0.054000
0.016647
0.103245
0.119800
0.014918
0.018237
0.011241
0.112687
0.054546
0.158140
0.041565
0.027674
0.009508
0.054409
0.072938
0.033817
0.011933
0.057760
0.021386
0.238115
0.010998
0.226404
0.024377
0.106732
0.162224
0.017915
0.124046
0.231447
0.063423
0.016700
0.123250
0.038168
0.155827
0.127166
0.083992
0.166313
0.063483
0.049755
0.074566
0.091738
0.056650
0.020213
0.229338
0.082679
0.153788
0.158361
0.051423
0.080664
0.044912
0.067906
0.037511
0.092825
0.074578
0.084051
0.018421
0.137206
0.077325
0.115657
0.015226
0.020078
0.034409
0.101826
0.080417
0.075274
0.004430
0.058621
0.045650
0.014690
0.022433
0.021242
0.021300
0.006353
0.104861
0.116093
0.023699
0.030548
0.076063
0.009192
0.081558
0.087995
0.021428
0.070341
0.108230
0.021711
0.095355
0.088882
0.094234
0.024926
0.024205
0.117962
0.010045
0.056500
0.113695
0.069027
0.045242
0.008596
0.041016
0.277963
0.098710
0.024254
0.019211
0.014031
0.014858
0.050377
0.053382
0.013811
0.007832
0.039773
0.045698
0.032848
0.196404
0.221558
0.087714
0.099461
0.077148
0.032390
0.062068
0.170009
0.039464
0.095834
0.047917
0.012495
0.012300
0.086839
0.075618
0.031331
0.100528
0.006205
0.034488
0.034266
0.099926
0.010346
0.052274
0.016528
0.046040
0.118399
0.018623
0.106718
0.344210
0.007000
0.014220
0.006981
0.288876
0.015098
0.004204
0.005516
0.230580
0.102606
0.021935
0.035633
0.046614
0.107101
0.447442
0.014275
0.018704
0.200420
0.006287
0.025552
0.043131
0.013787
0.013685
0.157378
0.242647
0.045466
0.057961
0.103443
0.045243
0.094127
0.053187
0.079369
0.009005
0.008279
0.030056
0.066012
0.046312
0.018388
0.144544
0.086057
0.042415
0.060204
0.048743
0.134656
0.016215
0.096025
0.030860
0.023887
0.112674
0.072614
0.125356
0.174953
0.029614
0.115597
0.031642
0.175199
0.154526
0.060718
0.129005
0.056136
0.121866
0.054733
0.036983
0.080988
0.032127
0.069996
0.033849
0.010963
0.007218
0.222319
0.031901
0.015414
0.056728
0.130539
0.019027
0.105199
0.025684
0.033080
0.061183
0.150329
0.023629
0.058141
0.047520
0.033186
0.137840
0.288888
0.011602
0.137803
0.065957
0.114539
0.008685
0.041329
0.170162
0.140485
0.004650
0.066648
0.030579
0.076503
0.030307
0.098538
0.133299
0.120751
0.087759
0.027809
0.022305
0.081964
0.011796
0.021244
0.012580
0.162540
0.037168
0.029527
0.021546
0.027777
0.118934
0.121910
0.147801
0.024560
0.292931
0.044851
0.029523
0.007268
0.027358
0.022046
0.009802
0.192974
0.040686
0.040019
0.026769
0.099871
0.003585
0.103522
0.154115
0.025107
0.020128
0.142641
0.011170
0.046310
0.020190
0.013606
0.013325
0.003155
0.150432
0.058076
0.061526
0.055794
0.302728
0.027087
0.020728
0.132580
0.026010
0.006908
0.014853
0.031287
0.017721
0.071646
0.109437
0.192778
0.006262
0.022857
0.012122
0.035804
0.012143
0.113504
0.138579
0.064834
0.062405
0.027720
0.188352
0.067346
0.133809
0.095545
0.017665
0.058083
0.066577
0.023018
0.156764
0.149852
0.006148
0.026849
0.080966
0.373857
0.041685
0.012172
0.116135
0.091023
0.046672
0.026227
0.176922
0.008363
0.255042
0.016488
0.094214
0.029902
0.060972
0.092155
0.062845
0.206894
0.174251
0.191984
0.015874
0.061578
0.091792
0.077388
0.072634
0.016304
0.044360
0.046789
0.061171
0.021363
0.029576
0.132091
0.088987
0.018837
0.046115
0.022109
0.095616
0.051919
0.019845
0.090176
0.020068
0.029927
0.079096
0.074777
0.048322
0.135539
0.015194
0.018112
0.127528
0.103885
0.003825
0.019683
0.120930
0.087912
0.079825
0.109482
0.011805
0.032198
0.013410
0.157713
0.011621
0.271421
0.037159
0.113633
0.016074
0.163983
0.108769
0.103809
0.157959
0.169782
0.243197
0.078752
0.052188
0.019331
0.044169
0.032441
0.018701
0.228463
0.020343
0.016027
0.036026
0.026422
0.111080
0.080081
0.013452
0.101268
0.009044
0.087057
0.073921
0.211665
0.103050
0.064227
0.157870
0.017801
0.004743
0.169619
0.014516
0.019196
0.049962
0.019813
0.013492
0.024386
0.033202
0.040327
0.168955
0.078189
0.014699
0.055664
0.009097
0.231725
0.105464
0.270695
0.097450
0.014645
0.164784
0.062329
0.010122
0.089067
0.023814
0.095063
0.017866
0.234174
0.061548
0.082919
0.121963
0.006289
0.042667
0.014182
0.219733
0.009939
0.107452
0.043296
0.054521
0.006095
0.062925
0.043001
0.041525
0.044744
0.180910
0.021477
0.052840
0.072463
0.055599
0.029167
0.015131
0.098832
0.044008
0.047159
0.035351
0.236752
0.007250
0.011655
0.183513
0.136335
0.146592
0.166429
0.010522
0.091151
0.065927
0.031927
0.012915
0.280098
0.019792
0.051705
0.064678
0.051145
0.106939
0.029884
0.036398
0.016111
0.047091
0.131611
0.021710
0.145718
0.067556
0.046279
0.013273
0.166401
0.037043
0.142413
0.018355
0.066965
0.007657
0.034871
0.157589
0.109992
0.074381
0.080695
0.009131
0.043375
0.081563
0.028203
0.093409
0.069417
0.028918
0.040278
0.061964
0.050235
0.085518
0.008034
0.077435
0.038740
0.054841
0.189597
0.178448
0.031359
0.006819
0.106163
0.018897
0.047911
0.019630
0.146217
0.141938
0.070291
0.059617
0.012293
0.018058
0.051533
0.068993
0.027859
0.012619
0.019212
0.102529
0.042604
0.076407
0.034443
0.065796
0.119033
0.076491
0.084378
0.020856
0.394836
0.018001
0.075066
0.020564
0.163717
0.058822
0.196481
0.044246
0.052058
0.121683
0.027722
0.071564
0.018660
0.005104
0.051005
0.030799
0.020266
0.073246
0.005248
0.007404
0.097745
0.146007
0.124586
0.012621
0.125817
0.033520
0.014293
0.017584
0.138751
0.041211
0.078453
0.088888
0.123911
0.231149
0.161654
0.013282
0.016000
0.004860
0.031659
0.059036
0.033710
0.038797
0.032498
0.161371
0.077530
0.028032
