2.381137
2.215037
2.167038
2.150049
2.000272
2.016706
2.028096
2.067054
1.985386
2.068736
1.845232
1.943424
1.779356
1.805444
1.739904
1.758337
1.826511
1.825423
1.631988
1.685941
1.918744
1.646446
1.857172
1.771181
1.845935
1.809161
1.877726
1.832090
1.749315
1.808260
1.695275
1.865249
1.721739
1.754015
1.778122
1.683504
1.739128
1.576095
1.914855
1.660906
1.526563
1.576424
1.786562
1.591974
1.635392
1.765353
1.799427
1.541501
1.599270
1.677347
1.772254
1.656763
1.668207
1.704362
1.576786
1.710449
1.633443
1.546275
1.770677
1.534476
1.539762
1.612342
1.596267
1.497344
1.656487
1.467296
1.830478
1.583363
1.648219
1.684968
1.477095
1.434869
1.566875
1.693794
1.630293
1.453454
1.500496
1.797563
1.859781
1.594532
1.372629
1.573098
1.576541
1.382487
1.632092
1.530168
1.672742
1.600846
1.629689
1.634177
1.678504
1.512174
1.396203
1.651514
1.444830
1.661461
1.543731
1.488606
1.568949
1.297860
1.405010
1.581047
1.684827
1.401150
1.543010
1.731312
1.542765
1.682733
1.469508
1.416399
1.715899
1.480920
1.524018
1.713439
1.442620
1.346278
1.550491
1.461319
1.849784
1.462236
1.322304
1.438848
1.393707
1.627174
1.645949
1.565878
1.813324
1.574753
1.496079
1.525380
1.479147
1.516251
1.788987
1.546377
1.524608
1.427772
1.690914
1.435556
1.424432
1.683097
1.445003
1.553476
1.527589
1.540950
1.312108
1.822902
1.808346
1.382334
1.564864
1.455472
1.485973
1.492716
1.497712
1.616724
1.310915
1.568569
1.487362
1.442805
1.415516
1.502318
1.349575
1.504370
1.639454
1.382744
1.446098
1.435121
1.472544
1.459481
1.312755
1.348744
1.449578
1.603677
1.400808
1.715136
1.416000
1.372158
1.565402
1.712478
1.483439
1.546564
1.564384
1.373980
1.442770
1.385055
1.455701
1.688359
1.357735
1.496264
1.404299
1.400020
1.365356
1.718792
1.479045
1.593876
1.283688
1.651757
1.455850
1.295126
1.571551
1.534641
1.652075
1.421782
1.431554
1.550931
1.207377
1.551302
1.643740
1.524130
1.425900
1.433704
1.242781
1.250240
1.437537
1.447361
1.523894
1.465155
1.473047
1.271984
1.347275
1.593658
1.331869
1.281040
1.517018
1.397236
1.846330
1.436952
1.468769
1.712807
1.844137
1.388663
1.419046
1.452141
1.576338
1.462740
1.479868
1.494101
1.563773
1.428498
1.470785
1.431483
1.308085
1.505286
1.446994
1.509008
1.381796
1.263088
1.375224
1.441174
1.464270
1.236315
1.361846
1.545230
1.494700
1.363081
1.287076
1.377562
1.407046
1.522226
1.560751
1.543658
1.209198
1.368817
1.472771
1.421076
1.390559
1.414657
1.455489
1.378728
1.472042
1.526607
1.477238
1.501181
1.486978
1.187707
1.290720
1.282604
1.234829
1.332088
1.630219
1.428834
1.338958
1.356794
1.534692
1.541087
1.413978
1.368016
1.514469
1.432071
1.328276
1.339138
1.257338
1.409962
1.444034
1.502124
1.206970
1.413010
1.430489
1.470167
1.287595
1.423626
1.384579
1.369184
1.368932
1.418498
1.605089
1.284119
1.422428
1.347487
1.504229
1.356867
1.648097
1.593159
1.654339
1.395695
1.485995
1.422081
1.356081
1.392116
1.321013
1.471409
1.426298
1.318738
1.366612
1.311478
1.462671
1.444947
1.222938
1.343508
1.515845
1.208395
1.320843
1.496475
1.686943
1.541711
1.343850
1.462843
1.245378
1.421729
1.388840
1.303447
1.511472
1.282244
1.408847
1.554862
1.266592
1.543901
1.594831
1.586278
1.291432
1.460768
1.429791
1.443441
1.242130
1.271818
1.481536
1.362451
1.329168
1.091782
1.331575
1.444095
1.395587
1.378609
1.469701
1.312198
1.497391
1.290122
1.288640
1.626657
1.508478
1.823248
1.745207
1.810171
1.524211
1.572769
1.422933
1.262928
1.313798
1.428600
1.566854
1.642747
1.374336
1.584554
1.530987
1.547755
1.362076
1.491099
1.302254
1.599295
1.258281
1.448651
1.484235
1.297606
1.245421
1.413350
1.328998
1.358711
1.410641
1.580448
1.475453
1.498109
1.755105
1.421907
1.229084
1.540426
1.240441
1.573555
1.307661
1.407927
1.324473
1.302581
1.448724
1.006416
1.267066
1.306464
1.282617
1.289436
1.415901
1.415065
1.352513
1.282905
1.543927
1.352152
1.323081
1.191008
1.040368
1.423175
1.841580
1.507645
1.174379
1.379152
1.295474
1.375528
1.463209
1.549886
1.460543
1.366549
1.394593
1.267394
1.274712
1.391434
1.323549
1.391606
1.315986
1.448460
1.480170
1.214592
1.409066
1.126347
1.456634
1.461675
1.342184
1.199494
1.467882
1.299148
1.464762
1.505168
1.253369
1.173947
1.260149
1.497694
1.364778
1.214211
1.279693
1.415472
1.488159
1.443439
1.483480
1.369246
1.455595
1.397669
1.260665
1.631076
1.683430
1.496204
1.163106
1.315751
1.577051
1.168275
1.250647
1.354290
1.379720
1.474588
1.396386
1.342180
1.334522
1.635763
1.252975
1.255344
1.150919
1.204820
1.309347
1.497410
1.214989
1.543030
1.287897
1.349504
1.419247
1.257738
1.237099
1.520549
1.527898
1.464828
1.425562
1.367691
1.343576
1.339619
1.456889
1.330048
1.329588
1.449993
1.296393
1.746073
1.431032
1.263507
1.414147
1.304676
1.126995
1.263470
1.398487
1.328285
1.300958
1.343533
1.249483
1.288887
1.079824
1.318319
1.340747
1.704480
1.167876
1.603084
1.214908
1.222657
1.516781
1.338446
1.339937
1.136971
1.455852
1.349315
1.481623
1.383941
1.322713
1.364507
1.411219
1.351332
1.415703
1.227493
1.454280
1.193684
1.419536
1.167926
1.337080
1.481262
1.436141
1.232542
1.284598
1.350586
1.446789
1.397294
1.229711
1.384593
1.397739
1.329583
1.201207
1.336515
1.465722
1.172783
1.372113
1.306909
1.356584
1.415771
1.353692
1.356951
1.416595
1.374984
1.379472
1.215678
1.351335
1.423998
1.288342
1.214444
1.319372
1.319654
1.280757
1.140476
1.381787
1.315522
1.458057
1.323246
1.298815
1.663637
1.536196
1.325301
1.508950
1.243313
1.158216
1.523192
1.208611
1.178390
1.260589
1.278467
1.238246
1.407281
1.434207
1.322357
1.382977
1.458376
1.482566
1.526212
1.535513
1.155177
1.260770
1.407229
1.459013
1.136785
1.400524
1.262462
1.594415
1.354280
1.503448
1.213249
1.380268
1.349601
1.348961
1.188667
1.101904
1.361550
1.358264
1.257943
1.553201
1.387682
1.050606
1.511935
1.347071
1.339088
1.472162
1.470603
1.421450
1.115615
1.761066
1.256761
1.140992
1.184352
1.323229
1.524404
1.342389
1.311325
1.480587
1.209480
1.215556
1.269166
1.160641
1.457375
1.180952
1.381889
1.510161
1.327044
1.207091
1.102432
1.183588
1.269746
1.402144
1.350360
1.538914
1.257401
1.238683
1.431756
1.366593
1.313032
1.247982
1.402542
1.633767
1.429995
1.280332
1.381942
1.306753
1.309274
1.313929
1.337823
1.554435
1.462983
1.421430
1.222952
1.529722
1.199982
1.387185
1.070093
1.448703
1.192907
1.415827
1.453156
1.457274
1.325505
1.239312
1.186019
1.359695
1.277495
1.315003
1.351129
1.257345
1.305486
1.402624
1.327400
1.441974
1.236502
1.334776
1.297574
1.289911
1.154814
1.064673
1.696195
1.497907
1.344580
1.141606
1.323115
1.243561
1.171758
1.293688
1.258006
1.416881
1.342248
1.368255
1.309224
1.394543
1.344649
1.447457
1.257934
1.497116
1.166940
1.215037
1.232083
1.357594
1.360696
1.472981
1.515377
1.388719
1.385713
1.098794
1.538893
1.335717
1.314935
1.324887
1.361829
1.449392
1.366994
1.186414
1.392112
1.284729
1.356215
1.264682
1.119134
1.212404
1.324999
1.278988
1.554863
1.391394
1.162879
1.405758
1.139681
1.208310
1.092087
1.320748
1.213074
1.256325
1.473590
1.297762
1.271064
1.217438
1.108606
1.341021
1.267118
1.501153
1.234016
1.603660
1.417338
1.634180
1.210153
1.360255
1.108131
1.285237
1.417921
1.115459
1.054838
1.476462
1.317519
1.357334
1.388425
1.246656
1.468461
1.239084
1.402520
1.627264
1.188838
1.177727
1.507786
1.474743
1.440114
1.391571
1.401511
1.307715
1.194558
1.656312
1.061210
1.409600
1.360704
1.461563
1.570488
1.045013
1.219434
1.357388
1.186905
1.346686
1.130648
1.439661
1.595329
1.304210
1.138038
1.330070
1.549312
1.311564
1.306954
1.412291
1.336506
1.127277
1.274811
1.457956
1.617987
1.079237
1.324024
1.247498
1.096343
1.207401
1.386948
1.428086
1.198123
1.369791
1.251567
1.304496
1.421030
1.251419
1.244484
1.305340
1.552116
1.229602
1.501026
1.421633
1.247629
1.569656
1.225299
1.216681
1.372514
1.355125
1.339330
1.285462
1.369522
1.347285
1.163258
1.150886
1.523567
1.470472
1.282009
1.508972
1.248696
1.371906
1.142945
1.320318
1.400273
1.237567
1.240190
1.573523
1.198226
1.048494
1.405314
1.300348
1.222225
1.273309
1.397393
1.167884
1.295523
1.279725
1.370459
1.284273
1.331755
1.414394
1.177374
1.292727
1.496985
1.243248
1.329968
1.324038
1.181746
1.383491
1.241112
1.282188
1.438701
1.406941
1.280603
1.485041
1.429828
1.256361
1.442434
1.267856
1.309976
1.437791
1.355094
1.296177
1.371875
1.228228
1.198370
1.240391
1.246514
1.325595
1.448032
1.341165
1.418025
1.515569
1.329941
1.240909
1.324511
1.197658
1.047084
1.469202
0.909030
1.394038
1.209476
1.173421
1.413143
1.306800
1.213077
1.393238
1.576545
1.152075
1.156883
1.400140
1.420944
1.448597
0.993917
1.067854
1.347106
1.412524
1.396516
1.282248
1.235349
1.516894
1.206637
1.426994
1.303051
1.398129
1.274684
1.288259
1.341369
0.946957
1.185170
1.221103
1.352447
1.377229
1.249372
1.449279
1.165265
1.553911
1.481583
1.105177
1.230028
1.147311
1.412301
1.516140
1.328056
1.076623
1.252032
1.297707
1.305861
1.356915
1.428834
1.328888
1.409124
1.374746
1.114177
1.056764
1.383864
1.554208
1.156264
1.433780
1.452913
1.137334
1.460167
1.351073
1.134588
1.359668
1.421604
1.439832
1.211919
1.299905
1.179570
1.343964
1.157171
1.206577
1.265703
1.292291
1.362434
0.995281
1.299718
1.330648
1.188257
1.365771
1.324028
1.127589
1.149184
1.401454
1.341411
1.502519
1.178184
1.154865
1.456036
1.070062
1.250618
1.485661
1.744794
1.184718
1.464032
1.355337
1.259589
1.524315
1.452562
1.251173
1.190552
1.394683
1.077271
1.234948
1.420805
1.418393
1.273185
1.273425
1.431278
1.328261
1.333539
1.191983
1.286400
1.271901
1.166304
1.315015
1.225233
1.271772
1.096300
1.237579
1.507304
1.151859
1.309366
1.339208
1.250247
1.226199
1.169983
1.186996
1.041844
1.187888
1.412530
1.412580
1.397693
1.322562
1.338029
1.200613
1.226521
1.465031
1.412153
1.552214
1.078497
1.405854
1.456713
1.196290
1.057631
1.352709
1.349302
1.414967
1.019288
1.410302
1.379141
1.259435
1.114997
1.455868
1.598973
1.080634
1.173687
1.342441
1.354327
1.353954
1.178056
1.326662
1.334960
0.946167
1.448569
1.379776
1.409152
1.098256
1.256919
1.534717
1.228652
0.963504
1.218408
1.368522
1.502419
1.205796
1.345663
1.445819
1.393856
1.232448
1.358947
1.385935
1.529252
1.184312
1.316136
1.565478
1.285735
1.126231
1.399859
1.245662
1.257745
1.425014
1.286906
1.345470
1.336773
1.392820
1.544554
1.255936
1.187745
1.115152
1.347902
1.348046
1.307291
1.023908
1.243870
1.211808
1.443413
1.182570
1.381910
1.061046
1.161901
1.405306
1.204185
1.167115
1.677714
1.237836
1.129671
1.343656
1.212287
1.275264
1.035932
1.717344
1.564766
1.378350
1.250550
1.373010
1.202133
1.276454
1.198169
1.218168
1.337138
1.106481
1.310494
1.273977
1.228479
1.146217
1.180976
1.268160
1.426886
1.386765
1.041363
1.138778
1.218343
1.400791
1.357857
1.467738
1.105558
1.043444
1.049169
1.272032
1.016186
1.321820
1.290868
1.234019
1.223368
1.694508
1.128210
1.234340
1.370793
1.399486
1.430817
1.248096
1.236535
1.153443
1.178310
1.228252
1.346912
1.119301
1.376403
1.403260
1.188003
1.193919
1.244902
1.078135
1.331918
1.225401
1.244503
1.645638
1.081675
1.341025
1.200582
1.281736
1.540791
1.266781
1.126373
1.287735
1.172051
1.369170
1.237178
1.612190
1.457642
1.458412
1.150968
1.311612
1.399440
1.151552
1.378458
1.425596
1.182315
1.126439
1.296501
1.400056
1.164827
1.361625
1.326955
1.148218
1.253149
1.282866
1.149633
1.104328
1.224380
1.175844
1.305683
1.432081
1.304438
1.214551
1.460215
1.348443
1.287323
1.036905
1.335230
1.182936
1.137626
1.482365
1.373060
1.474771
1.148756
1.218158
1.413291
1.144422
1.387891
1.394670
1.519120
1.530999
1.321669
1.433590
1.310726
1.423028
1.416586
1.182980
1.214865
1.378120
1.268926
1.150326
1.314820
0.968913
1.270103
1.309459
1.146990
1.225480
1.238265
1.089818
1.291955
1.234238
1.062628
1.344408
1.229925
1.370354
1.234134
1.245810
1.388652
1.210795
1.128429
1.308970
1.309518
1.328774
1.353665
1.292508
1.204741
1.195962
1.251599
1.263184
1.303356
1.320534
1.055767
1.357092
1.265095
1.462410
1.302869
1.242259
1.318639
1.302294
1.360296
1.467325
1.218072
1.342089
1.285560
1.161720
1.344008
1.147699
1.216689
1.440364
1.172531
1.378893
1.187962
1.507689
1.235589
1.392020
1.183195
1.328102
1.185009
1.364433
1.152652
1.162243
1.251983
1.270649
1.203132
1.192872
1.250009
1.219156
1.146603
1.038186
1.503802
1.174660
1.410903
1.296936
1.248223
1.241063
1.129602
1.360206
1.312704
1.172442
1.204541
1.070694
1.271756
1.483266
1.263115
1.434249
1.437653
1.092803
1.141526
1.393037
1.145754
1.238909
1.261175
1.287583
1.104101
1.446895
1.511809
1.446811
1.437270
1.377197
1.284886
1.457304
1.151884
1.346696
1.294161
1.168577
1.245273
1.392523
1.595654
1.366879
1.425542
1.138312
1.433598
1.367977
1.475629
1.090551
1.298261
1.301469
1.025704
1.377907
1.354331
1.181169
1.318677
1.301447
1.294339
1.270041
1.074054
1.332032
1.237555
1.323978
1.431900
1.216073
1.373170
1.419954
1.279725
1.192766
1.253902
1.106090
1.292014
1.070881
0.980512
1.151168
1.246313
1.151588
1.327495
1.169461
1.184205
1.426877
1.210059
1.316792
1.525925
1.460674
1.226933
1.223977
1.166795
1.468290
1.325431
1.223152
1.175056
1.526902
1.194509
1.359390
1.396102
1.368763
1.398006
1.147273
1.482540
1.134855
1.171952
1.323672
1.286063
1.303051
1.288635
1.270662
1.223283
1.497185
1.275881
1.236336
1.397107
1.323431
1.063145
1.106247
1.526094
1.334642
1.327724
1.234027
1.538150
1.399002
1.243434
1.281704
1.257969
1.136703
1.339120
1.238335
1.368979
1.408188
1.120317
1.202760
1.372084
1.314765
1.023836
1.148499
1.301352
1.261039
1.329037
1.194240
1.093168
1.575737
1.316892
1.258558
1.191615
1.249549
1.556519
1.484719
1.275247
1.224668
1.224256
1.160987
1.354617
1.343904
1.217872
1.297926
1.403893
1.291471
1.061165
1.344048
1.200909
1.363627
1.434960
1.287606
1.350199
1.302274
1.220284
1.202958
1.220236
1.290270
1.438991
1.345124
1.171153
1.253603
1.102963
1.233461
1.333642
1.165834
1.496227
1.322238
1.149495
1.199651
1.069455
1.478286
1.424857
1.204290
1.161090
1.379931
1.332924
1.136503
1.184950
1.465518
1.165996
1.258359
1.138272
1.275489
1.129026
1.525473
1.319510
1.341985
1.257841
1.243896
1.517016
1.144809
1.400705
1.386375
1.382957
1.127892
1.373429
1.200901
1.239040
1.349367
1.246752
1.321406
1.313616
1.212252
1.171254
1.150252
1.172915
1.405587
1.231262
1.208380
1.179387
1.139770
1.382964
1.406473
1.527701
1.117369
1.151172
1.404849
1.136821
1.378567
1.209917
1.295864
1.255525
1.018143
1.186440
1.120258
1.276272
1.243325
1.253364
1.265854
1.279638
1.241730
1.349592
1.090635
1.227361
1.413491
1.309244
1.399988
1.395725
1.385037
1.286721
1.263181
1.498307
1.307739
1.302586
1.272138
1.292613
1.187713
1.081595
1.213054
1.149034
1.281768
1.625479
1.291912
1.381736
1.387528
1.209280
1.298327
1.053282
1.199035
1.407796
1.241460
1.247900
1.413071
1.228726
1.222164
1.509204
1.456720
1.040228
1.333527
1.061200
1.363592
1.360844
1.363065
1.022988
1.376397
0.965024
1.487788
1.512961
1.174966
1.308428
1.231376
1.272547
1.458983
1.254487
1.253970
1.184558
1.150500
1.126089
1.375254
1.682289
1.177281
1.255080
1.044930
1.516803
1.381204
1.290117
1.316050
1.290130
1.189515
1.399392
1.258212
1.143638
1.325659
1.302335
1.249324
1.325799
1.074029
1.312392
1.178407
1.364977
1.176770
1.390846
1.377456
1.223435
1.292785
1.130581
1.174784
1.168755
1.140751
1.369481
1.249528
1.355519
1.437590
1.191557
1.246760
1.229077
1.264218
1.372221
1.243034
1.423532
1.352229
1.259056
1.351150
1.126398
1.304580
1.385307
1.136829
1.138661
1.433019
1.160275
1.129100
1.144418
1.369429
1.164179
1.313402
1.224222
1.529002
1.219917
1.146044
1.138618
1.271753
1.335202
1.201547
1.342945
1.099573
1.347850
1.243537
1.269782
1.530802
1.129046
1.237601
1.441964
1.410215
1.187599
0.991252
1.478231
1.108159
1.183398
1.230307
1.221203
1.375186
1.128544
1.153677
1.194847
1.217437
1.100274
1.049495
1.108353
1.391731
1.424022
1.127461
1.277529
1.165461
1.250324
1.233791
1.232399
1.440941
1.290662
1.428728
1.346255
1.273416
1.396858
1.139680
1.072423
1.408339
1.346311
1.481091
1.344596
1.151574
1.300574
1.204087
1.300800
1.591584
1.294758
1.203637
1.465079
1.293113
1.162111
1.174659
1.294675
1.140587
1.239797
1.034256
1.266948
1.342423
1.446109
1.277732
1.215479
1.226352
1.493000
0.892792
1.222712
1.154505
1.368124
1.091759
1.105976
1.229020
1.207384
1.285542
1.050801
1.333047
1.337195
1.260222
1.255506
1.353481
1.306249
1.315850
1.192485
1.029235
1.465657
1.213485
1.187531
1.491186
1.506436
1.005035
1.267504
1.076861
1.282039
0.966810
1.078786
1.333336
1.153235
1.306713
1.099889
1.445607
1.196266
1.553023
1.322895
1.129672
1.108846
1.182440
1.138717
1.093361
1.228955
1.214553
1.250459
1.278629
1.507512
1.359987
1.221450
1.232424
1.111295
1.110878
1.116174
1.504050
1.275871
1.305061
1.361784
1.207005
1.209805
1.271758
1.350389
1.168181
1.160562
1.308598
1.317484
1.043356
1.275594
1.506508
1.433361
1.053191
1.402282
1.255741
1.331487
1.237439
1.038464
1.326684
1.100103
1.314179
1.149454
1.437322
1.321172
1.165899
1.157727
1.195272
1.372131
1.219982
1.661001
1.156011
1.238646
1.291224
1.281137
1.253624
1.089822
1.149411
1.201540
1.178037
1.270672
1.318271
1.253866
1.307405
1.239935
1.105717
1.486835
1.219753
1.165811
1.096695
1.253830
1.407045
1.100292
1.341088
1.121846
1.021561
1.266006
1.126376
1.138974
1.107196
1.182466
1.191038
1.502299
1.521556
1.072202
1.324308
1.200277
1.286642
1.315196
1.359312
1.167387
1.057985
1.276791
1.294877
1.156421
1.215965
1.333182
1.393914
1.194349
1.548049
1.143610
1.162335
1.272493
1.292462
1.435574
1.197111
1.155144
1.318435
1.278291
1.152894
1.362394
1.192713
1.073752
1.166068
1.420524
1.369659
1.147938
1.211159
1.113807
1.261640
1.346344
1.254830
1.224945
1.451010
1.243582
1.296244
1.219855
1.167230
1.434862
1.200335
1.420167
1.193724
1.232325
1.265671
1.334932
1.086579
1.348241
1.004261
1.296001
1.284584
1.293346
1.141492
1.197028
1.220177
1.363893
1.043975
1.522534
1.527027
1.124339
1.146907
1.136284
1.474770
1.201039
1.256815
1.159951
1.325382
1.156776
1.208563
1.274605
1.197756
1.123778
1.140395
1.354930
1.481679
1.167914
1.213149
1.057565
1.475930
1.249575
1.356529
1.260418
1.209262
0.997220
1.285363
1.397675
1.329825
1.373912
1.085595
1.128682
1.068461
1.334458
1.246172
1.293068
1.108337
1.376947
1.367057
1.411545
1.379957
1.018393
1.157136
1.124493
1.196086
1.193840
1.196497
1.042911
1.415542
1.012051
1.260406
1.176135
1.291274
1.231309
1.047695
1.172078
1.408043
1.422167
1.275484
1.084494
1.297288
1.119173
1.163278
1.590615
1.082759
1.498848
1.334706
1.264914
1.162654
1.307214
1.431035
1.285758
1.196988
1.284564
1.374428
1.173289
1.464773
1.248714
1.110849
1.166440
1.284952
1.212206
1.168928
1.108087
1.232020
1.175638
1.124329
1.160700
1.079385
1.186699
1.339193
1.129583
1.351955
1.172679
1.324603
1.209319
1.242505
1.152492
1.076374
1.075591
1.356054
1.282546
1.174933
1.317788
1.164455
1.465341
1.533445
1.204224
0.984091
1.411630
1.294125
1.231437
1.252292
1.334425
1.136279
1.077205
1.335083
1.179928
1.404843
1.302845
1.371368
1.232136
1.157747
1.189558
1.331571
1.308478
1.292119
1.178267
1.352035
1.372309
1.356370
1.082715
1.046958
1.234756
1.230364
1.325852
1.450703
1.222633
1.309205
1.235636
0.970587
1.196459
1.230682
1.371489
1.152497
1.131731
1.228912
1.126368
1.203978
1.052961
1.165501
1.305061
1.262304
1.213040
1.224941
1.296149
1.207058
1.181324
1.200305
1.445367
1.308864
1.106433
1.252015
1.286719
1.107186
1.228198
1.456775
1.149168
1.212153
1.391806
1.234610
1.141605
1.267656
1.185190
1.409691
1.443141
1.272671
1.195668
1.280802
1.214183
1.364875
1.279696
0.983257
1.090495
1.249686
1.198327
1.438293
1.101357
1.158056
1.059810
1.380960
1.378195
1.298997
1.304067
1.228686
1.113926
1.245482
1.386070
1.318031
1.138168
1.026513
1.044355
1.274426
1.561517
1.240699
1.134207
1.117905
1.416219
1.255545
1.026283
1.196526
1.309802
1.173861
1.474014
1.245901
1.338042
1.100491
1.386262
1.260384
1.168602
1.314803
1.167634
1.057957
1.332504
1.250494
1.060034
1.184478
0.940807
1.335105
1.332197
1.223695
1.127805
1.536572
1.112433
1.181913
1.544848
1.078626
1.240501
1.261486
1.362481
1.110767
1.394340
1.316075
1.344571
1.136535
1.249353
1.392574
1.240421
1.232857
1.191623
1.173094
1.191574
1.345154
1.000347
1.529658
1.259142
1.286991
1.283857
1.247308
1.199292
1.267604
1.089831
1.305005
1.277373
1.179884
1.331344
1.361333
1.190108
1.375636
1.123531
0.861468
1.166231
1.086562
1.145451
1.254229
1.244867
1.254648
1.143005
1.266524
1.147530
1.430338
1.124057
1.258942
1.467723
1.041049
1.557256
1.131210
1.337920
1.617201
1.101767
1.267576
1.282760
1.460914
1.262619
1.223159
1.201261
1.123614
1.318383
1.292916
1.327100
0.915615
1.312753
1.214614
1.192026
1.407079
1.205008
1.195548
1.278303
1.184020
1.157779
1.261990
1.362140
1.282985
1.523207
1.228656
1.265294
1.270788
1.240152
1.311378
1.641191
1.269478
1.332101
1.275238
1.250623
1.363435
1.032922
1.183398
1.440637
1.323171
1.055722
1.232554
1.121448
1.016816
1.230357
1.108994
1.263436
1.309654
1.103144
1.314257
1.145375
1.416044
1.206827
1.106095
1.316698
1.209585
1.157651
1.439469
1.173066
1.095566
1.171669
1.184114
1.415554
1.209595
0.991382
1.157873
1.091357
1.449219
1.329015
1.082305
1.311066
1.149779
1.519741
1.151403
1.166665
1.271035
1.010130
1.220736
1.450064
1.331127
1.200108
1.222085
1.185499
1.277890
1.350061
1.069718
1.228080
1.218209
1.098463
1.439229
1.166059
1.184600
1.105202
1.370325
1.212744
1.112170
1.096485
1.232774
1.349011
1.110695
1.454109
1.250327
1.103097
1.257931
1.402821
0.986719
1.253152
1.174434
1.338958
1.186312
1.450016
1.181472
1.288392
1.205121
1.223839
1.223138
1.348235
1.054827
1.452499
1.189668
1.217980
1.203760
1.322127
1.201364
1.406070
1.244096
1.144918
1.388499
1.459115
1.227416
1.541767
1.271979
1.312357
0.988531
1.114616
1.126016
1.043078
1.191356
1.115561
1.427739
1.233752
1.477847
1.296470
1.312765
1.334229
1.176771
1.028807
0.970777
1.020125
1.116623
1.512910
1.252450
1.422201
1.192133
1.336419
1.189754
0.934761
1.046486
1.390166
1.248043
1.195560
1.182777
1.168147
1.158472
0.996113
1.395444
1.395803
1.359274
1.282206
1.312891
1.116699
1.398214
1.165292
1.147042
1.135960
1.209653
1.064344
1.190785
1.266847
1.235479
1.237903
1.308113
1.073737
1.320135
1.279581
1.339978
1.286269
1.264641
1.212805
1.213273
1.687619
1.242857
1.188457
1.100742
1.031156
1.325251
1.234918
1.064353
1.220278
1.144842
1.072423
1.159170
1.340396
1.273608
1.381978
1.087709
1.286141
1.296001
1.280075
1.187809
1.051296
1.428706
1.149096
1.215419
1.252073
1.478827
1.126260
1.184814
0.929654
1.568054
1.140828
1.224457
1.341851
1.023450
1.350664
1.211627
1.054577
1.211028
1.100276
1.567163
1.291974
1.296059
1.167852
1.218711
1.162276
1.038028
1.045373
1.220877
1.426188
1.460108
1.035412
1.212867
1.112756
1.492762
1.408860
1.283041
1.087172
1.246420
1.406641
1.433628
1.416898
1.202053
1.279094
1.235393
1.301639
1.321627
1.086626
0.999810
1.093096
1.401206
1.163714
1.034116
1.239925
1.225742
1.037624
1.177978
1.065050
1.201385
1.077199
1.157194
1.181422
1.300713
1.373742
1.241990
1.474027
1.110106
1.063473
1.188878
1.325060
1.521189
1.453979
1.118950
1.304720
1.059758
1.404109
1.090752
1.064016
1.227912
1.185916
1.138924
1.163263
1.169393
1.310946
1.230233
1.212805
1.336378
1.316320
1.288581
1.381886
1.143032
1.474906
1.269335
1.152264
1.088194
1.260982
1.277789
1.225683
1.159624
1.102609
1.057127
1.493730
1.271370
1.097828
1.102417
1.347899
1.186903
1.030598
1.360233
1.256169
0.915747
1.321278
1.341726
1.545779
1.354208
1.351536
1.076129
1.042103
1.166131
1.525755
1.301408
1.274797
1.567977
1.237997
1.297691
0.909128
1.434333
1.193790
1.272351
1.165075
1.207411
1.321434
1.405880
1.498631
1.138667
1.234562
1.416950
1.188344
1.303727
1.217210
1.177826
1.351390
1.258791
1.362858
1.081315
1.304717
1.296071
1.120398
1.154138
1.373184
1.279871
0.911954
1.103582
1.095151
0.926030
0.991820
1.289713
1.335232
1.283672
1.199116
1.271493
1.309520
1.347299
1.289353
1.232308
1.269359
1.229532
1.084958
1.271929
1.193340
1.159846
1.304116
1.235252
1.248640
1.480420
1.388212
1.244127
1.107806
1.298030
1.169994
1.213540
1.361994
1.332160
1.304364
1.128877
1.200629
1.063949
1.363562
1.351940
1.185457
1.155646
1.227463
1.134078
1.307459
1.013213
1.364141
1.172716
1.127723
1.319820
1.200396
1.060234
1.160463
1.446269
1.065850
1.231311
1.248533
1.171915
1.254051
1.270876
1.366374
1.201560
1.013285
1.119745
1.372585
1.292859
1.206373
1.356663
1.306717
1.154084
1.135792
1.061894
1.101492
1.329114
1.177397
1.229627
1.047638
1.215110
1.341761
1.164156
1.146710
1.195044
1.399349
0.971822
1.276987
1.181466
1.247660
1.279873
1.431464
1.065293
1.158821
1.287482
1.396996
1.278337
1.344722
1.236037
1.452516
1.264150
1.100874
1.278213
1.125657
1.074257
1.163021
1.335782
1.235146
1.149487
1.086643
1.348487
1.129739
1.411959
1.232080
1.037880
1.191403
1.200214
1.081126
1.302283
1.240474
1.409595
1.096030
1.204603
1.264241
1.048145
1.562843
1.301799
1.115779
1.408947
1.089696
1.242663
1.102274
1.187104
1.399451
1.114709
1.134588
1.073017
1.083043
1.277004
1.107751
1.412411
1.395515
1.242800
1.359639
1.404570
1.268211
1.295703
1.256471
1.228260
1.191947
1.169708
1.144982
1.149312
1.246453
1.051601
1.423127
1.184363
1.376133
1.279579
1.201177
1.341177
1.375873
1.196955
1.023981
1.036316
1.164990
1.201266
1.195180
1.343119
1.069436
1.256315
1.045739
1.074356
1.540545
0.951859
1.179172
1.345138
1.278517
1.344746
1.331983
1.033254
1.233402
1.050923
1.336534
1.090601
1.177687
1.316054
1.231975
1.399927
0.965925
1.033483
1.123833
1.193019
1.166366
1.091199
1.227775
1.294461
1.364109
1.197764
1.174251
1.326999
1.248616
1.345898
1.317598
1.250037
1.188928
1.205091
1.283621
1.268822
1.055327
1.312534
1.231074
1.153970
1.327987
0.946150
1.277303
1.431925
1.184973
1.104952
1.493290
1.064955
1.179542
1.455671
1.169617
1.247189
1.336643
1.251389
0.940388
1.298089
1.150164
1.323858
1.260276
1.203316
1.022949
1.516831
1.280059
1.076388
1.242520
1.339706
1.399068
1.279420
1.487347
1.224115
1.234759
1.299643
1.001359
1.205418
1.385594
1.143482
1.158714
1.216937
1.048168
1.139824
1.048752
1.245951
1.360999
1.327296
1.240277
1.287168
1.301700
1.196458
1.293676
0.965028
1.414278
1.160110
1.187844
1.161319
1.202695
1.179225
1.368110
1.364764
1.218774
1.056362
1.193789
1.141412
0.949936
1.281009
1.189438
1.302569
1.454826
1.293391
1.094514
1.111477
1.182302
1.090981
1.228027
1.073617
1.196675
1.217009
1.153236
1.389407
1.387555
1.154252
1.338534
1.301446
1.245564
1.139984
1.086777
1.183098
1.339976
1.118316
1.155073
1.342384
1.359970
1.370102
1.166749
1.392461
1.207595
1.170975
1.151275
1.259563
1.358590
1.137097
1.148935
1.167217
1.177064
1.279718
1.105509
1.125309
1.034022
1.193104
1.430920
1.331446
1.244756
1.128081
1.220046
0.935074
1.399431
1.164818
1.225979
1.179385
1.323349
1.202464
1.179096
0.988071
1.197928
1.123859
1.122858
1.228295
1.231988
1.139670
1.235174
1.208470
1.303581
1.254832
1.243121
1.227262
1.134628
1.255574
1.089687
1.074246
1.527028
1.280928
1.177934
1.092685
1.237949
1.503497
1.093621
1.270076
1.259659
1.265782
1.444988
1.331263
1.079684
1.211115
1.514919
1.488074
1.159686
1.345054
1.161812
1.193821
1.066842
1.117393
1.281164
1.377491
1.279800
1.272678
1.209220
1.189853
1.335780
1.286393
1.339745
1.257072
1.242766
1.080293
1.212199
1.315727
1.128083
1.292307
1.334672
1.183031
1.389743
1.304117
1.188569
1.092396
1.141369
1.018239
1.120417
1.373205
1.389454
1.370170
1.284231
1.071020
1.236655
1.210795
1.117672
1.180149
1.374150
1.046002
1.439206
1.129907
1.244220
1.293751
1.296462
1.134964
0.994524
1.197495
1.127348
1.286375
1.136281
1.434329
1.290074
1.209106
1.140341
1.197921
1.183217
1.179992
1.075982
1.122687
1.183190
1.362181
1.083392
1.247082
1.051665
1.231264
1.471990
1.295380
1.265044
1.222625
1.025197
1.271681
1.216551
1.355033
1.264899
1.250312
1.216020
1.080679
1.123682
1.074142
1.264583
1.081205
1.432518
1.069419
1.293717
1.320390
1.048909
1.355358
1.220039
1.062457
1.244644
1.339685
1.146637
1.135724
1.030002
1.281563
1.155891
1.167373
1.172203
1.349387
0.944716
1.381852
1.269861
1.459847
1.111204
1.124505
1.176685
1.469029
1.314443
1.181455
1.007212
1.452353
1.205553
1.266944
1.203667
1.197460
1.228067
1.376802
1.163303
1.109062
1.313414
1.292289
1.354057
1.069408
1.203235
1.172420
1.523570
1.049274
1.134305
1.495692
1.161478
1.225585
1.211120
1.088142
1.124319
1.187575
1.180075
1.120322
1.221092
1.196311
1.042396
1.226161
1.236679
1.102986
1.172689
1.310932
1.535776
1.103128
1.244011
1.009600
1.227180
1.401253
1.106627
0.982602
1.014597
1.025125
1.235036
1.045842
1.086363
1.168369
1.202736
1.376716
1.191799
1.251141
1.337816
1.075791
1.064823
1.254544
1.132920
1.308390
1.292222
1.243254
1.067671
1.256380
1.465879
1.298399
1.169562
1.004381
1.187516
1.081023
1.162847
1.132711
1.111852
1.429644
1.280808
1.501683
1.389536
1.153291
1.252737
1.132194
1.275624
1.310426
1.173297
1.021966
1.185117
1.426904
1.273188
1.315727
1.017022
1.277342
1.005994
1.297194
1.167343
0.973270
1.087088
1.277497
1.221743
1.194335
1.364188
1.057034
1.131342
1.272748
1.300051
1.109258
1.189812
1.203259
1.332381
1.319460
1.191852
1.273743
1.285430
1.214843
1.223667
1.212050
1.274928
1.164421
1.245533
1.237952
1.086110
1.270380
1.141470
1.310214
1.270722
1.036958
1.237422
1.369862
1.239309
1.351666
1.139408
1.272412
1.134809
1.032191
1.415386
1.159137
1.317464
1.147721
1.194487
1.160301
1.364693
1.157372
1.256485
1.312723
1.228883
1.135521
1.136931
1.040061
1.428453
1.425388
1.187457
1.225473
1.359270
1.225621
1.251057
1.113491
0.970393
1.221940
1.115735
1.133862
1.267996
1.261149
1.527133
1.128402
1.235526
1.462651
1.110766
1.301986
1.119983
1.259601
1.086552
1.123804
0.934570
1.358763
1.289530
1.509376
1.167782
1.266895
1.086764
1.157360
1.304609
1.253267
1.217415
1.180387
1.324511
1.484074
1.194699
1.216269
1.159660
1.288460
1.141441
1.400057
1.510910
0.969247
1.237170
1.118054
1.096482
1.134264
1.119235
1.062909
1.152601
1.187350
1.323602
1.299090
1.208450
1.099255
1.284180
1.150154
1.181656
1.189692
1.189443
1.138600
1.428728
1.160529
1.441304
0.905659
1.331893
1.353130
1.193528
1.449148
0.941234
1.497493
1.235467
1.355167
1.145437
1.120541
1.313403
1.346598
1.270992
1.364865
1.001736
1.337712
0.998651
1.065187
1.490999
1.081956
1.172912
1.347688
1.068451
1.238222
0.876950
1.220548
1.236112
1.558116
1.309284
1.149973
1.254328
0.924729
1.320986
1.006917
1.208818
1.038794
1.381516
1.137861
1.293614
1.070953
1.449183
1.255840
1.298972
0.978948
1.139613
1.357926
1.185216
1.129836
1.321468
1.098752
1.267958
1.203238
1.047857
1.328502
1.161093
1.176803
1.436467
1.181998
1.072659
1.383357
0.960382
1.043400
1.128030
0.989896
1.312953
1.228281
1.284311
1.279429
1.115094
1.309230
1.188944
1.157901
1.205633
1.279214
1.198338
1.335953
1.130781
1.270338
1.125885
1.256616
1.428038
1.180771
1.297101
1.352044
1.590339
1.082209
1.099676
1.185319
1.373975
1.019589
1.291686
1.285534
1.045241
1.091992
1.217417
1.327692
1.105153
1.117942
1.068659
1.125221
1.101796
1.232857
1.391334
1.249916
1.422934
1.385371
1.149853
1.047910
1.128489
1.363840
1.262069
1.234451
1.322940
1.241106
1.187360
1.114865
1.394827
1.459695
1.108369
1.109518
1.263235
1.196718
1.090811
1.286048
1.248015
1.296978
1.412329
1.023818
1.047255
1.046459
1.199780
1.158585
1.274852
1.180148
1.234921
0.998681
1.418569
1.189610
1.314652
1.237986
1.331010
1.183879
1.081233
1.454620
1.231605
1.446941
1.378776
1.154865
0.952860
1.110566
1.206588
1.363801
1.201442
1.108461
1.155549
1.173019
1.057470
1.098243
1.153772
1.240421
1.127345
1.198817
1.233001
1.258782
1.280068
1.081684
1.303192
1.394459
1.313633
1.225477
1.352328
1.394267
1.222504
1.369886
1.384919
1.221556
1.213085
1.177396
1.094937
1.269243
1.248319
0.960869
1.186225
1.330890
1.204388
1.329009
1.346347
1.355690
1.116946
0.985310
1.249083
1.229635
1.103500
0.976800
1.248874
1.269228
1.194092
0.958909
1.526690
1.158908
1.229691
1.267120
1.025513
1.242185
1.222959
1.397747
1.373639
0.982532
1.251704
1.072795
1.040061
1.140491
1.298007
1.231505
1.184474
1.022349
1.106906
1.340290
1.431995
1.162742
1.337889
1.249630
1.136515
1.169274
1.158400
1.443146
1.269319
1.152936
1.180833
1.277118
1.095866
0.998311
1.178386
1.065058
1.241522
1.253087
1.181308
1.153464
1.196239
1.163935
1.364345
1.071861
1.290622
1.248675
1.292109
1.043485
1.091004
1.174928
1.719978
1.165426
1.214488
1.345474
0.979241
1.091033
1.606274
1.084086
1.356900
1.156611
1.226430
1.005871
0.975177
1.165061
1.192289
1.177126
1.166102
1.194546
0.969464
1.251965
1.171277
1.011754
1.145475
1.282843
1.355896
1.266289
1.266713
1.055763
1.447544
1.174758
1.300042
1.249807
1.071072
1.357113
1.337314
1.520302
1.312342
1.083852
1.122804
1.049961
1.259185
1.209425
1.198666
1.323766
1.225486
1.083583
1.327301
1.314279
1.305080
1.061066
1.105017
1.485149
1.163033
1.187504
1.291683
1.164860
1.260470
1.006930
1.196589
1.087606
1.282095
0.997215
1.114659
1.131718
1.169032
1.331933
1.170024
1.222060
1.269573
1.199381
1.087910
1.044718
1.451507
1.297186
1.222455
1.214296
1.235364
1.141982
1.435224
1.180592
1.165967
1.147123
1.183369
1.427583
1.293757
1.109300
1.155632
1.169271
1.218812
1.187478
1.122034
1.140805
1.297718
1.122941
1.426687
1.316821
0.918453
1.059845
1.315364
0.958329
1.406415
1.180172
1.321992
1.445659
1.160771
1.099355
1.328733
1.048237
1.316515
1.084220
1.335661
1.177555
1.242909
1.283294
1.037582
1.320890
1.203954
1.207720
1.026577
0.933242
1.332334
0.948967
1.382334
1.444335
1.304890
1.173274
1.444377
1.234213
1.333409
1.057670
0.998098
1.112404
1.296217
1.197375
1.053878
1.225968
1.288172
1.263752
1.205090
1.397647
1.317989
1.151169
0.881858
1.216929
1.266238
1.200046
1.405733
1.294193
1.058616
0.956038
1.324182
1.020996
1.371803
1.268120
1.434410
1.218225
1.035106
1.214496
1.181825
1.192196
1.073089
1.265890
1.314047
1.223120
1.157461
1.204830
1.081896
0.882919
1.159340
1.441891
1.149112
1.448975
1.310085
1.092695
1.064300
1.008894
1.372237
1.065207
1.200720
1.154511
1.376974
1.232336
0.998626
1.268754
1.384637
1.303065
1.318547
1.210485
1.226674
1.107587
1.361292
1.196515
1.259109
1.165461
1.184050
1.211578
1.369998
1.110378
1.242452
1.157356
1.161280
1.254561
1.051990
1.212711
1.320121
1.582665
1.029860
1.034667
1.258748
1.368865
1.398497
1.129994
1.548324
1.061220
1.087282
1.171081
1.287330
1.274345
1.025700
1.214791
1.066977
1.307545
1.216262
1.230252
1.195622
1.225993
1.032660
1.155514
1.390754
1.115297
1.495341
1.368770
1.336855
1.280402
1.112052
1.267272
1.090740
1.150494
1.173391
1.356052
1.303190
1.105889
1.101128
1.068229
1.036904
1.013731
1.065698
1.129124
1.208157
1.084167
1.347860
1.131273
1.381472
1.162279
1.367985
1.110181
1.367302
1.175869
1.302960
1.327653
1.216928
1.343635
1.242643
1.138147
1.148405
1.086207
1.045361
1.207998
1.081107
1.398144
1.291246
1.058171
1.256801
1.132867
1.213856
1.535109
1.026478
1.046210
1.062952
1.085112
1.228152
1.394405
1.187793
1.298845
1.279960
1.115010
1.131323
1.365993
1.322868
1.314189
1.218282
1.331970
1.139949
1.231676
1.202846
1.006695
1.412605
0.926840
1.238221
1.165205
1.211170
1.349947
1.146456
1.312487
1.240077
1.021173
1.199026
1.192044
0.941642
1.331230
1.045202
1.159925
1.079967
1.153960
1.123576
1.209075
0.964141
1.267189
1.167243
1.289071
1.268821
1.113865
1.014592
1.241709
1.326001
1.200381
1.256178
1.388480
1.708117
1.363981
1.248309
1.169673
1.181652
1.197482
1.235368
1.176811
1.246214
1.244580
1.227272
1.131475
1.146306
1.397156
1.174867
1.211086
1.468007
1.381203
1.337793
1.226941
1.386218
1.156576
0.999762
1.115573
1.116339
1.296900
1.078162
1.346046
1.234232
0.948930
1.206985
1.069176
1.123859
1.331061
1.088604
1.253109
1.301207
1.283970
1.088406
1.129618
1.080765
1.251030
1.438303
1.200591
1.230869
1.156464
0.978454
1.160847
1.567334
1.438509
1.282286
0.935207
1.069179
1.277159
1.124622
1.079701
1.028287
1.482293
1.014169
1.126357
1.354504
1.199616
1.394402
1.213728
1.174224
1.106533
1.187070
1.551561
1.188803
1.042284
1.071456
1.134198
1.155217
1.269740
1.207944
1.390980
1.158348
1.412243
1.361104
1.420216
1.037804
1.232667
1.098257
1.064652
1.260939
1.083244
1.280911
1.050089
1.290568
1.189369
1.034636
1.199193
1.281098
1.437259
1.394943
1.265953
1.120935
1.157437
1.373587
1.207171
1.269954
1.408453
1.383336
1.166445
1.311732
1.438675
0.996182
1.272002
1.113023
1.226826
1.490964
1.247557
1.150893
1.274035
1.036820
1.245005
1.292376
1.021660
1.318399
1.456151
1.135089
1.091717
1.084166
1.090858
0.925800
1.205856
1.161487
1.154752
1.432343
1.083248
1.415996
0.957730
1.006871
1.204574
1.215549
1.300815
0.915711
1.404735
1.363601
1.312507
1.046128
1.516856
1.242168
1.316052
1.255300
1.045799
1.369069
1.180150
1.092659
1.162046
1.266739
1.360606
1.059124
1.289295
1.494169
1.457436
1.277349
1.221115
1.154369
1.219652
1.110789
1.143242
1.213577
1.083323
1.196926
1.359768
1.171487
1.133051
1.192509
1.224889
0.930683
1.270887
1.137642
1.087701
1.034714
1.220982
1.388765
1.279777
1.400134
1.231476
1.266619
1.361977
0.998537
1.160170
1.399186
1.369013
1.208141
1.228904
1.236262
0.816353
1.130247
1.124933
1.110537
1.174947
1.274408
1.134369
1.348026
1.197694
1.285013
1.088249
1.049706
1.223015
1.362135
1.295565
1.263838
1.095357
1.163354
1.293825
1.245848
1.251311
1.187255
1.235997
1.084422
1.078378
1.131864
1.308948
1.213133
1.248459
1.170209
1.270387
1.125016
1.263004
1.147110
1.188605
0.981014
1.314163
1.140383
1.096195
1.140578
1.176304
1.144118
1.268942
1.201310
1.294173
1.182991
1.104097
1.510273
1.126995
1.543902
1.243822
1.270900
1.381270
1.238847
0.958456
1.110764
0.953948
1.037562
0.910174
1.190183
1.044333
1.445385
1.208649
1.128058
1.227097
1.174582
1.035786
1.027238
1.210010
1.446436
1.095848
1.399101
1.491634
1.118719
1.251502
1.077150
1.251188
1.084446
1.004030
1.479079
1.616633
1.243031
1.390962
1.292125
1.291623
1.403840
1.148344
1.293053
1.519948
1.348448
1.388966
1.279666
1.104130
1.303549
1.205033
1.306934
1.336385
1.339184
0.909889
1.390312
1.165110
1.263508
1.033426
1.369971
1.187910
1.424028
1.206882
1.340662
1.353710
1.560095
0.999129
1.230224
1.146946
0.920759
1.001475
1.416558
1.299752
1.215317
1.262124
1.293307
1.193624
1.159076
1.088133
1.276841
1.079425
1.310719
1.146163
1.337707
1.042621
1.247952
1.094724
1.131054
1.321026
1.175817
1.148852
1.695795
1.353932
1.125472
1.059409
1.081378
1.296687
1.411444
1.254817
1.467968
1.103240
1.175756
1.231211
1.086442
1.289311
1.180784
1.349456
1.391458
1.068928
1.171116
1.120699
1.139198
1.286918
1.110030
1.092427
1.236518
1.197360
1.091153
1.205371
1.095308
1.065910
1.091046
1.111847
1.316182
1.304835
1.213673
1.265958
1.116395
1.327973
1.094299
1.582701
0.972533
1.043470
1.217057
1.209115
1.073025
1.146295
1.232343
1.094083
1.113492
1.239488
1.291380
1.167372
0.991732
1.403117
1.156587
1.290533
1.054908
1.162432
1.159376
1.299089
1.182333
1.283455
0.968537
1.101612
1.240267
1.124136
1.141464
1.313439
1.180141
1.393471
1.195776
1.148684
1.169995
1.381690
1.331586
1.126097
1.299741
1.256914
1.212834
1.068051
1.206213
1.301049
1.131694
1.092882
1.098538
1.240521
1.403013
1.319968
1.198002
1.197704
1.072011
1.431877
1.043652
1.092239
1.285126
1.166845
1.347634
1.173973
1.205593
1.426162
1.224660
1.089350
0.914445
1.175828
1.139551
1.369535
1.152131
1.261088
0.996483
1.167663
1.077600
1.448262
1.243798
1.121015
1.179837
1.208858
1.176751
1.190723
1.171866
1.132795
1.302183
1.070226
1.187122
1.049967
1.332189
1.028890
1.329798
1.304146
1.173975
1.343197
1.189396
1.102474
1.063360
1.323730
1.197723
1.262781
1.387291
1.208558
1.035566
1.199112
1.458816
1.280233
1.137590
1.125165
1.054060
1.294978
1.229594
1.243657
1.097411
1.518247
1.081520
1.486697
1.223624
1.134712
1.252224
1.359334
1.196955
1.213381
1.411963
1.309243
1.214836
1.132690
1.439012
1.109100
1.296042
1.423058
1.132888
1.081421
1.050484
1.063553
1.352160
1.483253
1.201000
1.229895
1.042227
1.096164
1.184332
1.333764
1.111400
1.400733
1.232820
1.102761
1.091425
1.333219
1.260139
1.296316
1.295283
1.352398
1.059925
1.224326
1.059981
1.188966
1.203610
1.122550
1.132218
1.119617
1.147638
1.241835
1.225360
1.170856
1.100310
1.064271
1.310896
1.299561
1.127529
1.140953
1.275242
1.217187
1.124117
1.035168
1.199445
1.112169
1.041307
1.199615
1.276884
0.911461
1.166796
1.122069
1.421432
1.483902
1.233342
1.361336
1.328418
1.284632
1.500304
1.360797
1.221200
1.308562
1.115016
0.911786
1.153921
1.135320
1.014593
1.088302
1.156461
1.245498
1.087877
1.143778
1.185852
1.029708
0.944330
1.238823
1.207245
1.067054
1.234792
1.240168
1.225922
1.395572
0.954126
1.265721
1.312005
1.183933
1.187452
1.329315
1.386074
1.180166
1.206162
1.079483
1.111401
0.993829
1.201362
1.402615
1.201810
1.043482
1.283763
1.115164
1.465263
1.187218
1.371816
1.243970
1.143204
1.122067
1.411228
1.187510
1.219514
1.123178
1.334396
1.380498
1.215671
1.005657
1.167985
1.116844
1.219017
1.088289
0.961662
1.468425
1.167335
1.396297
1.328806
1.256173
1.047846
1.226050
1.064836
1.188009
1.178720
1.135194
1.125272
1.289982
0.958763
1.027730
1.290270
1.248556
1.201877
1.292951
0.979552
1.181051
1.333968
1.173727
1.132589
1.216998
1.152432
1.264801
1.074749
1.102728
1.409043
1.206470
1.365233
1.306070
1.239218
1.365151
1.281290
1.262023
1.171322
1.220098
0.998262
0.887646
1.063188
1.417153
1.146799
1.424879
1.192097
1.092976
1.212781
1.141126
1.329204
1.097171
1.323279
1.119509
1.065894
1.181452
1.273085
1.281178
1.116445
1.363903
1.238162
1.354427
1.093085
1.142025
1.344038
1.147925
1.470049
1.270484
1.353606
1.151579
1.152963
1.236110
1.301239
1.017719
0.998711
1.083443
1.137666
1.350971
1.222747
1.308781
1.137759
1.081660
1.265552
1.007715
1.154680
1.115952
1.052000
1.365769
1.147208
1.311449
1.304274
0.984552
1.193398
1.186793
1.324135
1.036805
1.165913
1.276879
1.301641
1.338140
1.379496
1.193274
1.150850
1.054735
1.115714
1.117907
1.115774
1.188026
1.106407
1.283302
1.376435
1.545326
1.293648
1.068075
0.997326
1.321717
1.153676
1.122269
1.234871
1.163013
0.895617
1.276309
1.109660
1.290859
1.178120
1.247447
1.182474
1.392583
1.361881
1.499268
1.368803
1.101734
1.242728
1.176392
1.161310
1.313788
1.276928
1.146835
1.260126
1.183682
1.054598
1.061104
1.223680
1.292428
1.380540
1.214352
1.172906
1.104674
1.233418
1.139560
1.072737
1.250874
1.081759
1.219311
0.954409
1.285371
1.127340
1.189925
1.044067
1.269652
1.211500
1.022764
1.442613
1.182662
1.353969
1.349578
1.431184
1.229947
1.164443
1.103924
1.207080
1.476577
1.236104
1.324302
1.192394
1.434870
1.147615
0.910618
1.329774
1.184607
1.126940
1.204852
1.059660
1.203208
1.298519
1.247966
1.354767
1.076740
1.085704
1.280916
1.234692
1.296286
1.433852
1.173281
1.098615
1.304651
1.059589
1.097476
1.143023
1.185829
1.129834
1.621342
1.274124
1.082364
1.203488
1.234250
1.263507
1.242379
0.984858
1.373369
1.405613
1.194343
1.311960
1.192305
1.399168
1.307225
1.065889
1.194757
1.233643
1.098479
0.944438
1.326580
1.192683
1.045877
1.248139
1.198331
1.178758
1.124392
1.097072
0.969543
1.151839
1.330591
1.262689
1.421774
1.238413
1.213819
1.276020
1.011751
