2.514407
2.324576
2.365167
2.263966
2.045446
2.031675
2.056642
2.028905
2.102181
2.034558
1.906346
2.018106
2.012246
2.058460
1.849323
1.921844
1.872889
1.848176
2.002839
1.976329
1.913519
1.965929
1.790379
2.034207
1.853425
1.984161
1.746427
1.974626
1.943605
1.708904
1.802099
2.003434
1.880172
1.850712
2.024454
1.960394
1.949064
1.791994
1.876967
1.781970
1.930300
1.909661
1.866056
1.781352
1.722645
1.903324
1.724325
1.741779
1.905142
1.819388
1.761931
1.831359
1.833283
1.771084
1.834791
1.845698
1.781774
1.818111
1.811111
1.756910
1.797861
1.726216
1.964378
1.832594
1.786666
1.993961
1.706217
1.719640
1.750506
1.723615
1.947909
1.693291
1.884369
1.756861
1.801191
1.774680
1.818135
1.592713
1.681380
1.815177
1.706587
1.711592
1.671831
1.850246
1.622840
1.723421
1.874702
1.712301
1.922263
1.710646
1.575538
1.798034
1.758180
1.843240
1.701323
1.684561
1.842958
1.982604
1.833335
1.869883
1.661434
1.729562
1.766355
1.836457
1.825313
2.219847
1.659505
1.661554
1.641753
1.588536
1.717858
1.802802
1.760880
1.737215
1.549365
1.802865
1.785176
1.710210
1.692093
1.697939
1.697526
1.794921
1.754016
1.930863
1.921491
1.967988
1.739961
1.845496
1.663019
1.792522
1.713434
1.842579
1.742138
1.647587
1.780223
1.657062
1.726456
1.713991
1.812682
1.737123
1.820823
1.704055
1.757885
1.960629
1.763315
1.743909
1.725626
1.922085
1.916698
1.694527
1.634215
1.677485
1.713976
1.748536
1.698358
1.625909
1.607220
1.705474
1.648455
1.946168
1.650383
1.644501
1.765164
1.809497
1.679508
1.673312
1.721343
1.903342
1.631691
1.675147
1.652953
1.641661
1.785607
1.718736
1.711150
1.695477
1.722532
1.791911
1.605740
1.878852
1.543021
1.607153
1.757124
1.843307
1.777769
1.732157
1.766839
1.982614
1.780876
1.721310
1.880920
1.601688
1.849893
1.567127
1.685200
1.849295
1.726133
1.789022
1.946926
1.919828
1.791145
1.817112
1.706604
1.746523
1.565511
1.950941
1.761907
1.613904
1.852776
1.554616
1.678199
1.759080
1.626806
1.794869
1.700428
1.743323
1.633363
1.787161
1.580486
1.589066
1.745455
1.816272
1.842485
1.875160
1.750010
1.687251
1.905637
1.493634
1.548160
1.753598
1.716285
1.798569
1.557986
1.846526
1.754064
1.619059
1.578579
1.712167
1.866379
1.727484
1.701290
2.014740
1.742611
1.699452
1.766308
1.635226
1.708002
1.627795
1.913993
1.812606
1.838462
2.078860
1.720396
1.681224
2.139360
1.622517
1.706712
1.574678
1.861373
1.880554
1.674756
1.816448
1.764353
1.634218
1.542009
1.760265
1.543639
1.677976
1.870732
1.705678
1.767518
1.696629
1.589931
1.655753
1.811838
1.827745
1.666352
1.884379
1.732900
1.739243
1.609883
1.722794
1.838467
1.813959
1.667700
1.722731
1.700108
1.906338
1.936468
1.768556
1.655804
1.675409
1.840050
2.419646
1.678613
1.627630
1.528668
1.517733
1.880254
1.770655
1.525216
1.779115
1.684347
1.837578
1.870188
1.742644
1.701245
1.621663
1.610590
1.787781
1.660273
1.657759
1.851251
1.689726
1.583769
1.843425
1.698277
1.706048
1.683488
1.566156
1.597430
1.937682
1.785972
1.888759
1.851824
1.833974
1.933783
1.668281
1.791087
1.601032
1.671732
1.771425
1.699638
1.734729
2.004174
1.481118
1.699101
1.545756
1.650207
1.848760
1.932454
1.485397
1.808406
1.799469
1.535205
1.785792
1.849984
1.973021
1.610070
1.516819
1.577255
1.814751
1.676709
1.795556
1.818468
1.733115
1.913535
1.639319
1.776101
1.871724
1.757429
1.649367
1.679614
1.752427
1.857077
1.923571
1.756353
1.553440
1.613181
1.718570
1.759074
1.595371
1.764931
1.734454
1.543513
1.828334
1.879958
1.999461
1.862315
1.691279
1.767409
1.673762
1.417374
1.659566
1.750288
1.849649
1.735834
1.869384
1.607305
1.602654
1.912326
1.858716
1.666944
1.486865
1.774863
1.795274
1.722280
1.901207
1.799563
1.565873
1.684649
1.840476
1.616172
1.987149
1.830994
1.704760
1.567523
1.900646
1.605054
1.744131
1.678828
1.664460
1.648289
1.801036
1.856611
1.610027
1.665716
1.616243
1.681664
1.918876
1.542688
1.696483
1.709810
1.470955
1.559935
1.580298
2.071514
1.560680
1.708750
1.717556
1.730501
1.866407
1.727573
1.784805
1.999509
1.901325
1.526367
1.629367
1.547712
1.702932
1.697881
1.732535
1.447132
1.715751
1.510425
1.767527
1.968470
1.558365
1.727463
1.613975
1.749316
1.657365
1.785635
1.819369
1.592195
1.657528
1.668223
1.790811
1.887115
1.667893
1.829039
1.842329
1.944836
1.643612
1.811736
1.696273
1.732984
1.743286
1.722359
1.760359
1.804171
1.778513
1.559508
1.753483
1.877259
1.827498
1.613663
1.557456
1.707067
1.690347
1.918539
1.703407
1.619664
1.627059
1.713231
1.777131
1.760432
1.624986
1.943687
1.777299
1.809220
1.620224
2.160882
1.726689
1.600303
1.538644
1.726787
1.724842
1.861089
1.727915
1.733090
1.765300
1.675457
1.961716
1.644244
1.818656
1.585325
1.853779
1.789127
1.776936
1.720735
1.925378
1.623488
1.634422
1.671739
1.884481
1.802250
1.431890
1.653921
1.705050
1.723472
1.543583
1.626682
1.576397
1.970018
1.748777
1.739204
1.545768
1.725057
1.838492
1.756340
1.970058
1.895535
1.687346
1.681686
1.550053
1.693411
1.614184
1.950390
1.869492
1.583014
1.755682
1.560422
1.730454
1.756380
1.370203
1.700266
1.668919
1.629737
1.956831
1.620434
1.875478
1.922755
1.792215
1.583065
1.918002
1.771943
1.740645
1.663837
1.666214
1.727548
1.567317
1.680733
1.741910
1.565111
1.610654
1.759067
2.136421
1.730591
1.770294
1.651530
1.584657
1.717001
1.860554
1.635258
1.513606
1.620472
1.666045
1.588249
1.851227
1.712639
1.702203
1.648400
2.036873
1.620633
1.716293
1.661714
1.505727
1.666247
1.617953
1.648805
1.838058
1.883886
1.812392
1.810874
1.673673
1.648704
1.852658
1.633338
1.738609
1.971495
1.610499
1.639256
1.797775
1.816017
1.821784
1.621873
1.662196
1.564695
1.781229
1.775607
1.600601
1.626730
1.747142
1.678773
1.755711
1.780856
1.623942
1.706015
1.659935
1.834489
1.789709
1.650779
1.681808
1.674409
1.799441
1.871586
1.850964
1.861237
1.880131
1.662944
1.800149
1.695163
1.798352
1.799380
1.504309
1.746237
1.901683
1.744268
1.827237
1.514333
1.706859
1.587382
1.599765
1.737725
1.646667
1.758685
1.811326
1.587301
1.637664
1.719562
2.308864
1.947502
1.948518
1.817491
1.649124
1.784958
1.607192
1.802173
1.615680
1.864251
1.612203
1.811902
1.646862
1.730910
1.904501
1.759837
1.586392
1.766408
1.695659
1.869835
1.636969
1.696158
1.746256
2.016015
1.682776
1.464572
1.655492
1.799002
1.623378
1.606015
1.743077
1.933283
1.799170
1.661056
1.826655
1.749557
1.827510
1.925856
1.733542
1.896522
1.498901
1.630608
1.664389
1.901491
2.054725
1.700193
1.799143
1.636257
1.748748
1.714174
1.645136
1.912704
1.726743
1.810419
1.574102
1.505544
1.776718
1.627656
1.809165
1.617493
1.601479
1.520812
1.752155
1.622493
1.725694
1.789969
1.699377
1.691325
1.797880
1.879976
1.770298
1.771314
1.722229
1.869789
1.522330
1.839523
1.929522
1.724278
1.732530
1.769288
1.618696
1.598076
1.608189
1.860540
1.540948
1.680799
2.014062
1.682428
1.617400
1.648379
1.640685
1.501440
1.993950
1.661112
1.538343
1.732157
1.615024
1.435680
2.029704
1.609068
1.821736
1.729053
1.854017
1.524605
2.150527
1.771192
1.841989
1.794748
1.614372
1.470582
1.582164
1.844075
1.788296
1.653030
1.741582
1.837498
1.571773
1.699664
1.690041
1.687402
1.825176
1.814433
1.725574
1.719667
1.640854
1.533222
1.552956
1.843970
1.624130
1.656782
1.959857
1.639605
1.837412
1.752181
1.780517
1.906919
1.554766
1.559925
1.671598
1.692303
1.770744
1.753097
1.927418
1.666328
1.649466
1.904220
2.732913
1.869575
1.646046
1.561315
1.943994
1.556082
1.612713
1.898891
1.657089
1.756588
1.699038
1.760542
1.525356
1.820270
1.459141
1.826818
1.759770
1.485413
1.752382
1.843155
1.909708
1.875818
1.684940
1.598470
1.682999
1.653545
1.867071
1.741186
1.761906
1.738455
1.489141
1.684678
1.816116
1.512529
1.663952
1.564934
1.676342
1.735825
1.721966
1.754257
1.781766
1.643150
2.057052
1.730309
1.646332
1.699359
1.621371
1.599143
1.403719
1.987210
1.977215
1.746182
1.563792
1.777043
2.006964
1.754298
1.565767
1.628058
1.631822
1.844654
1.638056
1.785814
1.891924
2.067853
1.515532
1.818679
1.781935
1.629150
1.691912
1.717807
1.763455
1.617596
1.796742
1.673714
1.674655
1.604343
1.700243
1.870052
1.741639
1.571314
1.586042
1.727398
1.673008
1.830195
2.028238
1.846819
1.579049
1.710597
1.674533
1.631323
1.661243
1.658797
1.726467
1.710671
2.045490
1.828673
1.843794
1.988368
1.770783
1.680570
1.699679
1.567403
1.612298
1.847940
1.797408
1.900774
1.537920
1.631783
1.869339
1.667516
1.655826
1.648780
1.695313
1.695480
1.579065
1.737705
1.781731
1.651911
1.905824
1.620631
1.684518
1.764721
1.687109
1.565893
1.635660
1.633082
1.890631
1.653484
1.395838
1.734731
1.736927
1.644343
1.528866
1.794188
1.848122
1.884471
1.546308
1.812503
1.851044
1.698098
1.715370
1.878441
1.503155
1.674444
1.867056
1.866226
1.650085
1.600121
1.723036
1.610996
1.676253
1.547214
1.738557
1.703209
1.696439
1.759261
1.771432
1.896813
1.879590
1.756128
1.759210
1.794840
1.761956
1.753425
1.764176
1.921852
1.792990
1.693792
1.821296
1.845553
1.755806
1.509311
1.783366
1.938340
1.734258
1.710095
1.696858
1.592269
1.873195
1.812090
1.954790
1.767964
1.895241
1.550045
1.694236
1.793108
1.970604
1.860079
1.940944
1.499776
1.905058
1.737894
1.512316
1.658280
1.642690
1.730563
1.632936
1.572692
1.739054
1.618845
1.650440
1.694054
1.664460
1.684792
1.791092
1.728998
1.770612
1.527767
1.605925
1.753722
1.703552
1.748433
1.862623
1.833775
1.863209
1.702018
1.536744
1.715515
1.790896
1.605093
1.866498
1.748963
1.551598
1.698389
1.544805
1.734108
1.795248
1.919926
1.735223
1.805461
1.763911
1.743909
1.653578
1.535109
1.729694
1.621648
1.916648
1.665575
1.673304
1.818664
1.626233
1.751170
1.523355
1.480118
1.955274
1.720572
1.864608
1.488139
1.903131
1.642439
1.772968
1.671116
1.358987
1.499716
1.874363
1.705985
1.718495
1.528359
1.642016
1.567451
1.648746
1.710734
1.656984
1.729410
1.834570
1.615011
1.596503
1.599915
1.775187
1.728303
1.682336
1.639273
1.658188
1.633883
1.725869
1.779357
1.689811
1.830457
1.567335
1.706617
1.797864
1.695844
1.562202
1.624280
1.814411
1.823312
1.678906
1.876688
1.559076
1.686451
1.555937
2.072288
2.221350
1.722829
1.980094
1.983835
1.749896
1.702552
1.837726
1.842240
1.826782
1.530833
1.648359
1.720905
1.817848
1.773035
1.479939
1.912445
1.835568
1.676489
1.653151
1.777591
1.647600
1.616139
1.682367
1.702889
2.056396
1.687859
1.922513
1.864956
1.882128
1.843046
1.662988
1.836367
1.715157
1.754366
1.573157
1.574605
1.668278
1.458131
1.680536
1.591944
1.637623
1.626179
1.599265
1.611248
1.585518
1.626389
1.672421
1.942023
1.904208
1.816054
1.560744
1.644823
1.667201
1.517576
1.607880
1.637509
1.661442
1.783834
1.595280
1.435707
1.896109
1.635333
1.732186
1.453164
1.806432
1.653157
1.821570
1.641891
1.710988
1.690483
1.780102
1.712547
1.545323
1.726658
1.725301
1.661505
1.678904
1.729432
1.647536
1.940662
1.611605
1.743284
1.815895
1.673338
2.019503
1.867879
2.218564
1.680282
1.754455
1.655581
1.755478
1.574010
1.714276
1.712114
1.771076
1.785893
1.884940
1.708207
1.499861
1.658446
1.542062
1.691199
1.772278
1.771227
1.800344
1.542712
1.978971
1.827450
1.889942
1.597567
1.815924
1.972896
1.517658
1.648553
1.835021
1.708369
1.653047
1.700213
1.704227
1.616292
1.895535
1.798259
1.955657
1.527418
1.731712
1.729592
1.975291
1.700159
1.700917
1.694098
2.020146
1.588595
1.645129
1.741213
1.820507
1.492519
1.445340
1.730708
1.651225
1.607152
1.604873
1.839744
1.652027
1.799363
1.771217
1.693668
1.890873
1.842827
2.029242
1.793970
1.610309
1.458034
1.943172
1.721638
1.685237
1.801726
1.929146
1.638482
1.653673
1.583008
1.741679
1.652843
1.886806
1.595240
1.744094
1.718786
1.748712
1.636250
1.712066
1.801065
1.841578
1.489017
1.763777
1.568365
1.756701
1.640170
1.908364
1.764937
1.810437
1.773005
1.757136
1.817784
1.587974
1.738768
1.916195
1.684213
1.921021
1.843217
1.661539
1.726120
1.627350
1.843632
1.892552
1.650477
2.032474
1.851788
1.871931
1.902774
1.875099
1.599567
1.839949
1.673363
1.583618
1.708125
1.627205
1.591756
1.704151
1.743981
1.613619
1.476414
1.504825
1.823294
1.329410
1.703576
1.669368
1.694682
1.676175
1.889967
1.936598
1.734517
1.580181
1.783870
1.838184
1.801891
1.722696
1.956507
1.884044
1.600460
1.915604
1.642585
1.759814
1.856879
1.743223
1.693768
1.584496
1.678360
1.583968
1.762333
1.723122
1.646322
1.811620
1.688561
1.428797
1.916808
1.975491
1.524168
1.654332
1.680208
1.748689
1.654453
1.704044
1.798192
1.773919
1.643006
1.881382
1.636643
1.770732
1.603315
1.793172
1.746815
1.558281
1.635067
1.791431
1.900822
1.447316
1.705325
1.662254
1.769610
1.716748
1.653764
1.632199
1.590094
2.001572
1.802968
1.839606
1.526329
1.918039
2.019194
1.712060
2.017789
1.776859
1.658171
1.821628
1.678623
1.829455
1.649534
1.686314
1.802839
1.810896
1.541913
1.495092
1.837368
1.730942
2.046490
1.497683
1.680222
1.661793
1.830446
1.702378
1.808173
1.734012
1.794327
1.464557
1.702235
1.790084
1.961390
1.519527
1.842393
1.603965
1.575691
1.788733
1.739418
1.678965
1.816231
1.493867
1.630957
1.698791
1.773629
1.796786
2.048751
1.624260
1.692563
1.631209
1.691931
2.019738
1.680844
1.632537
1.848361
1.701540
1.702354
1.775916
1.564803
1.791121
1.551939
1.790247
1.623189
1.590896
1.662267
1.876557
1.701468
1.645616
1.712267
1.806596
1.642843
1.615176
1.908893
1.853165
1.677923
1.766117
1.602202
1.890801
1.763610
1.664841
1.650303
1.725926
1.732857
1.687331
1.594442
1.939790
1.789006
1.631366
1.613590
1.759378
1.756864
1.578703
1.533516
1.818345
1.724955
1.552534
1.807534
1.788358
1.904151
1.929828
1.922069
1.680687
1.659660
1.803394
1.719378
1.672774
1.658049
1.420673
1.570561
1.676060
1.776651
1.702116
1.720115
1.621567
1.623181
1.645933
1.629276
1.631953
1.845247
1.687223
1.625424
1.633033
1.959599
1.821033
1.751798
1.966132
1.605047
1.858373
1.618082
1.731280
2.039215
1.901593
1.853138
1.641893
1.761563
1.560193
1.861687
1.675274
1.497739
1.482798
1.779452
1.511750
1.687430
1.829844
1.719739
1.631062
1.489047
1.653517
1.713332
1.558722
1.869753
1.902188
1.769068
1.674330
1.627958
1.777023
1.764843
1.937909
1.507920
1.729019
1.749010
2.102458
1.752204
1.691404
1.553515
1.687159
1.691082
1.588587
1.775006
1.720213
1.698364
1.734683
1.762790
1.635723
1.698077
1.621272
1.645612
1.666392
1.814618
1.495057
1.640825
1.785085
1.764724
1.684836
1.911540
1.632516
1.936018
1.732134
1.837658
1.761752
1.844415
1.318839
1.733222
1.692877
1.720785
2.047949
1.708155
1.706990
1.616860
1.891552
1.541443
1.707608
1.816963
1.454904
1.658366
1.967269
1.659928
1.825457
1.715087
1.869770
1.532053
1.730346
1.848657
1.774132
1.912770
1.812636
1.756067
1.454388
1.636980
1.955258
1.663444
1.663649
1.894728
1.607240
1.682434
1.569054
1.683768
1.796901
1.641782
1.657048
1.766090
1.546019
1.715358
1.932243
1.773264
1.841108
1.500441
1.857082
1.868152
1.846242
1.668824
1.959131
1.515428
1.635510
1.818014
1.724208
1.984676
1.620299
1.730715
1.818945
1.588682
1.615360
1.708785
1.751714
1.613140
1.907235
1.800129
1.745456
1.663748
1.587600
1.577981
1.560570
1.909136
1.619597
1.391650
1.847402
1.567055
1.633211
1.822205
1.633969
1.571103
1.571497
1.588332
1.738011
1.767914
2.040962
1.505058
1.824481
1.701127
1.667718
1.510211
1.576147
1.726452
1.974347
1.827637
1.977492
1.791891
1.582747
1.567756
1.766212
1.954887
1.922686
1.938192
1.866989
1.560666
1.673892
1.745597
1.897337
1.632139
1.567421
1.788800
1.666036
1.980492
1.633886
1.698977
1.481961
1.835353
1.716466
1.771960
1.742951
1.726661
1.649196
1.628524
1.826103
1.748715
1.864499
1.728083
1.684808
1.821670
1.547131
1.768951
1.879810
1.606191
1.531136
1.675022
1.451268
1.820551
1.637685
1.659903
1.674420
1.793108
1.794058
1.819168
1.630960
1.615005
1.624227
1.809622
1.652803
1.553143
1.652143
1.827430
1.609287
1.704265
1.525652
1.522336
1.629311
1.949941
2.148042
1.465874
1.618650
1.843186
1.801659
1.694269
1.724641
1.623433
1.789685
1.791391
1.643560
1.588651
1.512836
1.397650
1.712854
1.627914
1.751622
1.794490
1.587945
1.863973
1.414095
1.808100
1.582909
1.697933
1.688835
1.676682
1.761938
1.615826
1.572998
1.748188
1.648408
1.920329
1.607325
1.876876
1.750315
1.697226
1.779841
1.780250
1.607385
1.852256
1.746707
1.590042
1.678987
1.704840
1.722271
1.735188
2.039145
1.934701
1.750792
1.798249
1.405703
1.705286
1.606631
1.678250
1.894791
1.577233
1.861858
1.883981
1.521054
1.592224
1.829311
1.830488
1.707199
1.826598
1.664268
1.819124
1.464033
1.608111
1.468534
1.715061
1.702906
1.615878
1.883852
1.617307
1.980922
1.657586
1.839019
1.684614
1.658614
1.636775
1.734206
1.698124
1.757998
1.886462
2.008991
1.868099
1.590139
1.813190
1.630925
1.639485
1.627866
1.611398
1.591533
1.652175
1.817092
1.842797
1.560188
1.617094
1.817796
1.710703
1.796013
1.474305
1.615992
1.757008
1.625225
1.613429
1.792228
1.720187
2.100724
1.769352
1.970368
1.854794
1.795231
2.181795
1.663057
1.468731
1.831169
1.774764
1.709126
1.768168
1.466293
1.864413
1.684643
1.842295
1.552836
1.838883
1.563187
1.906836
1.805712
1.583489
1.605785
1.545786
1.944881
1.628401
1.813364
1.777026
1.691007
1.827628
1.452736
1.899475
1.625004
1.623024
1.929045
1.635649
1.912575
1.815728
1.730761
1.612365
1.827944
1.729725
1.601489
1.623421
1.590893
1.716916
1.454185
1.419290
1.782094
1.820021
1.690859
1.766779
1.472786
1.706615
1.916927
1.841743
1.867384
1.704949
1.728634
1.731583
1.918630
1.625404
1.580367
1.671876
1.819188
1.755174
1.742830
1.719282
1.559968
1.940733
1.510155
1.769758
1.982192
1.758491
1.568286
1.700510
1.920238
1.640873
1.920333
1.698729
1.511269
1.652914
1.581242
1.853045
2.157422
1.720390
1.641049
1.581824
1.896201
1.680929
1.633829
2.019466
1.803102
1.785495
1.659426
1.648249
1.809998
1.500120
1.702448
1.765173
1.624975
1.820881
1.483068
1.707186
1.739301
1.897877
1.564934
1.833842
1.456781
1.702372
1.799328
1.539932
1.722662
1.668968
2.804714
1.584744
1.794954
2.016268
1.618033
1.795198
1.820137
1.771531
1.767667
1.856314
1.632868
1.588529
1.743871
1.600028
1.832119
1.623032
1.831162
1.660915
1.918252
1.663296
1.815343
1.586838
1.864315
1.623003
1.850037
1.870621
1.648467
1.753943
1.578482
1.842878
1.528623
1.948455
1.686444
1.651443
1.822999
1.618104
1.712862
1.580551
1.566429
1.667934
1.519372
1.738524
1.866130
1.755279
1.531708
1.855519
1.719774
1.543417
1.643862
1.432929
1.662361
1.551206
1.805000
1.696999
1.365810
1.810741
1.546437
1.951765
1.856709
1.768067
1.829329
1.806540
1.691251
1.704457
1.640142
1.715183
2.160020
1.492567
1.771647
1.806462
1.585678
1.907937
1.797115
1.555981
1.601861
1.539030
1.764229
1.521875
1.871493
1.697747
1.796385
1.844744
1.794119
1.604252
2.829569
1.739205
1.806509
1.592059
1.718405
1.968819
1.603148
1.663424
1.646092
1.692854
1.712861
1.853929
1.659007
1.628614
1.806483
1.626438
1.700657
1.424115
1.774780
1.619826
1.652749
1.598236
1.548445
1.622074
1.813335
1.966997
1.776578
1.920112
1.797478
1.575931
1.704039
1.640759
1.477888
1.954587
1.786780
1.638411
1.606128
1.642159
1.848750
1.795391
1.548464
1.784237
2.284475
1.752206
1.801925
1.494105
1.619022
1.722839
1.682523
1.550836
1.823610
1.663939
1.496864
1.806197
1.713885
1.655016
1.667284
1.708610
1.523727
1.655046
1.528431
1.730097
1.721437
1.913707
1.574638
1.802179
1.919104
1.747010
1.787772
1.963607
1.828805
1.678399
1.674654
1.680729
1.765301
1.535503
1.709836
1.716394
1.621510
1.961481
1.796125
1.773670
1.685315
1.769924
1.512390
2.003444
1.624304
1.903451
1.691982
1.770626
1.549460
1.732378
1.877979
1.514116
1.724612
1.640609
1.694043
1.870862
1.716301
1.644271
1.677996
1.684509
1.745429
1.623193
1.684082
1.774426
1.698178
1.662587
1.667996
1.758213
1.692405
1.678136
1.640715
1.582493
2.058847
1.528347
1.540453
1.835644
2.031560
1.729744
1.755322
1.649090
2.004309
1.639891
1.704043
1.592531
1.339708
1.689434
1.528012
1.946747
1.851785
1.699798
1.727412
1.695396
1.593779
1.684984
1.748575
1.782403
1.585499
1.595101
1.896533
1.653551
1.617309
1.601570
1.885780
1.691396
1.612368
1.690171
1.742437
1.971583
2.012507
1.598500
1.775313
1.646432
1.696774
1.724922
1.758268
1.579250
1.633566
1.789268
1.666913
1.723247
1.641799
1.749301
1.743164
1.653167
1.915160
1.792329
1.613100
1.829109
1.639241
1.791030
1.709380
1.462348
1.679795
1.609066
1.657446
1.801407
1.569582
1.582586
1.755421
1.583380
1.896163
1.804824
1.760394
1.744626
1.654038
1.728545
1.610816
1.890686
1.734513
1.593240
1.885065
1.601686
1.933502
1.486043
1.656745
1.644433
1.640828
1.729309
1.568102
1.601967
1.673476
1.553335
1.921674
1.840370
1.745543
1.777649
1.672227
1.711269
1.696210
1.653415
1.573303
1.887709
1.759977
1.556092
1.619920
1.580541
1.796855
1.570784
1.601617
1.743327
1.903485
1.719176
1.731715
1.823098
1.552673
1.460565
1.988390
1.793164
1.685551
1.748560
1.655596
1.765353
1.950052
1.759532
1.634067
1.739591
1.815228
1.891751
1.623288
1.661217
1.918477
1.669924
1.942137
1.863911
1.647931
1.826159
1.613203
1.652978
1.846313
1.768250
1.845626
1.713814
1.877962
1.602731
1.721879
1.716724
1.631358
1.970279
1.667292
1.601665
1.869260
1.570630
1.587886
1.555965
1.548991
1.757167
1.742925
1.823356
1.815208
1.866771
1.635027
1.691090
1.679748
1.602144
1.563905
1.421731
1.919071
1.794751
1.920342
1.642540
1.734400
1.710154
1.597353
1.780614
1.764384
1.758731
1.830628
1.679344
1.859793
1.820219
1.896388
1.691889
1.787651
1.854240
1.482345
1.596075
1.767037
1.587356
2.013732
1.809521
1.764768
1.897067
1.920118
1.812118
1.755468
1.855367
1.928332
1.589445
1.567060
1.643006
1.817436
1.530869
1.551861
2.014844
1.774525
1.604168
1.693032
1.731160
1.862325
1.608757
1.952343
1.605855
1.749648
1.761369
1.692202
1.528278
1.782303
1.847691
1.652257
1.760324
1.728326
1.729575
1.854261
1.644599
1.701283
1.901646
1.780698
1.572502
1.834616
1.750495
1.787965
1.654179
1.739878
1.537354
1.522312
1.595807
2.035791
1.521402
1.528420
1.841050
1.665611
1.659497
1.728380
1.598266
1.708821
1.672362
1.538774
1.880747
1.534535
2.090961
1.806831
1.639210
1.693972
1.809781
1.652944
1.906361
1.714090
1.843043
1.744379
1.650479
1.583349
1.823377
1.722560
1.805164
1.557093
1.593422
1.490011
1.629754
1.616578
1.664422
1.664992
1.823585
1.630993
1.693815
1.809886
1.835859
1.648834
1.612978
1.719892
1.838982
1.720546
1.602242
1.885342
1.736783
1.521115
1.690388
1.785563
1.834781
1.688528
1.689605
1.572155
1.846073
1.777178
1.975243
1.838010
1.524739
1.707834
1.826876
1.551844
1.691995
1.742333
1.643377
1.784829
1.594367
1.926035
1.768987
1.793163
1.617337
1.373378
1.568360
1.718860
1.665578
1.770871
1.681500
1.862273
1.502501
1.635622
1.712656
1.829564
1.631833
1.550953
1.962390
1.822213
1.609079
1.763544
1.778069
1.980559
1.836194
2.011080
1.549175
1.840837
1.415463
1.735401
1.583202
2.021282
1.655213
1.498240
1.891416
1.615433
1.625069
1.644966
1.703471
1.554417
1.570583
1.900030
1.780835
1.794659
1.955942
1.731813
1.571671
1.602921
1.847252
1.754538
1.813041
1.781705
1.548993
1.684518
1.829739
1.948385
1.459985
1.665762
1.677920
1.661206
1.799740
1.861294
1.577362
1.675400
1.868017
2.254836
1.740026
1.580337
1.513651
1.859254
1.796177
1.478515
1.559120
1.522661
1.831147
1.676615
1.970342
1.543537
1.674319
1.607456
1.691441
1.588599
1.848411
1.582496
2.069152
1.698102
1.769871
1.558062
1.769122
1.783126
1.730014
1.817366
1.746714
1.495038
1.676297
1.696550
1.796298
1.637902
1.799420
1.612859
1.646622
1.729409
1.976255
1.735336
1.771006
1.701820
1.742118
1.723614
1.819737
1.974740
1.615419
1.654108
1.753429
1.627570
1.853913
1.675759
1.708651
1.565710
1.769800
1.564264
1.715729
1.527717
1.765808
1.698403
1.892987
1.484372
1.490012
1.870539
1.858148
1.724468
1.590259
2.211449
1.592819
1.571757
1.880167
1.654167
1.518456
1.926307
1.976085
1.778563
1.634793
1.767690
1.876637
1.850525
1.704316
1.705120
1.674308
1.662720
2.048790
1.676603
1.716237
1.764895
1.838498
1.783730
1.891443
1.470290
1.957077
1.532382
1.660135
1.665981
1.617358
1.646193
1.669631
1.961719
1.772928
1.521382
1.487585
1.791089
1.469403
1.678293
1.539368
1.862530
1.636214
2.001596
1.606939
1.540403
1.824914
1.670455
1.596020
1.527396
1.724558
1.796691
1.836740
1.602251
1.853404
1.853208
1.631052
1.748341
2.168060
1.933803
1.710370
1.659068
1.691432
1.742684
1.521810
1.484253
1.780450
1.627040
1.663892
1.870842
1.593195
1.863892
1.709281
1.895350
1.684428
1.675220
1.589012
2.016482
1.882022
1.611467
1.453295
1.696738
1.847873
1.761735
1.733148
1.733838
1.636687
1.595964
1.593107
1.626330
1.664259
1.856995
1.699600
1.974490
1.690742
1.792953
1.751475
1.713465
1.727355
1.576881
1.633891
1.958818
1.602605
1.838984
1.675155
1.544281
1.683345
1.735265
1.560707
1.690310
1.711313
1.602065
1.826514
1.827778
1.667932
1.698416
1.587634
1.798522
1.617453
1.811031
1.663484
1.837819
1.755440
1.811204
1.781154
1.940300
1.716237
2.018089
1.736932
1.637636
1.784879
1.591982
1.725724
1.943770
1.744425
1.480111
1.783319
1.636157
1.765446
1.765050
1.623806
1.688554
1.619663
1.794257
1.609812
1.765752
1.605627
1.472272
1.585962
1.827196
1.658649
1.542504
1.685068
1.651157
1.608065
1.662175
1.729644
1.589654
1.689340
1.684663
1.965335
1.973076
1.809007
1.716434
1.980397
1.607568
1.776313
1.616169
1.567899
1.979819
1.731194
1.547563
1.608857
1.571413
1.710432
1.803024
1.757898
1.585803
1.521527
1.710715
1.923083
1.745417
1.547194
1.560242
1.845180
1.874671
1.630162
1.925771
1.411475
1.709282
1.808131
1.964600
1.692209
1.450330
1.510228
1.687899
1.868665
1.879559
1.719345
1.698868
1.543042
1.612123
1.679277
1.852035
1.551943
1.730686
2.038861
1.491110
1.826561
1.603645
1.801328
1.707246
1.527879
1.804091
1.944893
1.761025
1.480434
1.745691
1.760622
1.851716
1.869340
2.076466
1.968039
1.486646
1.840839
1.740689
1.849595
1.628348
1.680701
1.582399
1.635838
1.704339
1.680228
1.740519
1.784604
1.741444
1.739940
1.720989
1.814538
1.535757
1.525848
1.675612
1.649654
1.659532
1.608304
1.611694
1.569090
1.536705
1.892322
1.569073
1.845329
1.687707
1.728268
1.829445
1.623208
1.585618
1.626844
1.658253
1.641364
1.921553
1.568068
2.009137
1.609334
1.788161
1.697098
1.797327
1.858644
1.485960
1.480226
1.732424
1.619742
1.838095
1.829065
1.607642
1.678530
1.802754
1.584081
1.545566
1.872510
1.913944
1.769151
1.628859
1.766097
1.952045
1.566761
1.877760
1.595950
1.832750
1.667906
1.689737
1.618222
1.937126
1.595711
1.523320
1.736132
1.627198
1.918748
1.548939
1.668533
2.004347
1.563576
1.756060
1.890577
1.589090
1.905294
1.911649
1.474478
1.586603
1.606781
1.626328
1.502770
1.771146
1.898418
1.648212
1.601252
1.633952
1.792095
1.661250
1.882082
1.874141
1.663856
1.674678
1.604688
1.666307
1.794754
1.769083
1.981937
1.703987
1.644197
1.514194
1.824460
1.573390
1.667678
1.797118
1.736251
1.646364
1.695273
2.335596
1.641946
1.846248
1.555631
1.704475
1.814054
1.738142
1.756073
1.767726
1.725330
1.473947
1.780540
1.828809
1.608743
1.874135
1.665376
1.747187
1.896973
1.732580
1.855157
1.963333
1.690401
1.496361
1.678659
1.804073
1.692657
1.686386
1.655833
1.530696
1.643001
1.613118
1.550840
2.000924
1.996339
1.605439
1.831176
1.812586
1.710378
1.646690
1.594606
1.879018
1.638721
1.509487
1.638646
1.771540
1.845541
1.538486
1.961911
1.433631
1.529541
1.836612
1.802912
1.691153
1.647560
1.586250
1.865036
1.543200
1.715636
1.883504
1.726996
1.887078
1.821078
1.492272
1.594476
1.748208
1.767023
1.701281
1.614863
2.086550
1.692919
1.922567
1.621052
1.818645
1.682667
1.451083
1.812204
1.664640
1.773267
1.611328
1.608334
1.893677
1.879239
1.871660
1.813661
2.147188
2.012687
1.699021
1.796382
2.084041
1.897665
1.818299
1.620587
1.806541
1.599230
1.441086
1.642128
1.594392
1.681525
1.826126
1.615214
1.588051
1.624287
1.953224
1.688765
2.057173
2.087584
1.774064
1.763554
1.625334
1.540188
1.644148
1.706466
1.658916
1.625490
2.100779
1.705698
1.735393
1.658507
1.540543
1.789804
1.766394
1.734791
1.824514
1.631734
1.614369
1.599761
1.635255
1.710291
1.751467
1.674226
1.601967
1.737436
1.620050
1.578316
1.726629
1.719665
1.521318
1.716866
1.818045
1.613647
1.708570
1.735337
1.723232
1.475582
1.723716
1.403803
1.522026
1.792688
1.625693
1.561129
1.595222
1.886070
1.550544
1.922314
1.629822
1.577044
1.649790
1.588338
1.817070
1.796211
1.670780
1.696437
1.708218
1.573522
1.781322
1.923741
1.742074
1.784214
1.393484
1.536672
1.750324
1.744546
1.714253
1.706067
1.888648
1.612713
1.711113
1.986053
1.586158
1.818109
1.697278
1.710087
1.989130
1.689756
1.740335
1.800755
1.706941
1.711420
1.542845
1.736039
1.899107
1.556801
1.622657
1.625557
1.784381
1.712025
1.601797
1.618779
1.496457
1.459436
1.743774
1.794522
1.636038
1.974141
2.025057
1.633929
1.670803
2.000695
1.853867
1.568669
1.647595
1.684105
1.600098
1.681200
1.856374
1.825298
2.051854
1.697970
1.680715
1.743542
1.533911
1.948393
1.893349
1.471974
1.583935
1.802204
1.572930
1.597614
1.852913
1.744735
1.934496
1.793828
1.788000
1.688502
1.673010
1.555600
1.670110
1.669953
1.666437
1.799389
1.941226
1.642040
1.607041
1.713649
1.529374
1.863338
1.617067
1.647626
2.072243
1.835654
1.542828
1.828228
1.418906
1.466058
2.096610
1.600767
1.939261
1.708261
1.456635
1.352212
1.537250
1.580768
1.644933
1.707883
1.679587
1.753864
1.654043
1.810403
1.867509
1.711465
1.904545
1.554731
1.661309
1.691421
1.683310
1.629577
1.689327
1.574782
1.564955
1.527913
1.634724
1.726311
1.571223
1.802315
1.636627
1.882188
2.088267
1.635906
1.747868
1.714623
1.692182
1.734522
1.549252
1.708401
2.086691
1.691439
1.625624
1.841659
1.926977
1.641324
1.551673
1.567882
1.566132
1.724516
1.973145
1.938982
1.532801
1.475206
1.665929
1.586110
1.650396
1.659357
1.701830
1.802655
1.801768
1.674515
1.567162
1.702911
1.597953
1.665312
1.652507
1.672451
1.555290
1.794047
1.658936
1.556409
1.914537
1.984144
1.737840
1.577648
1.696053
1.559066
1.547283
1.794665
1.839631
1.689661
1.633683
1.661990
1.620962
1.774148
1.874485
1.822050
1.341223
1.523524
1.871845
1.431125
1.451956
1.654586
1.580114
1.831823
1.841741
1.602132
1.823647
1.942578
1.698436
1.652967
1.740823
1.582584
1.920295
1.728071
1.668101
1.483617
1.635762
1.979867
1.770810
1.694965
1.572629
1.818617
1.749737
1.668996
1.546383
1.794325
1.879121
1.517349
1.708454
1.698193
1.959904
1.640482
2.378099
1.617276
1.631296
1.546190
1.584545
1.682594
1.747915
1.802231
1.730911
1.687923
1.716139
1.841582
1.714598
1.566105
1.696904
1.686149
1.643758
1.749795
1.629042
1.501730
1.761759
1.708766
1.909565
1.713126
1.649941
1.902261
1.831914
1.744881
1.665298
1.814650
1.671947
1.981592
1.899633
1.960648
1.663830
1.829810
1.616866
1.729540
1.957443
1.473155
1.717033
1.744981
2.046291
1.721548
1.780332
1.540451
1.876168
1.757840
1.889308
1.673604
1.673539
1.709706
1.450184
1.588552
1.764000
1.585769
1.751097
1.950945
1.622231
1.709371
1.621205
1.817133
1.612467
1.697421
1.726688
1.712903
1.663378
1.605752
1.761683
1.732468
1.587574
1.880522
1.819668
1.455710
1.758417
1.919267
1.745713
1.952050
1.662389
1.719560
1.650669
1.593761
1.507762
1.784931
1.660999
1.450649
1.610445
1.741166
1.536372
1.479102
1.571553
1.554766
1.639944
1.967120
1.750460
1.670731
1.715576
1.615044
1.745064
1.839232
1.957396
1.771912
1.592486
1.703534
1.749103
1.643172
1.574442
1.410783
1.748983
1.643803
1.705673
1.733512
1.786988
1.544167
1.690805
1.693601
1.822810
1.851888
1.798299
1.997519
1.520612
1.811335
1.725109
1.586884
1.795031
1.868323
2.222522
1.850854
1.790168
1.539649
1.686731
1.543662
1.725958
1.846787
1.895742
1.763919
1.867059
1.711237
1.721018
1.956025
1.776894
1.775110
1.709671
1.569314
1.682855
1.880724
1.622015
1.712810
1.523284
1.923897
1.655666
1.712473
1.690877
1.731399
1.591296
1.691252
1.522996
1.731704
1.617427
1.543769
1.588940
1.669967
1.840686
1.759927
1.776392
1.783839
1.514299
1.498871
1.790855
1.664505
1.702081
1.647930
1.754630
1.828484
1.687167
1.628502
2.083074
1.798092
1.654341
1.751931
1.851724
1.768514
1.581164
1.726509
1.554757
1.803947
1.509189
1.612323
1.747674
1.549416
1.712951
1.921018
1.839681
1.680892
1.694631
2.020058
1.787625
1.900062
1.696436
1.697235
1.799210
1.546218
1.525117
1.744997
1.590240
1.496980
1.556552
1.743498
1.811349
1.597162
1.561287
1.588443
1.935207
1.843126
1.827229
1.768973
1.831011
1.754753
1.510540
1.850088
1.794142
1.834451
1.662186
1.832206
1.797123
1.757637
1.725680
1.498810
1.630267
1.928747
1.611787
1.727074
1.675748
1.562401
1.806085
1.797476
1.822500
1.834540
1.631803
1.579144
1.746477
1.471851
1.971242
1.711331
1.656527
1.660994
1.782879
1.732821
1.790435
1.604517
1.628338
2.161001
1.513292
1.770382
1.691829
1.793731
1.698485
2.091456
1.575914
1.710670
1.571286
1.678670
1.783222
1.461178
1.791514
1.482258
1.695597
1.685642
1.638010
1.659511
1.905786
1.806026
1.721837
1.924924
1.870802
1.485304
1.861958
1.764539
1.699724
1.625689
1.723867
1.529695
1.809849
1.542122
1.739266
1.822058
1.964466
1.534806
1.521138
1.565747
1.462448
1.945431
1.676116
1.770736
1.410929
1.668099
1.825487
1.587630
1.946469
1.612672
1.579322
1.820741
1.812814
1.736116
1.817432
1.647498
1.615084
1.632107
1.706591
1.841543
1.617784
1.687069
1.324151
1.750785
1.766358
1.642655
1.617021
1.808192
1.563753
1.709723
1.672690
1.508899
1.935653
1.709451
1.550312
1.611704
1.730354
1.788736
1.793904
1.730866
1.625579
1.856336
1.511012
1.736441
1.789488
1.795404
2.342497
1.735516
1.699281
1.876201
1.716546
1.939754
1.638638
1.641024
1.595092
1.942173
1.626702
2.005506
1.710481
1.630091
1.790023
1.782342
2.226355
1.678625
1.739203
1.753022
1.579407
1.818623
1.621774
1.693010
1.823854
1.811984
1.767645
1.736686
1.574850
1.602861
1.852436
1.823809
1.490436
1.599648
1.858123
1.636537
1.691487
1.689041
1.618652
1.814957
1.537251
1.593183
1.960325
1.487680
1.524602
1.792354
1.877416
1.463594
1.774685
1.546501
1.768998
1.880244
1.870727
1.541754
1.709152
1.775377
1.807005
1.743447
1.732498
1.775638
1.597690
1.728927
1.765469
1.556861
1.537966
1.765626
1.603555
1.428591
1.666988
1.621794
1.789330
1.882808
1.545153
1.896501
1.640323
1.646469
1.688041
1.886957
1.783817
1.833518
1.676237
1.834641
1.624167
1.545217
1.998389
1.701593
1.617571
1.542802
1.553063
1.659728
1.648455
