2.313615
2.134946
2.083439
2.102422
2.273014
2.241400
2.176338
2.096597
1.967080
1.367295
1.080847
0.810281
1.176375
1.320719
1.023424
0.739538
0.691137
0.712375
0.692065
0.650608
0.458488
0.616569
1.284072
1.411614
0.693484
0.957079
0.716594
0.385207
0.282617
0.420908
0.618349
0.720284
0.595259
0.570936
0.632490
0.458242
0.295606
0.488488
0.371839
0.737380
0.403051
0.337009
0.349609
0.222861
0.365166
0.388965
0.532376
0.780960
0.351113
0.524775
0.461494
0.360660
0.219941
0.228716
0.369406
0.637198
0.332816
0.253717
0.214326
0.303481
0.294520
0.499402
0.369566
0.565244
0.300464
0.333136
0.256916
0.165420
0.367097
0.467449
0.348656
0.501496
0.310164
0.188141
0.195536
0.240207
0.392118
0.502479
0.269874
0.378082
0.445101
0.248146
0.937377
0.646609
0.206928
0.394125
0.523651
0.281288
0.344820
0.108738
0.164305
0.233883
0.261050
0.170694
0.405591
0.184070
0.292559
0.333131
0.312106
0.167771
0.376627
0.125814
0.373574
0.448611
0.365022
0.570899
0.175460
0.286474
0.258434
0.218501
0.146072
0.318708
0.171065
0.230993
0.306539
0.413259
0.321434
0.160616
0.144499
0.353175
0.101591
0.226446
0.183034
0.211619
0.378086
0.490999
0.279514
0.538733
0.112357
0.320044
0.189691
0.290810
0.191240
0.179583
0.210048
0.170263
0.286886
0.214517
0.217558
0.379954
0.189591
0.321850
0.177024
0.248857
0.143543
0.051506
0.149344
0.242279
0.488865
0.156569
0.350208
0.130755
0.424070
0.275965
0.353375
0.488011
0.607554
0.216652
0.110121
0.151946
0.176840
0.196945
0.254695
0.202113
0.393532
0.303524
0.129547
0.221316
0.142773
0.289094
0.198071
0.262816
0.248576
0.215553
0.318802
0.248949
0.157463
0.139803
0.170807
0.227315
0.224941
0.148054
0.105024
0.144804
0.138266
0.157805
0.427292
0.364289
0.270480
0.133510
0.126260
0.286879
0.294907
0.255222
0.346674
0.104391
0.285978
0.239932
0.282246
0.113832
0.087172
0.275985
0.194461
0.174250
0.051678
0.189713
0.033271
0.198657
0.196112
0.082631
0.110955
0.155277
0.211581
0.215618
0.575180
0.079619
0.456424
0.190014
0.171200
0.278891
0.092282
0.191311
0.227164
0.249665
0.304228
0.133049
0.189380
0.495325
0.266589
0.235929
0.226005
0.070329
0.480431
0.279667
0.346338
0.228674
0.306653
0.182443
0.205326
0.157734
0.264294
0.195009
0.090216
0.120732
0.109462
0.181821
0.204567
0.185990
0.202627
0.109489
0.189329
0.199322
0.158192
0.302711
0.231429
0.374571
0.197973
0.372490
0.113344
0.272530
0.327887
0.271624
0.200257
0.145519
0.278688
0.399756
0.279242
0.206533
0.161136
0.203326
0.207351
0.095849
0.302951
0.157454
0.194470
0.149751
0.308576
0.353244
0.370990
0.193058
0.381713
0.248777
0.202734
0.288225
0.206785
0.328579
0.109687
0.154816
0.142147
0.193170
0.063383
0.117858
0.290877
0.339571
0.324317
0.296735
0.178305
0.115464
0.302728
0.222487
0.376538
0.146833
0.369917
0.088721
0.271493
0.236604
0.264418
0.261284
0.145133
0.137548
0.181491
0.228120
0.369390
0.187920
0.300445
0.213067
0.244689
0.134556
0.270981
0.118870
0.226603
0.203127
0.288128
0.447188
0.084986
0.489207
0.128794
0.125297
0.463904
0.093115
0.208266
0.143263
0.093998
0.286854
0.217724
0.157023
0.197946
0.120699
0.175068
0.144874
0.214503
0.199251
0.085958
0.087026
0.091822
0.133558
0.160282
0.262586
0.448944
0.165167
0.377428
0.282579
0.278750
0.240085
0.216388
0.231636
0.200145
0.378051
0.224018
0.191530
0.214105
0.181990
0.164428
0.112119
0.132980
0.198607
0.196806
0.164024
0.140464
0.162820
0.302773
0.380553
0.139976
0.205760
0.188814
0.250562
0.248826
0.326687
0.118852
0.198802
0.190712
0.086552
0.369757
0.155714
0.153394
0.135624
0.120673
0.269961
0.040452
0.088596
0.283222
0.178911
0.296767
0.227624
0.170084
0.191126
0.136238
0.135731
0.154292
0.156442
0.157370
0.349883
0.146449
0.176645
0.087944
0.151671
0.278607
0.168689
0.168463
0.270206
0.238488
0.203194
0.324458
0.277219
0.210348
0.243851
0.350908
0.134943
0.046199
0.237272
0.312522
0.122783
0.079738
0.114323
0.347628
0.118909
0.229968
0.216850
0.212929
0.122471
0.131274
0.097957
0.234804
0.210731
0.357404
0.166563
0.153523
0.167983
0.208314
0.369498
0.235118
0.125534
0.221548
0.282467
0.146190
0.165407
0.229731
0.079313
0.067044
0.277618
0.068062
0.277603
0.156724
0.161997
0.204631
0.119217
0.122743
0.131636
0.197834
0.223672
0.082254
0.049605
0.124169
0.245495
0.089117
0.118769
0.168840
0.243152
0.380259
0.140464
0.141323
0.107145
0.293224
0.175989
0.365974
0.154994
0.299751
0.161512
0.166923
0.153944
0.113778
0.148949
0.142729
0.221153
0.210976
0.202207
0.155702
0.497697
0.127920
0.172555
0.119143
0.238094
0.334303
0.129779
0.256919
0.277159
0.245004
0.224313
0.169168
0.165047
0.335004
0.134547
0.170117
0.225818
0.164602
0.223968
0.086987
0.570353
0.074843
0.216953
0.174168
0.115304
0.113499
0.271015
0.144538
0.188825
0.087265
0.408678
0.205453
0.253822
0.228338
0.179035
0.279175
0.274946
0.073422
0.289196
0.171107
0.171590
0.174821
0.055880
0.107854
0.164658
0.447177
0.388791
0.339514
0.371374
0.094801
0.150134
0.184568
0.183833
0.114194
0.088982
0.122934
0.086971
0.150758
0.214245
0.175204
0.151514
0.177419
0.188205
0.296005
0.295791
0.259564
0.079098
0.258419
0.112047
0.217010
0.213077
0.324810
0.178106
0.203758
0.174317
0.179687
0.053399
0.147624
0.305637
0.159208
0.162676
0.307977
0.151185
0.132436
0.272720
0.318582
0.161255
0.157683
0.175151
0.152456
0.274276
0.151229
0.198524
0.075608
0.224621
0.244132
0.717076
0.221405
0.328852
0.120620
0.114374
0.172764
0.193437
0.104010
0.318328
0.289368
0.242388
0.110685
0.246995
0.103621
0.084430
0.152629
0.137252
0.193718
0.260608
0.074221
0.208253
0.163483
0.233821
0.149666
0.238348
0.154107
0.143239
0.140108
0.143705
0.104596
0.231300
0.119623
0.139939
0.111275
0.225424
0.285254
0.143822
0.168503
0.155141
0.185078
0.227599
0.250203
0.113020
0.358447
0.135345
0.436266
0.200403
0.252767
0.092133
0.171160
0.297463
0.102060
0.223899
0.362895
0.102056
0.148748
0.231150
0.191945
0.130295
0.114228
0.064637
0.170150
0.313586
0.171401
0.218138
0.148119
0.129517
0.423101
0.306846
0.122639
0.237759
0.582514
0.183703
0.130841
0.265117
0.188634
0.325779
0.147351
0.128045
0.169492
0.469401
0.315208
0.142011
0.071915
0.117989
0.114451
0.174124
0.300507
0.216485
0.256663
0.109291
0.451152
0.155485
0.186079
0.077086
0.131103
0.088463
0.385032
0.141931
0.153148
0.142045
0.450854
0.158485
0.082971
0.251495
0.114231
0.191032
0.166681
0.125800
0.123046
0.162211
0.401863
0.191351
0.155505
0.385872
0.192972
0.106423
0.139226
0.134966
0.235709
0.202718
0.158839
0.218894
0.077604
0.198988
0.224759
0.341137
0.125825
0.122173
0.146921
0.177116
0.221992
0.281644
0.219024
0.135967
0.236331
0.168369
0.097978
0.156786
0.182665
0.138426
0.119083
0.263120
0.347326
0.112123
0.062280
0.043172
0.180575
0.140620
0.184510
0.121636
0.196848
0.305903
0.166319
0.269573
0.173277
0.234055
0.292730
0.093582
0.122338
0.066539
0.158959
0.284489
0.137947
0.175611
0.088381
0.244322
0.150233
0.116220
0.086176
0.265344
0.197455
0.174719
0.120489
0.108811
0.172145
0.112751
0.123144
0.194899
0.091274
0.129432
0.183152
0.171166
0.183504
0.135491
0.161759
0.120069
0.130968
0.088777
0.143098
0.195974
0.224687
0.310746
0.175518
0.151073
0.148125
0.307727
0.169651
0.264983
0.453095
0.250157
0.265441
0.124617
0.165426
0.309123
0.176126
0.298137
0.336477
0.405788
0.178756
0.224867
0.242617
0.363853
0.316395
0.230263
0.220321
0.159901
0.140090
0.139205
0.117892
0.339204
0.304172
0.283679
0.135276
0.210409
0.216126
0.196226
0.255232
0.142347
0.149872
0.150649
0.282452
0.111191
0.351898
0.292558
0.151481
0.156338
0.215161
0.304799
0.250751
0.076956
0.148255
0.194411
0.180394
0.122218
0.109950
0.116596
0.105284
0.100849
0.309877
0.155713
0.293281
0.334361
0.138979
0.114644
0.122205
0.190544
0.077874
0.128759
0.327352
0.134019
0.149253
0.213832
0.192335
0.132139
0.168517
0.084385
0.078532
0.370103
0.143588
0.104100
0.135580
0.270443
0.263563
0.215301
0.387589
0.127459
0.143966
0.135847
0.134399
0.116573
0.467223
0.212632
0.311730
0.154272
0.091506
0.182400
0.148869
0.295915
0.213403
0.211841
0.169579
0.324676
0.141704
0.212986
0.284672
0.108295
0.170697
0.207854
0.207759
0.199386
0.205376
0.178323
0.202917
0.054969
0.268976
0.213714
0.132211
0.199403
0.222102
0.214435
0.091875
0.150916
0.329196
0.179155
0.154847
0.236460
0.178965
0.210927
0.389281
0.195213
0.316941
0.122209
0.228592
0.106623
0.156701
0.259148
0.190374
0.161878
0.318569
0.184800
0.177261
0.146184
0.064830
0.088341
0.158288
0.159659
0.158071
0.332766
0.210964
0.085457
0.148887
0.214203
0.269002
0.109832
0.079846
0.134454
0.138853
0.137604
0.203796
0.068319
0.302903
0.079436
0.153578
0.228670
0.127369
0.110099
0.286012
0.195807
0.108363
0.115720
0.161260
0.158716
0.150008
0.126726
0.215332
0.121548
0.151256
0.102578
0.187279
0.214430
0.156362
0.191523
0.097959
0.187661
0.329787
0.088341
0.118964
0.272432
0.139347
0.159560
0.301310
0.168205
0.284846
0.270848
0.269092
0.164217
0.223025
0.218076
0.205354
0.116813
0.215768
0.323086
0.142994
0.219621
0.232570
0.175330
0.208384
0.234070
0.138715
0.408522
0.121822
0.220359
0.127188
0.150218
0.232080
0.095959
0.291703
0.161175
0.185916
0.453124
0.214108
0.171796
0.333572
0.130020
0.385656
0.170380
0.292355
0.241724
0.200722
0.126571
0.094754
0.341536
0.241547
0.179724
0.212428
0.237293
0.169291
0.191866
0.151888
0.271988
0.173940
0.196280
0.152005
0.290000
0.226018
0.151027
0.180036
0.022307
0.158052
0.116947
0.161478
0.183122
0.121114
0.094109
0.086695
0.183162
0.234430
0.193100
0.063937
0.294916
0.190946
0.220119
0.109214
0.404322
0.269176
0.135427
0.148088
0.245947
0.149142
0.116204
0.218400
0.140360
0.139147
0.146678
0.192295
0.124116
0.257096
0.149732
0.130228
0.179821
0.127993
0.085277
0.605470
0.260870
0.243199
0.071879
0.188979
0.147148
0.131258
0.281273
0.126352
0.114519
0.115727
0.130341
0.233849
0.071411
0.252532
0.140711
0.099571
0.161100
0.379074
0.147594
0.272077
0.048562
0.116776
0.163780
0.166494
0.354072
0.153613
0.236846
0.176089
0.181682
0.272497
0.374206
0.178624
0.262599
0.204049
0.119678
0.254043
0.181086
0.144036
0.100146
0.157837
0.072966
0.103119
0.149074
0.181849
0.204659
0.144676
0.170719
0.355679
0.095043
0.257821
0.075357
0.070407
0.212773
0.541748
0.255258
0.329705
0.155073
0.340294
0.143381
0.224555
0.272594
0.190162
0.222159
0.153109
0.102621
0.233262
0.152234
0.110336
0.220303
0.181797
0.240327
0.200432
0.133737
0.465845
0.149246
0.153349
0.472805
0.122399
0.354895
0.245439
0.145588
0.331816
0.089087
0.132491
0.198707
0.258970
0.141804
0.129611
0.143134
0.204034
0.381274
0.247186
0.281902
0.097410
0.081124
0.143671
0.232521
0.177482
0.114522
0.471667
0.212000
0.106872
0.371681
0.274843
0.179865
0.196522
0.109630
0.124971
0.124209
0.117163
0.102124
0.198769
0.234524
0.233114
0.049444
0.288549
0.323079
0.180533
0.263237
0.150166
0.158060
0.255969
0.245074
0.108632
0.174071
0.394912
0.151709
0.114801
0.200259
0.153147
0.168554
0.151309
0.101347
0.156479
0.246837
0.196668
0.215582
0.139762
0.204207
0.217239
0.190472
0.399413
0.088340
0.087428
0.161483
0.172283
0.194360
0.229794
0.260832
0.109020
0.188332
0.118497
0.082613
0.141359
0.138379
0.109230
0.176253
0.342373
0.176155
0.455762
0.089491
0.082920
0.081540
0.210037
0.162139
0.248146
0.088940
0.296678
0.224079
0.297759
0.296480
0.143940
0.119095
0.201768
0.336341
0.145611
0.107201
0.257613
0.206585
0.215577
0.185672
0.189621
0.206635
0.236092
0.409523
0.229628
0.241613
0.150921
0.129214
0.160716
0.203370
0.239880
0.151859
0.064773
0.113362
0.309149
0.229945
0.183640
0.148745
0.169843
0.301721
0.159017
0.186308
0.088788
0.162226
0.203259
0.165176
0.185438
0.214264
0.147830
0.183830
0.151087
0.295385
0.287578
0.104671
0.189803
0.144215
0.198487
0.231320
0.121186
0.161634
0.178653
0.132529
0.126475
0.334481
0.154877
0.148867
0.222495
0.202774
0.259535
0.202575
0.226881
0.168346
0.231317
0.349523
0.127227
0.099009
0.200215
0.131880
0.224994
0.197431
0.075915
0.109849
0.098004
0.095021
0.128164
0.397160
0.387795
0.182997
0.167420
0.241880
0.126511
0.180858
0.199936
0.110913
0.088885
0.074799
0.220270
0.107245
0.211781
0.215613
0.174348
0.236908
0.214409
0.186686
0.271012
0.187624
0.350537
0.218433
0.307890
0.245825
0.459803
0.169787
0.215126
0.172655
0.110909
0.217440
0.177814
0.099720
0.270075
0.294675
0.169499
0.218944
0.198372
0.186000
0.136875
0.222704
0.099200
0.133105
0.175587
0.180977
0.128876
0.167017
0.157839
0.207558
0.232164
0.155363
0.299092
0.192844
0.286248
0.107091
0.263664
0.188978
0.337501
0.168287
0.246482
0.248891
0.107999
0.123624
0.098846
0.157590
0.244033
0.221933
0.151338
0.228536
0.132650
0.235022
0.219576
0.130414
0.060943
0.151118
0.202618
0.074594
0.225591
0.230137
0.194080
0.128311
0.052697
0.090127
0.397146
0.223748
0.165156
0.174051
0.172355
0.170750
0.054376
0.311702
0.107806
0.220457
0.130418
0.119799
0.125016
0.155568
0.170289
0.196622
0.137304
0.120431
0.345042
0.377973
0.314530
0.172159
0.166644
0.515735
0.209047
0.199758
0.135997
0.152699
0.179035
0.187807
0.202706
0.130068
0.162893
0.131359
0.215211
0.159226
0.287300
0.186486
0.149542
0.219808
0.149756
0.186969
0.214578
0.179845
0.164563
0.123637
0.204945
0.120346
0.176010
0.243652
0.119212
0.164297
0.258553
0.224164
0.173588
0.122706
0.094599
0.205789
0.354279
0.219387
0.097225
0.252450
0.106835
0.244832
0.379825
0.144165
0.092731
0.157245
0.138530
0.139544
0.195688
0.331978
0.111777
0.133653
0.182952
0.107661
0.115408
0.050743
0.148378
0.130156
0.124049
0.127372
0.148662
0.170901
0.101046
0.149395
0.142365
0.126259
0.112119
0.278355
0.218529
0.075422
0.164509
0.506498
0.257098
0.342425
0.201019
0.277852
0.168945
0.197933
0.105706
0.244164
0.184282
0.180571
0.255217
0.182432
0.222869
0.120195
0.316747
0.153760
0.227296
0.127866
0.155539
0.179801
0.146529
0.369968
0.140740
0.266549
0.099019
0.360199
0.134969
0.217638
0.228085
0.250298
0.204115
0.219570
0.202421
0.150975
0.146831
0.314710
0.143034
0.144532
0.192495
0.239233
0.181235
0.385375
0.141965
0.233560
0.192585
0.082492
0.276331
0.123068
0.193387
0.195505
0.090615
0.136180
0.102282
0.122370
0.247008
0.149568
0.115848
0.258222
0.142138
0.080960
0.221180
0.149970
0.177327
0.369452
0.273263
0.104797
0.104572
0.090770
0.181198
0.161692
0.148902
0.267281
0.184144
0.168636
0.229072
0.112089
0.245931
0.074231
0.272686
0.480812
0.192026
0.424799
0.099831
0.128755
0.233495
0.211365
0.158045
0.224138
0.287892
0.201542
0.187332
0.169571
0.209030
0.190863
0.125116
0.288257
0.168339
0.132102
0.224389
0.246064
0.162211
0.171744
0.158591
0.171446
0.227046
0.117340
0.184547
0.211352
0.354399
0.168588
0.208576
0.102479
0.216139
0.175611
0.114877
0.186859
0.170763
0.289011
0.158683
0.048651
0.215321
0.226494
0.249778
0.411458
0.120832
0.705093
0.363230
0.105733
0.288861
0.295844
0.176979
0.206606
0.242221
0.354920
0.309492
0.207311
0.172149
0.142552
0.184931
0.107387
0.181512
0.200545
0.142499
0.170851
0.200392
0.278499
0.239479
0.209893
0.132661
0.134715
0.243156
0.104329
0.154351
0.254642
0.173557
0.144380
0.083943
0.204831
0.166440
0.125521
0.248608
0.134522
0.131207
0.263021
0.178984
0.258532
0.408212
0.249246
0.310102
0.150994
0.135741
0.154149
0.119137
0.322135
0.239363
0.214297
0.105661
0.089695
0.163402
0.155809
0.137311
0.150416
0.186578
0.241848
0.096646
0.148474
0.212755
0.165004
0.149188
0.259938
0.126558
0.208676
0.151754
0.215809
0.190240
0.162825
0.221137
0.179316
0.230991
0.210751
0.114631
0.180400
0.158217
0.173812
0.134860
0.112562
0.173216
0.179321
0.102415
0.346934
0.158015
0.163281
0.132675
0.171624
0.238976
0.227987
0.128355
0.150480
0.257172
0.154195
0.229902
0.216839
0.127915
0.090810
0.120140
0.127416
0.125543
0.096190
0.183991
0.216450
0.253178
0.220449
0.297141
0.201467
0.139343
0.171033
0.353282
0.274402
0.415623
0.244777
0.133900
0.229661
0.051934
0.541257
0.096319
0.418028
0.127984
0.285945
0.226552
0.193688
0.115143
0.215188
0.182772
0.202664
0.091842
0.211530
0.201483
0.230684
0.190226
0.325393
0.321902
0.276915
0.175960
0.201687
0.207821
0.100506
0.166708
0.252873
0.153379
0.202505
0.173055
0.098057
0.182029
0.162136
0.136470
0.156777
0.145126
0.218908
0.219478
0.232476
0.125457
0.132727
0.269072
0.159826
0.100862
0.133557
0.092469
0.283323
0.086913
0.146585
0.177493
0.212042
0.227953
0.127154
0.276026
0.295045
0.138390
0.372314
0.092165
0.246323
0.138087
0.134548
0.146000
0.117739
0.115694
0.271685
0.151451
0.091443
0.154615
0.116179
0.134115
0.218694
0.127790
0.090693
0.149267
0.216311
0.273126
0.062220
0.189730
0.202951
0.166211
0.127423
0.086083
0.214438
0.213286
0.090951
0.111138
0.261371
0.155606
0.307529
0.165123
0.302768
0.177265
0.138181
0.197681
0.283216
0.147583
0.256214
0.228327
0.200318
0.208148
0.108856
0.148111
0.180949
0.285095
0.248158
0.339692
0.223009
0.172335
0.239833
0.352526
0.227777
0.181700
0.198926
0.073969
0.082468
0.273324
0.266556
0.175688
0.407246
0.192833
0.136866
0.207030
0.185228
0.284879
0.244596
0.261310
0.111006
0.142600
0.142955
0.241152
0.271541
0.152178
0.203319
0.136257
0.184907
0.469648
0.391355
0.168676
0.184491
0.194215
0.158273
0.176577
0.171589
0.239954
0.301811
0.203691
0.159775
0.118151
0.229961
0.128308
0.077919
0.246247
0.099073
0.262709
0.175375
0.201541
0.129486
0.196137
0.080342
0.226796
0.219099
0.129277
0.209841
0.242935
0.155823
0.274804
0.343680
0.121599
0.237081
0.203169
0.169146
0.325732
0.126539
0.144347
0.206272
0.292323
0.110337
0.145816
0.084346
0.150194
0.178060
0.219704
0.182924
0.163210
0.206906
0.251396
0.124498
0.081691
0.082651
0.258743
0.264887
0.278840
0.277566
0.243692
0.167574
0.221399
0.329489
0.184805
0.131309
0.304924
0.230346
0.154662
0.158650
0.162517
0.146769
0.326116
0.117623
0.292328
0.218154
0.206047
0.201557
0.157404
0.516595
0.134837
0.172896
0.239767
0.139263
0.173871
0.422115
0.318801
0.292449
0.129035
0.180363
0.202267
0.231663
0.203058
0.079729
0.350404
0.116235
0.200870
0.186700
0.268896
0.299820
0.139986
0.182181
0.244353
0.262456
0.245499
0.124233
0.171291
0.139911
0.098193
0.085162
0.149237
0.163897
0.132880
0.300404
0.149169
0.126035
0.148475
0.316537
0.170863
0.175858
0.313187
0.276673
0.283691
0.122248
0.135008
0.180022
0.175820
0.229147
0.182919
0.150726
0.174001
0.169926
0.360235
0.134745
0.063542
0.362006
0.190091
0.090446
0.081007
0.136358
0.146194
0.146314
0.198320
0.257774
0.314944
0.242500
0.141345
0.234487
0.171632
0.288544
0.187857
0.208631
0.096904
0.129204
0.377183
0.174871
0.175997
0.197271
0.187534
0.188361
0.304612
0.193332
0.234224
0.111557
0.165861
0.152584
0.192401
0.200381
0.167062
0.162077
0.155729
0.206041
0.277325
0.234679
0.245372
0.100699
0.126776
0.149424
0.265142
0.156000
0.283122
0.179117
0.173018
0.084056
0.177724
0.115506
0.135420
0.166967
0.193772
0.054779
0.123068
0.184367
0.169996
0.244910
0.224976
0.268616
0.298923
0.217132
0.169060
0.303301
0.166868
0.213013
0.294789
0.159870
0.198926
0.187009
0.236086
0.226380
0.229742
0.144686
0.171064
0.129507
0.113664
0.196066
0.148899
0.153138
0.180342
0.332306
0.172088
0.135310
0.152066
0.455464
0.098136
0.059667
0.122545
0.165853
0.211864
0.132825
0.235413
0.166770
0.158116
0.107066
0.159408
0.115333
0.163722
0.223076
0.149318
0.104291
0.097662
0.435136
0.118867
0.251545
0.292347
0.128088
0.145442
0.065313
0.154258
0.554302
0.134052
0.239268
0.283093
0.222437
0.131774
0.345923
0.318757
0.238695
0.160426
0.183561
0.147692
0.254404
0.304679
0.157402
0.230337
0.194156
0.125793
0.241645
0.334553
0.209807
0.306641
0.160774
0.292348
0.280578
0.100444
0.175856
0.166269
0.259130
0.084432
0.140513
0.177126
0.121568
0.220405
0.096725
0.227963
0.158175
0.199943
0.159495
0.116259
0.311099
0.179762
0.115409
0.125101
0.173229
0.156681
0.097360
0.179070
0.243819
0.238697
0.245904
0.227347
0.136499
0.183888
0.130188
0.155788
0.176846
0.278278
0.178020
0.223453
0.432672
0.202488
0.119773
0.252917
0.142624
0.174346
0.224302
0.128771
0.219664
0.134603
0.375814
0.229969
0.191393
0.124000
0.233324
0.131466
0.236967
0.162189
0.119021
0.187213
0.123132
0.211172
0.175376
0.235929
0.173853
0.121490
0.139821
0.073841
0.015246
0.246306
0.201804
0.229826
0.112491
0.250010
0.146919
0.208895
0.122989
0.171196
0.404660
0.147054
0.170587
0.167644
0.250978
0.188466
0.134879
0.166132
0.107776
0.215867
0.232179
0.131258
0.254904
0.599531
0.179114
0.111550
0.151913
0.325470
0.156567
0.296745
0.164372
0.149376
0.247760
0.088533
0.132660
0.130411
0.203100
0.120579
0.204337
0.165988
0.115971
0.157616
0.148797
0.138592
0.142397
0.202878
0.094990
0.093339
0.258776
0.194211
0.270343
0.178459
0.125802
0.084296
0.099120
0.151694
0.102062
0.175511
0.324727
0.120462
0.218069
0.110880
0.095383
0.259825
0.205146
0.093420
0.165688
0.120505
0.297090
0.157032
0.331341
0.228621
0.259122
0.172821
0.378529
0.183818
0.115615
0.171524
0.194062
0.277576
0.401161
0.273795
0.225712
0.129381
0.087111
0.102136
0.134468
0.151763
0.083576
0.163609
0.149608
0.093504
0.299300
0.143063
0.206368
0.193578
0.278181
0.091264
0.186101
0.212075
0.145202
0.184977
0.140606
0.075330
0.039424
0.161771
0.065990
0.264294
0.320726
0.215240
0.323058
0.148269
0.153391
0.209796
0.221508
0.333029
0.209913
0.190609
0.151838
0.165249
0.349692
0.223450
0.248383
0.174518
0.173519
0.231501
0.155847
0.331189
0.263047
0.229187
0.201119
0.136877
0.227005
0.229857
0.091590
0.222133
0.393716
0.216604
0.433492
0.173248
0.195470
0.514867
0.176675
0.182371
0.253973
0.150955
0.479892
0.183961
0.328991
0.171107
0.227427
0.156390
0.152101
0.138947
0.228334
0.420155
0.199649
0.189735
0.243529
0.186458
0.303882
0.189467
0.143534
0.225014
0.095155
0.116548
0.206846
0.258589
0.264270
0.275193
0.113746
0.279683
0.353945
0.152219
0.181910
0.090280
0.208759
0.146960
0.173895
0.190846
0.206335
0.200702
0.370375
0.125426
0.112760
0.278351
0.091511
0.112668
0.121877
0.148896
0.188800
0.133485
0.116946
0.156373
0.125882
0.236003
0.151492
0.171124
0.335291
0.275108
0.202280
0.115420
0.302312
0.155372
0.182763
0.332189
0.247918
0.215847
0.237357
0.152197
0.217524
0.180524
0.139668
0.231032
0.183232
0.184812
0.348486
0.151272
0.111506
0.107146
0.143156
0.104079
0.155449
0.094184
0.104096
0.198800
0.138633
0.211664
0.251151
0.194998
0.174508
0.247134
0.235973
0.142953
0.250406
0.402903
0.228749
0.314390
0.223270
0.110108
0.165791
0.410302
0.176490
0.099719
0.221960
0.167945
0.253854
0.200407
0.107890
0.479807
0.161364
0.179692
0.102739
0.253743
0.225265
0.249910
0.155985
0.115331
0.109991
0.180481
0.110133
0.178655
0.458570
0.189605
0.128570
0.174516
0.338148
0.284033
0.099507
0.181555
0.154145
0.207684
0.104947
0.217885
0.116028
0.285252
0.258579
0.157638
0.214200
0.153502
0.364724
0.142027
0.164438
0.203094
0.116299
0.120871
0.197812
0.069710
0.081238
0.252182
0.196132
0.366584
0.027531
0.161916
0.169176
0.175116
0.110954
0.214059
0.318247
0.145411
0.234764
0.230547
0.259543
0.239523
0.264756
0.211741
0.106428
0.124791
0.188757
0.369763
0.196849
0.204552
0.172496
0.102809
0.173579
0.153900
0.152295
0.068096
0.110021
0.108675
0.566264
0.219599
0.158250
0.188194
0.269503
0.179762
0.153127
0.147318
0.311487
0.251236
0.314185
0.229829
0.151767
0.206647
0.211060
0.411457
0.225825
0.166405
0.235487
0.169687
0.089175
0.156121
0.191989
0.273704
0.112851
0.198468
0.241250
0.147657
0.160639
0.326604
0.214424
0.204073
0.197835
0.358719
0.248686
0.202649
0.312279
0.207176
0.177130
0.132865
0.362722
0.145444
0.188062
0.124188
0.134363
0.113332
0.077784
0.210602
0.232222
0.234076
0.131083
0.250797
0.214575
0.099218
0.077051
0.267673
0.197597
0.141920
0.139578
0.205769
0.244998
0.172420
0.083376
0.242521
0.202245
0.235223
0.219175
0.160872
0.158319
0.281533
0.180784
0.072455
0.072627
0.186645
0.271834
0.119231
0.169091
0.167596
0.279445
0.227542
0.144326
0.104048
0.217765
0.326279
0.128755
0.089249
0.194811
0.230977
0.139741
0.357616
0.137525
0.145145
0.176194
0.321443
0.120799
0.247169
0.304934
0.297407
0.212198
0.135201
0.264729
0.256058
0.165472
0.124234
0.196125
0.156229
0.216777
0.099447
0.194486
0.252007
0.195674
0.133674
0.192879
0.073424
0.099392
0.166050
0.151924
0.196053
0.301190
0.105278
0.141764
0.085996
0.102418
0.066661
0.255219
0.148417
0.348343
0.217387
0.246533
0.180554
0.145620
0.321628
0.276164
0.221268
0.298355
0.244279
0.209262
0.398661
0.509818
0.247591
0.181313
0.280801
0.117166
0.218364
0.106787
0.226395
0.146139
0.217628
0.154204
0.228352
0.176444
0.325090
0.241240
0.170942
0.193549
0.095361
0.162349
0.220400
0.138202
0.222352
0.086778
0.221506
0.224070
0.159704
0.240873
0.322466
0.138286
0.239567
0.180592
0.135106
0.223740
0.129369
0.098893
0.128347
0.144340
0.135442
0.102350
0.188980
0.214789
0.183926
0.305752
0.063634
0.114276
0.205009
0.153273
0.121373
0.325691
0.306819
0.128592
0.161843
0.267444
0.207083
0.199749
0.148020
0.164947
0.157278
0.254401
0.127348
0.339599
0.236921
0.330322
0.120028
0.189996
0.136225
0.297690
0.188107
0.182167
0.114072
0.206799
0.106213
0.208953
0.233347
0.325985
0.205813
0.180483
0.216861
0.380312
0.273232
0.077212
0.113942
0.172556
0.101905
0.164571
0.119581
0.104922
0.157393
0.313119
0.317564
0.198815
0.210848
0.133353
0.086163
0.235702
0.133582
0.105629
0.193921
0.113776
0.218924
0.328111
0.112450
0.164882
0.254233
0.272221
0.278035
0.289243
0.110486
0.126262
0.130855
0.189297
0.270390
0.190017
0.199344
0.221620
0.324703
0.131565
0.216988
0.288806
0.256733
0.355529
0.164070
0.162326
0.275337
0.131653
0.176884
0.417429
0.108665
0.258771
0.183980
0.154074
0.212084
0.118897
0.126136
0.381131
0.308794
0.258937
0.186317
0.196357
0.174433
0.422490
0.229644
0.282755
0.189785
0.184480
0.134990
0.175297
0.291707
0.222599
0.287342
0.199144
0.432703
0.247723
0.171006
0.149611
0.167974
0.219408
0.206514
0.190960
0.155183
0.104859
0.154252
0.226597
0.146809
0.134539
0.094712
0.175084
0.329308
0.106994
0.287444
0.190453
0.351561
0.192211
0.172749
0.176341
0.255450
0.170648
0.148099
0.327383
0.163720
0.157526
0.144776
0.101414
0.068879
0.159306
0.136639
0.139299
0.175008
0.236310
0.357591
0.104768
0.134309
0.263235
0.224997
0.204464
0.193126
0.104991
0.234114
0.136306
0.162549
0.226258
0.168068
0.202291
0.202662
0.096125
0.201305
0.254180
0.174691
0.202673
0.329417
0.152660
0.152225
0.165094
0.099280
0.126237
0.193977
0.161851
0.326494
0.134668
0.187483
0.173629
0.231467
0.284714
0.173138
0.155681
0.130909
0.224220
0.069907
0.337367
0.199450
0.217050
0.227742
0.330636
0.097519
0.238967
0.224930
0.110012
0.157052
0.157716
0.155284
0.181901
0.197813
0.239953
0.289632
0.183541
0.234484
0.205698
0.145816
0.358716
0.132716
0.217219
0.224400
0.217503
0.138778
0.117104
0.083857
0.097466
0.530131
0.083221
0.137304
0.084113
0.280764
0.267966
0.274577
0.295029
0.187673
0.115184
0.314071
0.330836
0.181155
0.268856
0.190181
0.149913
0.325085
0.304113
0.300102
0.249153
0.335645
0.120986
0.233988
0.167845
0.215113
0.240676
0.324809
0.363309
0.181782
0.140080
0.160645
0.077926
0.138574
0.262520
0.159192
0.259252
0.064599
0.146418
0.143637
0.218731
0.167843
0.246532
0.193615
0.091363
0.100932
0.078398
0.293003
0.200243
0.086553
0.176383
0.116645
0.337035
0.140506
0.167962
0.133024
0.241231
0.274768
0.257115
0.419126
0.203103
0.479697
0.194190
0.107058
0.099816
0.291270
0.144192
0.165954
0.241136
0.243431
0.258726
0.110403
0.339844
0.083748
0.162219
0.181173
0.189047
0.173661
0.268391
0.212336
0.216375
0.133824
0.304461
0.317313
0.132823
0.177861
0.116759
0.203539
0.262372
0.183465
0.149635
0.334879
0.120220
0.128136
0.131651
0.201695
0.110913
0.286493
0.129508
0.373761
0.273627
0.210432
0.120826
0.284616
0.185858
0.173068
0.283381
0.199368
0.135179
0.224065
0.170952
0.256872
0.089615
0.179229
0.300055
0.189112
0.095194
0.337549
0.260644
0.177275
0.091010
0.224482
0.205913
0.257591
0.301114
0.183891
0.214068
0.200367
0.405034
0.317818
0.133141
0.177279
0.210805
0.168167
0.164188
0.211133
0.250016
0.168153
0.123176
0.137071
0.076625
0.180275
0.082094
0.188831
0.180406
0.150263
0.163874
0.199971
0.131688
0.168081
0.159552
0.170491
0.113646
0.137835
0.259940
0.167558
0.110511
0.173772
0.097015
0.300763
0.194987
0.147583
0.138628
0.151866
0.109429
0.158179
0.137525
0.226382
0.198995
0.077317
0.302229
0.137410
0.123372
0.390912
0.174240
0.107268
0.099686
0.177103
0.053611
0.202425
0.086654
0.244764
0.131949
0.175721
0.073925
0.359632
0.193230
0.399094
0.233526
0.143079
0.190034
0.198443
0.216898
0.132992
0.131488
0.139305
0.247630
0.300516
0.192170
0.180098
0.262915
0.222494
0.166278
0.350502
0.431156
0.209348
0.419788
0.213235
0.149604
0.128985
0.259664
0.342496
0.083596
0.204856
0.225947
0.241307
0.197430
0.155710
0.154446
0.397703
0.208347
0.168623
0.072302
0.336947
0.324748
0.185778
0.235308
0.094108
0.248728
0.354758
0.305909
0.186882
0.110400
0.164727
0.172493
0.171141
0.390560
0.205442
0.140184
0.174111
0.178458
0.168097
0.385947
0.230092
0.172975
0.148572
0.127867
0.204443
0.155244
0.108679
0.227895
0.144550
0.229283
0.235429
0.266899
0.217087
0.209553
0.120539
0.151725
0.128619
0.155301
0.120065
0.157622
0.130778
0.225133
0.353025
0.148962
0.107036
0.197119
0.230093
0.318985
0.129481
0.197589
0.230210
0.166298
0.175612
0.182377
0.267628
0.097267
0.161501
0.163550
0.191901
0.232086
0.217110
0.205389
0.121794
0.479867
0.206737
0.152708
0.181209
0.115089
0.317497
0.186434
0.177275
0.145961
0.143780
0.193959
0.270867
0.267888
0.251932
0.063875
0.108809
0.126032
0.201807
0.191364
0.217062
0.127450
0.116360
0.211719
0.129379
0.174533
0.209270
0.180677
0.251486
0.293429
0.110495
0.105557
0.286276
0.115723
0.500761
0.205039
0.294323
0.117610
0.349595
0.230664
0.119987
0.124796
0.194031
0.180408
0.095414
0.218214
0.214403
0.235304
0.323242
0.230805
0.234819
0.240260
0.128123
0.357834
0.140516
0.266581
0.183805
0.228137
0.151690
0.317688
0.290105
0.217115
0.091216
0.244485
0.317493
0.106097
0.172912
0.230950
0.181549
0.192767
0.168183
0.181756
0.161036
0.266419
0.295546
0.122035
0.322877
0.312062
0.549006
0.185046
0.129776
0.122404
0.107978
0.170350
0.246322
0.106492
0.189596
0.221278
0.101426
0.138888
0.214129
0.146317
0.215840
0.294802
0.097584
0.199720
0.155009
0.131979
0.157354
0.199842
0.176389
0.257393
0.118467
0.186908
0.225623
0.342778
0.339461
0.119352
0.145540
0.177576
0.089329
0.138783
0.197521
0.176859
0.094492
0.291773
0.114054
0.226818
0.120254
0.146794
0.286250
0.152377
0.243111
0.139404
0.125350
0.105862
0.154618
0.189787
0.221049
0.235058
0.262913
0.108911
0.125974
0.153133
0.260399
0.093828
0.159850
0.235887
0.201632
0.205797
0.246758
0.169455
0.135633
0.232338
0.219644
0.213146
0.086499
0.169028
0.125201
0.189942
0.374398
0.132491
0.217840
0.267806
0.200788
0.193962
0.325520
0.109013
0.128761
0.335967
0.211755
0.387573
0.228793
0.237062
0.332658
0.164686
0.164493
0.197262
0.228366
0.191309
0.162405
0.349395
0.193275
0.167628
0.192005
0.181252
0.454008
0.167291
0.175486
0.340038
0.217836
0.333143
0.338572
0.142590
0.248683
0.100129
0.277738
0.131345
0.228322
0.251373
0.154958
0.139144
0.405059
0.281523
0.250965
0.236733
0.124692
0.201306
0.200573
0.142371
0.176098
0.435649
0.213794
0.152371
0.196967
0.296569
0.103235
0.121705
0.323684
0.197714
0.193124
0.147676
0.252762
0.195551
0.159500
0.115406
0.204648
0.079400
0.254278
0.243850
0.235566
0.128941
0.179476
0.181029
0.204877
0.216773
0.208260
0.105894
0.155651
0.161090
0.155601
0.101597
0.228988
0.312850
0.223088
0.227935
0.156937
0.300005
0.215056
0.117956
0.126250
0.121849
0.131272
0.390784
0.119354
0.140089
0.080561
0.340493
0.106469
0.191015
0.311947
0.131418
0.132694
0.339641
0.081729
0.176520
0.173999
0.140834
0.213846
0.453781
0.147751
0.073347
0.246621
0.237524
0.214331
0.289653
0.135843
0.205844
0.186058
0.122422
0.228252
0.081935
0.239134
0.220888
0.104301
0.121943
0.348552
0.120636
0.108661
0.196526
0.292454
0.241974
0.198075
0.111635
0.126045
0.366841
0.193011
0.111547
0.250478
0.435615
0.168521
0.137544
0.233123
0.142537
0.240473
0.258827
0.192220
0.207558
0.214254
0.226593
0.127684
0.319541
0.153064
0.234646
0.277189
0.250387
0.125220
0.210889
0.156270
0.128556
0.115374
0.116188
0.208426
0.117452
0.240532
0.166742
0.196896
0.299151
0.162490
0.205280
0.232778
0.138538
0.225724
0.477982
0.364538
0.102425
0.159700
0.124452
0.211016
0.189634
0.318943
0.157424
0.397854
0.189081
0.217323
0.194390
0.301176
0.206247
0.276778
0.215484
0.111208
0.356430
0.196763
0.199145
0.106856
0.196051
0.134079
0.273452
0.282970
0.222625
0.255446
0.182906
0.121346
0.144980
0.201995
0.128579
0.115916
0.130489
0.274218
0.518860
0.074393
0.161112
0.172195
0.092977
0.278482
0.127590
0.205018
0.225300
0.251018
0.224666
0.159676
0.316467
0.152012
0.149796
0.204725
0.284076
0.491026
0.229900
0.115761
0.140581
0.230728
0.066478
0.348237
0.088835
0.282869
0.274717
0.118497
0.157399
0.139215
0.241672
0.315592
0.150895
0.256584
0.093506
0.240165
0.192410
0.314472
0.226329
0.212853
0.130165
0.180460
0.255982
0.087957
0.164729
0.121390
0.162178
0.106202
0.226725
0.110816
0.157727
0.144184
0.088307
0.198574
0.189284
0.249499
0.235256
0.149448
0.131317
0.205407
0.170240
0.232015
0.105062
0.166670
0.197082
0.161291
0.324332
0.211535
0.163398
0.332881
0.184749
0.188038
0.112144
0.238481
0.212590
0.206674
0.278592
0.144131
0.167616
0.226808
0.169551
0.092257
0.161107
0.172042
0.167703
0.096221
0.160612
0.140551
0.110725
0.269623
0.210471
0.391549
0.149371
0.256817
0.229506
0.350424
0.170187
0.299990
0.236753
0.166450
0.222596
0.209144
0.280186
0.131519
0.205345
0.195296
0.115613
0.249747
0.175887
0.249368
0.158812
0.267303
0.095655
0.213288
0.141079
0.418838
0.154738
0.110377
0.095598
0.270439
0.340808
0.167450
0.198653
0.160784
0.182689
0.183224
0.172853
0.213964
0.064401
0.138063
0.292290
0.283564
0.119545
0.217791
0.245611
0.128310
0.303041
0.198185
0.094508
0.178714
0.122891
0.248666
0.268432
0.150471
0.184514
0.167820
0.195667
0.186894
0.161536
0.170577
0.261114
0.118094
0.120369
0.265587
0.152767
0.091883
0.208296
0.178484
0.173335
0.137484
0.189137
0.146854
0.245413
0.096377
0.168469
0.160586
0.226990
0.188389
0.265250
0.220925
0.086530
0.150406
0.145277
0.138429
0.126663
0.146729
0.292575
0.178829
0.204160
0.127564
0.294541
0.226815
0.183047
0.486913
0.100599
0.156391
0.051608
0.134232
0.198645
0.147803
0.170964
0.276192
0.147457
0.228497
0.219281
0.330920
0.330880
0.208165
0.245755
0.199664
0.156001
0.255184
0.195724
0.337811
0.285013
0.152505
0.370555
0.324423
0.150731
0.327493
0.333768
0.263518
0.315073
0.425449
0.169209
0.218249
0.476522
0.142882
0.295598
0.149073
0.204079
0.162490
0.226306
0.321655
0.251918
0.245432
0.195725
0.284637
0.208214
0.197333
0.178081
0.212349
0.154120
0.073786
0.177388
0.233944
0.099545
0.150962
0.213398
0.143700
0.246746
0.217413
0.083148
0.185403
0.332015
0.271353
0.251085
0.308484
0.027454
0.178754
0.316382
0.218297
0.162146
0.146725
0.145573
0.158707
0.189555
0.233636
0.207981
0.137348
0.129556
0.144634
0.120124
0.172360
0.182651
0.201681
0.110921
0.154496
0.267512
0.316023
0.166655
0.114785
0.327414
0.358188
0.253517
0.257011
0.311891
0.086323
0.244896
0.149593
0.303748
0.196116
0.551271
0.154507
0.162478
0.061679
0.096025
0.427261
0.103287
0.199572
0.273324
0.123182
0.156431
0.192902
0.115475
0.227286
0.209661
0.257074
0.098899
0.305686
0.446520
0.190055
0.135207
0.138098
0.186250
0.373611
0.166747
0.166955
0.155483
0.231134
0.176151
0.212772
0.280404
0.213310
0.099156
0.170050
0.109972
0.101269
0.152093
0.136128
0.098905
0.103992
0.167407
0.122779
0.299655
0.179879
0.285399
0.432786
0.293079
0.195217
0.307590
0.234908
0.162301
0.126433
0.186147
0.276622
0.201541
0.215811
0.302903
0.095362
0.211027
0.147882
0.142960
0.132258
0.269925
0.250831
0.304939
0.167161
0.146798
0.181182
0.266949
0.235781
0.340001
0.179660
0.248370
0.261499
0.104235
0.122714
0.181986
0.130683
0.165592
0.238159
0.130274
0.217444
0.169426
0.375530
0.116801
0.242855
0.099888
0.222997
0.077630
0.186776
0.249330
0.218528
0.181096
0.185426
0.127065
0.329215
0.248035
0.199948
0.161709
0.316549
0.173412
0.160906
0.213048
0.389900
0.204841
0.222464
0.204531
0.162529
0.285778
0.197755
0.202696
0.174882
0.169243
0.267099
0.141183
0.379931
0.110222
0.096187
0.242282
0.452379
0.189226
0.138204
0.158490
0.239979
0.192513
0.142882
0.150230
0.156412
0.275397
0.121671
0.433903
0.129717
0.074814
0.260503
0.201330
0.126151
0.260907
0.108539
0.290081
0.139344
0.208408
0.147502
0.191490
0.257351
0.294548
0.174995
0.189030
0.134249
0.173313
0.241300
0.174013
0.241396
0.191567
0.213222
0.284349
0.304513
0.176259
0.330519
0.200614
0.193797
0.108869
0.168717
0.110651
0.198840
0.171602
0.132018
0.346721
0.237783
0.171603
0.156873
0.194107
0.371538
0.135535
0.257573
0.172774
0.233916
0.224006
0.079392
0.129198
0.174241
0.174086
0.144435
0.230733
0.272288
0.166590
0.314031
0.182341
0.306628
0.296051
0.150077
0.190028
0.472752
0.198598
0.200913
0.278329
0.164136
0.246752
0.100403
0.144703
0.155324
0.162354
0.242517
0.189927
0.314098
0.184371
0.132387
0.223078
0.191308
0.133082
0.326256
0.188241
0.127619
0.284126
0.320542
0.169394
0.305648
0.265806
0.308734
0.139228
0.125938
0.240044
0.122786
0.161090
0.170366
0.162950
0.237461
0.238784
0.101439
0.263323
0.131182
0.228619
0.282149
0.214227
0.199363
0.149306
0.101023
0.299117
0.108703
0.272041
0.111376
0.161004
0.148303
0.255705
0.291401
0.205976
0.219809
0.203469
0.121653
0.147417
0.112131
0.166446
0.111546
0.168249
0.254484
0.234973
0.271170
0.089742
0.277629
0.097868
0.111007
0.165870
0.177300
0.161491
0.126227
0.209425
0.141369
0.106926
0.232471
0.172787
0.195240
0.149740
0.171866
0.090462
0.388688
0.232712
0.233665
0.140697
0.197220
0.138167
0.228807
0.191301
0.288775
0.146463
0.253040
0.271161
0.195754
0.190828
0.207323
0.081210
0.199277
0.133897
0.303432
0.232705
0.208572
0.222502
0.173422
0.154395
0.353021
0.145204
0.085754
0.192872
0.207477
0.130037
0.096205
0.184140
0.273860
0.373874
0.199333
0.276247
0.176419
0.182207
0.161005
0.110912
0.050294
0.237499
0.339836
0.153464
0.267936
0.185531
0.196309
0.400488
0.116672
0.231159
0.109288
0.439797
0.170429
0.197113
0.231425
0.160621
0.339562
0.492055
0.141419
0.229909
0.111965
0.227582
0.174465
0.161626
0.264569
0.190917
0.197218
0.211794
0.130950
0.242975
0.245160
0.175166
0.232044
0.204662
0.200712
0.335557
0.123326
0.120922
0.179010
0.238389
0.196087
0.214821
0.145120
0.192988
0.233414
0.279462
0.121174
0.163154
0.188424
0.266002
0.220210
0.301784
0.170759
0.225392
0.164163
0.130404
0.278185
0.237948
0.109338
0.347771
0.121730
0.340707
0.182105
0.118216
0.159070
0.099920
0.146564
0.162226
0.269092
0.271393
0.224901
0.214893
0.255245
0.217529
0.420087
0.129387
0.160806
0.288747
0.280402
0.098410
0.329653
0.248017
0.164861
0.367021
0.187566
0.149273
0.144995
0.263830
0.129022
0.182210
0.090614
0.079465
0.077780
0.424854
0.204819
0.124198
0.160317
0.154400
0.242006
0.126183
0.253220
0.112181
0.273969
0.247681
0.129971
