2.275352
2.785872
2.156274
2.150486
2.275526
2.210419
2.166449
2.189461
2.063470
1.773982
1.939173
1.826639
1.728742
2.236200
2.087936
1.927363
1.721405
1.726900
1.595150
1.340875
1.243250
1.364335
1.686286
1.573099
1.575227
1.105844
1.150716
1.017687
1.044900
1.188380
3.543130
1.756981
1.774819
1.340997
1.479358
1.146641
0.989575
0.571765
0.543825
0.524581
0.280044
0.387113
0.182052
0.444176
0.146911
0.463722
0.231076
0.224933
0.166288
0.317754
0.224404
0.151545
0.500896
0.309382
0.667942
0.428804
0.295603
0.305802
0.545898
0.752989
0.954888
0.512988
0.200730
0.273034
0.705129
0.270087
0.257457
0.206711
0.460818
0.298556
0.140518
0.297844
0.157197
0.436912
0.170121
0.366978
0.436576
0.354549
0.227488
0.216810
0.134453
0.135442
0.191725
0.252074
0.089289
0.258455
0.227040
0.303783
0.331173
0.336412
0.366982
0.543344
0.223830
0.580640
0.158060
0.183510
0.166589
0.310396
0.061354
0.383180
0.490289
0.219222
0.289731
0.229199
0.103451
0.150078
0.147938
0.164316
0.278136
0.239867
0.120275
0.475378
0.295740
0.333248
0.074687
0.233455
0.212945
0.224508
0.259563
0.223041
0.328877
0.237796
0.166238
0.354048
0.441473
0.488342
0.143670
0.132876
0.150957
0.290897
0.090588
0.062818
0.293164
0.118446
0.152068
0.184440
0.143986
0.333484
0.270397
0.121878
0.156319
0.052229
0.071964
0.114535
0.031019
0.203575
0.367206
0.193688
0.187195
0.290394
0.084573
0.155935
0.094629
0.129770
0.146547
0.104834
0.230182
0.235506
0.158550
0.288811
0.177109
0.268482
0.351431
0.112890
0.059118
0.275778
0.349805
0.219281
0.211307
0.146633
0.185704
0.151480
0.137510
0.122499
0.131175
0.231469
0.414252
0.197192
0.249904
0.284773
0.215229
0.229653
0.236561
0.234544
0.503723
0.267891
0.160873
0.161320
0.307360
0.161016
0.155589
0.220922
0.280503
0.293489
0.069370
0.149290
0.259878
0.151028
0.251425
0.482019
0.089024
0.227105
0.259909
0.039178
0.114466
0.211872
0.158945
0.237170
0.276091
0.095180
0.181121
0.102849
0.085252
0.278599
0.213196
0.262669
0.129008
0.162919
0.080648
0.115277
0.143331
0.141225
0.231671
0.271895
0.381667
0.215581
0.425386
0.276614
0.411386
0.436596
0.117621
0.098137
0.150203
0.072034
0.101140
0.147880
0.349286
0.499414
0.339857
0.202920
0.092220
0.228535
0.084526
0.099629
0.320426
0.127265
0.182607
0.209113
0.445315
0.235264
0.081005
0.108678
0.079308
0.210252
0.200675
0.312547
0.224567
0.088325
0.163777
0.050719
0.169260
0.126057
0.192211
0.177294
0.084247
0.167532
0.360457
0.200977
0.175656
0.206167
0.161278
0.105929
0.182709
0.115829
0.255097
0.248172
0.366059
0.066451
0.066794
0.017842
0.293583
0.016813
0.047948
0.178338
0.082448
0.159700
0.366276
0.074945
0.518178
0.146594
0.225625
0.256344
0.069518
0.298795
0.102928
0.112590
0.121929
0.058843
0.492182
0.053486
0.092818
0.247825
0.081708
0.118706
0.089885
0.162389
0.191158
0.326401
0.129103
0.202649
0.300052
0.139409
0.469727
0.166226
0.217178
0.213172
0.109736
0.147294
0.263584
0.176676
0.087355
0.107332
0.121370
0.090332
0.115480
0.103109
0.140829
0.409218
0.124270
0.150633
0.209949
0.268475
0.265420
0.256052
0.178648
0.089108
0.075244
0.158428
0.153013
0.386562
0.184666
0.325495
0.121834
0.157512
0.138518
0.115379
0.117914
0.123524
0.429015
0.081517
0.138319
0.225775
0.231410
0.072323
0.076995
0.253622
0.059488
0.269125
0.307934
0.130667
0.211312
0.213943
0.127699
0.240554
0.095698
0.113450
0.264497
0.242169
0.228149
0.195394
0.033575
0.124594
0.082189
0.187151
0.052745
0.136087
0.188646
0.229281
0.185885
0.219443
0.156192
0.128984
0.186302
0.205437
0.328848
0.601820
0.176057
0.211622
0.097456
0.026769
0.144949
0.299081
0.047828
0.232986
0.024698
0.013848
0.025820
0.166363
0.358354
0.082937
0.111605
0.229661
0.053614
0.215708
0.128084
0.136586
0.159356
0.109551
0.432757
0.074267
0.262046
0.106771
0.474999
0.053333
0.045143
0.091323
0.129984
0.144003
0.242762
0.111601
0.185704
0.317243
0.153304
0.139111
0.205035
0.159957
0.227437
0.100875
0.123193
0.088641
0.264631
0.198721
0.204302
0.231922
0.115634
0.116127
0.074449
0.050714
0.050962
0.407341
0.100550
0.103109
0.211206
0.235242
0.084476
0.050827
0.148119
0.124592
0.336003
0.198500
0.191054
0.154290
0.332641
0.163905
0.246917
0.052551
0.235144
0.135978
0.155052
0.080040
0.149334
0.297701
0.089497
0.239319
0.143593
0.213736
0.107649
0.292746
0.181856
0.194292
0.099604
0.189462
0.054589
0.244841
0.081454
0.066037
0.029387
0.228843
0.270753
0.134260
0.104967
0.192966
0.102306
0.102870
0.034134
0.030878
0.123553
0.033399
0.409380
0.255414
0.060097
0.039244
0.163753
0.149813
0.074342
0.154091
0.117902
0.027625
0.117262
0.095681
0.339917
0.036691
0.128318
0.157714
0.079973
0.256368
0.169527
0.036261
0.050686
0.165108
0.060658
0.210441
0.281095
0.265432
0.266707
0.106101
0.096024
0.099270
0.328504
0.073302
0.120870
0.274789
0.139570
0.096509
0.042993
0.378566
0.110655
0.253387
0.066755
0.269685
0.110565
0.388715
0.179837
0.107692
0.102890
0.140759
0.058704
0.190316
0.144986
0.085069
0.119626
0.027392
0.081755
0.055098
0.191343
0.109500
0.062614
0.225311
0.308912
0.175497
0.156621
0.287941
0.057911
0.150827
0.076792
0.180111
0.120098
0.094471
0.121573
0.286025
0.188211
0.144527
0.121061
0.102727
0.109919
0.125788
0.284942
0.141574
0.224479
0.261456
0.055158
0.204388
0.279164
0.086600
0.209946
0.133243
0.175574
0.216273
0.029843
0.210085
0.219811
0.134395
0.050558
0.096621
0.268884
0.071152
0.144039
0.078316
0.046901
0.130322
0.067980
0.155895
0.060989
0.146892
0.240920
0.067978
0.190953
0.058056
0.086057
0.111078
0.105705
0.060825
0.288410
0.053863
0.120347
0.115291
0.069147
0.097258
0.086118
0.045402
0.141020
0.252572
0.154112
0.180353
0.088746
0.223254
0.180876
0.249824
0.069787
0.224431
0.152622
0.053132
0.773301
0.065809
0.130890
0.195389
0.022393
0.175774
0.189396
0.155579
0.258927
0.076349
0.309070
0.113585
0.108728
0.102116
0.185565
0.255958
0.124989
0.067952
0.106606
0.104032
0.084354
0.100878
0.083373
0.097636
0.031968
0.211685
0.138226
0.035615
0.191604
0.057822
0.266877
0.408131
0.174378
0.366446
0.086317
0.193508
0.031499
0.009144
0.064005
0.052206
0.078681
0.232020
0.087505
0.327368
0.067293
0.102049
0.159224
0.078765
0.110581
0.083886
0.146490
0.073183
0.076172
0.222050
0.178928
0.048674
0.154920
0.106034
0.260296
0.092859
0.088604
0.055546
0.068620
0.110072
0.038407
0.109493
0.101253
0.170648
0.029313
0.276368
0.086358
0.065077
0.250620
0.177699
0.273564
0.192008
0.215078
0.073417
0.115237
0.203139
0.079171
0.230248
0.261466
0.233633
0.069513
0.073442
0.032152
0.100930
0.138830
0.020121
0.022260
0.233935
0.104270
0.138447
0.266247
0.028407
0.049004
0.042244
0.063805
0.086032
0.034897
0.155390
0.141506
0.178526
0.049914
0.087710
0.138283
0.249483
0.133774
0.118591
0.293050
0.110487
0.076708
0.177392
0.063082
0.192399
0.049088
0.083309
0.123187
0.042052
0.266630
0.126965
0.194364
0.089293
0.123819
0.545935
0.216947
0.096316
0.103542
0.214985
0.238397
0.057345
0.063548
0.144620
0.168308
0.196715
0.162650
0.153887
0.157282
0.054980
0.246879
0.222467
0.469105
0.161901
0.197867
0.109786
0.184520
0.217503
0.101998
0.127136
0.021569
0.184298
0.135970
0.021082
0.058429
0.162234
0.092708
0.030879
0.082237
0.047655
0.121847
0.068559
0.136754
0.331087
0.185167
0.221936
0.137725
0.345911
0.182940
0.015634
0.068483
0.139173
0.119733
0.206020
0.102679
0.196717
0.212513
0.155844
0.076786
0.108309
0.102615
0.028413
0.049718
0.283515
0.093018
0.022919
0.048309
0.050677
0.235158
0.170891
0.063906
0.244997
0.090415
0.169829
0.121909
0.327330
0.063235
0.035114
0.094871
0.198722
0.050477
0.089843
0.108548
0.091379
0.399525
0.146975
0.071170
0.173187
0.111611
0.295627
0.116323
0.054060
0.054935
0.096664
0.120662
0.161414
0.056927
0.096926
0.122532
0.131923
0.028472
0.028582
0.184954
0.061976
0.180308
0.070598
0.091444
0.064549
0.175655
0.312311
0.047949
0.125802
0.156677
0.057457
0.070889
0.096492
0.070048
0.067505
0.034845
0.027582
0.058431
0.048346
0.093381
0.044270
0.083379
0.155589
0.138920
0.026054
0.199251
0.215929
0.051020
0.127753
0.059024
0.045495
0.165416
0.160897
0.041146
0.187695
0.041855
0.194399
0.214387
0.329805
0.146319
0.085648
0.209595
0.229581
0.188888
0.216350
0.093943
0.081660
0.052934
0.078400
0.047397
0.100882
0.117417
0.221498
0.395755
0.172911
0.158082
0.213728
0.048515
0.247885
0.381659
0.098893
0.210188
0.084010
0.251179
0.091625
0.033617
0.186704
0.062911
0.036596
0.236096
0.150441
0.129860
0.314998
0.118104
0.141402
0.066897
0.167594
0.255460
0.218918
0.262442
0.093746
0.138174
0.094857
0.250747
0.041561
0.217649
0.064317
0.135946
0.032426
0.077696
0.017663
0.149327
0.151070
0.074641
0.118875
0.142574
0.136835
0.106060
0.038088
0.060116
0.169367
0.207142
0.118437
0.322636
0.142144
0.120420
0.070980
0.066725
0.043404
0.036849
0.099079
0.128778
0.156086
0.193838
0.068487
0.088247
0.225255
0.055234
0.232461
0.091030
0.194431
0.116374
0.137693
0.015509
0.249189
0.024383
0.108313
0.129164
0.063699
0.017680
0.019079
0.052687
0.224368
0.145038
0.274512
0.196803
0.051002
0.062654
0.098666
0.023548
0.036397
0.171927
0.102508
0.018942
0.039801
0.062959
0.055436
0.231072
0.459906
0.135620
0.162480
0.102983
0.396517
0.265837
0.129908
0.026577
0.069730
0.209987
0.115837
0.092340
0.297587
0.087737
0.148959
0.107316
0.070168
0.042597
0.068287
0.213544
0.087000
0.045981
0.140203
0.096926
0.219124
0.029614
0.086234
0.163191
0.100165
0.199064
0.102064
0.034518
0.035902
0.256627
0.138394
0.256817
0.064644
0.061542
0.083938
0.101743
0.127918
0.118525
0.298161
0.132259
0.091058
0.110888
0.181292
0.198669
0.039101
0.187530
0.146876
0.377950
0.275505
0.258500
0.108285
0.096785
0.135022
0.129580
0.032622
0.131411
0.174305
0.077127
0.009391
0.107164
0.022552
0.098134
0.164235
0.058158
0.092967
0.040591
0.087712
0.190895
0.030312
0.076961
0.119783
0.262416
0.116093
0.188729
0.131604
0.117219
0.047448
0.209878
0.045000
0.043013
0.130495
0.116254
0.310511
0.098227
0.034874
0.120910
0.391543
0.139102
0.057124
0.060452
0.090795
0.052835
0.055598
0.061914
0.053602
0.049108
0.042788
0.118205
0.140221
0.051158
0.026324
0.033264
0.105734
0.239552
0.055174
0.161429
0.202705
0.371233
0.210850
0.072207
0.220355
0.072162
0.063577
0.054875
0.040063
0.219023
0.140968
0.262436
0.218152
0.195417
0.352262
0.123271
0.030687
0.069770
0.154744
0.133411
0.047842
0.031194
0.041501
0.078465
0.174032
0.208992
0.154803
0.108523
0.051662
0.248533
0.098975
0.276979
0.127284
0.183325
0.110719
0.134124
0.069440
0.098181
0.031806
0.106691
0.174133
0.090993
0.070216
0.056567
0.199620
0.295263
0.056159
0.110653
0.126108
0.069659
0.039840
0.030204
0.157349
0.298466
0.052804
0.056704
0.099257
0.064786
0.020417
0.093789
0.088174
0.071180
0.175347
0.149888
0.132667
0.017865
0.276868
0.272221
0.194197
0.045894
0.156817
0.119748
0.264847
0.223399
0.129197
0.175803
0.288585
0.333079
0.044768
0.118227
0.052949
0.039874
0.078815
0.128703
0.018895
0.101676
0.070173
0.121542
0.063915
0.288542
0.052320
0.035679
0.103636
0.031265
0.077583
0.281941
0.122204
0.190206
0.204272
0.076520
0.180121
0.056894
0.073901
0.154718
0.090380
0.034986
0.061832
0.097565
0.076244
0.032431
0.099637
0.074920
0.078667
0.032232
0.128829
0.119460
0.053327
0.036211
0.072867
0.208154
0.243385
0.090874
0.275890
0.199929
0.360809
0.065446
0.032029
0.054102
0.207797
0.145038
0.052282
0.107572
0.055321
0.026001
0.213519
0.038536
0.153648
0.048166
0.108921
0.053865
0.187185
0.265445
0.345474
0.149348
0.110401
0.207147
0.096864
0.096273
0.044109
0.395079
0.167300
0.104398
0.054425
0.034186
0.158182
0.029184
0.058693
0.071036
0.067563
0.079982
0.179902
0.065131
0.063929
0.063246
0.073185
0.016071
0.062192
0.203766
0.009092
0.073638
0.190846
0.078728
0.177513
0.133415
0.139258
0.120369
0.098860
0.086368
0.214865
0.235442
0.117016
0.037519
0.068897
0.103687
0.112602
0.066710
0.132368
0.194751
0.096790
0.376946
0.256608
0.063035
0.146885
0.118089
0.072761
0.225591
0.089353
0.103328
0.190877
0.033962
0.129882
0.064565
0.039502
0.115957
0.138046
0.051475
0.152733
0.062834
0.066152
0.058081
0.198082
0.114763
0.146700
0.132713
0.154293
0.278693
0.059984
0.079606
0.051749
0.053359
0.032562
0.195921
0.182575
0.055072
0.141765
0.077842
0.065433
0.279929
0.224990
0.022938
0.150514
0.081091
0.347618
0.137291
0.024157
0.105450
0.224766
0.033464
0.022493
0.074544
0.030014
0.249131
0.069817
0.018265
0.084328
0.214296
0.236299
0.010398
0.099082
0.139828
0.167079
0.063177
0.160066
0.313870
0.068001
0.128566
0.017268
0.058314
0.165785
0.113274
0.091269
0.022431
0.028500
0.092132
0.159217
0.122013
0.100591
0.250486
0.039899
0.079628
0.055466
0.120132
0.074427
0.211351
0.050248
0.070078
0.094549
0.038277
0.315865
0.047554
0.055838
0.092864
0.120967
0.121219
0.108483
0.026867
0.348200
0.154002
0.142351
0.082878
0.165929
0.040931
0.059606
0.069592
0.065204
0.195552
0.120012
0.097920
0.065634
0.096707
0.211362
0.092423
0.170739
0.078041
0.105495
0.194104
0.423697
0.178002
0.186611
0.096571
0.202892
0.150386
0.048650
0.075472
0.031956
0.037676
0.035328
0.105942
0.018878
0.037047
0.077104
0.219956
0.097014
0.065890
0.285547
0.077036
0.182909
0.231335
0.189274
0.234631
0.075461
0.086786
0.152366
0.065563
0.069505
0.076645
0.028927
0.056082
0.034370
0.073479
0.013945
0.086040
0.051374
0.013648
0.028135
0.075643
0.365718
0.106471
0.467612
0.036318
0.064440
0.086945
0.093946
0.073928
0.125031
0.058655
0.103661
0.071880
0.063352
0.044323
0.257547
0.074389
0.037263
0.309356
0.046366
0.087922
0.119840
0.092289
0.202331
0.108062
0.214825
0.055659
0.014927
0.120380
0.068723
0.067939
0.210592
0.104243
0.049080
0.027353
0.074557
0.040659
0.111071
0.050422
0.057822
0.111383
0.139293
0.148767
0.102133
0.161706
0.132203
0.057469
0.064918
0.188282
0.078430
0.119289
0.073004
0.106857
0.062939
0.102823
0.143367
0.207729
0.124228
0.108841
0.070240
0.071368
0.074220
0.135286
0.041708
0.044645
0.216225
0.195579
0.017661
0.180140
0.012734
0.070380
0.052622
0.095337
0.120198
0.283813
0.041156
0.274145
0.131905
0.088878
0.064223
0.082792
0.027856
0.077714
0.115278
0.033251
0.084591
0.008704
0.113863
0.080290
0.093737
0.137984
0.305092
0.281183
0.230972
0.029890
0.022704
0.089423
0.058073
0.060819
0.340012
0.212455
0.073936
0.058498
0.136669
0.024294
0.030780
0.296785
0.174353
0.213300
0.197320
0.028183
0.141325
0.081922
0.140024
0.077527
0.251023
0.050049
0.113714
0.046736
0.020667
0.030171
0.162327
0.086799
0.225494
0.076299
0.234838
0.048315
0.361736
0.066237
0.419219
0.180482
0.026428
0.089260
0.218994
0.028144
0.012830
0.141442
0.046095
0.135212
0.033851
0.146102
0.086810
0.083987
0.075970
0.228804
0.098432
0.156115
0.233206
0.033421
0.043323
0.126274
0.136044
0.170818
0.071656
0.009417
0.172725
0.247437
0.275190
0.083222
0.235807
0.125462
0.255947
0.135876
0.082677
0.030447
0.055248
0.026196
0.241868
0.123465
0.042276
0.082627
0.062832
0.040040
0.129360
0.139653
0.045842
0.158295
0.042866
0.116526
0.034735
0.077637
0.034634
0.035846
0.033268
0.022139
0.042488
0.037695
0.041840
0.021088
0.207189
0.028128
0.027267
0.208175
0.058459
0.115172
0.107074
0.215824
0.023064
0.105354
0.156155
0.119993
0.086801
0.130467
0.086402
0.276470
0.058241
0.118395
0.218812
0.154866
0.110171
0.109777
0.043181
0.034854
0.081212
0.046081
0.110947
0.238868
0.076932
0.107204
0.167496
0.132563
0.185103
0.019387
0.192015
0.087501
0.102561
0.113616
0.024492
0.028297
0.115490
0.134170
0.186915
0.130754
0.211578
0.105360
0.173845
0.165461
0.038856
0.155063
0.099875
0.092072
0.045521
0.015602
0.128533
0.057678
0.074629
0.044481
0.175624
0.167950
0.135983
0.077609
0.050734
0.143265
0.064850
0.127676
0.101094
0.169154
0.022633
0.114376
0.214359
0.137198
0.052603
0.091640
0.231901
0.026161
0.119369
0.064425
0.056084
0.125368
0.022463
0.018425
0.060211
0.105352
0.300322
0.214196
0.055666
0.330278
0.025302
0.161654
0.192211
0.020954
0.066558
0.148475
0.054160
0.144844
0.357034
0.081580
0.149096
0.206315
0.172846
0.167045
0.066478
0.103099
0.072659
0.020485
0.152493
0.114756
0.109454
0.159610
0.035841
0.181554
0.086000
0.279701
0.042950
0.183772
0.161982
0.008558
0.198265
0.222587
0.039347
0.041442
0.136027
0.041327
0.063711
0.020904
0.140743
0.090473
0.048345
0.213932
0.131072
0.075094
0.062251
0.028104
0.070208
0.039475
0.037389
0.157350
0.133552
0.312964
0.053249
0.075104
0.057686
0.071855
0.131800
0.067741
0.038240
0.107252
0.038811
0.068573
0.038824
0.113204
0.016401
0.143905
0.303325
0.121284
0.037353
0.121650
0.102706
0.177090
0.033487
0.078533
0.046463
0.039870
0.105790
0.024786
0.022322
0.018946
0.047404
0.114243
0.108744
0.072018
0.101236
0.178600
0.032094
0.040284
0.133737
0.135986
0.112570
0.022594
0.011347
0.180326
0.139058
0.040040
0.043294
0.151351
0.039823
0.046623
0.040483
0.120446
0.180957
0.017346
0.033635
0.065996
0.043684
0.197929
0.104768
0.052466
0.103746
0.210206
0.150123
0.162667
0.216070
0.014161
0.230640
0.123762
0.022465
0.025513
0.078989
0.288789
0.143558
0.100932
0.078238
0.148921
0.037087
0.228322
0.203016
0.028830
0.219090
0.048592
0.205378
0.178414
0.083673
0.041578
0.113273
0.303107
0.134537
0.147741
0.154682
0.088783
0.032512
0.071144
0.136062
0.168071
0.100293
0.058609
0.164367
0.077448
0.042106
0.106679
0.030652
0.131838
0.080028
0.157367
0.020638
0.095932
0.153422
0.068584
0.041501
0.037090
0.182387
0.084652
0.040860
0.063428
0.209850
0.089403
0.052215
0.160398
0.072117
0.225171
0.133984
0.025051
0.037874
0.036434
0.221767
0.048080
0.133015
0.030498
0.123642
0.070417
0.352371
0.312086
0.041786
0.151253
0.157653
0.234373
0.024128
0.182117
0.155369
0.065202
0.045524
0.135952
0.110261
0.098653
0.191476
0.018468
0.110973
0.046817
0.035314
0.064300
0.129327
0.037254
0.024716
0.010060
0.021416
0.082588
0.020085
0.098731
0.093295
0.010591
0.032069
0.009348
0.102594
0.097968
0.158657
0.015089
0.157227
0.197444
0.160670
0.044296
0.081874
0.063627
0.070586
0.098830
0.024954
0.009557
0.102550
0.017128
0.071526
0.036095
0.021274
0.083476
0.094762
0.008211
0.049927
0.121110
0.206514
0.019609
0.226128
0.172887
0.038469
0.182597
0.243205
0.142625
0.273132
0.178274
0.120405
0.095819
0.106223
0.071021
0.067711
0.087372
0.157353
0.228432
0.308411
0.057350
0.054165
0.079315
0.285404
0.048390
0.086109
0.159823
0.132558
0.090720
0.051674
0.081366
0.095605
0.146651
0.052035
0.084483
0.041469
0.022229
0.055275
0.077838
0.046512
0.059688
0.189540
0.037271
0.123833
0.011038
0.179792
0.164404
0.156354
0.017900
0.024672
0.061658
0.093061
0.058679
0.075533
0.114077
0.105925
0.153975
0.101367
0.175736
0.019050
0.024672
0.121490
0.029083
0.027613
0.105130
0.032448
0.068761
0.031219
0.312949
0.045985
0.054701
0.239039
0.036642
0.061541
0.025364
0.139599
0.040380
0.085938
0.122844
0.223298
0.072774
0.172062
0.033524
0.050459
0.126561
0.060777
0.017742
0.042818
0.222550
0.037860
0.073550
0.151184
0.137037
0.052544
0.015634
0.063884
0.113672
0.093115
0.032544
0.123061
0.035280
0.031405
0.034255
0.147376
0.135537
0.279344
0.189755
0.028913
0.130461
0.078731
0.119888
0.057086
0.122410
0.144787
0.157353
0.071035
0.058896
0.250913
0.026404
0.168399
0.096830
0.087144
0.197857
0.068673
0.141963
0.048119
0.013048
0.112450
0.088083
0.015730
0.088694
0.021516
0.054043
0.053577
0.261381
0.371929
0.179723
0.075807
0.240887
0.045479
0.057110
0.192513
0.216649
0.048905
0.182430
0.238927
0.079083
0.055422
0.099442
0.012665
0.282488
0.213232
0.144517
0.121817
0.174501
0.178687
0.139038
0.063698
0.163903
0.031120
0.367984
0.014724
0.046639
0.038933
0.070308
0.338798
0.009557
0.209300
0.068978
0.039627
0.039140
0.226097
0.018039
0.018259
0.088774
0.068776
0.140000
0.133968
0.087875
0.010333
0.011816
0.058740
0.080010
0.147336
0.175292
0.030958
0.111855
0.143399
0.018911
0.066304
0.120193
0.140011
0.070758
0.059005
0.130128
0.107044
0.174251
0.019637
0.036636
0.095716
0.098617
0.056902
0.083564
0.197520
0.158526
0.044161
0.113470
0.043732
0.018030
0.078058
0.011954
0.017190
0.041926
0.023111
0.059527
0.092916
0.117562
0.101690
0.033444
0.060683
0.070057
0.050702
0.233812
0.117318
0.026994
0.097780
0.180329
0.079089
0.044884
0.150075
0.102982
0.326701
0.121632
0.068749
0.018295
0.105056
0.085802
0.072147
0.066390
0.041229
0.023579
0.033531
0.093108
0.082800
0.040021
0.078073
0.087103
0.033033
0.228955
0.030166
0.146533
0.188055
0.038496
0.049566
0.113901
0.055337
0.030579
0.184286
0.056657
0.097850
0.040435
0.126879
0.160304
0.026980
0.093294
0.147543
0.189111
0.090765
0.060759
0.260416
0.020656
0.077880
0.182480
0.023751
0.099931
0.036015
0.171346
0.026859
0.083218
0.335031
0.095355
0.044229
0.259918
0.038175
0.059808
0.054447
0.029118
0.026504
0.201230
0.098845
0.060853
0.168872
0.037206
0.152271
0.122559
0.113637
0.019175
0.042328
0.166647
0.223562
0.098658
0.114168
0.040346
0.028757
0.137204
0.088250
0.039535
0.121007
0.042142
0.032002
0.031238
0.045530
0.280632
0.057865
0.041358
0.056840
0.036209
0.006259
0.209653
0.074689
0.058588
0.091037
0.162702
0.160982
0.025717
0.072756
0.249836
0.084472
0.355878
0.062646
0.008039
0.062262
0.052583
0.018705
0.154257
0.089463
0.037751
0.115144
0.063756
0.084311
0.064889
0.093241
0.096367
0.022448
0.144258
0.059380
0.208186
0.118834
0.054264
0.082789
0.127234
0.031684
0.023238
0.074641
0.182679
0.075668
0.038650
0.185733
0.008515
0.062848
0.077206
0.117157
0.182987
0.094708
0.081889
0.090819
0.082229
0.156238
0.086569
0.068574
0.104249
0.058372
0.154740
0.147333
0.247939
0.117697
0.107175
0.031073
0.118736
0.113906
0.031936
0.273939
0.092584
0.100978
0.211351
0.111222
0.046841
0.084552
0.077947
0.064626
0.065690
0.068201
0.026479
0.024108
0.098043
0.012748
0.131421
0.142198
0.061761
0.093679
0.095052
0.115337
0.188750
0.126562
0.120676
0.149171
0.080811
0.063616
0.051831
0.061651
0.237689
0.011530
0.160767
0.035382
0.061735
0.056888
0.203418
0.034516
0.121448
0.026197
0.017997
0.063377
0.075508
0.148067
0.078038
0.100437
0.258448
0.086092
0.028478
0.179530
0.078766
0.368297
0.071644
0.077695
0.096033
0.050189
0.027005
0.048880
0.148152
0.066230
0.031431
0.019276
0.031705
0.110954
0.049756
0.054628
0.074919
0.236456
0.066073
0.027751
0.029238
0.109056
0.057732
0.020514
0.055245
0.142974
0.137840
0.076629
0.070528
0.027201
0.143086
0.056565
0.032625
0.233073
0.154241
0.144513
0.049294
0.234101
0.081713
0.047495
0.070938
0.163200
0.031161
0.040763
0.111074
0.028163
0.249225
0.151779
0.073508
0.129146
0.102347
0.077300
0.064012
0.114049
0.043684
0.215459
0.083773
0.027039
0.028199
0.076199
0.080835
0.064761
0.135034
0.046542
0.033104
0.025334
0.068786
0.009706
0.169798
0.132995
0.070534
0.057591
0.099296
0.104030
0.133097
0.105204
0.029148
0.020014
0.230340
0.028968
0.114444
0.243887
0.201529
0.137197
0.041155
0.136191
0.094539
0.081058
0.314617
0.049907
0.025932
0.104023
0.206818
0.069227
0.024244
0.061211
0.054958
0.284772
0.116111
0.091015
0.180253
0.070871
0.246477
0.043683
0.113578
0.076049
0.020895
0.013108
0.062830
0.080020
0.171868
0.046516
0.051151
0.253061
0.030585
0.002558
0.058129
0.182947
0.058746
0.124393
0.079867
0.158215
0.115083
0.047543
0.186131
0.080867
0.039757
0.015638
0.178487
0.190700
0.039087
0.036482
0.156568
0.013540
0.112011
0.101425
0.156427
0.044855
0.063221
0.025821
0.037123
0.098240
0.049418
0.041532
0.152397
0.048352
0.028279
0.126951
0.032884
0.041467
0.105170
0.029171
0.198236
0.199889
0.057516
0.141523
0.176039
0.045459
0.019538
0.050957
0.072302
0.181494
0.078827
0.032621
0.128201
0.101687
0.083656
0.060491
0.163317
0.115988
0.254478
0.019025
0.104895
0.093132
0.079487
0.033786
0.080415
0.150707
0.018605
0.113131
0.125769
0.038179
0.021871
0.021096
0.016249
0.060449
0.025949
0.022169
0.142489
0.132558
0.020375
0.089509
0.123971
0.085447
0.050762
0.085003
0.063057
0.072881
0.135577
0.157010
0.108285
0.072275
0.072702
0.041962
0.201739
0.024217
0.136038
0.210486
0.036590
0.097411
0.128249
0.043910
0.016856
0.109850
0.111006
0.080651
0.021574
0.042032
0.254396
0.136385
0.058431
0.177645
0.045075
0.042451
0.256020
0.011947
0.189786
0.164234
0.134929
0.054138
0.125286
0.091378
0.024412
0.202674
0.019848
0.098338
0.055997
0.164050
0.050161
0.061095
0.238784
0.049650
0.217181
0.032149
0.097406
0.419273
0.116945
0.010998
0.067281
0.060759
0.008674
0.085904
0.049707
0.097656
0.051545
0.119489
0.178606
0.032386
0.100963
0.070202
0.033774
0.094719
0.114281
0.048477
0.040327
0.010884
0.075848
0.081136
0.053053
0.005694
0.019476
0.087483
0.016351
0.099934
0.155124
0.091560
0.026561
0.109543
0.100367
0.061307
0.060634
0.328097
0.029517
0.082649
0.047348
0.053779
0.019133
0.174840
0.046083
0.043856
0.263228
0.048064
0.028411
0.157392
0.109086
0.046445
0.139813
0.123423
0.060647
0.152237
0.104799
0.135591
0.020115
0.031976
0.024481
0.195026
0.311877
0.021993
0.073890
0.202934
0.127155
0.049968
0.141646
0.190141
0.107724
0.118654
0.009701
0.022414
0.079036
0.154697
0.188726
0.103030
0.121070
0.084010
0.094390
0.041922
0.019297
0.082769
0.160454
0.072898
0.353604
0.038726
0.140747
0.082147
0.092593
0.025991
0.047380
0.066115
0.200403
0.077992
0.022672
0.123818
0.139141
0.053081
0.188097
0.082128
0.067878
0.094130
0.328118
0.032784
0.059879
0.100804
0.055207
0.102956
0.208259
0.140663
0.030605
0.038739
0.107899
0.011583
0.030007
0.333912
0.193511
0.014193
0.064689
0.103768
0.163474
0.029399
0.029944
0.082431
0.108451
0.105710
0.109344
0.058010
0.101037
0.189780
0.112824
0.069217
0.111112
0.014201
0.170374
0.075578
0.164347
0.165207
0.067999
0.141615
0.021626
0.048678
0.183017
0.068908
0.044364
0.110916
0.188268
0.025375
0.080249
0.207933
0.146684
0.316471
0.130217
0.059193
0.067565
0.036521
0.032501
0.075008
0.054012
0.045770
0.117851
0.035862
0.183699
0.115629
0.021295
0.287606
0.018503
0.200618
0.222750
0.090220
0.066235
0.065547
0.076365
0.090703
0.030059
0.019145
0.137550
0.011414
0.025783
0.071880
0.104860
0.079733
0.051387
0.011104
0.104013
0.112335
0.025127
0.027004
0.033262
0.129424
0.054798
0.196984
0.091018
0.156592
0.075790
0.033208
0.144250
0.183645
0.059109
0.106280
0.055792
0.058814
0.019403
0.160048
0.199649
0.059384
0.073925
0.052259
0.083662
0.104722
0.043192
0.040878
0.055308
0.026823
0.123505
0.096070
0.139501
0.183889
0.152751
0.025945
0.135333
0.041444
0.148449
0.053594
0.021673
0.082560
0.236852
0.030104
0.104997
0.016768
0.051577
0.027857
0.038546
0.061987
0.114362
0.088144
0.091291
0.115924
0.197789
0.200947
0.055331
0.028963
0.059371
0.027603
0.090163
0.098632
0.143262
0.016647
0.119706
0.068540
0.104000
0.005331
0.071659
0.098254
0.095002
0.195432
0.031101
0.071676
0.038376
0.087026
0.297362
0.090685
0.020326
0.148646
0.148173
0.131119
0.099868
0.018383
0.029559
0.055746
0.113511
0.198896
0.051431
0.061277
0.062223
0.331738
0.058191
0.185531
0.047847
0.122736
0.133969
0.060096
0.075602
0.079551
0.068490
0.036672
0.131514
0.134886
0.081746
0.018878
0.211402
0.072181
0.116658
0.069273
0.103605
0.023711
0.022056
0.120225
0.044866
0.099468
0.030082
0.085547
0.012958
0.192182
0.030188
0.063095
0.170923
0.075875
0.172901
0.096492
0.025714
0.074210
0.088983
0.077798
0.039126
0.076568
0.206910
0.052617
0.123084
0.080275
0.070583
0.067573
0.020747
0.037151
0.050489
0.197526
0.254976
0.019481
0.131408
0.031179
0.265846
0.158339
0.022375
0.064642
0.177609
0.043529
0.086165
0.033760
0.091644
0.130648
0.090227
0.097093
0.133180
0.006108
0.011249
0.031396
0.134693
0.199422
0.092666
0.055421
0.117111
0.091190
0.259767
0.066211
0.048286
0.050574
0.029466
0.029245
0.035777
0.054135
0.094236
0.146380
0.095416
0.078225
0.134067
0.198174
0.064286
0.138664
0.096851
0.042671
0.031387
0.049308
0.148222
0.070836
0.012073
0.158036
0.080455
0.035170
0.097614
0.013563
0.066089
0.035267
0.064152
0.066634
0.220956
0.026508
0.065875
0.087841
0.105739
0.120112
0.049311
0.036246
0.264286
0.042590
0.186314
0.165833
0.097750
0.065756
0.026880
0.059425
0.131066
0.009379
0.036500
0.057292
0.068677
0.255491
0.172612
0.075856
0.026046
0.127305
0.145405
0.040044
0.217543
0.111853
0.079453
0.024328
0.037022
0.016476
0.045178
0.034710
0.123111
0.012417
0.165458
0.140390
0.045294
0.334522
0.120937
0.044179
0.356500
0.032312
0.074264
0.217780
0.021769
0.194210
0.019935
0.063987
0.128014
0.053048
0.041456
0.041719
0.143367
0.034486
0.127608
0.034246
0.031853
0.030793
0.027947
0.022750
0.028189
0.121185
0.254235
0.104563
0.126474
0.080598
0.056641
0.210331
0.133403
0.095776
0.036485
0.025730
0.056680
0.022566
0.064928
0.030310
0.187544
0.122388
0.100450
0.167349
0.165640
0.221823
0.088321
0.021408
0.095336
0.068250
0.060813
0.027557
0.069451
0.112042
0.057625
0.013398
0.012884
0.015516
0.151150
0.022384
0.049229
0.068475
0.115672
0.188840
0.124900
0.110412
0.019127
0.020105
0.023495
0.097739
0.172948
0.040640
0.097283
0.204012
0.147382
0.152258
0.057086
0.053361
0.137246
0.015709
0.315083
0.253190
0.042698
0.072803
0.012617
0.143830
0.056014
0.040704
0.181651
0.048633
0.140344
0.224379
0.083794
0.028111
0.083272
0.036292
0.016858
0.172939
0.047562
0.051826
0.027763
0.058644
0.004758
0.022702
0.039490
0.041717
0.025210
0.031358
0.131780
0.118984
0.029491
0.192124
0.092774
0.075871
0.043769
0.065463
0.041628
0.107868
0.165723
0.215154
0.227529
0.021033
0.042429
0.072645
0.064198
0.058131
0.281406
0.259734
0.053513
0.044410
0.182576
0.135475
0.038426
0.040440
0.126445
0.127116
0.058853
0.241525
0.040048
0.042437
0.042590
0.126192
0.140048
0.033478
0.200938
0.015788
0.221954
0.052901
0.037790
0.237946
0.033144
0.012957
0.005111
0.018895
0.065973
0.033107
0.245392
0.067743
0.048028
0.088373
0.240986
0.174570
0.407980
0.080572
0.281321
0.024757
0.049079
0.051078
0.032797
0.009144
0.022534
0.113287
0.012837
0.013810
0.209721
0.059271
0.271199
0.064022
0.145493
0.075609
0.150650
0.048959
0.046176
0.099966
0.100288
0.023736
0.019451
0.038482
0.078755
0.139819
0.071245
0.083522
0.047647
0.029830
0.086066
0.006547
0.152721
0.063990
0.076506
0.167822
0.204631
0.021220
0.026619
0.024158
0.153005
0.049242
0.089182
0.015373
0.038761
0.011195
0.014794
0.059402
0.043140
0.073083
0.063299
0.036519
0.091749
0.136366
0.076764
0.040298
0.028712
0.193520
0.150286
0.122215
0.108017
0.047854
0.022980
0.034410
0.076200
0.099883
0.053260
0.040364
0.045834
0.180761
0.049490
0.089286
0.054155
0.098470
0.140528
0.059773
0.081571
0.139629
0.087180
0.054388
0.032159
0.032367
0.034413
0.127017
0.220164
0.036683
0.059440
0.120616
0.234040
0.113282
0.063641
0.176941
0.159064
0.057428
0.012513
0.083583
0.190748
0.103105
0.037651
0.036091
0.102611
0.093535
0.032905
0.066738
0.024614
0.081191
0.135744
0.085777
0.028555
0.022808
0.045126
0.021052
0.273233
0.183458
0.071745
0.112896
0.017261
0.028103
0.116887
0.092174
0.105687
0.065974
0.043298
0.093102
0.111661
0.150301
0.187980
0.125828
0.275505
0.029979
0.139212
0.128081
0.064293
0.021292
0.032398
0.061137
0.289316
0.040200
0.191468
0.022706
0.018831
0.111866
0.184291
0.130900
0.037219
0.033556
0.036901
0.067793
0.020366
0.011818
0.074964
0.015476
0.024767
0.127332
0.012778
0.028527
0.026760
0.246457
0.020100
0.063081
0.055812
0.050369
0.237400
0.025239
0.058771
0.069585
0.062511
0.131587
0.078332
0.076110
0.058208
0.140485
0.102414
0.021538
0.096292
0.131461
0.198277
0.086196
0.071501
0.138615
0.053075
0.093252
0.099730
0.261422
