2.222127
2.135818
1.901334
2.381368
2.066103
2.362671
2.388608
2.241863
1.922284
1.948239
1.748121
2.137154
1.971135
2.455432
2.274186
2.110684
2.290429
2.083399
2.230774
2.243474
2.117727
2.534132
2.141919
2.104422
2.006056
1.908893
2.173358
2.088005
2.126976
2.323881
1.979545
2.051516
1.750132
2.398989
1.857999
1.801333
2.255261
2.097493
1.757387
1.838548
2.229529
2.159379
1.972128
2.178223
2.023777
1.842433
1.290397
1.676255
2.037920
2.079971
2.032649
1.893371
2.192975
2.469176
2.015200
1.877624
2.565243
2.008283
1.946445
1.687512
2.112661
2.912862
1.701259
2.492796
2.015345
2.306327
1.362533
0.668284
0.647654
0.685219
2.552717
2.416325
1.129360
2.625321
2.149890
2.443328
2.360458
2.211684
2.131896
1.237161
1.183293
2.497113
1.413947
1.379608
1.954286
2.191500
1.843449
1.551394
1.673536
1.452762
2.665077
1.887551
2.349871
0.986140
1.688431
1.826583
1.807987
1.336877
2.039190
1.669519
0.919343
1.741641
2.037051
0.907900
1.952757
1.873427
1.500875
2.727789
2.259282
1.720242
0.583068
2.308985
1.670794
2.295064
2.419018
1.153743
2.116268
1.945896
1.417755
1.744228
0.950433
2.076883
2.281811
1.915220
1.319208
2.693695
0.799595
2.235742
1.763890
2.364799
1.345224
1.359670
1.238545
0.778740
1.985623
2.679411
2.117668
1.073622
2.563858
2.059293
2.368302
1.643811
0.996386
1.370394
1.235300
1.483140
2.497668
0.837316
2.340957
1.532751
1.393477
1.623950
2.735382
2.275168
1.404605
1.660908
2.465574
2.828772
1.059510
1.833153
3.252994
2.630755
2.423348
1.963207
2.941422
1.334622
1.800873
1.898882
2.184251
1.745260
2.053711
2.399460
1.706395
2.015841
1.425948
2.347927
0.726986
3.384337
2.295657
1.528301
1.283533
2.095416
2.284274
1.995074
1.531590
1.761935
2.281599
2.456600
2.163531
2.353596
1.509450
1.533067
1.866312
1.954329
1.990942
2.266952
2.276694
2.026142
1.380142
1.738717
1.613785
2.422790
2.145952
2.469289
1.900563
2.068022
2.167748
2.327001
1.615447
1.929426
2.557506
1.363430
2.001958
1.415994
1.886521
1.968673
2.328149
2.595408
1.220843
1.217971
2.216685
2.003542
1.819812
2.056417
1.334398
2.501991
2.716479
1.916840
2.381456
1.803190
2.090385
1.628164
2.904828
2.173305
2.230040
2.192179
1.897206
2.324774
2.017835
1.210474
2.025742
1.589422
2.863826
2.182070
2.264996
2.541887
2.319460
2.505363
1.879467
1.791494
2.306102
1.118523
2.041417
1.668611
2.273347
1.908389
2.300946
1.444766
2.223961
2.325463
1.656955
2.657108
2.395050
1.646510
3.069621
2.262478
2.060912
2.150605
1.781283
2.319574
2.356206
1.286647
1.567798
2.247099
2.195436
2.235389
2.183702
2.009765
1.924169
2.215791
2.441803
1.762938
1.832345
1.973373
1.926399
1.390635
2.213435
1.919238
1.648876
2.362585
2.171207
2.484707
2.001392
1.876275
2.458523
2.160712
2.428136
1.541967
2.101689
1.473927
2.058723
1.812819
2.443003
2.051226
1.676301
2.074106
0.329265
1.765759
1.606116
2.379858
1.259998
2.065691
1.548882
2.553166
2.247599
1.575000
2.267098
2.673371
1.246812
0.979932
1.361749
1.362692
2.673991
2.080890
1.093459
2.839601
2.214362
2.297315
1.341542
2.337242
2.592989
2.181423
1.452231
1.220254
1.740017
2.595568
2.576364
2.124682
2.574613
2.153059
1.126994
1.970895
0.919285
1.852089
1.801128
1.808040
1.829908
1.110664
2.221116
2.114854
1.775863
2.038029
1.725773
1.415114
1.893146
2.174728
2.314506
2.254311
2.186090
1.884429
1.937060
2.240220
2.397553
2.213607
2.337291
2.134428
2.005153
1.745972
2.150818
1.777018
1.281907
1.484432
1.735460
3.293720
1.959026
1.699002
1.777211
2.611363
0.748186
1.445289
2.095501
1.335587
2.561831
2.609144
1.599378
1.592252
2.143055
1.782485
1.910608
1.567623
4.014681
2.202907
2.291770
2.103006
2.324782
2.193085
2.088509
2.163910
1.888327
1.933389
2.144946
1.852566
2.147623
1.731837
2.132414
1.919142
2.224593
2.238272
1.835993
1.994646
3.311994
1.397468
2.660173
1.203054
0.469639
2.149578
1.810762
2.389585
1.548059
2.294530
2.830216
1.865928
2.573779
2.855804
1.875540
2.159716
2.391628
2.625455
1.414779
2.181352
1.668979
2.992671
1.618628
1.876448
1.800535
1.660528
2.039306
1.633662
1.872266
1.533380
1.916584
1.966097
1.496127
2.453234
1.960681
1.343455
2.936300
2.143309
2.173815
2.137433
2.229228
2.168833
2.117936
2.184009
2.126863
1.674647
2.414318
1.688849
2.716053
1.418119
1.826876
2.032142
1.357142
1.631224
2.186924
1.363995
1.866067
1.643985
1.824879
1.811464
1.775119
1.949614
2.420063
1.476291
1.927742
1.847332
2.219382
1.398930
2.366580
2.017436
2.643306
1.897308
1.622868
1.944290
1.465896
2.578583
2.675469
2.181652
1.906709
2.397519
2.327637
0.887177
1.215601
1.293715
2.437558
3.177068
2.316763
2.005835
2.387702
2.190140
2.176404
1.329642
0.551564
1.825053
1.043282
1.537570
1.298411
2.320823
1.793368
1.366975
2.897886
1.501096
2.233470
0.782508
2.882000
2.021509
4.707386
1.370928
1.898656
1.495481
1.818083
1.731128
0.709056
2.130840
1.788768
2.017996
1.491587
2.890547
2.138607
1.520619
0.593444
3.324087
2.403663
2.023617
1.460441
2.188858
1.693038
2.495278
1.600227
1.873183
1.342122
1.305775
2.162752
1.836206
2.340905
2.895704
1.663798
2.073953
2.611851
2.259461
2.291143
2.280447
1.568849
1.684854
2.057452
1.238352
1.324966
3.388690
1.755936
2.299172
2.428989
1.683357
1.244613
2.064922
2.684628
1.769204
1.466185
2.780553
1.812154
1.758862
1.480567
2.577602
2.222851
2.566822
1.315078
1.959173
0.887538
0.951745
2.273796
0.931452
2.890975
1.545889
1.940249
2.016107
2.130083
2.188175
2.015794
1.994864
2.264013
1.922202
1.897053
2.235050
2.460624
1.940204
1.344363
0.723812
2.191311
2.223815
1.859574
1.808019
0.989788
2.512368
1.659040
1.981043
1.845408
1.561076
1.836082
1.563356
1.161113
2.151474
2.383667
1.398287
1.352921
2.763329
2.551173
1.936538
2.417397
2.428893
1.823375
2.260149
1.669408
2.673562
1.639777
1.155135
2.143070
0.906326
2.055161
1.669558
1.609456
3.018270
1.921578
1.568268
2.342803
1.886617
1.894218
1.268779
2.618385
1.319436
1.415285
1.723023
1.228555
1.688896
1.842421
1.340984
1.449664
1.625839
1.903076
1.262365
0.925665
2.033290
1.767122
1.744488
2.057384
1.947095
3.211380
1.587911
0.857659
3.071323
2.167376
1.130473
2.581696
0.991114
1.624571
3.166669
2.393414
1.049527
2.604764
1.739762
1.850398
1.562878
1.943184
1.969382
3.197511
1.665834
1.231164
1.456032
2.174116
1.294163
1.303324
2.168143
2.415806
1.591262
1.488865
1.811625
1.702728
2.778766
2.882973
2.509710
1.881902
1.512227
2.156701
1.993299
1.332284
1.690307
0.944195
2.436921
1.867757
1.316155
2.415591
1.856556
1.413129
2.207617
1.734126
2.043080
2.205259
1.413693
1.956387
1.642105
1.947118
2.578110
1.987437
1.682514
2.345680
1.071196
1.678647
1.979664
2.078449
1.721327
1.192188
1.244285
1.066757
1.718554
0.572039
2.637182
1.838774
2.115672
1.488563
1.399583
1.905165
1.592615
1.724742
1.725010
1.344917
2.481894
2.303180
1.488286
0.666502
2.292996
1.591171
0.212694
2.188282
1.662782
2.291874
1.944139
2.583983
1.257042
1.941034
1.811316
2.663099
1.524369
1.898453
1.621281
1.802657
1.744336
1.701494
2.286647
0.735299
1.245615
3.026698
1.689219
0.914621
0.309814
2.386476
1.094284
2.746064
1.163556
3.352026
1.868390
3.029357
1.866180
1.686819
1.603171
1.143832
1.137887
2.490448
2.229167
2.546376
2.123572
1.478308
3.211592
1.542389
1.686427
0.985937
1.399240
2.605431
2.148763
1.748080
3.483556
1.284226
0.949142
2.307648
1.936963
2.364577
2.050604
1.606428
1.960945
1.482245
2.069156
1.338907
1.830371
