2.346069
2.263098
2.292034
2.260804
2.244322
2.255308
2.256464
2.243510
2.226865
2.253624
2.230485
2.244276
2.226102
2.204907
2.223567
2.208131
2.238294
2.235637
2.214267
2.221496
2.204931
2.181889
2.160930
2.170001
2.206568
2.186796
2.125086
2.143888
2.092611
2.165285
2.050415
2.030463
2.110808
1.941331
1.881928
2.095250
2.029602
1.955213
1.994368
1.974465
1.815335
1.813153
1.827847
1.733837
1.654685
2.172688
1.890376
1.501683
1.908209
1.645285
1.538351
2.062227
1.949620
1.732142
1.561387
1.328936
1.347644
1.554691
1.573916
1.763800
1.990872
1.818716
1.444847
1.308333
1.007026
1.073243
0.965012
1.197577
1.616084
1.202677
1.179528
1.033265
1.364027
0.947691
0.782071
0.803570
0.857382
0.878977
1.056369
0.947263
0.819877
0.866309
0.849684
0.870599
0.785806
1.222613
0.933653
0.778562
0.732871
1.017814
0.870217
0.860423
0.834684
0.814047
0.878491
1.026423
0.839890
0.649874
1.020553
1.000011
0.904006
0.555837
0.748596
0.696038
0.679179
0.736351
0.693775
0.790488
0.664045
0.719927
0.749314
0.713456
0.521882
0.548837
0.697687
0.920668
0.859968
0.889542
0.423189
0.783327
0.700743
0.568296
0.337271
0.565433
0.667424
0.610598
0.611157
0.941870
0.643735
0.503644
0.816424
0.530147
0.700291
0.790901
0.528845
0.461331
0.638396
0.762151
1.159677
0.739717
0.597856
0.586327
0.670297
1.352582
1.378753
0.956850
1.283522
0.988235
0.706355
0.615421
0.643611
0.799837
0.846041
0.536818
0.669332
0.730582
0.495014
0.804125
0.690926
0.448184
0.741976
0.682025
0.572679
0.912774
0.643536
0.389665
0.651275
0.444398
0.654032
0.680714
0.394013
0.535675
0.745101
0.659526
0.643254
0.473428
0.571532
0.584014
0.411211
0.284419
0.446739
0.368901
0.468213
0.628818
0.784502
1.262104
0.896200
0.724134
0.651403
0.604194
0.710027
0.629580
0.531991
0.691580
0.702218
0.742963
0.774748
0.626094
0.559925
0.589523
0.811988
0.344386
0.464184
0.676708
0.555222
0.680875
0.628576
0.611819
0.606528
0.476121
0.513865
0.462681
0.543273
0.414402
0.679928
1.323622
0.605140
0.473980
0.365573
0.372184
0.358721
0.498094
0.605441
0.514064
0.570842
0.552160
0.587683
0.510261
0.360222
0.601983
0.519358
0.392782
0.309817
0.685161
0.922269
1.150108
0.836763
0.402051
0.809641
0.535702
0.396487
0.498053
0.620379
0.360406
0.430973
0.288567
0.401105
0.243885
0.274957
0.557034
0.654412
0.525342
0.469484
0.407919
0.342928
0.471862
0.435606
0.823489
0.352239
0.284144
0.547696
0.640672
0.579141
0.393388
0.455949
0.505998
0.483805
0.379339
0.339152
0.878231
1.235456
1.620779
1.015591
0.943981
0.457522
0.502238
0.388551
0.419661
0.212056
0.323045
0.416628
0.511507
0.430126
0.446152
0.470148
0.318637
0.669593
0.947989
0.931255
0.608445
0.398830
0.461581
0.421188
0.322612
0.239495
0.439988
0.295705
0.308534
0.291777
0.510924
0.508266
0.473437
0.964256
0.627769
0.545172
0.458117
0.693241
0.450151
0.468909
0.448042
0.436775
0.418393
0.510623
0.411131
0.431654
0.417410
0.346361
0.324154
0.454269
0.508226
0.375461
0.247100
0.315609
0.259305
0.516121
0.782078
0.583432
0.928756
0.746430
0.437843
0.395716
0.436403
0.408158
0.371895
0.244547
0.429000
0.360855
0.652953
0.819972
1.052322
0.462270
0.442948
0.503301
0.448020
0.392516
0.975145
0.781266
0.905713
0.650078
0.348968
0.356127
0.321268
0.320935
0.351156
0.325000
0.325139
0.467541
0.490715
0.638764
0.779044
0.667851
0.657928
0.453413
0.260387
0.490549
0.262561
0.202172
0.279176
0.405921
0.338032
0.430820
0.686502
0.484367
0.283909
0.312232
0.415724
0.431695
0.269354
0.611349
0.397379
0.324197
0.313639
0.750598
0.604981
0.465605
0.422453
0.431354
0.516732
0.637262
0.552014
0.665461
0.761519
0.420041
0.546128
0.590216
0.329350
0.437423
0.478013
0.379717
0.427389
0.289163
0.318328
0.663807
1.020590
0.560035
0.546899
0.425213
0.415724
0.425002
0.512670
0.537333
0.485601
0.272778
0.342296
0.128525
0.311946
0.566638
0.522711
0.665158
0.477631
0.402730
0.433471
0.401030
0.389826
0.207981
0.414991
0.396190
0.530767
0.444421
0.349778
0.366162
0.487217
0.498901
0.669159
0.774320
0.726572
0.578256
0.445056
0.410812
0.301646
0.483499
0.678879
0.548515
0.515229
0.352439
0.449292
0.415900
0.258530
0.315606
0.468488
0.592021
0.380336
0.565759
0.286020
0.568195
0.491386
0.479816
0.521077
0.467169
0.454505
0.471459
0.287356
0.525019
0.281888
0.195972
0.462764
0.306876
0.390699
0.314563
0.267003
0.372084
0.362781
0.354981
0.281480
0.406514
0.404279
0.565009
0.641905
0.638371
0.462596
0.351034
0.542931
0.395565
0.317296
0.545899
0.590901
0.330630
0.448946
0.506223
0.742171
0.522980
0.344082
0.450531
0.411709
0.388644
0.536945
0.434955
0.586989
0.277545
0.516378
0.641396
0.529179
0.341266
0.536203
0.379315
0.403382
0.245742
0.356644
0.403913
0.408368
0.517498
0.534834
0.475060
0.405422
0.474786
0.328965
0.414377
0.400056
0.404788
0.543431
0.374232
0.221599
0.182112
0.273193
0.376325
0.519180
0.526842
0.669521
0.536266
0.518594
0.378519
0.355172
0.356114
0.398176
0.317409
0.375572
0.608507
0.576407
0.412497
0.413336
0.290774
0.302265
0.368411
0.734011
0.564422
0.329648
0.298755
0.614193
0.331089
0.249175
0.614599
0.429741
0.155613
0.412714
0.394235
0.376041
0.538704
0.502585
0.789112
0.538601
0.589455
0.432952
0.368393
0.198716
0.243983
0.299567
0.320133
0.309924
0.161916
0.252749
0.541637
0.335867
0.633271
0.276146
0.371976
0.315617
0.526798
0.423966
0.282573
0.728408
0.362321
0.447030
0.630231
0.688519
0.987705
1.117200
0.798937
0.519236
0.601266
0.632681
0.510567
0.506542
0.633816
0.431821
0.372824
0.379768
0.423500
0.199110
0.275400
0.369502
0.616469
0.334142
0.412299
0.486366
0.419859
0.365002
0.457652
0.306979
0.335163
0.438233
0.442604
0.437758
0.249094
0.462998
0.358846
0.486134
0.323109
0.177881
0.328563
0.678304
0.418577
0.416432
0.226765
0.323835
0.468962
0.263419
0.273281
0.357168
0.506718
0.269527
0.507597
0.435231
0.512813
0.395337
0.389926
0.426918
0.250147
0.617678
0.531828
0.361979
0.437555
0.439646
0.296623
0.363054
0.366146
0.435370
0.306777
0.489492
0.243775
0.295251
0.303721
0.385705
0.609738
0.253181
0.372221
0.549595
0.308358
0.396985
0.293272
0.335213
0.471835
0.721919
0.913182
0.658190
0.591245
0.467606
0.453042
0.371329
0.291571
0.261745
0.298865
0.339076
0.249813
0.312433
0.285315
0.378901
0.301091
0.262762
0.233933
0.117104
0.279180
0.319546
0.269390
0.329802
0.191637
0.350181
0.261065
0.266092
0.353528
0.224463
0.389460
0.346437
0.601523
0.469253
0.343380
0.430139
0.317109
0.422994
0.479458
0.308233
0.440164
0.200957
0.243540
0.260705
0.201543
0.221871
0.191556
0.214256
0.245075
0.811285
0.669975
0.845906
0.436138
0.252078
0.477156
0.242884
0.555819
0.353702
0.392375
0.201586
0.253198
0.299834
0.170698
0.329432
0.257134
0.360809
0.432411
0.506142
0.853127
1.311022
0.425557
0.463172
0.324486
0.309186
0.204005
0.223118
0.405373
0.265911
0.365742
0.372714
0.511748
0.281954
0.223839
0.667627
0.661926
0.422422
0.284113
0.397148
0.316090
0.406260
0.361859
0.233568
0.327792
0.362495
0.424491
0.504398
0.490966
0.483993
0.332268
0.381343
0.568975
0.445992
0.378927
0.428435
0.231791
0.315097
0.369152
0.428118
0.580276
0.240771
0.414392
0.320903
0.257876
0.367956
0.544411
0.585702
0.579552
0.359277
0.395354
0.676234
0.422475
0.360111
0.726388
0.495083
0.309776
0.389544
0.313045
0.175422
0.470292
0.568479
0.679577
0.198806
0.212327
0.264699
0.158681
0.304225
0.550136
0.213045
0.418583
0.199036
0.407330
0.211538
0.538745
0.579694
0.818597
0.530610
0.338481
0.329544
0.195385
0.818513
0.382223
0.391720
0.453336
0.182613
0.244956
0.593164
0.425965
0.424524
0.478431
0.452744
0.355216
0.538777
0.482834
0.418138
0.404576
0.352924
0.411305
0.269583
0.432787
0.383480
0.389157
0.334564
0.366201
0.469554
0.261164
0.373438
0.301052
0.259748
0.196434
0.171160
0.387540
0.536670
0.389947
0.588253
0.300957
0.195373
0.385776
0.389187
0.352957
0.218555
0.246720
0.335511
0.363623
0.435655
0.498788
0.329415
0.376175
0.263249
0.640851
0.455103
0.380972
0.240089
0.256558
0.219213
0.145803
0.198871
0.329170
0.257481
0.444395
0.415331
0.417061
0.348365
0.195110
0.204126
0.145855
0.309490
0.555397
0.340900
0.561711
0.354175
0.419679
0.259843
0.302932
0.488232
0.435478
0.502773
0.476980
0.340518
0.419079
0.443900
0.476931
0.211089
0.446802
0.713959
0.540709
0.508523
0.487475
0.342287
0.444941
0.345437
0.268072
0.562600
0.464953
0.323761
0.279528
0.398401
0.371202
0.485998
0.294747
0.438579
0.446554
0.460739
0.202866
0.276341
0.400345
0.740653
0.741217
0.667825
0.471158
0.302000
0.305623
0.496092
0.469832
0.394174
0.299377
0.435974
0.547043
0.317195
0.208731
0.446724
0.301916
0.350905
0.211930
0.200250
0.405183
0.421609
0.392604
0.210956
0.257758
0.390517
0.491526
0.539318
0.463712
0.282321
0.299003
0.165705
0.547644
0.402641
0.253696
0.261046
0.177065
0.413014
0.185899
0.598256
0.497271
0.517119
0.420770
0.414580
0.438411
0.436746
0.356100
0.437920
0.249190
0.468016
0.134879
0.394510
0.394768
0.688224
0.362997
0.361822
0.502801
0.496821
0.303707
0.310968
0.412427
0.288652
0.362970
0.432002
0.460656
0.445752
0.271882
0.549474
0.448177
0.397718
0.567036
0.299985
0.398623
0.342319
0.450657
0.504221
0.361770
0.339228
0.306463
0.343713
0.469053
0.279552
0.174541
0.391434
0.416157
0.404763
1.053700
0.805155
0.349326
0.365769
0.285976
0.351314
0.193786
0.206021
0.424669
0.365340
0.171212
0.217233
0.158392
0.295795
0.185162
0.208391
0.408468
0.524810
0.291098
0.467457
0.222477
0.500566
0.722889
0.401672
0.316042
0.699866
0.672186
0.311506
0.546049
0.465615
0.630458
0.448996
0.441571
0.279903
0.306076
0.365150
0.394801
0.662931
0.685359
0.591689
0.345483
0.335733
0.446224
0.411207
0.471186
0.408468
0.421508
0.445090
0.211791
0.234111
0.196663
0.215994
0.120412
0.175960
0.540889
0.273354
0.317231
0.348325
0.335503
0.280198
0.432839
1.131352
0.966210
0.418169
0.397771
0.579024
0.312466
0.319090
0.440787
0.383284
0.266775
0.283719
0.348055
0.439712
0.230443
0.277581
0.206620
0.182670
0.232710
0.160869
0.262641
0.447603
0.266477
0.412955
0.267857
0.377014
0.348738
0.501275
0.315769
0.442146
0.382035
0.436773
0.274591
0.235448
0.457933
0.431836
0.546974
0.436117
0.339006
0.406935
0.481679
0.320990
0.308117
0.421972
0.319226
0.436605
0.664534
0.322208
0.398298
0.317803
0.358862
0.330204
0.436759
0.155238
0.373149
0.289621
0.373144
0.309235
0.349993
0.527107
0.277564
0.422770
0.447771
0.598962
0.575414
0.437994
0.663855
0.373207
0.268715
0.501799
0.402312
0.361313
0.367551
0.486912
0.450523
0.355923
0.529638
0.578229
0.308613
0.369518
0.359567
0.358896
0.441384
0.291523
0.288702
0.527089
0.693069
0.191158
0.372549
0.277470
0.475915
0.420033
0.463027
0.517189
0.292554
0.370987
0.387271
0.334390
0.348383
0.351222
0.215855
0.342410
0.195058
0.353076
0.434265
0.578910
0.543630
0.226082
0.262457
0.315059
0.436744
0.275249
0.307109
0.427176
0.421858
0.331025
0.336001
0.518096
0.409279
0.335612
0.422810
0.583903
0.423240
0.581070
0.379331
0.338731
0.429615
0.417372
0.307422
0.263377
0.294447
0.313783
0.209134
0.297505
0.520910
0.255851
0.235764
0.273918
0.399831
0.281352
0.251427
0.495454
0.446508
0.386385
0.318758
0.355171
0.446072
0.362643
0.421210
0.532389
0.173291
0.200293
0.540437
0.402939
0.298287
0.593739
0.354576
0.295672
0.341129
0.276541
0.342480
0.229962
0.253865
0.202004
0.230260
0.315649
0.401073
0.788833
0.543414
0.470378
0.366510
0.292021
0.173866
0.340073
0.311642
0.410237
0.170368
0.126103
0.434101
0.270887
0.280421
0.359512
0.287473
0.229993
0.241160
0.314852
0.275183
0.373482
0.243857
0.326630
0.401374
0.234908
0.165550
0.396155
0.258163
0.487644
0.445964
0.458193
0.426255
0.607296
0.298337
0.421849
0.275767
0.504631
0.314361
0.260418
0.526601
0.367467
0.215663
0.343779
0.167920
0.383945
0.471886
0.284805
0.373540
0.364634
0.501621
0.429983
0.255955
0.453790
0.359055
0.409530
0.350592
0.472372
0.276591
0.247847
0.259934
0.186963
0.392810
0.510038
0.178856
0.178484
0.243850
0.215383
0.447353
0.422910
0.345813
0.306727
0.208432
0.270604
0.310155
0.231952
0.245704
0.358560
0.474784
0.987005
0.624184
0.327483
0.192945
0.276116
0.186373
0.245287
0.253460
0.584401
0.616269
0.283685
0.350922
0.222197
0.269950
0.265507
0.456294
0.339756
0.417389
0.572860
0.210019
0.341332
0.326865
0.681775
0.913678
0.436875
0.576011
0.311870
0.448883
0.399708
0.247511
0.323467
0.174996
0.502252
0.413769
0.452874
0.565087
0.413947
0.509744
0.357878
0.291591
0.195936
0.490188
0.709797
0.677564
0.331824
0.527224
0.300594
0.337260
0.317726
0.373215
0.311658
0.441516
0.303499
0.330260
0.266733
0.356954
0.278659
0.376115
0.264448
0.275860
0.266876
0.201294
0.231517
0.253287
0.521156
0.429130
0.264686
0.223513
0.472277
0.309145
0.708959
0.393612
0.497770
0.500308
0.188049
0.459466
0.372432
0.432264
0.515345
0.332632
0.306819
0.281499
0.423465
0.324094
0.238410
0.532779
0.212413
0.431482
0.293483
0.290122
0.311237
0.303106
0.266280
0.620301
0.246953
0.442364
0.194155
0.157146
0.308432
0.230913
0.257593
0.418575
0.370185
0.355397
0.540033
0.440621
0.182295
0.374773
0.213827
0.230332
0.219772
0.357787
0.178782
0.241899
0.188755
0.489800
0.487142
0.400568
0.278105
0.532978
0.342810
0.336787
0.585994
0.708128
0.389688
0.265444
0.497903
0.495081
0.514929
0.346549
0.366010
0.245419
0.361431
0.215968
0.360444
0.295809
0.287182
0.477604
0.319762
0.333430
0.367414
0.274088
0.379047
0.401741
0.295263
0.215390
0.417471
0.419054
0.852539
0.657063
0.307009
0.322381
0.253964
0.326858
0.296935
0.409959
0.250695
0.160255
0.288720
0.352310
0.449258
0.226358
0.417034
0.250239
0.223816
0.381895
0.339567
0.420307
0.293512
0.180888
0.250850
0.367498
0.206215
0.472043
0.407292
0.229290
0.476449
0.228527
0.140684
0.543984
0.503459
0.175497
0.212003
0.372382
0.730299
0.753476
0.427152
0.299606
0.232202
0.240913
0.430886
0.243803
0.321283
0.252519
0.218593
0.260194
0.245467
0.430961
0.481223
0.252170
0.277244
0.402059
0.294805
0.259617
0.272236
0.427651
0.345696
0.327116
0.365303
0.320991
0.390527
0.310456
0.536717
0.816484
1.072970
0.545821
0.293036
0.506652
0.521801
0.312072
0.263658
0.287439
0.521612
0.327940
0.293229
0.435967
0.405328
0.630573
0.329922
0.273961
0.491387
0.253097
0.221844
0.533830
0.288693
0.315080
0.274741
0.229106
0.541207
0.504400
0.274486
0.582085
0.306488
0.592968
0.275863
0.362397
0.301344
0.403512
0.399608
0.360180
0.375894
0.525695
0.150454
0.263099
0.231947
0.144299
0.333955
0.213128
0.380785
0.249597
0.271632
0.350163
0.406843
0.339311
0.383759
0.412357
0.362394
0.324175
0.792735
0.467560
0.286637
0.232554
0.409900
0.344190
0.378301
0.367508
0.572608
0.275924
0.291653
0.352089
0.175514
0.264446
0.232901
0.164492
0.507777
0.290797
0.286910
0.513375
0.440906
0.415826
0.528679
0.516389
0.332462
0.304123
0.242863
0.373221
0.388968
0.366656
0.333815
0.317888
0.278012
0.369486
0.454243
0.548122
0.229125
0.275517
0.310193
0.431159
0.299396
0.434338
0.276725
0.195250
0.224363
0.428042
0.328428
0.340126
0.335700
0.375461
0.271730
0.508693
0.123676
0.324281
0.600995
0.427233
0.368882
0.329666
0.420962
0.386767
0.420279
0.413838
0.295631
0.283125
0.208438
0.280382
0.642924
0.179199
0.142626
0.222097
0.313036
0.246708
0.412669
0.420380
0.462440
0.570263
0.338299
0.197489
0.276785
0.400003
0.297079
0.207181
0.190521
0.189665
0.272283
0.187305
0.301393
0.491282
0.629852
0.271297
0.256383
0.509086
0.795142
0.254238
0.277895
0.520642
0.809271
0.637031
0.272587
0.438723
0.321478
0.258544
0.359429
0.276100
0.350378
0.340347
0.148784
0.326153
0.420260
0.581508
0.672657
0.331777
0.473978
0.413647
0.641340
0.493256
0.334474
0.468127
0.363245
0.428903
0.477087
0.255647
0.428972
0.326610
0.270105
0.309200
0.299176
0.397138
0.441404
0.545393
0.432746
0.305206
0.450203
0.390066
0.362054
0.450927
0.545614
0.401605
0.430630
0.217986
0.210938
0.323348
0.514940
0.450106
0.256573
0.409255
0.240230
0.308384
0.217438
0.453283
0.321231
0.248330
0.236947
0.292290
0.185309
0.496661
0.372956
0.269768
0.362640
0.593770
0.457435
0.374553
0.248009
0.411233
0.236151
0.214887
0.324253
0.316953
0.262383
0.402288
0.409329
0.418546
0.218582
0.148421
0.215397
0.201921
0.443708
0.376958
0.391810
0.277160
0.189030
0.278380
0.256498
0.348229
0.206577
0.361929
0.386830
0.440568
0.305422
0.215825
0.182324
0.211138
0.275043
0.357625
0.282465
0.169340
0.255327
0.305351
0.323140
0.374463
0.404329
0.432012
0.353450
0.395909
0.227508
0.401191
0.384484
0.379318
0.362939
0.583359
0.185795
0.422853
0.496232
0.451241
0.651820
0.398015
0.420589
0.328694
0.339465
0.367404
0.317885
0.434471
0.166845
0.231577
0.296625
0.261580
0.283194
0.359684
0.193813
0.310195
0.336468
0.344290
0.599747
0.579790
0.499412
0.371490
0.292001
0.317847
0.391393
0.420238
0.476765
0.184508
0.279133
0.361109
0.314149
0.410832
0.510602
0.200255
0.263122
0.368814
0.317971
0.281511
0.394384
0.139660
0.286695
0.707636
0.623294
0.659966
0.334024
0.456910
0.296574
0.277290
0.465371
0.410810
0.373210
0.289598
0.280834
0.132600
0.283812
0.364201
0.277953
0.240798
0.259515
0.271334
0.249785
0.343220
0.356080
0.440784
0.237600
0.353182
0.224923
0.284104
0.497359
0.283391
0.312672
0.556009
0.643600
0.427418
0.256589
0.398082
0.341855
0.383277
0.437349
0.480190
0.292933
0.521197
0.413925
0.337223
0.272583
0.352248
0.416682
0.535743
0.453298
0.264401
0.212917
0.434689
0.214188
0.382672
0.366348
0.395622
0.396443
0.376064
0.222251
0.270312
0.432413
0.550175
0.474561
0.367693
0.271434
0.278505
0.458968
0.395689
0.384854
0.653831
0.479349
0.374656
0.326828
0.622282
0.375802
0.315912
0.219325
0.350715
0.201602
0.413789
0.262992
0.350900
0.610429
0.518090
0.160608
0.516412
0.391685
0.307698
0.272376
0.619459
0.690092
0.417874
0.496641
0.441447
0.276506
0.328915
0.224393
0.214143
0.266928
0.168489
0.303455
0.236476
0.283570
0.250007
0.209748
0.686753
0.170557
0.191655
0.230372
0.215809
0.266382
0.284027
0.147213
0.287267
0.476047
0.557990
0.386009
0.403762
0.227791
0.329383
0.373562
0.571184
0.575110
0.242413
0.370737
0.367952
0.255323
0.592539
0.334917
0.247795
0.186163
0.278177
0.231477
0.447277
0.350815
0.254278
0.397013
0.625855
0.360900
0.331505
0.371616
0.457802
0.421435
0.352229
0.331258
0.277441
0.281274
0.450950
0.399577
0.277939
0.265717
0.408508
0.286117
0.466314
0.344860
0.505061
0.255331
0.261786
0.223288
0.177487
0.436664
0.462821
0.472740
0.342220
0.315331
0.227986
0.412100
0.414140
0.462372
0.693272
0.519512
0.376433
0.228020
0.287880
0.353458
0.276814
0.281672
0.329900
0.112047
0.612612
0.379212
0.501239
0.354276
0.278878
0.375732
0.470794
0.299958
0.255222
0.400069
0.301273
0.235450
0.209114
0.242002
0.288316
0.310548
0.396895
0.451094
0.295254
0.258734
0.451939
0.472111
0.219501
0.220270
0.323095
0.395074
0.382844
0.246960
0.290610
0.397907
0.270825
0.224330
0.105072
0.361436
0.420336
0.215587
0.141087
0.430253
0.362420
0.275968
0.149239
0.397452
0.380655
0.379120
0.425710
0.415560
0.183830
0.336196
0.268557
0.170771
0.278524
0.527734
0.369663
0.544666
0.402159
0.344269
0.377904
0.453423
0.352636
0.288643
0.385885
0.363210
0.364960
0.430781
0.431271
0.547242
0.152698
0.308162
0.250262
0.214470
0.385410
0.220379
0.371511
0.371285
0.338824
0.503111
0.624705
0.686441
0.421573
0.339210
0.326950
0.417762
0.333309
0.460237
0.403623
0.423542
0.392377
0.178049
0.321809
0.369012
0.414726
0.412553
0.387840
0.568833
0.329936
0.354840
0.176350
0.257658
0.214966
0.254837
0.445641
0.509813
0.435119
0.579675
0.487330
0.305199
0.348658
0.468167
0.196754
0.434677
0.428717
0.356811
0.230761
0.098840
0.233942
0.160171
0.164458
0.347936
0.245495
0.171976
0.295091
0.295657
0.160768
0.212995
0.191801
0.291669
0.312219
0.353491
0.325860
0.305968
0.458113
0.367107
0.442116
0.454169
0.877509
0.544338
0.594901
0.436529
0.678430
0.598881
0.346837
0.249639
0.357310
0.384280
0.256420
0.180813
0.272331
0.270917
0.363389
0.278081
0.612903
0.454565
0.394617
0.315858
0.542499
0.267347
0.288976
0.239481
0.414273
0.356451
0.364962
0.327633
0.461415
0.278846
0.235212
0.386065
0.292585
0.232254
0.272121
0.238921
0.422414
0.253268
0.273172
0.347205
0.353658
0.264593
0.481679
0.468544
0.433349
0.308229
0.443357
0.371042
0.233792
0.365079
0.372101
0.335029
0.425102
0.545796
0.296688
0.273572
0.336217
0.260952
0.405463
0.534513
0.286235
0.612633
0.266825
0.408212
0.596205
0.501426
0.349066
0.239734
0.316936
0.247725
0.376313
0.195624
0.295800
0.286772
0.220836
0.218729
0.463878
0.244791
0.250337
0.370635
0.378154
0.299895
0.360764
0.419235
0.168208
0.393010
0.258655
0.106405
0.158384
0.173785
0.221231
0.370040
0.484983
0.260930
0.335769
0.462599
0.772653
0.304006
0.370836
0.263099
0.390943
0.220530
0.394440
0.330197
0.258424
0.172145
0.369203
0.285624
0.279009
0.195943
0.237427
0.166343
0.536162
0.575301
0.368575
0.582333
0.265280
0.189775
0.211581
0.321985
0.455342
0.335400
0.313869
0.251263
0.567529
0.538707
0.771919
0.514487
0.598928
0.653016
0.527331
0.330914
0.428872
0.454189
0.389668
0.411137
0.541049
0.466771
0.495157
0.320092
0.367634
0.341863
0.372349
0.305955
0.440605
0.459179
0.367105
0.284990
0.476088
0.458329
0.346086
0.239022
0.215176
0.197341
0.212257
0.147042
0.260706
0.247651
0.194271
0.617714
0.372594
0.589714
0.385593
0.356063
0.331163
0.272243
0.411249
0.236198
0.236761
0.241379
0.294741
0.408581
0.279985
0.468511
0.607231
0.481631
0.321566
0.346699
0.353631
0.547333
0.229784
0.245036
0.238040
0.334049
0.489351
0.258618
0.169520
0.366314
0.226605
0.246635
0.255821
0.290476
0.482183
0.179465
0.297573
0.301737
0.379221
0.472606
0.320302
0.250815
0.348955
0.277532
0.358777
0.440376
0.355392
0.300203
0.575528
0.222364
0.240861
0.365041
0.206562
0.303098
0.242411
0.157409
0.135383
0.487177
0.344179
0.481074
0.363439
0.256913
0.264038
0.738624
0.569011
0.456023
0.401312
0.412977
0.399768
0.416774
0.464428
0.226526
0.350096
0.246254
0.509229
0.755923
0.951411
0.596831
0.347874
0.260559
0.550540
0.635448
0.287093
0.250153
0.210523
0.408155
0.371768
0.322820
0.377513
0.351073
0.382271
0.536906
0.263663
0.257867
0.411754
0.216736
0.271695
0.338893
0.559445
0.171878
0.207814
0.229964
0.125426
0.323832
0.265576
0.209464
0.247293
0.494565
0.778129
0.289477
0.316698
0.213671
0.347418
0.494236
0.402633
0.349347
0.168608
0.178458
0.334193
0.337678
0.297276
0.243221
0.107363
0.198362
0.298514
0.274579
0.142217
0.223447
0.538818
0.485679
0.432875
0.279230
0.284037
0.524164
0.665858
0.307634
0.352515
0.376517
0.309075
0.391800
0.294075
0.251326
0.465962
0.172315
0.369972
0.582275
0.496727
0.676577
0.977190
0.342846
0.235343
0.461046
0.278626
0.346565
0.258161
0.123275
0.247676
0.430921
0.200636
0.375818
0.244862
0.155654
0.434452
0.330967
0.262553
0.252327
0.432309
0.202593
0.323565
0.232528
0.298152
0.248401
0.242199
0.457196
0.462998
0.505168
0.418702
0.310970
0.513447
0.740897
0.490524
0.314868
0.413417
0.538253
0.338120
0.459614
0.499474
0.552164
0.199072
0.403235
0.594204
0.355766
0.566230
0.336327
0.239559
0.415110
0.335204
0.326528
0.357958
0.213315
0.331520
0.321759
0.458315
0.206952
0.427983
0.492613
0.421013
0.136191
0.483676
0.282840
0.434163
0.361589
0.530817
0.251346
0.296673
0.178485
0.464392
0.485575
0.424141
0.327782
0.183087
0.277122
0.258691
0.416840
0.225235
0.356030
0.274544
0.314713
0.195457
0.267869
0.260998
0.323391
0.338670
0.653656
0.527742
0.601283
0.430838
0.447956
0.230243
0.312305
0.283736
0.210129
0.335399
0.363522
0.247639
0.243803
0.399388
0.482022
0.201912
0.306187
0.196108
0.147691
0.167472
0.231339
0.281109
0.352756
0.188809
0.128012
0.201802
0.126978
0.194309
0.168449
0.128244
0.262028
0.246685
0.423244
0.270229
0.273877
0.192226
0.267914
0.263122
0.340437
0.373543
0.275527
0.268248
0.126525
0.380742
0.410241
0.180930
0.251544
0.178194
0.305371
0.480480
0.495331
0.404567
0.469832
0.312073
0.451982
0.348200
0.393823
0.442262
0.462881
0.633768
0.865991
0.710504
0.306997
0.507999
0.343711
0.584399
0.301416
0.188947
0.298831
0.224041
0.289967
0.480037
0.391717
0.359761
0.303057
0.377430
0.350221
0.296556
0.257297
0.278260
0.241601
0.335846
0.379049
0.381187
0.370332
0.427895
0.259417
0.194469
0.399849
0.581194
0.363376
0.270165
0.265647
0.317700
0.390708
0.208033
0.286295
0.407422
0.872443
0.830099
0.432952
0.332636
0.281619
0.202308
0.368244
0.501480
0.349061
0.271530
0.201070
0.227164
0.402209
0.491479
0.664812
0.361554
0.394023
0.294317
0.370095
0.411893
0.530270
0.498695
0.210539
0.252706
0.278429
0.327591
0.447784
0.520675
0.362461
0.292023
0.255200
0.335911
0.313317
0.423490
0.219089
0.175918
0.261797
0.351411
0.273595
0.416592
0.387676
0.239384
0.270613
0.338993
0.283161
0.341100
0.257292
0.251000
0.264240
0.258213
0.386956
0.283431
0.285564
0.435806
0.296060
0.355380
0.389995
0.394368
0.357935
0.541378
0.317560
0.304517
0.358354
0.290880
0.482931
0.347778
0.526949
0.349075
0.334413
0.343346
0.301110
0.721281
0.265412
0.263372
0.350731
0.278900
0.290716
0.208619
0.263279
0.219771
0.442141
0.654685
0.532279
0.190906
0.145164
0.259941
0.246633
0.155211
0.413886
0.460493
0.449907
0.994669
1.067435
0.504801
0.469357
0.336284
0.280245
0.256176
0.291581
0.287418
0.216314
0.377883
0.235156
0.228366
0.258503
0.277761
0.348240
0.372147
0.452971
0.257193
0.359455
0.162024
0.275330
0.224721
0.246001
0.457649
0.570381
0.238411
0.218897
0.370166
0.350438
0.274341
0.287420
0.223113
0.456983
0.305840
0.283115
0.227321
0.332440
0.180992
0.261297
0.397669
0.382476
0.271518
0.401442
0.301351
0.212365
0.164824
0.204982
0.176666
0.347117
0.188927
0.173253
0.138101
0.158668
0.170137
0.212064
0.285147
0.247434
0.206393
0.287569
0.256327
0.487965
0.335469
0.403597
0.239329
0.200895
0.242494
0.531130
0.493186
0.218660
0.266988
0.178926
0.361214
0.193870
0.289178
0.182558
0.234430
0.226486
0.413325
0.248910
0.273282
0.428625
0.262400
0.269017
0.382588
0.429435
0.670262
0.263407
0.285455
0.318236
0.373637
0.371769
0.290150
0.329855
0.346094
0.374775
0.386524
0.485480
0.266028
0.423640
0.331932
0.383967
0.447048
0.397470
0.350848
0.571246
0.331666
0.341407
0.372298
0.360883
0.320863
0.338015
0.209391
0.462745
0.206570
0.450745
0.328438
0.591070
0.364494
0.260792
0.335187
0.302423
0.249148
0.601786
0.460071
0.525895
0.435219
0.569163
0.398395
0.495982
0.462925
0.596231
0.520360
0.500795
0.394059
0.242470
0.182980
0.384543
0.238820
0.348530
0.423065
0.367763
0.226248
0.205066
0.157498
0.615085
0.258937
0.283912
0.247790
0.229645
0.272382
0.223444
0.327142
0.402016
0.524071
0.312161
0.134792
0.429740
0.233856
0.235726
0.195883
0.277929
0.242848
0.352887
0.284069
0.248376
0.400643
0.202604
0.206872
0.162004
0.280839
0.374489
0.213897
0.264941
0.218958
0.357386
0.214150
0.557122
0.446818
0.383431
0.276589
0.316870
0.234034
0.094109
0.196606
0.226595
0.210174
0.197073
0.092299
0.197033
0.217602
0.226647
0.245772
0.248502
0.301206
0.371146
0.287279
0.372375
0.426605
0.424685
0.436851
0.345514
0.396276
0.331760
0.423502
0.544567
0.249108
0.228979
0.371417
0.543652
0.515308
0.454010
0.722043
0.534298
0.388284
0.467676
0.338095
0.340862
0.270275
0.235861
0.455613
0.745709
0.321856
0.383433
0.220478
0.375288
0.386471
0.424432
0.284892
0.265763
0.254155
0.193430
0.152816
0.597423
0.199216
0.225630
0.292124
0.191365
0.307209
0.167464
0.290207
0.258672
0.361781
0.468186
0.276621
0.143783
0.321955
0.442215
0.162441
0.600694
0.340788
0.238636
0.306963
0.598665
0.316224
0.461352
0.343952
0.180671
0.178206
0.279776
0.327991
0.477149
0.409517
0.395509
0.502904
0.509945
0.322344
0.584248
0.258339
0.212361
0.179523
0.157986
0.496686
0.230421
0.510831
0.231000
0.241250
0.346350
0.548411
0.286332
0.387552
0.332783
0.614513
0.897166
0.786614
0.533351
0.401088
0.354262
0.240685
0.383142
0.363152
0.220529
0.333301
0.195489
0.121822
0.191524
0.459786
0.197768
0.149297
0.359560
0.168566
0.260149
0.209879
0.474852
0.223399
0.285397
0.451849
0.375984
0.309841
0.263980
0.235419
0.261878
0.476850
0.394533
0.307505
0.455299
0.727207
0.440931
0.534658
0.443325
0.336022
0.424836
0.288884
0.321847
0.199885
0.308304
0.398150
0.623716
0.513498
0.430399
0.271103
0.338163
0.233864
0.330801
0.198133
0.325442
0.447266
0.324990
0.271279
0.398486
0.398017
0.321801
0.406776
0.309974
0.330526
0.237973
0.137555
0.337825
0.345605
0.520416
0.402364
0.565784
0.251137
0.271284
0.327811
0.232410
0.310292
0.250209
0.211600
0.200892
0.465577
0.232267
0.362845
0.346978
0.182671
0.161815
0.299633
0.355108
0.253927
0.358809
0.377595
0.374580
0.218196
0.204762
0.286790
0.308927
0.408576
0.466963
0.379436
0.445335
0.379990
0.295077
0.380036
0.330989
0.392912
0.255343
0.303879
0.302090
0.456745
0.280637
0.450254
0.358365
0.186002
0.333900
0.398018
0.282234
0.280790
0.316096
0.428228
0.308732
0.395373
0.544295
0.307919
0.393486
0.288888
0.205879
0.406906
0.349230
0.443568
0.353749
0.298913
0.255562
0.415553
0.236535
0.265211
0.190851
0.214611
0.306738
0.375261
0.299257
0.294276
0.215719
0.384638
0.340329
0.448648
0.209615
0.252753
0.281097
0.216979
0.204924
0.173350
0.267357
0.427346
0.450148
0.286246
0.438697
0.479775
0.450707
0.551414
0.485482
0.325468
0.264092
0.436350
0.402844
0.250826
0.359755
0.195377
0.394158
0.443742
0.401906
0.397472
0.195056
0.294349
0.212726
0.396691
0.254680
0.231849
0.280423
0.265707
0.327052
0.273327
0.264781
0.289964
0.348968
0.165731
0.396597
0.588506
0.432481
0.283682
0.389569
0.315085
0.478904
0.872969
0.389507
0.248422
0.261964
0.284022
0.404899
0.381117
0.403261
0.309392
0.336158
0.211760
0.252603
0.258597
0.319612
0.426743
0.624559
0.852048
0.605828
0.364785
0.246832
0.199805
0.495239
0.349417
0.261881
0.293287
0.145055
0.119294
0.312920
0.226497
0.355424
0.320887
0.181497
0.556695
0.300571
0.131122
0.226069
0.219897
0.292923
0.189611
0.323023
0.373814
0.206083
0.252095
0.206522
0.211156
0.290454
0.283735
0.359922
0.330823
0.373593
0.336606
0.306068
0.464546
0.593333
0.444574
0.398810
0.279720
0.336821
0.223049
0.491997
0.355268
0.321383
0.383067
0.280171
0.244984
0.332768
0.319138
0.211676
0.396702
0.256312
0.298437
0.709935
0.570376
0.281326
0.259949
0.335753
0.298099
0.187307
0.242073
0.305303
0.648183
0.342841
0.439157
0.255470
0.503728
0.484628
0.384333
0.446837
0.431029
0.394149
0.309335
0.356479
0.365825
0.372673
0.297045
0.275463
0.423822
0.603103
0.308889
0.212071
0.738823
0.721687
0.435050
0.351484
0.270992
0.259327
0.264229
0.299858
0.214590
0.123916
0.127783
0.181214
0.193977
0.357568
0.181177
0.216723
0.262218
0.299570
0.258515
0.408419
0.258434
0.289697
0.149684
0.260830
0.186620
0.268945
0.353167
0.370804
0.245218
0.346843
0.162578
0.424265
0.210918
0.295756
0.392004
0.362145
0.306857
0.182502
0.247621
0.253554
0.233341
0.279460
0.343764
0.177559
0.199938
0.161352
0.284322
0.153833
0.360318
0.406657
0.217455
0.296091
0.132465
0.265434
0.300358
0.312288
0.421549
0.255661
0.542010
0.357681
0.426080
0.451352
0.304705
0.421594
0.272833
0.208706
0.449042
0.442153
0.347658
0.288697
0.203835
0.212830
0.266560
0.482928
0.356633
0.315278
0.192990
0.194802
0.322289
0.569051
0.472910
0.365481
0.513385
0.299980
0.603240
0.352397
0.412267
0.301683
0.176445
0.242217
0.394184
0.385909
0.466062
0.539676
0.330892
0.403843
0.336827
0.535794
0.533837
0.310716
0.149499
0.253335
0.504891
0.234629
0.271884
0.228724
0.328212
0.370561
0.301230
0.405896
0.350295
0.485318
0.521014
0.306184
0.312411
0.372069
0.300098
0.452082
0.714803
0.373704
0.334927
0.274887
0.368743
0.230577
0.426573
0.398784
0.329702
0.478195
0.497026
0.294194
0.514331
0.198433
0.425960
0.227173
0.328182
0.422566
0.715712
0.412552
0.384333
0.538242
0.359157
0.244705
0.209999
0.291899
0.248049
0.414695
0.152139
0.209028
0.231982
0.262249
0.308535
0.140765
0.430602
0.233616
0.228900
0.379354
0.385183
0.190311
0.242494
0.270874
0.425077
0.402188
0.231392
0.415825
0.427487
0.267331
0.428446
0.335194
0.183048
0.161222
0.435643
0.233082
0.253628
0.337805
0.354411
0.506368
0.179910
0.378812
0.196005
0.406597
0.559204
0.515297
0.220130
0.334491
0.202123
0.230341
0.270476
0.229786
0.380155
0.259301
0.270772
0.269223
0.243723
0.297956
0.230541
0.327560
0.556088
0.638604
0.550719
0.216245
0.271306
0.285445
0.233996
0.264834
0.284918
0.245592
0.364224
0.317751
0.218364
0.192423
0.193759
0.204645
0.310793
0.162309
0.391385
0.180509
0.250978
0.205326
0.268129
0.363296
0.366442
0.225570
0.494653
0.382980
0.212989
0.212416
0.236526
0.162721
0.225067
0.168205
0.257152
0.153376
0.102914
0.351376
0.550721
0.508690
0.535977
0.325087
0.293634
0.384737
0.468982
0.345161
0.485004
0.484612
0.412707
0.401526
0.407001
0.350421
0.403504
0.315046
0.460527
0.358302
0.337743
0.297733
0.234073
0.176449
0.289937
0.580625
0.501338
0.510931
0.523740
0.608665
0.322823
0.276654
0.531421
0.394641
0.537585
0.297931
0.300580
0.334412
0.388059
0.236280
0.348784
0.454281
0.315525
0.292610
0.349394
0.442283
0.203017
0.504606
0.221764
0.472128
0.301054
0.267330
0.325668
0.285726
0.211707
0.185269
0.341042
0.218093
0.477675
0.278274
0.282544
0.198549
0.370259
0.371900
0.298804
0.325230
0.253884
0.394848
0.351410
0.296928
0.411504
0.270188
0.221253
0.290665
0.461147
0.175317
0.493110
0.302910
0.179363
0.361253
0.296554
0.331361
0.159297
0.241682
0.392272
0.262993
0.555487
0.414213
0.370639
0.437915
0.230673
0.401708
0.408920
0.251483
0.226530
0.235556
0.441084
0.262758
0.387538
0.232748
0.157426
0.218024
0.219686
0.361792
0.260688
0.316844
0.318228
0.129907
0.193656
0.453981
0.390289
0.335608
0.291300
0.261280
0.130497
0.177358
0.286821
0.399932
0.502893
0.225816
0.290398
0.255905
0.432823
0.386551
0.345124
0.299208
0.371612
0.315684
0.238759
0.300007
0.193901
0.750810
0.640264
0.553209
0.632463
0.405301
0.593374
0.320633
0.370160
0.368757
0.381680
0.332777
0.241075
0.389316
0.329227
0.481155
0.294145
0.423964
0.379277
0.522313
0.419853
0.312052
0.275272
0.334461
0.433117
0.357362
0.346386
0.249888
0.452100
0.279368
0.345672
0.423599
0.284054
0.325931
0.282779
0.358410
0.358050
0.312443
0.476087
0.294840
0.337532
0.292558
0.183844
0.268381
0.231441
0.288564
0.435805
0.570810
0.243969
0.350820
0.211850
0.471540
0.283672
0.250818
0.306932
0.222216
0.239384
0.256822
0.264996
0.235260
0.308566
0.177664
0.371506
0.895060
3.994162
1.946486
1.039501
1.075006
0.905471
0.688912
0.682606
0.867211
1.341891
1.034087
0.835876
0.712886
0.601905
0.773211
0.523711
0.527041
0.571132
0.725165
0.687128
0.483835
0.514785
0.322007
0.210220
0.331752
0.245863
0.326422
0.257683
0.360591
0.204338
0.406696
0.161218
0.297588
0.282034
0.232815
0.190624
0.402459
0.204635
0.383914
0.283616
0.508570
0.303314
0.423677
0.239519
0.384307
0.373476
0.370286
0.284460
0.155976
0.242196
0.427633
0.495872
0.355337
0.343254
0.333467
0.261796
0.313956
0.220435
0.518080
0.293919
0.231511
0.230658
0.261635
0.540129
0.296183
0.345729
0.348634
0.428486
0.216457
0.425750
0.361956
0.298278
0.501384
0.454212
0.310700
0.376416
0.346488
0.305172
0.506141
0.432182
0.489355
0.387317
0.695760
0.425079
0.460043
0.391564
0.367994
0.350865
0.232366
0.455031
0.324391
0.386511
0.201023
0.423880
0.300658
0.447091
0.327003
0.323414
0.222998
0.246112
0.297813
0.289139
0.278754
0.253104
0.161621
0.301632
0.621450
0.292806
0.310446
0.118756
0.136226
0.379262
0.286361
0.326357
0.353371
0.456326
0.325488
0.340385
0.366772
0.613647
0.473748
0.544725
0.407519
0.340547
0.214303
0.262565
0.337595
0.311325
0.176709
0.271831
0.290516
0.241438
0.323043
0.496675
0.366196
0.346680
0.340123
0.211324
0.205381
0.262891
0.344227
0.208811
0.269661
0.346130
0.513425
0.372813
0.205666
0.163038
0.273611
0.206659
0.237543
0.341595
0.394778
0.384178
0.442660
0.314056
0.269135
0.367805
0.166713
0.336753
0.365103
0.496407
0.447635
0.319861
0.181472
0.217201
0.273932
0.318529
0.143606
0.472505
0.566614
0.408692
0.201785
0.199211
0.333609
0.448887
0.363112
0.186301
0.373290
0.267153
0.253515
0.354972
0.314851
0.451270
0.446787
0.278189
0.411823
0.222202
0.375832
0.192327
0.228819
0.227552
0.304216
0.386111
0.221190
0.335851
0.282407
0.264814
0.227007
0.292295
0.230399
0.132867
0.507038
0.515005
0.347522
0.337220
0.250545
0.447903
0.417527
0.253948
0.507643
0.369416
0.306078
0.538191
0.331074
0.415540
0.816982
0.663863
0.465260
0.248134
0.324533
0.428867
0.422850
0.516479
0.298314
0.287118
0.217655
0.367145
0.419167
0.404148
0.553087
0.317880
0.322172
0.210767
0.250171
0.307163
0.155419
0.398203
0.368152
0.377424
0.407467
0.383805
0.342505
0.308275
0.316063
0.357992
0.342979
0.196213
0.321687
0.334255
0.176279
0.217444
0.186366
0.191811
0.273902
0.324908
0.458753
0.627362
0.438354
0.271610
0.483449
0.287094
0.219562
0.235871
0.317786
0.245753
0.324677
0.212864
0.464894
0.218782
0.380689
0.159746
0.298612
0.303931
0.358911
0.270841
0.342085
0.237788
0.350861
0.500084
0.292958
0.225775
0.215901
0.150899
0.356100
0.273135
0.594910
0.483117
0.364429
0.272765
0.209986
0.237416
0.214487
0.352048
0.364586
0.116122
0.247607
0.232133
0.144799
0.278594
0.116541
0.219802
0.364532
0.189505
0.269283
0.141319
0.129384
0.257975
0.303061
0.366289
0.385951
0.223461
0.462181
0.307650
0.197136
0.182546
0.193497
0.217622
0.349354
0.229784
0.465034
0.244483
0.516041
0.377835
0.295793
0.223736
0.348430
0.198268
0.458212
0.282901
0.206401
0.272658
0.176665
0.312484
0.214666
0.471901
0.410943
0.406017
0.319977
0.504179
0.349429
0.454723
0.491570
0.449542
0.347250
0.414894
0.375593
0.307428
0.512718
0.434277
0.697900
0.463618
0.293375
0.236833
0.303908
0.367130
0.287078
0.398271
0.284857
0.275633
0.382538
0.232936
0.259180
0.292728
0.299998
0.524594
0.177509
0.336841
0.462249
0.284748
0.322328
0.401635
0.555221
0.336774
0.214008
0.252857
0.383247
0.165858
0.245809
0.363531
0.329722
0.321750
0.531118
0.723906
0.260416
0.305214
0.385161
0.310189
0.368515
0.335243
0.351211
0.228769
0.273508
0.235057
0.262969
0.243791
0.198120
0.146248
0.476789
0.400383
0.440137
0.393552
0.351602
0.355825
0.575796
0.532475
0.404963
0.430162
0.352593
0.312002
0.391982
0.443344
0.297711
0.244475
0.134218
0.475671
0.331315
0.341666
0.190354
0.231771
0.277158
0.294643
0.172814
0.466678
0.386139
0.268302
0.494155
0.397730
0.366524
0.359368
0.640824
0.385728
0.305481
0.207139
0.203097
0.189459
0.563428
0.489174
0.303001
0.276729
0.259666
0.192405
0.209216
0.365960
0.304697
0.255317
0.170442
0.355695
0.282394
0.398059
0.189777
0.247117
0.195470
0.164226
0.160205
0.273601
0.145048
0.320557
0.431355
0.352750
0.630257
0.650643
0.194608
0.161180
0.114430
0.378473
0.298346
0.166641
0.233590
0.264791
0.311093
0.331433
0.297612
0.356044
0.325582
0.497922
0.463412
0.190934
0.468995
0.306185
0.223548
0.321892
0.471132
0.344252
0.459009
0.498816
0.443216
0.522311
0.490506
0.347166
0.327808
0.205145
0.399963
0.267499
0.394422
0.368007
0.465676
0.289932
0.256350
0.544185
0.431452
0.219343
0.328159
0.230253
0.257688
0.319440
0.230335
0.328778
0.475336
0.308978
0.454409
0.432886
0.313981
0.441162
0.523743
0.573789
0.379563
0.392228
0.303926
0.228341
0.364710
0.378408
0.269845
0.381727
0.328077
0.240936
0.228247
0.294175
0.190167
0.342789
0.274241
0.493780
0.375647
0.271760
0.156075
0.414115
0.476373
0.233460
0.216076
0.272657
0.139769
0.245671
0.323913
0.262083
0.222907
0.220207
0.324993
0.215823
0.261470
0.308023
0.279573
0.201068
0.228720
0.228846
0.342586
0.304743
0.375375
0.666322
0.445255
0.342190
0.389116
0.481806
0.226670
0.272456
0.167185
0.210063
0.235571
0.098223
0.229184
0.303797
0.260615
0.281406
0.283145
0.306813
0.362524
0.425151
0.158403
0.307780
