2.338317
2.368687
2.312400
2.171006
2.036426
1.884467
1.564789
1.535782
2.087591
1.516634
1.498922
1.504266
1.231473
1.506232
1.445038
1.138798
1.049709
0.969166
0.833900
1.335249
0.718851
0.606275
0.628215
0.762022
0.681928
0.894141
1.267156
0.973758
0.700757
0.868382
0.566641
0.851428
0.638252
0.776495
0.774817
0.696703
0.644901
0.773078
0.759502
0.977888
0.933595
0.819723
0.937065
0.942334
0.917658
0.789921
0.903806
0.587698
0.787615
0.840641
0.667818
0.822372
0.832366
0.961415
0.825845
0.865172
0.708781
0.810907
0.812289
0.757606
0.742287
0.753634
0.905975
0.955920
0.783808
0.827983
0.954011
0.876600
0.850180
0.909204
0.951716
0.977161
0.949147
0.868681
0.962779
0.910415
0.965483
0.820484
0.951395
1.031336
0.886879
1.014931
1.019322
1.031815
1.057949
1.109204
1.094781
1.107525
0.849492
1.233767
0.847900
1.021715
1.109852
0.905525
0.883410
1.046160
0.957043
1.332021
1.070683
1.014126
1.116170
1.193836
0.989785
1.067841
1.131154
1.027949
1.052686
0.894087
1.121636
1.003061
1.131194
1.033959
0.991345
0.962531
1.025827
1.294072
1.087350
1.110544
1.125818
1.279316
1.255707
1.090700
1.110180
0.936205
1.183000
1.170250
1.176495
1.349802
1.152288
1.224056
1.381096
1.423128
1.152450
1.058690
1.388957
1.335611
1.389077
1.311714
1.359716
1.360430
1.260149
1.338587
1.333271
1.448777
1.263771
1.278952
1.440320
1.352044
1.395292
1.360272
1.350929
1.472822
1.281975
1.530569
1.495347
1.293510
1.404156
1.471474
1.309540
1.175229
1.462397
1.336829
1.273065
1.361514
1.489319
1.576666
1.571888
1.394880
1.501753
1.523261
1.425133
1.559504
1.528491
1.470789
1.527103
1.629670
1.657144
1.452472
1.575485
1.643329
1.457057
1.574036
1.573921
1.655792
1.639420
1.573633
1.616807
1.720934
1.522449
1.728593
1.617479
1.728022
1.600747
1.697040
1.747866
1.711377
1.722603
1.805410
1.713968
1.701398
1.682051
1.796002
1.730625
1.736984
1.873200
1.763164
1.831599
1.827806
1.888528
1.946746
1.832609
1.756193
1.944039
1.831519
1.970237
1.898521
1.895218
1.950598
1.921988
1.862762
1.900321
2.028183
1.927164
1.947645
1.964048
2.030344
2.070637
2.017009
2.003078
2.081401
2.123857
2.089153
2.020393
2.081073
2.095702
2.080266
2.137266
2.087013
2.127269
2.095468
2.181947
2.135820
2.172634
2.142483
2.150270
2.156348
2.202465
2.199194
2.181856
2.212991
2.215408
2.208378
2.204427
2.205542
2.215496
2.223673
2.231931
2.231391
2.237796
2.250971
2.250983
2.251302
2.262647
2.251906
2.268611
2.266088
2.274295
2.279004
2.274910
2.275874
2.273468
2.273727
2.282006
2.284853
2.286853
2.282239
2.289843
2.289629
2.290235
2.292234
2.292287
2.290584
2.294462
2.295929
2.294648
2.293743
2.295786
2.298135
2.298800
2.297146
2.299132
2.298561
2.297443
2.298174
2.299958
2.298816
2.300085
2.305183
2.301454
2.300641
2.300219
2.301292
2.299903
2.301998
2.300478
2.300670
2.300737
2.302060
2.300149
2.302970
2.301437
2.300325
2.301575
2.302234
2.302241
2.300927
2.302806
2.302621
2.303169
2.302393
2.302634
2.302254
2.302697
2.303389
2.302928
2.302325
2.302433
2.302052
2.301345
2.302177
2.302322
2.301966
2.302818
2.303001
2.303499
2.301852
2.302636
2.302665
2.302520
2.302521
2.302496
2.303366
2.302065
2.301696
2.302578
2.301855
2.301608
2.303919
2.302507
2.301619
2.302763
2.302243
2.303009
2.302233
2.302951
2.303666
2.302565
2.303051
2.301529
2.301306
2.303053
2.303798
2.302596
2.302414
2.301593
2.301397
2.302436
2.302669
2.303941
2.301450
2.301847
2.302881
2.302940
2.302498
2.303309
2.302189
2.302712
2.302020
2.302915
2.302362
2.303301
2.303802
2.301927
2.303122
2.302941
2.302183
2.302508
2.302548
2.303143
2.301383
2.303191
2.302149
2.303660
2.303047
2.302691
2.302853
2.302506
2.302568
2.302826
2.302382
2.302404
2.302136
2.302767
2.303040
2.301862
2.302320
2.303202
2.301732
2.303106
2.301836
2.302475
2.302324
2.302605
2.302828
2.301631
2.302176
2.302801
2.302567
2.302911
2.302353
2.302307
2.303679
2.302197
2.302274
2.302081
2.302616
2.301961
2.302868
2.303240
2.302746
2.303699
2.302777
2.302923
2.303293
2.302593
2.303182
2.302459
2.303281
2.302379
2.302590
2.303656
2.301755
2.302514
2.302110
2.301631
2.301460
2.295451
2.302122
2.301618
2.302850
2.301944
2.302354
2.302244
2.302387
2.302871
2.302701
2.301876
2.302142
2.301125
2.301207
2.302524
2.303143
2.301711
2.303227
2.301662
2.303336
2.302628
2.302979
2.303025
2.302701
2.302677
2.302858
2.302887
2.302534
2.303573
2.302605
2.302550
2.302957
2.303016
2.302208
2.303059
2.302124
2.301256
2.302275
2.303461
2.301596
2.303465
2.302594
2.303412
2.303505
2.301634
2.302099
2.303014
2.302411
2.302105
2.302264
2.302892
2.302624
2.303230
2.302981
2.302528
2.302371
2.303082
2.303108
2.302537
2.303106
2.302104
2.303348
2.303039
2.301973
2.302444
2.302136
2.302668
2.301695
2.302487
2.303163
2.303156
2.302386
2.303161
2.302886
2.302603
2.302751
2.302559
2.302560
2.303134
2.302595
2.303336
2.302648
2.302194
2.302185
2.302730
2.303187
2.302478
2.302655
2.302828
2.302440
2.302666
2.302118
2.302359
2.302635
2.302091
2.302611
2.302715
2.302442
2.301871
2.303079
2.302200
2.302176
2.302879
2.303051
2.303383
2.302269
2.302322
2.302430
2.302804
2.302126
2.302827
2.302753
2.302596
2.302464
2.302776
2.302605
2.302804
2.302141
2.302254
2.303478
2.302592
2.302875
2.302126
2.302451
2.302469
2.302197
2.302870
2.302928
2.302469
2.302956
2.302807
2.302704
2.302200
2.302872
2.302554
2.302264
2.301942
2.303062
2.302049
2.302961
2.302671
2.303512
2.302189
2.302160
2.301963
2.302444
2.302630
2.303272
2.302969
2.298318
2.302741
2.303109
2.302751
2.302456
2.302949
2.301569
2.303138
2.302684
2.302153
2.303269
2.301744
2.302524
2.302496
2.302572
2.302940
2.302541
2.302703
2.302416
2.302635
2.302204
2.303585
2.302632
2.302879
2.303681
2.301990
2.302441
2.303085
2.302814
2.302165
2.302196
2.302459
2.302855
2.302912
2.302204
2.302855
2.303070
2.302289
2.303069
2.302637
2.302249
2.303386
2.301903
2.301943
2.302696
2.302903
2.302181
2.302624
2.302491
2.302159
2.302624
2.302300
2.302903
2.302045
2.302671
2.302167
2.302360
2.302442
2.302600
2.303067
2.303317
2.302505
2.302658
2.302529
2.302456
2.302756
2.302331
2.302270
2.302711
2.302418
2.303299
2.302775
2.302805
2.302338
2.302964
2.302853
2.302522
2.303132
2.302925
2.302516
2.302528
2.303126
2.302464
2.302408
2.302161
2.302267
2.302171
2.303042
2.302712
2.302679
2.303047
2.302076
2.302412
2.302188
2.302597
2.303186
2.303227
2.302606
2.302166
2.302325
2.302495
2.302788
2.302433
2.302259
2.302411
2.302693
2.303027
2.302450
2.302173
2.302098
2.302637
2.302567
2.301894
2.302390
2.302803
2.302838
2.302378
2.303010
2.301904
2.302439
2.302990
2.302197
2.302718
2.302214
2.301997
2.302350
2.302490
2.303120
2.302734
2.302526
2.302498
2.302158
2.302408
2.302259
2.303179
2.302832
2.302903
2.302883
2.303319
2.301965
2.302186
2.301947
2.303277
2.302427
2.303015
2.302531
2.302475
2.303134
2.302276
2.303810
2.303281
2.302221
2.302549
2.302797
2.302238
2.302403
2.302615
2.302849
2.302466
2.302773
2.302144
2.302122
2.302489
2.302660
2.302474
2.302796
2.302917
2.302310
2.302916
2.302763
2.302391
2.302645
2.302906
2.302593
2.302731
2.302378
2.302260
2.302394
2.302323
2.302447
2.302691
2.302779
2.302289
2.302464
2.302714
2.302289
2.302770
2.302574
2.302747
2.302423
2.302402
2.303280
2.302330
2.302792
2.302572
2.302400
2.302608
2.302942
2.302835
2.302571
2.302573
2.302184
2.302796
2.302174
2.302994
2.302135
2.303189
2.302576
2.302845
2.302984
2.302478
2.302622
2.302101
2.302605
2.303096
2.302252
2.302369
2.302980
2.302396
2.302822
2.302669
2.302976
2.302912
2.302365
2.301775
2.302506
2.302568
2.302007
2.302003
2.302558
2.302158
2.303198
2.302483
2.302480
2.302641
2.302303
2.303319
2.302211
2.302701
2.302518
2.302300
2.302624
2.303057
2.302392
2.302657
2.303171
2.302279
2.302931
2.302863
2.302328
2.301869
2.302566
2.303330
2.302378
2.302723
2.302166
2.302123
2.302834
2.302819
2.301816
2.302056
2.302456
2.301681
2.302644
2.302875
2.302285
2.302797
2.302412
2.302000
2.302549
2.302290
2.302951
2.302265
2.302978
2.302734
2.302656
2.302763
2.302610
2.302542
2.302761
2.302501
2.303180
2.302492
2.302752
2.302584
2.302379
2.303066
2.302604
2.302439
2.303056
2.301967
2.302724
2.302561
2.302846
2.302173
2.302155
2.302732
2.302365
2.300934
2.302871
2.302351
2.302431
2.302531
2.302447
2.302337
2.302415
2.302068
2.302142
2.302851
2.302328
2.302528
2.303095
2.303250
2.302981
2.302479
2.302874
2.302937
2.302656
2.302260
2.302029
2.303065
2.303367
2.302713
2.302749
2.302000
2.302552
2.302929
2.302481
2.302034
2.302163
2.302497
2.303277
2.302334
2.302545
2.302321
2.302753
2.303318
2.303208
2.303055
2.302661
2.302158
2.302639
2.302515
2.302786
2.302855
2.302034
2.302618
2.302279
2.302997
2.302634
2.302528
2.302823
2.302777
2.303190
2.302645
2.302061
2.302784
2.302858
2.302866
2.302678
2.303131
2.302522
2.302396
2.302595
2.302265
2.302642
2.302754
2.302199
2.302547
2.302809
2.302737
2.302147
2.302571
2.302139
2.302741
2.302758
2.302969
2.302760
2.302800
2.302709
2.302597
2.302512
2.302555
2.302111
2.302579
2.302206
2.302627
2.302636
2.302859
2.302773
2.302890
2.302238
2.302505
2.302501
2.302486
2.302336
2.302791
2.302578
2.302594
2.302737
2.302269
2.302617
2.302525
2.302463
2.302371
2.302978
2.302159
2.302395
2.302630
2.302773
2.302927
2.302326
2.302195
2.302483
2.302082
2.303110
2.302989
2.302499
2.302218
2.302228
2.302454
2.302170
2.302328
2.302144
2.302519
2.302947
2.302526
2.303322
2.302511
2.302146
2.303051
2.302659
2.303033
2.302191
2.303020
2.302783
2.302833
2.302456
2.302019
2.302448
2.302557
2.301901
2.302384
2.302285
2.302198
2.302897
2.302357
2.301907
2.302870
2.302678
2.302472
2.302496
2.302374
2.302160
2.302160
2.302187
2.302735
2.303039
2.302637
2.302184
2.302902
2.302658
2.302310
2.302141
2.302256
2.302300
2.302680
2.302570
2.303206
2.302456
2.301838
2.302789
2.302826
2.302480
2.303000
2.302582
2.302806
2.302495
2.302081
2.302734
2.302304
2.302600
2.302462
2.302649
2.302627
2.302356
2.301956
2.302821
2.302183
2.302602
2.302915
2.303076
2.303224
2.302862
2.302244
2.302357
2.302535
2.302976
2.302468
2.302530
2.302501
2.303081
2.303059
2.302233
2.302404
2.302175
2.302807
2.302612
2.302918
2.302725
2.302541
2.302435
2.302125
2.302803
2.303262
2.302977
2.302444
2.302587
2.302708
2.302484
2.302514
2.302402
2.302633
2.302964
2.302633
2.302784
2.302446
2.302654
2.302522
2.302619
2.302471
2.302449
2.302233
2.302513
2.302722
2.302735
2.302428
2.303030
2.302681
2.303025
2.302306
2.302582
2.302348
2.302733
2.302454
2.303065
2.302281
2.302287
2.302783
2.302783
2.302718
2.302406
2.302596
2.302487
2.303002
2.302221
2.302989
2.302244
2.302568
2.302964
2.302435
2.302009
2.302763
2.302220
2.302435
2.302576
2.302727
2.302500
2.302339
2.302815
2.302721
2.302405
2.302496
2.303131
2.302163
2.302491
2.302622
2.302243
2.302963
2.302545
2.302258
2.302423
2.302519
2.302332
2.302296
2.302557
2.302230
2.302493
2.302930
2.302824
2.303088
2.303044
2.302839
2.302984
2.302352
2.302413
2.303090
2.302536
2.302907
2.302515
2.302692
2.302794
2.302634
2.302206
2.302136
2.303011
2.302222
2.302873
2.302574
2.302728
2.302572
2.302187
2.302422
2.302993
2.302720
2.302545
2.302715
2.302568
2.302737
2.302670
2.302707
2.302114
2.301957
2.302674
2.302893
2.302349
2.302728
2.302736
2.302216
2.302306
2.302227
2.302121
2.302448
2.302509
2.302379
2.302786
2.302545
2.303077
2.302004
2.302992
2.302471
2.302992
2.302543
2.302295
2.302691
2.302428
2.303220
2.302418
2.302481
2.302790
2.302612
2.302954
2.303007
2.302933
2.302461
2.301966
2.302560
2.302577
2.302652
2.302166
2.302433
2.302689
2.302347
2.302693
2.302321
2.302522
2.302136
2.302756
2.302721
2.302664
2.302498
2.302965
2.303081
2.302815
2.302669
2.302382
2.302813
2.302853
2.302922
2.302751
2.302715
2.303015
2.302931
2.302428
2.302551
2.302288
2.302492
2.302648
2.302138
2.302147
2.302756
2.302589
2.302767
2.302534
2.302573
2.302962
2.302680
2.302533
2.302686
2.302624
2.302663
2.302365
2.302329
2.302764
2.302497
2.302717
2.302478
2.302402
2.302640
2.303025
2.302520
2.302790
2.302816
2.302236
2.302555
2.302282
2.302464
2.302472
2.302662
2.302717
2.302538
2.302701
2.302481
2.302533
2.302439
2.302855
2.302187
2.302803
2.302610
2.302542
2.302655
2.302699
2.302690
2.302432
2.302536
2.302531
2.302712
2.302649
2.302814
2.302658
2.302760
2.302133
2.302308
2.302444
2.302292
2.303751
2.302482
2.302323
2.302663
2.302725
2.302509
2.302773
2.302339
2.302348
2.302238
2.302330
2.302338
2.302530
2.302480
2.302252
2.302513
2.302936
2.302373
2.302633
2.302766
2.302661
2.302687
2.302575
2.302613
2.302860
2.302479
2.302386
2.302376
2.302728
2.302950
2.302395
2.302651
2.302518
2.302778
2.302212
2.302627
2.302715
2.302391
2.302772
2.302468
2.302410
2.302971
2.302514
2.302602
2.302821
2.302905
2.302936
2.302420
2.302620
2.302259
2.302369
2.302187
2.302289
2.302594
2.302928
2.303213
2.302365
2.302417
2.302329
2.302855
2.302715
2.302848
2.302669
2.302644
2.302467
2.302938
2.302340
2.302601
2.302478
2.302866
2.302674
2.302225
2.302476
2.302680
2.302579
2.302676
2.302849
2.302696
2.302678
2.302591
2.302222
2.302471
2.302749
2.302630
2.302786
2.302770
2.302356
2.302554
2.302629
2.302659
2.302658
2.302295
2.302846
2.302546
2.302230
2.302493
2.302639
2.302371
2.302259
2.302581
2.302339
2.302786
2.302504
2.302300
2.302715
2.302339
2.302212
2.302435
2.302727
2.302752
2.302688
2.302620
2.302612
2.302730
2.302541
2.302446
2.302605
2.302683
2.302572
2.302647
2.302489
2.302650
2.302702
2.302511
2.303009
2.302603
2.302589
2.302664
2.302556
2.302163
2.302893
2.302984
2.302619
2.302768
2.302883
2.302612
2.302235
2.302268
2.302899
2.302500
2.302563
2.302421
2.302875
2.302652
2.302340
2.302245
2.302831
2.302613
2.302572
2.301713
2.302579
2.302259
2.302751
2.302689
2.302273
2.302582
2.302261
2.302505
2.302164
2.302552
2.302272
2.303009
2.302937
2.302581
2.302847
2.302503
2.302593
2.302522
2.302121
2.302687
2.302192
2.302867
2.302578
2.302838
2.302393
2.302154
2.302598
2.302390
2.302667
2.302746
2.302452
2.302458
2.302580
2.302705
2.302812
2.302684
2.302689
2.302534
2.302790
2.302569
2.302500
2.302428
2.302605
2.302784
2.302305
2.302339
2.302744
2.302471
2.302539
2.302556
2.302817
2.302545
2.302711
2.302424
2.302890
2.302426
2.302862
2.302477
2.302537
2.302226
2.302516
2.302208
2.302824
2.302617
2.302714
2.302899
2.302490
2.302501
2.302488
2.302765
2.302831
2.302967
2.302576
2.302609
2.302511
2.302823
2.302200
2.302654
2.302452
2.302146
2.302366
2.302711
2.302707
2.302397
2.302566
2.302591
2.303247
2.302603
2.302820
2.302473
2.302623
2.302525
2.302692
2.302371
2.302501
2.302743
2.303166
2.302773
2.302548
2.302535
2.302795
2.302371
2.302829
2.302514
2.302765
2.302528
2.302723
2.302681
2.302631
2.302883
2.302417
2.302346
2.302551
2.302672
2.302887
2.302090
2.302998
2.302755
2.302542
2.302782
2.302615
2.302629
2.302688
2.302422
2.302558
2.302850
2.302526
2.302496
2.302248
2.302553
2.302444
2.302691
2.302627
2.302459
2.302425
2.302806
2.302425
2.302514
2.302645
2.302265
2.302428
2.302731
2.302536
2.302643
2.302397
2.302622
2.302387
2.302352
2.301572
2.302303
2.302804
2.302814
2.302730
2.302668
2.302467
2.302396
2.302621
2.302383
2.302551
2.302056
2.302528
2.303011
2.302187
2.302654
2.302419
2.302291
2.302550
2.302595
2.302577
2.302373
2.302329
2.302608
2.302422
2.302423
2.302283
2.302873
2.302465
2.302835
2.302180
2.302710
2.302605
2.302922
2.302867
2.302506
2.302926
2.302510
2.302813
2.302549
2.302598
2.302323
2.302482
2.302415
2.302667
2.302585
2.302322
2.302535
2.302473
2.302663
2.302779
2.302505
2.302674
2.302741
2.302772
2.302773
2.302617
2.302932
2.303085
2.302788
2.302410
2.302255
2.302773
2.303185
2.302856
2.302424
2.302818
2.302427
2.302941
2.302584
2.302458
2.302686
2.303065
2.302413
2.302594
2.302655
2.302655
2.302691
2.302832
2.302521
2.302590
2.302478
2.302680
2.302672
2.302678
2.302755
2.302279
2.302364
2.302698
2.302479
2.302590
2.302714
2.302954
2.302402
2.302901
2.302638
2.302772
2.302682
2.302595
2.302505
2.302662
2.302493
2.302314
2.302370
2.302738
2.302440
2.302518
2.302623
2.302629
2.302770
2.302404
2.302336
2.302666
2.302546
2.302543
2.302731
2.302673
2.302515
2.302243
2.302284
2.302498
2.302410
2.302202
2.302825
2.302845
2.302660
2.302428
2.302122
2.302309
2.302579
2.302132
2.302719
2.302732
2.302471
2.302378
2.302565
2.302392
2.302241
2.302256
2.302445
2.302351
2.302755
2.302660
2.302739
2.302668
2.302579
2.302798
2.302710
2.302321
2.302465
2.302657
2.302557
2.302223
2.302413
2.302011
2.302364
2.302698
2.302588
2.302418
2.302504
2.302713
2.302475
2.302183
2.302653
2.302619
2.301965
2.302302
2.302930
2.302963
2.302556
2.302803
2.302087
2.302444
2.302210
2.302477
2.302325
2.302593
2.302207
2.303034
2.302850
2.302322
2.302547
2.302203
2.302542
2.302862
2.302676
2.302824
2.302599
2.302575
2.301997
2.302266
2.302707
2.302330
2.302544
2.303158
2.302969
2.301872
2.302536
2.302799
2.302545
2.302790
2.302282
2.302628
2.302459
2.302479
2.302413
2.302524
2.302232
2.302880
2.302668
2.302720
2.302763
2.302682
2.302641
2.302310
2.302798
2.302481
2.302645
2.302780
2.302582
2.302797
2.302648
2.302822
2.302704
2.302509
2.302913
2.302782
2.302520
2.302735
2.302900
2.302490
2.302681
2.302703
2.302843
2.302448
2.302557
2.302533
2.302824
2.302676
2.302143
2.302439
2.302582
2.302434
2.302768
2.302220
2.302619
2.302736
2.302494
2.302932
2.302793
2.302636
2.302432
2.302491
2.302485
2.302252
2.302370
2.302340
2.302670
2.302975
2.302549
2.302916
2.302618
2.302580
2.302488
2.302733
2.302994
2.302424
2.302582
2.302561
2.302475
2.302730
2.302540
2.302871
2.302851
2.302769
2.302654
2.302555
2.302347
2.302603
2.302824
2.302508
2.303008
2.302599
2.302777
2.302677
2.302427
2.302457
2.302552
2.302525
2.302511
2.302382
2.302773
2.302627
2.302704
2.302458
2.302437
2.302513
2.302684
2.303197
2.302728
2.302274
2.302822
2.302661
2.302583
2.302483
2.302536
2.302576
2.302413
2.302567
2.302548
2.302420
2.302674
2.302463
2.302495
2.302747
2.302465
2.302510
2.302499
2.302556
2.302767
2.302649
2.302680
2.302655
2.302668
2.302666
2.302177
2.302430
2.302673
2.302479
2.302304
2.302609
2.302501
2.302887
2.302831
2.302706
2.302843
2.302505
2.302625
2.302561
2.302736
2.302499
2.302301
2.302287
2.302241
2.302700
2.302567
2.302322
2.302238
2.302311
2.302835
2.302432
2.302696
2.302879
2.302589
2.302730
2.302394
2.302271
2.302827
2.302821
2.302501
2.302766
2.302796
2.302369
2.302370
2.302906
2.302801
2.302691
2.302719
2.302622
2.302169
2.302330
2.302389
2.302691
2.302645
2.302469
2.302438
2.302803
2.302486
2.302808
2.302809
2.302365
2.302620
2.302758
2.302678
2.302753
2.302675
2.302488
2.302592
2.302810
2.302296
2.302656
2.302607
2.302675
2.302624
2.302786
2.302470
2.302666
2.302643
2.302548
2.302786
2.302585
2.302815
2.302424
2.302768
2.302530
2.302446
2.302613
2.302579
2.302571
2.302339
2.302335
2.302494
2.302413
2.302976
2.302828
2.302275
2.302496
2.302730
2.302802
2.302339
2.302576
2.302423
2.302882
2.302456
2.302778
2.302524
2.302422
2.302284
2.302654
2.302696
2.302743
2.302213
2.302415
2.302653
2.302388
2.302443
2.302701
2.302883
2.303132
2.302463
2.302626
2.302430
2.302574
2.302560
2.302747
2.302461
2.302699
2.300070
2.302538
2.302416
2.302429
2.302239
2.302543
2.302781
2.302422
2.302646
2.302830
2.302442
2.302393
2.302749
2.302613
2.302688
2.302539
2.302479
2.302596
2.302864
2.302776
2.302783
2.302998
2.302767
2.302777
2.302315
2.302950
2.302471
2.302261
2.302722
2.302427
2.302595
2.302523
2.302487
2.302472
2.302439
2.302389
2.302774
2.302508
2.302674
2.302777
2.302791
2.302699
2.302207
2.302600
2.302406
2.302535
2.303114
2.302675
2.302437
2.302313
2.302842
2.302409
2.302676
2.302643
2.302780
2.302429
2.302338
2.302615
2.302548
2.302559
2.302645
2.302593
2.302439
2.302820
2.302399
2.302626
2.302678
2.302732
2.302346
2.302542
2.302626
2.302240
2.302823
2.302302
2.302502
2.302432
2.302228
2.302395
2.302202
2.302456
2.302996
2.302664
2.302589
2.302553
2.302572
2.302389
2.302631
2.302336
2.302527
2.302622
2.302744
2.302920
2.302535
2.302728
2.302430
2.302617
2.302608
2.302591
2.302612
2.302466
2.302697
2.302562
2.302423
2.302679
2.302320
2.302816
2.302542
2.302576
2.302760
2.302633
2.302688
2.302742
2.302711
2.302481
2.302483
2.302501
2.302552
2.302580
2.302578
2.302724
2.302578
2.302694
2.302496
2.302730
2.302555
2.302722
2.302418
2.302260
2.302510
2.302664
2.302460
2.302159
2.302672
2.302782
2.302520
2.302807
2.302619
2.302491
2.302442
2.302779
2.302402
2.302797
2.302595
2.302820
2.302563
2.302697
2.302338
2.302185
2.302821
2.302400
2.302624
2.302915
2.302911
2.302621
2.303026
2.302853
2.302748
2.302715
2.302694
2.302904
2.302541
2.302238
2.302704
2.302482
2.302531
2.302690
2.302659
2.302606
2.302815
2.302518
2.302539
2.302760
2.302441
2.302429
2.302585
2.302609
2.302712
2.302474
2.302586
2.302535
2.302335
2.302332
2.302403
2.302760
2.302539
2.302625
2.302456
2.302643
2.302600
2.302427
2.302467
2.302671
2.302730
2.302663
2.302640
2.302419
2.302432
2.302356
2.302789
2.302474
2.302535
2.302602
2.302601
2.302514
2.302654
2.302636
2.302824
2.302363
2.302572
2.302723
2.302783
2.302342
2.302698
2.302678
2.302712
2.302482
2.302498
2.302553
2.302413
2.302619
2.302647
2.302250
2.302463
2.302463
2.302259
2.302890
2.302611
2.302615
2.302027
2.302835
2.302362
2.302639
2.302724
2.302769
2.302600
2.302544
2.302785
2.302669
2.302380
2.302322
2.302849
2.302294
2.303178
2.302705
2.302754
2.302624
2.302631
2.302633
2.302698
2.302473
2.302637
2.302627
2.302707
2.302710
2.302612
2.302751
2.302293
2.302320
2.302595
2.302722
2.302211
2.302509
2.302620
2.302754
2.302319
2.302447
2.302644
2.302565
2.302610
2.302690
2.302485
2.302664
2.302592
2.302569
2.302452
2.302429
2.302512
2.302466
2.302606
2.302543
2.302784
2.302434
2.302632
2.302568
2.302737
2.302592
2.302479
2.302340
2.302704
2.302599
2.302619
2.302461
2.302761
2.302464
2.302356
2.302619
2.302314
2.302552
2.300618
2.302710
2.302589
2.302747
2.302823
2.302335
2.302443
2.302445
2.302589
2.302420
2.302740
2.302489
2.302551
2.302637
2.302709
2.302703
2.302664
2.302806
2.302346
2.302682
2.302596
2.302388
2.302711
2.302646
2.302350
2.302320
2.302645
2.302603
2.302456
2.302501
2.302692
2.302964
2.302601
2.302432
2.302666
2.302635
2.302366
2.302409
2.302372
2.302526
2.302349
2.302672
2.302640
2.302720
2.302850
2.302616
2.302117
2.302737
2.302696
2.302763
2.302383
2.302677
2.302767
2.302921
2.302618
2.302601
2.302646
2.302727
2.302303
2.302752
2.302640
2.302473
2.302719
2.302379
2.302755
2.302637
2.302622
2.302622
2.302826
2.302584
2.302687
2.302814
2.302414
2.302474
2.302449
2.302627
2.302617
2.302689
2.302694
2.302476
2.302757
2.302755
2.302649
2.302649
2.302524
2.302707
2.302406
2.302391
2.302759
2.302646
2.302813
2.302641
2.302722
2.302744
2.302454
2.302774
2.302811
2.302430
2.302753
2.302270
2.302549
2.302661
2.302464
2.302447
2.302495
2.302459
2.302759
2.302639
2.302441
2.302706
2.302392
2.302535
2.302599
2.302561
2.302560
2.302402
2.302282
2.302370
2.302527
2.302639
2.302581
2.302580
2.302619
2.302660
2.302357
2.302622
2.302583
2.302638
2.302495
2.302822
2.302547
2.302660
2.302616
2.302441
2.302351
2.302760
2.302486
2.302386
2.302587
2.302449
2.302738
2.302532
2.302776
2.302701
2.302739
2.302624
2.302488
2.302419
2.302439
2.302374
2.302678
2.302521
2.302588
2.302455
2.302574
2.302776
2.302600
2.302536
2.302577
2.302605
2.302686
2.302995
2.302552
2.302406
2.302349
2.302643
2.302805
2.302852
2.302826
2.302595
2.302605
2.302483
2.302500
2.302426
2.302398
2.302479
2.302452
2.302746
2.302596
2.302694
2.302317
2.302709
2.302817
2.302530
2.302601
2.302584
2.302412
2.302407
2.302513
2.302795
2.302406
2.302570
2.302603
2.302546
2.302637
2.302519
2.302804
2.302323
2.302443
2.302582
2.302277
2.302564
2.302643
2.302551
2.302268
2.302783
2.302776
2.302537
2.302583
2.302698
2.302741
2.302800
2.302413
2.302727
2.302180
2.302403
2.302821
2.302519
2.302787
2.302563
2.302432
2.302704
2.302677
2.302605
2.302271
2.302515
2.302647
2.302619
2.302416
2.302650
2.302281
2.302690
2.302403
2.302753
2.302580
2.302806
2.302781
2.302522
2.302375
2.302519
2.302492
2.302797
2.302271
2.302543
2.302688
2.302701
2.302692
2.302799
2.302585
2.302855
2.302546
2.302481
2.302940
2.302455
2.302638
2.302951
2.302362
2.302713
2.302480
2.302767
2.302458
2.302636
2.302428
2.302739
2.302477
2.302520
2.302403
2.302638
2.302724
2.302508
2.302598
2.302507
2.302576
2.302212
2.302486
2.302593
2.302387
2.302653
2.302461
2.302656
2.302737
2.302416
2.302639
2.302281
2.302535
2.302437
2.302247
2.302555
2.302681
2.302603
2.303021
2.302648
2.302691
2.302207
2.302417
2.302599
2.302824
2.302596
2.301877
2.302512
2.302612
2.302618
2.302469
2.302513
2.302404
2.302368
2.302707
2.302392
2.302622
2.302615
2.302700
2.302427
2.302756
2.302796
2.302695
2.302951
2.302466
2.302358
2.302400
2.302563
2.302393
2.302507
2.302791
2.302658
2.302514
2.302363
2.302394
2.302539
2.302647
2.302751
2.302373
2.302545
2.302594
2.302660
2.302478
2.302756
2.302847
2.302554
2.302596
2.302527
2.302808
2.302874
2.302574
2.302753
2.302504
2.302540
2.302332
2.302513
2.302708
2.302787
2.302433
2.302681
2.302575
2.302811
2.302323
2.302576
2.302491
2.302550
2.302592
2.302607
2.302729
2.302653
2.302416
2.302507
2.302617
2.302726
2.302611
2.302716
2.302664
2.302577
2.302757
2.302577
2.302692
2.302716
2.302569
2.302621
2.302585
2.302523
2.302574
2.302538
2.302610
2.302559
2.302507
2.302501
2.302462
2.302693
2.302612
2.302576
2.302681
2.302613
2.302661
2.302531
2.302438
2.302590
2.302722
2.302423
2.302583
2.302609
2.302638
2.302879
2.302828
2.302753
2.302667
2.302634
2.302265
2.302462
2.302617
2.302515
2.302407
2.302455
2.302726
2.302613
2.302724
2.302631
2.302627
2.302473
2.302518
2.302490
2.302846
2.302392
2.302565
2.302760
2.302522
2.302577
2.302393
2.302290
2.302487
2.302710
2.302694
2.302721
2.302426
2.302700
2.302553
2.302381
2.302723
2.302512
2.302710
2.302636
2.302747
2.302649
2.302864
2.302276
2.302769
2.302465
2.302691
2.302315
2.302470
2.302822
2.302524
2.303021
2.302594
2.302452
2.302532
2.302650
2.302773
2.302532
2.302622
2.302764
2.302874
2.302829
2.302550
2.302828
2.302744
2.302774
2.302716
2.302520
2.302546
2.302518
2.302433
2.302463
2.302479
2.302624
2.302491
2.302654
2.302624
2.302225
2.302477
2.302326
2.302662
2.302449
2.302721
2.302416
2.302544
2.302464
2.302682
2.302791
2.302680
2.302341
2.302623
2.302261
2.302735
2.302666
2.302727
2.302650
2.302842
2.302971
2.302413
2.302718
2.302443
2.302332
2.302502
2.302550
2.302714
2.302763
2.302822
2.302590
2.302651
2.302429
2.302617
2.302405
2.302741
2.302584
2.302611
2.302171
2.302501
2.302640
2.302551
2.302477
2.302794
2.302563
2.302568
2.302257
2.302660
2.302696
2.302546
2.302372
2.302731
2.302932
2.302483
2.302687
2.302416
2.302527
2.302655
2.302472
2.302595
2.302531
2.302575
2.302579
2.302496
2.302701
2.302533
2.302849
2.302841
2.302678
2.302860
2.302824
2.302303
2.302604
2.302307
2.302570
2.302741
2.302434
2.302608
2.302453
2.302480
2.302439
2.302541
2.302693
2.302380
2.302360
2.302727
2.302474
2.302553
2.302471
2.302463
2.302507
2.302585
2.302296
2.302500
2.302577
2.302372
2.302619
2.302450
2.302368
2.302565
2.302577
2.302778
2.302493
2.302706
2.302449
2.302530
2.302585
2.302707
2.302800
2.302456
2.302569
2.302825
2.302564
2.302481
2.302461
2.302456
2.302648
2.302413
2.302573
2.302562
2.302699
2.303140
2.302566
2.302526
2.302604
2.302704
2.302494
2.302644
2.302509
2.302594
2.302584
2.302649
2.302460
2.302707
2.302568
2.302583
2.302529
2.302577
2.302750
2.302604
2.302496
2.302412
2.302657
2.302692
2.302914
2.302309
2.302481
2.302568
2.302641
2.302777
2.302610
2.302655
2.302527
2.302507
2.302598
2.302489
2.302586
2.302354
2.302602
2.302349
2.302802
2.302372
2.302664
2.302500
2.302555
2.302573
2.302588
2.302603
2.302559
2.302768
2.302686
2.302699
2.302536
2.302476
2.302369
2.302385
2.302670
2.302682
2.302546
2.302258
2.302648
2.302583
2.302764
2.302574
2.302692
2.302839
2.302520
2.302494
2.302350
2.302714
2.302427
2.302677
2.302815
2.302614
2.302917
2.302608
2.302831
2.302524
2.302792
2.302875
2.302337
2.302544
2.302555
2.302606
2.302540
2.302482
2.302795
2.302575
2.302611
2.302529
2.302571
2.302523
2.302747
2.302524
2.302680
2.302666
2.302615
2.302505
2.302614
2.302702
2.302657
2.302519
2.302533
2.302813
2.302610
2.302608
2.302650
2.302600
2.302254
2.302543
2.302246
2.302610
2.302413
2.302700
2.302648
2.302694
2.302516
2.302531
2.302585
2.302513
2.302581
2.302738
2.302482
2.302406
2.302564
2.302673
2.302543
2.302526
2.302716
2.302570
2.302524
2.302786
2.302783
2.302630
2.302524
2.302312
2.302394
2.302630
2.302551
2.302520
2.302606
2.302610
2.302556
2.302477
2.302385
2.302624
2.302640
2.302596
2.302498
2.302363
2.304392
2.302289
2.302523
2.302662
2.302793
2.302223
2.302361
2.302704
2.302438
2.302901
2.302637
2.302349
2.302539
2.302727
2.302626
2.302630
2.302741
2.302438
2.302640
2.302585
2.302349
2.302498
2.302713
2.302686
2.302675
2.302708
2.302669
2.302600
2.302632
2.302626
2.302493
2.302416
2.302818
2.302475
2.302649
2.302274
2.302674
2.302497
2.302672
2.302662
2.302551
2.302621
2.302825
2.302667
2.302772
2.302612
2.302604
2.302808
2.302561
2.302518
2.302453
2.302594
2.302531
2.302485
2.302552
2.302492
2.302631
2.302677
2.302588
2.302526
2.302485
2.302302
2.302574
2.302567
2.302454
2.302804
2.302410
2.302741
2.302605
2.302412
2.302629
2.302785
2.302745
2.302718
2.302502
2.302597
2.302566
2.302715
2.302672
2.302382
2.302717
2.302457
2.302700
2.302604
2.302475
2.302626
2.302719
2.302771
2.302468
2.302606
2.302632
2.302598
2.302522
2.302629
2.302686
2.302565
2.302672
2.302698
2.302746
2.302499
2.302604
2.302287
2.302154
2.302620
2.302742
2.302602
2.302767
2.302627
2.302504
2.302452
2.302557
2.302569
2.302598
2.302497
2.302571
2.302521
2.302555
2.302768
2.302491
2.302558
2.302426
2.302574
2.302431
2.302497
2.302509
2.302589
2.302689
2.302900
2.302317
2.302680
2.302763
2.302568
2.302741
2.302520
2.302593
2.302429
2.302418
2.302543
2.302517
2.302745
2.302346
2.302366
2.302421
2.302588
2.302616
2.302933
2.302521
2.302568
2.302655
2.302717
2.302491
2.302577
2.302727
2.302440
2.302657
2.302631
2.302620
2.302573
2.302504
2.302678
2.302656
2.302449
2.302360
2.302503
2.302719
2.302459
2.302745
2.302582
2.302569
2.302450
2.302524
2.302451
2.302469
2.302675
2.302299
2.302579
2.302786
2.302744
2.302655
2.302772
2.302458
2.302655
2.302543
2.302744
2.302293
2.302409
2.302613
2.302356
2.302682
2.302304
2.302588
2.302374
2.302521
2.302659
2.302912
2.302298
2.302186
2.302524
2.302597
2.302387
2.302559
2.302555
2.302464
2.302393
2.302659
2.302703
2.302479
2.302402
2.302671
2.302704
2.302574
2.302680
2.302856
2.302403
2.302678
2.302530
2.302576
2.302712
2.302617
2.302366
2.302626
2.302442
2.302688
2.302501
2.302511
2.302684
2.302547
2.302453
2.302565
2.302579
2.302431
2.302513
2.302860
2.302627
2.302521
2.302734
2.302642
2.302210
2.302724
2.302625
2.302593
2.302596
2.302892
2.302635
2.302488
2.302697
2.302534
2.302700
2.302605
2.302563
2.302494
2.302596
2.302711
2.302745
2.302421
2.302676
2.302439
2.302467
2.302605
2.302313
2.302649
2.302546
2.302751
2.302684
2.302220
2.302592
2.302623
2.302588
2.302610
2.302648
2.302649
2.302498
2.302657
2.302537
2.302529
2.302655
2.302777
2.302610
2.302918
2.302489
2.302710
2.302725
2.302665
2.302653
2.302611
2.302715
2.302432
2.302570
2.302745
2.302520
2.302739
2.302585
2.302503
2.302325
2.302485
2.302545
2.302599
2.302634
2.302758
2.302402
2.302517
2.302621
2.302585
2.302539
2.302454
2.302633
2.302705
2.302366
2.302522
2.302679
2.302659
2.302454
2.302699
2.302569
2.302407
2.302687
2.302315
2.302603
2.302662
2.302640
2.302477
2.302624
2.302547
2.302595
2.302869
2.302587
2.302587
2.302550
2.302410
2.302730
2.302619
2.302759
2.302577
2.302483
2.302319
2.302555
2.302750
2.302649
2.302422
2.302771
2.302609
2.302646
2.302653
2.302580
2.302705
2.302714
2.302450
2.302605
2.302538
2.302535
2.302723
2.302696
2.302494
2.302825
2.302466
2.302486
2.302557
2.302738
2.302821
2.302425
2.302571
2.302508
2.302567
2.302463
2.302681
2.302732
2.302732
2.302722
2.302707
2.302594
2.302692
2.302440
2.302647
2.302573
2.302747
2.302435
2.302509
2.302650
2.302630
2.302520
2.302510
2.302695
2.302712
2.302467
2.302448
2.302425
2.302428
2.302526
2.302620
2.302438
2.302530
2.302695
2.302795
2.302457
2.302761
2.302598
2.302516
2.302563
2.302598
2.302437
2.302604
2.302657
2.302469
2.302489
2.302416
2.302419
2.302555
2.302487
2.302737
2.302713
2.302574
2.302742
2.302598
2.302460
2.302483
2.302701
2.302549
2.302657
2.302485
2.302612
2.302319
2.302661
2.302616
2.302595
2.302545
2.302570
2.302736
2.302490
2.302732
2.302668
2.302627
2.302555
2.302661
2.302566
2.302578
2.302523
2.302492
2.302517
2.302445
2.302425
2.302434
2.302516
2.302555
2.302600
2.302676
2.302570
2.302349
2.302174
2.302512
2.302393
2.302801
2.302649
2.302547
2.302391
2.302575
2.302600
2.302849
2.302583
2.302664
2.302658
2.302635
2.302575
2.302732
2.302645
2.302758
2.302735
2.302564
2.302604
2.302581
2.302378
2.302630
2.302546
2.302562
2.302699
2.302551
2.302586
2.302615
2.302558
2.302433
2.302608
2.302535
2.302724
2.302685
2.302512
2.302684
2.302412
2.302669
2.302657
2.302593
2.302585
2.302658
2.302713
2.302718
2.302493
2.302737
2.302716
2.302712
2.302633
2.302783
2.302758
2.302467
2.302425
2.302539
2.302690
2.302643
2.302517
2.302557
2.302775
2.302402
2.302778
2.302523
2.302574
2.302616
2.302359
2.302484
2.302432
2.302629
2.302497
2.302689
2.302303
2.302697
2.302323
2.302553
2.302726
2.302552
2.302540
2.302685
2.302668
2.302543
2.302543
2.302776
2.302743
2.302497
2.302712
2.302441
2.302478
2.302675
2.302623
2.302609
2.302411
2.302377
2.302667
2.302432
2.302522
2.302831
2.302621
2.302586
2.302760
2.302589
2.302547
2.302604
2.302400
2.302428
2.302758
2.302614
2.302454
2.302235
2.302482
2.302836
2.302559
2.302461
2.302793
2.302518
2.302737
2.302694
2.302783
2.302703
2.302464
2.302381
2.302491
2.302329
2.302781
2.302441
2.302590
2.302593
2.302939
2.302423
2.302491
2.302418
2.302625
2.302325
2.302607
2.302425
2.302715
2.302505
2.302650
2.302622
2.302665
2.302453
2.302490
2.302339
2.302387
2.302497
2.302631
2.302377
2.302711
2.302383
2.302591
2.302763
2.302668
2.302547
2.302478
2.302738
2.302547
2.302309
2.302495
2.302605
2.302418
2.302505
2.302539
2.302698
2.302548
2.302613
2.302641
2.302713
2.302579
2.302694
2.302648
2.302771
2.302672
2.302645
2.302284
2.302588
2.302732
2.302777
2.302606
2.302514
2.302427
2.302695
2.302657
2.302420
2.302531
2.302586
2.302582
2.302818
2.302281
2.302660
2.302617
2.302170
2.302585
2.302795
2.302701
2.302594
2.302806
2.302247
2.302467
2.302396
2.302581
2.302715
2.302784
2.302566
2.302577
2.302553
2.302269
2.302504
2.302247
2.302771
2.302457
2.302380
2.302691
2.302500
2.302644
2.302841
2.302583
2.302703
2.302620
2.302566
2.302548
2.302676
2.302573
2.302727
2.302727
2.302678
2.302759
2.302322
2.302408
2.302740
2.302623
2.302714
2.302606
2.302526
2.302567
2.302717
2.302507
2.302589
2.302542
2.302591
2.302571
2.302674
2.302588
2.302621
2.302543
2.302532
2.302469
2.302422
2.302573
2.302402
2.302535
2.302585
2.302641
2.302549
2.302630
2.302694
2.302444
2.302508
2.302572
2.302652
2.302643
2.302799
2.302613
2.302499
2.302384
2.302350
2.302572
2.302697
2.302530
2.302524
2.302622
2.302606
2.302569
2.302556
2.302577
2.302429
2.302573
2.302783
2.302653
2.302652
2.302414
2.302756
2.302736
2.302463
2.302545
2.302580
2.302496
2.302557
2.302553
2.302471
2.302580
2.302764
2.302542
2.302588
2.302447
2.302367
2.302719
2.302679
2.302793
2.302545
2.302587
2.302456
2.302799
2.302595
2.302440
2.302487
2.302657
2.302600
2.302726
2.302517
2.302526
2.302618
2.302699
2.302581
2.302507
2.302359
2.302441
2.302489
2.302546
2.302635
2.302409
2.302614
2.302440
2.302576
2.302762
2.302575
2.302557
2.302585
2.302886
2.302689
2.302561
2.302478
2.302749
2.302644
2.302655
2.302852
2.302463
2.302710
2.302424
2.302608
2.302515
2.302589
2.302558
2.302800
2.302467
2.302334
2.302710
2.302317
2.302491
2.302890
2.302568
2.302531
2.302446
2.302514
2.302596
2.302643
2.302590
2.302620
2.302588
2.302638
2.302567
2.302554
2.302464
2.302646
2.302582
2.302562
2.302571
2.302782
2.302571
2.302782
2.302501
2.302583
2.302637
2.302648
2.302731
2.302382
2.302750
2.302523
2.302516
2.302561
2.302631
2.302648
2.302612
2.302664
2.302636
2.302589
2.302501
2.302538
2.302737
2.302464
2.302627
2.302603
2.302753
2.302662
2.302481
2.302643
2.302668
2.302642
2.302529
2.302705
2.302659
2.302567
2.302401
2.302585
2.302536
2.302622
2.302619
2.302652
2.302550
2.302514
2.302527
2.302677
2.302645
2.302509
2.302473
2.302395
2.302495
2.302578
2.302501
2.302531
2.302536
2.302490
2.302707
2.302670
2.302612
2.302560
2.302640
2.302524
2.302531
2.302508
2.302535
2.302851
2.302535
2.302730
2.302699
2.302484
2.302435
2.302444
2.302668
2.302454
2.302543
2.302559
2.302484
2.302532
2.302651
2.302367
2.302713
2.302464
2.302521
2.302651
2.302689
2.302548
2.302457
2.302575
2.302716
2.302723
2.302691
2.302522
2.302499
2.302477
2.302529
2.302538
2.302502
2.302476
2.302511
2.302558
2.302583
2.302727
2.302405
2.302581
2.302764
2.302714
2.302589
2.302586
2.302708
2.302878
2.302509
2.302462
2.302597
2.302667
2.302519
2.302523
2.302613
2.302550
2.302569
2.302492
2.302670
2.302957
2.302567
2.302521
2.302371
2.302664
2.302577
2.302598
2.302674
2.302566
2.302716
2.302326
2.302511
2.302615
2.302806
2.302561
2.302707
2.302656
2.302551
2.302382
2.302460
2.302410
2.302315
2.302438
2.302602
2.302677
2.302608
2.302432
2.302700
2.302479
2.302708
2.302801
2.302525
2.302499
2.302601
2.302429
2.302689
2.302764
2.302396
2.302566
2.302508
2.302532
2.302758
2.302560
2.302554
2.302507
2.302560
2.302675
2.302526
2.302530
2.302522
2.302586
2.302516
2.302654
2.302534
2.302585
2.302541
2.302689
2.302533
2.302426
2.302517
2.302688
2.302551
2.302253
2.302721
2.302727
2.302513
2.302572
2.302791
2.302663
2.302841
2.302555
2.302656
2.302525
2.302690
2.302555
2.302384
2.302684
2.302505
2.302476
2.302603
2.302590
2.302291
2.302457
2.302686
2.302538
2.302517
2.302742
2.302837
2.302363
2.302665
2.302536
2.302573
2.302545
2.302534
2.302698
2.302626
2.302620
2.302581
2.302531
2.302526
2.302554
2.302800
2.302639
2.302616
2.302506
2.302700
2.302444
2.302385
2.302577
2.302795
2.302667
2.302781
2.302618
2.302607
2.302548
2.302723
2.302733
2.302434
2.302719
2.302529
2.302475
2.302584
2.302591
2.302564
2.302809
2.302571
2.302502
2.302805
2.302614
2.302456
2.302457
2.302695
2.302703
2.302576
2.302440
2.302686
2.302420
2.302777
2.302618
2.302448
2.302651
2.302542
2.302566
2.302533
2.302579
2.302691
2.302457
2.302444
2.302604
2.302660
2.302571
2.302599
2.302570
2.302512
2.302634
2.302638
2.302663
2.302525
2.302611
2.302506
2.302576
2.302554
2.302753
2.302518
2.302585
2.302605
2.302569
2.302572
2.302609
2.302681
2.302734
2.302644
2.302754
2.302446
2.302648
2.302219
2.302681
2.302554
2.302557
2.302406
2.302405
2.302561
2.302599
2.302550
2.302670
2.302495
2.302823
2.302611
2.302523
2.302671
2.302377
2.302252
2.302552
2.302537
2.302404
2.302392
2.302628
2.302547
2.302453
2.302838
2.302617
2.302490
2.302700
2.302486
2.302495
2.302387
2.302561
2.302500
2.302735
2.302766
2.302607
2.302643
2.302640
2.302429
2.302610
2.302521
2.302568
2.302641
2.302471
2.302784
2.302717
2.302550
2.302603
2.302391
2.302570
2.302447
2.302479
2.302603
2.302625
2.302797
2.302548
2.302664
2.302578
2.302812
2.302679
2.302332
2.302697
2.302459
2.302534
2.302566
2.302413
2.302674
2.302557
2.302676
2.302524
2.302679
2.302466
2.302624
2.302613
2.302512
2.302759
2.302664
2.302511
2.302525
2.302561
2.302848
2.302550
2.302585
2.303914
2.302662
2.302548
2.302567
2.302509
2.302634
2.302476
2.302743
2.302790
2.302436
2.302338
2.302636
2.302700
2.302827
2.302500
2.302507
2.302691
2.302452
2.302714
2.302382
2.302641
2.302577
2.302517
2.302486
2.302463
2.302620
2.302665
2.302679
2.302537
2.302420
2.302490
2.302671
2.302510
2.302382
2.302638
2.302537
2.302669
2.302848
2.302624
2.302581
2.302469
2.302637
2.302602
2.302638
2.302584
2.302530
2.302604
2.302401
2.302566
2.302489
2.302682
2.302580
2.302473
2.302606
2.302551
2.302589
2.302822
2.302661
2.302584
2.302615
2.302608
2.302569
2.302708
2.302444
2.302606
2.302517
2.302540
2.302608
2.302461
2.302578
2.302642
2.302690
2.302443
2.302498
2.302491
2.302488
2.302507
2.302696
2.302599
2.302572
2.302561
2.302632
2.302422
2.302449
2.302770
2.302570
2.302376
2.302494
2.302582
2.302432
2.302782
2.302658
2.302648
2.302696
2.302466
2.302654
2.302702
2.302441
2.302738
2.302655
2.302643
2.302530
2.302373
2.302603
2.302511
2.302776
2.302394
2.302539
2.302648
2.302726
2.302488
2.302696
2.302508
2.302654
2.302406
2.302478
2.302422
2.302431
2.302370
2.302670
2.302526
2.302671
2.302643
2.302748
2.302650
2.302382
2.302715
2.302753
2.302694
2.302722
2.302665
2.302877
2.302501
2.302590
2.302776
2.302497
2.302619
2.302485
2.302643
2.302511
2.302585
2.302508
2.302315
2.302718
2.302467
2.302509
2.302626
2.302648
2.302349
2.302969
2.302820
2.302365
2.302462
2.302717
2.302633
2.302501
2.302624
2.302588
2.302563
2.302501
2.302571
2.302243
2.302593
2.302589
2.302548
2.302518
2.302537
2.302568
2.302481
2.302382
2.302409
2.302726
2.302385
2.303054
2.302773
2.302450
2.302514
2.302464
2.302612
2.302681
2.302622
2.302624
2.302742
