2.378895
2.531938
3.499225
2.407655
2.182467
2.200926
2.162728
2.155764
2.187408
2.123306
2.117490
1.953704
2.061712
2.036834
1.958250
1.985546
1.989379
1.909001
1.924539
1.918440
2.155079
1.979660
1.870034
1.848028
1.977118
1.861203
1.878314
1.837095
1.837494
1.900481
1.828477
1.838553
1.844311
1.968639
1.812276
1.985129
1.927697
1.871596
1.847162
1.834926
1.878120
2.038784
2.027812
1.943849
1.785842
1.773335
1.999891
1.819243
1.725950
1.934346
1.860841
1.856113
1.753551
1.880535
1.987607
1.772783
1.891046
1.917464
1.959863
1.845951
1.931548
2.020161
1.803570
1.833197
1.820389
1.849917
1.852858
1.715055
1.887141
1.922881
1.857550
1.870627
1.765931
1.704341
1.740451
1.744266
1.803713
1.739237
1.814148
1.889586
1.992300
1.880215
1.759565
1.428718
1.681459
2.025091
1.732080
1.857938
1.782244
1.908837
1.708495
1.633889
1.759403
1.805472
1.778255
1.598537
1.784082
1.915531
1.715513
2.360034
1.921670
1.929101
1.972689
1.896545
1.775746
1.813708
1.918700
1.877303
1.994352
1.875949
1.763635
1.873436
1.775599
1.871403
1.687907
1.970419
1.817969
1.834946
1.792656
1.781218
1.848690
1.818871
1.685537
1.705713
1.622273
1.793239
1.767837
1.595419
1.861314
1.878488
1.937337
1.927620
1.783605
1.788985
1.849145
1.785434
1.839080
1.833753
2.044898
1.815896
1.641556
1.842758
1.977277
1.912202
1.658548
1.918292
1.916275
1.680258
1.812985
1.888325
1.831131
1.780434
1.589364
1.714424
1.604023
1.794458
1.788735
1.687610
1.639405
1.832593
1.558500
1.876994
1.656919
1.819445
1.762167
1.723646
1.886588
1.645556
1.706953
1.699864
1.684558
1.710471
1.733902
1.782743
1.731846
1.625949
1.790468
1.626347
1.992239
1.643661
1.853158
1.692433
2.019220
1.733168
1.763978
1.975361
1.649711
1.766902
1.850941
1.923802
1.721663
1.850689
1.721191
1.762708
1.692517
1.760899
1.577276
1.817537
1.733989
1.928347
1.686417
1.780149
1.797184
1.893438
1.711801
1.765454
1.830666
1.863218
1.725164
1.522213
1.725202
1.656880
1.652147
1.657919
1.821236
1.852291
1.556980
1.612834
1.702647
1.844140
1.752901
1.835595
1.696884
1.634887
1.910592
1.653036
1.809977
1.752025
1.885831
1.865582
1.613304
1.832027
1.646751
1.830959
1.821990
1.915879
1.599262
1.921858
1.776437
1.760339
1.793132
1.784127
1.690176
1.676913
2.024037
1.552933
1.793970
1.820228
1.702916
1.569317
1.800751
1.355436
1.776396
1.710210
1.861728
1.980153
1.798933
1.832771
1.546876
1.672164
2.043311
1.604296
1.681497
1.899482
1.702995
1.780216
1.668096
1.623997
1.943188
1.790524
1.712962
1.565560
1.644462
1.722318
1.697693
1.772917
1.864006
1.775047
1.680103
1.998088
1.719161
2.129188
1.645269
1.846833
1.931698
1.902695
1.690937
1.728703
1.793847
1.643516
1.852909
1.906202
1.613616
2.826248
1.682627
1.926726
1.636680
1.900972
1.718603
1.650019
1.696188
1.471805
1.703040
1.721290
2.213286
1.844181
2.082071
1.719273
1.693187
1.756354
1.935349
1.674526
1.762565
1.878608
1.719236
1.924837
1.829528
1.669330
1.688541
1.948534
1.743544
1.719529
1.725644
1.876467
1.646162
1.790315
1.811265
1.844531
1.845209
1.584949
1.907105
1.628260
1.824633
1.821870
1.658907
2.031409
1.729455
1.743128
1.801945
1.930442
1.613158
1.666364
1.746106
1.863861
1.844589
1.572666
1.836238
1.801870
1.733960
1.662687
1.867205
1.548758
1.858489
1.986443
1.713628
1.800510
1.515290
1.754734
1.771622
1.781401
1.751026
1.779399
1.611246
1.587318
1.815478
1.650063
1.731304
1.779463
1.940277
1.978156
1.762432
1.612764
1.647394
1.832396
1.823334
2.001484
1.821767
1.564848
2.608142
1.880968
1.833949
1.696934
1.682508
1.755555
1.735434
1.823942
1.608409
1.728297
1.615576
1.882345
1.681937
1.490942
1.804853
1.862922
1.718042
1.793170
1.667929
1.741475
1.717521
1.995651
1.914212
1.677666
1.924903
1.749840
1.808144
1.702568
1.609665
1.627347
2.125021
1.783475
1.780657
1.812013
1.736399
1.705492
1.914349
1.839422
1.759206
1.934188
2.003816
2.215165
1.889750
1.678391
1.729616
1.784137
1.926784
1.910615
1.888240
1.653656
1.699556
1.836089
1.594969
1.616102
1.631158
1.917928
1.679262
1.712796
1.801320
1.822952
1.793569
1.662573
1.753366
1.688729
1.840697
1.711236
1.777068
1.672201
1.391271
1.721343
2.032736
1.809409
1.869419
1.536812
1.586680
1.653405
1.699976
1.728683
1.715037
1.736263
1.965893
1.744331
1.915542
1.691423
1.624230
1.782634
1.564919
1.840068
1.607559
1.781019
1.583706
1.764627
1.914805
1.515715
1.853783
1.698693
1.699834
1.678829
1.725068
1.856055
1.762149
1.750575
1.507250
1.811584
1.694609
1.799569
1.679636
1.657636
1.935864
1.928641
1.949235
1.713633
1.609281
1.688296
1.701334
1.627816
1.767580
1.638409
1.631302
1.856649
1.820349
1.534600
1.642363
1.833713
1.748398
1.825409
1.609015
1.755528
1.898269
1.703711
1.975250
1.601862
1.557003
1.662160
2.045872
1.670160
1.867073
1.833235
1.720940
1.771689
1.648444
1.751843
1.688758
1.792432
1.668463
1.595669
1.891546
1.630819
1.906535
1.710913
1.723235
1.635637
1.685683
1.672452
2.133776
1.702527
1.764693
1.670295
1.697661
1.806016
1.734192
1.821921
1.820610
1.702499
1.671221
1.645672
1.636166
1.874901
1.696625
1.866310
1.734209
1.731400
1.719038
1.837716
1.663690
1.684889
1.655454
1.831493
1.770480
1.628544
1.748928
1.631974
1.858489
2.003653
1.723326
1.974814
1.680862
1.586020
1.857269
1.766455
1.829307
1.942683
1.635507
1.840700
1.730063
1.668509
1.792276
1.607322
1.939942
1.604809
1.687076
1.724479
1.886109
1.871214
1.782325
1.659315
1.570613
1.889140
1.829077
2.401380
1.616618
1.403308
1.808433
1.724949
1.772702
1.920559
1.779654
1.673235
1.530316
1.860286
1.846897
1.668094
1.713616
1.661401
1.960374
1.875528
1.671990
1.864667
1.975721
2.072198
1.547233
1.698911
1.827563
1.590916
2.015871
1.959373
1.706545
1.772022
1.793484
1.944882
1.940802
1.462711
1.654068
1.571002
1.683648
1.657506
1.693558
1.994383
1.805754
1.711773
1.728117
1.836899
1.616041
1.812525
1.830792
1.847546
1.891024
1.863377
1.729803
1.571085
1.722093
1.655086
1.601905
1.850841
1.776159
1.655172
1.752811
1.520522
1.561014
1.681789
1.742343
1.801505
1.719295
2.031007
2.050101
1.715149
2.148429
1.581987
1.940690
1.577291
1.743921
1.830149
2.024259
1.965454
1.579816
1.741015
1.706565
1.671058
1.933490
1.814486
1.872614
1.675999
1.404451
1.461856
1.688835
1.792843
1.725904
1.849416
1.756176
1.573972
1.861556
1.732397
1.717478
1.826913
1.660448
1.638218
1.555091
1.701789
1.680102
1.684004
1.754909
1.694384
1.731221
1.817504
1.692935
1.717538
1.847072
1.724157
1.490643
1.896868
1.864623
2.035065
1.621961
1.831183
1.777487
1.745202
1.780715
1.958240
1.661724
1.702554
1.778215
1.781435
1.539541
1.748854
1.724010
1.917943
1.705428
1.702744
1.729656
1.664687
1.736122
1.563505
1.897223
1.794574
1.830476
1.912801
1.574794
1.681940
1.699705
1.502256
1.825562
1.754324
1.678097
1.870939
1.795382
1.804498
1.729715
1.604331
1.769276
1.652667
1.625562
1.749289
2.057364
1.636927
1.685657
1.958249
1.694898
1.770914
1.674394
1.689004
1.655337
1.616908
1.857999
1.797231
1.929435
1.960378
1.778500
2.041225
1.761989
1.707368
1.759618
1.832644
2.029470
1.706555
1.785596
1.536046
2.146669
1.658098
1.892043
1.849482
1.769549
1.735273
1.601110
1.735579
1.672634
1.790365
1.688162
1.700250
1.481252
1.645429
1.830986
1.688121
2.103394
1.575229
1.832098
1.925211
1.652723
1.843786
1.596377
1.898134
1.753533
1.610987
1.782072
1.725070
1.810083
1.795796
1.595019
1.836939
1.879297
1.957627
1.897838
1.772804
1.854066
1.941469
1.858889
1.633744
1.694662
1.815127
1.659567
1.706308
1.995997
1.738311
1.819944
1.642285
1.519831
1.587664
2.107422
1.580817
1.568952
1.692565
1.637564
1.650510
1.635989
1.873860
1.697857
1.809582
1.908636
1.685606
1.659351
1.831973
1.703999
1.824935
1.766954
1.693256
1.572432
2.336870
1.779648
1.695615
1.780755
1.674279
1.789563
1.318734
1.777951
1.643956
1.913108
1.725152
1.865819
1.890114
1.954246
1.636392
1.510169
1.717590
1.827642
1.673807
1.764550
1.605145
1.852971
1.615192
1.655361
1.694592
1.765675
1.718676
1.877337
1.643250
1.990208
1.850829
1.652909
1.597389
1.804281
1.597560
1.570077
1.758051
1.590288
1.773840
1.708921
1.698157
1.826605
1.703188
1.617993
1.814295
1.717532
1.843216
1.565751
1.701511
1.638046
1.668294
1.590935
1.747385
1.591539
1.544949
1.955604
1.399314
1.943012
1.612506
1.856660
1.911456
1.637348
1.769596
1.699577
1.782911
1.816294
1.518881
1.596803
1.805413
1.976979
1.844098
1.744888
1.717414
1.891475
1.645337
1.821545
1.847299
1.710994
1.613891
1.835679
1.600200
1.793171
1.859784
1.854946
1.775816
1.681846
1.768966
1.468394
2.088641
1.593455
2.045424
1.577265
1.789647
1.869096
1.730451
1.547141
1.794309
1.875304
2.237546
2.017329
1.773828
1.652324
1.620818
1.596730
1.816938
1.845446
1.697742
1.780548
1.676855
1.991801
1.555503
2.147164
1.749751
2.031218
1.881486
1.866340
1.631945
1.651645
1.622302
1.501679
1.564970
1.849102
1.887385
1.678648
1.564360
1.868538
1.584681
1.752687
1.452986
2.029168
1.664427
1.626393
1.833002
1.541042
1.560000
2.051580
1.778956
1.909601
1.899292
1.717335
1.763391
1.715164
1.787332
1.536968
1.960018
1.521588
1.556907
1.728489
1.634144
1.734077
1.666107
1.883542
1.689070
1.744730
1.924828
1.705055
1.472332
1.834570
1.743834
1.733079
1.745828
1.835665
1.756965
1.658479
1.728125
2.053711
1.953989
1.604476
1.769764
1.600177
1.770660
1.730551
1.596036
1.787179
2.816034
1.713375
1.568486
1.641148
1.756262
1.750891
1.964370
1.846533
1.739113
1.653062
1.915873
1.726985
1.662599
1.926502
1.854349
1.788812
1.698447
1.695317
1.531466
1.704504
1.641756
1.891195
1.583719
2.012758
1.781679
1.582681
1.562846
1.877063
1.639479
2.100994
1.809433
2.058027
1.609518
1.597756
1.742313
1.675794
1.643913
2.047385
1.650210
1.909529
1.754334
1.746367
1.778458
1.707688
1.688351
1.579735
1.837916
1.756742
1.794397
1.614803
1.848140
1.899846
1.755674
1.718700
1.995236
1.620202
1.944126
1.789456
1.458334
1.902731
1.744057
1.696901
1.873334
1.546809
1.698195
1.461180
1.697557
1.898189
1.828670
1.711065
1.710657
1.787315
1.808199
1.531342
1.694858
1.549406
1.823171
1.920821
1.730707
1.653396
1.784738
1.733643
1.766725
1.661499
1.685543
1.671759
1.699247
1.639194
1.547912
1.901447
1.787997
1.577793
1.928425
1.715439
1.619850
1.728843
1.681482
1.663598
1.465401
2.134223
2.030596
1.804475
1.665976
1.701321
2.058807
1.522794
1.731970
1.644956
1.831451
1.672470
1.651755
1.725913
1.834911
1.869749
1.693740
1.688055
1.870795
1.749531
1.731893
1.563929
1.618273
1.746683
1.651585
1.781282
1.728322
1.588346
1.637166
1.702858
1.777742
1.652485
1.932778
1.875977
1.986798
1.602760
1.804666
1.680265
1.972600
1.675806
1.563398
1.677521
1.863623
1.566003
1.647398
1.940805
1.669378
1.890517
1.835608
1.836994
1.509790
1.874645
1.739803
1.867646
1.767314
1.610017
1.585428
1.633680
1.854968
1.712548
1.755369
1.828707
1.676243
1.802094
1.769634
1.501760
1.689982
1.930220
1.646116
1.688318
1.447979
1.717259
1.650017
1.793418
1.721957
1.479100
1.573124
1.827793
1.583542
1.874035
1.600694
1.714310
1.822983
1.701260
1.663443
1.905376
1.670452
2.063427
1.562674
1.635214
1.763918
1.622789
1.986505
1.648902
1.735060
1.664815
1.656914
1.936031
1.892919
1.715942
1.447512
1.787004
1.748596
1.849511
1.788251
1.929792
1.711825
1.640579
1.990052
1.623274
1.752601
1.840424
1.645942
1.787692
1.755576
1.631337
1.665093
1.567721
1.785487
1.916921
1.621619
1.566743
1.918844
1.583646
1.801907
1.788761
1.770421
1.716251
1.769554
1.684683
2.155301
1.731711
1.563552
1.697758
1.635430
1.517252
1.906644
1.776370
1.603387
1.751947
1.712285
1.772996
1.791217
1.838367
1.888930
1.702173
1.552008
1.813719
1.690590
1.696384
1.735235
1.869841
1.920673
1.810912
1.874266
1.719824
2.106539
1.754094
1.636981
1.841866
2.120018
2.073994
1.677081
1.599167
1.712722
1.871052
1.942335
1.569883
1.687566
1.752819
1.800316
1.981573
1.658491
1.866058
1.709036
1.766343
1.634968
1.887112
1.985584
1.686929
1.523099
1.637705
1.568752
1.483859
1.799391
1.660966
1.735831
1.940807
1.568491
1.945532
1.452466
1.533380
1.657863
1.944071
1.775622
1.841871
1.584782
1.986850
1.895318
1.655308
1.790261
1.717978
1.930738
1.836630
1.734735
1.810180
1.610272
1.700390
2.013495
1.615769
1.940142
1.682340
1.573441
1.718073
1.869634
1.687585
1.793184
1.692756
1.820698
1.651325
1.763239
1.588780
1.720125
1.787560
1.671700
1.731519
1.718789
1.628524
1.750955
1.778895
1.649834
1.800352
1.683335
1.785685
1.739108
1.810931
1.786780
1.640277
2.289582
1.773726
1.736711
1.636874
1.834409
1.854633
1.899169
1.721763
1.638163
1.846601
1.500170
1.675546
1.730451
1.501336
1.853941
1.874502
1.523872
1.761586
1.761755
1.685393
1.877355
1.599845
2.085330
1.634522
2.148325
1.882856
1.724512
1.865283
1.802967
1.844611
1.655969
1.729473
1.857298
1.669046
1.751043
1.712981
1.744324
1.503072
1.489159
1.538716
1.564840
1.708462
1.598528
1.789563
1.547982
1.692764
1.932892
1.984346
1.601828
1.820198
1.810065
1.537808
1.640102
1.622591
1.495165
1.640667
2.076788
1.916907
1.465696
1.837390
1.927080
1.549840
1.620997
1.602983
1.739091
1.607181
1.665922
1.812754
1.855263
1.649221
1.624442
1.695271
1.794683
1.779864
1.873373
1.742516
1.976435
1.940848
2.263258
1.613491
1.721741
1.530654
1.835037
1.941127
1.668732
1.606233
1.686177
1.662109
1.761857
2.077124
1.781531
1.749014
1.438950
1.719631
1.552855
1.871344
1.721356
2.033246
1.899848
1.694268
1.617147
1.813735
1.597144
1.605306
1.733460
1.403880
1.718878
1.810928
1.889268
1.899540
1.680909
1.684542
1.769308
1.687330
1.480551
1.846205
1.507425
1.622104
1.803032
1.796864
2.041649
1.747292
1.939653
1.932293
1.628444
2.038705
1.628701
1.639401
1.698706
1.675203
1.812168
1.680292
1.668907
1.654539
1.660716
1.782287
1.610958
1.655293
1.866847
1.718148
1.887382
1.548274
1.783151
1.559808
1.793752
1.701985
1.732836
2.014714
1.626889
1.505084
1.635264
1.816445
1.409079
2.057981
1.426647
1.534742
1.691260
1.923370
1.633025
1.789794
1.854809
1.709648
1.557835
1.864704
1.819311
1.794938
1.893043
1.924334
1.869664
1.565125
1.633972
1.662448
1.627787
1.777113
1.666452
1.673101
1.850460
1.896586
1.768758
1.703480
1.749646
1.743636
1.564167
1.775940
1.712808
1.663920
1.705440
2.004462
2.030141
1.681037
1.732588
1.835502
1.498048
1.927479
1.530523
1.625837
1.639167
1.567978
1.854672
1.701027
1.802724
1.596648
1.587843
1.538297
1.687413
1.491555
1.548698
1.734112
1.655826
1.898309
1.881935
1.829903
1.709796
1.687559
1.568556
2.020163
1.870327
1.706977
1.744432
1.920889
1.649973
1.782118
1.832111
1.788119
1.579342
2.194620
1.760056
1.870443
1.849769
1.862411
1.684110
1.904397
1.714921
1.513066
1.676254
1.898885
1.436184
1.916089
1.557916
1.899538
1.858650
1.967766
1.607633
1.808747
1.585658
1.628629
1.780765
1.678795
1.695761
1.992480
1.575645
1.833755
2.035801
1.655473
1.708418
1.751978
1.885892
1.783907
1.822562
1.623660
1.662193
1.744171
1.639024
1.740507
1.673575
1.688414
2.393395
1.703569
1.660322
1.973431
1.914617
1.570242
1.753369
2.118011
1.630400
1.687613
1.800313
1.529617
1.744520
1.595978
1.571200
1.748608
1.528615
1.701230
1.800330
1.733000
1.714718
1.858183
1.815737
2.075199
1.733325
1.806038
1.512163
1.578398
1.448132
1.728096
1.658736
1.579723
2.131543
2.068588
1.692928
1.559382
1.623479
1.787874
1.664577
1.787774
1.609552
1.622002
1.532111
1.769098
1.631051
1.873700
1.657218
1.567614
1.766517
1.809276
1.873788
1.562115
1.930981
1.826537
1.811161
1.958236
1.620817
1.634337
2.019703
1.753204
1.703682
2.072325
1.804848
1.557372
1.752628
1.781999
1.390486
1.685890
1.634382
1.732615
2.317205
1.712010
1.798758
1.496282
1.649152
1.821753
2.073044
1.833534
1.818509
1.958568
1.992155
1.663445
1.751863
1.447554
1.603633
1.665496
1.838939
1.649218
1.849911
1.671550
1.964519
1.672924
1.575884
1.644051
1.764391
1.838276
1.627213
1.930630
1.715252
2.002395
1.522660
1.565444
1.699687
1.735403
1.802891
1.676413
1.871066
1.616903
1.624053
1.691592
1.810895
1.586262
1.512976
1.805828
1.925252
1.842420
1.686657
1.860766
1.624760
1.750509
1.773604
1.694039
1.820896
1.810586
1.613545
1.633873
1.667629
1.696679
1.822162
1.655418
1.967041
1.765382
1.748369
1.819284
1.732830
1.790732
1.747339
1.443153
1.619014
1.751632
1.559632
1.873094
1.635980
1.866277
1.666254
1.792548
1.590989
1.703210
1.642050
2.121440
2.009924
1.659775
1.515580
1.550190
1.486792
1.827419
1.938019
1.638735
1.713805
1.625253
1.761377
1.672189
1.551819
2.000546
1.920393
1.698078
1.968792
1.863900
1.714369
1.894661
1.815752
1.667890
1.833716
1.576469
1.859454
1.678023
1.685626
2.319753
1.669614
2.035319
1.545825
1.585679
1.825189
1.612318
1.554224
1.603925
1.840632
1.536417
1.885257
1.706951
1.505399
1.998340
1.584901
1.823342
1.752190
1.968147
1.709433
1.998959
1.679826
1.925843
1.693291
1.775877
2.134050
1.621112
1.688020
1.622355
1.634178
1.633280
1.841945
1.703483
1.793938
1.746118
1.628087
1.550611
1.797929
1.929696
1.740334
1.645277
1.528878
1.724639
2.109780
1.960357
1.737885
1.843420
1.659950
1.712478
1.687852
1.481126
1.721955
1.850656
1.911112
1.796634
1.879487
1.602060
1.777723
2.064114
1.570941
1.700053
1.958282
1.514452
1.950367
1.734195
1.724196
1.864246
1.655009
1.791521
1.758854
1.458284
1.744218
1.713185
1.775197
1.599957
1.870018
2.165920
1.510653
1.728482
1.779496
1.581365
1.632561
1.687646
1.659837
1.843289
1.671313
1.768001
1.583709
1.748330
1.632977
1.801309
1.798891
1.666831
1.598889
1.725394
1.996482
1.566964
1.871445
1.903875
1.707247
1.695052
1.751292
1.705507
1.464568
1.896432
1.723160
1.882684
1.681779
1.696099
1.553824
1.734872
1.430799
1.630199
1.984732
1.698907
2.034531
1.770238
2.023586
1.651079
1.770072
1.564409
1.894791
1.546271
1.498950
1.790652
1.583415
1.830590
1.796889
1.498864
1.639279
1.821447
1.812124
2.055404
1.941254
1.647038
1.743267
1.622285
1.558326
1.852880
1.601054
1.716421
1.933064
1.954836
1.650612
1.821050
1.525688
1.740189
1.746170
1.575850
1.827319
1.597555
1.846805
1.525187
1.666978
1.716018
1.739538
1.793002
1.668578
1.937011
1.632525
1.595838
1.632746
2.210902
1.972645
1.631885
2.031880
1.678155
1.617637
1.617206
1.484728
1.576723
2.002238
1.616103
1.521793
1.786780
1.962289
2.015730
1.582362
1.840843
1.851332
1.718077
1.651226
1.801297
2.111878
1.725695
1.683146
1.748395
2.049428
1.740133
1.483507
1.709490
1.785163
1.581608
1.996316
1.655269
1.653464
1.636410
1.687020
1.542758
1.762596
1.990596
1.538250
1.866435
1.811822
1.760616
1.766459
1.889510
1.729429
1.532370
1.512007
1.755581
1.618593
1.843647
1.750391
1.932882
1.611943
1.733007
1.551175
2.098733
1.728275
2.023807
1.667569
1.524302
1.756143
1.914782
1.588064
1.873172
1.719737
1.743561
1.856181
1.864079
1.677573
1.890356
1.994274
1.715943
1.642013
1.823385
1.637211
1.682107
1.720333
1.502239
1.766650
1.566763
1.637883
1.460711
1.836129
1.756841
1.783200
1.759831
1.657672
1.636037
2.046114
1.914031
1.607827
1.634427
1.719740
1.790760
1.653948
1.744972
1.886108
1.772983
1.637015
1.626192
1.765966
1.579078
1.795479
1.725424
1.739093
1.799962
1.661163
1.709374
2.108182
2.004580
1.704727
2.064367
1.650927
1.830693
1.805167
1.842159
1.507121
1.716011
1.905726
1.485277
1.520792
1.470198
1.890113
1.715513
1.793318
1.761739
1.913012
2.094240
1.660010
1.747869
1.887364
1.541224
1.701436
1.774238
1.699805
1.993103
1.587781
1.727777
1.645797
1.576955
1.519534
1.583215
1.566709
1.600420
1.672860
1.802342
1.790762
1.734380
1.632318
1.652006
2.312758
1.631419
1.656272
1.552766
1.886228
1.702767
1.662300
1.555254
1.514363
1.828187
1.850549
1.454993
1.729528
1.781180
1.730331
1.840962
1.834969
1.763667
1.570373
1.736817
1.768032
1.484124
1.796156
1.992041
1.769692
1.901579
1.957797
1.698137
1.660202
1.858370
1.710601
1.902999
1.694309
1.528157
1.750970
1.790992
1.731881
1.655588
1.631696
1.631418
1.613550
1.987191
1.684246
1.856502
1.668021
1.724165
1.754858
1.712062
1.898553
2.180696
1.688308
1.527041
1.733392
1.946692
1.637222
1.595244
1.564992
1.777589
1.805816
1.933836
1.860276
1.609224
1.774415
1.852638
1.693089
1.863629
1.801206
1.543072
2.040347
1.538042
1.721145
1.873778
1.641961
1.676117
1.719900
1.626818
1.670966
1.951289
1.569412
1.535734
1.557006
1.478322
1.999716
1.931101
1.832468
1.733345
1.586126
1.846758
1.948467
1.665451
1.586541
1.756335
1.774095
1.559753
1.721117
1.804531
1.709876
1.860762
1.582580
1.712654
1.724707
1.598165
2.027007
1.793782
1.608842
1.771444
1.812894
1.918155
1.822979
1.823526
1.667849
1.823105
1.864811
1.557829
1.956902
1.654136
1.836586
1.821497
1.894142
1.732804
1.816549
1.782934
1.824174
1.707845
1.537425
1.644806
1.718455
1.875614
1.984224
1.817789
1.703785
1.615370
1.667600
1.683399
1.672748
1.601395
1.789026
1.853284
1.664983
1.629540
1.721775
1.774214
1.708529
1.621210
1.585382
1.601884
1.571213
1.806468
1.614790
1.670861
1.628687
1.441675
1.778718
1.741829
1.516051
1.777921
1.528197
1.639928
2.065835
1.635222
1.804782
1.633627
1.849531
1.658541
1.667756
2.049002
1.876042
1.820647
2.389750
1.668554
1.635943
1.634766
1.737104
1.751753
1.584037
1.609853
1.940895
1.888698
1.613392
1.685746
1.467178
1.979416
2.120949
1.582322
1.864820
2.049067
1.614564
1.660103
1.862463
1.733016
1.573509
1.531768
1.984842
1.556615
1.591404
1.554998
1.878130
1.606377
1.636478
1.764543
1.773131
1.505866
1.625120
1.548201
1.719353
1.780840
1.964247
1.654396
2.062849
1.737633
1.799654
1.881546
1.845687
1.964216
1.900668
1.784664
1.805254
1.727361
1.827671
1.783563
2.099609
2.012723
1.616545
1.434224
1.854267
1.736393
1.495631
1.811432
1.497927
1.632153
1.586125
1.723049
1.648586
1.842376
1.730025
1.594602
1.712424
1.857009
1.619278
1.387143
1.746521
1.543980
1.816062
1.596703
1.762388
1.736387
1.787271
1.965847
1.896854
1.882145
1.895084
1.557527
2.341825
1.682523
1.752504
1.628043
1.606288
1.616238
1.644177
1.678458
1.593943
1.556975
1.960153
1.830222
1.766352
1.675510
1.679779
1.753223
1.609144
1.743600
1.713002
1.597081
1.575291
1.655825
1.577737
1.750416
1.670991
1.504590
1.767267
1.690218
1.764955
1.700512
2.115875
1.591777
1.902761
1.596997
1.593748
1.770506
1.716210
2.036007
1.688375
1.899261
1.680214
1.694474
1.702718
1.926908
1.531651
1.696349
1.564101
1.594164
1.526687
1.594762
1.898209
1.829526
1.567941
1.529259
1.608098
1.911330
1.745711
1.863407
1.914226
1.605312
2.015902
1.748112
1.715628
1.547978
1.922267
1.629067
1.821170
1.700081
1.725759
2.123020
1.594990
1.835676
1.579813
1.794923
1.684379
1.654676
1.648116
1.626499
1.752441
1.450500
1.801520
1.579485
1.750975
1.955815
1.829373
1.829106
1.723072
1.710306
1.700277
1.686683
1.550879
1.847256
1.787027
1.717586
1.669126
1.771904
1.885598
1.731576
1.398707
1.964365
1.490550
1.565191
1.835381
1.629539
2.165517
1.495594
1.836672
1.940524
1.804581
1.696442
1.781461
2.072940
1.608637
1.875408
1.616952
1.869556
1.668425
1.972954
1.748132
1.746071
1.609626
1.828833
1.676442
1.934378
1.898073
1.730312
1.785106
1.679313
1.727035
1.626056
1.961756
1.675599
2.008375
1.664918
1.529486
1.555348
1.593209
1.749906
1.711185
1.518685
1.702551
1.827743
1.544221
2.163425
1.745890
1.758576
1.784582
1.580135
1.794474
1.528162
1.873105
1.534394
1.859891
1.804264
1.576856
1.825553
1.922825
1.595665
1.648111
1.619191
1.859652
1.779456
1.857364
1.752836
1.750235
1.617985
1.754940
1.805277
1.715603
1.446637
1.648304
1.524921
2.088589
1.631657
1.495497
1.750181
1.815712
1.779546
1.729068
1.662652
1.580990
1.958494
1.479265
1.570930
1.902566
1.801245
1.939676
1.476561
1.977691
1.607282
1.674164
1.934076
1.776693
1.704118
1.635508
1.696053
2.075962
1.830876
1.860364
1.551947
1.590754
1.920941
1.809777
1.567993
1.635876
1.690889
1.651680
1.692881
1.566196
1.873892
1.564788
1.751324
1.498948
1.881644
1.660599
1.878867
1.745392
1.692065
1.621980
1.734934
1.728624
1.716627
1.988309
1.698207
1.699021
1.775609
1.782509
1.880937
1.681211
1.692379
1.512043
1.641380
1.637560
1.480989
1.695134
1.841778
1.765414
1.642342
1.577767
1.658558
1.647899
1.886536
1.721362
1.690642
1.723092
2.058969
1.858351
1.841693
1.646278
1.868388
1.836544
1.721495
2.085343
1.958496
1.676171
1.825924
1.743586
1.723497
1.724600
2.028661
2.008390
1.999018
1.520470
1.525652
1.711123
1.699423
1.804837
1.749428
1.717424
1.494055
1.700132
1.595432
1.971103
1.676599
1.496364
1.766034
2.100923
1.708643
1.811909
1.850132
1.755693
1.596837
1.696652
1.583947
1.734321
1.854103
1.807969
1.471467
1.731547
1.701313
1.695928
1.862566
1.619694
1.777231
1.715690
1.825590
1.795573
1.779889
1.453358
1.652442
1.533756
1.774305
1.888064
1.806629
1.906472
1.580778
1.700224
1.562565
1.766077
1.459874
1.825239
1.690741
1.648181
1.609431
1.740285
1.577047
1.799295
1.483862
1.733365
1.823318
1.660068
1.911486
1.733945
1.703721
1.690718
1.530932
1.628133
1.598668
1.708357
1.740986
1.681309
1.612813
1.751897
1.592801
1.771379
1.682601
2.162063
1.671161
1.462408
1.698730
1.675545
1.718179
2.026143
1.519069
1.740824
1.687731
1.851737
1.749866
1.678417
1.620222
1.642363
1.833304
1.459617
1.564414
1.479833
2.041153
1.554061
1.681799
1.781550
1.560086
1.735041
1.728718
1.816901
1.584797
1.753167
1.978138
1.590419
1.852522
1.819277
1.651539
1.772382
1.977494
1.898522
1.860631
1.572247
1.903880
1.769259
1.663083
1.544824
1.596784
1.585762
1.773258
1.648527
1.872956
2.016582
1.855028
1.875884
1.459479
1.957978
1.612040
1.644731
1.821818
1.542314
1.427017
1.887318
1.671813
1.709693
1.849623
1.871875
1.800335
1.580216
1.508803
2.025588
1.905006
1.956730
1.490998
1.609303
1.631583
1.831119
2.075131
1.802609
1.667160
1.539116
1.744938
1.739293
1.489780
1.673282
1.736659
1.702116
1.838113
2.474241
1.495988
1.713184
1.525727
1.656177
1.994677
2.116852
1.571337
1.609130
1.650940
1.737820
1.885248
1.643294
1.916491
1.894142
1.549567
1.751791
1.522362
2.020082
1.645108
1.606240
1.602045
1.728894
1.728091
1.715198
1.711401
1.695503
1.644721
1.699446
1.717439
1.827546
2.024617
1.574622
1.752155
1.899181
1.898322
1.743427
1.625894
1.573090
1.684473
1.536048
1.796257
1.859867
1.865908
1.919904
1.744869
1.629966
1.844871
1.481673
1.636161
1.547977
1.845044
1.701070
1.713851
1.543769
1.626977
1.616634
1.518162
1.831857
1.667089
1.600313
1.601934
1.698328
1.516145
1.749694
1.846114
1.956303
1.872982
1.882232
1.773570
1.660074
1.762580
1.551532
1.940965
2.216658
1.739300
1.762247
1.758674
1.688701
1.622076
1.741221
1.703947
1.641606
1.898710
1.611340
1.784806
1.714963
1.598859
1.561126
1.737726
1.609080
2.045625
1.571590
1.679483
1.728771
1.814642
1.738397
1.767285
1.672186
1.744971
1.661261
1.721674
1.907528
1.705414
1.622495
1.798602
1.561213
1.708486
1.738503
1.665181
1.725954
1.620801
1.662534
1.794341
1.777206
1.783022
1.722954
1.766702
1.690284
1.703797
1.698429
1.782528
1.538723
1.370660
2.006454
1.687746
1.866052
1.928253
1.712514
1.478896
1.873920
1.778950
1.825620
1.426160
1.958094
1.799594
1.540723
1.902666
1.698927
1.799878
2.130202
1.629393
1.605967
1.789794
1.434499
1.717025
2.155456
1.733452
1.865111
1.805578
1.518436
1.767815
1.584506
1.520086
1.775065
1.839499
1.786571
1.944927
1.641048
1.671484
1.631097
1.991606
1.560364
1.705858
1.721971
1.582006
1.578580
1.681897
1.713015
1.544146
1.775020
1.622472
1.599544
1.673920
1.680799
1.834118
1.720202
1.877571
1.711210
1.640865
1.638411
1.679522
2.107580
1.928707
1.603529
1.701396
1.792640
1.711962
2.018963
1.609666
1.626755
1.807064
1.921369
1.518556
1.646118
1.807166
1.814824
1.652412
1.765151
1.838424
1.868897
2.103514
1.632015
1.681144
1.817990
1.852539
1.783563
1.792599
1.794932
2.024580
1.431651
1.658263
1.795443
1.717014
1.545454
1.603872
1.731768
1.815640
1.764442
1.602726
1.610050
1.848330
1.782072
1.646755
1.688034
1.651136
1.861471
1.663924
1.690135
1.564430
1.625264
2.032325
1.667197
1.629829
1.922579
1.868517
2.087615
1.530995
1.576741
1.869166
1.835534
1.679114
1.634418
1.738207
1.531389
2.009822
1.778710
1.647730
1.384687
1.550186
1.952017
1.587282
1.528271
1.870697
1.768726
1.595013
1.669875
1.566521
1.760903
1.602241
1.860139
1.885069
1.932567
1.823682
1.416777
1.719573
1.800229
1.580736
1.760349
1.715730
1.726711
1.892148
1.537464
1.515506
1.519415
1.930800
1.622287
1.839299
1.488898
1.528122
1.609451
1.637669
1.751974
1.698007
1.979803
1.768112
1.848029
1.267631
1.695733
1.559190
1.703063
1.558741
1.518810
1.554717
1.658739
1.651139
1.901104
1.864777
2.134583
1.888808
1.844147
1.726979
1.844674
1.522617
1.469013
1.444911
1.474840
1.605610
1.555305
1.775648
1.699387
1.655536
1.828244
1.635209
1.697563
1.638226
1.718971
1.706318
2.080508
1.417319
1.687958
1.907687
1.799680
1.646761
1.489362
1.708657
1.935904
1.788712
1.999066
1.673895
1.707048
1.677657
1.555397
1.763155
1.923679
1.565750
1.874987
1.852678
1.907703
1.714192
1.519081
1.788713
1.779067
1.543144
1.747412
1.727161
1.756649
1.541973
1.623977
1.824488
1.644498
1.771188
1.941711
1.749302
1.793276
1.830943
1.884314
1.833224
1.801069
1.794690
1.897041
1.551774
1.601633
1.660800
1.892078
1.674127
1.669690
1.702490
1.846339
1.651741
1.645832
1.686044
1.713078
1.810680
1.679730
1.479149
1.611003
1.589705
2.269853
1.615870
1.686877
1.697876
1.922415
1.503926
1.589097
1.556164
1.859089
1.883376
1.912340
1.665013
1.906727
1.733801
1.731423
1.786840
2.113197
1.808951
1.791204
1.433075
1.842581
1.943455
1.581281
1.690323
1.767253
1.748988
1.693787
1.672507
1.808672
1.951790
1.687860
1.732841
1.542492
1.652290
1.633095
1.956968
1.751282
2.015028
1.833503
1.554464
1.460246
1.491246
2.570202
1.760399
1.684814
1.668155
1.741986
1.634186
1.608052
1.683689
1.673299
1.709880
1.661338
1.707723
1.799883
1.714588
1.634175
1.954364
1.665334
1.798310
1.486804
1.647899
1.702800
1.948689
1.719831
1.796875
1.828338
2.035333
1.494093
1.753167
1.751952
1.892613
1.609079
1.754324
1.541910
1.711303
1.464358
1.765048
1.621006
1.688870
1.701816
1.607651
1.725150
1.644318
1.304292
1.570408
1.834094
1.695318
1.497589
1.713037
1.870276
1.571630
2.089355
1.743351
1.660431
1.609303
1.735319
1.638538
2.097242
1.843686
1.719340
1.625147
1.764340
1.837415
1.683319
1.666547
1.715804
1.791829
1.802773
1.755644
1.613995
1.696787
1.563236
1.648042
1.725081
1.646932
1.770383
1.773283
1.478236
1.699947
1.758854
1.817771
1.622185
1.748801
1.551324
1.779489
1.788938
1.507487
1.709738
1.917793
2.108897
1.674694
1.795932
1.617357
2.103163
1.702268
1.648929
1.716127
1.718542
1.698918
1.802243
1.471629
1.644881
1.614855
2.159866
1.843442
1.606662
1.817067
1.803785
1.785923
1.721011
1.651947
1.982892
1.904947
1.632884
1.564006
1.888267
1.743849
1.635193
1.853932
1.738963
1.775963
1.799977
1.835868
1.569569
1.631616
1.519347
1.721243
3.631778
1.413748
1.649915
1.477376
1.792970
2.014082
1.589023
1.548332
1.762589
1.694064
1.653718
1.831323
1.610540
1.605354
1.482694
1.753794
1.503828
1.784594
2.168950
1.634349
1.785244
1.858923
1.838517
1.753391
1.866803
1.664307
1.608373
1.695437
1.837458
1.582648
1.795946
1.672964
1.863615
2.026582
1.482120
1.777759
1.657200
1.536232
1.712779
1.688733
1.928466
1.837134
1.297030
1.542714
1.810560
1.798466
1.728707
1.943819
1.423075
1.650742
1.765870
1.996862
1.834215
1.977364
1.698280
1.603141
1.886463
1.611754
1.981141
1.929967
1.602218
1.570964
1.767173
1.530020
1.862789
1.610490
1.746672
1.679431
1.749958
1.929430
1.649170
1.948769
1.756897
1.598037
1.615229
1.655175
1.867192
1.706718
1.615111
1.885385
1.896522
1.706029
1.704056
1.609655
1.698422
1.466453
1.603306
1.678598
1.775898
1.664235
1.944432
1.730666
1.634321
1.951810
1.532663
1.785193
1.854461
1.602066
1.892662
1.696977
1.820517
1.910113
1.811517
1.783122
1.412584
1.635834
1.855586
1.658894
1.859718
1.738299
1.863216
1.724910
1.849177
1.603188
2.009820
1.857556
1.658186
1.638918
1.539434
1.832144
1.903231
1.549018
1.624712
1.849609
1.771204
1.784091
2.230708
1.705810
1.896296
1.709885
1.555156
1.615541
1.708407
1.790231
1.457960
1.888672
1.553175
1.838348
1.494339
1.713063
1.646459
1.862264
1.669135
1.891983
1.827175
1.677436
1.726433
1.576569
1.734220
1.858788
1.984827
1.650913
1.580732
1.885477
1.667927
1.796189
2.228394
1.666270
1.749466
1.622148
1.715240
1.915105
1.792890
1.937276
1.975273
1.639329
1.780721
1.474814
1.671996
1.763399
2.092186
1.984422
1.644733
1.519866
1.770360
1.738858
1.738591
1.551947
1.742417
1.458049
1.482344
1.671670
1.548643
1.575633
1.795674
1.842431
1.674432
1.567916
1.733745
1.714203
1.510681
1.811934
1.716014
1.902590
1.927597
1.741977
1.956100
1.759607
1.494200
1.889938
1.818129
1.909310
1.760591
1.607476
1.743384
1.920824
1.675936
1.485405
2.060688
1.736029
1.591525
1.468162
1.669814
1.664217
1.718875
1.803552
1.537449
1.801593
1.664892
1.567674
1.535593
1.540535
1.746958
1.692884
1.545182
1.769447
2.056539
1.739878
1.540116
1.839796
2.098340
1.659824
1.783404
1.904032
1.923126
1.532826
1.787085
1.542696
2.000248
1.574486
1.765633
1.791221
1.788393
1.776602
1.891571
1.533130
1.806339
1.808327
2.146260
1.712928
1.883118
1.785320
1.489536
1.716600
1.998890
1.821061
1.880331
1.676715
1.803529
1.988255
1.993146
1.922117
1.849161
1.788095
1.822489
1.794581
1.586243
1.600507
1.711310
1.719269
1.544680
1.870462
1.922039
1.651443
1.745990
1.620365
1.561931
1.490962
1.595287
1.875738
1.853641
1.554272
1.633958
1.784416
1.756992
1.855281
1.706669
1.723905
1.820728
1.730407
1.611591
1.656779
1.732483
1.819424
1.391531
1.907870
1.864286
1.794277
1.592119
1.578838
1.630834
1.688452
1.574410
1.659095
1.649062
1.812129
1.598305
2.102934
1.664278
1.749844
1.666159
1.394465
1.616063
1.864562
2.279924
1.845959
1.672187
1.735909
1.753651
1.731679
1.568558
1.595058
1.761365
1.813561
1.915599
1.846900
1.455769
1.815820
1.636892
2.052441
1.939449
1.596361
1.662591
1.786185
1.756365
1.925886
1.838382
1.803341
1.876278
2.049203
1.542121
1.971285
1.710923
1.421585
1.833488
1.752866
1.917675
1.870568
1.699968
1.879033
1.679033
1.664837
1.994592
2.001948
1.699180
1.767718
1.942619
1.553946
1.629923
1.521915
1.874153
1.551282
1.488369
1.637480
1.700523
1.463905
1.552043
1.562726
1.665136
1.453910
2.062091
1.544893
1.778765
1.690552
1.887065
1.648651
1.640290
1.828859
1.439621
1.806572
1.654969
1.870464
1.608667
1.843464
1.698817
2.129317
1.634939
1.865451
1.594808
1.908489
1.677061
1.767302
1.652654
1.904509
1.564331
1.555243
1.633526
1.677101
1.745767
1.603420
2.057037
2.072508
1.705563
1.522475
1.663883
1.638092
1.567131
1.486759
1.686425
1.865006
1.648592
1.641896
1.517951
1.683060
1.747935
1.715619
1.637288
1.953181
1.951553
1.388789
1.870196
1.724329
1.439742
1.801442
1.776162
1.892397
1.707014
1.843696
1.719006
1.607735
1.733651
1.731170
1.791004
1.795987
1.635339
1.843226
1.487951
1.601664
1.594868
1.715163
1.683870
1.527866
1.600506
1.701232
1.855367
1.854823
1.855697
1.583690
1.835934
1.860572
1.688228
1.741309
1.809864
1.531714
1.543603
1.816422
1.601341
1.775874
1.559084
1.688495
1.592427
1.374310
1.738831
1.959180
1.663708
1.929641
1.559233
1.716676
1.507702
1.657644
1.710587
1.673102
1.809998
1.600201
1.653800
1.615469
1.685156
1.598979
1.574931
1.740875
1.725211
1.667342
1.899624
1.622507
1.503106
1.616674
1.715764
1.787477
1.558187
1.629016
2.013540
1.711462
1.747992
1.606728
1.706174
1.734587
1.752205
1.983708
1.403576
1.782807
1.760018
2.032367
1.613406
1.515908
2.078311
1.788759
1.774355
1.554354
1.882805
1.497127
1.691476
1.748083
1.844459
1.580085
1.960572
1.833685
1.644264
1.659758
1.826183
1.528668
1.832997
1.739128
1.763877
1.750128
1.479570
1.650694
1.813325
1.844962
1.578717
1.571951
1.773763
1.756042
1.609916
1.725597
1.728075
1.541931
1.960707
1.755288
1.856432
1.668196
1.567296
2.023206
2.060660
1.653670
1.742584
1.627661
1.618020
1.548575
1.568393
1.841477
1.745571
1.552254
1.628480
1.700740
1.729304
1.660105
1.723344
1.576167
1.668059
1.581202
1.685700
1.824046
1.785992
1.828922
1.623940
1.737443
1.866651
1.608241
1.977782
1.556799
1.738186
1.644036
1.977993
1.629057
1.821606
1.834377
1.823656
1.664688
1.688744
1.602726
1.743339
1.849867
1.505431
2.245451
2.055268
1.615276
1.613299
1.958843
1.988848
1.705003
1.792999
1.469866
1.768322
1.992365
1.569712
2.000802
1.833638
2.227573
1.669184
1.631020
1.921711
1.693630
1.899273
1.657412
1.808467
1.734138
1.461110
1.741164
1.790147
1.833172
1.566293
1.833378
1.530334
1.721966
1.727289
1.689004
1.776838
1.700411
1.541935
1.599791
1.411936
1.679025
1.927859
1.609909
2.150483
1.687037
2.071887
1.672902
1.522748
1.529314
1.662091
1.871470
1.542773
1.901841
