2.287668
2.317640
2.338400
2.340678
2.315371
2.339222
2.358470
2.378892
2.390003
2.392086
2.379753
2.358014
2.441900
2.441770
2.441969
2.395802
2.325851
2.368189
2.319669
2.248092
2.203297
2.153940
2.038364
2.193939
1.895465
1.735381
1.599574
1.613920
1.829184
1.616561
1.557734
1.477283
1.542821
1.651030
1.000375
1.116221
0.894528
1.176990
0.840827
1.090291
1.012024
0.992403
1.033912
0.947596
1.084006
1.027721
0.786458
0.991876
1.276305
0.610328
0.927914
0.603325
0.691379
0.517460
0.658500
0.353848
0.470377
0.806627
0.530993
0.433889
0.527255
0.740867
1.078921
0.744243
0.800014
0.880456
0.594236
0.420773
0.543415
0.388576
0.383608
0.388197
0.402330
0.707361
0.365119
0.688148
0.513958
0.347606
0.459020
0.344207
0.476488
0.843230
0.346007
0.621030
0.666895
0.252056
0.288166
1.061570
0.415217
0.576388
0.351578
0.469415
0.433816
0.345067
0.579216
0.482874
0.453956
0.584566
0.361801
0.352364
0.457947
0.407660
0.181864
0.382407
0.117633
0.589327
0.398919
0.866736
0.427584
0.365089
0.233871
0.568153
0.653812
0.239588
0.655023
0.377668
0.306032
0.408598
0.367199
0.906080
0.110428
0.283105
0.420509
0.442744
0.411256
0.450679
0.389858
0.224371
0.454789
0.209837
0.227085
0.335344
0.396476
0.284480
0.424077
0.464348
0.689462
0.678329
0.269284
0.420838
0.411001
0.313125
0.331238
0.355953
0.286969
0.271954
0.296860
0.280897
0.188583
0.399469
0.297640
0.507852
0.366805
0.109350
0.426568
0.154400
0.282455
0.239616
0.092675
0.118180
0.095843
0.401095
0.199210
0.410060
0.407450
0.178645
0.364964
0.228048
0.271935
0.232434
0.345987
0.494410
0.233846
0.321170
0.228977
0.184904
0.088159
0.073282
0.191689
0.263430
0.276292
0.184274
0.355443
0.650717
0.229302
0.189671
0.295345
0.271226
0.211933
0.480536
0.219152
0.439904
0.335957
0.376141
0.243221
0.431342
0.194780
0.219269
0.109975
0.193055
0.253254
0.233382
0.348702
0.634923
0.274703
0.242053
0.210705
0.241481
0.204441
0.159020
0.543011
0.161692
0.314292
0.318640
0.158230
0.085945
0.401202
0.185708
0.211548
0.314829
0.130903
0.084249
0.209603
0.206449
0.316497
0.397010
0.293542
0.322025
0.272439
0.299971
0.186615
0.131901
0.285501
0.149654
0.126870
0.435458
0.473409
0.262296
0.261817
0.453410
0.344083
0.195499
0.299932
0.317659
0.142914
0.215896
0.166849
0.213970
0.168579
0.270880
0.197522
0.580587
0.156001
0.438994
0.149458
0.202737
0.282090
0.332227
0.264130
0.294477
0.210876
0.244786
0.168953
0.119201
0.191511
0.216449
0.289173
0.153865
0.191297
0.250738
0.264567
0.340703
0.110078
0.154867
0.171631
0.143918
0.218906
0.202897
0.342970
0.035246
0.169026
0.113195
0.097749
0.327518
0.252499
0.263689
0.388242
0.193146
0.162214
0.362703
0.188602
0.127065
0.334833
0.116005
0.127648
0.274340
0.208708
0.193933
0.367497
0.246576
0.459111
0.176069
0.443371
0.263577
0.196204
0.160108
0.183515
0.082127
0.347792
0.070570
0.262062
0.106195
0.365974
0.225139
0.190419
0.145369
0.049034
0.105041
0.302742
0.147337
0.128854
0.229117
0.123888
0.272717
0.182751
0.273931
0.144417
0.096665
0.104567
0.212793
0.505115
0.216153
0.038202
0.123022
0.161578
0.111973
0.164471
0.167395
0.330997
0.355765
0.176301
0.131307
0.066500
0.266446
0.393247
0.338277
0.084912
0.248925
0.396361
0.164146
0.223673
0.093088
0.357154
0.275292
0.157945
0.297972
0.254248
0.079214
0.327747
0.089636
0.303231
0.114020
0.339603
0.350385
0.231342
0.251255
0.328561
0.606413
0.137251
0.102885
0.074822
0.082009
0.282790
0.213605
0.212255
0.316677
0.129284
0.127329
0.081197
0.343239
0.403646
0.233197
0.332231
0.115594
0.152196
0.335825
0.372952
0.148519
0.216347
0.266576
0.132425
0.224703
0.125169
0.132949
0.122707
0.299081
0.076437
0.100248
0.373424
0.390789
0.315652
0.069316
0.321123
0.088395
0.176266
0.085341
0.138340
0.109694
0.255391
0.160700
0.030555
0.511960
0.240561
0.308942
0.104913
0.114216
0.378858
0.251970
0.260218
0.174577
0.187843
0.147787
0.257722
0.335851
0.306988
0.241985
0.171259
0.138803
0.190183
0.296714
0.155045
0.056769
0.389744
0.059228
0.093989
0.064113
0.404177
0.071722
0.226605
0.110424
0.162196
0.161854
0.178526
0.235749
0.155532
0.235298
0.175116
0.157439
0.254433
0.160039
0.063763
0.085003
0.049323
0.163335
0.171061
0.246442
0.033373
0.206757
0.113474
0.281042
0.244417
0.066748
0.040578
0.113048
0.062686
0.225240
0.194650
0.123197
0.129595
0.177088
0.133575
0.240486
0.056392
0.082894
0.138783
0.160663
0.154470
0.203745
0.178667
0.139594
0.086078
0.160223
0.183349
0.147625
0.164771
0.116692
0.212258
0.188491
0.115133
0.042723
0.126723
0.236046
0.206459
0.275923
0.123076
0.100392
0.109127
0.062122
0.366216
0.255745
0.275225
0.345507
0.084276
0.135721
0.186326
0.192512
0.204472
0.264346
0.190595
0.475497
0.145597
0.412045
0.422757
0.164043
0.085832
0.150466
0.103085
0.107877
0.169086
0.167257
0.336901
0.132012
0.213883
0.250748
0.179982
0.151414
0.404643
0.257921
0.205637
0.070369
0.275291
0.240214
0.266930
0.108593
0.117128
0.108420
0.036896
0.040497
0.252106
0.233964
0.163493
0.068392
0.260802
0.136326
0.098708
0.128270
0.110699
0.425326
0.087600
0.162103
0.305621
0.186530
0.093232
0.151433
0.065942
0.077895
0.230790
0.059359
0.198883
0.247024
0.138643
0.144018
0.141399
0.218397
0.101955
0.084909
0.298481
0.071321
0.123181
0.166821
0.107162
0.333388
0.225520
0.273346
0.321120
0.101011
0.024986
0.202501
0.120560
0.167376
0.214733
0.078039
0.061221
0.072274
0.246206
0.221461
0.231316
0.035627
0.093462
0.105868
0.263186
0.191217
0.248295
0.252393
0.078560
0.102594
0.055703
0.082936
0.156975
0.138415
0.072909
0.087035
0.263956
0.643822
0.047776
0.520680
0.171736
0.129548
0.133022
0.047882
0.264660
0.193610
0.101059
0.103527
0.018007
0.187267
0.054352
0.418569
0.249969
0.110478
0.216037
0.078188
0.102451
0.217121
0.452121
0.120059
0.159692
0.086301
0.192115
0.210444
0.141069
0.063503
0.206554
0.196102
0.137315
0.150582
0.079142
0.173331
0.305083
0.194618
0.127147
0.204063
0.056222
0.161932
0.181366
0.175504
0.025581
0.132583
0.125897
0.271900
0.032666
0.141758
0.336320
0.196898
0.071579
0.172727
0.163096
0.153730
0.059013
0.206964
0.053028
0.103372
0.096763
0.117512
0.309797
0.121602
0.281658
0.059349
0.078914
0.100845
0.109492
0.142987
0.034067
0.076397
0.079536
0.123147
0.148778
0.069991
0.069809
0.237878
0.427395
0.092585
0.254651
0.380651
0.229780
0.111138
0.532202
0.075372
0.241025
0.132624
0.195136
0.186674
0.286986
0.070087
0.240787
0.107236
0.094632
0.125797
0.325945
0.143048
0.109670
0.098006
0.076303
0.082009
0.242315
0.167065
0.088150
0.154792
0.171250
0.084308
0.185189
0.092040
0.075440
0.265321
0.037228
0.074972
0.142249
0.129463
0.016613
0.042772
0.250303
0.380916
0.108592
0.124936
0.166868
0.106295
0.295595
0.159363
0.249595
0.093215
0.071702
0.176174
0.254275
0.124527
0.371208
0.094220
0.103611
0.101364
0.084038
0.208193
0.207529
0.098125
0.099304
0.408244
0.158192
0.087155
0.105836
0.056754
0.114392
0.324186
0.100803
0.065829
0.102890
0.070352
0.078127
0.260734
0.132408
0.108450
0.014958
0.094687
0.156053
0.212309
0.235667
0.159522
0.051075
0.094588
0.268728
0.052909
0.155364
0.068787
0.193812
0.217866
0.326690
0.079937
0.171219
0.163870
0.374324
0.174217
0.200712
0.211196
0.146469
0.075377
0.176370
0.134750
0.060435
0.082848
0.171996
0.418130
0.117312
0.255056
0.249491
0.185485
0.078902
0.113498
0.042826
0.306740
0.436667
0.017885
0.191027
0.117679
0.082597
0.254066
0.041021
0.106846
0.065254
0.138319
0.056314
0.110890
0.122376
0.052330
0.302128
0.131653
0.328846
0.043881
0.075295
0.159702
0.080547
0.056594
0.385329
0.200109
0.058743
0.166505
0.054087
0.055918
0.091232
0.157438
0.049504
0.180388
0.096821
0.066118
0.099047
0.061120
0.038975
0.109738
0.299240
0.140877
0.213787
0.155519
0.195743
0.053078
0.390365
0.158650
0.083855
0.110178
0.050830
0.203860
0.142598
0.040315
0.217655
0.250044
0.259584
0.116957
0.184949
0.136694
0.264179
0.068672
0.309276
0.036867
0.114505
0.030008
0.161295
0.125574
0.228646
0.194771
0.128077
0.097151
0.330073
0.121911
0.070622
0.280955
0.137313
0.296151
0.220657
0.073410
0.160833
0.087791
0.046343
0.201825
0.078442
0.317097
0.156212
0.050530
0.063215
0.127593
0.068829
0.279607
0.116785
0.057364
0.081172
0.046245
0.241990
0.370814
0.066670
0.147024
0.090248
0.059299
0.141917
0.071949
0.081913
0.136760
0.043146
0.045250
0.102843
0.115160
0.280608
0.182156
0.315646
0.022304
0.075212
0.204263
0.123172
0.099168
0.203402
0.063690
0.207247
0.116800
0.144459
0.101795
0.148745
0.182301
0.116417
0.116009
0.110965
0.223020
0.103655
0.157845
0.089461
0.140762
0.305774
0.049556
0.112246
0.083138
0.015223
0.097526
0.128772
0.173445
0.044652
0.191797
0.160987
0.030709
0.075628
0.062572
0.141959
0.112625
0.201029
0.068169
0.067781
0.388911
0.164137
0.092791
0.063163
0.366824
0.118284
0.087686
0.199846
0.100031
0.017335
0.074261
0.244518
0.230836
0.199489
0.137704
0.051889
0.052029
0.116141
0.261487
0.079228
0.135867
0.346241
0.195395
0.032824
0.192969
0.124157
0.172920
0.049040
0.338731
0.133527
0.224261
0.126474
0.192405
0.041191
0.140441
0.166634
0.023722
0.163363
0.169569
0.285871
0.032790
0.043972
0.210497
0.174976
0.140710
0.168173
0.132428
0.054288
0.087553
0.064051
0.217221
0.029999
0.028247
0.205199
0.315841
0.092195
0.253726
0.333416
0.152028
0.041123
0.041943
0.188086
0.128865
0.101484
0.097828
0.445296
0.158657
0.061959
0.127145
0.100735
0.455124
0.067998
0.141005
0.046839
0.085884
0.137150
0.112150
0.106758
0.274171
0.242936
0.131304
0.237871
0.028370
0.129715
0.128022
0.046107
0.249571
0.172892
0.071749
0.054157
0.202827
0.055898
0.219141
0.034799
0.117808
0.173768
0.194285
0.117799
0.161340
0.164537
0.045707
0.095562
0.179587
0.076946
0.172297
0.184514
0.177701
0.112165
0.150940
0.188168
0.039498
0.101806
0.303875
0.042845
0.195470
0.277610
0.054501
0.239810
0.040901
0.143302
0.024521
0.310192
0.071773
0.069012
0.045736
0.179596
0.068076
0.182165
0.038643
0.193580
0.054418
0.076753
0.106243
0.121496
0.164053
0.068172
0.059113
0.104740
0.113809
0.159035
0.366428
0.114258
0.210829
0.152885
0.098161
0.063125
0.173229
0.065359
0.044140
0.147587
0.115714
0.091626
0.045274
0.175487
0.124213
0.075641
0.234176
0.307531
0.175899
0.196977
0.037811
0.226752
0.241389
0.128286
0.204493
0.058868
0.094238
0.040143
0.269134
0.108088
0.072999
0.267604
0.188499
0.139167
0.055397
0.049957
0.058278
0.357733
0.038496
0.053273
0.339150
0.114151
0.261013
0.077235
0.171541
0.101960
0.091350
0.100392
0.067089
0.043410
0.115319
0.203973
0.132659
0.066372
0.080616
0.100192
0.449569
0.101249
0.042620
0.157073
0.176761
0.088062
0.198245
0.041614
0.296860
0.188414
0.232895
0.140142
0.246875
0.054008
0.075252
0.101422
0.176942
0.171324
0.069649
0.146558
0.110836
0.053663
0.034537
0.033921
0.306746
0.200190
0.138647
0.208794
0.153097
0.030404
0.024753
0.065449
0.087831
0.046735
0.071921
0.066963
0.182115
0.037695
0.174943
0.093278
0.019913
0.070491
0.109498
0.077717
0.121119
0.092208
0.135990
0.284460
0.148422
0.078061
0.022950
0.268008
0.048041
0.040579
0.086552
0.067977
0.126640
0.069735
0.109764
0.146567
0.493009
0.054555
0.154515
0.035931
0.099751
0.301088
0.087128
0.275741
0.236594
0.359320
0.034741
0.070728
0.093477
0.055526
0.228158
0.089091
0.051775
0.072661
0.204268
0.155904
0.147579
0.130943
0.075108
0.133001
0.099587
0.038039
0.253754
0.070688
0.234664
0.033031
0.084050
0.047832
0.029448
0.036651
0.086527
0.241026
0.337582
0.069858
0.118054
0.257112
0.247670
0.127858
0.135019
0.145309
0.016989
0.177002
0.072507
0.123003
0.201180
0.078051
0.152528
0.068977
0.047486
0.121148
0.107238
0.096084
0.075683
0.115424
0.052845
0.116016
0.089196
0.164618
0.104008
0.305734
0.095933
0.055731
0.021214
0.123792
0.147685
0.223998
0.064304
0.249026
0.132237
0.071967
0.168161
0.130560
0.058409
0.228896
0.127740
0.093951
0.035646
0.128334
0.075642
0.152390
0.149157
0.105962
0.080497
0.177271
0.103415
0.095640
0.085255
0.152683
0.026759
0.092084
0.029475
0.063211
0.066356
0.194117
0.097553
0.215068
0.107696
0.063170
0.095598
0.059947
0.025683
0.122139
0.101210
0.073871
0.046311
0.163112
0.097719
0.023888
0.196853
0.048853
0.088830
0.162138
0.230953
0.223753
0.041173
0.033666
0.342133
0.122284
0.165656
0.225936
0.070241
0.051205
0.302810
0.087533
0.105514
0.103950
0.154200
0.209106
0.163109
0.125217
0.060729
0.106670
0.195612
0.099654
0.122964
0.132808
0.120941
0.080765
0.139344
0.164655
0.061617
0.087189
0.048176
0.212967
0.077547
0.103438
0.098790
0.099788
0.169776
0.220590
0.122499
0.212058
0.233225
0.124490
0.166970
0.079733
0.107434
0.223765
0.147877
0.035163
0.086699
0.063270
0.066988
0.091326
0.093275
0.206654
0.036834
0.068854
0.251976
0.227372
0.069182
0.173918
0.071128
0.026121
0.240338
0.079578
0.177883
0.204381
0.067184
0.156367
0.058432
0.152297
0.167704
0.068904
0.180642
0.111180
0.098506
0.047778
0.086409
0.063243
0.256215
0.019174
0.421181
0.031718
0.132910
0.089760
0.053744
0.205084
0.096769
0.026280
0.056185
0.032536
0.317090
0.090816
0.139761
0.317177
0.022075
0.083646
0.210153
0.136875
0.105583
0.017829
0.148164
0.137614
0.159535
0.055194
0.187492
0.267112
0.083907
0.092304
0.137853
0.152861
0.068749
0.190325
0.082320
0.133509
0.107534
0.058874
0.388900
0.045193
0.075746
0.148533
0.074012
0.053633
0.067170
0.065346
0.021707
0.107971
0.034110
0.061572
0.178798
0.099640
0.108746
0.170323
0.032783
0.047490
0.152360
0.134535
0.104243
0.149096
0.406358
0.054960
0.151845
0.035525
0.484253
0.034030
0.135151
0.075893
0.059079
0.169365
0.049730
0.053493
0.013215
0.267072
0.114710
0.184344
0.030627
0.073743
0.072474
0.113066
0.101951
0.058973
0.178881
0.155050
0.085193
0.095024
0.147690
0.160738
0.129555
0.119817
0.172659
0.108347
0.090133
0.014312
0.113341
0.273174
0.030218
0.216264
0.092821
0.022063
0.058572
0.021913
0.054844
0.175836
0.034143
0.112188
0.068136
0.085472
0.108329
0.305584
0.092311
0.200930
0.062201
0.034255
0.123264
0.013235
0.044046
0.123154
0.157383
0.167064
0.192576
0.060139
0.032633
0.036904
0.188109
0.084560
0.253333
0.081644
0.098905
0.079466
0.262375
0.111380
0.259208
0.044607
0.076843
0.133519
0.190561
0.141124
0.111710
0.048090
0.202146
0.060634
0.166895
0.178985
0.182539
0.067384
0.064592
0.082173
0.350823
0.090490
0.243492
0.168656
0.033186
0.020092
0.030296
0.186491
0.144988
0.144349
0.266487
0.302298
0.052885
0.259084
0.105154
0.063245
0.170005
0.030147
0.074968
0.127859
0.034199
0.170817
0.173949
0.023954
0.043635
0.100386
0.073230
0.110767
0.150646
0.056455
0.229467
0.180264
0.316423
0.078114
0.046736
0.014666
0.102837
0.036384
0.204943
0.059193
0.168323
0.119139
0.136332
0.043875
0.012945
0.131776
0.042178
0.158857
0.040539
0.317050
0.042392
0.091690
0.050248
0.149162
0.108242
0.068740
0.115887
0.246810
0.232971
0.231551
0.077666
0.090431
0.195786
0.132632
0.199097
0.055176
0.104007
0.253143
0.304128
0.081062
0.243771
0.285082
0.135542
0.064402
0.062412
0.055774
0.064878
0.062754
0.018636
0.032883
0.104625
0.045590
0.042389
0.020404
0.224569
0.096309
0.053698
0.131224
0.106990
0.102918
0.043429
0.181933
0.144449
0.154733
0.191324
0.059688
0.123441
0.123881
0.136122
0.122874
0.029191
0.040625
0.160652
0.041482
0.031245
0.091907
0.107260
0.109019
0.087568
0.164016
0.330681
0.075929
0.032646
0.082162
0.342038
0.171406
0.072823
0.126473
0.094547
0.073055
0.018211
0.119754
0.045464
0.015759
0.369332
0.087267
0.021494
0.190622
0.150727
0.034576
0.091159
0.290740
0.095643
0.210017
0.242767
0.069425
0.100940
0.363068
0.056067
0.034267
0.091278
0.013816
0.065593
0.020511
0.021991
0.145273
0.076454
0.259101
0.021005
0.077466
0.134726
0.235904
0.101372
0.130708
0.049062
0.161332
0.084166
0.138380
0.029132
0.156782
0.023364
0.057902
0.023071
0.242596
0.020628
0.061120
0.178120
0.161268
0.091242
0.032399
0.088090
0.086440
0.017745
0.059397
0.201051
0.020108
0.070516
0.104149
0.086574
0.067113
0.074199
0.105780
0.082017
0.073912
0.162419
0.060568
0.259793
0.097643
0.018420
0.101118
0.067221
0.292643
0.108413
0.081132
0.066119
0.017799
0.095801
0.306758
0.020709
0.040732
0.472834
0.157443
0.118216
0.203041
0.077404
0.100716
0.119015
0.059570
0.043564
0.053436
0.167555
0.094105
0.114584
0.179875
0.035275
0.316190
0.320593
0.068292
0.048939
0.224844
0.182134
0.029123
0.088778
0.103303
0.031967
0.090268
0.030349
0.086750
0.143112
0.108786
0.163957
0.063705
0.072153
0.143049
0.077759
0.069365
0.012541
0.097540
0.091396
0.052155
0.112185
0.104867
0.103719
0.202695
0.066287
0.385320
0.116590
0.144723
0.076244
0.031382
0.091184
0.161690
0.320602
0.060307
0.090210
0.317517
0.129654
0.076898
0.113175
0.111273
0.159220
0.135208
0.222639
0.102534
0.150778
0.054580
0.007801
0.155826
0.026182
0.162392
0.050958
0.084372
0.149968
0.138250
0.208635
0.145246
0.143397
0.030856
0.096742
0.143297
0.181753
0.174480
0.042938
0.076824
0.050573
0.006137
0.052597
0.022626
0.067640
0.095995
0.063158
0.101936
0.099030
0.026242
0.083785
0.181411
0.035992
0.341843
0.179477
0.145998
0.138195
0.187158
0.148987
0.025618
0.119039
0.087408
0.097311
0.283955
0.089806
0.037380
0.240427
0.030840
0.105654
0.069183
0.141765
0.045181
0.124447
0.038387
0.133623
0.210187
0.031539
0.252419
0.184428
0.178397
0.067903
0.147411
0.012609
0.035326
0.045234
0.145356
0.133658
0.062657
0.066113
0.214053
0.050224
0.109924
0.169308
0.073568
0.094379
0.181211
0.148564
0.056586
0.058175
0.121967
0.079627
0.090637
0.024689
0.094418
0.159255
0.017148
0.038246
0.142565
0.128159
0.103344
0.166917
0.074094
0.070199
0.343045
0.022019
0.035836
0.094280
0.158616
0.122520
0.073410
0.192930
0.015373
0.188250
0.011083
0.094153
0.066017
0.124172
0.114125
0.345471
0.031269
0.118669
0.110552
0.030558
0.061161
0.107355
0.058588
0.087362
0.068323
0.098542
0.115282
0.101328
0.079773
0.124029
0.163451
0.066703
0.040860
0.149481
0.133842
0.279379
0.098054
0.206923
0.033593
0.024732
0.088588
0.124842
0.062294
0.156560
0.144039
0.053150
0.157673
0.026471
0.075974
0.175202
0.207697
0.020242
0.131234
0.114026
0.053411
0.088126
0.136265
0.149930
0.092853
0.032747
0.101715
0.094720
0.128923
0.149809
0.085629
0.359454
0.031761
0.048509
0.035256
0.091109
0.106429
0.043257
0.089655
0.042285
0.013121
0.099993
0.251585
0.096241
0.059432
0.051802
0.016522
0.103749
0.272814
0.018441
0.054800
0.079125
0.086286
0.142037
0.039395
0.120065
0.071698
0.129842
0.285125
0.051098
0.038154
0.041891
0.121592
0.048459
0.125584
0.066597
0.092434
0.207694
0.087724
0.129125
0.023628
0.160800
0.129107
0.049206
0.019588
0.136079
0.060173
0.082237
0.281280
0.172123
0.268295
0.049376
0.135027
0.061947
0.133783
0.080217
0.050584
0.211099
0.158368
0.127305
0.054485
0.186218
0.121363
0.016666
0.069733
0.043304
0.137927
0.245280
0.083264
0.050234
0.159618
0.090054
0.209710
0.159216
0.304363
0.013563
0.029421
0.303318
0.068499
0.056696
0.029718
0.054052
0.170738
0.035922
0.135317
0.025575
0.074413
0.073392
0.066839
0.068555
0.122131
0.037439
0.027284
0.078979
0.166797
0.331852
0.148174
0.076331
0.109587
0.068637
0.023739
0.049513
0.096666
0.035219
0.009614
0.139850
0.011275
0.013205
0.053654
0.109205
0.111934
0.065848
0.082482
0.054779
0.068900
0.046362
0.026656
0.019149
0.018870
0.071869
0.172909
0.153837
0.045184
0.197727
0.047609
0.094641
0.134496
0.212078
0.171433
0.085287
0.217294
0.088466
0.148585
0.132151
0.189691
0.118907
0.207667
0.060694
0.064338
0.017005
0.227226
0.127917
0.100880
0.210286
0.045752
0.069874
0.128388
0.504383
0.156960
0.082204
0.094759
0.105687
0.175709
0.183367
0.156891
0.018113
0.051531
0.030807
0.082354
0.063516
0.117619
0.100120
0.312422
0.050398
0.175414
0.099703
0.039599
0.034096
0.114951
0.139014
0.257765
0.106802
0.173335
0.044618
0.110098
0.028827
0.146285
0.122029
0.126864
0.061412
0.119563
0.037721
0.023217
0.147936
0.158004
0.058624
0.135330
0.029815
0.013867
0.044946
0.181438
0.204353
0.130298
0.085383
0.061193
0.076236
0.201753
0.014820
0.073847
0.028438
0.140595
0.322764
0.096872
0.107220
0.118284
0.165127
0.103465
0.078964
0.093026
0.023839
0.035553
0.035066
0.047203
0.025448
0.021594
0.028512
0.128301
0.165049
0.048620
0.210224
0.052365
0.050159
0.221368
0.185284
0.203218
0.154313
0.077419
0.134100
0.033787
0.096032
0.229124
0.034609
0.085922
0.034042
0.184441
0.032451
0.033584
0.039823
0.019070
0.237939
0.372929
0.148118
0.213444
0.350615
0.083172
0.071879
0.116347
0.191714
0.155866
0.167466
0.132972
0.056620
0.238119
0.051550
0.265215
0.073016
0.078808
0.083555
0.041322
0.048860
0.050858
0.135550
0.100763
0.125155
0.131585
0.072441
0.121442
0.103400
0.263958
0.026101
0.032489
0.459308
0.020612
0.074216
0.016284
0.067285
0.040393
0.084214
0.064761
0.089931
0.055671
0.067216
0.096497
0.019008
0.115401
0.098196
0.040624
0.182751
0.017677
0.192028
0.263521
0.051704
0.082281
0.277692
0.083176
0.199283
0.071751
0.059859
0.101497
0.064494
0.032286
0.073276
0.035463
0.171209
0.125764
0.096757
0.136801
0.205979
0.098930
0.040572
0.028738
0.053844
0.043394
0.140185
0.113118
0.073109
0.099066
0.044828
0.035423
0.063000
0.029294
0.033216
0.049358
0.030810
0.017356
0.193247
0.107483
0.121970
0.156579
0.099499
0.086668
0.104027
0.079372
0.123769
0.162475
0.022284
0.203082
0.069494
0.082077
0.061711
0.094689
0.187475
0.099031
0.083149
0.046293
0.141459
0.073406
0.030188
0.065169
0.104693
0.198940
0.038327
0.149957
0.121331
0.186799
0.150788
0.077817
0.033461
0.071755
0.215670
0.138639
0.024302
0.029522
0.072096
0.126973
0.102508
0.046776
0.115387
0.210871
0.048677
0.143903
0.072419
0.056608
0.258857
0.102657
0.105692
0.068621
0.053580
0.072340
0.104814
0.059417
0.254981
0.400333
0.009662
0.072152
0.161468
0.123652
0.342940
0.033189
0.019146
0.070568
0.075432
0.052291
0.040285
0.142938
0.027793
0.060510
0.089133
0.157687
0.089821
0.095948
0.021057
0.104001
0.019712
0.037645
0.154889
0.115481
0.033839
0.327391
0.086303
0.216539
0.039619
0.086471
0.169428
0.037951
0.072707
0.061697
0.036870
0.012715
0.217832
0.106497
0.034278
0.033758
0.127878
0.095384
0.070983
0.020564
0.072660
0.102733
0.166661
0.051742
0.013607
0.036920
0.119450
0.081549
0.095163
0.043518
0.216206
0.112684
0.051515
0.171115
0.044032
0.059117
0.281645
0.101711
0.216609
0.075690
0.053224
0.024972
0.081344
0.039671
0.161158
0.081549
0.058707
0.098314
0.100971
0.035515
0.081380
0.062698
0.040299
0.036625
0.081039
0.181746
0.090179
0.164860
0.072155
0.048698
0.081467
0.219601
0.276452
0.102996
0.023259
0.154642
0.185802
0.243279
0.052352
0.075347
0.172552
0.253834
0.020735
0.037826
0.065830
0.048737
0.063567
0.181239
0.034486
0.073466
0.084199
0.054618
0.073079
0.078277
0.146916
0.092985
0.208273
0.058816
0.061803
0.327622
0.049946
0.277678
0.135479
0.066696
0.009810
0.170572
0.113527
0.139868
0.030403
0.140091
0.034437
0.032188
0.189278
0.042214
0.065172
0.071887
0.141754
0.096685
0.064032
0.032503
0.430098
0.045332
0.097084
0.114974
0.179437
0.275778
0.019796
0.143593
0.089212
0.100996
0.102924
0.103088
0.083372
0.148289
0.032083
0.178465
0.038376
0.011089
0.037918
0.085942
0.041814
0.264833
0.105573
0.051598
0.088387
0.116305
0.225247
0.172560
0.157406
0.034089
0.094224
0.085219
0.011916
0.165148
0.063923
0.070268
0.095073
0.024988
0.024420
0.059717
0.151581
0.170347
0.055097
0.131854
0.033295
0.019227
0.064331
0.071179
0.033093
0.092470
0.076449
0.043340
0.030786
0.033204
0.062052
0.068573
0.039073
0.069046
0.058829
0.043934
0.411066
0.116858
0.093361
0.091034
0.055038
0.406182
0.092639
0.190659
0.096450
0.160176
0.078544
0.157725
0.255410
0.053570
0.049910
0.193638
0.136007
0.034438
0.057600
0.041969
0.090971
0.188018
0.209605
0.018384
0.045393
0.206244
0.077027
0.158013
0.036018
0.016293
0.108492
0.006548
0.064924
0.108601
0.130109
0.031856
0.040666
0.037559
0.089705
0.008541
0.033000
0.201677
0.029349
0.027007
0.197576
0.092249
0.071237
0.055782
0.159658
0.041781
0.068755
0.190420
0.202074
0.053589
0.051841
0.071709
0.070321
0.241407
0.119976
0.120172
0.059927
0.049065
0.079140
0.098774
0.173703
0.130296
0.075605
0.184147
0.026191
0.195405
0.092344
0.020588
0.037089
0.059565
0.065375
0.044642
0.287865
0.057527
0.025706
0.015455
0.018130
0.045600
0.068675
0.256047
0.068039
0.084259
0.187006
0.069878
0.029499
0.046687
0.038721
0.258082
0.146371
0.292857
0.092957
0.061321
0.121918
0.042343
0.030274
0.166789
0.090932
0.055696
0.182948
0.024747
0.106815
0.111561
0.125692
0.070509
0.091447
0.044523
0.129148
0.090280
0.082199
0.012253
0.099891
0.181383
0.044025
0.129077
0.019219
0.135382
0.015435
0.095687
0.253928
0.085013
0.157398
0.045305
0.039505
0.064265
0.034677
0.031862
0.019258
0.250933
0.017789
0.091967
0.085635
0.078865
0.042612
0.182406
0.015837
0.060833
0.132101
0.114744
0.091356
0.145436
0.060760
0.034070
0.349699
0.138096
0.050826
0.133126
0.184297
0.072905
0.167465
0.060364
0.134466
0.047526
0.047175
0.033323
0.019950
0.329296
0.059864
0.226875
0.182624
0.221930
0.242699
0.028706
0.047446
0.245662
0.249117
0.108328
0.009805
0.063300
0.098737
0.048149
0.127104
0.196863
0.094309
0.126259
0.014363
0.111484
0.069715
0.045929
0.048730
0.038604
0.091489
0.074941
0.085637
0.158662
0.065518
0.104565
0.136297
0.029942
0.069690
0.033623
0.082563
0.046449
0.107023
0.084938
0.085937
0.017786
0.110432
0.176456
0.036849
0.204092
0.126822
0.018139
0.019324
0.083282
0.015697
0.110115
0.263094
0.045363
0.081102
0.150851
0.026827
0.061567
0.216458
0.018097
0.070127
0.007883
0.025533
0.165608
0.055808
0.087437
0.077134
0.060144
0.014461
0.038558
0.248727
0.041815
0.084285
0.041779
0.024507
0.089646
0.101966
0.245827
0.103305
0.048041
0.059315
0.097546
0.068320
0.050725
0.197869
0.063324
0.035933
0.273044
0.051547
0.027489
0.164268
0.032754
0.211717
0.047902
0.159905
0.056957
0.005471
0.229224
0.075540
0.229200
0.045445
0.052725
0.120195
0.099734
0.026628
0.111642
0.091243
0.061284
0.070736
0.260575
0.086503
0.039892
0.124628
0.012099
0.050823
0.088529
0.291027
0.049555
0.065790
0.172353
0.128338
0.186581
0.140902
0.046629
0.037188
0.028086
0.042219
0.076138
0.068207
0.120265
0.062602
0.025552
0.175536
0.194533
0.063637
0.020356
0.090214
0.304287
0.078014
0.127308
0.142725
0.299211
0.023396
0.070094
0.040289
0.114976
0.169175
0.020046
0.128314
0.026620
0.304198
0.121162
0.138771
0.043995
0.188452
0.084977
0.193820
0.117617
0.069694
0.023111
0.107064
0.094099
0.080666
0.102986
0.279521
0.053555
0.070020
0.016155
0.121703
0.060326
0.072215
0.025029
0.044201
0.062443
0.078883
0.194038
0.161097
0.022541
0.372051
0.057760
0.076306
0.042517
0.161025
0.275604
0.142329
0.023943
0.046125
0.034892
0.143834
0.174492
0.019623
0.123919
0.168301
0.207084
0.076524
0.085688
0.068175
0.084577
0.051586
0.079885
0.137615
0.058310
0.257800
0.039321
0.012325
0.137868
0.022423
0.078365
0.230645
0.083010
0.021144
0.070179
0.034401
0.063889
0.081689
0.056945
0.206411
0.186253
0.228817
0.202725
0.065943
0.039869
0.013065
0.070512
0.087165
0.068376
0.022556
0.240970
0.058191
0.025150
0.091344
0.024331
0.043889
0.096862
0.126708
0.038806
0.112511
0.010420
0.221153
0.018950
0.028407
0.046064
0.019521
0.011108
0.050359
0.062537
0.131647
0.017412
0.066903
0.072626
0.099726
0.019734
0.046382
0.006388
0.169365
0.031720
0.039242
0.052474
0.048540
0.163511
0.159752
0.056869
0.034819
0.086503
0.035839
0.026637
0.019758
0.106533
0.103659
0.139080
0.011959
0.310618
0.222283
0.069795
0.035358
0.057660
0.083063
0.054209
0.181419
0.022620
0.044714
0.017438
0.090065
0.096288
0.122044
0.047385
0.029054
0.015347
0.168300
0.178630
0.021709
0.066104
0.172587
0.164756
0.049945
0.011655
0.098990
0.240226
0.293447
0.333849
0.095493
0.190023
0.154056
0.155229
0.133622
0.088702
0.019576
0.093105
0.138570
0.106138
0.009994
0.097980
0.206942
0.079194
0.036667
0.136939
0.253346
0.095056
0.021729
0.019310
0.240001
0.012560
0.154276
0.042900
0.021900
0.117263
0.054751
0.150898
0.289890
0.081658
0.031311
0.019055
0.100548
0.090754
0.116136
0.077559
0.039089
0.174035
0.086841
0.043421
0.230395
0.158265
0.108413
0.270212
0.061939
0.034492
0.151401
0.092088
0.049308
0.175783
0.072374
0.151480
0.482888
0.087063
0.068064
0.080690
0.082328
0.024567
0.176220
0.261526
0.277522
0.191122
0.114472
0.061891
0.023917
0.028179
0.027782
0.032549
0.038257
0.073284
0.034097
0.166450
0.065670
0.027944
0.036870
0.069445
0.021446
0.114304
0.047832
0.154610
0.015587
0.047385
0.017999
0.151925
0.121849
0.056440
0.024960
0.044623
0.104920
0.146243
0.038395
0.290491
0.211237
0.046229
0.149771
0.051891
0.069217
0.059805
0.110122
0.012334
0.093317
0.095809
0.033773
0.025368
0.035726
0.124732
0.015903
0.147578
0.022231
0.128117
0.035264
0.091294
0.229542
0.102170
0.054137
0.088298
0.031194
0.098774
0.132243
0.079212
0.074245
0.013908
0.050082
0.113425
0.042120
0.093619
0.148948
0.175223
0.080607
0.016620
0.043676
0.139073
0.077461
0.007370
0.141687
0.165859
0.100881
0.175110
0.052437
0.075663
0.165257
0.045900
0.019257
0.162592
0.157050
0.305140
0.039791
0.143421
0.025554
0.014141
0.196832
0.316888
0.106427
0.120160
0.061998
0.041922
0.027703
0.014706
0.143156
0.109890
0.093902
0.356263
0.051313
0.034890
0.057771
0.194553
0.063204
0.019588
0.077981
0.063709
0.083462
0.112871
0.243833
0.039257
0.079845
0.079738
0.157235
0.024923
0.098053
0.144595
0.060168
0.033868
0.041004
0.036967
0.130871
0.021584
0.117487
0.069724
0.119899
0.089440
0.037693
0.106449
0.030964
0.056552
0.035829
0.071017
0.177832
0.074051
0.015751
0.098485
0.022449
0.036306
0.185622
0.017303
0.074094
0.044794
0.102250
0.165174
0.047191
0.015647
0.020179
0.035301
0.183497
0.082556
0.294823
0.099996
0.014412
0.071911
0.147590
0.064177
0.037258
0.221341
0.264538
0.128785
0.118963
0.026822
0.136083
0.010792
0.059441
0.132013
0.081693
0.121028
0.122267
0.057888
0.104121
0.105788
0.114767
0.109430
0.152829
0.139596
0.109797
0.034955
0.099560
0.061227
0.199071
0.141623
0.050894
0.066089
0.044054
0.085466
0.021785
0.069076
0.424437
0.012251
0.037932
0.081745
0.249285
0.115536
0.097961
0.067661
0.020870
0.186008
0.112246
0.040504
0.093243
0.029228
0.057232
0.082366
0.030871
0.048149
0.148595
0.062680
0.005833
0.053951
0.108622
0.036971
0.081469
0.141655
0.048055
0.039810
0.068399
0.120447
0.077474
0.033518
0.066512
0.052566
0.125085
0.077277
0.163267
0.105681
0.096855
0.171811
0.092131
0.033140
0.065593
0.036302
0.056932
0.039629
0.042710
0.064449
0.211609
0.058230
0.023737
0.126829
0.267287
0.125408
0.123922
0.128250
0.104978
0.027041
0.040881
0.023057
0.077269
0.109449
0.066755
0.030966
0.153050
0.230990
0.039725
0.073557
0.014955
0.140919
0.236541
0.011597
0.070213
0.019535
0.050902
0.009284
0.040901
0.089366
0.058455
0.133329
0.102310
0.104618
0.056092
0.038262
0.050204
0.091431
0.081259
0.054742
0.081953
0.024849
0.043272
0.080198
0.028155
0.176092
0.113989
0.064381
0.096173
0.106115
0.058592
0.145627
0.169057
0.043670
0.034579
0.021493
0.098915
0.375780
0.223338
0.032239
0.032988
0.026848
0.077081
0.065692
0.102220
0.063216
0.084532
0.156928
0.027981
0.015015
0.094857
0.077096
0.096109
0.049461
0.073561
0.117753
0.094510
0.132977
0.018029
0.117522
0.312473
0.257540
0.068462
0.036939
0.077146
0.096692
0.104153
0.032638
0.114257
0.059640
0.020877
0.354958
0.084215
0.069898
0.124386
0.039234
0.032042
0.032861
0.105512
0.098042
0.108657
0.151624
0.255908
0.058578
0.085631
0.109425
0.052939
0.028247
0.186336
0.078546
0.115190
0.013781
0.025465
0.105093
0.054517
0.074618
0.139575
0.129304
0.131004
0.032187
0.106488
0.145624
0.064810
0.232665
0.036331
0.196494
0.018520
0.026376
0.052889
0.229891
0.039623
0.025649
0.090259
0.005097
0.207507
0.150654
0.088409
0.015735
0.029728
0.019550
0.029417
0.028488
0.037083
0.025577
0.072585
0.132683
0.055247
0.165119
0.033669
0.009177
0.039343
0.154070
0.025118
0.186530
0.130504
0.047264
0.365121
0.061851
0.106917
0.148276
0.042769
0.177583
0.029949
0.156488
0.079911
0.073652
0.271013
0.037130
0.047678
0.305969
0.041343
0.179773
0.185868
0.020421
0.070832
0.039365
0.049165
0.034649
0.050216
0.020589
0.094840
0.084047
0.044718
0.078933
0.058738
0.221972
0.165809
0.031488
0.413887
0.037183
0.044447
0.102523
0.028577
0.052369
0.028004
0.039299
0.061920
0.150039
0.053773
0.011513
0.195434
0.044007
0.014022
0.035493
0.022050
0.051203
0.441587
0.043400
0.055648
0.068210
0.025053
0.043048
0.088134
0.018266
0.022519
0.077547
0.270431
0.133915
0.083713
0.044937
0.086063
0.034820
0.106378
0.211699
0.099487
0.024805
0.037510
0.076253
0.088265
0.040227
0.021451
0.074939
0.060358
0.049561
0.177630
0.026287
0.078152
0.101576
0.091881
0.149762
0.039875
0.030882
0.168331
0.426745
0.055508
0.095538
0.121210
0.011099
0.045682
0.050256
0.107706
0.102479
0.285535
0.155705
0.059164
0.024081
0.062947
0.009683
0.052359
0.049049
0.037726
0.085132
0.089491
0.037294
0.139351
0.021357
0.012625
0.012588
0.044385
0.068973
0.097928
0.178512
0.149029
0.176678
0.105975
0.043297
0.152188
0.014985
0.108399
0.044119
0.069046
0.167388
0.044501
0.012349
0.235481
0.121884
0.484123
0.010950
0.169494
0.070752
0.097383
0.051560
0.046832
0.252497
0.177253
0.234983
0.018316
0.026969
0.204829
0.067607
0.081718
0.012222
0.067152
0.077553
0.111480
0.142721
0.061563
0.223724
0.100321
0.132770
0.006116
0.065571
0.030833
0.041457
0.100470
0.039460
0.133684
0.039533
0.162514
0.120585
0.116547
0.030918
0.166815
0.101043
0.033763
0.107377
0.074574
0.083536
0.023895
0.110606
0.096343
0.035352
0.227245
0.307524
0.183419
0.019121
0.019703
0.044466
0.066908
0.079464
0.181969
0.014567
0.025045
0.050337
0.038921
0.292106
0.108914
0.070946
0.156936
0.051522
0.105717
0.035949
0.143575
0.145314
0.028381
0.085150
0.035176
0.107699
0.064367
0.010085
0.032454
0.039884
0.090715
0.108386
0.046637
0.056452
0.035167
0.043672
0.042723
0.061472
0.184085
0.298093
0.047074
0.019553
0.051969
0.045430
0.074947
0.072370
0.101069
0.201872
0.070373
0.065342
0.051055
0.027651
0.153652
0.027383
0.065256
0.095296
0.049952
0.048489
0.360427
0.059796
0.120123
0.059773
0.067677
0.064552
0.039543
0.168066
0.070224
0.066076
0.044717
0.045939
0.009106
0.420782
0.094423
0.065527
0.098723
0.124271
0.025473
0.059030
0.046712
0.166296
0.088524
0.017578
0.071357
0.033378
0.082904
0.018545
0.045054
0.036349
0.302281
0.078495
0.163071
0.066927
0.232150
0.007470
0.056860
0.040742
0.138795
0.102235
0.057237
0.101605
0.030636
0.021917
0.023207
0.040735
0.183791
0.324392
0.226979
0.060307
0.026458
0.200427
0.024803
0.129326
0.213952
0.012252
0.063465
0.062583
0.046476
0.024888
0.050317
0.028350
0.164289
0.115969
0.037908
0.024136
0.175113
0.023181
0.182520
0.014796
0.083255
0.041929
0.019838
0.138690
0.033447
0.032741
0.176365
0.079871
0.054944
0.043211
0.007542
0.105681
0.135232
0.161431
0.187682
0.024265
0.012085
0.040293
0.071403
0.154002
0.049969
0.061021
0.074932
0.056179
0.186574
0.096612
0.067316
0.028943
0.096665
0.345144
0.041176
0.227362
0.087490
0.155428
0.048315
0.159406
0.035246
0.016909
0.066846
0.016634
0.085182
0.026109
0.020998
0.078919
0.020564
0.105718
0.123769
0.023408
0.164653
0.024742
0.210588
0.025740
0.049175
0.041372
0.095057
0.059039
0.091569
0.016690
0.051350
0.030932
0.116002
0.060583
0.011359
0.052401
0.054522
0.142723
0.140932
0.097126
0.132951
0.083672
0.077991
0.291960
0.059702
0.042296
0.105434
0.201788
0.113411
0.189264
0.337562
0.149940
0.100234
0.044462
0.039709
0.025919
0.025141
0.047286
0.042499
0.055033
0.028231
0.041336
0.065543
0.023137
0.012626
0.171981
0.150009
0.197487
0.121120
0.092468
0.121255
0.054140
0.065960
0.076359
0.004188
0.022126
0.115899
0.151515
0.175724
0.009505
0.068001
0.042105
0.059869
0.236975
0.175536
0.024814
0.242325
0.299208
0.007813
0.113072
0.029059
0.092821
0.046564
0.159367
0.179306
0.227153
0.103754
0.024154
0.040901
0.086943
0.009948
0.109172
0.275727
0.105463
0.037366
0.026718
0.033685
0.022642
0.033662
0.072783
0.054199
0.121725
0.053992
0.030644
0.030916
0.103686
0.112992
0.044264
0.160415
0.080584
0.130549
0.029550
0.096276
0.158670
0.051338
0.044163
0.027498
0.036747
0.094865
0.057078
0.045057
0.020309
0.034494
0.128960
0.031316
0.064025
0.099554
0.047026
0.011916
0.067427
0.096029
0.055818
0.185173
0.109368
0.041744
0.063777
0.116143
0.241964
0.028524
0.009603
0.200976
0.090474
0.017242
0.095396
0.036028
0.180467
0.195485
0.027153
0.050944
0.383795
0.046779
0.016002
0.020702
0.014376
0.145041
0.021160
0.096455
0.059502
0.162186
0.075051
0.028275
0.044379
0.062022
0.120704
0.186351
0.128429
0.106012
0.038946
0.062989
0.217907
0.093078
0.052289
0.048242
0.119801
0.065144
0.067955
0.069009
0.038161
0.030117
0.096124
0.074105
0.082191
0.026882
0.113910
0.032375
0.235272
0.095141
0.093133
0.068337
0.080226
0.142441
0.051451
0.091796
0.029341
0.127606
0.073792
0.027404
0.025694
0.069679
0.019622
0.005925
0.071255
0.030438
0.088803
0.019216
0.180820
0.108637
0.347750
0.049230
0.048607
0.004763
0.061678
0.173205
0.199090
0.127209
0.022013
0.025473
0.146397
0.094543
0.092293
