2.248497
1.957700
1.783211
1.891237
1.874703
1.941109
1.739736
1.593477
1.950794
1.520666
1.515168
2.076052
1.345254
1.722890
1.033530
1.651284
1.784888
1.318363
2.334730
0.963777
2.117141
1.256836
0.860029
0.875499
0.758839
2.497440
1.807939
1.418405
1.188185
0.831317
1.051864
0.721950
0.769678
0.917903
0.542808
2.794590
0.908144
0.530907
0.815202
0.515221
1.094595
0.641434
1.788802
0.559440
0.568218
0.453378
0.641448
0.517715
0.356082
0.367121
0.722051
0.431733
0.653214
0.395959
0.409703
0.297304
0.958917
0.159254
0.392241
0.508575
0.719026
1.016166
0.463123
1.050913
0.442276
0.954505
0.406832
0.332216
0.436510
0.391589
0.332251
0.707210
0.148015
0.358172
0.269892
0.335442
0.355047
0.215508
0.515373
0.363417
0.355227
0.474705
0.614493
0.246366
0.326087
0.456699
0.425188
0.477843
0.197521
1.020650
0.397020
0.577683
0.319901
0.366468
0.365578
0.397188
0.452747
0.555997
0.214769
0.812747
0.995955
1.836097
0.422065
0.391477
0.329394
0.453929
0.318521
0.400529
0.626678
0.162613
0.336490
0.180806
0.344643
0.384060
0.261197
0.460485
0.496613
0.446286
0.213082
0.695249
0.151971
0.544466
0.317441
0.277062
0.534506
0.466414
0.293388
0.450929
0.260182
0.429196
0.428212
0.262288
0.141517
0.331511
0.454843
0.592685
1.170908
1.391001
0.598118
0.306792
0.237181
0.357483
0.195243
0.339588
0.170249
0.554174
0.339704
0.246868
0.295378
0.465274
0.250906
0.272839
0.317240
0.415987
0.577323
0.210989
0.255980
0.431997
0.458961
0.258368
0.278649
0.354864
0.222645
0.116702
0.436349
0.370898
0.189560
0.204389
0.386411
0.292639
0.275383
0.202589
0.334341
0.255607
0.163489
0.214549
0.281344
0.572285
1.121374
0.570670
0.804849
0.932016
0.377742
0.157259
0.464584
0.250792
0.295316
0.355306
0.175404
0.265065
0.536253
0.289611
0.294461
0.256293
0.338761
0.168367
0.292445
0.455243
0.325111
0.174288
0.165049
0.311238
0.205114
0.562495
0.417572
0.585036
0.161417
0.208452
0.299231
0.371853
0.276041
0.604218
0.161216
0.581524
0.467381
0.697814
0.375159
1.140844
0.262912
0.346912
0.321767
0.168330
0.401212
0.207268
0.288589
0.098397
0.406095
0.444742
0.311256
0.350609
0.164082
0.240973
0.331868
0.284021
0.326052
0.461361
0.566578
0.368364
0.287198
0.273997
0.436406
0.382170
0.316294
0.305690
0.112765
0.364299
0.122940
0.466508
0.327047
0.206302
0.235650
0.355320
0.186466
0.297240
0.980549
0.306787
0.244492
0.498370
0.344268
0.385905
0.239248
0.114991
0.297171
0.169170
0.282945
0.394784
0.134512
1.343067
0.814916
1.320101
0.539451
0.315096
0.279018
0.208913
0.127849
0.288463
0.216924
0.179067
0.230779
0.181194
0.264050
0.474679
0.671731
0.322554
0.359074
0.463606
0.273160
0.264713
0.342433
0.363265
0.317851
0.218566
0.196804
0.407203
0.150818
0.981426
0.106674
0.382220
0.471305
0.306283
0.393049
0.298158
0.233566
0.484706
0.313966
0.173082
0.206525
0.239918
0.290373
0.330679
0.204306
0.255950
0.473663
0.121432
1.270253
0.261563
0.904881
0.282679
0.439437
0.296796
0.193504
0.607098
0.380900
0.247922
0.405771
0.215419
0.422395
0.250629
0.245228
0.481343
0.117078
0.362924
0.095374
0.246075
0.135639
0.315631
0.188627
0.332519
0.467667
0.450153
0.412600
0.340659
0.309957
0.147086
0.207934
0.261082
0.213350
0.271594
0.387515
0.320192
0.218789
0.245999
0.455154
0.128477
0.250490
0.587008
0.493600
0.093440
0.270479
0.133668
0.474888
0.242681
0.197963
0.181345
0.329269
0.271151
0.193135
0.173459
0.367499
0.524009
0.165595
0.478397
0.118563
0.316529
0.231691
0.371999
0.162719
0.344589
0.281687
0.731633
0.305134
2.756062
0.890694
0.280583
0.353639
0.206683
0.386964
0.230631
0.268824
0.299353
0.168047
0.506861
0.169561
0.158878
0.211026
0.198933
0.219460
0.379344
0.197562
0.234115
0.253709
0.184874
0.464557
0.370318
0.353584
0.137753
0.242453
0.075394
0.377630
0.492571
0.314456
0.362618
0.237195
0.453170
0.195320
0.541712
0.266180
0.276544
0.242152
0.273713
0.223937
0.310823
0.121875
0.599117
0.206093
0.427816
0.361326
0.317599
0.105162
0.221511
0.212854
0.369887
0.200884
0.074770
0.463191
0.270519
0.692048
0.206152
0.680348
0.311089
0.195871
0.227378
0.505091
0.107538
0.407500
0.476186
0.162450
0.132576
0.464878
0.289819
0.288533
0.423611
0.355004
0.182100
0.325722
0.098169
0.370841
0.168989
0.218566
0.255736
0.136563
0.292845
0.260382
0.644876
0.242468
0.770859
0.189274
0.500356
0.267910
0.298085
0.393650
0.195883
0.148961
0.421446
0.772663
0.184118
0.475903
0.121184
0.143585
0.157771
0.325602
0.084393
0.485164
0.223862
0.370862
0.121453
0.419381
0.259538
0.223992
0.439743
0.138311
0.271160
0.139801
0.203490
0.333227
0.332803
0.240172
0.236905
0.186829
0.177577
0.116623
0.174645
0.316475
0.308032
0.241390
0.632837
0.524149
1.129902
0.438652
0.421059
0.401902
0.482442
0.136798
0.419752
0.239764
0.432820
0.297555
0.262026
0.181182
0.370770
0.398615
0.283150
0.292276
0.500007
0.264724
0.396818
0.451012
0.221755
0.228000
0.380058
0.389583
0.395855
0.175417
0.186186
0.257783
0.333634
0.209104
0.360979
0.156517
0.421292
0.336113
0.301488
0.322047
0.170822
0.318633
0.433102
0.208436
0.379908
0.221583
0.199623
0.269339
0.334466
0.247698
0.551781
0.282870
0.527902
0.339165
0.450505
0.192405
0.244338
0.487223
0.119796
0.628440
0.145696
0.261459
0.157155
0.278064
0.442833
0.187609
0.284195
0.310396
0.171676
0.197680
0.249076
0.449067
0.226962
0.255150
0.136699
0.296084
0.246864
0.320071
0.106905
0.586254
0.150872
0.561173
0.253728
0.761949
0.363059
0.217867
0.084728
0.491974
0.279777
0.196476
0.297270
0.226777
0.265911
0.280458
0.193215
0.227633
0.446297
0.574896
0.379485
0.697090
0.444271
0.408808
0.267944
0.369950
0.218572
0.249839
0.341506
0.206106
0.475266
0.216370
0.303403
0.238609
0.378542
0.251065
0.284313
0.322642
0.182003
0.334392
0.131690
0.263304
0.183208
0.188971
0.170818
0.159671
0.120415
0.332452
0.120624
0.342867
0.198500
0.344098
0.363296
0.532717
0.364249
0.244762
0.757781
0.716229
0.174552
0.366445
0.204907
0.305159
0.305777
0.183602
0.287520
0.307872
0.217419
0.403222
0.170420
0.155669
0.437946
0.430268
0.405242
0.090043
0.221892
0.187971
0.243933
0.155537
0.228976
0.419227
0.156049
0.205068
0.346908
0.102755
0.442786
0.285263
0.378933
0.293472
0.138298
0.395920
0.679624
0.454022
0.272345
0.140723
0.176078
0.305859
0.374598
0.199853
0.284254
0.368646
0.213063
0.270455
0.262696
0.203839
0.317084
0.329934
0.360719
0.128129
0.390350
0.161060
0.459847
0.283770
0.302123
0.125366
0.136240
0.673765
0.322852
1.595382
0.147724
0.464533
0.391684
0.218717
0.201868
0.221937
0.389952
0.226110
0.228930
0.391044
0.152248
0.245389
0.224742
0.203872
0.281255
0.523381
0.216927
0.159738
0.478583
0.174003
0.259846
0.212965
0.111944
0.316070
0.203621
0.205586
0.113291
0.433544
0.284685
0.395814
0.271329
0.205908
0.417763
0.377417
0.303401
0.236718
0.254594
0.513355
0.289255
0.326116
0.418225
0.451843
0.122829
0.478569
0.256904
0.259334
0.409432
0.178438
0.146859
0.219267
0.351994
0.233124
0.309425
0.363449
0.089694
0.322833
0.172567
0.384047
0.338345
0.317101
0.136677
0.066133
0.160409
0.244514
0.320645
0.179395
0.274561
0.477200
0.248180
0.339826
0.250224
0.124397
0.319828
0.321902
0.230457
0.204309
0.359725
0.149749
0.633186
0.177877
0.229668
0.120656
0.449422
0.166346
0.426008
0.104585
0.181234
0.232735
0.227449
0.480478
0.585395
1.105052
0.193792
0.312549
0.389817
0.309088
0.153433
0.219856
0.306413
0.206185
0.263924
0.140412
0.180542
0.180972
0.199658
0.133655
0.310984
0.471593
0.232378
0.448551
0.264293
0.273903
0.160224
0.312850
0.699313
0.384619
0.084551
0.284739
0.236212
0.242876
0.181870
0.261109
0.276314
0.161234
0.257321
0.267423
0.652930
0.430439
0.323541
0.408274
0.174027
0.394974
0.155628
0.154829
0.303294
0.131060
0.170317
0.193484
0.251939
0.206614
0.349579
0.185767
0.648319
0.220980
0.897938
0.241366
0.407671
0.179972
0.345326
0.245548
0.371494
0.312030
0.340829
0.256046
0.236263
0.239449
0.332235
0.184423
0.152271
0.434822
0.263390
0.183886
0.480214
0.286972
0.294847
0.619996
0.166215
0.244952
0.156754
0.211299
0.238528
0.119681
0.161146
0.402415
0.159218
0.151668
0.378101
0.229835
0.557473
0.171538
0.352530
0.327624
0.154966
0.153652
0.185279
0.254356
0.244095
0.285228
0.193604
0.352437
0.071060
0.641155
1.959772
0.373333
0.458571
0.249853
0.302277
0.239243
0.212351
0.165096
0.228485
0.339721
0.263613
0.265314
0.153570
0.249177
0.247692
0.211929
0.234190
0.207910
0.233164
0.318483
0.236039
0.308744
0.326455
0.274252
0.104094
0.298165
0.120039
0.521838
0.432823
0.257669
0.339311
0.373300
0.304528
0.277402
0.369564
0.132627
0.201673
0.186262
0.199535
0.149102
0.280697
0.120461
0.270267
0.232733
0.295775
0.391884
0.271729
0.424362
0.187969
0.381700
0.392489
0.192640
0.230718
0.219265
0.208355
0.448770
0.259547
0.397467
0.169467
0.437877
0.279397
0.280088
0.172690
0.181276
0.175135
0.223678
0.166820
0.250781
0.232835
0.169062
0.231977
0.212108
0.286713
0.384088
0.209037
0.366616
0.446575
0.175558
0.412273
0.377228
0.226321
0.159836
0.256065
0.380884
0.316164
0.427920
0.293012
0.297256
0.206059
0.504995
0.175458
0.250522
0.179739
0.426076
0.142107
0.361859
0.259683
0.118580
0.253860
0.263890
0.331735
0.269256
0.301780
0.422165
0.391868
0.152524
0.479551
0.376837
0.453913
0.170120
0.223530
0.210601
0.267964
0.220547
0.254158
0.362328
0.241239
0.188980
0.341004
0.171730
0.311505
0.202889
0.259831
0.233971
0.320365
0.233658
0.148093
0.184813
0.250218
0.160405
0.444324
0.268803
0.190406
0.323723
0.194559
0.222699
0.320532
0.359548
0.153472
0.278934
0.319472
0.271928
0.347853
0.478365
0.167342
0.379118
0.245367
0.406189
0.120899
0.289602
0.313588
0.325877
0.145493
0.348169
0.148009
0.373212
0.325974
0.319892
0.183207
0.366742
0.572550
0.668479
0.212951
0.456822
0.140200
0.273282
0.098972
0.392765
0.157702
0.091845
0.293815
0.214032
0.423646
0.222710
0.263474
0.247367
0.268450
0.235530
0.222228
0.181888
0.431539
0.089887
0.279432
0.367498
0.166062
0.126943
0.143723
0.164354
0.329684
0.267623
0.236221
0.308574
0.248495
0.269259
0.128559
0.285282
0.138354
0.298930
0.261200
0.268949
0.280368
0.258608
0.450032
0.150782
0.418795
0.186123
0.727285
0.059197
0.351587
0.154975
0.209502
0.205581
0.407133
0.199110
0.331021
0.303980
0.419381
0.481536
1.352528
0.633578
0.305025
0.246009
0.434280
0.160316
0.366473
0.195511
0.279770
0.190590
0.289593
0.304439
0.135413
0.227580
0.264204
0.206041
0.236910
0.397177
0.346360
1.947383
1.292776
0.383795
0.291971
0.188783
0.172430
0.339795
0.159218
0.266155
0.473142
0.148955
0.206335
0.241087
0.187858
0.397312
0.130579
0.208688
0.389817
0.400813
0.290006
0.286942
0.294982
0.151174
0.206686
0.162143
0.362613
0.261398
0.230642
0.412357
0.205361
0.209789
0.128044
0.176706
0.236949
0.216567
0.159168
0.308204
0.357326
0.193257
0.506981
0.128445
1.017538
0.322348
0.552003
0.202814
0.400798
0.314618
0.218215
0.265592
0.076928
0.284287
0.400314
0.298336
0.232054
0.151626
0.410971
0.380545
0.308355
0.227129
0.314417
0.270813
0.200761
0.159345
0.248305
0.383546
0.199266
0.311977
0.186496
0.300667
0.320925
0.306485
0.323616
0.220196
0.160949
0.486056
0.159203
0.463468
0.176394
0.567070
0.187936
0.273381
0.440093
0.220586
0.145062
0.232943
0.241654
0.095305
0.385633
0.340990
0.185508
0.211679
0.237229
0.193679
0.523749
0.268452
0.307879
0.236193
0.294979
0.200634
0.379810
0.172634
0.377588
0.302274
0.194036
0.311490
0.195813
0.225484
0.396308
0.219096
0.317337
0.172003
0.156877
0.164753
0.228523
0.088975
0.269211
0.293825
0.592202
0.144116
0.392668
0.225542
0.300871
0.096365
0.281605
0.237104
0.187004
0.209750
0.128733
0.417711
0.442766
0.128894
0.360789
0.211945
0.248139
0.422965
0.127415
0.437449
0.185488
0.376043
0.248879
0.322470
0.227872
0.128121
0.412291
0.181988
0.325972
0.189058
0.206371
0.354681
0.133235
0.208984
0.186285
0.240629
0.193096
0.202810
0.210643
0.321930
0.306523
0.391521
0.083062
0.333174
0.277446
0.342924
0.167210
0.479571
0.384711
0.161876
0.415458
0.136526
0.334548
0.187674
0.346581
0.139765
0.386419
0.357031
0.095920
0.334279
0.224577
0.231711
0.320494
0.470081
0.136484
0.989248
0.462856
0.129400
0.180681
0.366709
0.340849
0.143668
0.246363
0.190332
0.218855
0.241090
0.280798
0.444296
0.256030
0.263460
0.350699
0.268089
0.282811
0.238971
0.157273
0.286645
0.256928
0.240289
0.254588
0.315644
0.212778
0.456927
0.199942
0.212896
0.194282
0.318995
0.185256
0.476515
0.176649
0.500264
1.543764
0.356275
0.813962
0.222383
0.356707
0.349909
0.177632
0.182391
0.283950
0.260263
0.154483
0.219549
0.234916
0.196639
0.440081
0.358069
0.390223
0.138445
0.302280
0.172540
0.207912
0.181515
0.312722
0.449440
0.364959
0.385244
0.285697
0.213512
0.177974
0.302253
0.208215
0.340121
0.156752
0.388683
0.255156
0.255658
0.100920
0.138868
0.369595
0.261966
0.241003
0.285921
0.239181
0.322178
0.204540
0.188809
0.199142
0.112839
0.267340
0.110691
0.300148
0.389334
0.301394
0.259227
0.381534
0.337042
0.158825
0.249328
0.301612
0.228333
0.384577
0.453103
0.647544
0.214498
0.416549
0.436929
0.174026
0.417212
0.246894
0.201308
0.289530
0.166294
0.357986
0.119909
0.345415
0.183566
0.235668
0.205041
0.136220
0.220913
0.318727
0.435433
0.172155
0.217842
0.211143
0.184596
0.288202
0.462524
0.172709
0.239022
0.265583
0.257345
0.112192
0.252543
0.221274
0.237160
0.268216
0.175395
0.221097
0.298177
0.241486
0.131766
0.152277
0.255022
0.313121
0.442183
0.146897
0.562755
0.149917
0.123196
0.215646
0.198599
0.243328
0.269202
0.430952
0.314505
0.260138
0.278263
0.198427
0.225424
0.246407
0.120022
0.295576
0.405707
0.320961
0.170260
0.173512
0.434646
0.234508
0.281645
0.086850
0.216445
0.610599
0.142426
0.470411
0.296403
0.521868
0.307553
0.224555
0.247144
0.276773
0.224023
0.218786
0.105145
0.133700
0.315131
0.256439
0.214953
0.438759
0.282946
0.378525
0.279740
0.538374
0.153226
0.784010
0.223790
1.288780
0.306227
0.147098
0.161835
0.278557
0.229124
0.222498
0.398566
0.177809
0.273021
0.332581
0.245501
0.185983
0.137340
0.307986
0.492938
0.167921
0.521590
0.379077
0.349683
0.298951
0.198958
0.165017
0.190660
0.171018
0.206492
0.292168
0.187877
0.271231
0.369004
0.359941
0.177340
0.229569
0.320405
0.430672
0.241717
0.349387
0.340524
0.118255
0.274521
0.130648
0.435559
0.373157
0.128213
0.131035
0.189029
0.518772
0.141884
0.292672
0.164125
0.264220
0.213900
0.458313
0.362970
0.520525
0.272442
0.178443
0.301573
0.204219
0.237020
0.167350
0.269065
0.328859
0.100957
0.277854
0.128921
0.150865
0.362602
0.217411
0.469947
0.288456
0.173586
0.288346
0.278385
0.283045
0.206491
0.494604
0.248321
0.407430
0.084146
0.588411
0.205452
3.394881
0.536343
0.537639
0.449851
0.308424
0.416941
0.298768
0.199331
0.434536
0.225005
0.384338
0.141840
0.246007
0.457584
0.217106
0.155902
0.148552
0.820887
1.071434
0.622187
0.235060
0.192608
0.446196
0.221039
0.252208
0.187608
0.536081
0.285689
0.232539
0.242248
0.133568
0.093807
0.144021
0.328729
0.102088
0.238641
0.301438
0.254242
0.358250
0.267164
0.362189
0.126885
0.599842
0.173851
0.316373
0.203881
0.179453
0.296102
0.195625
0.167807
0.190122
0.249344
0.148378
0.122263
0.377636
0.157847
0.375209
0.271829
0.270724
0.144592
0.289332
0.249034
0.654168
0.167554
0.171324
0.174837
0.174723
0.165994
0.366695
0.229703
0.151496
0.378362
0.337335
0.223193
0.344047
0.181191
0.325306
0.294033
0.248959
0.322294
0.357704
0.278519
0.189598
0.366705
0.076692
0.152217
0.299687
0.382797
0.368975
0.117166
0.334436
0.218112
0.167763
0.338921
0.129145
0.372648
0.794564
0.241240
0.217034
0.458527
0.323746
0.308393
0.172630
0.329768
0.338822
0.362587
0.328553
0.214852
0.472815
0.181986
0.163373
0.254027
0.208971
0.145225
0.342978
0.425533
0.314070
0.233102
0.298035
0.198423
0.414145
0.124301
0.241673
0.218803
0.242163
0.444874
0.444472
0.196360
0.410104
0.183613
0.327628
0.450797
0.136239
0.333551
0.502197
0.209540
0.302881
0.224443
0.384526
0.308637
0.153940
0.382617
0.123730
0.163494
0.519463
0.322942
0.321441
0.116263
0.300681
0.247261
0.271852
0.204532
0.134969
0.197463
0.181872
0.369932
0.262250
0.218648
0.281746
0.268664
0.371849
0.204901
0.513228
0.125547
0.323909
0.205374
0.224844
0.216883
0.891343
0.093327
0.701030
0.164661
0.466769
0.279585
0.115174
0.149600
0.289455
0.299686
0.237414
0.116597
0.216252
0.281572
0.220088
0.191205
0.186815
0.385319
0.259024
0.094819
0.418734
0.342682
0.177495
0.373942
0.198442
0.308064
0.299247
0.740290
0.174674
1.274360
0.403025
0.271312
0.262649
0.298023
0.279487
0.186299
0.416618
0.131311
0.337505
0.170779
0.264954
0.143438
0.137123
0.478998
0.350213
0.371425
0.309629
0.396765
0.116067
0.202495
0.356359
0.204051
0.188365
0.263951
0.210496
0.277248
0.309303
0.186095
0.357528
0.277069
0.116541
0.496464
0.103925
0.803442
0.257479
0.184654
0.207780
0.149479
0.413906
0.457203
0.273106
0.137048
0.168190
0.381379
0.127751
0.156106
0.209443
0.247622
0.242896
0.243694
0.228540
0.411950
0.207561
0.203316
0.532162
0.192483
0.389701
0.409978
0.232970
0.637752
0.150230
0.802043
0.367663
0.282664
0.233200
0.213413
0.172384
0.115346
0.249902
0.203101
0.485527
0.372909
0.289401
0.270832
0.436940
0.146178
0.298110
0.344310
0.329750
0.186505
0.117927
0.224726
0.147022
0.248213
0.357327
0.138569
0.172440
0.159655
0.141682
0.352746
0.287177
0.101430
0.343365
0.241585
0.273357
0.227835
0.123103
0.129386
0.330603
0.275604
0.491129
0.339322
0.276384
0.261009
0.130229
0.373046
0.255896
0.284257
0.247060
0.164291
0.493449
0.254911
0.325467
0.206096
0.248650
0.122129
0.323291
0.161853
0.254641
0.306536
0.254650
0.397394
0.300039
0.355789
0.242970
0.168136
0.105044
0.185863
0.306775
0.136978
0.357631
0.202871
0.310395
0.213683
0.275544
0.312794
0.402067
0.216651
0.321756
0.246426
0.308467
0.226786
0.376877
0.170473
0.220694
0.300295
0.378684
0.400711
0.444057
0.472427
0.163505
0.337216
0.211453
0.132152
0.345199
0.388568
0.192177
0.307320
0.227360
0.340801
0.178773
0.673484
0.342038
0.390085
0.374721
0.189070
0.497339
0.162829
0.160387
0.495614
0.253671
0.444266
0.256980
0.503816
0.068679
0.154778
0.160536
0.109644
0.251574
0.127693
0.200151
0.289897
0.330510
0.442513
0.145280
0.174926
0.187237
0.219238
0.278726
0.333227
0.095596
0.330202
0.247965
0.412484
2.357348
0.531585
0.827644
0.645233
0.328381
0.232534
0.276110
0.334112
0.258768
0.170549
0.197195
0.257886
0.307276
0.299969
0.376122
0.536857
0.128382
0.243767
0.249056
0.671841
0.177115
0.251022
0.544460
0.227570
0.186676
0.247256
0.252916
0.329457
0.422178
0.203781
0.206228
0.219723
0.306803
0.194727
0.356909
0.291102
0.298658
0.253421
0.121165
0.256830
0.350049
0.279879
0.326310
0.269577
0.171118
0.284531
0.354720
0.160396
0.174408
0.155212
0.438681
0.221588
0.275717
0.429787
0.120304
0.329215
0.143434
0.169401
0.236810
0.249956
0.278117
0.206800
0.240345
0.236977
0.206666
0.198697
0.462608
0.131226
0.532649
0.324458
0.309512
0.247615
0.228359
0.303380
0.154423
0.180195
0.170410
0.236271
0.268280
0.167948
0.253076
0.391782
0.252146
0.182205
0.212599
0.311207
0.213923
0.383969
0.274295
0.363675
0.130180
0.334575
0.386292
0.204676
0.341703
0.234935
0.215846
0.179466
0.285315
0.129950
0.356476
0.314680
0.165880
0.217965
0.392985
0.418313
0.617054
0.181132
0.291616
0.286133
0.250523
0.280700
0.143599
0.320597
0.208012
0.121734
0.250436
0.229206
0.351207
0.285117
0.189296
0.428408
0.160646
0.745135
0.195603
1.247333
0.308161
0.354130
0.134189
0.227693
0.232095
0.283268
0.289724
0.276847
0.355517
0.131822
0.394995
0.085444
0.333077
0.161874
0.189308
0.187641
0.476902
0.403754
0.344980
0.163039
0.153221
0.133442
0.126139
0.153102
0.282513
0.303153
0.206477
0.171475
0.253098
0.331802
0.170397
0.409962
0.250021
0.241039
0.075482
0.561343
0.082699
0.394733
0.406867
0.246756
0.534421
0.235582
0.298819
0.195748
0.313133
0.243997
0.310086
0.241771
0.174994
0.380954
0.188037
0.531663
0.173185
0.365405
0.201037
0.338503
0.274659
0.196945
0.245020
0.307232
0.285179
0.338153
0.146841
0.303854
0.174360
0.229688
0.399405
0.130732
0.243534
0.548279
0.142885
0.300119
0.220084
0.185822
0.491373
0.193875
0.256847
0.159599
0.215820
0.361544
0.096050
0.265309
0.245962
0.269639
0.307467
0.550735
0.232938
0.131409
0.336762
0.500781
0.164219
0.314829
0.173302
0.260646
0.197104
0.249219
0.418867
0.173402
0.331470
0.282676
0.185998
0.267944
0.173649
0.214212
0.147181
0.414563
0.186242
0.379991
0.201092
0.242213
0.280633
0.130057
0.221242
0.287949
0.188518
0.180312
0.097092
0.227540
0.225850
0.388106
0.201210
0.418224
0.352044
0.131528
0.936757
1.075578
0.292904
0.273873
0.239857
0.171595
0.096173
0.183536
0.321325
0.198349
0.300313
0.394626
0.338475
0.283688
0.287943
0.317601
0.161560
0.410637
0.193717
0.285760
0.255511
0.153308
0.112182
0.196729
0.111459
0.602689
0.149614
0.436463
0.092545
0.307174
0.380015
0.231700
0.195608
0.168442
0.376604
0.266305
0.235960
0.290441
0.318720
0.254804
0.216825
0.189783
0.231648
0.295370
0.235113
0.119461
0.313635
0.184726
0.242072
0.316620
0.361442
0.260125
0.397270
0.280754
0.148171
0.307828
0.275828
0.280023
0.347467
0.273535
0.236993
0.311209
0.126203
0.319978
0.477519
0.207956
0.251621
0.214992
0.150968
0.304179
0.240044
0.334906
0.497510
0.209523
0.928588
2.459369
0.979833
0.543928
0.226602
0.165027
0.213300
0.227404
0.178418
0.145277
0.288036
0.144529
0.230080
0.448710
0.098420
0.182037
0.239709
0.116967
0.447773
0.105439
0.374854
0.298124
0.177291
0.274273
0.411011
0.380798
0.213881
0.206269
0.256056
0.209367
0.148198
0.157332
0.260004
0.378786
0.204650
0.252178
0.169880
0.317805
0.355195
0.319338
0.234068
0.205447
0.232791
0.175471
0.300042
0.128775
0.312671
0.209449
0.305086
0.331515
0.257559
0.314592
0.165802
0.220955
0.258221
0.215036
0.290278
0.213427
0.247965
0.371302
0.140114
0.222519
0.276196
0.279458
0.278311
0.368298
0.301193
0.231100
0.212027
0.270862
0.204161
0.251240
0.168623
0.326217
0.452527
0.141411
0.176450
0.236414
0.263048
0.271942
0.204064
0.473812
0.597650
0.131302
0.251679
0.279201
0.214027
0.348731
0.105772
0.182955
0.153682
0.251013
0.176293
0.405475
0.272232
0.439616
0.269847
0.558532
0.677046
0.341902
0.387425
0.273888
0.237196
0.112533
0.351095
0.101311
0.371480
0.142385
0.249833
0.155291
0.231666
0.168716
0.342779
0.508156
0.780988
0.160357
0.126921
0.267739
0.235569
0.341607
0.301525
0.210608
0.404450
0.092381
0.132356
0.295535
0.313763
0.199233
0.252677
0.141231
0.486542
0.444954
0.341307
0.185767
0.150154
0.279745
0.452665
0.213095
0.296351
0.295079
0.345169
0.466821
0.214017
0.326862
0.082879
0.314765
0.237138
0.266652
0.254091
0.111823
0.266805
0.265692
0.156555
0.460547
0.120391
0.300017
0.152934
0.258246
0.114198
0.446128
0.330682
0.310313
0.294414
0.379205
0.159567
0.149886
0.303931
0.356416
0.279439
0.365462
0.212858
0.293998
0.581998
0.145506
0.391019
0.268465
0.106987
0.182699
0.202849
0.399951
0.115907
0.359450
0.324071
0.587055
0.199536
0.428778
0.288193
0.217020
0.420671
0.123134
0.485670
0.263700
0.214762
0.232940
0.256863
0.147986
0.188519
0.135111
0.253977
0.307706
0.258266
0.208561
0.330568
0.267815
0.229445
0.130763
0.178609
0.691113
0.589072
0.266371
0.159248
0.300570
0.144740
0.283619
0.170606
0.423529
0.173610
0.405909
0.220979
0.279855
0.268069
0.660480
0.466717
0.093983
0.232680
0.229973
0.147320
0.476872
0.271038
0.586555
0.195034
0.245249
0.214693
0.346098
0.161811
0.257665
0.122439
0.174135
0.234435
0.356701
0.129494
0.380394
0.060886
0.322594
0.286156
0.272089
0.413066
0.363041
0.261457
0.171886
0.517650
0.193106
0.344580
0.311012
0.188964
0.382263
0.355334
0.201718
0.315914
0.206898
0.161454
0.203985
0.181503
0.190053
0.197702
0.203049
0.278263
0.278096
0.197950
0.259742
0.327999
0.318900
0.196692
0.337971
0.137170
0.299670
0.254421
0.287337
0.117061
0.300520
0.145096
0.209657
0.314511
0.325240
0.292435
0.242127
0.514402
0.217308
0.164806
0.269689
0.957250
0.277785
0.272928
0.185377
0.300466
0.196804
0.099280
0.225869
0.484909
0.276294
0.172521
0.295088
0.188349
0.233118
0.235022
0.218850
0.443195
0.164049
0.417615
0.325489
0.316606
0.101688
0.194589
0.345771
0.156584
0.433796
0.132424
0.350824
0.175810
0.159289
0.247922
0.154876
0.296010
0.392193
0.374056
0.155361
0.198876
0.506022
0.146227
0.194868
0.304766
0.384068
0.288630
0.127838
0.243243
0.103372
0.457785
0.416187
0.251572
0.714752
0.249974
0.461373
0.198495
0.513020
0.278098
0.266424
0.232972
0.240090
0.248636
0.204188
0.105520
0.228198
0.339676
0.287335
0.168682
0.160891
0.167875
0.163446
0.139148
0.323488
0.197860
0.565486
0.312634
0.360737
0.206910
0.128051
0.301993
0.189890
0.109762
0.299088
0.308141
0.170209
0.353218
0.103219
0.386858
0.199917
0.116727
0.223684
0.175852
0.170448
0.316117
0.271671
0.290731
0.260869
0.256626
0.189820
0.172550
0.410426
0.150795
0.264059
0.290728
0.367441
0.289620
0.255747
0.231610
0.212441
0.303542
0.250905
0.246901
0.279568
0.337857
0.154790
0.126771
0.275607
0.260213
0.415434
0.528487
0.270730
0.137671
0.469976
0.157534
0.295304
0.202568
0.221712
0.212691
0.333464
0.372640
0.254108
0.359107
0.195815
0.232778
0.218525
0.271802
0.217019
0.342847
0.142262
0.338971
0.358643
0.212095
0.163186
0.378172
0.140201
0.197152
0.198541
0.128557
0.255435
0.340575
0.279737
0.308341
0.283157
0.302177
0.332629
0.270902
0.245618
0.255679
0.156370
0.485039
0.174257
0.596723
0.098760
0.371094
0.175215
0.226847
0.297276
0.328710
0.222571
0.145880
0.218884
0.245043
0.170413
0.290874
0.254304
0.238401
0.396450
0.303239
0.648541
0.575057
0.728337
0.369319
0.291440
0.479825
0.409418
0.135184
0.218023
0.235326
0.213161
0.226304
0.214946
0.368476
0.143396
0.403385
0.209784
0.257733
0.207005
0.370356
0.224489
0.279859
0.234252
0.237480
0.167283
0.129788
0.432663
0.223300
0.112967
0.229955
0.110794
0.204434
0.203120
0.189546
0.255349
0.281883
0.317966
0.204787
0.203991
0.235997
0.246007
0.299898
0.299711
0.597174
0.187055
0.339053
0.208639
0.575508
0.265718
0.132772
0.249237
0.308864
0.379600
0.519542
0.242561
0.326480
0.210400
0.205348
0.317770
0.327398
0.157675
0.225662
0.357486
0.576137
0.246821
0.465727
0.218134
0.253081
0.211634
0.131202
0.213505
0.311807
0.196580
0.297706
0.110185
0.276134
0.218658
0.222392
0.190110
0.386474
0.224683
0.282066
0.086794
0.382705
0.201345
0.468875
0.122419
0.387413
0.109821
0.179723
0.056343
0.523515
0.185760
0.357880
0.185331
0.185873
0.310512
0.289303
0.194208
0.344802
0.141750
0.278488
0.196669
0.279354
0.107566
0.143727
0.320867
0.338852
0.579072
0.262301
0.233900
0.474480
0.145472
0.161378
0.114577
0.284289
0.387313
0.341713
0.313680
0.547356
0.230286
0.571157
0.078967
0.416049
0.283202
0.524688
0.132315
0.527403
0.622847
0.366339
0.265586
0.333680
0.394091
0.231537
0.136637
0.225296
0.079412
0.199110
0.333957
0.209789
0.233986
0.390057
0.144500
0.316519
0.242066
0.226601
0.162034
0.194060
0.306746
0.240172
0.181492
0.448775
0.349332
0.251563
0.304700
0.495492
0.140600
0.268471
0.221817
0.207565
0.557914
0.420416
0.177689
0.262392
0.218307
0.143553
0.346815
0.130753
0.163653
0.314103
0.213198
0.314613
0.372346
0.538302
0.938303
0.315715
0.470028
0.216541
0.399509
0.307254
0.155506
0.180014
0.324348
0.323411
0.194406
0.285895
0.148468
0.169156
0.500986
0.181629
0.185748
0.176544
0.350620
0.138026
0.276376
0.315955
0.513360
0.085860
0.300851
0.112369
0.226783
0.242710
0.207369
0.554858
0.256382
0.432293
0.217523
0.403215
0.216591
0.355971
0.195338
0.255441
0.411368
0.227001
0.320659
0.286720
0.156850
0.148583
0.294794
0.344748
0.187187
0.407747
0.163467
0.447296
0.106099
0.335852
0.362035
0.216557
0.128118
0.223274
0.248833
0.267569
0.136887
0.204198
0.195923
0.458185
0.255230
0.337272
0.187452
0.269233
0.325463
0.147078
0.255178
0.121998
0.250049
0.365678
0.191277
0.232954
0.170276
0.346342
0.219621
0.175954
0.304005
0.338442
0.201436
0.282266
0.250160
0.263500
0.510225
0.401068
0.225314
0.197351
0.213990
0.123476
0.608330
0.264573
0.315548
0.243855
0.330250
0.285981
0.379784
0.242025
0.208313
0.203868
0.115303
0.155221
0.197677
0.240200
0.114962
0.226865
0.124955
0.321017
0.401425
0.228491
0.331795
0.298355
0.253139
0.320373
0.253614
0.181556
0.226208
0.229346
0.236108
0.254488
0.239959
0.263179
0.246274
0.340010
0.212546
0.202715
0.206005
0.305597
0.282429
0.141234
0.381470
0.273209
0.230154
0.318906
0.147950
0.622150
0.671444
0.265811
0.459095
0.177760
0.469943
0.204553
0.169790
0.174598
0.343458
0.342864
0.311573
0.102106
0.293290
0.206844
0.177355
0.114941
0.491722
0.212632
0.691162
0.168353
0.202959
0.222418
0.194279
0.155180
0.321443
0.228425
0.353811
0.247394
0.239134
0.241041
0.167749
0.254697
0.504999
0.283793
0.261351
0.549210
0.337205
0.454363
0.179300
0.361056
0.531534
0.166184
0.270897
0.265495
0.243081
0.212485
0.291562
0.325874
0.144345
0.162344
0.215174
0.129657
0.160107
0.084976
0.169670
0.398075
0.170660
0.286022
0.207294
0.432331
2.317488
0.578029
0.723291
0.322117
0.256597
0.398264
0.268870
0.351291
0.292742
0.435156
0.201795
0.350916
0.414712
0.260079
0.138473
0.120355
0.287865
0.197738
0.318726
0.175743
0.267720
0.114519
0.460308
0.219991
0.215036
0.306917
0.126318
0.338795
0.189470
0.364863
0.405578
0.217787
0.370389
0.295068
0.174655
0.163879
0.225693
0.205603
0.301236
0.192934
0.406109
0.136478
0.541511
0.175855
0.270711
0.129433
0.394908
0.142222
0.235290
0.123598
0.201523
0.194947
0.186088
0.382729
0.237979
0.174695
0.291953
0.619374
0.098872
0.133852
0.365897
0.350834
0.237488
0.259719
0.422561
0.145331
0.345428
0.281158
0.273048
0.326111
0.127260
0.240506
0.228935
0.263896
0.255867
0.342505
0.273330
0.319449
0.085788
0.229514
0.553720
0.076012
0.259486
0.280600
0.310766
0.209864
0.249348
0.300432
0.207180
0.257970
0.134680
0.315396
0.160049
0.360390
0.193729
0.344329
0.280122
0.150016
0.239890
0.259095
0.243732
0.154963
0.279275
0.432479
0.209188
0.237296
0.432168
0.259220
0.248580
0.219136
0.209389
0.186818
0.216587
0.198571
0.574514
0.187524
1.541037
0.399274
0.404353
0.219813
0.389955
0.232359
0.165993
0.160543
0.237158
0.293723
0.147566
0.504616
0.707475
0.165564
0.189416
0.114730
0.248412
0.171497
0.653724
0.206734
0.416750
0.312292
0.221241
0.157748
0.136545
0.258530
0.153954
0.161790
0.156570
0.289783
0.299971
0.156678
0.269688
0.402292
0.207947
0.179722
0.263954
0.194607
0.656685
0.236183
0.362011
0.124480
0.163253
0.142165
0.264302
0.247790
0.157700
0.274614
0.071302
0.238714
0.203877
0.150660
0.275999
0.406019
0.153774
0.269905
0.335311
0.154243
0.320426
0.197710
0.301420
0.395281
0.421299
0.125266
0.242601
0.400210
0.197156
0.305721
0.237245
0.174900
0.311766
0.152578
0.419816
0.147248
0.365010
0.179832
0.230419
0.242515
0.298870
0.300854
0.376574
0.297438
0.249592
0.242031
0.465419
0.260591
0.161439
0.335653
0.338647
0.191362
0.256505
0.198521
0.198351
0.279775
0.142567
0.328967
0.242806
0.495241
0.160564
0.301370
0.166086
0.230933
0.243478
0.253157
0.111325
0.428580
0.263528
0.282585
0.150658
0.338290
0.212011
0.508263
0.873867
0.310583
0.709401
0.260051
0.296695
0.216991
0.240209
0.243831
0.268757
0.081240
0.384557
0.164862
0.463877
0.243200
0.158162
0.353342
0.241562
0.316349
0.125378
0.183391
0.366796
0.187876
0.124503
0.350192
0.175743
0.578793
0.238347
0.246361
0.374505
0.313658
0.179866
0.279685
0.261187
0.214151
0.267982
0.349852
0.288320
0.372598
0.205160
0.253210
0.102990
0.337790
0.182262
0.249558
0.242609
0.203405
0.244073
0.209662
0.225667
0.113283
0.365077
0.188139
0.308560
0.288396
0.324722
0.239701
0.120548
0.253780
0.152247
0.227076
0.226917
0.172124
0.264342
0.361257
0.208271
0.345377
0.277937
0.271070
0.591005
0.291192
0.434096
0.301351
0.198714
0.212920
0.256452
0.367425
0.153994
0.163827
0.198897
0.268615
0.306210
0.224660
0.463699
0.314001
0.140593
0.252680
0.381951
0.188994
0.229764
0.303005
0.130173
0.220323
0.221041
0.322493
0.313801
0.095642
0.463733
0.168435
0.471140
0.415128
0.140273
0.237839
0.246998
0.210836
0.234405
0.312109
0.169718
0.205534
0.212995
0.358538
0.223265
0.349639
0.323827
0.428026
0.097799
0.316620
0.172661
0.285361
0.400485
0.155170
0.193484
0.135012
0.115829
0.317831
0.163296
0.305341
0.150421
0.201726
0.300300
0.394904
0.556388
0.118158
0.545287
0.179104
0.344600
0.479719
0.448297
0.141772
0.338257
0.447972
0.225025
0.237567
0.239261
0.200917
0.143474
0.193286
0.229227
0.200616
0.110542
0.280021
0.236727
0.262552
0.207699
0.223693
0.535763
0.222658
0.229738
0.151925
0.197044
0.330637
0.254334
0.185262
0.266624
0.314365
0.236990
0.345577
0.415846
0.346538
0.264575
0.365004
0.269584
0.198877
0.118645
0.239398
0.297420
0.110413
0.319518
0.158092
0.453884
0.284791
0.247295
0.201542
0.461620
0.214036
0.116435
0.155864
0.178557
0.166014
0.165833
0.243651
0.245952
0.204726
0.184230
0.374224
0.239873
0.256741
0.281064
0.254821
0.143134
0.383706
0.148038
0.264813
0.094769
0.197029
0.133210
0.199230
0.272763
0.153072
0.302014
0.245426
0.405539
0.263232
0.138060
0.487850
0.323209
0.283903
0.255221
0.157136
0.304815
0.461063
0.477638
0.166215
0.414246
0.188380
0.243865
0.131399
0.241507
0.355250
0.188983
0.097523
0.237178
0.391578
0.142724
0.154859
0.193906
0.198956
0.340416
0.269419
0.141854
0.215044
0.442507
0.252344
0.274524
0.324473
0.093819
0.361844
0.231323
0.393459
0.253350
0.222876
0.406619
0.157497
0.464331
0.294833
0.602996
0.157985
0.298888
0.068177
0.376585
0.437985
0.188403
0.184612
0.151048
0.228902
0.110779
0.246170
0.432529
0.430919
0.209868
0.210714
0.208390
0.159215
0.390364
0.267888
0.197637
0.156619
0.225082
0.447805
0.478157
0.190303
0.386856
0.178092
0.605686
0.130466
0.251067
0.312659
0.281034
0.176574
0.246948
0.213051
0.385237
0.170439
0.212204
0.268242
0.213684
0.139679
0.446143
0.544916
0.206145
0.185434
0.212101
0.148037
0.508361
0.107871
0.152431
0.261048
0.259442
0.214499
0.240745
0.250978
0.214368
0.133247
0.199552
0.212772
0.136887
0.206833
0.414289
0.354921
0.151784
0.221625
0.196839
0.433115
0.350446
0.188583
0.328429
0.187642
0.344240
0.228689
0.194108
0.270636
0.272709
0.337858
0.168946
0.256305
0.264167
0.391445
0.447256
0.250843
0.228046
0.349546
0.248640
0.312808
0.237243
0.260525
0.153758
0.251503
0.181590
0.228606
0.238913
0.304246
0.790785
0.255654
0.483888
0.209012
0.453847
0.147162
0.429623
0.114343
0.236478
0.280400
0.336662
0.287439
0.169145
0.251632
0.446944
0.158786
0.288963
0.195777
0.263360
0.293301
0.320897
0.194009
0.236979
0.168785
0.181103
0.219050
0.205343
0.238320
0.594303
0.330603
0.191102
0.150909
0.172910
0.305929
0.122303
0.201402
0.138598
0.237283
0.154737
0.255321
0.199781
0.233126
0.236885
0.265053
0.205268
0.263805
0.303392
0.382402
0.266540
0.313380
0.220702
0.326409
0.461683
0.225426
0.365514
0.175376
0.249755
0.261347
0.346566
0.284919
0.483191
0.137400
0.356003
0.329240
0.263562
0.181770
0.129736
0.309583
0.212974
0.438716
0.136093
0.372303
0.119968
0.333135
0.166685
0.362760
0.153070
0.163692
0.321771
0.151865
0.414998
0.159019
0.148504
0.357538
0.381642
0.188930
0.187068
0.185957
0.216087
0.293267
0.360835
0.299494
0.511836
0.172557
0.209574
0.154679
0.173390
0.190376
0.348315
0.263052
0.290299
0.180589
0.293388
0.170525
0.148006
0.220501
0.480392
0.275809
0.080023
0.456287
0.138700
0.273391
0.306773
0.175566
0.241482
0.273565
0.124747
0.152953
0.143963
0.100552
0.450731
0.086777
0.254662
0.303202
0.543714
0.227986
0.254651
0.504514
0.177324
0.465204
0.073186
0.344183
0.191086
0.307450
0.178252
0.195739
0.397025
0.231138
0.235095
0.218300
0.181862
0.277269
0.241733
0.449041
0.356269
0.182383
0.413516
0.499798
0.262004
0.229524
0.364205
0.110440
0.326574
0.256459
0.330392
0.288633
0.274277
0.211461
0.276888
0.188352
0.211261
0.240146
0.245138
0.262088
0.182772
0.166381
0.108986
0.253437
0.194884
0.200682
0.186189
0.294596
0.103357
0.401900
0.074783
0.744100
0.092003
0.623134
0.214602
0.233445
0.188221
0.228063
0.333674
0.248570
0.230762
0.300421
0.308691
0.261434
0.212239
0.217822
0.249015
0.663808
0.609098
0.143806
0.199342
0.314127
0.252417
0.478429
0.194438
0.360671
0.189056
0.125338
0.209303
0.218670
0.456632
0.264934
0.120493
0.213469
0.213447
0.370280
0.333803
0.154367
0.236776
0.277204
0.211330
0.374566
0.275083
0.301838
0.114367
0.284739
0.327044
0.297647
0.258427
0.154314
0.206311
0.327065
0.116475
0.552547
0.245409
0.246965
0.181998
0.168751
0.236263
0.132278
0.278073
0.215870
0.177772
0.187867
0.287937
0.167040
0.246620
0.294633
0.807211
1.271851
0.373088
0.232131
0.166585
0.263062
0.391824
0.355956
0.186829
0.202980
0.285338
0.136323
0.225838
0.179164
0.262306
0.298344
0.267265
0.136289
0.179194
0.150536
0.179251
0.167427
0.176007
0.152606
0.144346
0.483997
0.242357
0.225468
0.404881
0.249065
0.210523
0.434669
0.137754
0.679260
0.356434
0.295618
0.156396
0.362483
0.305123
0.432975
0.227821
0.306228
0.191968
0.262136
0.260955
0.423708
0.279544
0.209595
0.170193
0.240467
0.100563
0.221514
0.147491
0.233684
0.395811
0.227331
