2.286004
2.292520
2.115598
2.284867
2.196764
2.401472
2.233465
2.385362
2.165289
2.338818
2.090854
2.064267
2.148868
2.830436
2.337035
2.282516
2.135249
2.166801
2.152803
2.263027
2.292789
1.969634
2.230862
2.534983
2.362411
2.330694
2.014834
2.423526
2.222404
2.492705
2.114482
2.503464
2.136799
2.104167
1.928295
1.973523
1.925857
2.036003
2.168132
1.850085
2.311595
2.141204
1.983516
2.070684
2.368694
2.335502
2.299785
2.287428
2.336120
1.989659
1.998908
1.995399
2.201646
2.140770
3.056476
2.219711
2.383314
2.412134
2.251888
2.082961
2.213566
2.235761
3.033942
2.022828
2.032853
2.182373
2.097089
2.415827
2.653500
2.557214
2.143563
2.094252
2.105757
2.032672
2.407345
2.123559
1.755188
2.126050
2.620961
2.310522
2.115698
2.312206
2.823916
2.248785
2.151162
2.222505
2.317911
2.146870
2.352141
2.514421
2.106133
2.196645
2.415983
2.142763
2.114958
2.211697
2.243471
2.258850
1.982015
2.485967
2.389876
2.190747
2.197980
2.176447
2.156143
1.982935
2.059766
1.760416
3.087780
2.079782
2.075733
2.110916
2.002495
2.061797
1.847133
1.864524
1.951329
1.695164
2.344194
2.417062
1.790859
2.324785
2.550486
2.277050
1.936103
1.865231
2.358754
1.910727
2.447253
2.195056
2.261828
1.748393
2.135631
2.070573
2.197690
1.806347
2.183842
2.092586
2.099461
2.037898
2.891184
4.910796
2.253862
2.279284
2.133902
2.296950
2.201586
2.259307
2.243087
2.231569
2.292104
2.256071
2.213885
2.205640
2.250607
2.223307
2.190906
2.211081
2.131382
2.340075
2.238543
2.287399
2.250627
2.252555
2.228457
2.171299
2.169679
2.138676
2.069763
2.209165
2.263675
2.245199
2.214526
2.212510
2.206723
2.146203
2.187277
2.221839
2.231327
2.147506
2.155226
2.183993
2.147156
2.146872
2.099749
2.188164
2.154433
2.183600
2.093213
1.992890
2.069537
2.051815
2.053213
2.054672
1.940615
1.967141
2.043113
2.321916
2.171742
2.095804
2.082294
2.102952
1.956484
2.074577
2.088653
2.148356
2.150247
2.112387
1.950499
2.193257
2.146890
2.291993
2.242984
2.071888
2.066490
2.120195
2.310710
1.822685
2.702388
2.617979
2.581688
2.354069
1.822400
1.970517
2.647550
2.573336
2.133233
2.141692
2.118469
2.261853
1.933309
1.921171
1.975450
2.546805
1.806183
2.296008
2.374645
2.405414
2.091203
1.873154
2.382188
2.175040
1.930680
1.788754
2.277185
2.247447
2.737067
2.005199
1.770132
2.568521
1.955098
1.956788
2.088876
1.981378
2.484651
2.138647
1.879242
1.982361
2.118088
2.004325
2.053367
2.154729
2.247682
2.190382
2.044078
2.031898
1.872392
1.948346
1.921009
2.501010
1.841998
1.916947
1.966837
2.022197
2.110428
1.848029
1.913880
2.133878
2.156792
1.950415
1.733022
2.074419
2.238422
2.336323
2.053596
2.153065
2.338186
2.327452
1.858602
1.751322
1.979696
2.277478
1.988764
3.637239
2.164983
2.124247
2.185164
2.221344
2.008353
1.882984
2.356860
1.765153
1.738787
2.685796
2.118834
1.942130
1.877734
1.966716
2.134473
1.998008
3.072509
1.968342
1.955079
1.977063
2.032265
1.990346
1.845746
2.226134
2.017505
1.786197
2.024330
2.106164
1.788216
2.258697
1.817394
2.130028
2.269238
2.231288
2.421404
1.995123
2.104753
2.015658
2.181587
2.432983
2.404046
2.285230
2.061033
2.087318
1.860886
2.032199
2.515430
1.834414
2.389365
2.659151
2.104274
2.053389
1.807067
1.848000
2.182256
1.994268
2.154191
1.951581
3.234022
1.907135
1.859952
1.716675
1.905265
2.064536
1.985291
1.902849
1.770109
2.102482
2.035008
1.885888
1.648257
2.787420
2.089298
2.070587
1.989875
2.009354
1.831813
1.718585
2.215717
1.978237
2.260343
3.093624
2.036865
1.964235
2.059707
2.415936
2.425247
2.207601
1.940319
2.232439
2.189398
2.078418
1.886931
2.088675
2.234146
2.215268
1.886983
1.964433
2.230214
2.754724
2.123642
2.386347
1.840413
1.977800
1.712726
2.091264
2.503235
2.106336
2.268327
2.079940
2.060232
2.942772
2.211188
2.163459
2.087132
1.987764
1.978023
1.930262
2.139809
1.971366
1.911485
2.108449
1.998775
1.946031
2.158897
1.815844
2.156202
2.040947
1.833761
2.273717
2.417873
2.020114
2.017531
2.058163
1.870614
2.372161
2.018754
2.882586
2.075305
1.865054
2.005435
1.789874
2.012669
1.732688
2.096313
2.246830
2.924526
1.896392
2.150529
2.195222
2.155581
2.055664
1.974872
1.772405
1.793030
2.043415
1.691305
1.969048
2.152364
2.024902
2.054214
2.029022
2.118813
2.493470
1.919747
2.138995
1.678084
1.952665
2.853789
1.800670
2.093032
1.873186
1.928311
1.769645
1.906584
2.061601
2.673441
2.393169
2.050250
2.190551
2.407530
2.262049
2.012144
1.887341
1.716892
2.264972
2.207495
1.840840
2.437942
2.060956
2.026657
2.073432
2.032115
1.950605
2.266939
1.890675
3.313848
2.395833
2.543140
2.458575
2.516565
2.369620
2.264853
2.561965
2.437313
2.587241
2.299541
2.631378
2.702299
2.432465
2.664355
2.664999
2.497118
2.355797
2.232719
2.579453
2.389338
2.271677
2.316825
2.456852
2.325304
2.195926
2.167500
2.249844
2.159357
2.165169
2.073185
1.989766
1.877826
2.118194
1.916431
1.985250
2.146793
1.889285
1.862700
2.091811
2.078009
1.839250
1.704059
1.991054
3.049885
3.822166
2.191992
2.195274
2.053604
2.165127
1.945606
2.023086
2.128267
2.155439
1.915055
1.715098
2.037574
2.228435
2.317007
2.168875
1.949438
1.939180
2.174196
2.223719
2.405908
2.227162
2.056787
2.042858
1.713211
1.769986
2.044545
1.877355
2.352968
2.135863
2.468714
1.904482
2.096424
2.101898
2.070592
2.023910
2.211901
1.994292
1.932004
2.191368
2.469301
2.310746
2.302401
1.976509
2.005438
1.963272
2.116721
1.899981
1.866389
2.084379
1.941220
2.017687
2.303675
1.870975
1.976229
2.094615
2.138794
2.310913
2.088625
1.988331
2.058752
2.166148
1.994152
1.665833
2.319013
2.395544
1.815124
1.749494
2.093351
2.234493
2.245955
1.859162
2.027346
2.672613
2.518375
2.119838
2.358939
2.168758
3.226828
2.831614
2.442884
2.064604
2.190380
2.071467
2.029187
2.489787
1.932046
2.044024
2.016106
1.861888
2.551026
1.938603
2.021032
1.979911
1.905383
2.164868
2.223411
2.057045
1.956794
2.142071
2.032596
1.886392
1.921110
1.667096
2.029775
1.901751
1.985270
2.280632
2.123436
2.001678
2.218986
1.764434
2.384697
1.837945
2.398958
1.991737
1.915125
2.319506
2.011330
2.103942
1.826633
2.463758
2.191429
2.010897
2.136453
2.191315
2.815256
2.151734
2.191785
1.936085
2.333874
1.763545
1.870874
2.667334
2.015422
2.252716
1.848747
2.034575
2.582761
2.401513
1.823903
1.969972
2.460330
1.993237
2.022775
2.001729
2.677879
2.965151
1.820172
1.807291
1.905164
1.797517
2.079415
2.001390
2.020360
2.253080
1.967320
2.119444
1.875970
2.021021
2.167684
2.359787
1.746908
2.180530
2.453086
2.022176
2.001380
1.981550
1.848239
1.802133
2.345729
2.287707
2.049243
2.049765
1.858793
2.232011
2.358547
2.415801
1.881585
1.756242
1.934722
2.502402
2.008214
1.952511
1.848206
1.428608
2.420705
2.216087
2.101079
1.971989
1.944468
2.076279
2.501714
2.144094
2.089031
1.941913
1.750414
1.910567
2.269056
2.140288
2.204908
2.019555
2.034792
2.180492
2.639954
2.248459
2.050609
1.895483
1.944753
2.032015
2.060254
2.234848
1.961805
1.886422
2.170782
1.602806
1.933448
2.009287
2.101879
2.300643
2.785548
1.823551
2.071883
2.489633
1.813056
2.433851
2.363957
2.100218
2.229481
2.316368
2.363874
1.799609
2.008318
1.780640
1.992498
1.909884
2.370270
2.231329
2.008820
2.394716
2.100936
2.199933
1.906939
1.922228
2.058300
2.244348
2.147879
1.920908
2.802286
2.382303
2.343363
2.241782
1.965425
1.971914
2.568498
1.931028
2.220306
1.798361
1.726108
2.283182
1.753850
2.308963
2.079297
2.226475
1.831520
1.943514
2.008105
1.729663
1.952561
2.526648
1.981256
1.947716
1.986179
2.062955
1.905558
1.819677
2.680812
2.549250
2.072464
1.946448
2.061426
2.063248
1.702203
2.202301
1.962608
1.996623
2.361475
1.896754
1.732394
1.943978
1.882443
2.069363
2.099111
1.961865
2.798100
1.959279
2.051054
1.723422
2.089555
2.219011
1.905680
2.540967
2.144038
1.948189
2.132740
1.763930
2.037551
1.822177
2.126147
1.970951
4.029351
2.415646
2.545110
2.592776
2.472545
2.610815
2.451291
3.049632
2.367847
2.098322
2.090030
2.603345
2.004401
2.132526
1.705465
2.434660
1.968668
2.209688
2.606333
2.153553
2.032173
2.010424
2.022114
1.930962
2.280803
1.741822
2.640075
1.824517
1.895780
2.073240
2.104940
2.477170
1.927270
1.990103
1.799956
2.036821
1.852356
2.337088
2.308512
1.936181
2.165095
2.052925
1.795655
1.857769
2.096825
2.015329
2.210094
2.657050
1.931581
2.558086
2.308139
2.440105
2.166518
2.324850
2.199960
2.114013
1.690122
1.900513
2.085322
1.944042
2.236339
2.055491
3.153112
2.211070
2.374920
1.977611
2.433904
2.243143
1.916081
1.729521
2.005550
2.372605
2.040700
1.826482
1.875562
1.912907
2.224009
2.261070
1.937232
2.050802
1.656844
2.570278
2.728160
2.166570
2.216140
1.773393
2.085779
1.981901
2.252921
2.085551
1.827822
1.597574
1.487975
1.690600
2.209493
1.972067
1.963985
1.962651
2.145424
2.376530
2.229414
2.013901
2.285179
1.908690
1.854635
1.747536
1.902101
2.155717
1.986301
1.808250
2.513470
2.014586
2.122621
2.317223
1.567529
2.699486
2.060073
1.829277
1.786799
1.794882
2.043418
2.126503
2.116517
2.059113
2.181261
2.191638
2.731791
2.045573
1.890763
2.344723
1.571207
2.895400
4.713745
2.809215
2.708793
3.113747
2.599826
2.742266
3.430769
4.031593
3.062132
3.547577
2.724524
2.610128
2.041706
2.209689
1.987626
2.121827
2.015996
2.126673
1.842595
2.935949
1.991176
1.906987
1.638104
1.900327
1.635309
1.925034
1.900344
2.398480
2.365329
2.024456
2.590907
2.356190
2.009561
2.023704
2.234276
2.108823
1.836961
1.753889
2.180163
1.953632
2.606547
2.211973
1.909179
2.152475
3.079918
1.974036
1.940040
1.702399
2.224094
2.083752
1.827582
2.277391
1.893167
2.133202
2.568513
2.020730
1.774754
1.952794
2.613155
2.155752
1.907559
2.264340
1.820530
1.825820
2.180368
2.059029
1.741243
2.130357
2.684409
1.892258
1.969440
2.159467
1.902275
1.733454
1.961240
2.094233
2.064273
2.629968
2.189251
2.020540
2.928892
2.036768
1.979681
2.121765
1.894927
2.371959
2.080576
1.985478
1.758788
2.074838
2.045718
1.855332
1.933874
1.710623
2.014747
1.868178
2.074560
2.056958
1.768962
1.633667
2.266511
2.104666
2.038010
2.081201
2.098575
1.955552
2.131431
1.955511
1.815635
2.342813
2.283948
2.614293
2.289575
3.058650
1.834953
1.899558
1.841490
2.088748
2.734566
2.359430
2.143461
2.235668
1.988561
2.843595
2.249374
2.058386
1.880326
1.958786
1.862893
2.182006
1.763511
2.721882
2.407887
2.482258
2.740287
2.548092
2.168769
1.936422
2.278004
1.791092
1.893353
1.881328
2.658239
1.876294
1.791002
2.404805
2.315145
1.937091
2.046352
2.075061
2.194749
1.811088
1.827933
1.981885
2.248897
1.686022
2.059428
2.074984
2.842870
1.743250
2.042983
2.337922
1.695016
1.883778
2.607540
2.111413
2.080624
2.206492
1.859270
2.671320
2.040443
2.144747
2.299005
2.313777
2.587075
2.390774
2.413185
2.065986
1.907103
2.003504
1.550776
2.208442
1.854188
2.029812
1.924722
2.333058
2.131527
1.960946
1.936243
2.093647
1.908493
1.954887
1.948578
1.937177
2.005018
2.136895
2.409014
1.791720
1.887913
1.885079
1.697809
2.213552
2.062162
1.712631
1.745257
1.877116
2.547091
2.420827
2.498896
2.493141
2.174096
2.528205
2.076699
2.652880
3.320042
2.055426
2.259373
2.818033
2.054591
1.701597
2.840674
2.138496
1.987285
2.065508
2.385478
2.262898
2.141006
1.995366
1.813986
2.318545
2.195817
2.169549
2.366278
2.053715
1.725136
1.602553
2.102676
2.132153
2.124380
2.063248
1.829023
2.296933
2.306719
2.295002
2.862636
2.868322
2.260303
2.118864
2.025009
2.046662
2.119612
1.966142
2.088065
2.075316
1.820733
2.078776
2.187344
2.584979
2.905035
3.788197
2.338929
2.304453
2.296900
2.396719
2.263956
2.147047
2.149039
2.185585
1.934883
2.597751
2.113925
1.705009
1.744587
3.006782
2.237833
2.096078
2.014222
2.018804
1.971157
2.218029
2.241399
1.988355
1.936961
2.024092
1.862619
1.975325
1.769620
3.413288
2.313526
2.226529
1.998767
2.203883
2.055897
1.948268
1.918761
1.865112
2.251639
2.057176
1.860540
2.009481
2.038658
2.178415
2.300941
2.100208
1.788810
2.089725
2.279288
2.217484
2.321347
1.857738
2.438395
2.062033
1.875105
2.013143
1.860429
2.342367
2.304072
2.089730
1.945090
2.024259
2.154645
1.962020
1.865416
1.951193
2.010641
1.789258
2.193425
2.162452
2.110553
1.947623
2.331592
1.855318
1.964464
2.045817
2.655245
2.239076
2.350841
2.141512
2.297794
2.438645
2.244396
1.967767
2.735872
2.341607
2.631733
2.234908
2.538157
2.365925
2.068345
2.501157
2.297546
2.245342
1.612270
1.887513
2.611483
2.221979
2.115790
1.841537
2.143209
1.948228
1.929306
2.062002
1.844427
1.909612
3.074668
2.684077
2.620030
2.847219
2.729046
2.923133
2.602459
2.726085
2.111700
1.851059
1.783919
2.402847
2.634426
2.776000
1.783816
1.843943
2.191119
2.211389
2.233176
2.327059
1.983006
1.978677
1.577302
2.209991
2.345571
1.862071
2.985141
2.352159
2.090528
2.078810
2.013347
1.978944
1.960317
2.137215
2.996644
3.319492
2.380680
2.495434
2.057592
2.154314
2.237087
1.594016
2.278415
2.099777
2.382990
1.631419
2.847675
2.068548
1.977770
2.025316
1.952756
2.723969
2.042224
1.984677
2.234255
2.470428
3.417026
4.326513
2.801875
2.681401
2.891593
2.555156
3.236259
3.014688
3.408601
2.492413
2.616716
2.494545
2.773780
2.834188
2.751131
2.186255
2.572910
2.346932
2.592835
3.133866
2.761385
2.809175
3.138552
2.464234
2.363730
2.322555
2.357048
2.076598
2.076796
2.188557
2.105588
1.926741
2.079210
2.247005
3.547880
2.195557
2.122162
2.071764
2.033401
2.023437
1.968421
2.055505
1.910555
1.806224
1.924145
2.168674
2.031676
1.905865
1.838927
2.225724
2.495403
2.170395
2.152114
2.472883
2.590130
2.218617
2.068945
1.961069
2.007921
2.150296
2.601668
1.904691
2.030764
1.866189
1.907788
2.124477
2.645420
1.814582
1.899307
3.007652
2.250656
2.199113
2.109408
1.710918
2.153278
1.961516
2.013834
1.957518
2.872228
2.273935
1.947302
2.235719
2.051531
2.086348
1.906711
3.179783
2.799914
2.730787
2.652303
2.950490
2.736983
2.471453
2.206344
2.307143
2.103482
1.917486
1.968435
2.149882
1.878142
2.502808
1.602206
1.730565
1.917745
2.155359
2.594126
2.139908
1.921473
1.963527
2.029733
2.078246
2.249546
2.959686
1.983286
1.932414
1.882123
1.775353
1.957876
1.703081
1.975715
1.809531
1.655097
2.235707
1.996312
2.144623
2.050653
1.804890
2.009424
2.372062
2.146208
2.006653
1.882967
1.830294
1.772070
3.604194
1.765090
2.040249
2.358727
2.129167
3.292549
2.031175
2.110892
1.883264
2.009173
1.844564
1.798626
2.027306
1.849793
2.075075
2.380559
2.483091
1.907697
2.084300
1.688045
1.925606
2.099067
2.146274
2.306224
2.339521
2.623345
2.749197
2.452662
2.120041
2.019195
2.551864
2.375671
2.529971
1.805331
3.586708
2.191275
2.282793
2.379387
2.257939
2.296880
1.776092
1.759857
1.861694
2.861501
2.226532
2.044474
1.768326
2.078948
1.895326
2.032737
1.959458
1.852345
1.782710
1.871543
1.846081
2.145835
2.632759
3.292572
2.073380
1.960629
2.186124
2.424600
2.187672
2.390226
2.091227
2.135632
1.693064
2.295315
1.871726
2.433217
2.278883
2.004452
2.052712
1.906565
3.370588
2.690324
1.893648
1.561478
2.870054
2.184216
2.076488
2.542847
1.773743
2.147138
2.333035
2.093932
2.007693
2.251582
1.931279
2.130119
2.048745
2.758915
2.343001
2.104576
2.145981
2.120922
2.246890
1.842817
2.082024
2.499465
2.225516
2.219421
2.450135
2.227902
2.156322
1.999163
2.413417
1.988530
2.064659
1.780854
2.637196
2.358249
2.621632
2.344668
2.087179
2.095155
2.007258
2.018259
1.913916
1.893450
2.017116
1.983963
2.564864
1.977977
1.802437
1.887825
2.291549
1.968125
1.903921
2.085959
2.373297
2.140676
2.996065
2.034076
2.421236
2.007596
2.087243
1.971664
2.050878
1.775514
2.875592
2.633345
2.377373
2.264649
1.784720
2.550303
2.263563
1.997389
2.033246
1.881967
2.015467
2.216881
3.032096
2.410841
2.423892
2.445295
2.567851
2.038191
1.725666
3.152910
3.021597
2.435737
2.199800
2.086684
1.806993
2.431499
2.142454
2.230671
2.248230
1.974381
2.107024
2.426281
1.751068
2.037985
1.783781
1.900999
1.739136
1.806161
2.224783
2.518177
2.091699
1.926870
2.070801
2.255045
2.134188
1.927249
2.104436
2.042465
1.813923
2.069812
2.488064
2.109154
2.707834
3.298368
2.109859
2.198303
2.171529
2.144384
1.751857
1.994537
2.422222
2.014541
2.243142
1.885031
2.640942
1.941805
1.830778
1.891304
1.775030
3.518342
2.662658
2.262938
2.256381
2.313074
2.595518
2.198008
2.091600
1.999755
2.196838
2.101784
1.830176
2.198863
1.775306
1.884786
2.528188
2.141789
2.200893
2.040397
2.122211
1.939625
2.290213
2.059820
2.311401
1.902508
2.269912
2.060211
2.040049
2.203780
2.315447
2.198081
2.086618
2.152182
2.084281
1.919073
1.863034
1.935514
2.118133
1.759906
2.363869
2.281316
2.779118
2.273758
1.967322
2.056947
1.945950
2.033310
1.860334
1.965163
2.061951
1.748578
1.967491
1.987437
1.837726
2.260185
3.537687
2.623097
1.929501
2.380215
2.026598
1.882531
1.908277
2.485069
2.744272
1.976283
2.069581
1.918491
2.249751
1.957417
1.930958
2.183663
2.018980
2.081362
2.093340
2.147094
3.026157
1.835176
1.659213
2.026016
2.082504
1.851616
2.058042
2.558639
2.251828
1.860820
2.038044
1.968127
1.920913
2.368643
1.708380
2.254711
2.680565
2.032158
2.043816
1.606400
1.906938
2.330516
2.777109
2.697124
2.215082
2.196921
2.132781
2.266918
1.793974
2.393905
1.923942
2.008758
1.777200
2.055067
2.362300
1.930686
2.139637
2.487822
2.273762
2.330564
2.416764
2.349363
2.385181
3.511883
3.367326
2.750895
2.736645
2.671255
2.499307
2.414474
2.437850
2.426390
2.842978
2.259684
2.115755
2.137451
2.160435
1.844825
2.142429
2.821183
2.196270
2.311136
1.910392
2.105143
2.020076
2.111684
1.857345
2.034897
1.986530
2.278771
1.937717
1.954399
2.024318
1.911595
2.884856
2.333513
1.965378
2.150011
2.113028
1.981688
2.855971
1.946011
1.771720
2.541033
2.204209
2.465723
1.845793
2.470368
2.876198
2.312799
2.107075
1.987995
2.060007
1.863314
1.814808
3.664867
1.918008
1.957444
2.032114
1.870770
1.979712
1.596919
1.909612
2.200423
2.097530
2.878500
2.385648
1.862271
1.793478
2.127532
2.279259
1.976987
2.392579
1.881101
2.083025
2.030791
2.117479
2.274927
1.806433
2.537885
2.090989
2.079946
2.049062
2.137915
2.235631
2.592130
2.342019
2.752710
2.141606
2.417773
1.853325
2.181574
2.508720
2.880716
2.071609
2.098699
2.048685
2.050992
1.937585
2.223124
1.796878
2.524294
2.375685
2.133974
2.331719
1.563682
2.342857
1.803264
1.683252
2.371073
2.053380
1.979329
2.139072
2.011286
2.664180
2.273909
1.891189
1.814539
1.966573
2.218128
2.222150
2.086337
1.918188
2.051740
2.091889
1.899349
2.174903
2.523100
2.322958
2.048277
2.137788
1.809012
2.261382
2.378735
2.228985
1.832552
2.352911
2.473753
2.198114
2.100078
2.380817
2.129866
1.534100
1.918562
2.171694
2.019101
2.375191
2.231577
1.931433
2.404713
2.070225
1.834601
2.568453
2.188675
2.501559
1.883726
2.235434
2.497162
1.922606
1.970697
1.664841
2.482679
1.800437
2.089780
2.116227
2.201920
2.292139
1.685263
1.938029
2.558500
2.345606
1.994530
1.858023
2.084513
2.133728
2.703311
2.570025
2.256286
2.126189
2.107734
2.819628
2.215557
1.884428
1.754836
2.488274
2.655025
1.934092
1.996873
1.746534
2.124118
2.440241
2.238351
1.722738
2.206498
2.465748
2.232858
2.114740
2.261701
2.529534
2.590112
2.059639
2.362136
2.511819
1.876600
1.761782
2.493374
1.696348
1.885550
2.174193
2.579094
2.163330
1.808909
2.012145
2.209271
2.267910
1.941324
1.843190
2.233757
2.063252
1.735667
2.463186
2.107945
2.134328
1.564448
1.950747
2.201427
2.126689
2.464208
2.277617
1.841117
2.103780
1.852199
3.075867
3.199533
2.614823
2.663568
3.505985
2.820888
2.296790
2.315826
2.140832
2.202983
2.337752
2.062892
1.697905
1.857170
2.351487
2.461273
2.669521
2.004423
2.209101
2.662550
1.837938
1.831748
2.378626
2.411167
3.286668
2.381930
2.388638
2.222681
2.310647
2.057967
2.359706
2.171241
2.367557
2.236621
1.897271
2.287387
1.823859
1.767752
1.982308
2.045800
2.039839
2.014765
2.755301
2.590088
1.910952
2.029592
1.616743
3.489216
2.355301
2.229759
2.034099
2.068520
1.744328
1.831326
1.844381
2.239478
3.513250
2.204428
2.224345
2.108513
1.888173
1.914117
2.433769
2.138662
1.990853
2.129982
2.094085
2.497549
2.753845
2.682219
2.174722
2.204103
2.223151
2.187260
2.059963
2.185176
2.302094
2.445838
2.262801
2.422458
1.503318
2.298668
2.428963
2.329835
2.286551
2.250936
1.816123
2.107226
2.082285
2.214806
1.898744
2.009698
2.544280
2.371197
2.453222
2.646146
1.955790
2.259247
1.979831
2.312338
2.538176
2.205089
2.083581
2.133777
2.277266
1.889972
2.465959
2.359512
2.674016
2.519979
2.627416
1.833185
2.035659
1.992213
1.982335
1.962435
1.919848
2.216008
2.290001
1.984559
2.138902
1.993654
1.974299
1.841900
2.101371
1.783878
2.723098
2.542235
2.512579
2.424767
2.473820
2.561802
2.529744
2.437684
2.604515
2.271517
2.249179
2.547640
1.806998
2.198115
2.016778
2.593467
2.168671
2.076775
2.038311
2.143363
1.921481
2.197392
1.960559
2.598124
1.837360
2.043753
2.187112
2.203951
2.147420
1.990767
2.397962
2.163692
3.151938
2.232313
1.940487
2.161856
1.896965
2.030977
1.755520
2.238151
2.094687
1.924788
2.326309
1.817951
2.259636
2.157555
2.067830
2.144238
2.480729
2.599841
2.003190
1.796541
1.592810
1.880230
2.764921
2.110619
2.851650
2.063910
1.983120
1.801615
3.458504
3.607748
3.743585
2.864209
2.431407
2.697790
2.178416
2.172425
2.515982
2.211600
2.242240
2.128549
2.622675
2.787399
1.986185
1.936728
2.087509
2.278258
2.055177
2.113879
2.637940
2.092562
2.098297
1.884664
1.819576
3.327138
2.542751
2.155767
1.985593
2.159867
2.495083
2.238197
2.145479
1.701825
2.070889
1.919041
1.912422
2.148713
1.867383
2.024414
2.158229
2.157036
1.938123
2.032590
2.214409
1.880020
1.923645
3.254696
2.092475
1.950294
1.929282
2.004091
2.172536
2.206493
2.107300
2.023198
1.975799
2.348966
2.630781
2.217027
1.932706
2.398929
1.881719
2.626310
1.906699
1.943812
1.497470
2.004865
2.082289
1.967181
2.179648
2.676029
2.209617
2.292635
2.076808
2.193041
2.140597
2.056535
2.139582
2.615054
2.106467
2.849136
2.125314
1.709903
2.296313
2.134701
2.037792
1.907078
2.111994
2.693676
2.868886
2.666674
3.484746
6.354914
2.287718
2.233135
2.169541
2.163755
2.137680
2.170330
2.070338
2.249334
2.251774
2.129625
2.173394
2.213745
2.163172
2.224656
2.103774
2.168074
2.239775
2.095961
2.271136
2.090528
2.170455
2.144083
1.952273
2.029727
2.115487
2.158596
2.196587
3.805272
2.272008
2.315170
2.320689
2.278604
2.347585
2.267107
2.123888
2.168039
2.392536
2.249968
2.174811
2.214550
2.316308
2.429517
2.265835
2.214008
2.276878
2.330671
2.265542
3.239277
2.059822
2.040522
2.129515
2.133468
2.105503
2.132514
2.087175
1.975409
2.205187
2.394701
2.686469
2.519637
2.051883
2.331153
2.313220
1.989122
2.186821
2.103699
1.962835
2.100198
2.255688
2.455580
2.327010
2.278974
1.713537
2.222534
2.252326
2.265536
2.240087
2.070857
2.012945
1.768573
1.998817
2.529366
1.751365
1.921882
1.976046
1.775282
1.928224
1.859944
2.251002
1.957450
2.074321
1.773025
2.269871
2.149112
3.272205
3.473405
2.277461
2.207161
2.229514
2.170850
2.064592
1.929727
2.093266
1.992237
2.299552
2.238021
2.253233
2.120075
1.953097
1.898924
2.527611
2.608341
1.959569
2.143271
2.235665
1.961526
2.093473
1.929730
3.021727
2.006841
2.211135
2.504775
1.973471
2.415287
2.160876
2.188548
2.755723
2.010205
2.441913
2.032661
2.110388
1.997617
2.375330
2.091733
2.193767
2.545768
2.103216
1.939332
2.015815
1.921379
1.824651
2.693881
2.435266
2.058255
2.044193
2.721149
4.337976
3.544914
2.363868
2.345717
2.325696
2.186571
1.787501
1.909985
1.941473
2.590574
2.901830
2.409429
2.337638
2.746998
2.696225
2.510413
2.652962
2.865626
2.909770
3.044381
2.040732
1.951088
2.085526
2.154012
2.061850
1.979926
2.225932
3.149742
2.399860
2.051495
2.368946
2.068773
1.734340
2.498862
2.132477
2.102034
2.615183
2.167353
1.789355
1.982418
2.277287
2.018075
1.997015
1.730972
1.890298
2.571498
2.004090
2.053363
2.456831
2.047222
1.784012
2.702512
2.343155
2.288093
2.729128
1.927112
2.330894
2.470617
2.448645
1.972719
2.576193
2.157027
1.895065
2.226403
2.147381
1.962876
2.778412
1.815064
1.539831
2.945356
2.264673
2.294044
2.174516
1.863022
2.009108
2.628684
2.125560
1.881657
1.884080
1.788329
2.244734
2.016794
1.926143
2.031007
1.975463
3.776304
2.493942
2.183609
1.976523
2.229637
2.223102
2.155242
2.653560
2.146433
1.922297
2.743120
2.150374
2.245832
2.162637
2.166145
2.235122
1.922837
1.963915
2.284260
2.707905
2.656425
3.078193
2.136704
2.164565
2.125700
2.444766
2.171917
2.053851
2.545619
1.763235
2.224491
2.000081
2.044175
1.925495
1.810540
2.067633
1.992858
1.876747
2.342140
2.218688
2.252505
1.517290
1.697985
2.162408
2.143754
3.716598
2.306039
1.936463
2.004748
2.089532
2.210729
2.302647
2.097991
2.354309
2.169489
2.074646
1.969962
2.185894
2.176769
2.144499
2.401451
2.684302
2.146572
1.999190
1.946524
2.112787
2.278367
2.074033
2.123286
2.038334
1.674210
2.228783
2.316778
2.245710
2.516505
2.648548
2.429986
2.535684
2.670264
1.836142
2.130800
1.853502
2.301669
1.998033
1.873902
2.758956
2.194835
2.566473
1.624196
2.712984
2.695334
2.753098
2.564475
2.163404
2.044351
2.411282
2.280619
2.183533
1.948358
2.280363
2.729651
2.948280
2.230644
2.053240
1.869569
1.941399
2.161891
2.003309
1.866146
2.258780
2.536463
1.985042
2.734140
2.081047
1.738047
2.398478
2.124474
2.276757
2.076443
1.774535
2.175815
2.097852
1.982783
1.998796
2.867954
2.036585
2.124020
2.227973
3.788585
2.587113
2.605930
2.139858
2.269302
2.178051
2.502222
2.674939
2.125912
1.988132
2.075651
3.843105
1.952523
2.100655
2.150535
2.009813
2.049530
2.359878
2.162249
2.078117
2.304621
2.273477
2.305373
2.106623
1.950722
2.211693
2.304060
2.103863
2.184142
2.056283
1.853487
2.274548
1.954947
2.188927
1.877188
2.328163
2.110817
2.498485
1.799815
2.230203
1.834696
1.705525
1.876091
1.734063
2.243792
2.151758
2.960253
1.974607
2.130592
1.838041
2.482518
2.446853
2.591039
2.781089
2.729779
2.552225
2.564799
3.228028
2.441215
2.277732
2.074012
2.005154
1.991874
1.987655
1.962147
2.141216
1.914646
2.200772
1.926706
2.134573
1.812918
1.906079
2.228977
1.579496
2.072266
2.622895
2.779638
2.211826
2.843886
1.897649
2.173122
2.065838
2.124708
2.391684
2.267646
2.398211
2.183483
2.394055
2.328231
2.420964
2.627662
2.256099
2.047404
1.976832
1.904206
2.105912
2.443202
2.745049
2.288963
2.129153
2.384262
2.160110
2.041454
2.387521
2.211712
2.174448
2.282842
2.003423
1.824042
2.801960
2.696614
2.705599
2.297205
2.011285
2.051648
1.891053
2.662057
2.661596
2.039949
1.803365
1.717956
1.831349
1.677174
2.287684
1.808776
1.883800
1.942595
2.452063
2.667266
2.441491
2.873164
3.382240
2.000435
1.929020
1.765860
2.261817
1.750308
1.768371
2.462284
2.645956
2.064899
2.122692
1.965875
2.016633
2.559445
1.593084
1.978509
2.079585
2.245057
2.002610
2.383887
1.993057
2.115165
2.368481
1.748758
1.856073
2.402884
2.012039
1.819962
2.344252
2.261960
2.307400
2.354667
1.958601
2.022121
2.208101
2.204309
1.865459
2.319395
2.081323
2.484136
2.204411
2.026534
1.676715
2.187567
2.473296
2.001359
1.931227
1.884849
1.865911
2.151681
2.615661
2.028707
2.217372
2.119614
2.675352
1.771857
2.183517
1.860006
2.468557
1.969927
1.924601
1.913445
2.144339
1.927568
1.939669
1.886176
2.015497
2.096522
1.843789
1.930816
2.128760
2.211462
2.096461
2.201703
1.980021
2.973830
2.121372
2.111198
1.758458
1.927825
2.204622
2.086548
2.110391
1.814378
2.661313
2.067108
2.108183
3.780072
2.756150
2.360345
2.415690
2.398576
2.897320
1.914280
2.028982
2.107637
2.260832
2.249664
1.765819
1.682958
1.829816
1.836018
2.527153
2.070336
2.527515
2.401647
2.100348
1.752273
2.075997
2.552079
2.236200
2.273873
2.061056
1.838258
1.921973
2.867336
3.631435
2.128307
1.961910
2.160220
1.927492
1.910539
1.919668
2.536033
2.823974
2.014923
2.094931
2.841299
2.418813
2.317569
2.186645
2.124393
3.346836
2.342078
2.231779
2.116030
2.048269
2.061302
2.785061
2.208213
2.137388
3.042995
2.333243
2.255425
1.934530
3.406858
2.923883
2.218100
2.121484
2.050640
2.036129
1.794923
1.575864
1.758685
1.929503
3.531341
2.346440
2.636947
2.219108
1.832903
2.087568
2.383143
2.050914
2.211656
2.355713
2.274880
2.307011
2.068214
2.070966
1.973136
2.440982
2.462631
2.505522
2.017625
2.932373
1.790102
1.820532
1.857602
1.991010
1.952993
2.054987
2.256923
2.076011
2.052498
1.893127
2.141703
1.969526
2.421688
2.164923
1.976478
2.687042
1.831707
2.123694
1.964622
2.155336
2.425410
2.361209
2.360770
2.370636
1.944089
2.066823
2.073368
2.191918
2.275341
2.149008
2.411714
3.175766
2.711901
2.433108
2.147589
1.714763
2.511799
2.198018
1.910024
1.956084
1.832712
1.693802
1.806969
2.633512
2.219218
2.361464
2.076710
2.015763
2.354685
2.131608
2.414705
2.688577
2.082304
2.030193
2.012600
2.196897
2.580638
1.965949
1.982877
1.966271
2.443840
1.855596
1.795079
1.822009
2.512724
2.413756
2.432372
2.318306
2.178725
1.704745
2.434815
2.003858
1.769365
2.197306
2.914462
2.165549
2.314021
2.046896
1.900401
2.365751
2.068581
2.022748
2.045295
2.593242
2.358420
2.110277
2.258518
2.065425
2.458652
2.333491
3.305905
2.199077
2.143391
2.293286
1.968313
2.178968
1.839862
2.299257
1.921706
2.058010
1.759043
2.570627
1.617931
1.599014
2.207619
2.224497
1.968406
1.820225
1.615966
2.233711
3.189089
2.478047
2.492521
2.738494
2.703849
2.509361
2.287010
2.486783
2.549981
3.182425
2.720698
2.177094
2.228045
2.085630
2.222081
2.150089
2.047812
1.846150
2.440666
2.152847
1.971418
1.923109
1.930406
2.936869
2.393040
1.589359
2.700908
2.336198
2.012442
1.855144
3.054830
2.346569
2.297411
1.988151
2.421757
2.001057
1.601414
2.589162
2.228337
2.213726
2.156266
1.927149
1.966797
2.154469
2.452977
2.055362
1.858449
1.774965
2.102722
2.058017
2.315423
2.330244
2.548125
1.999009
2.005647
2.352041
1.955866
1.903638
2.350140
3.038563
4.386694
2.621590
3.518315
2.897867
2.570698
2.558848
2.570984
3.559947
2.636583
2.697128
2.580411
2.196105
1.942249
2.027333
1.884338
1.977287
2.325975
2.444128
2.334544
2.277668
2.784541
2.902482
2.148439
2.174690
1.912305
2.094977
1.950801
2.052649
2.021430
2.550442
2.161789
2.848719
2.140195
2.115009
1.735391
2.309673
2.336429
2.021215
2.340979
4.345128
2.163453
2.333040
2.165637
2.112914
2.106493
2.076738
1.913996
2.016696
1.958459
1.889187
2.048793
2.000844
1.840277
2.131553
2.172468
2.228951
2.486677
2.067622
2.621949
2.504621
3.345036
2.305741
2.059078
2.218784
2.143497
2.050608
1.993178
2.076199
2.197382
1.942346
2.195767
2.453854
1.815954
2.349765
1.939312
2.050797
1.932965
3.169260
2.194951
2.105051
1.929118
2.604210
2.058028
2.022860
1.974761
2.156837
1.837867
2.097254
2.337825
2.390087
2.155468
2.165965
2.180302
2.084289
2.232401
2.414466
2.025007
2.415245
2.404555
1.934223
2.592973
2.261740
2.273293
3.020281
3.166831
2.307302
2.108069
2.013222
2.305594
1.904452
3.663395
2.057340
1.967994
2.057988
1.956951
2.334022
1.826221
1.618231
2.533535
2.270280
2.143995
2.110114
3.490366
2.635573
2.199748
2.157877
2.173768
1.977978
2.385284
2.166894
2.061502
2.156814
1.865715
1.865388
1.899204
2.314182
2.247415
2.348225
2.477832
2.115566
2.703874
2.583563
2.031304
1.907724
1.966849
2.452619
2.529104
2.062531
2.031024
1.880237
1.867914
2.425333
2.261965
2.041534
1.748182
1.860705
2.905381
2.284628
1.830166
1.718445
2.225489
2.219713
2.098038
1.600606
1.896195
2.701838
2.499311
2.287335
2.048142
2.459239
1.957551
2.472084
2.500511
1.962875
2.251958
2.295364
2.416206
2.282017
2.103632
2.068727
2.717635
2.537853
2.877778
1.984974
1.916086
2.031241
2.413585
2.477365
2.658576
2.912200
2.324495
2.387191
2.206100
2.273328
2.180673
2.050296
1.965490
2.660439
2.063101
2.030406
2.062709
1.832670
2.001162
1.954002
2.380372
2.579276
2.753804
1.763396
2.026022
2.057137
2.856409
2.180744
2.290187
1.819298
1.713979
2.062911
2.245865
2.269011
1.864099
1.791760
2.292817
1.753548
1.629352
3.029823
2.457252
1.946606
2.314965
2.069884
2.223284
2.080285
1.848263
2.198047
2.165957
2.154223
2.150119
2.708749
2.265329
2.024516
2.156798
1.991204
1.790428
2.609666
1.809886
2.384685
3.048857
2.575983
2.127486
2.064391
1.880014
2.269625
2.107738
2.153261
1.966613
1.992852
2.999730
2.158001
2.348150
1.800026
2.147925
2.386550
2.084103
2.791498
2.051912
1.883025
1.968047
2.688652
2.635787
2.291947
1.924828
2.062518
1.992805
2.496344
1.767374
2.863234
1.888842
1.910602
2.119666
2.152958
1.989742
3.176844
2.332993
2.280076
1.954961
2.029321
2.131741
2.294590
1.880449
2.848855
1.828561
1.608983
2.407976
1.840738
2.305906
2.550912
2.263585
2.382144
1.785335
2.247940
2.427985
2.568162
2.591901
2.086407
1.910010
2.091399
2.136180
2.030014
2.263561
2.052203
2.413230
2.435800
2.156082
1.860584
1.712971
2.256969
2.847274
2.213565
2.016815
2.097074
1.939359
1.980016
1.736786
2.058075
1.862074
2.073671
