2.273008
2.223299
1.818491
1.426427
1.939976
1.468163
1.781129
1.448837
1.609653
1.436110
1.005473
1.760113
1.489310
1.636683
1.348291
0.947249
1.123675
1.282629
1.920159
1.614566
1.282738
1.737024
1.583289
1.658061
1.566666
1.404098
1.225713
0.896112
0.995562
1.180889
1.030486
1.239392
0.957186
1.717077
1.528713
1.155317
0.835651
0.881574
0.627480
0.920432
1.207578
0.814852
0.535906
0.520192
0.730116
0.296766
0.316918
0.668908
0.339037
0.462800
1.495788
1.085125
1.457614
0.644025
0.414425
0.686703
0.468771
0.535082
0.315293
0.567988
0.996001
1.325081
0.556606
0.503077
0.421743
0.445331
0.398817
0.457690
1.061062
1.312689
0.724245
0.647543
0.482514
0.248157
0.465626
0.460020
0.471235
0.618263
0.451641
0.732720
1.600784
0.644953
0.601732
0.513649
0.485302
0.490896
0.249639
0.609066
0.621858
0.589954
0.474871
0.379915
0.467892
0.381580
0.326449
0.263634
0.197899
0.276911
0.358924
0.542812
1.255411
2.409024
1.426533
1.214565
0.772866
0.494840
0.365097
0.464020
0.247357
0.294234
0.521553
0.440391
0.929546
0.778079
0.346896
0.235840
0.168572
0.252596
0.296356
0.103216
0.270829
0.224493
0.426875
0.141192
0.428351
0.979130
0.835191
0.599978
0.461341
0.289520
0.353696
0.463370
1.343844
1.195018
0.797089
0.509289
0.592995
0.482354
0.173015
0.245017
0.124375
0.279767
0.261570
0.245989
0.268854
0.156893
0.433821
0.346103
0.171007
0.171242
0.310668
0.337124
0.413205
0.333847
0.408853
0.154026
0.417778
0.579239
1.535991
0.557467
0.653733
0.404641
0.275977
0.252797
0.268566
0.282680
0.182120
0.249627
0.265894
0.361876
0.464269
0.540536
0.328869
0.215075
0.324116
0.282144
0.558502
0.296683
0.355768
0.236634
0.321803
0.286177
0.314742
0.120167
0.169634
0.471330
0.240466
0.244501
0.209078
0.194145
0.559248
0.610212
0.629683
0.247134
0.158315
0.349397
0.269482
0.336719
0.318513
0.400147
0.437960
0.528260
0.221601
0.146463
0.231393
0.217231
0.185517
0.261477
0.342639
0.399212
0.561274
0.290846
0.223939
0.292722
0.157663
0.490010
0.871995
1.723018
2.045943
1.739840
1.127077
0.687897
0.329893
0.655146
0.268030
0.385572
0.479887
0.345185
0.235416
0.183602
0.484820
0.220837
0.387720
0.228207
0.211589
0.215032
0.273299
0.184154
0.277390
0.208823
0.512381
0.279906
0.211216
0.431060
0.257652
0.211491
0.226166
0.178327
0.347524
0.418594
0.285069
0.425632
1.067377
2.192298
1.289975
1.163531
1.078014
0.773213
0.699446
0.670417
0.219395
0.281496
0.410939
0.389618
0.415593
0.259178
0.243102
0.191849
0.160632
0.348358
0.281770
0.349312
0.432665
0.652200
1.073356
0.411472
0.326418
0.347831
0.217912
0.433437
0.507376
0.448220
0.284722
0.389507
0.364376
0.229969
0.272618
0.474698
2.194292
2.006752
1.570715
1.319644
1.400012
1.281239
1.224087
0.891271
1.297217
1.266300
0.809278
1.107588
0.837258
0.818999
0.649788
0.351850
0.590742
0.450145
0.191847
0.433919
0.427010
0.372990
0.398507
0.307987
0.321798
0.108592
0.242069
0.251949
0.447669
0.577443
0.264454
0.510405
0.450708
0.330226
0.262734
0.309595
0.139616
0.269294
0.310671
0.136456
0.206225
0.124010
0.194336
0.202641
0.326367
0.749277
2.301682
1.608468
0.984974
1.136223
0.603626
0.439533
0.451967
0.427823
0.400087
0.548779
0.217001
0.388457
0.122702
0.181123
0.396348
0.101094
0.186909
0.271113
0.196673
0.208101
0.193015
0.392099
0.652322
0.521867
0.521872
0.172473
0.173030
0.302772
0.371544
0.169638
0.158958
0.204922
0.265675
0.302988
0.250692
0.248709
0.741419
2.953646
1.814966
1.196593
0.641234
1.001704
0.472548
0.757779
0.476765
0.483610
0.912171
0.480964
0.316901
0.307791
0.252456
0.267125
0.134760
0.394906
0.150264
0.361239
0.180156
0.136428
0.475811
0.315123
0.204701
0.473924
1.912364
1.619226
0.961642
0.678117
0.856788
0.705339
0.712272
0.530113
0.471945
0.319678
0.673924
0.235311
0.272371
0.334927
0.202922
0.202793
0.195688
0.160640
0.261562
0.159015
0.431478
0.505021
1.223920
2.116345
2.919030
1.713850
1.250244
1.091057
0.844626
0.520724
0.295273
0.448179
0.282587
0.253075
0.356371
0.355097
0.305647
0.259251
0.454798
0.630849
0.599557
0.286683
0.245105
0.232612
0.277824
0.167582
0.199186
0.220509
0.147339
0.444670
0.432495
0.253167
0.163642
0.229764
0.386446
0.161743
0.233692
0.268620
0.240008
0.228213
0.374652
0.313179
0.243060
0.532034
0.768789
0.610216
0.257060
0.278782
0.188402
0.417894
0.317862
0.325091
0.232032
0.649030
1.399518
1.627482
0.946810
0.524356
0.342590
0.252784
0.323214
0.525966
0.638449
0.439179
0.361200
0.187855
0.312932
0.316596
0.188987
0.221636
0.160307
0.569250
0.315413
0.253213
0.152618
0.175648
0.543491
0.787607
0.732909
0.361513
0.198233
0.210598
0.216029
0.350751
0.091154
0.309395
0.229289
0.209458
0.231339
0.131648
0.365520
0.172439
0.095600
0.178908
0.165748
0.149585
0.220664
0.180475
0.174818
0.364733
0.275903
0.237387
0.155356
0.265336
0.340301
0.319719
0.570863
0.589054
0.807518
0.316758
0.421211
0.173138
0.328011
0.178303
0.261637
0.137509
0.297000
0.373233
0.253161
0.320340
0.159932
0.239914
0.236759
0.321090
0.253584
0.150117
0.136857
0.143330
0.289920
0.302809
0.259956
0.168497
0.218438
0.318081
0.237221
0.670861
1.778065
1.593998
1.021083
1.079449
0.691439
0.667597
0.562252
0.460563
0.696906
0.660447
0.337024
0.279696
0.350866
0.343900
0.275146
0.409684
0.314748
0.214877
0.311073
0.268457
0.368795
0.442769
0.340731
0.266027
0.391450
0.807938
0.850193
0.493628
0.385941
0.232844
0.352721
0.517737
0.427511
0.561786
0.236703
0.233212
0.245028
0.384151
0.245583
0.391797
0.323565
0.224367
0.254808
0.555372
0.643987
0.358550
0.486354
0.159894
0.216594
0.298967
0.505165
0.519056
0.417217
0.253431
0.288516
0.111247
0.276882
0.437125
0.244044
0.112545
0.289247
0.371892
0.109648
0.156092
0.333836
0.152195
0.113789
0.308359
0.126856
0.295430
0.266897
0.332988
0.350300
0.239262
0.141038
0.111851
0.213690
0.309726
0.608977
0.688323
0.262415
0.280708
0.234115
0.153975
0.191142
0.153929
0.334849
0.201945
0.172513
0.289092
0.223722
0.297728
0.150494
0.287034
0.174327
0.231651
0.276610
0.241558
0.446820
0.585223
1.089778
0.351034
0.144805
0.210500
0.230675
0.241854
0.289104
0.060005
0.232714
0.208178
0.212577
0.297424
0.277813
0.291034
0.281433
0.346433
0.243333
0.162448
0.171237
0.396943
0.237953
0.257039
0.280004
0.356223
0.129791
0.527353
0.358392
0.260156
0.516343
0.201931
0.266955
0.186927
0.177968
0.178071
0.188458
0.351709
0.318715
0.261718
0.332822
0.303497
0.253996
0.299019
0.315976
0.369054
0.294592
0.232078
0.417322
1.312334
0.578472
0.227186
0.309244
0.305480
0.494503
0.179009
0.126983
0.151691
0.177982
0.340528
0.693804
0.400534
0.464830
0.469210
0.159952
0.282714
0.273254
0.432328
0.269276
0.182590
0.258158
0.324902
0.304703
0.204146
0.264510
0.353171
0.468682
0.585933
0.359375
0.331769
0.411273
0.200207
0.376041
0.231512
0.393529
0.242351
0.264504
0.081601
0.168069
0.165393
0.383764
0.457178
0.248876
0.189306
0.195823
0.234564
0.198100
0.212262
0.313581
0.254906
0.260081
0.265842
0.433004
0.196938
0.288561
0.451938
0.837997
1.389723
3.119093
1.320323
1.214873
0.999440
0.835369
0.625952
0.596163
0.584115
0.244530
0.304418
0.418171
0.285414
0.191708
0.310018
0.373789
0.336177
0.333788
0.267782
0.124427
0.153203
0.353738
0.372812
0.405707
0.314963
0.430340
0.434515
0.340203
0.132269
0.292607
0.113400
0.243846
0.236260
0.823316
0.340220
0.376168
0.297118
0.278491
0.339397
0.172071
0.174113
0.261949
0.176953
0.477592
0.296724
0.202375
0.197004
0.230464
0.113850
0.223716
0.316822
0.170538
0.230801
0.262053
0.279660
0.228297
0.245119
0.253570
0.186132
0.330898
0.461568
0.190078
0.271917
0.211288
0.293804
0.276401
0.297730
0.354290
0.268078
0.371816
0.283836
0.439252
0.192229
0.184770
0.319504
0.198047
0.558313
1.363544
1.537311
1.513401
0.914813
0.577667
0.325826
0.484573
0.288591
0.397570
0.211395
0.279101
0.251050
0.370367
0.169953
0.373603
0.210920
0.206983
0.418424
0.339199
0.192160
0.209293
0.215161
0.088034
0.410432
0.273425
0.232848
0.213572
0.147583
0.294398
0.273131
0.080202
0.154204
0.299053
0.693953
0.781598
0.321195
0.307078
0.242351
0.252964
0.295973
0.129479
0.183822
0.237757
0.140303
0.131598
0.078959
0.158560
0.301823
0.157528
0.180370
0.311938
0.602142
0.332746
0.424116
0.500951
0.746433
0.913455
0.674715
0.563073
0.278774
0.455304
0.351900
0.240682
0.207327
0.197653
0.275823
0.233072
0.222479
0.182517
0.169751
0.200560
0.156276
0.276845
0.430697
0.543552
0.623246
0.507667
0.386293
0.429907
0.290967
0.166740
0.193245
0.109737
0.317870
0.203376
0.214375
0.136940
0.229653
0.327317
0.192785
0.354920
0.101337
0.262645
0.322084
0.407396
0.227275
0.181037
0.181134
0.170368
0.244455
0.131451
0.227521
0.232160
0.260794
0.249712
0.352607
0.371691
0.720984
0.570498
0.462291
0.243869
0.060396
0.226646
0.277828
0.160935
0.395462
0.332036
0.128415
0.357062
0.643890
0.401413
0.185997
0.356215
0.340004
0.370223
0.401482
0.207011
0.301787
0.249627
0.415323
0.271394
0.280724
0.248352
0.292300
0.291858
0.372113
0.288817
0.314967
0.390136
0.321232
0.314282
0.259321
0.134687
0.177400
0.220412
0.186228
0.338191
0.628190
0.294593
0.273673
0.171720
0.186075
0.326120
0.422871
0.566127
0.379268
0.396560
0.349023
0.210130
0.349319
0.158293
0.201882
0.291111
0.234884
0.299738
0.164209
0.354096
0.128281
0.131086
0.158185
0.166448
0.317071
1.117831
1.757262
0.692030
0.443869
0.354172
0.363095
0.314045
0.278203
0.297525
0.337618
0.227632
0.206499
0.511752
0.099951
0.303818
0.241296
0.202138
0.139210
0.161960
0.199509
0.502517
0.393713
0.254219
0.206953
0.255319
0.185062
0.191630
0.141826
0.133707
0.377544
0.319604
0.173138
0.264404
0.430224
0.677865
0.636581
0.322274
0.399238
0.246065
0.258441
0.161319
0.344728
0.283167
0.218925
0.233438
0.181889
0.104832
0.176992
0.348471
0.643179
1.692577
1.410214
0.733279
0.390615
0.236090
0.183531
0.226097
0.229587
0.199971
0.334697
0.232528
0.194318
0.237213
0.167768
0.155714
0.276809
0.284183
0.215538
0.176919
0.322793
0.201644
0.100283
0.299431
0.333594
0.257105
0.360282
0.344091
0.193033
0.175003
0.233670
0.231079
0.237205
0.254292
0.213835
0.216864
0.057937
0.106839
0.144552
0.181943
0.209748
0.361658
0.359783
0.226167
0.118873
0.240416
0.208775
0.278131
0.179633
0.305477
0.175274
0.251347
0.352728
0.209973
0.555018
0.328715
0.387753
0.399775
0.224400
0.213625
0.519733
0.524660
0.633513
1.467112
1.112377
0.625473
0.358804
0.205604
0.291025
0.302876
0.140801
0.277856
0.533106
0.628199
0.492467
0.152312
0.443679
0.334797
0.338329
0.337149
0.399211
0.228729
0.195614
0.341522
0.312711
0.137190
0.207104
0.335127
0.462078
0.152530
0.297067
0.295687
0.494011
0.118280
0.255650
0.087678
0.377645
0.403890
0.528672
0.499349
0.296008
0.217344
0.210327
0.262629
0.215406
0.168197
0.208748
0.102459
0.150451
0.311092
0.166299
0.468143
0.185507
0.116459
0.237126
0.134531
0.216120
0.367769
0.343910
0.179896
0.152821
0.139559
0.183462
0.206368
0.204477
0.356696
0.303018
0.774160
0.579184
0.366208
0.324345
0.230739
0.199194
0.345685
0.338192
0.221454
0.203123
0.207061
0.310391
0.152917
0.291273
0.241127
0.250535
0.472667
0.263335
0.338132
0.277367
0.404612
0.764091
1.085809
0.504033
0.218936
0.212884
0.144676
0.301877
0.154676
0.178407
0.250066
0.546010
0.431319
0.223297
0.418832
0.260328
0.181794
0.205542
0.358899
0.164754
0.191941
0.274768
0.181322
0.349403
0.509627
0.752099
0.263529
0.265010
0.219153
0.199974
0.167702
0.249694
0.367403
0.381105
0.718841
1.016185
0.285545
0.213447
0.301645
0.298769
0.203196
0.157083
0.258477
0.270747
0.181133
0.143600
0.196795
0.251735
0.268875
0.264559
0.273520
0.239592
0.126379
0.370922
0.514266
0.723862
0.390565
0.126126
0.194631
0.319354
0.298441
0.240270
0.324534
0.446167
0.254810
0.203556
0.289051
0.271251
0.143990
0.345161
0.315509
0.284658
0.240464
0.257937
0.132065
0.161416
0.180463
0.142312
0.129428
0.222126
0.234097
0.373650
0.525810
1.168198
1.006158
1.252705
0.928149
0.660188
0.303725
0.383719
0.274514
0.423848
0.261815
0.202569
0.351555
0.241905
0.287537
0.460131
0.271226
0.123587
0.440638
0.270369
0.217441
0.095887
0.143336
0.234007
0.246813
0.135690
0.242009
0.370333
0.120174
0.265242
0.092633
0.301245
0.567557
0.857881
0.320104
0.201107
0.131061
0.208978
0.340286
0.138519
0.110779
0.100050
0.193721
0.195506
0.141895
0.173035
0.283843
0.159773
0.144028
0.309475
0.440318
0.479897
0.235651
0.233016
0.138177
0.258881
0.294138
0.202753
0.352833
0.248223
0.073074
0.105200
0.126849
0.339677
0.418245
0.206462
0.370722
0.144643
0.189845
0.381378
0.400770
0.116363
0.380326
0.183423
0.450901
0.306398
0.452131
0.145858
0.303182
0.418512
0.336798
0.157107
0.265341
0.214900
0.197995
0.131499
0.141719
0.089172
0.221772
0.228621
0.390842
0.693730
1.575704
0.987100
0.851858
0.458131
0.387890
0.345536
0.387136
0.244759
0.217226
0.175566
0.182311
0.166214
0.217633
0.221153
0.368996
0.265642
0.365583
0.750484
0.422051
0.466752
0.301695
0.147740
0.240788
0.257515
0.179862
0.283425
0.316067
0.191034
0.109889
0.261092
0.234885
0.334970
0.209519
0.422665
0.343657
0.243779
0.176102
0.424891
0.337530
0.406397
0.167239
0.100291
0.178254
0.468465
0.534469
0.576703
0.660257
0.298846
0.232929
0.240216
0.271063
0.190253
0.121619
0.264185
0.217548
0.594409
0.197232
0.210069
0.347463
0.095054
0.241484
0.410145
0.287874
0.277989
0.204510
0.332083
0.266170
0.127406
0.110113
0.189436
0.227042
0.391946
0.187553
0.096082
0.079754
0.220057
0.169153
0.372719
0.315767
0.257868
0.234115
0.273603
0.194366
0.203787
0.270156
0.074255
0.410771
0.285339
0.548280
0.395357
0.359049
0.301533
0.473929
0.633787
1.677419
1.913832
1.371390
1.007813
0.565802
0.643314
0.376034
0.457259
0.342093
0.422543
0.256723
0.304904
0.357927
0.288187
0.170875
0.418966
0.319384
0.162959
0.307664
0.328043
0.320661
0.284764
0.203319
0.251302
0.309330
0.131591
0.255398
0.320857
0.204311
0.128529
0.240292
0.102850
0.175032
0.192972
0.224140
0.338373
0.391293
0.195413
0.277134
0.111660
0.181777
0.154326
0.094600
0.233475
0.130282
0.336791
0.189224
0.403957
0.573398
0.614502
0.790992
0.714025
0.721173
0.190956
0.263532
0.366740
0.177890
0.264672
0.421050
0.317482
0.183748
0.192032
0.137549
0.258500
0.439775
0.112696
0.102624
0.241455
0.330100
0.455761
0.103515
0.169334
0.241654
0.252618
0.329029
0.438342
0.411705
0.279506
0.256541
0.249781
0.225567
0.182342
0.230545
0.087564
0.292554
0.307576
0.295295
0.371020
0.162034
0.280708
0.121746
0.194761
0.254283
0.282036
0.234947
0.232643
0.397073
0.554220
1.095422
0.418864
0.236057
0.343703
0.354288
0.194824
0.274708
0.151421
0.124522
0.140499
0.324279
0.382553
0.172589
0.314164
0.400949
0.253318
0.324870
0.270151
0.154220
0.192121
0.107402
0.064318
0.203404
0.125989
0.066042
0.271581
0.347430
0.472231
0.404528
0.150681
0.189486
0.282897
0.261792
0.231407
0.358239
0.356646
0.356263
0.247867
0.192697
0.278754
0.396751
0.133610
0.170064
0.248669
0.219839
0.278851
0.209904
0.150584
0.079650
0.212912
0.307412
0.207454
0.134871
0.155458
0.319646
0.171886
0.221810
0.188392
0.139492
0.253981
0.258892
0.478798
0.181665
0.576167
0.638367
0.244889
0.194333
0.245581
0.206315
0.195539
0.190106
0.143934
0.363174
0.223632
0.120464
0.199088
0.415661
0.160654
0.237561
0.138427
0.109967
0.100187
0.324687
0.758964
0.522862
0.225349
0.289704
0.375679
0.250353
0.228890
0.177831
0.394836
0.251029
0.182667
0.206001
0.368033
0.247493
0.455599
0.644869
0.848369
0.769195
0.908696
0.586151
0.240516
0.391988
0.493634
0.268449
0.283013
0.390274
0.272920
0.390704
0.232600
0.128625
0.246699
0.176854
0.218797
0.172569
0.117852
0.235035
0.143540
0.262912
0.282364
0.099603
0.237888
0.211366
0.246847
0.253982
0.214288
0.245868
0.452836
0.416170
0.366996
0.270825
0.333371
0.203776
0.187891
0.158136
0.119775
0.357666
0.366587
0.520399
0.336236
0.249560
0.243568
0.534512
0.213780
0.147479
0.186161
0.354454
0.230090
0.229937
0.314488
0.522952
0.393182
0.355582
0.212372
0.250524
0.143261
0.144286
0.298651
0.282028
0.245924
0.188225
0.248208
0.117403
0.205513
0.079899
0.139919
0.194215
0.141043
0.159369
0.402335
0.386961
0.697956
0.169157
0.271767
0.070604
0.241128
0.313178
0.239257
0.250770
0.331031
0.584610
0.492231
0.428031
0.361994
0.263469
0.178149
0.363644
0.301493
0.349834
0.357404
0.395435
0.490732
1.062669
0.552849
0.436417
0.193068
0.173927
0.384810
0.185715
0.185884
0.209043
0.271753
0.356573
0.396230
0.315325
0.389355
0.422932
0.398382
0.339121
0.318339
0.290263
0.249330
0.336038
0.189718
0.176191
0.115222
0.135327
0.188478
0.299695
0.411742
0.154832
0.318790
0.262184
0.263815
0.196338
0.414987
0.185491
0.191382
0.348114
0.200852
0.205072
0.379968
0.253592
0.214778
0.219858
0.256211
0.483369
0.330290
0.267722
0.238089
0.244059
0.184968
0.444156
0.176725
0.160995
0.149367
0.078409
0.230791
0.349883
0.162433
0.456057
0.290010
0.313906
0.155786
0.194696
0.212530
0.598033
0.389574
0.406240
0.247525
0.150589
0.477185
0.687493
0.580115
0.161556
0.261259
0.407759
0.334508
0.194336
0.215309
0.155766
0.292942
0.273162
0.356621
0.288695
0.155270
0.141646
0.061490
0.096585
0.158682
0.282931
0.131733
0.170883
0.083264
0.315874
0.323039
0.488171
0.248379
0.461149
0.301531
0.373694
0.309782
0.345995
0.266024
0.331999
0.279837
0.157533
0.391480
0.526676
1.054441
0.734524
0.311586
0.354317
0.249569
0.273275
0.327894
0.168081
0.168639
0.272657
0.530501
0.787723
0.282722
0.274467
0.305933
0.197413
0.124732
0.182767
0.285810
0.508963
0.253580
0.184661
0.336646
0.226486
0.199594
0.273178
0.125945
0.084247
0.266175
0.249832
0.225918
0.131032
0.098716
0.279206
1.128070
1.465905
1.383435
1.090711
0.663025
0.281649
0.442484
0.464830
0.453269
0.231324
0.205850
0.400935
0.258082
0.160567
0.173125
0.271719
0.160121
0.138563
0.341760
0.355729
0.227995
0.178828
0.190636
0.245524
0.328518
0.125956
0.261274
0.247861
0.307362
0.258190
0.432685
0.788942
0.283385
0.249528
0.354818
0.427556
0.214583
0.255483
0.145867
0.273790
0.330138
0.233559
0.167994
0.162546
0.147622
0.143737
0.146762
0.258914
0.392234
0.110689
0.327576
0.179974
0.099747
0.165241
0.309941
0.135670
0.109637
0.148509
0.454184
0.361226
0.673129
1.606410
0.557493
0.162823
0.162114
0.105528
0.252183
0.203817
0.147460
0.181714
0.211327
0.207347
0.151690
0.190627
0.270152
0.148336
0.316232
0.305085
0.318833
0.306609
0.200329
0.247881
0.390015
0.410273
0.308445
0.180574
0.245402
0.176913
0.193432
0.461270
0.450862
0.351788
0.286782
0.145582
0.384723
0.159461
0.106989
0.181433
0.200718
0.171230
0.144325
0.138263
0.148380
0.577105
0.272996
0.288934
0.349427
0.298467
0.462490
0.529844
0.503549
0.166934
0.174828
0.409920
0.203788
0.371293
0.146084
0.166482
0.240290
0.165004
0.245474
0.186946
0.170392
0.134512
0.478583
0.350285
0.170643
0.201678
0.184518
0.169287
0.213815
0.309679
0.277478
0.214898
0.368490
0.403159
0.270782
0.177017
0.239372
0.246130
0.318521
0.117696
0.260304
0.276579
0.370881
0.369656
0.403650
0.221208
0.122570
0.344214
0.187944
0.128087
0.103556
0.137647
0.223153
0.311656
0.373637
0.402261
0.314278
0.254538
0.295232
0.394654
0.369063
0.286233
0.303939
0.173772
0.201732
0.195590
0.271449
0.547842
1.224453
1.555279
0.738035
0.701877
0.497042
0.393055
0.201885
0.282334
0.268834
0.315899
0.182797
0.315227
0.099310
0.231960
0.336403
0.289067
0.477463
0.157550
0.360472
0.129243
0.183571
0.304677
0.239894
0.245675
0.242435
0.367046
0.611938
0.835099
0.564776
0.357861
0.223599
0.310674
0.138319
0.323962
0.288379
0.262277
0.108413
0.192664
0.131062
0.242216
0.286256
0.072563
0.233161
0.167031
0.150952
0.160637
0.108864
0.231182
0.124145
0.081096
0.265857
0.364152
0.275919
0.158379
0.138574
0.172245
0.137530
0.304980
0.271700
0.229208
0.315943
0.527787
0.682848
0.602688
0.225291
0.352644
0.233992
0.175212
0.195661
0.195133
0.128399
0.095245
0.123063
0.176914
0.247237
0.284184
0.706767
0.454595
0.369642
0.203444
0.256268
0.145834
0.230051
0.435819
0.347428
0.292790
0.173157
0.277658
0.282642
0.299449
0.248626
0.346730
0.183378
0.371104
0.336714
0.250637
0.091290
0.488553
0.258697
0.207383
0.225927
0.474260
0.252100
0.308448
0.332275
0.676367
1.007175
1.183794
1.090832
0.448153
0.289298
0.107567
0.191209
0.339283
0.244354
0.172273
0.203667
0.196510
0.188274
0.337887
0.222266
0.359641
0.237688
0.263474
0.236304
0.139328
0.184770
0.185259
0.299696
0.194073
0.255906
0.266586
0.273005
0.305873
0.271710
0.281598
0.326177
0.233308
0.201134
0.276445
0.320009
0.271034
0.468887
0.625584
0.254312
0.437353
0.480373
0.835899
0.559564
0.590743
0.380396
0.375759
0.170050
0.156116
0.282789
0.313465
0.289628
0.170200
0.274246
0.167162
0.144467
0.155881
0.209949
0.183438
0.336377
0.362610
0.299827
0.191045
0.167630
0.352805
0.580660
0.335605
0.140529
0.222936
0.366401
0.221065
0.191432
0.299567
0.233428
0.166808
0.108176
0.258652
0.251309
0.148383
0.317769
0.251765
0.162166
0.144735
0.134660
0.363919
0.190638
0.240930
0.237411
0.379309
0.332187
0.179484
0.310552
0.282312
0.217041
0.148635
0.241328
0.273132
0.235767
0.265017
0.095661
0.189341
0.174823
0.363801
0.597338
0.365010
0.499998
0.308614
0.445087
0.581068
0.936427
0.457159
0.676238
0.527077
0.381501
0.287242
0.269048
0.179313
0.190859
0.287687
0.267229
0.214717
0.271867
0.167803
0.207193
0.318750
0.131541
0.205355
0.270042
0.361888
0.290770
0.251593
0.185971
0.307885
0.355337
0.299808
0.184438
0.239714
0.158580
0.252931
0.452860
0.569777
0.436870
0.233194
0.320507
0.233121
0.288484
0.415940
0.304327
0.270750
0.295002
0.330072
0.482776
0.193817
0.235872
0.173704
0.229695
0.427836
0.336386
0.334801
0.153000
0.143501
0.207770
0.054919
0.180767
0.318720
0.414180
0.338719
0.464796
0.303178
0.300782
0.200424
0.173126
0.108464
0.190478
0.231432
0.115754
0.208609
0.143391
0.308014
0.393810
0.365465
0.176387
0.218278
0.337425
0.343042
0.374754
0.122243
0.220494
0.119295
0.209058
0.260096
0.208050
0.193978
0.249670
0.385184
0.124093
0.197856
0.149066
0.197969
0.248833
0.186336
0.289384
0.192465
0.242404
0.296474
0.248524
0.139162
0.395295
0.258629
0.365669
0.377364
0.103646
0.197007
0.145687
0.240132
0.270190
0.406251
0.171418
0.101068
0.249022
0.442873
0.231005
0.205170
0.238657
0.134966
0.118278
0.282480
0.211062
0.290769
0.140582
0.447159
0.422785
0.717945
0.868528
0.766838
0.426948
0.496285
0.339393
0.228618
0.231179
0.163643
0.133848
0.176403
0.185728
0.250480
0.301509
0.172059
0.201483
0.450684
0.434662
0.254436
0.247975
0.151375
0.231126
0.163287
0.278468
0.503847
0.562315
0.592467
0.481540
0.335294
0.282633
0.175864
0.187976
0.192353
0.079134
0.216535
0.094653
0.243818
0.332496
0.269956
0.254014
0.289294
0.231496
0.248356
0.163690
0.209130
0.166138
0.210281
0.262108
0.204679
0.221097
0.276483
0.436800
0.262537
0.179966
0.185804
0.104713
0.296258
0.238659
0.211994
0.270227
0.140206
0.061821
0.140307
0.332928
0.152084
0.358906
0.456814
0.778565
0.244859
0.213338
0.269684
0.147338
0.208950
0.213749
0.309948
0.176803
0.150114
0.307274
0.186374
0.296432
0.363084
0.262658
0.109508
0.134673
0.296157
0.219305
0.161126
0.156868
0.190410
0.560113
0.690244
1.368050
0.684871
0.538329
0.359232
0.298038
0.286516
0.122217
0.259556
0.117407
0.197278
0.236956
0.304799
0.332446
0.121904
0.262814
0.345711
0.743260
0.979899
0.920909
0.362222
0.392796
0.297588
0.305399
0.208272
0.121529
0.260720
0.476774
0.493982
0.540306
0.350800
0.393802
0.268565
0.370028
0.126250
0.237840
0.237021
0.373366
0.249826
0.194234
0.296149
0.277969
0.320838
0.248803
0.136472
0.171981
0.274245
0.184692
0.222927
0.123744
0.233179
0.323213
0.273522
0.579102
0.179604
0.122469
0.315267
0.269709
0.129008
0.148277
0.386372
0.334714
0.413076
0.398498
0.212313
0.133533
0.314653
0.137215
0.220379
0.374801
0.128115
0.328825
0.269773
0.293197
0.243083
0.265203
0.155490
0.291891
0.095984
0.321393
0.437800
0.768764
0.549813
0.282896
0.276823
0.351924
0.572719
0.191161
0.260259
0.283950
0.205900
0.262521
0.238839
0.300986
0.312486
0.307100
0.291678
0.278864
0.151541
0.230425
0.171418
0.328521
0.243620
0.216297
0.175300
0.188795
0.141920
0.454411
0.200568
0.124356
0.207194
0.218152
0.248942
0.262208
0.271279
0.283372
0.179176
0.176511
0.439814
0.353525
0.347923
0.404922
0.156267
0.064602
0.107486
0.305715
0.140213
0.382168
0.182437
0.232515
0.160916
0.211808
0.491241
1.320129
1.713684
0.805295
0.626850
0.415412
0.268098
0.146509
0.325379
0.276628
0.205564
0.125648
0.419333
0.282947
0.248997
0.220038
0.251501
0.262059
0.243947
0.200757
0.497777
0.456699
0.296324
0.189261
0.347116
0.205858
0.293475
0.146236
0.180210
0.411466
0.286440
0.227850
0.109954
0.177619
0.272146
0.870673
1.397364
0.353918
0.488528
0.202336
0.308185
0.290719
0.144287
0.234537
0.151770
0.265495
0.235631
0.613591
0.416534
0.379825
0.120621
0.122940
0.111035
0.132847
0.140145
0.134360
0.271396
0.215913
0.239729
0.192043
0.141524
0.065630
0.229853
0.407317
0.181048
0.207857
0.322350
0.336098
0.385068
0.238950
0.166688
0.243243
0.169642
0.141418
0.211302
0.163143
0.374801
0.358017
0.785707
0.952733
0.203385
0.219774
0.175344
0.262685
0.253753
0.251279
0.323722
0.171186
0.196169
0.238372
0.316589
0.393405
0.122920
0.209728
0.199295
0.394352
0.272494
0.180290
0.241753
0.413364
0.378832
0.482417
0.483437
0.444582
0.242562
0.139184
0.150947
0.188651
0.166785
0.172185
0.202771
0.135065
0.383163
0.139293
0.136722
0.520095
0.308501
0.193605
0.112464
0.238328
0.271194
0.534379
0.243353
0.445343
0.708508
0.689838
0.534932
0.586055
0.585239
0.506452
0.174531
0.310895
0.275178
0.258961
0.162118
0.329650
0.366684
0.224580
0.307864
0.304878
0.393029
0.701986
0.706139
0.485082
0.253535
0.298863
0.187110
0.372277
0.402217
0.090332
0.134607
0.327549
0.195922
0.119707
0.248724
0.235307
0.282312
0.252783
0.365026
0.192731
0.370504
0.403018
0.256865
0.304231
0.702338
0.810259
0.167038
0.264322
0.414219
0.131828
0.244226
0.239848
0.153949
0.216062
0.273160
0.256188
0.327852
0.181097
0.163131
0.416615
0.262578
0.117072
0.153906
0.230188
0.110228
0.257755
0.348765
0.203415
0.293221
0.327031
0.203089
0.218053
0.268025
0.410544
0.264730
0.166889
0.204240
0.415400
0.262239
0.229482
0.569662
0.750760
0.364042
0.237371
0.222338
0.273671
0.273024
0.239678
0.259570
0.291077
0.154967
0.249414
0.162260
0.160306
0.104992
0.134578
0.104780
0.384934
0.174205
0.205004
0.185644
0.175081
0.198207
0.164350
0.203536
0.179056
0.150162
0.221540
0.234394
0.173619
0.130410
0.253195
0.425749
0.266702
0.358889
0.285029
0.146139
0.264171
0.348984
0.192527
0.151473
0.315556
0.284684
0.107691
0.245230
0.386993
0.206014
0.205184
0.532638
0.465240
0.758077
0.584523
0.337087
0.251050
0.145395
0.160335
0.273708
0.236389
0.285770
0.212025
0.235551
0.175420
0.235162
0.325332
0.267696
0.248824
0.197417
0.288187
0.174022
0.525627
0.571932
0.074799
1.084948
0.805121
0.347101
0.435926
0.143358
0.228299
0.135734
0.218251
0.350732
0.222102
0.305216
0.171069
0.304070
0.187327
0.070390
0.358697
0.361099
0.292228
0.224858
0.331092
0.194969
0.230172
0.210539
0.181252
0.233945
0.253967
0.194447
0.108728
0.264139
0.116488
0.214493
0.166056
0.173217
0.257364
0.224761
0.210473
0.187789
0.181471
0.235392
0.341814
0.331263
0.254312
0.294626
0.250679
0.242191
0.244441
0.452500
0.541439
0.394247
0.306096
0.411267
0.512057
0.431123
0.116273
0.185047
0.149267
0.116934
0.319119
0.170031
0.497587
0.229624
0.287918
0.139416
0.308384
0.179944
0.121009
0.286807
0.109004
0.132953
0.203465
0.098852
0.161389
0.305136
0.139691
0.165699
0.183530
0.166494
0.170338
0.099758
0.195013
0.188811
0.254790
0.180818
0.272794
0.316342
0.575035
0.445041
0.221234
0.323303
0.131348
0.226492
0.351663
0.173451
0.242018
0.147739
0.164468
0.417087
0.470856
0.297146
0.201430
0.249284
0.469362
0.170543
0.384251
0.593131
1.447086
0.328117
0.311794
0.249026
0.391092
0.224675
0.252099
0.336182
0.237421
0.481170
0.901515
2.325335
0.935815
1.097069
0.512334
0.671742
0.656322
0.530832
0.400082
0.411293
0.225036
0.413613
0.193658
0.176893
0.397576
0.187738
0.206612
0.183871
0.162904
0.262263
0.286200
0.720203
0.286252
0.237590
0.316119
0.330253
0.288810
0.198975
0.139403
0.195215
0.196590
0.364290
0.147197
0.323357
0.230752
0.107961
0.123459
0.191666
0.331608
0.437474
0.500948
0.539609
0.155155
0.560310
0.327744
0.491913
0.396640
0.120161
0.220598
0.181386
0.196750
0.252237
0.248300
0.303112
0.311204
0.336997
0.192293
0.295920
0.442405
0.526875
0.519386
0.173087
0.137327
0.250767
0.228867
0.144092
0.332140
0.199721
0.124605
0.197527
0.152685
0.125526
0.269264
0.199463
0.394079
0.376856
0.253923
0.250508
0.353173
0.175149
0.164517
0.137982
0.097922
0.361329
0.515744
0.430712
0.245327
0.348406
0.257852
0.215582
0.161915
0.139125
0.090558
0.256947
0.216524
0.449512
0.269086
0.232601
0.287822
0.069827
0.311649
0.161933
0.163387
0.297756
0.290290
0.111171
0.338470
0.139473
0.240335
0.182295
0.271460
0.326116
0.302900
0.215261
0.136477
0.135932
0.162549
0.291456
0.248485
0.524340
1.678872
1.525886
0.834287
0.910131
0.533920
0.286583
0.494537
0.319289
0.207935
0.294069
0.099901
0.313077
0.396870
0.329568
0.308567
0.115568
0.180953
0.167749
0.134542
0.353693
0.369953
0.466093
0.385266
0.154320
0.318292
0.196474
0.131035
0.184451
0.078219
0.347833
0.210193
0.234492
0.249103
0.159706
0.187832
0.124423
0.232501
0.182164
0.299545
0.172476
0.151618
0.159222
0.616472
0.547367
0.275315
0.166344
0.275531
0.243270
0.142979
0.307371
0.296236
0.293033
0.143793
0.128766
0.333137
0.335568
0.313995
0.124547
0.269898
0.313083
0.457858
0.334401
0.168005
0.224405
0.218992
0.184530
0.300587
0.189271
0.137306
0.205982
0.167034
0.241297
0.083871
0.229631
0.421712
0.480853
0.649911
0.449608
0.362992
0.277782
0.277590
0.110000
0.301629
0.234194
0.321919
0.133537
0.183558
0.138965
0.114158
0.137901
0.247112
0.223602
0.284386
0.302211
0.339612
0.292012
0.425580
0.374522
0.199464
0.126886
0.120727
0.304002
0.294493
0.344788
0.231941
0.109041
0.164410
0.088085
0.340167
0.253626
0.161614
0.289551
0.130540
0.636055
0.284486
0.331349
0.285640
0.195243
0.163549
0.224901
0.272267
0.191445
0.229373
0.210970
0.265564
0.223834
0.135807
0.187164
0.215773
0.241933
0.376385
0.175505
0.403774
0.243493
0.248854
0.193740
0.235915
0.100533
0.276307
0.333969
0.466262
0.161211
0.109045
0.124020
0.127408
0.244992
0.289649
0.372202
1.244046
2.262760
2.015579
0.967748
0.835734
0.447451
0.507025
0.410578
0.204416
0.422794
0.339753
0.466447
0.326195
0.122111
0.214516
0.420179
0.216960
0.201957
0.221482
0.209080
0.224982
0.144554
0.157969
0.155270
0.092377
0.079409
0.159059
0.272070
0.168735
0.376183
0.219183
0.422041
0.248297
0.064206
0.238790
0.258280
0.355282
0.220877
0.260784
0.353616
0.262964
0.205852
0.192621
0.406125
0.253768
0.318035
0.343657
0.234050
0.332981
0.408565
0.539208
0.567481
0.351360
0.286840
0.245559
0.269916
0.245351
0.338615
0.262444
0.320379
0.082787
0.091746
0.144741
0.622718
0.328469
0.176891
0.191542
0.301992
0.435207
0.447176
0.489018
0.766032
0.107499
0.156111
0.244695
0.148305
0.200623
0.146694
0.275380
0.182001
0.222093
0.108499
0.374043
0.238254
0.305299
0.196311
0.156393
0.326204
0.219555
0.225764
0.239531
0.100424
0.153446
0.258493
0.291250
0.137987
0.211370
0.343968
0.337478
0.360922
0.248781
0.237606
0.540897
0.318486
0.194052
0.227995
0.351131
0.167385
0.230281
0.172894
0.164485
0.150530
0.221802
0.224508
0.245045
0.351685
0.189062
0.204553
0.261371
0.510535
0.618558
1.666690
0.583200
0.306715
0.394593
0.336533
0.331255
0.442686
0.368582
0.244668
0.087927
0.214354
0.143287
0.332100
0.207407
0.278149
0.254327
0.132485
0.269414
0.271955
0.338265
0.326395
0.209904
0.154049
0.032927
0.195351
0.312849
0.312957
0.161008
0.238835
0.258737
0.354991
0.085425
0.193399
0.246146
0.208752
0.262332
0.316808
0.357965
0.394405
0.540317
0.517731
0.288124
0.194779
0.329288
0.196617
0.231753
0.127930
0.282399
0.305835
0.665383
0.446421
0.193536
0.194221
0.220015
0.236339
0.343785
0.149586
0.190999
0.304088
0.294685
0.211629
0.464583
0.730682
0.167928
0.204165
0.210189
0.147427
0.292410
0.242731
0.252248
0.357271
0.258117
0.296287
0.400698
0.339686
0.427638
0.239507
0.145446
0.217594
0.285815
0.287614
0.441525
0.206566
0.423992
0.503233
0.268095
0.142788
0.186023
0.303223
0.174357
0.534930
0.221856
0.172087
0.291704
0.136017
0.131028
0.076488
0.084589
0.214676
0.175510
0.415335
0.297084
0.395845
0.197543
0.144607
0.425282
0.208685
0.282327
0.242041
0.191618
0.084706
0.227030
0.183316
0.233835
0.371727
0.200124
0.307235
0.100417
0.238187
0.234879
0.330134
0.485739
0.155052
0.269778
0.246668
0.280628
0.291919
0.384566
0.136995
0.206924
0.237871
0.314186
0.224612
0.233340
0.251435
0.366575
0.164291
0.263931
0.264321
0.135397
0.396766
0.587243
0.262985
0.301909
0.192917
0.190539
0.192437
0.226711
0.119755
0.467249
0.677175
1.246393
1.547505
0.673104
0.370270
0.196116
0.298944
0.346070
0.325306
0.283044
0.170050
0.221325
0.199169
0.375996
0.267006
0.161395
0.145085
0.160420
0.146968
0.168613
0.276646
0.320657
0.153829
0.276452
0.268832
0.418221
0.096535
0.340396
0.211245
0.272590
0.166624
0.220438
0.153628
0.120049
0.390728
0.384703
0.227075
0.315076
0.475223
1.245122
0.353592
0.193378
0.260026
0.547902
0.407476
0.290263
0.326194
0.180609
0.327521
0.147124
0.401953
0.244422
0.216677
0.245983
0.149486
0.147102
0.167928
0.093222
0.204302
0.163656
0.154370
0.086784
0.089267
0.190540
0.155452
0.137285
0.305278
0.292639
0.245461
0.413675
0.781032
1.484728
1.102615
0.313060
0.233249
0.262145
0.341906
0.168327
0.218947
0.170656
0.154084
0.100439
0.333616
0.162941
0.194094
0.265779
0.323747
0.600880
0.274597
0.263619
0.237248
0.506380
0.319166
0.180282
0.251999
0.190761
0.157974
0.206480
0.131392
0.181238
0.416800
0.112189
0.172771
0.216493
0.126363
0.187031
0.286320
0.324963
0.209010
0.205167
0.100446
0.211791
0.283310
0.268775
0.204325
0.312998
0.324831
0.256175
0.318561
0.173293
0.420036
0.361097
0.274478
0.539221
0.603359
0.726216
0.606793
0.279320
0.183544
0.347432
0.314206
0.214602
0.238381
0.259585
0.227979
0.277301
0.344676
1.032740
0.383647
0.273873
0.214181
0.197301
0.227946
0.232550
0.249139
0.081282
0.224172
0.289620
0.454813
0.251796
0.124271
0.220465
0.496901
0.339419
0.226872
0.512321
0.408274
0.437026
0.367743
0.230074
0.158969
0.287001
0.386255
0.186535
0.337301
0.278344
0.447405
0.430480
0.173162
0.424738
0.427690
0.255525
0.136868
0.324572
0.314323
0.144358
0.151237
0.126989
0.113981
0.181119
0.160907
0.209557
0.136966
0.161409
0.183656
0.263447
0.186814
0.167756
0.212374
0.305178
0.169739
0.171895
0.188049
0.203799
0.299921
0.489596
0.216520
0.198600
0.266997
0.113477
0.350869
0.496974
1.233246
0.879088
0.380115
0.231846
0.210641
0.179200
0.232607
0.103688
0.372075
0.266780
0.295525
0.129642
0.065991
0.244018
0.155719
0.409445
0.582942
0.162794
0.313265
0.520074
