-0.067895
-0.182272
-0.130744
-0.119784
-0.113872
-0.097715
-0.091636
-0.084158
-0.081416
-0.077589
-0.073980
-0.075057
-0.068710
-0.065267
-0.065085
-0.065163
-0.064473
-0.063630
-0.061498
-0.058864
-0.053281
-0.055411
-0.050882
-0.048475
-0.049885
-0.045814
-0.043260
-0.044085
-0.041536
-0.041404
-0.038762
-0.037066
-0.034769
-0.036710
-0.033102
-0.034023
-0.031918
-0.031190
-0.032164
-0.029982
-0.029028
-0.028365
-0.027900
-0.025947
-0.026345
-0.025209
-0.023783
-0.023687
-0.024028
-0.022683
-0.023657
-0.024231
-0.023717
-0.023064
-0.022236
-0.023443
-0.022441
-0.022400
-0.022351
-0.022240
-0.021984
-0.020395
-0.019783
-0.019337
-0.020461
-0.019088
-0.018960
-0.017261
-0.017656
-0.018679
-0.017663
-0.017574
-0.017643
-0.016270
-0.017606
-0.017812
-0.017830
-0.016940
-0.016750
-0.016671
-0.015380
-0.014988
-0.014740
-0.014861
-0.014690
-0.014839
-0.014276
-0.014137
-0.013949
-0.014425
-0.014075
-0.013555
-0.013469
-0.013334
-0.012828
-0.013010
-0.013045
-0.013388
-0.013420
-0.012587
-0.012925
-0.012755
-0.012764
-0.013291
-0.012683
-0.012760
-0.012733
-0.012119
-0.012688
-0.012966
-0.013404
-0.012447
-0.012855
-0.012124
-0.012048
-0.012092
-0.011865
-0.012473
-0.011523
-0.012154
-0.012087
-0.011999
-0.011369
-0.010798
-0.010878
-0.011393
-0.011744
-0.010569
-0.011459
-0.011257
-0.011334
-0.011222
-0.011168
-0.011172
-0.010919
-0.010806
-0.011136
-0.011189
-0.010700
-0.010283
-0.010362
-0.010761
-0.010046
-0.010556
-0.010789
-0.010563
-0.010760
-0.011239
-0.009759
-0.010702
-0.010585
-0.010447
-0.009820
-0.009505
-0.009258
-0.009685
-0.009231
-0.009483
-0.009907
-0.009570
-0.009777
-0.009376
-0.009331
-0.008924
-0.009528
-0.009169
-0.009343
-0.009347
-0.009525
-0.009481
-0.009537
-0.009530
-0.009756
-0.009365
-0.009417
-0.009745
-0.009517
-0.008947
-0.008709
-0.008341
-0.008597
-0.009073
-0.008856
-0.008736
-0.008611
-0.008738
-0.008489
-0.009050
-0.008805
-0.008347
-0.008142
-0.008048
-0.008618
-0.008012
-0.008190
-0.008147
-0.008296
-0.007770
-0.008044
-0.008166
-0.008314
-0.008500
-0.008073
-0.007344
-0.007939
-0.007700
-0.007591
-0.007509
-0.007311
-0.007770
-0.007396
-0.007667
-0.007226
-0.006911
-0.007758
-0.007678
-0.007303
-0.007461
-0.007223
-0.007424
-0.007272
-0.007853
-0.007838
-0.007738
-0.007341
-0.006993
-0.007468
-0.007505
-0.007333
-0.008095
-0.007516
-0.007562
-0.007595
-0.007506
-0.007688
-0.007449
-0.007311
-0.007137
-0.007691
-0.007256
-0.007126
-0.007029
-0.007137
-0.007717
-0.007234
-0.007399
-0.007476
-0.007635
-0.007214
-0.006677
-0.007019
-0.006407
-0.006825
-0.006998
-0.006827
-0.007353
-0.006938
-0.006862
-0.006670
-0.007104
-0.007240
-0.007145
-0.006959
-0.006651
-0.008272
-0.007341
-0.007314
-0.007328
-0.007325
-0.006815
-0.007038
-0.006627
-0.006961
-0.006540
-0.007278
-0.007164
-0.007040
-0.006855
-0.007284
-0.007314
-0.007255
-0.006396
-0.006992
-0.006689
-0.007092
-0.006847
-0.006739
-0.006823
-0.006435
-0.006522
-0.006440
-0.006525
-0.006867
-0.006847
-0.006305
-0.006341
-0.006523
-0.006301
-0.006423
-0.006135
-0.006389
-0.006077
-0.006137
-0.006165
-0.005737
-0.005994
-0.006298
-0.006219
-0.006182
-0.005960
-0.006051
-0.006179
-0.006296
-0.006328
-0.005987
-0.006427
-0.006223
-0.006443
-0.006260
-0.005949
-0.006513
-0.005774
-0.006145
-0.005847
-0.006027
-0.006095
-0.006081
-0.005818
-0.005762
-0.005863
-0.006413
-0.006325
-0.006073
-0.006292
-0.006394
-0.006308
-0.006092
-0.006025
-0.006608
-0.005863
-0.005760
-0.006149
-0.005483
-0.005866
-0.005651
-0.005575
-0.005409
-0.005672
-0.005860
-0.005533
-0.005787
-0.005535
-0.005558
-0.005834
-0.005794
-0.005937
-0.005317
-0.005402
-0.005427
-0.005571
-0.005419
-0.005376
-0.005749
-0.005445
-0.005698
-0.005721
-0.005676
-0.005345
-0.005187
-0.005004
-0.005386
-0.005196
-0.005222
-0.005178
-0.005230
-0.005062
-0.005101
-0.005268
-0.005563
-0.005552
-0.005128
-0.005457
-0.005335
-0.005227
-0.005455
-0.005832
-0.005287
-0.005462
-0.005135
-0.005359
-0.005303
-0.005485
-0.005400
-0.005607
-0.005578
-0.005703
-0.005816
-0.005477
-0.005438
-0.005416
-0.005626
-0.005654
-0.005828
-0.005515
-0.005752
-0.005495
-0.005536
-0.005506
-0.005020
-0.004998
-0.005501
-0.005001
-0.005078
-0.005688
-0.005818
-0.005321
-0.005356
-0.005065
-0.005035
-0.004988
-0.005338
-0.004985
-0.004817
-0.005060
-0.004916
-0.005078
-0.004710
-0.004671
-0.004956
-0.004899
-0.005035
-0.004886
-0.005031
-0.005116
-0.005181
-0.004917
-0.004832
-0.005164
-0.005231
-0.005132
-0.004978
-0.004865
-0.004690
-0.005030
-0.005132
-0.004960
-0.005161
-0.005012
-0.004808
-0.005028
-0.004995
-0.005159
-0.004661
-0.004977
-0.004828
-0.005126
-0.004716
-0.004604
-0.004837
-0.004854
-0.004996
-0.004471
-0.004782
-0.004884
-0.004623
-0.004774
-0.004919
-0.005108
-0.004927
-0.005253
-0.004965
-0.004754
-0.004774
-0.005004
-0.004939
-0.004560
-0.005162
-0.004612
-0.005061
-0.005195
-0.005055
-0.004954
-0.004919
-0.005160
-0.005270
-0.005106
-0.005153
-0.005004
-0.004800
-0.004484
-0.004642
-0.004429
-0.004676
-0.004538
-0.004636
-0.004564
-0.004585
-0.004632
-0.004153
-0.004568
-0.005195
-0.004492
-0.004665
-0.004554
-0.004714
-0.004488
-0.004519
-0.004506
-0.004521
-0.004449
-0.004504
-0.004474
-0.004376
-0.004408
-0.004649
-0.004573
-0.004596
-0.004703
-0.004356
-0.004248
-0.004434
-0.004626
-0.004434
-0.004407
-0.004445
-0.004219
-0.004534
-0.004353
-0.004297
-0.004295
-0.004596
-0.004491
-0.004477
-0.004474
-0.004731
-0.004664
-0.004520
-0.004382
-0.004377
-0.004001
-0.004262
-0.004238
-0.004360
-0.004326
-0.004276
-0.004208
-0.004150
-0.004246
-0.004198
-0.004113
-0.003960
-0.003933
-0.003950
-0.004342
-0.004400
-0.004437
-0.004422
-0.004393
-0.004213
-0.004253
-0.004175
-0.004451
-0.004327
-0.004335
-0.004288
-0.004142
-0.004126
-0.004127
-0.004356
-0.004071
-0.004294
-0.004028
-0.004089
-0.004097
-0.003862
-0.003706
-0.004091
-0.004145
-0.004113
-0.003957
-0.004082
-0.004024
-0.003954
-0.003891
-0.004143
-0.004130
-0.004298
-0.004291
-0.004362
-0.004189
-0.003927
-0.004079
-0.004036
-0.004133
-0.003781
-0.003847
-0.003744
-0.003936
-0.004198
-0.004071
-0.004103
-0.004180
-0.004241
-0.004160
-0.004459
-0.004125
-0.004268
-0.005661
-0.004649
-0.004333
-0.004296
-0.004401
-0.004447
-0.004300
-0.004117
-0.004269
-0.004030
-0.003985
-0.004132
-0.004002
-0.003983
-0.004218
-0.004159
-0.004068
-0.004127
-0.004162
-0.003901
-0.003933
-0.004089
-0.003832
-0.003996
-0.003913
-0.003722
-0.003831
-0.003715
-0.003759
-0.003683
-0.003903
-0.003537
-0.003754
-0.003934
-0.003937
-0.003641
-0.003836
-0.003695
-0.004009
-0.004000
-0.003817
-0.003809
-0.004101
-0.003924
-0.004107
-0.003962
-0.004101
-0.004217
-0.003676
-0.004129
-0.004187
-0.004027
-0.003914
-0.004112
-0.003674
-0.003679
-0.003795
-0.003819
-0.003860
-0.003984
-0.003673
-0.003728
-0.003717
-0.003515
-0.003613
-0.003618
-0.003568
-0.003400
-0.003562
-0.003521
-0.003463
-0.003430
-0.003371
-0.003500
-0.003765
-0.003576
-0.003569
-0.003655
-0.003724
-0.003754
-0.003933
-0.003530
-0.003743
-0.003689
-0.003429
-0.003536
-0.003737
-0.003584
-0.003493
-0.003509
-0.003571
-0.003582
-0.003622
-0.003483
-0.003670
-0.003675
-0.003856
-0.003735
-0.003622
-0.003670
-0.003353
-0.003482
-0.003656
-0.003617
-0.003407
-0.003489
-0.003384
-0.004706
-0.004034
-0.003721
-0.003349
-0.003571
-0.003597
-0.003835
-0.003921
-0.003711
-0.003831
-0.003638
-0.003854
-0.003716
-0.003894
-0.003726
-0.003695
-0.003713
-0.003511
-0.003448
-0.003448
-0.003592
-0.003497
-0.003739
-0.003523
-0.003665
-0.003556
-0.003464
-0.003619
-0.003725
-0.003811
-0.003816
-0.003779
-0.003825
-0.003654
-0.003501
-0.003844
-0.003803
-0.003710
-0.003892
-0.003770
-0.003813
-0.003650
-0.003438
-0.003439
-0.003533
-0.003504
-0.003434
-0.003243
-0.003327
-0.003555
-0.003308
-0.003513
-0.003482
-0.003421
-0.003836
-0.003550
-0.003461
-0.003390
-0.003544
-0.003251
-0.003475
-0.003266
-0.003295
-0.003348
-0.003361
-0.003413
-0.003269
-0.003494
-0.003493
-0.003312
-0.003493
-0.003538
-0.003308
-0.003420
-0.003268
-0.003311
-0.003457
-0.003378
-0.003108
-0.003363
-0.003490
-0.003305
-0.003172
-0.003251
-0.003169
-0.003133
-0.003116
-0.003140
-0.003162
-0.003312
-0.003348
-0.003415
-0.003121
-0.003474
-0.003528
-0.003360
-0.004300
-0.003373
-0.003700
-0.003535
-0.003574
-0.003566
-0.003574
-0.003519
-0.003483
-0.003443
-0.003516
-0.003426
-0.003491
-0.003336
-0.003493
-0.003388
-0.003338
-0.003499
-0.003328
-0.003440
-0.003401
-0.003144
-0.003395
-0.003371
-0.003409
-0.003230
-0.003361
-0.003284
-0.003344
-0.003372
-0.003272
-0.003340
-0.003208
-0.003176
-0.003251
-0.003253
-0.003157
-0.003244
-0.003315
-0.003111
-0.003200
-0.003064
-0.003092
-0.003229
-0.003249
-0.003234
-0.003158
-0.003085
-0.003147
-0.003190
-0.003249
-0.003192
-0.003201
-0.003200
-0.003123
-0.003015
-0.003117
-0.003007
-0.003146
-0.003175
-0.003344
-0.003202
-0.003016
-0.003188
-0.003224
-0.003240
-0.003202
-0.003021
-0.003366
-0.003185
-0.003162
-0.003182
-0.003185
-0.003300
-0.002996
-0.003066
-0.003164
-0.003223
-0.003154
-0.003304
-0.003066
-0.003234
-0.002839
-0.003099
-0.002966
-0.003001
-0.003145
-0.003188
-0.003071
-0.003024
-0.003078
-0.003355
-0.003035
-0.003048
-0.002874
-0.002969
-0.002953
-0.002985
-0.003191
-0.003003
-0.002982
-0.003243
-0.002986
-0.003075
-0.003045
-0.002986
-0.002914
-0.003939
-0.003339
-0.003199
-0.003325
-0.003342
-0.003100
-0.003273
-0.003123
-0.003476
-0.003205
-0.003256
-0.003244
-0.003259
-0.003187
-0.003076
-0.003131
-0.002967
-0.003097
-0.003198
-0.003209
-0.003208
-0.003138
-0.003202
-0.003162
-0.003230
-0.002972
-0.003265
-0.003044
-0.002976
-0.002884
-0.002915
-0.002991
-0.003030
-0.002904
-0.003081
-0.003102
-0.003008
-0.003061
-0.002957
-0.003076
-0.003012
-0.002721
-0.002897
-0.002886
-0.002970
-0.002957
-0.002756
-0.002923
-0.002977
-0.003078
-0.002872
-0.003104
-0.002999
-0.003073
-0.002902
-0.003015
-0.002975
-0.002975
-0.003011
-0.003067
-0.002915
-0.002942
-0.003242
-0.003028
-0.003038
-0.003124
-0.002803
-0.002991
-0.002780
-0.002769
-0.002955
-0.002744
-0.002752
-0.002813
-0.002713
-0.002985
-0.002889
-0.002896
-0.002940
-0.002884
-0.002860
-0.002675
-0.002755
-0.002991
-0.002818
-0.002833
-0.002901
-0.003001
-0.002928
-0.002956
-0.002925
-0.002808
-0.002950
-0.003069
-0.003008
-0.002943
-0.002971
-0.003074
-0.003101
-0.003095
-0.003010
-0.002877
-0.003629
-0.003228
-0.003072
-0.003024
-0.002935
-0.003021
-0.002847
-0.002915
-0.002925
-0.002917
-0.002750
-0.002866
-0.002697
-0.002753
-0.002778
-0.002833
-0.002739
-0.002852
-0.002902
-0.002929
-0.002699
-0.002904
-0.002975
-0.002966
-0.002980
-0.002703
-0.002698
-0.002761
-0.002833
-0.002847
-0.002695
-0.002524
-0.002698
-0.002497
-0.002686
-0.002897
-0.002782
-0.002669
-0.002748
-0.002708
-0.002636
-0.002516
-0.002728
-0.002659
-0.002772
-0.002676
-0.002652
-0.002775
-0.002737
-0.002828
-0.002925
-0.002985
-0.002910
-0.002867
-0.002842
-0.002627
-0.002783
-0.002888
-0.002745
-0.002789
-0.002802
-0.002803
-0.002782
-0.002921
-0.002766
-0.002643
-0.002543
-0.002719
-0.002664
-0.002775
-0.002724
-0.002560
-0.002630
-0.002568
-0.002709
-0.002455
-0.002727
-0.002620
-0.002689
-0.002767
-0.002694
-0.002911
-0.002855
-0.002744
-0.002913
-0.002641
-0.002778
-0.002738
-0.002797
-0.002746
-0.002549
-0.002674
-0.002697
-0.002502
-0.002646
-0.002537
-0.002784
-0.002673
-0.002677
-0.002932
-0.003719
-0.003276
-0.003055
-0.002990
-0.003010
-0.002928
-0.003044
-0.002979
-0.003034
-0.003071
-0.002855
-0.002829
-0.002767
-0.002740
-0.002600
-0.002547
-0.002612
-0.002670
-0.002614
-0.002680
-0.002550
-0.002495
-0.002603
-0.002709
-0.002741
-0.002514
-0.002619
-0.002649
-0.002682
-0.002575
-0.002631
-0.002656
-0.002746
-0.002659
-0.002667
-0.002742
-0.002582
-0.002598
-0.002374
-0.002661
-0.002735
-0.002712
-0.002759
-0.002506
-0.002750
-0.002665
-0.002547
-0.002569
-0.002598
-0.002593
-0.002583
-0.002559
-0.002470
-0.002660
-0.002505
-0.002767
-0.002760
-0.002650
-0.002666
-0.002526
-0.002585
-0.002725
-0.002536
-0.002721
-0.002509
-0.002468
-0.002568
-0.002552
-0.002540
-0.002543
-0.002535
-0.002515
-0.002573
-0.002581
-0.002626
-0.002443
-0.002393
-0.002477
-0.002496
-0.002405
-0.002309
-0.002578
-0.002454
-0.002511
-0.002454
-0.002514
-0.002476
-0.002395
-0.002637
-0.002510
-0.002454
-0.002599
-0.002623
-0.002556
-0.002362
-0.002519
-0.003334
-0.002797
-0.002841
-0.002649
-0.002611
-0.002774
-0.002554
-0.002634
-0.002637
-0.002728
-0.002666
-0.002743
-0.002475
-0.002414
-0.002522
-0.002370
-0.002561
-0.002481
-0.002399
-0.002315
-0.002482
-0.002477
-0.002339
-0.002469
-0.002431
-0.002504
-0.002506
-0.002395
-0.002465
-0.002363
-0.002456
-0.002523
-0.002448
-0.002515
-0.002480
-0.002433
-0.002404
-0.002392
-0.002502
-0.002533
-0.002246
-0.002467
-0.002417
-0.002558
-0.002605
-0.002574
-0.002548
-0.002420
-0.002440
-0.002328
-0.002300
-0.002385
-0.002142
-0.002349
-0.002306
-0.002371
-0.002323
-0.002334
-0.002404
-0.002415
-0.002472
-0.002470
-0.002339
-0.002352
-0.002457
-0.002573
-0.002487
-0.002543
-0.002592
-0.002578
-0.002613
-0.002525
-0.002636
-0.002608
-0.002605
-0.002521
-0.002404
-0.002456
-0.002464
-0.002407
-0.002373
-0.002505
-0.002396
-0.002432
-0.002362
-0.002384
-0.002568
-0.002605
-0.002554
-0.002318
-0.002534
-0.002564
-0.002512
-0.002534
-0.002546
-0.002457
-0.002576
-0.002415
-0.003038
-0.002726
-0.002711
-0.002418
-0.002395
-0.002449
-0.002431
-0.002511
-0.002455
-0.002352
-0.002364
-0.002471
-0.002439
-0.002479
-0.002519
-0.002515
-0.002298
-0.002462
-0.002467
-0.002409
-0.002446
-0.002355
-0.002320
-0.002281
-0.002225
-0.002320
-0.002276
-0.002310
-0.002448
-0.002485
-0.002394
-0.002364
-0.002463
-0.002422
-0.002436
-0.002388
-0.002293
-0.002375
-0.002262
-0.002391
-0.002436
-0.002360
-0.002169
-0.002331
-0.002158
-0.002177
-0.002270
-0.002139
-0.002191
-0.002277
-0.002227
-0.002341
-0.002401
-0.002400
-0.002321
-0.002330
-0.002337
-0.002345
-0.002358
-0.002360
-0.002395
-0.002392
-0.002366
-0.002416
-0.002357
-0.002241
-0.002298
-0.002321
-0.002158
-0.002231
-0.002321
-0.002296
-0.002215
-0.002259
-0.002233
-0.002293
-0.002374
-0.002432
-0.002284
-0.002393
-0.002271
-0.002203
-0.002239
-0.002247
-0.002345
-0.002307
-0.002259
-0.002187
-0.002276
-0.002162
-0.002116
-0.002229
-0.002987
-0.002580
-0.002551
-0.002442
-0.002338
-0.002416
-0.002538
-0.002363
-0.002301
-0.002449
-0.002302
-0.002341
-0.002301
-0.002371
-0.002268
-0.002364
-0.002252
-0.002214
-0.002229
-0.002304
-0.002352
-0.002247
-0.002374
-0.002284
-0.002287
-0.002252
-0.002332
-0.002238
-0.002261
-0.002243
-0.002208
-0.002108
-0.002092
-0.002235
-0.002182
-0.002187
-0.002073
-0.002165
-0.002105
-0.002122
-0.002220
-0.002143
-0.002264
-0.002232
-0.002271
-0.002306
-0.002158
-0.002285
-0.002291
-0.002420
-0.002365
-0.002347
-0.002289
-0.002411
-0.002429
-0.002399
-0.002131
-0.002298
-0.002147
-0.002178
-0.002213
-0.002164
-0.002134
-0.002262
-0.002246
-0.002272
-0.002313
-0.002195
-0.002263
-0.002309
-0.002224
-0.002233
-0.002262
-0.002406
-0.002168
-0.002191
-0.002303
-0.002278
-0.002171
-0.002114
-0.002206
-0.002131
-0.002105
-0.002089
-0.002137
-0.002033
-0.002071
-0.002028
-0.002098
-0.002107
-0.002746
-0.002295
-0.002242
-0.002222
-0.002197
-0.002327
-0.002236
-0.002133
-0.002205
-0.002251
-0.002302
-0.002225
-0.002267
-0.002171
-0.002157
-0.002266
-0.002192
-0.002166
-0.002278
-0.002225
-0.002253
-0.002200
-0.002211
-0.002234
-0.002154
-0.002210
-0.002131
-0.002265
-0.002122
-0.002133
-0.002210
-0.002261
-0.002282
-0.002230
-0.002112
-0.002115
-0.002134
-0.002055
-0.002025
-0.002030
-0.002053
-0.002113
-0.002040
-0.002176
-0.002247
-0.002206
-0.002202
-0.002239
-0.002318
-0.002152
-0.002109
-0.002183
-0.002128
-0.002159
-0.002235
-0.002112
-0.002191
-0.001994
-0.002080
-0.002087
-0.002008
-0.002047
-0.002101
-0.002040
-0.002191
-0.002150
-0.002242
-0.002282
-0.002078
-0.002161
-0.002257
-0.002240
-0.002169
-0.002202
-0.002092
-0.002063
-0.002231
-0.002162
-0.002107
-0.002129
-0.002133
-0.002065
-0.001938
-0.002021
-0.002092
-0.001982
-0.001999
-0.002056
-0.002089
-0.002151
-0.002005
-0.001917
-0.002037
-0.001982
-0.002033
-0.002673
-0.002165
-0.002163
-0.002235
-0.002351
-0.002136
-0.002022
-0.001933
-0.001990
-0.001866
-0.002008
-0.001927
-0.002012
-0.002000
-0.001892
-0.002057
-0.002061
-0.001936
-0.002041
-0.001865
-0.001941
-0.002008
-0.002047
-0.001969
-0.002070
-0.002032
-0.001966
-0.002039
-0.002070
-0.002158
-0.002209
-0.002132
-0.001960
-0.002152
-0.002106
-0.002090
-0.002120
-0.002168
-0.002193
-0.002110
-0.002172
-0.002106
-0.002038
-0.002138
-0.001992
-0.002044
-0.002062
-0.002017
-0.001907
-0.002038
-0.002066
-0.001966
-0.001959
-0.002158
-0.002090
-0.002071
-0.002133
-0.001987
-0.002103
-0.002082
-0.002209
-0.002287
-0.002166
-0.002172
-0.002042
-0.002160
-0.002107
-0.002178
-0.002082
-0.002170
-0.002208
-0.002091
-0.002286
-0.002217
-0.002119
-0.002194
-0.002068
-0.002020
-0.002025
-0.002077
-0.002055
-0.002035
-0.002037
-0.002108
-0.002012
-0.002049
-0.002058
-0.002082
-0.002048
-0.002077
-0.002154
-0.002776
-0.002381
-0.002245
-0.002281
-0.002232
-0.002060
-0.002044
-0.002057
-0.002157
-0.002059
-0.002016
-0.002036
-0.001963
-0.001980
-0.002084
-0.002074
-0.002066
-0.001982
-0.002042
-0.001975
-0.001899
-0.001979
-0.002080
-0.001939
-0.002011
-0.002062
-0.002074
-0.002073
-0.001980
-0.002065
-0.002070
-0.002051
-0.002075
-0.002039
-0.001968
-0.002043
-0.002171
-0.001918
-0.002051
-0.001949
-0.001955
-0.002064
-0.001998
-0.001950
-0.001966
-0.001898
-0.001798
-0.001969
-0.001997
-0.002003
-0.001859
-0.001974
-0.001913
-0.002028
-0.001989
-0.002102
-0.002103
-0.002165
-0.001968
-0.002083
-0.002140
-0.002164
-0.002087
-0.001975
-0.002003
-0.002046
-0.002008
-0.002062
-0.001898
-0.001883
-0.001819
-0.001809
-0.001950
-0.001890
-0.002066
-0.002043
-0.002034
-0.001999
-0.001979
-0.001924
-0.002008
-0.001969
-0.001947
-0.001946
-0.001898
-0.001957
-0.001891
-0.002031
-0.001922
-0.002092
-0.002088
-0.002000
-0.002039
-0.002164
-0.001919
-0.002595
-0.002233
-0.002169
-0.002101
-0.002155
-0.002181
-0.002028
-0.001980
-0.002151
-0.002027
-0.002097
-0.002027
-0.002011
-0.002164
-0.002035
-0.002121
-0.001966
-0.002154
-0.002002
-0.002130
-0.001958
-0.002083
-0.001934
-0.002058
-0.002084
-0.002214
-0.002088
-0.002014
-0.001999
-0.002035
-0.001830
-0.001883
-0.002044
-0.001978
-0.001976
-0.002063
-0.002094
-0.002090
-0.001877
-0.001995
-0.002008
-0.001983
-0.002026
-0.002154
-0.001991
-0.002020
-0.001977
-0.002070
-0.002051
-0.001982
-0.001983
-0.001963
-0.001919
-0.001960
-0.001984
-0.002003
-0.001916
-0.002043
-0.001998
-0.001928
-0.001988
-0.001986
-0.002065
-0.002011
-0.001989
-0.001906
-0.001854
-0.001945
-0.001922
-0.001936
-0.001856
-0.001932
-0.001883
-0.001897
-0.001905
-0.001769
-0.001813
-0.001848
-0.001960
-0.001919
-0.001937
-0.001983
-0.001945
-0.001916
-0.001780
-0.001833
-0.001828
-0.001882
-0.001898
-0.001858
-0.001907
-0.002042
-0.001973
-0.001904
-0.001883
-0.001992
-0.001913
-0.001856
-0.002554
-0.002001
-0.002035
-0.001994
-0.002013
-0.002024
-0.001938
-0.002047
-0.001950
-0.002011
-0.001974
-0.001900
-0.001940
-0.001908
-0.001888
-0.001890
-0.001887
-0.001854
-0.001928
-0.001915
-0.001745
-0.001806
-0.001915
-0.001889
-0.001783
-0.001830
-0.001906
-0.001857
-0.001751
-0.001857
-0.001765
-0.001944
-0.001826
-0.001811
-0.001554
-0.001778
-0.001754
-0.001788
-0.001791
-0.001853
-0.001923
-0.001803
-0.001855
-0.001811
-0.001811
-0.001864
-0.001889
-0.001904
-0.001936
-0.001977
-0.001931
-0.001963
-0.001917
-0.001918
-0.001995
-0.001807
-0.001852
-0.001826
-0.001867
-0.001890
-0.001938
-0.001912
-0.001930
-0.001945
-0.001985
-0.001729
-0.001869
-0.001887
-0.001953
-0.001914
-0.001893
-0.001954
-0.001797
-0.001826
-0.001769
-0.001933
-0.001933
-0.001981
-0.001901
-0.001926
-0.001824
-0.001951
-0.001818
-0.001879
-0.001767
-0.001859
-0.001780
-0.001808
-0.001894
-0.001985
-0.001947
-0.001952
-0.001956
-0.002418
-0.002225
-0.002205
-0.002108
-0.002144
-0.002193
-0.002025
-0.002078
-0.002085
-0.001982
-0.001879
-0.002090
-0.002074
-0.001984
-0.001997
-0.001882
-0.001903
-0.001768
-0.001826
-0.001837
-0.001912
-0.001835
-0.001808
-0.001858
-0.001777
-0.001914
-0.001837
-0.001929
-0.001901
-0.001877
-0.001944
-0.001876
-0.001904
-0.001676
-0.001731
-0.001732
-0.001838
-0.001765
-0.001828
-0.001800
-0.001881
-0.001824
-0.001799
-0.001888
-0.001853
-0.001843
-0.001744
-0.001728
-0.001675
-0.001845
-0.001839
-0.001820
-0.001716
-0.001851
-0.001877
-0.001804
-0.001787
-0.001873
-0.001845
-0.001812
-0.001949
-0.002001
-0.001847
-0.001831
-0.001662
-0.001765
-0.001782
-0.001752
-0.001877
-0.001836
-0.001732
-0.001878
-0.001772
-0.001824
-0.001826
-0.001830
-0.001750
-0.001823
-0.001813
-0.001856
-0.001627
-0.001708
-0.001714
-0.001647
-0.001760
-0.001767
-0.001763
-0.001715
-0.001735
-0.001800
-0.001757
-0.001822
-0.001815
-0.001780
-0.001969
-0.002012
-0.001874
-0.001877
-0.001839
-0.001888
-0.001821
-0.001866
-0.001778
-0.001807
-0.001842
-0.001921
-0.001768
-0.001828
-0.001859
-0.001911
-0.001780
-0.001773
-0.001993
-0.001851
-0.001915
-0.001804
-0.001844
-0.001736
-0.001836
-0.001700
-0.001775
-0.001804
-0.001795
-0.001555
-0.001861
-0.001724
-0.001736
-0.001800
-0.001821
-0.001747
-0.001718
-0.001657
-0.001829
-0.001729
-0.001823
-0.001793
-0.001843
-0.001863
-0.001808
-0.001710
-0.001763
-0.001754
-0.001866
-0.001688
-0.001729
-0.001871
-0.001881
-0.001750
-0.001819
-0.001811
-0.001845
-0.001856
-0.001883
-0.001743
-0.001830
-0.001878
-0.001842
-0.001850
-0.001742
-0.001880
-0.001831
-0.001764
-0.001749
-0.001680
-0.001827
-0.001755
-0.001584
-0.001715
-0.001719
-0.001805
-0.001752
-0.001762
-0.001734
-0.001794
-0.001826
-0.001869
-0.001858
-0.001791
-0.001875
-0.001630
-0.001785
-0.001794
-0.001736
-0.001651
-0.001682
-0.001635
-0.001689
-0.001721
-0.001698
-0.001783
-0.001719
-0.001763
-0.001737
-0.001803
-0.001694
-0.002194
-0.001943
-0.001886
-0.002003
-0.001961
-0.001904
-0.001877
-0.001960
-0.001885
-0.001849
-0.001836
-0.001780
-0.001763
-0.001845
-0.001747
-0.001718
-0.001754
-0.001718
-0.001776
-0.001805
-0.001717
-0.001736
-0.001585
-0.001730
-0.001705
-0.001723
-0.001696
-0.001669
-0.001740
-0.001699
-0.001748
-0.001608
-0.001651
-0.001735
-0.001746
-0.001656
-0.001626
-0.001664
-0.001608
-0.001600
-0.001597
-0.001613
-0.001635
-0.001680
-0.001632
-0.001718
-0.001750
-0.001713
-0.001657
-0.001701
-0.001681
-0.001684
-0.001676
-0.001684
-0.001630
-0.001656
-0.001704
-0.001649
-0.001686
-0.001679
-0.001666
-0.001727
-0.001684
-0.001644
-0.001651
-0.001746
-0.001727
-0.001627
-0.001643
-0.001764
-0.001636
-0.001775
-0.001711
-0.001253
-0.001709
-0.001653
-0.001629
-0.001650
-0.001678
-0.001689
-0.001690
-0.001601
-0.001626
-0.001716
-0.001649
-0.001681
-0.001616
-0.001649
-0.001731
-0.001683
-0.002252
-0.001899
-0.001814
-0.001771
-0.001733
-0.001660
-0.001729
-0.001632
-0.001617
-0.001673
-0.001755
-0.001747
-0.001726
-0.001568
-0.001609
-0.001715
-0.001624
-0.001640
-0.001719
-0.001709
-0.001659
-0.001692
-0.001732
-0.001686
-0.001658
-0.001681
-0.001668
-0.001686
-0.001709
-0.001726
-0.001604
-0.001651
-0.001715
-0.001583
-0.001507
-0.001650
-0.001589
-0.001673
-0.001642
-0.001714
-0.001664
-0.001715
-0.001746
-0.001773
-0.001843
-0.001705
-0.001789
-0.001708
-0.001719
-0.001846
-0.001735
-0.001688
-0.001745
-0.001654
-0.001734
-0.001791
-0.001667
-0.001752
-0.001762
-0.001574
-0.001634
-0.001623
-0.001606
-0.001563
-0.001581
-0.001625
-0.001544
-0.001544
-0.001525
-0.001668
-0.001637
-0.001514
-0.001493
-0.001472
-0.001448
-0.001495
-0.001490
-0.001586
-0.001402
-0.001465
-0.001509
-0.001492
-0.001551
-0.001541
-0.001620
-0.001603
-0.002101
-0.001606
-0.001858
-0.001729
-0.001754
-0.001667
-0.001809
-0.001707
-0.001579
-0.001614
-0.001584
-0.001591
-0.001657
-0.001622
-0.001609
-0.001635
-0.001596
-0.001617
-0.001608
-0.001636
-0.001758
-0.001743
-0.001711
-0.001734
-0.001578
-0.001615
-0.001574
-0.001632
-0.001616
-0.001723
-0.001641
-0.001602
-0.001621
-0.001601
-0.001487
-0.001637
-0.001487
-0.001581
-0.001574
-0.001573
-0.001554
-0.001567
-0.001606
-0.001550
-0.001516
-0.001603
-0.001552
-0.001685
-0.001660
-0.001620
-0.001530
-0.001487
-0.001566
-0.001504
-0.001538
-0.001532
-0.001601
-0.001505
-0.001593
-0.001638
-0.001588
-0.001643
-0.001633
-0.001561
-0.001593
-0.001522
-0.001481
-0.001568
-0.001590
-0.001664
-0.001581
-0.001471
-0.001611
-0.001604
-0.001539
-0.001506
-0.001568
-0.001561
-0.001586
-0.001651
-0.001583
-0.001612
-0.001557
-0.001690
-0.001501
-0.001563
-0.002068
-0.001720
-0.001804
-0.001801
-0.001793
-0.001646
-0.001743
-0.001691
-0.001721
-0.001714
-0.001760
-0.001815
-0.001723
-0.001783
-0.001630
-0.001549
-0.001611
-0.001553
-0.001545
-0.001443
-0.001459
-0.001571
-0.001521
-0.001550
-0.001515
-0.001480
-0.001593
-0.001513
-0.001534
-0.001445
-0.001513
-0.001466
-0.001520
-0.001550
-0.001546
-0.001447
-0.001531
-0.001412
-0.001462
-0.001392
-0.001406
-0.001485
-0.001453
-0.001387
-0.001421
-0.001509
-0.001511
-0.001533
-0.001552
-0.001572
-0.001542
-0.001544
-0.001563
-0.001495
-0.001526
-0.001607
-0.001611
-0.001648
-0.001617
-0.001489
-0.001472
-0.001656
-0.001732
-0.001587
-0.001513
-0.001503
-0.001525
-0.001550
-0.001491
-0.001497
-0.001556
-0.001657
-0.001541
-0.001595
-0.001616
-0.001642
-0.001656
-0.001633
-0.001643
-0.001620
-0.001529
-0.001565
-0.002077
-0.001648
-0.001737
-0.001567
-0.001651
-0.001556
-0.001559
-0.001541
-0.001441
-0.001553
-0.001548
-0.001509
-0.001490
-0.001531
-0.001489
-0.001519
-0.001620
-0.001564
-0.001575
-0.001548
-0.001484
-0.001454
-0.001507
-0.001569
-0.001473
-0.001493
-0.001462
-0.001410
-0.001391
-0.001501
-0.001379
-0.001521
-0.001572
-0.001456
-0.001485
-0.001539
-0.001519
-0.001477
-0.001538
-0.001567
-0.001564
-0.001440
-0.001408
-0.001507
-0.001605
-0.001501
-0.001486
-0.001462
-0.001571
-0.001532
-0.001562
-0.001482
-0.001485
-0.001538
-0.001536
-0.001490
-0.001510
-0.001580
-0.001584
-0.001665
-0.001662
-0.001544
-0.001494
-0.001621
-0.001627
-0.001601
-0.001525
-0.001569
-0.001573
-0.001559
-0.001562
-0.001613
-0.001527
-0.001549
-0.001497
-0.001597
-0.001566
-0.001574
-0.001591
-0.001487
-0.001534
-0.001567
-0.001543
-0.001528
-0.001551
-0.001564
-0.002180
-0.001707
-0.001693
-0.001714
-0.001654
-0.001661
-0.001576
-0.001606
-0.001607
-0.001626
-0.001571
-0.001569
-0.001530
-0.001453
-0.001546
-0.001554
-0.001639
-0.001608
-0.001546
-0.001510
-0.001500
-0.001506
-0.001491
-0.001511
-0.001582
-0.001514
-0.001554
-0.001533
-0.001514
-0.001553
-0.001620
-0.001446
-0.001489
-0.001592
-0.001518
-0.001472
-0.001544
-0.001493
-0.001546
-0.001607
-0.001443
-0.001375
-0.001436
-0.001456
-0.001389
-0.001446
-0.001435
-0.001423
-0.001447
-0.001466
-0.001454
-0.001458
-0.001411
-0.001521
-0.001487
-0.001388
-0.001488
-0.001505
-0.001380
-0.001537
-0.001508
-0.001391
-0.001421
-0.001420
-0.001433
-0.001368
-0.001439
-0.001416
-0.001480
-0.001469
-0.001465
-0.001482
-0.001392
-0.001427
-0.001442
-0.001466
-0.001555
-0.001505
-0.001529
-0.001525
-0.001510
-0.001611
-0.001595
-0.001595
-0.001545
-0.001565
-0.001568
-0.001553
-0.001506
-0.001506
-0.001726
-0.001760
-0.001658
-0.001700
-0.001466
-0.001379
-0.001494
-0.001487
-0.001528
-0.001438
-0.001489
-0.001529
-0.001360
-0.001440
-0.001553
-0.001529
-0.001454
-0.001496
-0.001465
-0.001610
-0.001572
-0.001583
-0.001422
-0.001455
-0.001454
-0.001460
-0.001433
-0.001486
-0.001476
-0.001422
-0.001534
-0.001437
-0.001575
-0.001476
-0.001478
-0.001450
-0.001508
-0.001496
-0.001521
-0.001549
-0.001550
-0.001549
-0.001434
-0.001325
-0.001417
-0.001515
-0.001484
-0.001529
-0.001498
-0.001521
-0.001554
-0.001584
-0.001561
-0.001601
-0.001519
-0.001568
-0.001489
-0.001402
-0.001483
-0.001464
-0.001453
-0.001574
-0.001486
-0.001554
-0.001541
-0.001531
-0.001442
-0.001431
-0.001511
-0.001401
-0.001490
-0.001531
-0.001479
-0.001410
-0.001505
-0.001384
-0.001488
-0.001463
-0.001550
-0.001493
-0.001398
-0.001334
-0.001411
-0.001553
-0.001548
-0.001577
-0.001600
-0.001536
-0.001611
-0.001479
-0.001484
-0.001440
-0.001493
-0.001523
-0.001493
-0.001503
-0.001517
-0.001539
-0.001475
-0.001535
-0.001391
-0.001377
-0.001474
-0.001539
-0.001441
-0.001370
-0.001368
-0.001412
-0.001434
-0.001312
-0.001370
-0.001414
-0.001345
-0.001527
-0.001494
-0.001405
-0.001529
-0.001457
-0.001389
-0.001525
-0.001459
-0.001465
-0.001290
-0.001364
-0.001433
-0.001483
-0.001442
-0.001517
-0.001448
-0.001400
-0.001449
-0.001317
-0.001389
-0.001418
-0.001445
-0.001441
-0.001325
-0.001443
-0.001367
-0.001491
-0.001519
-0.001392
-0.001590
-0.001499
-0.001497
-0.001491
-0.001465
-0.001530
-0.001448
-0.001521
-0.001464
-0.001484
-0.001384
-0.001480
-0.001455
-0.001543
-0.001498
-0.001445
-0.001343
-0.001518
-0.001529
-0.001548
-0.001481
-0.001491
-0.001483
-0.001361
-0.001400
-0.001362
-0.001412
-0.001439
-0.001499
-0.001466
-0.001470
-0.001937
-0.001518
-0.001612
-0.001464
-0.001578
-0.001513
-0.001546
-0.001539
-0.001553
-0.001548
-0.001489
-0.001449
-0.001460
-0.001483
-0.001411
-0.001440
-0.001452
-0.001323
-0.001412
-0.001423
-0.001382
-0.001350
-0.001437
-0.001448
-0.001517
-0.001474
-0.001409
-0.001411
-0.001499
-0.001515
-0.001418
-0.001312
-0.001478
-0.001423
-0.001407
-0.001405
-0.001477
-0.001477
-0.001453
-0.001494
-0.001485
-0.001521
-0.001514
-0.001545
-0.001464
-0.001483
-0.001441
-0.001471
-0.001537
-0.001598
-0.001483
-0.001431
-0.001414
-0.001489
-0.001404
-0.001389
-0.001489
-0.001438
-0.001467
-0.001420
-0.001317
-0.001417
-0.001428
-0.001412
-0.001423
-0.001363
-0.001295
-0.001383
-0.001332
-0.001309
-0.001248
-0.001303
-0.001298
-0.001307
-0.001365
-0.001360
-0.001361
-0.001319
-0.001362
-0.001379
-0.001406
-0.001366
-0.001286
-0.001371
-0.001388
-0.001382
-0.001353
-0.001345
-0.001358
-0.001370
-0.001373
-0.001794
-0.001530
-0.001560
-0.001551
-0.001498
-0.001439
-0.001506
-0.001562
-0.001460
-0.001474
-0.001487
-0.001458
-0.001487
-0.001439
-0.001427
-0.001362
-0.001470
-0.001518
-0.001492
-0.001461
-0.001496
-0.001484
-0.001509
-0.001474
-0.001553
-0.001498
-0.001405
-0.001415
-0.001503
-0.001484
-0.001423
-0.001418
-0.001418
-0.001388
-0.001413
-0.001374
-0.001336
-0.001406
-0.001371
-0.001364
-0.001421
-0.001448
-0.001387
-0.001297
-0.001368
-0.001345
-0.001397
-0.001430
-0.001428
-0.001453
-0.001430
-0.001475
-0.001434
-0.001404
-0.001334
-0.001371
-0.001483
-0.001364
-0.001479
-0.001511
-0.001395
-0.001466
-0.001498
-0.001486
-0.001412
-0.001361
-0.001409
-0.001406
-0.001355
-0.001505
-0.001427
-0.001468
-0.001468
-0.001428
-0.001355
-0.001383
-0.001359
-0.001371
-0.001386
-0.001354
-0.001349
-0.001343
-0.001272
-0.001401
-0.001415
-0.001315
-0.001355
-0.001747
-0.001498
-0.001513
-0.001476
-0.001385
-0.001401
-0.001405
-0.001339
-0.001339
-0.001305
-0.001366
-0.001267
-0.001360
-0.001352
-0.001346
-0.001408
-0.001378
-0.001432
-0.001369
-0.001350
-0.001312
-0.001380
-0.001391
-0.001380
-0.001374
-0.001398
-0.001433
-0.001380
-0.001453
-0.001421
-0.001394
-0.001332
-0.001451
-0.001363
-0.001379
-0.001427
-0.001406
-0.001364
-0.001343
-0.001415
-0.001367
-0.001403
-0.001403
-0.001458
-0.001472
-0.001392
-0.001444
-0.001403
-0.001257
-0.001318
-0.001359
-0.001414
-0.001372
-0.001361
-0.001314
-0.001258
-0.001310
-0.001270
-0.001287
-0.001271
-0.001338
-0.001328
-0.001248
-0.001285
-0.001291
-0.001367
-0.001351
-0.001394
-0.001302
-0.001394
-0.001361
-0.001385
-0.001317
-0.001292
-0.001303
-0.001350
-0.001340
-0.001377
-0.001355
-0.001272
-0.001286
-0.001163
-0.001245
-0.001191
-0.001252
-0.001215
-0.001350
-0.001804
-0.001435
-0.001451
-0.001358
-0.001410
-0.001440
-0.001357
-0.001383
-0.001425
-0.001346
-0.001377
-0.001311
-0.001319
-0.001330
-0.001303
-0.001211
-0.001262
-0.001325
-0.001261
-0.001275
-0.001284
-0.001322
-0.001287
-0.001196
-0.001260
-0.001253
-0.001282
-0.001245
-0.001246
-0.001262
-0.001352
-0.001306
-0.001280
-0.001310
-0.001342
-0.001224
-0.001299
-0.001253
-0.001298
-0.001249
-0.001271
-0.001311
-0.001292
-0.001298
-0.001212
-0.001337
-0.001309
-0.001354
-0.001393
-0.001379
-0.001357
-0.001442
-0.001334
-0.001407
-0.001330
-0.001312
-0.001344
-0.001363
-0.001418
-0.001383
-0.001304
-0.001332
-0.001326
-0.001338
-0.001340
-0.001385
-0.001399
-0.001357
-0.001316
-0.001348
-0.001383
-0.001211
-0.001160
-0.001251
-0.001286
-0.001238
-0.001219
-0.001250
-0.001339
-0.001321
-0.001249
-0.001277
-0.001306
-0.001264
-0.001242
-0.001266
-0.001682
-0.001436
-0.001372
-0.001317
-0.001234
-0.001264
-0.001270
-0.001213
-0.001291
-0.001235
-0.001312
-0.001336
-0.001282
-0.001252
-0.001198
-0.001212
-0.001246
-0.001286
-0.001261
-0.001290
-0.001345
-0.001286
-0.001347
-0.001359
-0.001344
-0.001302
-0.001375
-0.001347
-0.001395
-0.001382
-0.001382
-0.001368
-0.001398
-0.001336
-0.001286
-0.001402
-0.001340
-0.001346
-0.001311
-0.001292
-0.001334
-0.001330
-0.001230
-0.001320
-0.001346
-0.001298
-0.001271
-0.001306
-0.001258
-0.001237
-0.001200
-0.001248
-0.001253
-0.001352
-0.001271
-0.001246
-0.001386
-0.001374
-0.001291
-0.001365
-0.001239
-0.001326
-0.001309
-0.001326
-0.001348
-0.001331
-0.001311
-0.001389
-0.001322
-0.001211
-0.001312
-0.001249
-0.001163
-0.001310
-0.001307
-0.001292
-0.001249
-0.001258
-0.001252
-0.001377
-0.001304
-0.001385
-0.001667
-0.001472
-0.001478
-0.001492
-0.001401
-0.001425
-0.001396
-0.001355
-0.001336
-0.001429
-0.001379
-0.001372
-0.001415
-0.001406
-0.001364
-0.001367
-0.001421
-0.001386
-0.001352
-0.001281
-0.001317
-0.001288
-0.001269
-0.001303
-0.001255
-0.001341
-0.001357
-0.001335
-0.001333
-0.001323
-0.001298
-0.001242
-0.001292
-0.001295
-0.001315
-0.001235
-0.001193
-0.001292
-0.001271
-0.001398
-0.001314
-0.001352
-0.001353
-0.001351
-0.001309
-0.001322
-0.001225
-0.001291
-0.001248
-0.001254
-0.001197
-0.001218
-0.001234
-0.001239
-0.001220
-0.001242
-0.001272
-0.001228
-0.001219
-0.001268
-0.001228
-0.001156
-0.001227
-0.001212
-0.001239
-0.001238
-0.001256
-0.001248
-0.001223
-0.001183
-0.001204
-0.001214
-0.001196
-0.001289
-0.001224
-0.001148
-0.001229
-0.001241
-0.001263
-0.001253
-0.001288
-0.001228
-0.001288
-0.001728
-0.001470
-0.001416
-0.001506
-0.001400
-0.001404
-0.001341
-0.001436
-0.001215
-0.001376
-0.001356
-0.001331
-0.001369
-0.001279
-0.001257
-0.001308
-0.001321
-0.001236
-0.001292
-0.001282
-0.001257
-0.001258
-0.001274
-0.001163
-0.001256
-0.001215
-0.001237
-0.001182
-0.001180
-0.001233
-0.001231
-0.001212
-0.001255
-0.001224
-0.001163
-0.001273
-0.001222
-0.001270
-0.001245
-0.001311
-0.001320
-0.001307
-0.001307
-0.001323
-0.001294
-0.001311
-0.001313
-0.001351
-0.001295
-0.001197
-0.001268
-0.001259
-0.001339
-0.001238
-0.001202
-0.001278
-0.001283
-0.001253
-0.001225
-0.001264
-0.001306
-0.001179
-0.001209
-0.001285
-0.001288
-0.001285
-0.001305
-0.001308
-0.001233
-0.001267
-0.001238
-0.001240
-0.001248
-0.001215
-0.001222
-0.001248
-0.001277
-0.001262
-0.001272
-0.001222
-0.001207
-0.001186
-0.001182
-0.001180
-0.001176
-0.001077
-0.001235
-0.001238
-0.001203
-0.001180
-0.001237
-0.001155
-0.001201
-0.001258
-0.001227
-0.001222
-0.001203
-0.001312
-0.001139
-0.001221
-0.001168
-0.001229
-0.001271
-0.001253
-0.001322
-0.001314
-0.001323
-0.001218
-0.001307
-0.001270
-0.001366
-0.001314
-0.001432
-0.001363
-0.001362
-0.001365
-0.001313
-0.001308
-0.001367
-0.001314
-0.001310
-0.001304
-0.001339
-0.001292
-0.001278
-0.001266
-0.001219
-0.001198
-0.001220
-0.001216
-0.001213
-0.001116
-0.001126
-0.001149
-0.001091
-0.001104
-0.001143
-0.001167
-0.001168
-0.001208
-0.001257
-0.001241
-0.001269
-0.001235
-0.001301
-0.001224
-0.001257
-0.001275
-0.001248
-0.001250
-0.001268
-0.001231
-0.001157
-0.001208
-0.001209
-0.001131
-0.001209
-0.001214
-0.001201
-0.001219
-0.001189
-0.001244
-0.001215
-0.001221
-0.001229
-0.001368
-0.001291
-0.001197
-0.001306
-0.001161
-0.001193
-0.001262
-0.001293
-0.001279
-0.001308
-0.001227
-0.001284
-0.001286
-0.001317
-0.001311
-0.001282
-0.001227
-0.001310
-0.001248
-0.001144
-0.001254
-0.001235
-0.001153
-0.001186
-0.001185
-0.001158
-0.001178
-0.001198
-0.001220
-0.001187
-0.001130
-0.001306
-0.001215
-0.001297
-0.001272
-0.001225
-0.001288
-0.001197
-0.001168
-0.001118
-0.001240
-0.001223
-0.001235
-0.001141
-0.001157
-0.001155
-0.001192
-0.001150
-0.001244
-0.001257
-0.001288
-0.001305
-0.001218
-0.001287
-0.001348
-0.001306
-0.001329
-0.001293
-0.001277
-0.001257
-0.001245
-0.001188
-0.001177
-0.001254
-0.001154
-0.001208
-0.001222
-0.001282
-0.001211
-0.001258
-0.001274
-0.001279
-0.001152
-0.001203
-0.001247
-0.001291
-0.001247
-0.001298
-0.001240
-0.001155
-0.001255
-0.001235
-0.001221
-0.001282
-0.001212
-0.001627
-0.001335
-0.001382
-0.001327
-0.001295
-0.001348
-0.001347
-0.001331
-0.001254
-0.001197
-0.001215
-0.001231
-0.001217
-0.001181
-0.001127
-0.001201
-0.001233
-0.001238
-0.001165
-0.001186
-0.001274
-0.001210
-0.001235
-0.001257
-0.001246
-0.001263
-0.001215
-0.001298
-0.001261
-0.001263
-0.001307
-0.001316
-0.001358
-0.001222
-0.001357
-0.001337
-0.001209
-0.001296
-0.001357
-0.001319
-0.001331
-0.001345
-0.001257
-0.001270
-0.001215
-0.001202
-0.001230
-0.001251
-0.001275
-0.001173
-0.001219
-0.001175
-0.001220
-0.001239
-0.001152
-0.001195
-0.001171
-0.001150
-0.001104
-0.001153
-0.001163
-0.001206
-0.001292
-0.001256
-0.001236
-0.001294
-0.001229
-0.001247
-0.001173
-0.001237
-0.001296
-0.001232
-0.001294
-0.001211
-0.001252
-0.001267
-0.001250
-0.001278
-0.001226
-0.001237
-0.001217
-0.001204
-0.001212
-0.001218
-0.001199
-0.001124
-0.001234
-0.001215
-0.001161
-0.001279
-0.001708
-0.001330
-0.001270
-0.001266
-0.001305
-0.001347
-0.001306
-0.001301
-0.001246
-0.001217
-0.001158
-0.001204
-0.001280
-0.001254
-0.001164
-0.001224
-0.001168
-0.001290
-0.001252
-0.001285
-0.001186
-0.001225
-0.001130
-0.001184
-0.001183
-0.001155
-0.001163
-0.001089
-0.001197
-0.001238
-0.001196
-0.001165
-0.001226
-0.001248
-0.001215
-0.001264
-0.001260
-0.001247
-0.001186
-0.001312
-0.001325
-0.001284
-0.001239
-0.001267
-0.001251
-0.001195
-0.001178
-0.001219
-0.001132
-0.001221
-0.001071
-0.001175
-0.001182
-0.001202
-0.001125
-0.001134
-0.001170
-0.001111
-0.001174
-0.001214
-0.001176
-0.001221
-0.001197
-0.001220
-0.001209
-0.001117
-0.001185
-0.001176
-0.001198
-0.001113
-0.001080
-0.001129
-0.001113
-0.001207
-0.001195
-0.001142
-0.001113
-0.001125
-0.001095
-0.001100
-0.001154
-0.001059
-0.001403
-0.001168
-0.001293
-0.001200
-0.001257
-0.001180
-0.001232
-0.001165
-0.001229
-0.001232
-0.001156
-0.001201
-0.001147
-0.001202
-0.001240
-0.001225
-0.001208
-0.001250
-0.001258
-0.001210
-0.001241
-0.001214
-0.001195
-0.001141
-0.001181
-0.001185
-0.001101
-0.001136
-0.001181
-0.001076
-0.001143
-0.001102
-0.001125
-0.001130
-0.001181
-0.001112
-0.001052
-0.001105
-0.001151
-0.001155
-0.001185
-0.001180
-0.001236
-0.001173
-0.001144
-0.001151
-0.001124
-0.001137
-0.001173
-0.001131
-0.001126
-0.001129
-0.001160
-0.001171
-0.001126
-0.001168
-0.001093
-0.001078
-0.001092
-0.001144
-0.001108
-0.001116
-0.001150
-0.001113
-0.001081
-0.001181
-0.001069
-0.001122
-0.001167
-0.001056
-0.001195
-0.001106
-0.001210
-0.001174
-0.001188
-0.001160
-0.001121
-0.001170
-0.001174
-0.001176
-0.001166
-0.001209
-0.001239
-0.001185
-0.001126
-0.001130
-0.001185
-0.001204
-0.001220
-0.001587
-0.001402
-0.001423
-0.001338
-0.001329
-0.001238
-0.001163
-0.001261
-0.001278
-0.001246
-0.001247
-0.001180
-0.001165
-0.001130
-0.001155
-0.001155
-0.001177
-0.001174
-0.001120
-0.001139
-0.001179
-0.001172
-0.001234
-0.001242
-0.001206
-0.001219
-0.001298
-0.001222
-0.001286
-0.001207
-0.001236
-0.001198
-0.001180
-0.001186
-0.001118
-0.001106
-0.001126
-0.001158
-0.001123
-0.001139
-0.001145
-0.001238
-0.001252
-0.001282
-0.001278
-0.001176
-0.001190
-0.001166
-0.001127
-0.001157
-0.001120
-0.001048
-0.001156
-0.001162
-0.001131
-0.001191
-0.001159
-0.001149
-0.001143
-0.001153
-0.001141
-0.001112
-0.001154
-0.001074
-0.001089
-0.001200
-0.001207
-0.001172
-0.001238
-0.001147
-0.001198
-0.001148
-0.001233
-0.001196
-0.001218
-0.001139
-0.001156
-0.001126
-0.001071
-0.001023
-0.001068
-0.001131
-0.001434
-0.001208
-0.001165
-0.001180
-0.001149
-0.001127
-0.001158
-0.001126
-0.001145
-0.001103
-0.001137
-0.001155
-0.001035
-0.001056
-0.001043
-0.001036
-0.001038
-0.001131
-0.001082
-0.001126
-0.001049
-0.001083
-0.001078
-0.001074
-0.001078
-0.001106
-0.001145
-0.001121
-0.001127
-0.001055
-0.001082
