2.347193
2.276742
2.220058
2.231480
2.212566
2.078946
2.114108
2.141700
2.015552
2.046343
2.048748
1.840522
1.820091
1.837709
1.686679
1.511163
1.608694
2.095503
1.963697
1.094949
1.263546
1.657844
1.917577
1.339888
1.034446
1.087113
1.503755
1.273463
0.663272
1.263418
0.965274
0.865553
0.735657
0.733441
0.688042
0.654244
0.818701
1.008947
0.795518
0.495032
0.744932
0.614124
0.915977
0.668072
0.624180
0.780529
0.990345
0.989784
0.863923
0.735275
0.666802
0.811684
0.444730
0.575161
0.346394
0.779670
0.725617
0.384937
0.588979
0.515259
0.469698
0.327088
0.852094
0.479589
0.375621
0.254137
0.447928
0.446985
0.653080
0.428111
0.231537
0.487989
0.338891
0.487627
0.387130
0.338790
0.249533
0.750478
0.405189
0.224885
0.255041
0.510029
0.629607
0.436019
0.379696
1.046102
0.312398
0.521970
0.435573
0.232518
0.574134
0.299293
0.325286
0.413620
0.271637
0.342172
0.315517
0.295865
0.354228
0.743463
0.183196
0.305037
0.514498
0.331359
0.299196
0.506868
0.678647
0.536549
0.568547
0.417698
0.315081
0.274934
0.227019
0.455580
0.229040
0.212608
0.207924
0.449685
0.358211
0.360677
0.229465
0.328354
0.297278
0.490873
0.444848
0.149348
0.210052
0.261777
0.378213
0.376856
0.269975
0.350419
0.156162
0.603881
0.476579
0.480445
0.311803
0.395946
0.308623
0.558904
0.397003
0.309354
0.253078
0.434198
0.461294
0.482296
0.235110
0.355148
0.382680
0.268680
0.332932
0.749110
0.468302
0.527226
0.546603
0.332574
0.426623
0.219731
0.466790
0.495731
0.507773
0.322946
0.289874
0.298789
0.262531
0.376245
0.357643
0.607129
0.342388
0.355289
0.482838
0.305256
0.297603
0.266223
0.287411
0.513769
0.261080
0.427078
0.378108
0.533635
0.394289
0.206139
0.464897
0.296413
0.485055
0.307693
0.217445
0.433757
0.215907
0.285372
0.227975
0.272893
0.444414
0.350430
0.307113
0.212398
0.288450
0.382814
0.529357
0.173917
0.258843
0.390158
0.474068
0.440998
0.195569
0.323423
0.276061
0.272519
0.402185
0.352167
0.406042
0.576903
0.303691
0.156224
0.513669
0.344098
0.445711
0.340726
0.314903
0.292870
0.410902
0.450998
0.338891
0.412093
0.271430
0.444275
0.263913
0.328957
0.438897
0.433852
0.289323
0.208765
0.199984
0.448068
0.342018
0.348116
0.453837
0.227374
0.518123
0.212991
0.399883
0.276271
0.246222
0.345035
0.621700
0.568413
0.111872
0.362259
0.354989
0.228592
0.139452
0.275391
0.442958
0.340218
0.284211
0.266096
0.306740
0.203787
0.454405
0.259208
0.304921
0.410951
0.224726
0.300070
0.347716
0.537024
0.355022
0.223441
0.331852
0.272211
0.343237
0.568060
0.357777
0.349417
0.313482
0.175547
0.161409
0.283259
0.448944
0.284274
0.228555
0.306206
0.360331
0.238930
0.278833
0.212885
0.280446
0.182429
0.224084
0.112237
0.339360
0.223795
0.317087
0.420997
0.270441
0.447549
0.204552
0.579993
0.262723
0.313409
0.314240
0.405608
0.206487
0.239076
0.345338
0.308555
0.198522
0.393840
0.173526
0.223501
0.300752
0.144159
0.265076
0.386358
0.309576
0.263621
0.183337
0.563091
0.614024
0.251776
0.359980
0.259194
0.276058
0.151029
0.309002
0.315651
0.656036
0.315570
0.387432
0.542342
0.258474
0.412349
0.629244
0.230770
0.380716
0.392740
0.360290
0.342353
0.323369
0.310551
0.219441
0.222215
0.228480
0.207630
0.334047
0.366573
0.486405
0.264597
0.093892
0.414493
0.521377
0.207907
0.273810
0.318539
0.238859
0.373464
0.265672
0.228340
0.247981
0.299237
0.419948
0.376630
0.251852
0.382158
0.182180
0.173330
0.210397
0.198594
0.217331
0.336937
0.321468
0.321232
0.269979
0.307389
0.289945
0.278235
0.127632
0.492624
0.254740
0.154144
0.208281
0.489821
0.263820
0.206298
0.476917
0.287066
0.261263
0.231606
0.276184
0.331796
0.556964
0.273347
0.170426
0.221494
0.257506
0.291096
0.364338
0.446832
0.208198
0.373858
0.407971
0.461516
0.254001
0.379936
0.260179
0.542628
0.350421
0.309705
0.254665
0.364267
0.410917
0.265990
0.518908
0.661777
0.251406
0.296362
0.277584
0.557628
0.298099
0.154287
0.226742
0.285396
0.561898
0.196112
0.147381
0.314699
0.236501
0.417004
0.519410
0.263889
0.373279
0.181853
0.231380
0.315159
0.273264
0.196089
0.265262
0.382777
0.321103
0.216698
0.210720
0.227087
0.345398
0.229988
0.456658
0.380354
0.235423
0.374260
0.481058
0.329377
0.279216
0.366472
0.466150
0.211304
0.384778
0.309970
0.315486
0.111244
0.293506
0.488978
0.265282
0.356778
0.225678
0.380508
0.374883
0.672147
0.385076
0.132629
0.220325
0.213922
0.320147
0.210326
0.272992
0.165719
0.453386
0.392165
0.347388
0.320010
0.231264
0.188517
0.206576
0.281827
0.290679
0.128129
0.188668
0.120653
0.139466
0.218132
0.204046
0.256740
0.512654
0.229241
0.271053
0.525642
0.198692
0.399925
0.286268
0.643711
0.370391
0.372554
0.262662
0.259477
0.404185
0.368846
0.146382
0.279179
0.173249
0.292687
0.266327
0.279392
0.326154
0.384408
0.196301
0.329477
0.132581
0.380263
0.273044
0.336144
0.176320
0.331435
0.173052
0.582626
0.358809
0.101739
0.240907
0.478273
0.374729
0.357865
0.139655
0.364719
0.320262
0.360608
0.353915
0.306173
0.359490
0.391395
0.185294
0.163609
0.175781
0.116595
0.223433
0.392220
0.147252
0.231264
0.133384
0.335709
0.182919
0.246223
0.286634
0.569034
0.446046
0.442689
0.426342
0.278922
0.419578
0.211446
0.432228
0.182167
0.323055
0.180813
0.410827
0.520611
0.323191
0.249650
0.409983
0.385885
0.508573
0.389658
0.405430
0.303243
0.534152
0.355770
0.290267
0.333975
0.323663
0.183937
0.172079
0.264112
0.221851
0.439426
0.148292
0.127963
0.464455
0.260744
0.194094
0.170691
0.212137
0.320958
0.249897
0.544548
0.268677
0.151158
0.358511
0.474009
0.310568
0.201445
0.471458
0.233875
0.270635
0.301811
0.400950
0.158922
0.326978
0.365955
0.552386
0.260483
0.305339
0.233738
0.310050
0.370572
0.368595
0.466067
0.216752
0.247005
0.456016
0.623523
0.313212
0.278135
0.182145
0.707764
0.585197
0.417003
0.400117
0.289449
0.394034
0.185195
0.275658
0.302132
0.292510
0.271715
0.309324
0.354185
0.302128
0.132700
0.418623
0.445577
0.294771
0.240534
0.406977
0.459902
0.356014
0.428345
0.239094
0.437557
0.387728
0.429555
0.376076
0.219526
0.306323
0.187266
0.365425
0.256606
0.328983
0.299007
0.155410
0.247824
0.228975
0.164718
0.289877
0.303283
0.183524
0.218772
0.325057
0.292462
0.361223
0.207897
0.265563
0.168145
0.394792
0.451225
0.289238
0.140621
0.453439
0.299319
0.279603
0.209147
0.120995
0.201915
0.330366
0.316804
0.352542
0.472634
0.474148
0.395924
0.166609
0.114340
0.235311
0.433473
0.192441
0.391260
0.230330
0.251788
0.389042
0.186727
0.207355
0.095618
0.186171
0.293036
0.331987
0.742373
0.658004
0.241069
0.347623
0.652358
0.584925
0.253790
0.246108
0.163330
0.313146
0.260558
0.274456
0.166261
0.500417
0.201435
0.302370
0.643622
0.359262
0.198836
0.304187
0.571668
0.354636
0.237520
0.270181
0.409866
0.238264
0.294771
0.204151
0.320641
0.372518
0.274020
0.265148
0.242205
0.253636
0.269456
0.215632
0.337888
0.133279
0.185198
0.109887
0.211134
0.493176
0.340587
0.257995
0.323797
0.516882
0.400721
0.268035
0.235018
0.235373
0.495405
0.451009
0.553053
0.258688
0.241610
0.261177
0.810609
0.390313
0.448950
0.234190
0.372751
0.259151
0.259817
0.184705
0.270109
0.165604
0.648423
0.435528
0.252719
0.667980
0.188708
0.275387
0.195497
0.208573
0.262774
0.284205
0.279997
0.197151
0.169412
0.193530
0.127318
0.155771
0.228616
0.171158
0.231109
0.444242
0.367702
0.290507
0.151333
0.395635
0.368196
0.417992
0.486012
0.247888
0.283351
0.170914
0.221714
0.426237
0.272414
0.259294
0.217646
0.477206
0.525763
0.304923
0.478545
0.342741
0.368706
0.201683
0.409369
0.248106
0.351529
0.276095
0.168838
0.220516
0.475009
0.193271
0.152158
0.241222
0.255991
0.175713
0.140462
0.430708
0.217056
0.228674
0.121499
0.275508
0.287884
0.206878
0.355754
0.320928
0.273498
0.235451
0.293053
0.151040
0.103801
0.157966
0.238310
0.113713
0.187395
0.209210
0.250905
0.247285
0.323089
0.229781
0.319318
0.541185
0.271783
0.465494
0.336840
0.244355
0.368721
0.349391
0.170478
0.240405
0.292765
0.311476
0.368390
0.350686
0.446138
0.409411
0.461957
0.200155
0.234533
0.420821
0.206942
0.345670
0.190542
0.220236
0.324067
0.437707
0.301026
0.208964
0.171841
0.171846
0.340407
0.786061
1.669579
0.775438
0.459795
0.387925
0.488368
0.235831
0.171336
0.296768
0.426744
0.425369
0.268551
0.422879
0.231049
0.326799
0.322914
0.346205
0.273542
0.163613
0.164443
0.220982
0.359122
0.213558
0.233820
0.402594
0.216600
0.189026
0.270662
0.184354
0.277679
0.531390
0.599442
0.983056
0.318775
0.325758
0.392509
0.404249
0.210247
0.331712
0.324109
0.461191
0.653074
0.325644
0.199207
0.252578
0.199269
0.229349
0.204112
0.315133
0.251533
0.126372
0.340806
0.330270
0.617105
0.397792
0.406291
0.315303
0.374965
0.377016
0.267286
0.187959
0.297723
0.343179
0.199911
0.248046
0.108200
0.335018
0.121272
0.173391
0.175945
0.224226
0.179202
0.144290
0.236284
0.294284
0.395478
0.685649
0.217692
0.251584
0.390816
0.272059
0.317493
0.158235
0.298140
0.141773
0.188820
0.235947
0.235892
0.178105
0.235071
0.187454
0.107250
0.313629
0.293222
0.293210
0.332210
0.177199
0.308627
0.220654
0.346996
0.213103
0.353321
0.332811
0.191948
0.320586
0.235944
0.521728
0.794797
0.564159
0.315896
0.332009
0.239894
0.344477
0.371012
0.567229
0.488342
0.350556
0.278347
0.202422
0.322994
0.328944
0.428464
0.224952
0.217552
0.275545
0.271126
0.191787
0.206530
0.157053
0.369437
0.313935
0.129576
0.230924
0.140654
0.299008
0.170964
0.246813
0.346842
0.257573
0.241730
0.334562
0.301342
0.379495
0.235619
0.296729
0.246592
0.295255
0.262711
0.277733
0.224352
0.474936
0.367704
0.332272
0.222469
0.243034
0.199776
0.199570
0.277506
0.360878
0.301050
0.438324
0.381788
0.315761
0.232575
0.226069
0.213006
0.217259
0.227289
0.327187
0.306374
0.256731
0.415337
0.491780
0.207808
0.291340
0.290155
0.246423
0.249607
0.289788
0.170645
0.314119
0.413049
0.322236
0.289432
0.453739
0.614394
0.311939
0.455097
0.451568
0.308743
0.213871
0.413130
0.299292
0.357569
0.155698
0.697604
0.188880
0.426879
0.402221
0.246768
0.330270
0.185907
0.125016
0.243783
0.273255
0.435122
0.243043
0.479869
0.189355
0.402978
0.369126
0.179504
0.243877
0.399313
0.416560
0.308214
0.514378
0.483232
0.701996
0.517635
0.383220
0.291719
0.230014
0.219573
0.226543
0.457130
0.412299
0.424045
0.265776
0.357394
0.496018
0.479317
0.094511
0.351186
0.282239
0.179959
0.172350
0.234279
0.254285
0.308938
0.441495
0.337499
0.366977
0.186225
0.435152
0.230722
0.181630
0.234809
0.409438
0.163693
0.232479
0.343649
0.168537
0.297033
0.471265
0.238244
0.218596
0.277538
0.258253
0.254513
0.306818
0.287957
0.488023
0.501342
0.359039
0.397767
0.494618
0.411446
0.273943
0.204150
0.442850
0.271147
0.320188
0.209942
0.315966
0.184342
0.361393
0.233845
0.165037
0.189333
0.365863
0.268051
0.292232
0.443461
0.433525
0.236730
0.268234
0.155290
0.278875
0.195831
0.232094
0.205032
0.397248
0.410881
0.186332
0.302673
0.259157
0.548671
0.172782
0.252090
0.287951
0.455498
0.288478
0.410313
0.227205
0.226939
0.290796
0.209940
0.176506
0.167949
0.258585
0.116054
0.144570
0.153589
0.189127
0.204420
0.291786
0.510820
0.450938
0.408316
0.292028
0.252958
0.348995
0.319180
0.495992
0.171043
0.320640
0.278061
0.242054
0.287977
0.377327
0.170201
0.136826
0.177481
0.288027
0.261177
0.471353
0.184700
0.286679
0.155812
0.197086
0.283861
0.489476
0.449944
0.372935
0.190593
0.473845
0.129484
0.125943
0.325662
0.171117
0.317783
0.411861
0.363819
0.205735
0.345196
0.350787
0.427402
0.462501
0.193418
0.226040
0.315945
0.316949
0.337525
0.244296
0.305353
0.148701
0.181193
0.361281
0.269588
0.488841
0.604536
0.275284
0.894726
0.904222
1.271990
0.266305
0.238828
0.308299
0.360513
0.207876
0.368068
0.400466
0.283404
0.139855
0.185426
0.229857
0.254321
0.243324
0.220551
0.393175
0.195539
0.217954
0.193741
0.324431
0.354626
0.230904
0.265300
0.362502
0.381233
0.309050
0.307430
0.185088
0.368245
0.238389
0.166379
0.415937
0.338296
0.244060
0.397156
0.232670
0.219306
0.206752
0.287680
0.299017
0.294964
0.346321
0.205250
0.363424
0.170765
0.324473
0.290897
0.300142
0.305241
0.336000
0.246226
0.280764
0.155442
0.176203
0.266987
0.385658
0.322072
0.334291
0.517637
0.191732
0.264725
0.167476
0.147681
0.248218
0.287444
0.260086
0.238022
0.319682
0.252698
0.159989
0.204698
0.232678
0.378368
0.123442
0.284374
0.111817
0.260538
0.310813
0.344418
0.310805
0.313502
0.139937
0.281164
0.271692
0.249782
0.283104
0.154154
0.305584
0.247290
0.294037
0.300948
0.294653
0.259675
0.239023
0.329654
0.276867
0.275441
0.160983
0.223562
0.278692
0.394644
0.520197
0.523185
0.320371
0.348560
0.183962
0.191659
0.251442
0.387966
0.643461
0.551692
0.350935
0.320714
0.572267
0.512135
0.459819
0.390118
0.286411
0.263122
0.178690
0.206995
0.407213
0.297859
0.485870
0.351881
0.237242
0.632981
0.281671
0.204676
0.193697
0.295138
0.167057
0.279644
0.277384
0.421769
0.227913
0.258117
0.503347
0.601399
0.161461
0.189008
0.253391
0.353547
0.184345
0.298378
0.377673
0.370680
0.275914
0.366434
0.353331
0.382679
0.189281
0.246768
0.177711
0.145277
0.178119
0.402619
0.158710
0.543710
0.427050
0.297059
0.358215
0.251520
0.206078
0.252690
0.517368
0.265043
0.165885
0.342904
0.235341
0.256252
0.231772
0.130074
0.440240
0.330765
0.327803
0.146281
0.301103
0.248067
0.243154
0.139863
0.253129
0.231969
0.408910
0.208805
0.328001
0.469115
0.334746
0.270566
0.294804
0.385734
0.399599
0.207080
0.198791
0.354424
0.231309
0.293457
0.324911
0.192153
0.214908
0.199479
0.393448
0.306340
0.398658
0.369943
0.215672
0.254981
0.327847
0.294152
0.252826
0.151666
0.368778
0.232510
0.238864
0.233206
0.377778
0.424145
0.254481
0.097034
0.386343
0.138025
0.498097
0.295669
0.250197
0.387716
0.411464
0.341836
0.359681
0.228511
0.182830
0.450064
0.467695
0.731911
0.170596
0.312690
0.400303
0.349574
0.127889
0.360154
0.193123
0.594133
0.314138
0.315644
0.254628
0.248095
0.242859
0.150721
0.222214
0.467886
0.282987
0.425104
0.490864
0.328209
0.185091
0.356217
0.331383
0.226531
0.227900
0.456071
0.542522
0.474049
0.249093
0.225900
0.216967
0.281009
0.274784
0.146271
0.244652
0.437832
0.290414
0.218218
0.188958
0.421871
0.155993
0.244280
0.223043
0.165465
0.239181
0.223847
0.259932
0.116241
0.517245
0.178050
0.143817
0.326543
0.224612
0.235539
0.585898
0.400479
0.407801
0.374437
0.508233
0.390621
0.588924
0.159471
0.349624
0.245918
0.379416
0.404991
0.320647
0.685408
0.228086
0.375527
0.261098
0.241879
0.154756
0.160847
0.174851
0.148922
0.278212
0.107162
0.451079
0.354872
0.248739
0.466314
0.380919
0.316185
0.152181
0.287261
0.266033
0.197507
0.439041
0.318049
0.193106
0.269741
0.251984
0.295386
0.148565
0.251611
0.115558
0.174575
0.301846
0.274924
0.199923
0.168260
0.260957
0.195255
0.285445
0.242480
0.413032
0.182908
0.219744
0.338078
0.261580
0.249630
0.331214
0.607913
0.254231
0.405424
0.238634
0.307864
0.415081
0.291152
0.246050
0.333433
0.239567
0.216596
0.363472
0.224685
0.198597
0.374320
0.249351
0.440520
0.139645
0.353330
0.367595
0.298010
0.227201
0.240945
0.306282
0.363345
0.189577
0.269751
0.218268
0.199626
0.348313
0.175893
0.370017
0.310819
0.426161
0.274944
0.490606
0.314551
0.308574
0.428194
0.307573
0.225522
0.250214
0.264352
0.224769
0.289462
0.480325
0.423076
0.344891
0.327168
0.208942
0.282099
0.201872
0.297250
0.340473
0.483629
0.503167
0.219405
0.325378
0.393540
0.274645
0.106316
0.148763
0.287784
0.280928
0.411449
0.129558
0.246209
0.108516
0.165199
0.236988
0.304853
0.368254
0.616694
0.334411
0.351856
0.448332
0.359660
0.228125
0.401315
0.420577
0.441815
0.487170
0.271448
0.184718
0.310193
0.212320
0.146190
0.150078
0.288567
0.324276
0.443289
0.238711
0.233816
0.417642
0.219994
0.257457
0.109915
0.267724
0.271733
0.321780
0.338704
0.192103
0.112101
0.268312
0.313834
0.274350
0.366084
0.334062
0.336394
0.296325
0.342652
0.481814
0.417215
0.192354
0.163338
0.218988
0.237768
0.256960
0.204522
0.298819
0.202337
0.471462
0.279694
0.210527
0.132298
0.148092
0.144984
0.378884
0.314864
0.399527
0.491984
0.377914
0.343624
0.407301
0.157514
0.225610
0.241988
0.280044
0.500945
0.206693
0.267917
0.148492
0.229791
0.540141
0.394076
0.358986
0.329058
0.359551
0.493379
0.280564
0.345702
0.254300
0.181059
0.308516
0.137431
0.279652
0.193360
0.099877
0.305325
0.244689
0.306333
0.413022
0.328201
0.207658
0.326957
0.406742
0.135176
0.342683
0.313859
0.492540
0.238271
0.254414
0.273209
0.363016
0.376559
0.293249
0.298894
0.187122
0.418650
0.468140
0.659111
0.654669
0.383191
0.182873
0.334488
0.265161
0.382541
0.308391
0.151740
0.186523
0.307861
0.290274
0.225997
0.338285
0.234346
0.241033
0.305632
0.357811
0.172577
0.257693
0.275884
0.498528
0.270749
0.190164
0.402378
0.163852
0.167337
0.492119
0.359667
0.474017
0.242648
0.310568
0.233452
0.183388
0.380240
0.179273
0.480604
0.497607
0.496288
0.210369
0.319650
0.128828
0.363999
0.299738
0.391570
0.394598
0.372545
0.207787
0.262362
0.250779
0.134445
0.340765
0.632461
0.288438
0.093921
0.279762
0.141924
0.136534
0.123945
0.145136
0.389631
0.291721
0.385174
0.492253
0.250327
0.314244
0.349203
0.329944
0.508565
0.504012
0.316761
0.212162
0.275704
0.193177
0.297005
0.165561
0.272189
0.521125
0.484666
0.315896
0.398332
0.287707
0.308035
0.322258
0.262941
0.240888
0.278159
0.258525
0.377416
0.238049
0.434870
0.338685
0.168230
0.165776
0.437010
0.159211
0.161412
0.244355
0.227332
0.222726
0.150718
0.225717
0.441878
0.291016
0.258818
0.126879
0.246453
0.259087
0.229376
0.486858
0.568799
0.163682
0.149476
0.163048
0.176812
0.265421
0.333528
0.185241
0.279040
0.164689
0.477409
0.439967
0.545949
0.297066
0.153322
0.319119
0.272246
0.337952
0.241422
0.417985
0.421203
0.163483
0.221897
0.373002
0.331328
0.429344
0.357392
0.169514
0.213661
0.269050
0.238811
0.200026
0.350400
0.272547
0.260058
0.189373
0.174808
0.116649
0.293909
0.368396
0.355012
0.169573
0.226151
0.379175
0.141243
0.150514
0.218657
0.378447
0.204308
0.243213
0.332114
0.480011
0.410574
0.359201
0.269379
0.493850
0.241675
0.306511
0.315423
0.330422
0.255606
0.200414
0.426217
0.090588
0.259963
0.443930
0.371307
0.380377
0.193903
0.194853
0.270845
0.343614
0.273081
0.358544
0.314677
0.393758
0.545107
0.280166
0.297314
0.320589
0.141544
0.255067
0.225738
0.528645
0.142771
0.353074
0.214400
0.204912
0.446988
0.379761
0.366904
0.227432
0.427387
0.440650
0.237215
0.273352
0.335669
0.274519
0.279548
0.286360
0.136127
0.473010
0.377886
0.385326
0.167814
0.314210
0.302130
0.213736
0.210911
0.365133
0.245173
0.194603
0.174171
0.232218
0.183226
0.464143
0.263685
0.285943
0.287472
0.200625
0.240055
0.246647
0.263496
0.311616
0.358025
0.283180
0.336357
0.168884
0.173984
0.221089
0.294236
0.358243
0.269626
0.254075
0.429706
0.242733
0.373516
0.291277
0.455596
0.142068
0.198677
0.445445
0.270482
0.282836
0.269489
0.190539
0.324110
0.142204
0.137016
0.120336
0.228131
0.135931
0.191949
0.807852
0.374665
0.252190
0.261255
0.168526
0.215746
0.120959
0.333616
0.254159
0.253225
0.319358
0.218207
0.434239
0.267889
0.329418
0.243091
0.298496
0.407492
0.158885
0.239833
0.242911
0.275989
0.409956
0.673238
0.266780
0.317529
0.227008
0.395071
0.282905
0.415345
0.304390
0.498942
0.196305
0.412916
0.209080
0.244494
0.225727
0.314624
0.518813
0.355522
0.257856
0.289338
0.305254
0.302768
0.191756
0.378856
0.226999
0.317613
0.411589
0.220513
0.407700
0.277314
0.394648
0.215947
0.334877
0.151362
0.213137
0.632903
0.425037
0.368602
0.164732
0.340909
0.231181
0.225612
0.288297
0.221304
0.185704
0.178026
0.458536
0.227935
0.233770
0.363944
0.178761
0.121111
0.177618
0.365630
0.270758
0.308042
0.247359
0.417735
0.443678
0.313387
0.223572
0.284009
0.232109
0.214049
0.157356
0.156308
0.229006
0.447941
0.378949
0.248356
0.247815
0.313679
0.316259
0.375838
0.280405
0.358309
0.434257
0.232964
0.364436
0.275331
0.272816
0.260342
0.264645
0.288546
0.137197
0.312955
0.444833
0.406693
0.352559
0.340177
0.277636
0.230619
0.338873
0.265682
0.309976
0.295800
0.410762
0.409203
0.377994
0.207965
0.303900
0.295721
0.201258
0.471837
0.256520
0.171988
0.260055
0.478731
0.529958
0.306838
0.301567
0.139099
0.248490
0.153257
0.129530
0.373658
0.231464
0.122757
0.221326
0.200482
0.138934
0.299353
0.533867
0.629069
1.120568
0.213075
0.504820
0.165041
0.375114
0.261425
0.189279
0.135164
0.190095
0.225826
0.262228
0.261899
0.339114
0.213606
0.205860
0.128964
0.223073
0.218146
0.248771
0.679313
0.493630
0.218315
0.228152
0.332437
0.337677
0.424052
0.246550
0.239402
0.209031
0.380472
0.418160
0.375018
0.157208
0.185135
0.326602
0.298272
0.351415
0.454642
0.357418
0.196210
0.182504
0.219855
0.293548
0.149554
0.265938
0.309945
0.265657
0.439095
0.662089
0.423708
0.444582
0.253642
0.179336
0.244720
0.196058
0.200094
0.225059
0.502944
0.639443
0.194277
0.277323
0.595138
0.284538
0.196611
0.154765
0.159658
0.235529
0.265312
0.530779
0.424122
0.294877
0.278125
0.128034
0.289336
0.410953
0.429560
0.198912
0.302589
0.250663
0.306837
0.340422
0.162263
0.220354
0.135002
0.519710
0.398823
0.149299
0.274605
0.252203
0.318652
0.219470
0.106599
0.256198
0.241550
0.229013
0.153933
0.253139
0.327418
0.251507
0.266088
0.195696
0.211662
0.342653
0.182500
0.302910
0.168622
0.208163
0.117678
0.454149
0.272844
0.326717
0.392281
0.307380
0.147777
0.180404
0.324978
0.421171
0.313423
0.237118
0.422185
0.256543
0.191249
0.202019
0.225618
0.205234
0.440465
0.727725
0.251053
0.408703
0.244462
0.347633
0.224017
0.263160
0.352598
0.148459
0.187033
0.258210
0.219850
0.319429
0.467626
0.270930
0.124431
0.289571
0.362750
0.397204
0.314520
0.449769
0.402446
0.285804
0.336521
0.300173
0.599526
0.425965
0.384816
0.284791
0.422970
0.215922
0.090519
0.299581
0.193936
0.283713
0.644549
0.377127
0.411094
0.315724
0.353844
0.273530
0.321055
0.428264
0.243016
0.167762
0.134009
0.284410
0.145796
0.266426
0.188734
0.382836
0.235740
0.244385
0.220729
0.113523
0.162348
0.169402
0.144830
0.152544
0.135242
0.305559
0.217821
0.260230
0.274706
0.382418
0.182577
0.270412
0.207473
0.297285
0.401254
0.225896
0.325368
0.260757
0.192489
0.152824
0.248639
0.203839
0.293878
0.162328
0.283905
0.400582
0.390310
0.187473
0.285235
0.267657
0.231287
0.188761
0.424076
0.308420
0.287883
0.274861
0.215814
0.387029
0.406451
0.166960
0.167660
0.245854
0.247512
0.329825
0.238577
0.179948
0.385404
0.490552
0.385258
0.261824
0.423006
0.442036
0.174476
0.403883
0.250178
0.336989
0.551286
0.189083
0.314966
0.396555
0.230204
0.224962
0.356678
0.681956
0.419938
0.305671
0.207829
0.427706
0.308352
0.375600
0.444900
0.310672
0.151564
0.233756
0.161517
0.248410
0.323347
0.532674
0.348818
0.309194
0.318413
0.209332
0.451828
0.348847
0.302877
0.266814
0.120439
0.255262
0.427185
0.449455
0.206934
0.264214
0.292424
0.177418
0.262539
0.349648
0.232249
0.237451
0.170175
0.253347
0.125890
0.177909
0.180290
0.244888
0.258275
0.184505
0.323586
0.496412
0.312720
0.350612
0.187065
0.163855
0.277214
0.135157
0.188523
0.430378
0.551476
0.365226
0.285167
0.364533
0.456818
0.227057
0.452797
0.399646
0.431720
0.306054
0.176471
0.197676
0.284884
0.323981
0.077672
0.265022
0.425711
0.429695
0.416180
0.185512
0.402728
0.345351
0.361917
0.324113
0.272372
0.193381
0.311809
0.237876
0.367521
0.424611
0.233535
0.257887
0.390407
0.280840
0.342933
0.231278
0.265502
0.213042
0.156846
0.224943
0.280490
0.225338
0.332273
0.327190
0.446465
0.135985
0.227578
0.391908
0.325685
0.197664
0.306641
0.176464
0.171420
0.311958
0.560329
0.545120
0.360817
0.275588
0.171498
0.404674
0.143600
0.337742
0.231461
0.340264
0.265540
0.614539
0.342328
0.493385
0.352428
0.224568
0.222491
0.286647
0.212146
0.451551
0.398664
0.400582
0.242595
0.330469
0.387164
0.220697
0.329442
0.107651
0.181823
0.215756
0.138823
0.272073
0.291533
0.336327
0.260413
0.211646
0.497077
0.244648
0.266728
0.350052
0.418662
0.155195
0.256183
0.245734
0.384877
0.244695
0.126128
0.157084
0.179672
0.205784
0.204960
0.296050
0.362486
0.206682
0.359278
0.392228
0.374769
0.296712
0.396624
0.402312
0.339521
0.287089
0.398641
0.173675
0.322969
0.530679
0.108628
0.317679
0.205395
0.306043
0.154056
0.232419
0.265218
0.315864
0.179109
0.295427
0.360829
0.128784
0.252365
0.297683
0.360190
0.403444
0.322201
0.183262
0.155970
0.302146
0.255152
0.310519
0.356440
0.231477
0.364738
0.229067
0.121710
0.200616
0.141398
0.376256
0.194804
0.195823
0.267273
0.204244
0.207588
0.176877
0.145613
0.367336
0.294055
0.233638
0.098850
0.207681
0.212697
0.521616
0.292398
0.192644
0.262796
0.666537
0.810427
0.368400
0.354625
0.367159
0.288882
0.328289
0.338833
0.204018
0.250362
0.170814
0.151661
0.377438
0.148706
0.261316
0.181800
0.327026
0.429360
0.271068
0.125943
0.407317
0.192781
0.291014
0.165760
0.249347
0.174560
0.172767
0.176890
0.188004
0.334001
0.703299
0.699982
0.419540
0.244634
0.129507
0.256226
0.230625
0.242024
0.495982
0.431809
0.416488
0.289551
0.259579
0.240430
0.129078
0.140258
0.188981
0.358065
0.279969
0.321732
0.181196
0.402043
0.388403
0.236491
0.216455
0.509482
0.405790
0.264868
0.201569
0.425063
0.185983
0.090796
0.167041
0.365307
0.450522
0.257519
0.349789
0.430336
0.359706
0.290014
0.355610
0.543894
0.243510
0.177721
0.329823
0.210944
0.151443
0.224535
0.098278
0.316457
0.352153
0.281621
0.219341
0.418258
0.183849
0.305136
0.214773
0.299683
0.178126
0.361378
0.198571
0.190993
0.194465
0.201629
0.324798
0.458654
0.261303
0.175773
0.276939
0.275616
0.124751
0.255648
0.352479
0.349032
0.162700
0.341291
0.254307
0.392636
0.431121
0.161751
0.240091
0.186703
0.234592
0.201190
0.429143
0.496208
0.298657
0.201650
0.365523
0.261707
0.451115
0.293119
0.444156
0.326447
0.250191
0.216983
0.223478
0.244304
0.138442
0.237620
0.189554
0.541665
0.292265
0.250269
0.316718
0.539804
0.259047
0.375063
0.244006
0.189644
0.203356
0.202947
0.263359
0.515759
0.719571
0.489388
0.343927
0.377469
0.365266
0.270962
0.276534
0.321763
0.302179
0.737466
0.188800
0.249241
0.215170
0.260545
0.268511
1.032077
1.771948
1.714168
0.746310
0.907372
0.517080
0.480692
0.574052
0.432892
0.393047
0.303966
0.501130
0.234096
0.210753
0.562532
0.318227
0.397666
0.288445
0.334243
0.401117
0.264873
0.179269
0.289792
0.199182
0.183390
0.369288
0.159978
0.347332
0.359704
0.183326
0.269312
0.199814
0.242436
0.348698
0.265113
0.290169
0.262155
0.183353
0.264622
0.299516
0.259756
0.296575
0.411962
0.149254
0.427622
0.133480
0.302814
0.256366
0.243381
0.232414
0.211291
0.197484
0.258678
0.270266
0.260690
0.188886
0.291892
0.303142
0.115568
0.274119
0.263286
0.191226
0.188821
0.381822
0.712286
0.423861
0.339303
0.176484
0.225325
0.137517
0.185887
0.367144
0.208871
0.251983
0.313306
0.687913
0.451398
0.576466
0.448959
0.260850
0.339543
0.283648
0.323358
0.303750
0.356702
0.275191
0.275847
0.255912
0.339304
0.293492
0.270400
0.308984
0.235101
0.169911
0.180786
0.290366
0.285746
0.240663
0.221625
0.181349
0.271895
0.143009
0.259934
0.193143
0.289137
0.179306
0.161998
0.500000
0.280385
0.194925
0.312146
0.189832
0.227996
0.178087
0.202234
0.159502
0.326777
0.203666
0.275548
0.252220
0.209152
0.545524
0.618839
0.890145
0.483834
0.289115
0.338286
0.418742
0.234351
0.259385
0.237530
0.378727
0.159927
0.133841
0.455214
0.200787
0.220449
0.152752
0.240232
0.332655
0.220747
0.329402
0.119995
0.370664
0.305530
0.476872
0.267503
0.147358
0.306479
0.237680
0.478647
0.166196
0.415752
0.205048
0.345656
0.145732
0.327822
0.306295
0.155691
0.189862
0.347834
0.194579
0.127348
0.322723
0.376354
0.186690
0.185652
0.192999
0.336464
0.176888
0.194636
0.217366
0.269908
0.114565
0.284854
0.355675
0.244022
0.315511
0.330224
0.152312
0.400920
0.320136
0.110764
0.049329
0.537930
0.546351
0.391146
0.228361
0.482957
0.322267
0.272211
0.367121
0.173829
0.393367
0.155355
0.268909
0.546265
0.578858
0.437959
0.399035
0.199222
0.290213
0.351180
0.236647
0.276808
0.221426
0.239454
0.246473
0.290344
0.385399
0.229447
0.292580
0.094743
0.225417
0.298737
0.396709
0.170912
0.199117
0.232512
0.373021
0.376419
0.315240
0.374492
0.310968
0.258627
0.235139
0.171909
0.393457
0.481290
0.195108
0.367259
0.364400
0.285993
0.338605
0.315497
0.209980
0.264702
0.211899
0.153638
0.201365
0.173960
0.456599
0.308395
0.242497
0.352591
0.235653
0.268832
0.358092
0.271698
0.251517
0.153244
0.242812
0.236965
0.258158
0.177894
0.271657
0.435456
0.322754
0.265417
0.212673
0.257704
0.425528
0.275907
0.216456
0.313068
0.242419
0.322155
0.471181
0.473545
0.256800
0.292788
0.416657
0.101506
0.097935
0.466584
0.334125
0.259007
0.415162
0.342191
0.216650
0.153623
0.360333
0.451737
0.474375
0.307001
0.302977
0.363967
0.210777
0.149300
0.165885
0.339328
0.344944
0.107909
0.375910
0.136108
0.290840
0.218951
0.158670
0.211673
0.214578
0.100426
0.343668
0.383965
0.273251
0.381245
0.194533
0.215053
0.370533
0.349778
0.216736
0.184381
0.251996
0.302467
0.204411
0.540262
0.368506
0.545335
0.415729
0.358795
0.277804
0.140536
0.141312
0.370382
0.396345
0.280607
0.373689
0.447742
0.340055
0.133837
0.317224
0.193046
0.145439
0.354710
0.223505
0.411465
0.310467
0.163443
0.296431
0.232691
0.440165
0.359166
0.426924
0.208199
0.212082
0.216926
0.332353
0.207257
0.195100
0.203033
0.124038
0.141897
0.263128
0.203856
0.150835
0.406313
0.335842
0.257937
0.285202
0.231992
0.462457
0.211825
0.222974
0.210265
0.230553
0.188754
0.166317
0.517024
0.235326
0.131776
0.226042
0.322154
0.157909
0.289238
0.105034
0.227120
0.297163
0.467003
0.416015
0.215627
0.230723
0.377109
0.271645
0.275359
0.169722
0.111274
0.260332
0.174882
0.261883
0.276418
0.436932
0.326021
0.318023
0.285808
0.338738
0.323139
0.190178
0.124419
0.187349
0.251557
0.219547
0.239058
0.376292
0.209343
0.298859
0.175750
0.135816
0.310026
0.156012
0.329010
0.195934
0.421936
0.430713
0.254481
0.190066
0.670345
0.390702
0.299774
0.711539
0.460518
0.402579
0.441589
0.306113
0.178933
0.412072
0.166628
0.505344
0.494516
0.328596
0.290466
0.224228
0.241158
0.345087
0.253618
0.194275
0.421358
0.250100
0.225006
0.383428
0.304938
0.270154
0.210963
0.217222
0.367728
0.213897
0.194831
0.375802
0.171841
0.289315
0.312486
0.235763
0.261634
0.233714
0.149500
0.193738
0.279384
0.412990
0.328151
0.271776
0.367279
0.436906
0.388504
0.499604
0.428916
0.216381
0.245599
0.304165
0.342435
0.206671
0.323575
1.036409
0.564816
0.400456
0.449065
0.256054
0.487225
0.435953
0.364843
0.425397
0.286843
0.188592
0.124124
0.127753
0.285131
0.221717
0.187140
0.134852
0.195801
0.207625
0.291876
0.367982
0.274816
0.298113
0.192147
0.434860
0.227330
0.310696
0.143995
0.208816
0.264267
0.220375
0.398556
0.218056
0.160746
0.228539
0.158068
0.248642
0.532042
0.481969
0.396460
0.396862
0.344601
0.454230
0.200421
0.288184
0.224397
0.253910
0.096061
0.140442
0.238952
0.313187
0.369074
0.435812
0.168085
0.337562
0.292601
0.291143
0.314897
0.221049
0.152686
0.240512
0.191534
0.350757
0.352843
0.383588
0.276275
0.420446
0.381416
0.334358
0.277934
0.377135
0.265435
0.430473
0.211499
0.174884
0.230058
0.450759
0.264820
0.181044
0.168282
0.372045
0.511493
0.356179
0.525012
0.333941
0.146727
0.267452
0.410454
0.436612
0.135572
0.460907
0.213007
0.297189
0.233639
0.335795
0.272232
0.298693
0.224985
0.471041
0.308124
0.200289
0.458378
0.341869
0.361111
0.206209
0.123266
0.350381
0.264891
0.320452
0.163628
0.223057
0.333139
0.158960
0.155514
0.140796
0.299442
0.180962
0.303656
0.336922
0.231614
0.550894
0.242625
0.280945
0.378167
0.378428
0.393638
0.397171
0.329926
0.371935
0.225390
0.234080
0.306170
0.085113
0.151550
0.280421
0.333111
0.288826
0.297361
0.218220
0.168284
0.197277
0.299358
0.259605
0.281089
0.285070
0.261157
0.117005
0.475497
0.250694
0.334542
0.504828
0.593887
0.290414
0.278933
0.254309
0.240935
0.442091
0.319490
0.410716
0.385760
0.180472
0.191503
0.346619
0.231128
0.296717
0.144547
0.224656
0.241919
0.226140
0.162937
0.511837
0.416219
0.190279
0.202967
0.342088
0.287454
0.185882
0.260624
0.341579
0.507934
0.291195
0.228778
0.184743
0.221639
0.201478
0.095334
0.387122
0.509225
0.164325
0.275550
0.303410
0.329120
0.307290
0.339593
0.537271
0.238268
0.272202
0.202864
0.198110
0.166489
0.149716
0.388298
0.358441
0.222002
0.336674
0.280340
0.392307
0.263197
0.187300
0.196506
0.304651
0.246295
0.130633
0.163804
0.237965
0.152476
0.370125
0.383805
0.408933
0.432650
0.189860
0.173396
0.183795
0.306753
0.184796
0.417880
0.250927
0.252561
0.421114
0.307375
0.171531
0.306621
0.635872
0.349644
0.514086
0.355215
0.245929
0.510875
0.443204
0.441250
0.542673
0.285106
0.241265
0.169176
0.290583
0.265255
0.207402
0.242942
0.128500
0.454338
0.363790
0.462649
0.237183
0.490035
0.283339
0.299195
0.228792
0.325920
0.315038
0.258428
0.140481
0.297880
0.200213
0.133915
0.257303
0.287577
0.257522
0.251796
0.425193
0.271578
0.296547
0.335895
0.454677
0.291599
0.109103
0.250070
0.318871
0.257283
0.211529
0.438008
0.350082
0.442338
0.330332
0.214798
0.205656
0.357839
0.203627
0.257953
0.195965
0.167976
0.321870
0.146431
0.354423
0.258268
0.244807
0.152124
0.181504
0.269708
0.266912
0.168374
0.187094
0.181899
0.119617
0.289600
0.271806
0.284380
0.218737
0.600456
0.535478
0.700011
0.583367
0.477106
0.518472
0.256911
0.222505
0.185872
0.442659
0.367490
0.246843
0.487616
0.445264
0.541748
0.181206
0.182186
0.266967
0.395667
0.565518
0.242288
0.216372
0.492405
0.373186
0.122403
0.351547
0.227967
0.207937
0.296782
0.164229
0.294575
0.294239
0.233454
0.271671
0.257150
0.313022
0.142975
0.347481
0.202689
0.287536
0.306057
0.263229
0.347660
0.161955
0.249352
0.325545
0.198400
0.148392
0.496328
0.319191
0.239905
0.208386
0.210956
0.320942
0.122460
0.168471
0.196960
0.314878
0.444320
0.339754
0.322282
0.339057
0.321699
0.196572
0.143491
0.166471
0.176682
0.539009
0.163487
0.234240
0.541949
0.231522
0.341303
0.358218
0.316302
0.401609
0.205189
0.254474
0.489630
0.268808
0.272028
0.391832
0.360766
0.208385
0.224785
0.371261
0.194699
0.197918
0.200110
0.205811
0.161610
0.328375
0.264087
0.397926
0.292975
0.174482
0.378468
0.299316
0.199469
0.349863
0.242765
0.200938
0.238294
0.393986
0.151893
0.237528
0.340085
0.277349
0.242707
0.476226
0.261693
0.354295
0.206827
0.264933
0.532651
0.286809
0.333933
0.219941
0.277374
0.129581
0.306969
0.299021
0.220657
0.252894
0.310068
0.164379
0.167497
0.170692
0.319430
0.207546
0.153285
0.379132
0.437332
0.201822
0.196354
0.385118
0.320196
0.254417
0.290401
0.181077
0.117488
0.159744
0.312668
0.262329
0.359468
0.351993
0.345594
0.458932
0.321773
0.217454
0.403969
0.231981
0.219862
0.213534
0.221322
0.297166
0.537207
0.245649
0.417192
0.307530
0.182273
0.154468
0.232325
0.237132
0.166930
0.253800
0.270771
0.211752
0.262803
0.275056
0.356112
0.302907
0.442299
0.157576
0.344616
0.196711
0.223312
0.169533
0.202900
0.176454
0.110304
0.309286
0.248250
0.347971
0.365203
0.322159
0.226213
0.429681
0.454167
0.403505
0.303380
0.419666
0.222129
0.305467
0.364627
0.227248
0.115072
0.363028
0.183604
0.293272
0.165230
0.272450
0.178081
0.149324
0.279259
0.191175
0.268365
0.275388
0.129484
0.227155
0.390880
0.477940
0.559197
0.124733
0.278528
0.241003
0.263103
0.215324
0.417537
0.529455
0.470252
0.443555
0.347021
0.398857
0.200825
0.178490
0.285231
0.382688
0.290110
0.332038
0.317940
0.254265
0.109455
0.175208
0.162460
0.313779
0.180041
0.242851
0.167508
0.189822
0.174123
0.214712
0.219393
0.288869
0.410319
0.271081
0.283934
0.224214
0.377479
0.216309
0.408932
0.349216
0.152930
0.387619
0.263971
0.206776
0.255266
0.252181
0.249929
0.154202
0.241263
0.243561
0.259178
0.274069
0.320127
0.222623
0.244402
0.363986
0.160951
0.163952
0.114336
0.351059
0.464905
0.386332
0.320049
0.275769
0.219480
0.385281
0.203478
0.239702
0.364306
0.290897
0.408198
0.251005
0.273239
0.217164
0.256373
0.198954
0.209879
0.322371
0.339481
0.480677
0.163273
0.388009
0.270290
0.156047
0.192624
0.346443
0.446578
0.210351
0.283429
0.303981
0.295492
0.231268
0.347819
0.203959
0.171818
0.155362
0.190531
0.169398
0.383344
0.430650
0.371380
0.420754
0.408508
0.255175
0.404008
0.425030
0.405397
0.521394
0.336726
0.183581
0.171806
0.287007
0.187076
0.139680
0.474982
0.344305
0.309295
0.341307
0.165166
0.280953
0.234242
0.135088
0.127248
0.292463
0.212720
0.191645
0.352230
0.226031
0.363720
0.334330
0.341815
0.224508
0.148243
0.153898
0.362539
0.162925
0.158052
0.198650
0.293756
0.294964
0.233880
0.307143
0.499355
0.262464
0.332735
0.399764
0.206959
0.169167
0.508162
0.289876
0.185247
0.106233
0.193729
0.375150
0.426277
0.400412
0.279246
0.267165
0.269152
0.422370
0.211997
0.194578
0.140291
0.320799
0.370833
0.303371
0.276402
0.324042
0.465264
0.240866
0.196538
0.364414
0.262339
0.171305
0.193344
0.129427
0.339078
0.365990
0.328433
0.452614
0.413658
0.323369
0.286058
0.252787
0.183569
0.109367
0.430463
0.279429
0.324132
0.213215
0.160136
0.292751
0.300071
0.217843
0.574258
0.287716
0.247913
0.315206
0.162644
0.204649
0.188096
0.307133
0.267576
0.203815
0.311721
0.334764
0.315024
0.265576
0.327820
0.249096
0.341837
0.318908
0.331817
0.265859
0.162519
0.286760
0.287518
0.164130
0.318063
0.174305
0.287234
0.174054
0.281892
0.315406
0.184210
0.241228
0.480869
0.286085
0.313918
0.257442
0.463589
0.404481
0.230358
0.265975
0.292777
0.464738
0.256174
0.209157
0.345712
0.127502
0.484981
0.491831
0.335604
0.244819
0.236577
0.434774
0.253731
0.261952
0.247391
0.319370
0.251289
0.206112
0.229199
0.261906
0.470638
0.436066
0.297480
0.322111
0.341183
0.321111
0.148225
0.416991
0.286964
0.129146
0.168427
0.279705
0.144776
0.249966
0.285442
0.302999
0.462717
0.285135
0.311353
0.155908
0.201700
0.303856
0.434409
0.414499
0.325391
0.516060
0.670679
0.413524
0.263422
0.193177
0.159842
0.162689
0.278395
0.105194
0.192342
0.410945
0.606954
0.426744
0.396515
0.207584
0.234692
0.299800
0.262397
0.401013
0.186642
0.252402
0.369302
0.512794
0.245085
0.177597
0.346847
0.350185
0.279851
0.225565
0.233885
0.269913
0.322637
0.294537
0.163313
0.426475
0.213397
0.207709
0.318760
0.234325
0.319145
0.327497
0.644264
0.399200
0.212185
0.319595
0.192364
0.183961
0.370484
0.289492
0.119923
0.173775
0.215428
0.343382
0.704596
0.275084
0.271729
0.286510
0.176069
0.177189
0.116100
0.245626
0.272315
0.300063
0.253618
0.395621
0.271305
0.203006
0.214850
0.194316
0.318374
0.243543
0.271058
0.598946
0.340261
0.236032
0.317511
0.137968
0.259466
0.323391
0.237320
0.147386
0.173131
0.278993
0.276108
0.305576
0.127829
0.183377
0.239533
0.178335
0.262552
0.205087
0.232088
0.259917
0.177152
0.247875
0.228175
0.263494
0.261569
0.307564
0.278410
0.256468
0.314793
0.284727
0.222547
0.280881
0.292959
0.304066
0.250642
0.350822
0.397493
0.454121
0.333700
0.468572
0.140396
0.161005
0.132369
0.146674
0.341518
0.294133
0.157957
0.337181
0.468649
0.368726
0.207617
0.319610
0.341984
0.372197
0.284625
0.272101
0.519879
0.300180
0.381802
0.290689
0.170765
0.192014
0.168730
0.267721
0.612202
1.668051
1.861358
1.448829
0.659665
0.511929
0.568822
0.410181
0.465215
0.292950
0.397992
0.323504
0.293913
0.231693
0.262433
0.256217
0.253334
0.325546
0.139507
0.241611
0.168821
0.234135
0.244655
0.168842
0.361236
0.315687
0.338198
0.414424
0.290001
0.292323
0.405746
0.266862
0.225968
0.216372
0.194606
0.290855
0.312013
0.299459
0.382741
0.185816
0.159750
0.341269
0.186433
0.296329
0.356286
0.293204
0.304703
0.256477
0.245276
0.212943
0.212746
0.228913
0.449914
0.289938
0.130213
0.236113
0.284618
0.327859
0.285113
0.400354
0.343894
0.370419
0.234015
0.459143
0.508377
0.281953
0.221252
0.126753
0.221013
0.308709
0.386342
0.494138
0.217974
0.292487
0.409717
0.189543
0.184288
0.240380
0.308468
0.432468
0.212120
0.213915
0.408302
0.181361
0.543138
0.286210
0.511025
0.269274
0.257863
0.229515
0.377914
0.261903
0.188169
0.255982
0.301666
0.220479
0.189359
0.351861
0.303827
0.260535
0.311667
0.422583
0.411288
0.350829
0.182636
0.158570
0.192137
0.346211
0.273859
0.273528
0.151856
0.430760
0.442649
0.249126
0.387816
0.195177
0.358779
0.215990
0.274981
0.328963
0.258016
0.166090
0.188075
0.180559
0.535322
0.211127
0.318830
0.293195
0.216596
0.136766
0.272576
0.298613
0.347568
0.335379
0.381771
0.510733
0.293507
0.360605
0.242409
0.207157
0.263751
0.214377
0.162284
0.212322
0.285239
0.143172
0.498520
0.247646
0.193372
0.333495
0.167513
0.392387
0.213867
0.126812
0.178308
