2.543961
2.248311
2.189911
2.241356
2.129813
2.112884
2.299654
2.264604
2.115576
2.157320
2.289115
2.048842
2.175078
2.107918
2.048843
2.134705
2.003649
2.072096
2.046247
2.084086
2.001630
1.967551
2.181535
1.918555
2.068065
1.889131
2.029702
1.979218
2.030978
2.119127
1.806238
2.102086
2.062608
1.917562
1.912874
1.879136
1.871747
1.946100
1.940803
1.934486
2.034328
1.945563
1.888115
1.989476
2.143282
1.894073
2.130327
1.911176
2.029147
1.827591
2.003357
1.967822
1.958776
1.955115
2.073179
1.962590
1.936059
1.874910
1.730424
1.841065
2.073601
1.850279
1.911333
1.989455
1.818329
2.104740
1.886557
2.022200
1.955256
1.792425
1.852208
2.036158
1.935424
1.732250
1.920053
1.979254
1.954016
1.985222
2.014092
1.839227
1.804374
1.906236
1.898175
1.816449
1.857678
1.904507
1.757948
1.820122
1.881508
1.999109
1.800128
2.002906
1.903157
1.954648
1.774087
2.002669
1.935000
1.916135
1.861839
1.676327
1.811728
1.935616
1.785858
1.904632
1.865999
1.964884
1.726242
1.731422
1.730649
1.968956
1.921028
1.862866
1.704420
1.741234
1.894553
1.785462
1.692149
1.791339
1.764087
1.891924
1.968344
2.063660
1.885409
2.003469
1.882139
1.779434
1.904269
1.728418
1.835998
1.894511
1.955554
1.853673
1.936971
1.995503
1.782867
1.760544
2.048288
1.750293
1.877200
1.901875
1.691345
1.835999
1.706968
1.862491
1.873538
2.045099
1.757606
2.058726
1.828270
2.062386
1.926235
1.693130
2.100951
1.871082
1.773938
1.898153
1.859069
1.875835
1.705730
1.849727
1.894330
2.007303
1.674492
1.740243
1.667842
1.772273
1.915973
1.778000
1.645164
1.615838
1.869294
1.759555
1.848957
1.778358
1.863026
1.901967
1.757869
1.764481
1.886684
1.587320
2.061456
1.674855
1.847959
1.852038
1.775935
1.704711
1.915998
2.058192
1.911113
1.840299
1.807322
1.847466
1.855210
1.654151
1.873944
1.700111
1.822598
1.730490
1.838042
1.999914
1.985010
1.722911
1.798897
1.715958
2.077920
1.875896
1.950607
1.707263
2.162117
1.726328
1.745057
1.789593
1.820945
1.859246
1.890307
1.867802
1.719285
1.745170
2.010030
1.863005
1.844989
1.799226
1.906878
1.993481
1.701810
1.544106
1.767693
1.755959
1.835110
1.681035
1.741422
1.852867
1.879863
1.822217
1.638653
1.964531
1.882796
1.907248
1.819925
1.922711
1.905632
1.769881
1.717319
1.812362
1.920298
1.720906
2.020852
1.939711
1.746264
1.761603
1.929465
1.863451
1.588870
1.800827
1.687796
1.718085
2.102117
1.886890
2.018132
1.853791
1.983905
1.988683
1.883262
1.936840
1.738805
1.891309
1.754339
1.816540
1.717728
2.016322
1.753231
1.644723
1.713688
1.762019
1.878470
2.082862
1.863669
1.645095
2.043703
1.921480
1.765561
1.763678
1.737592
1.760950
1.830107
1.694695
1.848164
1.667185
1.879952
1.454197
1.697733
1.836177
1.678538
1.950735
1.613083
1.840942
1.809652
1.923773
1.763547
1.643369
1.621714
1.769298
1.825557
1.837118
1.738202
1.924442
1.940066
1.762921
1.905555
1.777102
1.746681
1.939983
1.600456
1.902488
1.594603
1.839200
1.706173
1.746149
1.842167
1.758201
1.758603
1.502994
1.578190
1.892614
1.898952
2.011596
1.892675
1.961036
1.666319
1.911435
2.064044
1.746468
1.880590
1.782017
1.676459
1.681159
1.972614
1.776206
1.949545
1.941104
1.655242
1.924455
1.809507
1.983336
1.762423
1.788203
1.742895
1.700282
1.806199
1.780481
2.039462
1.664686
1.746882
1.801098
1.990067
1.701833
1.711281
1.743899
1.753614
1.589614
1.743599
1.470522
1.746748
1.710731
1.800735
1.766080
1.974312
1.918188
1.703295
1.882515
1.718883
1.960459
1.870541
1.803287
1.787507
1.665727
1.798716
1.607048
1.772011
1.798031
1.890103
1.802877
1.930214
1.787153
1.643089
1.730372
1.648513
2.183964
2.076791
1.777292
1.614813
1.817741
1.725037
1.889873
1.595693
1.915057
1.848857
1.881180
1.554281
1.779820
1.612079
1.780344
1.717393
1.949826
1.554405
1.839948
1.839139
1.778830
1.838496
1.810664
1.855150
1.653349
1.687907
1.859861
1.856590
1.812143
1.827614
1.899661
1.817651
1.610420
1.710430
1.813020
2.076497
1.634745
1.696085
1.599988
1.609287
1.669787
1.807502
1.754465
1.648079
1.647013
1.728319
1.657928
1.693601
1.776856
1.804129
1.781216
1.711942
1.769762
1.671045
1.738816
1.917210
1.634394
1.750129
1.653967
1.639729
1.951674
1.840949
1.671185
1.852149
1.736177
1.822242
1.955063
1.920810
1.825594
1.746350
1.743762
1.882752
1.813854
1.924398
1.921418
2.041747
1.915255
1.824224
1.547109
1.913159
1.800345
2.008232
1.735317
1.620340
1.632699
1.668020
1.655883
1.738960
1.967444
1.731834
1.883106
1.779404
1.762910
1.810045
1.912332
1.745736
1.885307
1.669045
1.724688
1.767946
1.852181
1.668435
1.647773
1.721919
1.640520
1.649880
1.735856
1.735142
1.737970
1.678304
1.623935
1.688489
1.641998
1.756864
1.695068
1.735904
1.677269
1.746350
1.734200
1.671190
1.547701
1.800942
1.581638
1.823050
1.660359
1.859509
1.708017
2.039552
1.621646
1.610078
1.856754
1.669021
1.713822
1.861295
2.031403
1.715470
1.863889
1.845775
1.663796
1.808086
1.624665
1.598121
1.659107
1.553730
1.657616
1.806368
1.776392
1.854816
1.702719
1.979908
1.729143
1.852958
1.605737
1.774195
1.740736
1.741277
1.798386
1.802972
1.765346
1.780264
1.902155
1.913327
1.741188
1.922468
1.547074
1.725951
1.676563
1.962708
1.778009
1.732553
1.787524
1.781235
1.869936
1.574255
1.995617
1.795915
1.675445
1.933371
1.708471
1.617406
1.937694
2.073540
1.713900
1.667009
1.667420
1.752806
1.813122
1.787547
1.759952
1.622909
1.970648
1.747303
1.739470
1.702702
1.872110
1.972043
1.606260
1.909567
1.895985
1.669327
1.563719
1.636150
1.720491
1.824845
1.616134
1.923825
1.909609
1.739943
1.638384
1.945156
1.755155
1.618183
1.837532
1.768208
1.695282
1.678635
1.850464
1.750556
2.049741
1.665076
1.832535
2.075620
1.767207
1.542728
1.830689
1.776933
1.538677
1.701247
1.714961
1.797411
1.631226
1.637661
1.794945
1.563700
1.670390
1.939286
1.632068
1.684258
1.786681
1.676836
1.829235
1.943938
1.632083
1.988173
1.783110
1.583383
1.733367
1.594094
1.702781
1.986317
1.684080
1.601734
1.922209
1.674948
1.787229
1.634122
2.063941
1.703216
1.747055
1.663291
1.626330
1.795131
1.844044
1.807516
1.599672
2.031061
1.678277
1.637141
1.927511
1.713533
1.682880
1.961942
1.913921
1.713609
1.681226
1.885410
2.053591
1.819535
1.791937
1.608801
1.537172
1.817052
1.628265
1.684020
1.685644
1.716041
1.623469
1.630378
1.599219
1.659333
2.037581
2.007114
1.742915
1.802886
1.811121
1.628963
1.710556
1.739759
1.728545
1.705631
1.857777
1.708426
1.576784
1.714658
1.940839
1.780777
1.826126
1.602585
1.476123
1.773459
1.678651
1.770066
1.780376
1.785786
1.500644
1.717888
1.489169
1.679922
1.828448
1.674259
1.775194
1.649201
1.681898
1.634600
1.783885
1.802713
1.961043
1.641931
1.783150
1.926579
1.835909
1.640357
1.746229
1.819126
1.626323
1.654081
1.537265
1.686035
1.978591
1.714014
2.019297
1.664427
1.913833
1.737540
1.987919
1.661449
1.837698
1.554860
1.642059
1.726743
1.650435
1.657081
1.662061
1.686471
1.769610
1.541939
1.913904
1.904238
1.637404
1.799301
1.824781
1.842355
1.684148
1.925792
1.826555
1.531492
1.634490
1.637475
2.000604
1.536504
1.799917
1.867065
1.839432
1.782285
1.892031
1.748891
1.610727
2.015231
1.596344
1.909966
1.808982
1.755606
1.881725
1.818461
2.015331
1.759417
1.762097
1.859261
1.810626
1.613362
1.763093
1.730126
1.664248
1.720889
1.762948
1.701708
1.509769
1.594810
1.885375
1.773843
1.536282
1.774639
2.048893
1.750923
1.560476
1.660926
1.532675
1.625583
1.917760
1.524278
1.867906
1.724016
1.731372
1.974006
1.649778
1.671104
1.675151
1.825122
1.796312
1.883247
1.745584
1.780514
1.670752
1.694857
1.678998
1.719434
1.551896
1.631082
1.718541
1.802232
1.615253
1.658114
1.505406
1.714741
1.968898
1.904196
1.673473
1.731715
1.859722
1.625645
1.851410
1.906407
1.708719
1.808328
1.957730
1.788934
1.682943
1.624068
1.693802
1.859962
1.617103
1.762345
1.540856
1.847428
1.744596
1.839013
1.629349
1.562739
1.794862
1.796596
1.599448
1.606083
1.575035
1.625326
1.886165
1.573271
1.667847
1.742310
1.709815
1.735384
1.706150
1.865386
1.703986
1.834825
1.536735
1.871840
1.913080
1.709179
1.485453
1.614606
1.937057
1.825169
1.694640
1.790101
1.439893
1.831335
1.624249
1.643223
1.991062
1.662214
1.739398
1.607347
1.729715
1.675941
1.705588
1.939270
1.686630
1.643156
1.713824
1.842589
1.636974
1.639564
1.800278
1.705184
1.937386
1.709639
2.048158
1.945650
1.871127
1.700814
1.703428
1.967102
1.619927
2.089112
1.793035
1.690295
1.574330
1.741962
1.612509
1.562960
1.709588
1.779768
1.600039
1.743614
1.773020
1.711588
1.675996
1.803056
1.631743
1.803552
1.845797
1.787148
1.848379
1.793661
1.716774
1.721156
1.771242
1.601134
1.631727
1.829415
1.654948
1.514393
1.658853
1.767820
1.590482
1.684275
1.720932
1.673906
1.659100
1.842257
1.440773
1.931977
1.923073
1.654707
2.002573
1.702675
1.629317
1.547581
1.761380
1.628699
1.925048
1.689798
1.765973
1.656157
1.801279
1.680017
1.768969
1.907225
1.591041
1.827968
1.781652
1.674260
1.695254
1.523212
1.686006
1.623422
1.687215
1.534778
1.582316
1.612577
1.671357
1.814908
1.872724
1.896892
1.773638
1.693690
1.645721
1.766048
1.724640
1.807391
1.777568
1.548990
1.794296
1.580705
1.666169
1.762110
1.559237
1.581351
1.790421
1.592488
1.648210
1.764690
1.651335
1.516078
1.675552
1.532563
1.867595
1.855814
1.729728
1.808578
1.557502
1.781672
1.798207
1.796223
1.787049
1.729397
1.679394
1.541255
1.621516
1.694012
1.876945
1.484808
1.756119
1.585676
2.076521
1.704948
1.808035
1.756488
1.868177
1.776799
1.765754
1.458727
1.664698
1.635050
1.734918
1.919676
2.265129
1.920362
1.802081
1.606737
1.765788
1.928316
1.786391
1.651106
1.606239
1.798820
1.759345
1.797327
1.863764
1.798185
1.478170
1.621331
1.788734
1.669958
1.707834
1.681122
1.617245
1.793714
1.575196
1.793145
1.640565
1.667112
1.776106
1.653713
1.817595
1.566588
1.513895
1.700467
1.557333
1.578970
1.589197
1.704837
1.702379
1.811063
2.060766
1.804438
1.718941
1.862610
1.704658
1.645253
1.870066
1.677155
1.802556
1.975036
1.685169
1.644030
1.621773
1.888340
1.846994
1.640616
1.474387
1.648202
2.039865
1.718810
1.655396
1.708665
1.819829
1.491147
1.691538
1.813148
1.739366
1.789319
1.753143
1.806888
1.725729
1.928410
1.620376
1.689398
1.482310
1.629626
1.781051
1.711459
1.747449
1.462511
1.719476
1.576677
1.547522
1.735915
1.641963
1.519499
1.571665
1.861229
1.715742
1.533131
1.471739
1.848765
1.654431
1.536881
1.638540
1.535450
1.843237
1.545723
1.780104
1.582611
1.739577
1.484462
1.884172
1.797417
1.609384
1.710422
1.944306
1.618803
1.681449
1.751599
1.696481
1.508689
1.553027
1.857980
1.753153
1.830434
1.732596
1.693162
1.746121
1.636043
1.986197
1.613523
1.702119
1.712007
1.928157
1.799858
1.649874
1.727221
1.535443
1.594208
1.600690
1.707335
1.507488
1.887862
1.699392
1.562890
1.582348
2.060318
1.529090
1.783242
1.599058
1.580641
1.579141
2.037289
1.614566
1.583022
1.622405
1.946622
1.553023
1.710348
1.506507
1.932834
1.708905
1.682621
1.536210
1.771842
2.100960
1.874073
1.724242
1.640611
1.753801
1.648799
1.898879
1.703566
1.559363
1.742779
1.656336
1.592856
1.634810
1.689827
1.879314
1.895859
1.599344
1.597208
1.830806
1.662174
1.801190
1.665501
1.632383
1.793326
1.714887
1.583840
1.711966
1.658058
1.580203
1.851938
1.660663
1.619843
1.655073
1.650283
1.945943
1.621061
1.871964
1.779790
1.431694
1.747622
1.721898
1.721991
1.806459
1.710577
1.701520
1.691715
1.741499
1.675655
1.783402
1.795098
1.782870
1.717616
1.858831
1.746262
1.744545
1.620839
1.770476
2.112845
1.439228
1.507286
1.695309
1.854143
1.862401
1.741087
1.534354
1.591631
1.811918
1.659615
1.757821
1.634830
1.866899
1.653296
1.589468
1.616034
1.824208
1.815934
1.850546
1.706022
1.798101
1.751892
1.715862
1.651838
1.815253
1.586242
1.716686
1.734991
1.463129
1.794583
1.764753
1.648862
1.562084
1.586643
1.556543
1.444118
1.771893
1.667841
1.899196
1.534062
1.568589
1.649831
1.797227
1.844284
1.642362
1.516675
1.665626
1.503861
1.494341
1.651880
1.712407
1.556884
1.716851
1.566339
1.684241
1.777490
1.628952
1.346344
1.665910
1.707201
1.650166
1.764174
1.582177
1.752670
1.789567
1.934178
1.732863
1.585956
1.586394
1.801191
1.725262
1.602591
1.784060
1.676097
1.943649
1.792025
1.721180
1.734542
1.659369
1.943247
1.758798
1.688551
1.512828
1.997170
1.686913
1.574769
1.664551
1.448566
1.607249
1.835421
1.663834
1.853129
1.661921
1.535203
1.655928
1.861596
1.700717
1.807504
1.882664
1.702492
1.776795
1.755308
1.677384
1.828637
1.493918
1.767357
1.791427
1.602145
1.845248
1.661987
1.445785
1.650666
1.795891
1.781789
1.648156
1.668656
1.647281
1.803718
1.614008
2.116337
1.817908
1.832925
1.794300
1.631715
1.687075
1.687868
1.778877
2.018657
1.759198
1.653064
1.703500
1.655552
1.693888
1.783110
1.517180
1.798824
1.701509
1.608334
1.592035
1.559959
1.717228
1.673972
1.637359
1.757038
1.795280
1.567293
1.500486
1.843445
1.688296
1.758686
1.692353
1.989577
1.670242
1.792683
1.466269
1.738534
1.912552
1.491184
1.849923
1.820288
1.941543
1.575965
1.685572
1.934274
1.565345
1.730668
1.496902
1.753836
1.847146
1.737336
1.683608
1.836094
1.874593
1.606846
1.761354
1.682251
1.610605
1.521522
1.542142
1.646568
1.746813
1.606138
1.531404
1.652372
1.704221
1.693918
1.756474
1.718171
1.681994
1.591480
1.721603
1.519450
1.598746
2.039120
1.735593
1.798085
1.621238
1.335273
1.620521
1.653986
1.616329
1.857198
1.773705
1.565756
1.893625
1.493238
1.611485
1.711356
1.753891
1.517682
1.713815
1.637184
1.865525
1.642433
1.776257
1.721988
1.678626
1.819606
1.822846
1.719469
1.725569
1.680174
1.844414
1.577459
1.598239
1.716050
1.993352
1.893538
1.813430
1.991401
1.616524
1.625916
1.614736
1.728172
1.751966
1.530331
1.667657
1.549847
1.845166
1.606034
1.818111
1.730461
1.745145
1.825736
1.827326
1.614887
1.637419
1.686454
1.929357
1.591232
1.902560
1.699280
1.540079
1.704282
1.684838
1.693233
1.758733
1.462071
1.647311
1.674095
1.793312
1.640342
1.645455
1.799542
1.601478
1.885624
1.669595
1.820285
1.738752
1.708663
1.688980
1.726739
1.711819
1.799887
1.939892
1.863699
1.614121
1.401103
1.752836
1.833338
1.781754
1.691434
1.592344
1.700437
1.551097
1.857215
2.058194
1.582414
1.839272
1.849798
1.648530
1.808237
1.969692
1.559432
1.632305
1.714243
1.613436
1.642241
1.862001
1.749713
1.747788
1.782045
1.586432
1.671219
1.789703
1.749208
1.758633
1.917906
1.759867
1.751870
1.703907
1.858869
1.855290
1.942683
1.719801
1.569763
1.574025
1.687208
1.788136
1.679678
1.762155
1.686480
1.624625
1.549458
1.659503
1.786836
1.636851
2.019100
1.607632
1.593739
1.718853
1.567704
1.593313
1.687925
1.868425
1.744969
1.522021
1.842068
1.802298
1.954994
1.679318
1.530257
1.816256
1.947424
1.516473
1.434457
1.694545
1.857897
1.603186
1.560094
1.554138
1.770112
1.677412
1.770321
1.621454
1.610273
1.867457
1.521626
1.759383
1.642066
1.617255
1.508170
1.571668
1.612099
1.764239
1.757360
1.756961
1.527700
1.555333
1.702178
1.711200
1.669454
1.667452
1.844786
1.557015
1.679920
1.740488
1.905812
1.697020
1.726100
1.585692
1.652569
1.520560
1.548346
1.914354
2.011853
1.569040
1.563581
1.592838
1.749587
1.655544
1.696054
1.749672
1.888395
1.746733
1.714600
1.640403
1.657437
1.657215
1.533334
1.761319
1.683093
1.745625
1.711262
1.701819
1.835704
1.634143
1.517649
1.763214
1.668080
1.702774
1.483034
1.831410
1.782309
1.792891
1.772313
1.827499
1.703854
1.552587
1.648861
1.772722
1.746922
1.695944
1.582537
1.756603
1.758395
1.604477
1.579640
1.593496
1.727795
1.691973
1.771494
1.742454
1.264019
1.647762
1.654932
1.643944
1.647889
1.849904
1.901748
1.592752
1.806352
1.816846
1.690986
1.734567
1.701705
1.797483
1.696919
1.867844
1.886050
1.484390
1.810150
1.931674
1.736326
1.804468
1.621997
1.938859
1.524590
1.753555
1.563644
1.616409
1.609048
1.713520
1.905577
1.658908
1.879097
1.820063
1.625386
1.640247
1.588332
1.998614
1.686749
1.696623
1.883681
1.503689
1.762133
1.438895
1.594368
1.837632
1.787842
1.857926
1.602145
1.774640
1.687753
1.604105
1.669109
1.721089
1.470613
1.597902
1.813581
1.690149
1.525086
1.815053
1.682864
1.624461
1.796455
1.499826
1.581789
1.828672
1.634916
1.649228
1.770450
1.780986
1.576203
1.590453
1.721048
1.733197
1.864747
1.641998
1.596829
1.682459
1.406563
1.797274
1.634977
1.661296
1.582472
1.610222
1.726189
1.819641
1.786329
1.522563
1.904510
1.625497
1.646428
1.646741
1.654435
1.483688
1.680660
1.708416
1.728068
1.648886
1.785523
1.617649
1.588692
1.880437
1.713985
1.918615
2.099515
1.481726
1.755369
1.689195
1.601458
1.405184
1.753797
1.722230
1.434370
1.673585
1.492957
1.712385
1.651380
1.523673
1.490728
1.976080
1.698251
1.601608
1.802560
1.581479
1.676271
1.751571
1.901764
1.586565
1.775307
1.621178
1.623734
1.728173
1.740283
1.922503
1.798444
1.855865
1.534683
1.649733
1.684418
1.653503
1.945579
1.760211
1.575932
1.744980
1.489257
2.026794
1.834603
1.742662
1.738582
1.701114
1.718706
1.626863
1.545494
1.734570
1.729323
1.662855
1.718765
1.675575
1.709919
1.719155
1.696541
1.754052
1.881357
1.645096
1.595596
1.679543
1.878757
1.832386
1.528010
1.669032
1.593214
1.705955
1.649500
1.769807
1.931287
1.731273
1.959678
1.626631
1.727853
1.570247
2.039879
1.635458
1.467602
1.694920
1.608384
1.657916
1.562921
1.590703
1.738637
1.759552
1.760228
1.662167
1.584138
1.662613
1.594107
1.627464
1.746695
1.955856
1.786385
1.809999
2.035062
1.700922
1.847004
1.763872
1.432901
1.598185
1.670586
1.826364
1.719970
1.743227
1.726520
1.608324
1.780696
1.575399
1.604631
1.665724
1.689541
1.527021
1.863815
1.885147
1.683901
1.565662
1.804482
1.696194
1.710880
1.830958
1.851137
1.801303
1.672854
1.615883
1.556036
1.551998
1.746265
1.670501
1.814436
1.633771
1.688290
1.795333
1.639220
1.617252
1.629954
1.624167
1.683338
1.668082
1.665932
1.579121
1.874773
1.656093
1.503608
1.732455
1.770512
1.637600
1.643735
1.793273
1.778543
1.502918
1.844850
1.509345
1.684482
1.721214
1.499022
1.410422
1.513938
1.864777
1.860946
1.881630
1.639829
1.576722
1.835071
1.761499
1.608085
1.698869
1.590267
1.778732
1.893683
1.548421
1.494555
1.626130
1.495654
1.784987
1.689012
1.584421
1.550316
1.560361
1.805915
1.605834
1.648437
1.796607
1.333070
1.681567
1.745886
1.661678
1.692379
1.669200
1.625024
1.572392
1.832608
1.773991
1.533901
1.673697
1.623161
1.734510
1.546362
1.679402
1.652851
1.726492
1.665954
1.637816
1.645561
1.907435
1.750895
1.547264
1.772594
1.994065
1.616456
1.635579
1.598713
1.668365
1.629699
1.931293
1.811047
1.747763
1.822324
1.838743
1.678756
1.451985
1.712032
1.609220
1.764739
1.787823
1.596304
1.740826
1.723925
1.553186
1.695897
1.693173
1.561946
1.736833
1.635838
1.737876
1.818967
1.690581
1.755756
1.663292
1.811697
1.559461
1.639382
1.625519
1.648201
1.756756
1.462615
1.968652
1.815322
1.560406
1.488897
1.544714
1.613387
1.600402
1.606556
1.571663
1.561065
1.595906
1.629739
1.768532
1.752652
1.758287
1.646774
1.830459
1.804401
1.742618
1.802806
1.569477
1.488011
1.845916
1.564339
1.750733
1.646967
1.814150
1.788546
1.693213
1.859558
1.727573
1.960213
1.608730
1.918765
1.517542
1.667208
1.501667
1.613013
1.534395
1.555138
1.686171
1.654779
1.723837
1.609295
1.653554
1.638437
1.777008
1.624101
1.784627
1.532958
1.621486
1.585694
1.793961
1.574844
1.739418
1.619840
1.769996
1.738306
1.694192
1.909344
1.577312
1.731487
1.620094
1.904861
1.625306
1.555728
1.873396
1.732357
1.764457
1.442409
1.672981
1.411433
1.736418
1.559029
1.485569
1.836934
1.651229
1.539979
1.701640
1.787859
1.670485
1.703477
1.726379
1.541559
1.609543
1.639717
1.668152
1.707454
1.796993
1.762280
1.642199
1.520117
1.729189
1.719854
1.922364
1.564583
2.047315
1.679818
1.655431
1.718537
1.486708
1.668829
1.511659
1.733712
1.859118
1.757458
1.725213
2.117860
1.627757
1.540009
1.606776
1.761722
1.704372
1.854932
1.745358
1.594685
1.660182
1.631892
1.819383
2.002847
1.636052
1.759855
1.694537
1.615027
1.689596
1.609888
1.564102
1.628964
1.848532
1.487193
1.735999
1.751561
1.694317
1.614030
1.779256
1.493597
1.744738
1.794426
1.654227
1.797600
1.528756
1.503372
1.706045
1.588920
1.699168
1.747245
1.631687
1.700981
1.965914
1.754178
1.950485
2.045061
1.745583
1.735929
1.875742
1.683213
1.797488
1.632116
1.634750
1.893448
1.586903
1.769841
1.717385
1.557996
1.542221
1.531013
1.678785
1.827581
1.717183
1.669776
1.494928
1.629052
1.666015
1.795715
1.835211
1.610514
1.755310
1.632900
1.665151
1.571989
1.878259
1.489607
1.569909
1.573422
1.415323
1.571513
1.597609
1.576715
1.615848
1.677062
1.311899
1.884729
1.493924
1.683094
1.613301
1.734035
1.770334
1.687340
1.606527
1.559649
1.620805
1.702651
1.595518
1.512430
1.610265
1.572740
1.700155
1.753152
1.511682
1.602578
1.562674
1.690078
2.021782
1.608215
1.729326
1.573262
1.825801
1.772669
1.611251
1.816002
1.757206
1.902569
1.690442
1.410507
1.896987
1.589356
1.853079
1.685394
1.605562
1.618353
1.652242
1.614483
1.810365
1.581345
1.875274
1.494259
1.821392
1.754893
1.575042
1.831929
1.564675
1.607147
1.752522
1.619268
1.712291
1.723364
1.782035
1.689627
1.617108
1.766965
1.627343
1.685523
1.628264
1.655567
1.821511
1.764216
1.605227
1.578216
1.385651
1.975754
1.593247
1.692599
1.579775
1.807313
1.615844
1.424193
1.816831
1.799911
1.397825
1.630588
1.589842
1.753189
1.722018
1.675307
1.727887
1.726532
1.682920
1.459898
1.585175
1.508367
1.522476
1.364478
1.690590
1.597749
1.640987
1.666712
1.901601
1.589070
1.705506
1.651274
1.929596
1.624102
1.494825
1.743955
1.729672
1.446657
1.734468
1.750103
1.746178
1.857726
1.806148
1.806505
1.735858
1.594270
1.549664
1.931981
1.608932
1.812972
1.774126
1.430587
1.876478
1.671009
1.481654
1.901057
1.752792
1.648243
1.490516
1.678969
1.503033
1.792928
1.667416
1.632491
1.748776
1.563723
1.619570
1.641375
1.631700
1.806339
1.718151
1.485048
1.650026
1.592742
1.731364
1.689286
1.687164
1.795483
1.824672
1.566536
1.452179
1.640005
1.813085
1.580867
1.573743
1.782640
1.805062
1.825414
1.594397
1.672685
1.549746
1.569175
1.689864
1.701957
1.537583
1.677958
1.848796
1.703733
1.498138
1.870122
1.658546
1.845474
1.784217
1.675527
1.733554
1.691833
1.496908
1.587303
1.691844
1.796665
1.760593
1.886057
2.001007
1.790948
1.484564
1.721151
1.593336
1.733501
1.856159
1.634100
1.762054
1.816488
1.534944
1.706144
1.701315
1.599205
1.650791
1.560035
1.860208
1.640178
1.584037
1.607010
1.647265
1.723099
1.678443
1.940976
1.647842
1.701393
1.674350
1.575355
1.644448
1.560263
1.904021
1.507985
1.728878
1.622225
1.501907
1.629304
1.879032
1.742170
1.568513
1.476631
1.510755
1.589725
1.570057
1.615583
1.597623
1.569222
1.542304
1.599085
1.660173
1.644063
1.546233
1.502068
1.618924
1.598104
1.628336
1.885845
1.856808
1.598252
1.544858
1.764484
1.594990
1.538907
1.736866
1.885943
1.770190
1.799449
1.668620
1.744325
1.628302
1.621596
1.571291
1.785257
1.583982
1.867873
1.702406
1.621957
1.575400
2.035514
1.855610
1.870992
1.793303
1.712496
1.560890
2.016748
1.898855
1.699461
1.754280
1.546249
1.422733
1.489573
1.640455
1.858976
1.683921
1.519960
1.565216
1.448844
1.536238
1.725718
1.558348
1.829386
1.665673
1.762440
1.523158
1.748736
1.854467
1.514615
1.560234
1.641833
1.742858
1.544589
1.792353
1.422534
1.566972
1.892857
1.562353
1.764383
1.613856
1.503090
1.706906
1.655098
1.688248
1.475087
1.468187
1.596885
1.757477
1.568521
1.565706
1.728672
1.630284
1.912530
1.575233
1.708595
1.566617
1.691889
1.839876
1.577543
1.657517
1.657965
1.443960
1.593692
1.626937
1.630847
1.652484
1.689941
1.659134
1.839486
1.625742
1.825160
1.498175
1.681405
1.557129
1.967507
1.641103
1.786536
1.666981
1.574703
1.846031
1.622627
1.763744
1.798807
1.691089
1.476943
1.875281
1.990042
1.708167
1.613335
1.592959
1.614369
1.624068
1.872629
1.762006
1.609297
1.609389
1.699146
1.644179
1.633747
1.504442
1.589730
1.477538
1.484071
1.625895
1.770219
1.471195
1.546831
1.636731
1.579217
1.781197
1.426684
1.620174
1.768316
1.523068
1.664568
1.669815
1.632526
1.934623
1.553073
1.549199
1.822357
1.567189
1.644914
1.611528
1.591957
1.654704
1.909831
1.691167
1.767995
1.645841
1.692201
1.683122
1.804607
1.579983
1.897532
1.621932
2.034107
1.699337
1.596566
1.559544
1.667156
1.642974
1.543725
1.585448
1.437432
1.560452
1.557972
1.908177
1.604131
1.671157
1.774957
1.714836
1.435373
1.528839
1.704934
1.650247
1.507447
1.773996
1.729410
1.538441
2.080164
1.625049
1.658847
1.483989
1.690517
1.583111
1.761612
1.565426
2.002145
1.585175
1.506792
1.931450
1.672896
1.610351
1.716311
1.704270
1.602880
1.562953
1.716023
1.728305
1.756138
1.690317
1.810276
1.608966
1.556316
1.746058
1.808381
1.643264
1.880254
1.557958
1.821841
1.572695
1.376964
1.516664
1.651852
1.882046
1.711458
1.739020
1.787619
1.582991
1.683783
1.663906
1.498618
1.649222
1.530885
1.828153
1.662145
1.532200
1.869032
1.835716
1.756529
1.624060
1.526000
1.637198
1.516013
1.783335
1.573274
1.512283
1.716314
1.700493
1.609704
1.541113
1.925677
1.729909
1.604430
1.709170
1.868508
1.650820
1.541316
1.606509
1.674812
1.680809
1.421125
1.763417
1.641511
1.658629
1.744180
1.710793
1.496825
1.840861
1.415082
1.642070
1.781609
1.568168
1.598460
1.816147
1.768838
1.671875
1.658566
1.828554
1.743381
1.701277
1.468037
1.730456
1.727251
1.750976
1.796478
1.436350
1.561283
1.726038
1.649442
1.597452
1.696138
1.809934
1.520405
1.558033
1.891235
1.734061
1.637253
1.670808
1.740879
1.630326
1.640183
1.520783
1.828137
1.633620
1.735277
1.763915
1.645380
1.765936
1.634344
1.766771
1.645084
1.971160
1.656459
1.691101
1.782214
1.626652
1.837456
1.596362
1.601744
1.594082
1.616142
1.531327
1.576722
1.525954
1.775149
1.559441
1.560640
1.502968
1.890215
1.660646
1.739078
1.653149
1.803671
1.631581
1.687264
1.751541
1.693961
1.706584
1.634911
1.569082
1.576917
1.527984
1.701269
1.693534
1.737442
1.646390
1.501950
1.552492
1.669022
1.945537
1.772081
1.804903
1.506204
1.674628
1.495275
1.552352
1.535078
1.797694
1.489556
1.574098
1.622756
1.795886
1.610460
1.610644
1.611996
1.509003
1.635410
1.499110
1.698783
1.699107
1.674805
1.771097
1.687048
1.508047
1.720648
1.616591
1.585817
1.559328
1.641374
1.536377
1.602073
1.574357
1.625597
1.666336
1.713526
1.691904
1.707396
1.621301
1.792163
1.633990
1.776571
1.622290
1.781493
1.792849
1.710493
1.675225
1.619753
1.713366
1.505959
1.644778
1.715836
1.598208
1.652521
1.827496
1.559576
1.751657
1.616078
1.806749
1.481470
1.656725
1.615702
1.564886
1.708150
1.641766
1.843319
1.620322
1.716590
1.632371
1.659737
1.787044
1.624828
1.483868
1.717654
1.918588
1.624045
1.701191
1.737562
1.672696
1.973266
1.559707
1.553210
1.931685
1.646584
1.398202
1.509544
1.786284
1.616557
1.590508
1.647586
1.535890
1.708574
1.800418
1.417732
1.660313
1.557985
1.553770
1.673822
1.483761
1.573942
1.783151
1.473629
1.881427
1.670517
1.854601
1.650611
1.474247
1.637096
1.629807
1.537513
1.515353
1.667316
1.450179
1.689750
1.775333
1.590329
1.759469
1.720016
2.254210
1.714270
1.592756
1.658427
1.511655
1.546998
1.745498
1.465495
1.686239
1.527660
1.617755
1.684265
1.632464
1.798209
1.434227
1.470404
1.772201
1.725853
1.708054
1.572411
1.596891
1.607096
1.690006
1.755997
1.447157
1.633456
1.536054
1.766282
1.867991
1.823697
1.621204
1.663615
1.595977
1.823989
1.545977
1.555027
1.708744
1.620006
1.817094
1.660066
1.739535
1.696857
1.518012
1.656994
1.675352
1.785566
1.600592
1.648594
1.602198
1.895182
1.673517
1.439916
1.444721
1.561710
1.645391
1.644230
1.845573
1.818461
1.628688
1.563417
1.664719
1.697871
1.473523
1.562012
1.541351
1.720115
1.593611
1.654176
1.650758
1.678839
1.803384
1.699053
1.598469
1.568153
1.764044
1.584289
1.780720
1.648823
1.621846
1.585418
1.733636
1.417995
1.426147
1.701276
1.653637
1.754547
1.817600
1.735634
1.621494
1.809014
1.661570
1.524785
1.646751
1.639241
1.546473
1.675784
1.847969
1.691163
1.557489
1.663404
1.871648
1.703714
1.584068
1.611345
1.569458
1.718450
1.765072
1.557069
1.996130
1.497501
1.744654
1.491704
1.841491
1.591675
1.745925
1.598438
1.507862
1.488609
1.552938
2.047672
1.571275
1.574731
1.632996
1.806096
1.483474
1.797881
1.724761
1.619709
1.664567
1.638112
1.663929
1.794809
1.535336
1.743821
1.886396
1.605647
1.746058
1.848646
1.618816
1.749144
1.646340
1.731885
1.691660
1.658636
1.690256
1.600875
1.608590
1.884467
1.438712
1.750059
1.552989
1.748927
1.555547
1.611832
1.849514
1.670247
1.690253
1.728738
1.948434
1.563875
1.693327
1.613461
1.558916
1.653988
1.657337
1.546268
1.827031
1.698999
1.641287
1.713516
1.368755
1.516272
1.784893
1.592595
1.806907
1.633163
1.639360
1.603573
1.803653
1.595070
1.457632
1.547353
1.753006
1.988587
1.578732
1.733008
1.812118
1.707405
1.722451
1.624708
1.486809
1.522199
1.494159
1.777611
1.637564
1.634563
1.776577
1.904881
1.453956
1.598963
1.518107
1.969459
1.493161
1.602281
1.573444
1.832536
1.589373
1.643722
1.570572
1.911228
1.664770
1.627259
1.652170
1.549024
1.961766
1.490830
1.493943
1.547779
1.593964
1.399681
1.431173
1.443459
1.687307
1.734417
1.709219
1.547127
1.736099
1.898846
1.796185
1.425593
1.747503
1.747935
1.510191
1.597105
1.447161
1.761455
1.644258
1.545679
1.764107
1.740964
1.485808
1.559662
1.766781
1.492626
1.849030
1.907117
1.523794
1.513897
1.784762
1.744489
1.528440
1.983985
1.686556
1.532275
1.598697
1.519303
1.575979
1.689001
1.619496
1.520487
1.549184
1.795268
1.469659
1.586337
1.628947
1.982458
1.531154
1.502135
1.818890
1.652357
1.590210
1.574112
1.654239
1.547586
1.870393
1.778075
1.665669
1.834957
1.480321
1.664905
1.483517
1.686819
1.500678
1.526543
1.711217
1.825229
1.493048
1.813784
1.815466
1.479087
1.425508
1.626878
1.544808
1.761637
1.732518
1.822332
1.538418
1.598890
1.547221
1.880836
1.691069
1.762882
1.914917
1.665157
1.753837
1.903529
1.540401
1.679509
1.834595
1.762129
1.777904
1.261945
1.722141
1.784867
1.440508
1.739714
1.596168
1.586892
1.729237
1.766422
1.618227
1.571273
1.635892
1.808077
1.557842
1.554747
1.443288
1.781686
1.684258
1.522947
1.907437
1.696083
1.594217
1.647546
1.807680
1.767223
1.847403
1.736842
1.802327
1.625136
1.598239
1.762433
1.763336
1.690921
1.805609
1.766007
1.592033
1.477095
1.811075
1.684837
1.517575
1.785486
1.534546
1.548906
1.848745
1.603687
1.766871
1.616009
1.385233
1.653388
1.622707
1.717784
1.713977
1.770788
1.799317
1.873788
1.458265
1.408494
1.663688
1.631106
1.566930
1.506307
1.716249
1.739307
2.018875
1.887815
1.676075
1.672347
1.989401
1.495545
1.673634
1.539381
1.558691
1.495522
1.854568
1.593570
1.792645
1.436822
1.587626
1.466007
1.651503
1.721611
1.522958
1.740383
1.529922
1.519625
1.654179
1.762322
1.878758
1.636470
1.474617
1.497613
1.700569
1.575644
1.483144
1.814079
1.747803
1.646438
1.652044
1.710312
1.492568
1.530047
1.548517
1.520257
1.536374
1.753836
1.647457
1.782850
1.711176
1.675531
1.802999
1.459343
1.786314
1.443425
1.719442
1.633464
1.642762
1.374774
1.679739
1.706953
1.756539
1.746176
1.583399
1.716203
1.421681
1.470518
1.564507
1.761424
1.862936
1.684126
1.715203
1.684790
1.514593
1.507147
1.509763
1.485094
1.623473
1.523163
1.841413
1.539715
1.888774
1.748333
1.497607
1.769657
1.845496
1.641824
1.512385
1.425601
1.720382
1.276699
1.661819
1.522598
1.713719
1.637248
1.780417
1.703642
1.558881
1.719753
1.636864
1.626186
1.907052
1.900868
1.652355
1.961023
1.577576
1.526007
1.752299
1.513166
1.578804
1.659751
1.596679
1.653972
1.704113
1.558757
1.696917
1.841108
1.639073
1.840793
1.667340
1.745888
1.549626
1.934949
1.947058
1.886891
1.687393
1.462101
1.784500
1.527576
1.642117
1.725374
1.528933
1.605165
1.798896
1.435405
1.631068
1.681002
1.542192
1.580079
1.739134
1.683365
1.806505
1.764495
1.655697
1.543944
1.755341
1.790789
1.535277
1.775077
1.837523
1.495600
1.703305
1.528965
1.692793
1.608310
1.770428
1.696990
1.542462
1.509640
1.564021
1.687515
1.596901
1.519677
1.692707
1.432002
2.115515
1.647281
1.873359
1.667076
1.676901
1.679832
1.754388
1.677082
1.760412
1.797651
1.437377
1.516716
1.383458
1.622751
1.723270
1.576404
1.529656
1.659942
1.897264
1.675563
1.672398
1.594951
1.710015
1.533365
1.555603
1.965257
1.398533
1.677551
1.588370
1.666558
1.691538
1.641009
1.890227
1.558299
1.760201
1.449587
1.708100
1.769900
1.563375
1.820022
1.755670
1.657646
1.712530
1.588514
1.608070
1.718257
1.799573
1.753019
1.777365
1.512716
1.529564
1.947891
1.844166
1.639818
1.539241
1.370723
1.566044
1.743147
1.442088
1.523449
1.500169
1.540411
1.580613
1.630960
1.760926
1.402450
1.511935
1.630415
1.646224
1.641006
1.730652
1.835343
1.454802
1.549849
1.954142
1.466511
1.513332
1.684086
1.687502
1.712209
1.649706
1.618418
1.732151
1.686896
1.486426
1.661780
1.549553
1.579500
1.573820
1.704501
1.993560
1.858896
1.739461
1.446101
1.531830
1.614530
1.824441
1.760095
1.737813
1.610870
1.825229
1.654922
1.806008
1.661431
1.694638
1.616951
1.792528
1.529942
1.655938
1.565357
1.610227
1.717350
1.511817
1.527323
1.763599
1.798342
1.618228
1.790127
1.633018
1.737911
1.632760
1.599745
1.651545
1.651485
1.662999
1.397199
1.680368
1.647285
1.848220
1.581942
1.470058
1.765726
1.551854
1.603413
1.598469
1.606893
1.668084
1.689041
1.552612
1.593065
1.592910
1.922291
1.845261
1.693363
1.581799
1.542408
1.710456
1.853442
1.623485
1.699796
1.414153
1.845418
1.562657
1.536809
1.692447
1.943295
1.952283
1.738873
1.725369
1.685763
1.625893
1.738866
1.607034
1.658112
1.748685
1.642597
1.545724
1.593772
1.495425
1.501343
1.724323
1.619495
1.669340
2.222105
1.520817
2.056394
1.696110
1.693634
1.786577
1.614012
1.632840
1.602335
1.778749
1.521508
1.674198
1.854812
1.632488
1.744109
1.610962
1.556897
1.676978
1.638844
1.516225
1.521605
1.867386
1.786230
1.740072
1.828686
1.989117
2.026546
1.588458
1.451473
1.660089
1.622533
1.389436
1.768721
1.615022
1.592194
1.539794
1.579632
1.488044
1.606983
1.874335
1.687613
1.627285
1.737687
1.617497
1.610940
1.711207
1.502309
1.673535
1.598832
1.778769
1.686223
1.587995
1.677500
1.708188
1.491557
1.650546
1.640994
1.492162
1.733223
1.837365
1.721319
1.783776
1.502979
1.608241
1.584752
1.750050
1.607371
1.605287
1.652657
1.836462
1.652078
1.596405
1.831009
1.777643
1.522534
1.632046
1.600838
1.764261
1.713906
1.775071
1.722760
1.521169
1.829274
1.513005
1.904967
1.616163
1.437734
1.628597
1.619689
1.561387
2.037759
1.681105
1.481383
1.785231
1.402213
1.378704
1.664612
1.525492
1.509368
1.726836
1.601566
1.598585
1.565803
1.555919
1.662253
1.453139
1.634808
1.701278
1.573608
1.700484
1.805798
1.471011
1.745512
1.568984
1.663487
1.910757
1.662903
1.716133
1.642397
1.596615
1.678377
1.863531
1.500425
1.540868
1.646259
1.476615
1.857435
1.539875
1.514026
1.700385
1.654027
1.518658
1.242258
1.955200
1.800561
1.519100
1.586395
1.944280
1.714771
1.859348
1.464179
1.677322
1.809678
1.745039
1.562842
1.891957
1.477637
1.622979
1.462450
1.526126
1.640305
1.600937
1.620518
1.731478
1.510379
1.704757
1.656103
1.711113
1.668097
1.781451
1.973711
1.713573
1.851273
1.755134
1.739912
1.568665
1.794787
1.734735
1.461349
1.618004
1.725337
1.507133
1.665315
1.525262
1.563894
1.594580
2.125290
1.606298
1.593220
1.576642
1.576537
1.648556
1.510584
1.671974
1.610965
1.636758
1.753476
1.521693
1.418232
1.664031
1.535219
1.414221
1.840213
1.776171
1.708727
1.670841
1.532045
1.744711
1.757570
1.578047
1.839171
1.612257
1.657402
1.363895
1.580990
1.815305
1.532537
1.684098
1.606400
1.743671
1.559397
1.529184
1.905305
1.476501
1.710566
1.550527
1.938309
1.563074
1.650559
1.917324
1.706518
1.442641
1.735590
1.921744
1.503324
1.778284
1.606244
1.408075
1.713180
1.589664
1.670517
1.725854
1.553097
1.574405
1.680192
1.536959
1.543780
1.495701
1.729301
1.675871
1.645860
1.557568
1.420258
1.773099
1.767016
1.597614
1.718989
1.619529
1.564471
1.711840
1.637069
1.631950
1.564655
1.543079
1.974480
1.803524
1.626860
1.535239
1.654888
2.140046
1.548036
1.741536
1.695519
1.712119
1.611151
1.448481
1.700004
1.574041
1.548156
1.593806
1.640527
1.642173
1.538000
1.552681
1.542538
1.845045
1.821972
1.731911
1.609273
1.857133
1.663442
1.621782
1.662333
1.609727
1.648868
1.389738
1.682207
1.638734
1.712086
1.797004
1.493926
1.760962
1.562393
1.554613
1.559574
1.389248
1.501050
1.504152
1.744081
1.688378
1.701646
1.773038
1.692591
1.492613
1.603773
1.809165
1.678741
1.756506
1.699680
1.713183
1.476702
1.798437
1.535427
1.803980
1.696919
1.729636
1.874415
1.957945
1.606147
1.684596
1.772802
1.496507
1.451835
1.564645
1.609821
1.742044
1.553723
1.558270
1.577141
1.444841
1.950122
1.747005
1.592981
1.487190
1.468493
1.625638
1.572576
1.575000
1.650037
1.711323
1.369186
1.596042
1.705301
1.594342
1.578261
1.570138
1.843162
1.633164
1.746226
1.627048
1.561059
1.645924
1.561939
1.533001
1.674741
1.384113
1.601853
1.670371
1.531322
1.764757
1.711634
1.742976
1.438101
1.694785
1.687935
1.976412
1.725248
1.573841
1.629317
1.470958
1.710148
1.756898
1.519176
1.627428
1.840008
1.542398
1.712381
1.713835
1.881242
1.662999
1.684261
1.386519
1.568314
1.916565
1.803918
1.547010
1.721334
1.861356
1.667951
1.629358
1.671491
1.326996
1.650174
1.759542
1.411030
1.736914
1.511170
1.576357
1.766356
1.474829
1.797126
1.608607
1.548614
1.451623
1.451008
1.735237
1.706522
1.480999
1.401460
1.401659
1.655355
1.399149
1.787966
1.545398
1.557842
1.886727
1.780191
1.553755
1.478869
1.709718
1.686627
1.611847
1.718903
1.557837
1.789815
1.550723
1.742991
1.561834
1.849366
1.748268
1.415375
1.742697
1.676115
1.636511
1.590934
1.848770
1.501540
1.681985
1.712192
1.621809
1.609013
1.542285
1.366346
1.597171
1.977202
1.632012
1.692915
1.449907
1.420890
1.524692
1.633133
1.728059
1.400473
1.574531
1.370389
1.775668
1.740482
1.674662
1.669642
1.703049
1.866907
1.562606
1.660167
1.555898
1.847698
1.825803
1.709616
1.691706
1.578213
1.555683
1.521865
1.696569
1.602057
1.743751
1.683550
1.635629
1.991652
1.868697
1.696973
1.698044
1.668426
1.786472
1.624648
1.607611
1.508375
1.893786
1.481506
1.780893
1.644841
1.583737
1.528876
1.774967
1.647565
1.787224
1.823450
1.808493
1.536135
1.946366
1.541944
1.747217
1.555358
1.658062
2.058050
1.407843
1.536775
1.495081
1.681386
1.768503
1.686455
1.782077
1.530031
1.771521
1.510765
1.679564
1.658016
1.494752
1.618186
1.511154
1.699306
1.547535
1.553903
1.671339
1.603943
1.636777
1.635409
1.572716
1.676892
1.313636
1.628347
1.523235
1.763318
1.671660
1.708118
1.540763
1.559074
1.780432
1.686340
1.505298
1.493032
1.667937
1.672677
1.590659
1.459288
1.906394
1.672528
1.817917
1.644681
1.488405
1.484895
1.523080
1.690012
1.562390
1.569004
1.562384
1.614337
1.597556
1.772933
1.745846
1.574144
1.554803
1.357105
1.747452
1.662344
1.572969
1.694088
1.952162
1.720449
1.615057
1.726252
1.639995
1.539929
1.650308
1.664284
1.835797
1.636060
1.957970
1.701378
1.692808
1.838577
1.664763
1.558406
1.812416
1.679587
1.774747
1.542799
1.576852
1.473355
1.668342
1.738035
1.498753
1.587796
1.562248
1.773658
1.631185
1.467296
1.450617
1.639192
1.508341
1.685475
1.875499
1.680938
1.680406
2.070227
1.611832
1.536645
1.745084
1.807904
1.484281
1.596411
1.654454
1.647740
1.463774
1.795410
1.634367
1.574963
1.516671
1.615182
1.604650
1.377336
1.566445
1.454510
1.715254
1.674125
1.552885
1.708524
1.655087
1.665638
1.688312
1.627415
1.698611
1.775286
1.460900
1.601600
1.679809
1.338538
1.679403
1.632021
1.743619
1.605910
1.824142
1.674754
1.508386
1.523451
1.503502
1.428385
1.823777
1.712967
1.618185
1.435295
1.465406
1.636752
1.738986
1.665228
1.715822
1.819770
1.746203
1.766213
1.507911
1.641639
1.620493
1.497567
1.572025
1.761387
1.674415
1.650902
2.006016
1.546012
1.599141
1.811984
1.740401
1.512475
1.471595
1.676630
1.518624
1.631665
1.570525
1.983933
1.749815
1.653976
1.547820
1.676290
1.726682
1.764699
1.577568
1.472088
2.105070
1.687044
1.427210
1.794788
1.607799
1.661790
1.389360
1.732135
1.710456
1.704226
1.518738
1.632569
1.853617
1.759744
1.860353
1.648334
1.613443
1.635196
1.799184
1.787922
1.512584
1.648184
1.668171
1.608859
1.780601
1.665699
1.606151
1.387627
1.662621
1.563103
1.661119
1.544539
1.889208
1.668002
1.845819
1.582421
1.810412
1.636040
1.617032
1.809730
1.893323
1.584888
1.909901
1.546406
1.493990
1.563231
1.685120
1.703921
1.644577
1.566168
1.534121
1.579803
1.549056
1.704703
1.503924
1.928633
1.559659
1.709320
1.570075
1.552663
1.576186
1.520688
1.669190
1.626958
1.855446
1.624822
1.693568
1.704070
1.637096
1.805605
1.913828
1.412549
1.532176
1.530334
1.546408
1.703105
1.483926
1.552895
1.783515
1.585884
1.585911
1.607830
1.723576
1.735406
1.635496
1.560306
1.498489
1.630905
1.729731
1.866032
1.692300
1.831216
1.541249
1.621417
1.832368
1.506934
1.689409
1.591602
1.545248
1.983644
1.384187
1.636827
1.639772
1.555044
1.721190
1.598039
1.546589
1.777152
1.649059
1.639604
1.743995
1.637757
1.721782
1.569611
1.806955
1.511173
1.714132
1.596035
1.572260
1.499464
1.850977
1.528636
1.826120
1.831358
1.547561
1.593413
1.567356
1.582391
1.534235
1.685456
1.741438
1.594878
1.851463
1.628550
1.715138
1.726596
1.712015
1.592803
1.613968
1.608165
1.727961
1.888929
1.635027
1.664363
1.795691
1.411999
1.488184
1.590953
1.564632
1.763261
1.879962
1.520778
1.710803
1.681578
1.451112
1.575213
1.394625
1.663393
1.777264
1.559572
1.638293
1.719549
1.521730
1.761040
1.562515
1.662785
1.597324
1.520352
1.723704
1.732099
1.501532
1.405251
1.751989
1.640704
1.678978
1.832003
1.965736
1.748056
2.036370
1.571822
1.634622
1.768476
1.464958
1.739517
1.387478
1.835766
1.461643
1.644416
1.784168
1.593311
1.734967
1.750983
1.754466
1.927701
1.516003
1.526304
1.663265
1.859287
1.602255
1.546423
1.511020
1.675263
1.589952
1.720858
1.758177
1.567363
1.753549
1.592186
1.629030
1.562048
1.575241
1.634137
1.446774
1.948737
1.755107
1.443718
1.688226
1.356070
1.554522
1.710488
1.619854
1.675621
1.572457
1.553677
1.761110
1.888309
1.638744
