2.772761
2.283200
2.371174
2.204332
2.126100
2.156458
2.096044
2.236101
2.141257
2.130995
2.147589
2.118317
2.091581
2.316399
2.199752
2.196962
2.143417
2.128785
2.027438
1.926410
2.093348
2.117374
2.115321
2.014361
2.179340
2.257313
2.076519
2.052448
2.096583
2.099394
2.130116
2.094878
2.272877
2.005368
2.006854
2.129425
2.053504
2.079937
2.113340
2.209744
2.340574
2.065689
2.107194
2.200131
2.082154
2.044733
1.985897
2.037506
2.143168
2.095298
2.216736
2.092127
2.073754
2.130253
2.039585
2.108261
2.276862
2.069585
1.974394
2.145196
2.044155
2.152766
2.048560
2.001586
2.130779
2.222055
2.141070
2.065166
2.344173
2.115393
2.053550
2.119667
2.172100
2.128932
2.068485
2.081679
2.070990
2.171879
2.071784
1.974574
2.148100
2.029871
2.138829
2.211159
2.059956
2.177217
2.164911
2.041390
2.037966
2.164727
2.038165
2.104144
2.180804
2.156801
2.070781
2.130232
2.204286
2.017056
2.066717
2.090183
2.297393
2.088682
1.993350
2.082422
1.920388
2.125720
2.252141
2.120441
2.061606
2.110294
2.238677
2.039114
2.113613
2.066278
2.105857
2.135948
2.054764
2.199497
2.156469
2.195186
2.119138
2.210023
2.183245
2.022310
2.379917
1.999832
2.039632
2.124967
2.152775
2.161883
2.154490
2.010905
1.988311
2.245817
2.101650
2.162379
2.184290
2.177989
1.929502
2.101057
2.037235
2.163158
2.203128
2.392095
2.253769
2.094013
2.144823
2.210119
2.084504
2.063200
2.226658
2.094752
2.084989
2.405113
1.883341
2.156837
2.164616
2.011263
2.052074
2.183858
2.097966
2.009193
2.074031
2.079851
2.172876
2.109363
2.119683
2.144300
2.207673
2.069159
2.039454
2.218697
2.048247
2.262446
2.110882
2.094191
2.220817
2.151054
2.129692
2.082135
2.108552
2.052618
2.120755
2.259109
2.246841
2.008396
2.106555
2.051603
2.151677
1.981930
2.156080
2.178370
2.142257
2.130271
2.149477
2.062824
2.253453
2.136061
2.070179
2.071528
1.997360
1.917562
2.184617
2.205025
1.991316
2.215418
2.113229
2.127418
2.061166
2.178905
2.008006
2.151685
2.151224
2.041572
2.211996
2.048801
2.064224
2.068956
2.196230
1.989554
2.055414
2.298977
2.118082
1.973238
2.029571
2.212169
2.043366
2.148084
2.197633
2.282767
2.151516
2.101150
2.022695
2.124624
2.100569
2.201361
2.200615
2.107574
1.981008
1.994873
2.067517
1.995271
2.022316
2.195944
2.114598
1.931623
2.192951
2.242557
2.016690
2.341100
2.121981
1.980294
2.013688
2.097259
2.277586
2.201962
2.153725
2.087371
2.199965
2.001181
2.411701
2.185740
2.170940
2.013011
2.037915
2.108807
2.138363
1.961186
2.171373
2.221476
2.154024
1.991123
2.098015
2.139495
2.148880
2.100684
1.982029
1.996418
2.104812
2.051265
2.253777
2.224988
2.374240
2.069665
2.087278
2.194251
1.981491
2.026322
2.337853
2.297736
2.221296
2.118286
2.126267
2.150288
2.198255
2.240145
2.110630
2.188933
1.999717
2.092684
2.181548
2.079556
2.227804
1.996259
2.131647
2.133133
2.048293
2.106403
2.229526
1.988663
2.089298
2.247722
2.194710
2.143468
2.043678
2.146065
2.042561
2.020366
2.202533
2.219554
2.066983
2.032438
2.102242
2.019787
2.053550
2.415644
2.355219
2.067547
2.037124
1.978256
2.075060
2.199225
2.108218
1.950250
2.136778
1.975513
2.123231
2.030321
2.101881
1.996236
2.062323
2.066612
2.018230
2.041842
2.013387
2.128404
2.152698
2.041707
2.095429
2.156451
2.057123
2.107693
2.071226
2.367255
2.433713
2.116851
2.057571
2.034757
2.114109
1.985851
2.085046
1.964527
2.107270
2.126245
2.188972
2.212092
2.115001
2.053376
2.115158
2.064480
2.124531
2.085326
2.094220
2.210747
2.017450
2.203831
2.135806
2.169728
2.095055
2.278186
2.004573
2.111267
2.167663
2.269257
2.089698
2.043601
2.068775
2.313258
2.176399
2.013553
2.091978
2.180179
2.123575
2.163707
2.115516
2.137809
2.121051
2.276557
2.062319
2.314812
2.384850
1.966858
2.164679
2.066947
2.057031
2.016145
1.989547
2.044859
2.137297
1.987520
1.963515
2.105044
2.081913
2.414595
2.139096
2.029956
2.169499
1.917189
2.109278
2.177441
2.088909
2.434870
2.150642
1.956855
2.171120
2.193905
2.164782
2.158617
2.405032
2.257227
2.098521
2.082166
2.304179
2.122543
2.048784
2.061800
2.345579
2.149668
2.089709
2.037759
2.062099
2.157505
2.144101
2.138698
2.150444
2.140336
2.142583
2.141399
2.073387
2.158262
1.962731
2.153760
2.101391
2.011271
2.298166
2.046831
2.308174
1.990835
1.962978
2.180586
2.174747
1.992696
2.291989
2.197123
2.128002
2.189440
2.066061
2.081335
2.173108
2.227923
2.299770
2.145497
2.055017
2.113527
2.068711
1.953876
1.917560
2.058366
2.032790
2.102324
1.979713
2.125879
2.161219
2.479220
2.153563
2.047917
2.063297
2.466471
2.144124
2.022721
2.225814
1.999413
2.111145
2.101548
2.240798
1.995952
2.215426
2.159308
2.318374
2.167769
2.052661
2.203749
2.062181
2.218783
2.154698
2.161577
2.390621
2.235749
2.373484
2.014417
2.139421
1.989624
2.190084
2.176709
2.157655
2.129920
2.127562
2.233899
2.032279
2.230222
2.021148
2.035320
2.070616
2.068620
1.995782
1.983783
2.066293
2.140496
2.093960
2.272405
2.126771
2.063210
2.181501
2.140707
2.107443
1.974746
2.080402
2.049546
2.148735
2.264373
2.063062
2.119377
2.159536
1.941741
2.261918
2.389473
2.225258
2.246980
2.382050
2.172438
2.124740
2.118747
2.118656
1.996740
2.032550
2.104113
2.262841
2.064060
2.109837
1.972485
2.253783
2.131487
2.164966
2.179647
2.134510
2.202253
2.190115
2.061777
2.047833
2.228171
2.168385
2.022075
2.035983
2.028547
2.156107
2.118390
2.137354
2.026888
2.580782
2.123542
2.143866
2.382798
2.089925
2.464545
1.952512
2.023972
2.196725
2.219780
1.983958
2.115530
2.047196
2.106419
2.174833
2.058562
2.036989
2.040876
2.236088
2.184299
2.087413
2.195557
2.121768
1.965273
1.992477
2.009895
2.127222
2.133622
2.056805
2.084323
2.277039
2.160603
2.117556
2.210662
2.110128
2.042362
2.072536
2.011499
2.172744
2.057101
2.302806
2.374558
2.208805
2.154202
2.113085
2.177463
2.046465
2.053823
2.152820
2.104533
2.146058
2.078178
2.043921
2.160979
2.227230
2.384208
2.198919
2.150478
1.995918
2.227361
2.368890
2.169615
2.238485
2.184701
2.014816
2.200390
2.115010
2.175489
2.266859
2.020169
2.092405
2.155618
2.257271
2.098850
2.058880
2.081078
2.125864
2.068902
2.016028
2.108843
2.135058
2.078391
2.117822
2.161391
2.153037
2.159928
2.141692
2.355524
2.091870
2.056728
2.278058
2.141779
2.167000
2.027774
2.211030
2.022900
2.131188
2.106332
2.236463
2.281271
2.117616
2.100379
2.101640
1.996887
2.127606
1.872216
2.172365
2.260113
1.949331
2.638101
2.014247
2.302287
2.176681
2.124995
1.968281
2.178300
2.341702
2.084016
2.045825
2.404620
2.125318
2.257354
2.102514
2.221449
2.083373
2.104848
1.963732
2.039900
2.046572
2.006689
2.248209
1.960396
2.236922
2.060052
2.035635
2.199424
2.132043
2.228380
2.229652
2.124754
2.191013
1.873796
2.108760
2.240918
2.023967
2.035762
2.315609
2.248408
2.179535
2.046929
2.137877
2.263699
2.019173
2.043610
2.127651
1.953979
2.078020
2.282761
2.137936
2.089737
1.935857
2.298054
2.064145
2.108099
2.198491
2.130717
2.185960
2.057183
1.994059
2.244991
2.085477
2.086042
2.217461
2.186967
2.221740
2.068672
2.034096
2.115773
2.039473
2.061820
2.148313
2.442101
2.084753
2.840700
2.290732
2.115722
2.035283
2.114128
2.209137
2.042855
2.023690
2.152853
2.078160
2.003803
2.356941
2.098609
2.126100
2.241149
2.299779
2.112507
2.032274
1.921654
2.113550
2.278714
2.116015
1.953402
1.934550
2.283345
2.170876
2.019063
2.337328
2.131699
1.993417
2.109275
2.089598
2.178328
1.957883
2.024287
2.026326
2.067358
2.087299
2.280683
2.309112
2.126973
2.261712
2.125749
2.260128
2.183423
2.193984
2.256767
2.220001
2.097550
2.039288
2.141735
2.128449
2.189311
2.077986
2.442520
2.086058
2.308664
2.506648
2.279854
2.228325
2.429654
2.056353
2.149101
2.050067
2.143962
2.108474
2.235213
2.303900
1.913678
2.379483
2.315783
2.255310
2.042208
2.359497
1.976092
2.239869
2.124279
2.247444
2.150533
2.142715
2.121065
2.074213
2.127115
2.064945
2.064599
2.081278
2.122795
2.081280
2.233142
2.145202
2.155991
2.164315
2.158905
1.993450
2.069721
2.089055
1.923380
2.019239
2.131562
2.131959
2.091472
2.077028
2.101079
2.369724
2.065081
2.185120
2.097116
2.134241
2.195487
2.184841
2.146989
2.063298
2.118890
2.124038
2.268536
2.080425
2.056065
2.060371
2.237136
2.262843
2.076197
2.052825
1.899109
2.086992
2.116979
2.103249
2.090371
2.157199
2.064402
2.223057
1.998824
2.070428
2.017507
2.006382
2.296358
2.221721
2.093093
2.098354
2.252403
2.147401
1.979262
2.276375
1.889217
2.184092
1.977172
1.954163
2.146497
2.216368
2.281305
2.123816
2.218064
2.047011
1.995666
2.125639
2.119804
2.226740
2.214963
2.010358
2.292954
1.972830
2.191554
1.916319
2.177243
2.265126
2.148879
2.258971
2.308477
2.026689
2.109046
1.961392
2.161098
2.298371
2.655856
1.995779
2.167865
2.290628
2.015598
2.302920
2.199936
2.138471
2.166663
2.173795
2.098292
2.008024
2.158738
2.091791
2.050807
2.007492
2.091453
1.980703
1.991569
2.304659
2.224563
2.755481
2.086090
2.263855
2.166394
2.353193
2.045148
2.158342
2.047415
1.886205
1.953926
2.009970
2.072998
1.995242
2.174848
2.152034
2.223612
2.281517
2.085967
2.209202
2.127270
2.152784
2.180823
2.427688
2.026569
2.018915
2.119773
2.140366
2.049635
2.075183
2.118801
2.122911
2.373309
2.215744
2.052876
2.108731
2.103120
2.121059
2.587060
2.346447
1.893579
2.011842
2.093079
2.368089
2.056945
2.045775
2.053037
2.106873
2.204222
1.919694
1.910057
2.026208
2.071939
2.071182
1.960137
1.976571
2.124381
2.012697
2.042220
2.085957
2.041985
2.407017
2.229855
1.947814
2.050569
2.015863
2.030646
2.106558
2.177957
2.105393
2.181975
2.141665
2.014092
2.035659
2.123416
2.229085
2.233340
2.228611
2.101998
2.267055
2.219928
2.188493
2.561948
2.179829
2.119321
1.992628
2.176827
1.963426
2.224129
2.122630
2.085593
2.000194
2.090035
2.141015
2.115448
2.085351
2.182122
1.987107
2.207274
2.124649
2.121257
2.090707
1.975828
2.162221
2.108114
2.069074
2.059367
2.071772
2.118958
2.110351
2.039418
2.159224
2.237347
2.131199
2.009155
2.220149
1.977955
2.208958
2.105663
2.114436
2.219842
2.040158
2.377829
2.265493
2.133450
2.068587
2.005735
2.029134
2.150813
2.125364
2.247002
2.061120
2.033502
2.328589
2.083834
2.072751
2.809068
2.342137
2.108653
2.127706
2.104470
2.026657
1.953780
2.125228
2.276751
2.168585
2.089101
2.066102
2.145185
2.196841
2.121499
2.155947
2.294887
2.218103
1.979872
2.188666
2.065377
2.165949
2.111172
2.126682
2.090552
2.254838
2.205946
2.085029
2.053147
2.197135
1.912931
2.210739
2.062478
2.017786
2.010363
2.137353
2.117686
2.045347
2.184227
2.064199
2.203739
2.055773
1.986579
2.134342
2.168860
2.282558
2.564077
2.266368
2.139204
2.030560
2.129265
2.130400
2.039374
2.158309
2.107589
2.120318
2.083236
2.086013
2.239497
2.074337
2.039279
2.155093
2.140818
2.089372
2.479577
2.079648
2.177060
2.118743
2.096208
2.204048
2.174244
2.274808
2.147667
1.992976
2.167168
2.063887
2.036158
2.199436
2.147980
2.026455
2.154878
2.084092
1.973153
2.107878
2.017071
2.218835
2.161219
2.077928
2.220996
2.088978
2.403623
2.209378
2.175267
2.124515
2.170900
2.034935
2.086888
2.109137
1.931742
2.314563
2.064003
1.927028
1.968977
2.146762
1.958907
2.194136
1.972363
2.074466
2.087164
2.040946
2.381052
2.145625
2.089866
1.976527
1.970773
2.002205
1.975980
2.172113
2.182227
2.012121
2.231038
2.242083
1.920596
2.106289
2.118820
2.055336
2.187858
2.170873
2.121237
2.169689
2.100979
2.379241
2.135058
2.405983
2.834908
2.124380
2.174288
2.047094
2.097690
2.215324
2.027244
2.264516
1.999852
2.368226
2.070849
2.028767
2.118562
2.131134
2.008352
2.082281
1.902484
1.975654
2.129379
2.204712
2.221035
2.020254
2.484520
2.015641
2.086644
2.086495
1.988128
2.053697
2.095751
2.229965
2.040143
2.158725
1.948768
2.187520
2.325288
2.031563
2.020938
2.083110
2.245858
2.243862
2.173307
2.305506
1.952922
2.040309
2.260249
2.196766
2.113464
2.072610
2.226721
2.146143
2.134679
2.246310
2.051980
2.017881
2.198037
2.028874
2.066454
2.194947
2.091467
2.203817
2.183452
2.277574
2.194375
2.112360
2.076005
2.075707
2.069318
2.103078
2.010700
2.958012
2.075204
2.247786
2.072000
2.152525
2.122788
2.002599
2.067930
2.041893
2.189236
2.242448
2.068930
2.155467
1.933821
2.056149
1.939906
2.022244
2.068779
2.053904
2.204557
1.975577
2.182928
2.094997
2.395725
2.097231
2.200216
2.317499
2.164123
2.163585
2.110129
1.946311
2.175830
2.187041
1.999458
2.199277
2.272646
2.229542
2.242754
2.002048
1.886189
2.210222
2.418502
2.153977
2.120246
2.060667
2.028059
2.138536
2.175172
2.019362
2.131299
2.069378
1.968969
1.961937
2.175879
2.154533
2.096033
2.176588
2.106069
2.131289
2.132412
2.443075
2.038439
2.116146
2.036817
2.145067
2.069685
2.208924
2.242788
1.930854
2.170675
2.077569
1.928837
2.162768
2.013057
2.387164
2.189067
2.067479
2.128139
2.217003
1.985078
2.155513
2.048390
2.041463
2.278160
2.001872
2.368189
2.170243
1.995810
2.198175
2.095199
2.213623
2.083961
2.238116
2.271343
2.168137
2.222894
2.649744
2.011774
2.249941
2.098939
2.055317
2.080974
2.076447
2.056831
2.150854
2.118193
2.000755
2.162278
2.347856
2.033306
2.031908
2.170378
2.135911
2.047254
2.237785
2.059038
2.080478
2.306201
2.070045
1.955140
2.079556
2.334713
2.083662
2.229844
2.021271
2.141987
2.049209
2.101007
2.173516
2.140540
2.101565
2.422009
2.124726
2.055121
2.339010
1.986574
2.289707
2.034769
2.034996
2.223479
1.995355
2.297478
2.547459
2.199605
2.150421
2.167366
2.048223
2.199450
2.036972
2.150826
2.106400
2.141275
2.047534
2.091448
2.009703
2.006117
2.095738
2.091054
2.030691
2.308966
2.129532
1.947778
2.128256
1.914138
2.028601
2.079208
2.283001
2.050370
2.226099
2.124389
2.006397
2.307523
2.264909
2.242754
2.099270
2.504738
2.172979
2.077484
2.334881
2.324782
2.114713
2.011040
2.365364
2.051173
2.194472
1.945807
2.233513
1.960094
2.254098
2.049587
2.154696
2.238586
2.127454
2.117090
2.000786
2.321744
2.203293
2.113904
2.171591
2.022885
2.188289
2.336653
2.261252
2.217082
2.119070
2.256264
2.181782
2.307051
2.029555
2.111753
2.202632
2.156059
2.195869
1.999624
2.135400
1.993957
2.228367
2.125670
2.468996
2.072751
2.075199
2.065295
2.144524
1.993290
2.290085
1.963364
2.073046
2.026749
2.463143
2.164084
2.299904
2.250181
2.111075
2.096291
2.007489
2.070689
2.199503
2.500249
1.950376
2.159964
2.006162
2.075179
1.987427
2.086155
2.095342
2.011451
2.151915
2.040935
2.123556
2.183302
1.986288
2.392907
2.203849
2.019807
2.043310
2.050495
1.939257
1.939921
2.007246
2.257822
2.359326
2.163130
2.179946
2.364613
2.021966
2.077451
2.045635
2.169640
1.942785
2.141986
2.182869
2.115460
2.226492
2.115744
2.003093
2.075366
2.142604
2.074858
2.017918
1.970116
2.076586
2.550967
2.137224
2.025030
1.925526
2.030249
2.049110
2.137536
2.285806
1.879927
2.075088
2.264657
2.001704
2.129887
1.999189
2.195815
2.312067
2.108483
2.086953
2.154445
2.083848
2.115063
2.064998
2.148550
2.163811
2.219264
2.236623
2.166108
2.502872
2.165755
2.266931
2.044706
2.007251
2.040597
2.127572
2.057264
2.258250
2.129687
2.074063
2.195712
2.284121
2.150205
2.065071
2.023561
2.214381
2.122830
2.165023
2.239736
1.993510
2.075071
2.253767
2.087723
2.106958
2.102393
2.191341
1.983996
2.206754
2.212678
1.968367
2.041365
2.249681
2.343125
2.041084
1.997250
2.213238
1.974456
2.223989
2.130730
2.018548
2.095702
2.285581
2.137478
2.219272
2.067835
2.280482
2.451738
2.334374
2.077509
1.943472
1.949952
2.153364
2.129760
2.474276
2.238672
2.080554
2.241590
2.146261
2.060832
1.960384
2.005939
2.146928
2.026158
2.312531
1.979532
2.050444
2.064463
2.382945
2.755290
2.123884
2.146833
2.064851
2.001844
2.047615
2.165887
1.978582
2.062017
2.218644
2.151206
2.122388
2.137218
2.104850
2.000449
2.233162
2.030203
1.967075
2.047247
2.025554
2.090903
1.998730
2.316175
2.166589
2.054920
2.480307
2.263067
2.176735
2.119990
2.133759
2.081332
2.246381
1.873924
2.206974
2.229500
2.076778
2.222456
1.998756
2.090665
2.192373
2.353914
2.058231
2.210744
1.966926
2.105232
1.992003
2.177836
2.140740
2.134867
2.144995
2.123081
2.224890
2.058717
2.105492
1.985671
2.040246
2.096377
2.077675
2.544035
2.282793
2.045282
2.327543
2.181782
1.899624
2.370351
2.381308
2.141735
2.039181
1.991716
2.066379
2.134433
2.352301
1.970270
2.242162
2.077901
2.149439
2.227062
1.999681
2.190106
2.094240
2.395994
2.024145
2.020820
2.112560
2.076443
1.978239
2.063362
2.241736
2.088488
2.088004
2.328418
2.120843
2.854057
2.075414
2.016077
2.304024
2.158838
2.136745
2.194866
2.200238
2.311956
1.970368
1.953324
2.070707
2.170079
2.126429
2.291717
2.162751
2.063524
2.112806
2.049959
2.277733
1.999823
1.951662
2.146239
2.140028
2.105929
2.211392
1.976254
2.047465
2.117261
2.145801
2.232901
2.110560
2.039469
2.235105
2.078353
2.009813
2.205386
2.101941
1.985509
2.039780
1.945285
2.209888
2.164273
2.090742
2.172271
2.058724
2.444866
2.448855
2.073914
2.142565
2.071374
2.044239
2.226880
2.407764
2.052741
1.951385
2.127884
2.155277
2.199813
2.115128
2.129629
2.130636
2.255641
2.303499
2.101216
2.233031
2.135276
2.038319
2.000443
2.172849
2.096351
2.040410
2.167742
2.051836
1.996299
2.520463
2.321558
2.128999
2.175338
2.371852
2.120998
2.021992
1.920005
2.104887
1.952637
2.019398
2.124139
2.397423
1.925420
2.039422
2.069526
2.076833
2.098954
2.988569
2.120944
2.078218
2.159426
2.535922
1.961076
2.005314
2.060894
2.028598
2.046363
2.221108
2.160385
2.160494
2.093256
2.373782
1.961567
1.995664
2.177930
2.278028
1.984971
2.203804
2.020504
2.301737
2.019581
2.206688
2.345207
2.034119
2.085309
2.064622
2.138336
1.999152
2.599134
2.274320
2.563072
2.118986
2.297703
1.924415
2.001504
1.961005
2.132792
1.881319
2.207805
2.225278
2.235054
2.109748
2.143976
2.026795
2.302744
1.929675
2.121285
2.319595
1.991490
2.150747
2.279141
1.962958
1.996926
2.465379
2.052999
1.925971
2.061275
2.345768
2.085597
2.124843
2.146352
2.047759
2.183940
2.160972
2.264068
2.041452
2.054788
2.196826
2.109300
2.247492
2.260971
2.041220
2.285982
2.016283
2.162104
2.213685
2.269975
2.052041
2.073376
2.214393
1.969482
2.490284
2.248391
2.033036
2.040212
2.267647
2.059959
1.989093
2.173118
1.998726
2.448196
2.268789
2.006465
2.058312
2.183722
1.896292
2.050638
2.231397
2.222543
2.171963
2.075576
2.219495
2.120514
2.259642
2.118712
2.115385
2.134204
2.038233
2.063340
2.255532
2.165957
1.973441
2.168757
2.092508
1.974138
1.999402
2.171750
1.952265
2.182270
2.187053
2.038332
2.280039
2.038100
1.911167
2.061012
2.114707
2.099348
2.063775
2.095737
2.210996
2.072574
1.983220
1.963294
2.071966
2.181686
2.076841
2.559100
2.291920
2.536803
2.181215
2.062028
2.321929
2.257662
2.596274
1.959543
2.237549
2.232895
1.967409
2.426326
2.272412
2.269540
2.268789
1.918627
2.041666
2.213658
2.045282
2.173261
2.159223
2.072098
2.061933
2.042378
2.149090
2.189855
2.167407
2.331485
2.042493
2.242150
2.240652
2.686016
2.049357
2.212259
2.369535
2.085827
1.945647
2.089028
1.974523
2.058346
2.068946
2.172685
2.211252
2.095690
2.348877
2.068606
2.099379
2.105624
2.106928
2.043810
2.160260
2.067614
2.218077
2.079073
2.086789
2.068655
2.292654
2.635254
1.946228
2.435427
1.982155
2.348208
1.985635
2.045957
2.000325
2.067761
2.058342
2.214755
1.984888
2.060223
2.058306
2.383080
2.301208
2.067919
2.212348
1.869261
2.066916
2.164130
1.957385
1.998205
2.096725
2.046777
2.071037
2.174398
2.000434
2.125542
1.938274
2.500732
2.139665
2.154063
2.164586
1.942903
2.213916
2.095336
2.106893
2.166801
2.129402
2.133082
2.131769
2.311021
2.168337
1.985871
2.168465
2.079041
2.015802
2.211269
2.223632
2.084234
2.047669
2.064363
2.175699
2.182227
2.194045
2.114209
2.151669
2.133815
2.074162
2.141809
2.339280
2.558371
2.379751
2.196395
2.072932
2.471594
1.879049
2.060994
2.159329
2.135665
2.018170
2.098611
2.230910
2.078129
2.341744
2.586867
2.382210
2.033732
2.231657
2.142963
2.161701
2.182147
2.305961
2.296314
1.989567
2.092968
1.986985
2.116460
2.127153
2.073836
2.002275
2.123485
2.081705
2.494090
2.095556
2.224134
2.457921
2.029695
2.148667
2.092416
2.050118
2.215237
2.204576
2.216830
2.283192
2.099543
2.044278
2.082163
2.172063
2.109864
2.015839
2.812001
2.252083
2.174523
2.405795
2.053684
2.084130
1.962415
1.960675
2.924983
2.154193
1.985569
1.989682
2.214676
2.011885
2.067395
2.010624
2.249884
2.135856
2.216923
2.161740
2.098205
2.230837
2.247632
2.160924
2.289474
2.043589
2.193659
2.104687
2.010433
2.239318
2.180378
1.953470
2.095450
2.139122
2.285183
2.117776
2.176928
2.074744
2.448275
2.014688
2.156369
2.119833
2.155401
1.980461
2.028755
2.193628
2.246762
2.179748
2.064547
2.068782
2.187189
2.207840
2.208498
2.222127
2.195519
2.265629
2.027179
2.232015
2.070092
2.104682
2.155709
2.237695
2.035179
2.116441
2.028438
2.073850
2.491535
2.156359
2.265595
2.082681
2.179703
2.126313
2.049244
2.478260
2.101893
2.327958
2.083099
2.023509
1.986732
2.165976
2.390153
2.034272
2.048292
2.179784
2.103519
1.906374
2.235863
2.378487
1.967339
2.114813
2.177384
2.153458
2.253180
1.970247
2.109609
2.052661
1.949964
2.551963
2.118642
2.102094
2.115356
2.233537
2.046632
2.160771
2.226301
2.117504
2.059035
2.173419
2.048521
2.003548
2.011721
1.975708
2.020429
2.057787
2.091035
2.236485
2.141713
2.302797
2.002560
2.209721
2.344699
2.188420
2.124372
2.024309
2.028503
2.124557
2.255973
2.096265
2.126672
2.141124
2.056593
2.354080
2.155529
2.043860
2.231516
2.101961
2.368420
1.954932
1.947597
2.324477
1.986008
2.091791
2.138592
1.966398
1.975156
2.159391
2.370588
2.294332
2.010787
2.219488
2.048195
2.044436
2.333303
2.104744
2.428009
2.207066
2.017803
2.077037
2.005877
2.340558
2.015562
2.075657
2.053753
2.017670
1.967533
2.870398
2.188013
2.211940
2.065993
1.902752
2.104359
2.195132
2.290009
2.139084
2.059419
1.922150
2.107415
2.405909
2.011128
2.235106
2.178120
2.270664
2.010959
2.071810
2.016723
2.009295
2.393302
2.056428
2.296352
2.150697
2.131388
2.081379
2.085373
2.063982
2.374062
2.043855
2.044444
1.966763
2.097810
2.063291
2.226758
2.062369
1.956717
2.051062
2.003291
2.233473
2.200931
2.268363
2.159328
2.219130
2.258640
2.122553
2.025666
2.098525
2.042862
2.112463
2.231660
2.257103
1.986430
2.428964
2.054532
2.063824
2.084029
2.206788
2.081428
1.986582
2.113765
2.364240
2.177676
1.945638
1.986663
2.147727
2.129038
2.118781
2.163751
2.065489
2.068435
2.123350
2.156727
2.268504
2.190878
2.044333
2.086153
2.331289
2.132375
2.113167
2.063341
2.031095
2.218893
2.238596
2.644504
2.247353
2.127763
2.284468
2.060773
2.052599
2.271874
2.053918
2.289440
2.096433
2.047987
2.247693
2.076371
2.077123
2.288012
2.148904
2.037335
2.372841
2.205952
2.051920
2.382915
2.254186
1.983109
2.113172
2.143375
2.081098
1.977820
2.145998
2.098050
2.215304
2.130889
2.139624
2.314886
2.000856
2.092564
1.992473
2.517669
1.974699
2.341145
2.338233
2.187530
2.127339
2.177673
2.138269
2.069328
2.013186
2.048358
2.252723
2.051890
2.962792
2.042240
2.231129
2.032478
2.042496
2.075932
2.142576
2.164859
2.446024
2.057389
2.120560
2.128491
2.456652
2.069571
2.107736
2.023274
2.209996
2.370186
2.178643
2.245477
1.948962
2.112133
2.102388
2.289050
2.130535
2.163553
2.135073
2.229266
2.109789
1.989774
2.245800
1.931576
2.145168
2.319108
2.118393
2.046635
1.934303
2.026600
2.376232
1.887763
3.182874
2.200099
2.198358
2.133433
2.172928
2.165778
2.263930
2.052375
2.305228
2.256999
2.157391
2.043153
2.093247
2.054044
1.934176
2.164332
2.119061
2.099121
2.438406
2.278055
2.129367
2.128550
2.138303
2.196361
1.991260
2.223330
2.119672
1.966019
1.944660
2.108511
2.307860
2.152105
2.071913
1.969654
2.037548
1.946416
2.046996
2.269873
2.055626
2.631567
2.081230
2.200173
2.133538
2.162872
2.139980
2.098955
2.117383
2.132539
2.314218
2.118986
2.115406
2.225019
1.982989
1.960091
1.912607
2.359592
2.321424
2.297951
2.033891
2.055663
1.932971
2.241016
2.135936
2.107897
2.021894
2.197384
2.042949
2.057013
1.851026
2.083090
2.147810
2.056381
2.085467
2.331475
2.092348
1.940515
2.162240
2.084158
2.206225
2.156378
2.113417
2.062666
2.195419
2.058662
2.165552
2.106084
2.122213
2.157179
2.029491
2.151619
2.193181
2.170988
2.128084
2.023909
2.117121
2.226780
2.198687
2.014642
2.002966
2.846395
2.044289
2.204838
2.154797
2.118599
2.102502
2.339268
2.285875
2.001647
2.331143
2.267328
2.012024
1.921395
2.106185
2.210073
1.930352
2.118475
1.983034
2.348313
2.081947
2.661706
2.048024
2.289426
2.122317
2.138395
2.430397
2.076058
2.042087
2.016175
2.065257
2.131707
2.244977
2.014039
2.187067
2.108973
2.279393
2.173913
2.256986
1.901067
2.840061
1.952513
2.090581
2.151233
2.157833
1.929337
1.994402
2.337031
1.993593
2.101074
2.033453
2.341608
2.202597
2.083578
2.051039
2.080562
2.166573
2.347212
2.040934
2.126704
1.939588
2.048744
2.201568
2.092364
2.013748
2.077527
2.091296
2.164740
2.142396
2.201679
2.142948
2.212148
2.161928
2.082271
2.156565
2.118901
2.329298
2.136674
2.056337
2.014589
2.650253
2.125848
2.084434
2.192923
2.180818
2.080788
2.071769
2.286011
2.101895
2.090402
2.418958
2.101655
1.999174
2.248333
2.139092
2.114961
2.025015
2.076334
1.990939
2.030343
2.194092
2.140369
1.962617
2.158041
2.015158
2.000968
1.975492
2.271323
2.226991
2.265235
1.976288
2.629027
2.057209
1.981336
2.123299
2.095646
2.484025
2.073757
2.400295
2.043123
2.218890
2.240112
2.099997
2.143691
2.134748
2.017192
2.095524
2.333681
2.134559
2.210032
2.253091
2.068265
2.269797
2.067584
1.974416
2.061213
2.311363
2.162632
2.084552
2.092403
2.025159
2.115442
2.005449
1.912929
2.095039
1.895380
1.908921
2.156188
1.960839
2.152199
2.049279
2.146020
2.123152
1.890009
2.492726
2.016281
2.420223
2.024456
2.222656
1.980870
2.308677
2.176308
1.944623
2.163632
2.128661
1.993071
2.179625
2.075724
2.229325
2.216917
2.087070
2.202265
2.140661
2.213406
2.189283
1.949064
2.157840
2.224249
2.032475
2.258511
2.177830
2.030189
2.005455
2.280898
2.653003
2.241213
2.219268
2.032512
2.049351
2.055461
2.098954
2.122520
2.094281
2.365242
2.201536
2.072124
2.388167
2.194570
2.188639
2.251374
2.045836
2.094841
1.979296
2.065561
2.070932
2.361650
2.203763
2.177740
2.286122
2.228655
1.879153
2.088253
2.253368
2.078976
2.249481
2.125751
2.082172
2.114049
2.219791
2.034137
1.975486
2.094667
2.007212
2.116676
2.126679
2.190403
2.082686
2.093884
1.936536
2.519681
2.077990
2.226882
2.051055
2.367886
2.281515
1.980548
2.092573
2.081350
2.187272
2.101965
2.391832
2.147346
2.470295
2.113440
2.410417
2.073130
2.046354
2.135449
2.089914
2.164609
2.172425
2.119010
2.343879
2.106073
2.275886
2.376152
1.880833
2.006535
2.105370
2.065454
2.295946
2.141998
2.242125
2.215333
2.173729
2.184336
2.133089
2.061215
2.195503
2.089278
2.039146
2.195559
2.148839
2.147615
2.163687
2.192106
2.141582
2.105275
2.068333
2.182744
1.974423
2.042862
2.185055
2.216151
2.218286
2.168736
2.000237
1.952041
2.315557
2.720098
2.470985
2.066787
2.021933
2.193590
1.981065
2.197143
2.030454
2.050515
2.035153
1.989157
2.037653
2.025548
2.182991
2.137265
2.130970
2.079324
1.986477
2.083507
2.576708
1.953606
1.933712
2.059144
2.103333
2.184606
2.665417
1.970058
2.210571
2.167445
2.205761
2.209764
2.056335
2.260335
2.074843
1.990943
2.316095
2.121254
1.973366
2.009441
2.230648
2.418440
1.996138
2.157736
2.111804
2.124698
2.178022
2.067139
2.210233
2.048764
2.049224
2.180805
2.289476
2.103366
2.158134
1.950751
2.257126
2.177009
2.126711
2.260787
1.994380
2.052765
2.206258
2.044451
2.095384
2.689946
2.072486
2.073092
2.106436
2.327663
2.027453
2.035352
2.010789
2.086478
2.133018
1.999067
2.004848
1.956970
2.166165
2.437118
2.262413
2.068676
2.094751
2.469907
2.602980
1.977848
2.104036
2.119359
2.128111
2.247108
2.062507
2.173342
2.065421
2.144083
2.168203
2.189215
2.020807
2.337677
2.106766
1.926227
1.972201
2.120034
2.195279
2.064541
2.233129
2.386047
2.036460
2.231912
2.135640
1.948706
2.225132
1.978517
2.249198
1.983142
1.986716
2.150206
2.218760
2.163376
2.052086
2.239865
2.159179
2.148859
2.348068
2.064801
2.131606
2.054368
2.291560
2.050726
2.104260
2.122609
2.125329
2.643856
2.132398
2.152526
1.980121
2.095703
2.071290
2.294799
2.256475
2.057504
2.182879
2.059014
2.396863
2.180045
2.346098
2.057983
2.287214
2.212370
2.035028
2.368899
2.143476
2.225401
2.083841
2.205229
1.993674
2.339055
2.127084
1.882505
2.184549
2.192987
2.194924
1.908588
1.929274
2.170997
2.161093
2.239073
2.263172
1.947890
2.151792
2.073620
2.095141
2.014736
2.055627
1.942171
2.058313
1.931745
2.196373
2.284188
2.001029
2.001282
2.389323
2.256897
2.230734
2.038326
1.981180
2.199421
1.965069
2.154763
2.013035
2.502228
2.272938
2.019009
2.257970
1.955379
2.021449
2.068703
2.149463
2.226663
2.028145
2.035094
2.449176
1.996849
2.058219
2.047459
2.168714
2.056438
2.017265
2.136102
1.977391
2.116598
2.197265
2.079298
2.268854
2.282498
2.312097
2.126735
2.128067
2.218566
1.918592
2.115760
2.025665
2.217455
2.130003
1.978813
2.143680
2.005705
2.043726
2.005472
2.439842
1.966588
2.328877
2.438694
2.108448
1.983620
1.999526
2.161835
2.136550
2.451324
2.220360
2.147917
2.032389
2.087513
2.115638
2.290026
2.343350
2.169317
1.985823
2.226334
2.222877
2.367112
2.090142
2.007378
2.199621
2.096094
2.214969
2.017047
2.261342
1.940857
2.031368
1.956009
1.962539
2.015571
1.989784
2.210993
2.003801
2.086122
1.926809
2.131001
2.520631
2.057436
2.025131
2.873249
2.155574
1.947541
2.364200
2.071936
2.171719
2.157699
2.118788
2.004472
2.098966
2.042901
2.274593
1.938667
2.151563
2.051548
2.101760
2.303945
2.172486
2.003584
2.535782
2.096630
2.079786
2.479373
1.994135
2.083426
2.028819
2.021835
2.184910
2.108467
2.116079
2.022040
2.238780
1.987382
2.016330
2.050403
2.058274
2.164894
2.267960
2.249229
2.074676
2.478951
1.882034
2.038986
2.198400
2.130042
2.030907
2.249852
2.187335
2.092488
1.986558
2.567408
1.989061
2.232226
2.169590
2.202117
2.150489
2.033817
2.142698
2.618245
2.117212
1.974318
2.130806
2.085466
2.076151
2.378623
2.298752
1.877850
2.032979
2.206759
2.319901
2.143315
2.209202
2.482516
2.201521
2.132362
2.159942
2.145000
2.369392
2.535643
1.966506
2.233185
2.026452
2.022164
2.163856
2.042418
2.129063
2.195982
2.093784
2.125169
2.320955
2.110043
2.110887
2.189360
2.019139
2.029963
2.260005
1.974804
1.986262
2.192029
2.109487
1.944846
2.088560
2.138981
1.969613
2.086270
2.154056
2.031049
1.998495
2.112484
2.081906
1.979351
2.063161
2.063155
2.439589
2.204525
1.975242
2.040225
1.934004
2.013225
2.123337
2.071349
2.027607
2.086247
2.073639
2.080844
2.151867
2.420095
1.989278
1.976376
2.530950
2.072589
2.416878
2.176011
2.033978
2.003858
2.209528
2.129236
2.266087
2.259140
2.194340
2.327118
2.066723
2.310341
2.093043
2.057569
1.988721
2.165971
2.248451
2.103992
2.188460
2.153345
2.207950
2.357573
1.993378
2.137635
2.201618
2.026735
1.991646
2.193481
2.092694
2.116118
2.203310
2.042099
2.047938
1.855088
2.364374
1.968690
2.450713
2.131914
2.145237
2.153869
1.994109
2.263895
2.096980
1.924185
2.186005
2.172536
1.993649
2.081954
2.228120
2.139900
2.008061
2.034662
2.199224
2.163024
2.307397
2.622664
2.162339
2.314104
2.018918
1.990014
2.025811
2.088372
2.069954
2.177829
2.368170
2.150629
2.094805
1.946526
2.110930
2.046095
2.260544
2.456293
2.019587
2.002859
2.340127
2.506280
2.217696
1.970000
1.931277
2.101389
2.113436
2.344455
2.044820
2.266047
2.173717
2.096623
2.276258
2.203588
2.074295
2.382420
2.138641
1.998418
2.194684
1.887099
2.220241
2.147168
2.135286
2.100318
2.017947
1.943326
2.577287
2.061624
2.206261
2.111076
1.985627
2.076979
2.074915
2.189945
2.036063
1.916571
1.959216
2.003015
2.114556
2.427099
2.198567
2.019216
2.069709
2.090032
2.060081
2.443372
1.963907
2.340875
2.194951
2.243537
2.182923
2.252570
2.381079
2.132499
2.275025
2.259271
2.102860
2.026793
2.493678
2.318054
2.006456
2.214742
2.001386
2.014527
2.008764
1.949761
2.096797
1.860025
2.031219
2.274766
2.036879
2.246586
2.138349
2.079959
2.076436
2.037922
2.194656
2.033568
2.178619
2.013025
2.073353
2.169547
2.014334
2.156170
2.615563
3.094144
2.068391
2.001287
2.077630
2.190846
2.159177
2.192240
2.820376
2.190424
2.156778
1.949266
2.074594
2.150135
2.051771
2.401011
2.501511
2.220778
2.199556
2.238548
1.968130
1.948496
2.110438
2.172604
2.262730
1.990676
1.956036
1.957666
2.105327
2.026665
2.275746
2.070728
1.985490
2.318655
2.121802
2.152791
2.057919
2.015671
2.102015
2.197645
2.222072
2.254578
2.071485
2.040189
2.014879
2.262493
2.273011
2.093639
2.128356
2.201302
2.539966
2.029996
2.053882
2.223834
2.189864
2.079053
2.007292
2.130965
2.338893
2.182820
2.051124
2.179379
1.892560
2.000470
2.224818
2.095068
2.036357
2.123479
2.187573
2.004316
1.941040
1.989416
2.040621
2.223735
2.205436
2.824660
2.239393
2.076326
2.299062
2.225837
2.315233
2.070953
2.046228
2.120183
1.986916
2.071258
2.118025
2.094291
2.118549
2.184130
2.026341
2.073014
2.061756
2.035230
2.356910
2.048504
2.261425
2.128756
2.086215
2.079506
2.055428
2.216324
2.070041
2.126676
2.094608
2.106401
2.354187
2.042547
2.121497
1.999634
2.367507
2.116891
2.091035
2.052271
2.008701
2.035665
2.053009
2.022211
2.224850
1.849851
2.020503
2.031328
2.023437
2.063243
1.989452
2.635659
2.502879
2.162496
2.031735
2.037647
2.094712
2.467308
2.183675
2.168848
2.403110
2.122825
2.110293
2.084777
1.962132
2.152309
2.311258
2.205509
1.988018
2.165304
2.569598
2.198122
2.046384
1.998176
2.171468
2.081866
2.147947
2.019177
2.427726
2.236382
2.301993
1.969029
2.136039
2.138838
2.148415
2.134450
2.060529
2.285408
2.312171
2.008287
2.120800
2.275282
2.018530
2.058463
2.036776
2.242544
2.217652
2.199541
2.263903
2.056118
2.004665
2.067868
2.183110
2.279453
1.987046
2.078733
2.015445
2.011378
2.394095
2.061493
2.132116
2.149183
2.063061
2.098943
2.092887
2.168602
2.196707
2.051293
2.331714
2.093027
1.997194
2.086020
2.279733
2.080157
2.127084
2.084756
2.155293
2.107547
2.021623
2.136438
2.109638
2.012154
2.304811
1.922361
2.260839
2.283338
2.025834
2.221886
2.194829
2.226357
2.129283
1.966322
2.093402
2.169796
2.126158
2.079774
2.022278
1.937835
2.105519
2.093278
2.511564
2.287591
2.517327
2.228257
2.170765
2.390096
2.107915
2.052127
2.032043
2.082698
2.191343
2.412967
2.249084
1.914745
2.238340
