2.406544
3.867593
2.240119
2.099190
2.300894
2.248146
2.064965
2.110746
1.736823
2.241369
1.762109
1.236091
1.344831
1.236393
0.710196
1.120790
0.777156
0.797359
0.621766
0.725217
0.946221
0.739827
1.288851
0.637932
0.595162
0.606614
0.353394
0.356592
0.430784
0.517136
0.556201
0.500548
0.444308
0.433714
0.453888
0.316308
0.583635
0.319434
0.553737
1.498458
0.653872
0.473574
0.534516
0.365786
0.547225
0.524754
0.325272
0.394326
0.328315
0.185965
0.333469
0.319483
0.260905
0.275864
0.203563
0.310264
0.252622
0.341936
0.894632
0.192635
0.227207
0.347164
0.335692
0.410379
0.199772
0.128428
0.399128
0.131868
0.324181
0.159873
0.068072
0.199246
0.196101
0.166858
0.369451
0.433180
0.092522
0.507422
0.292794
0.367591
0.133824
0.292746
0.250458
0.276978
0.411686
0.224168
0.312903
0.133415
0.190269
0.143498
0.324982
0.162784
0.228982
0.141376
0.200540
0.307258
0.121749
0.107486
0.298400
0.178022
0.114999
0.186716
0.101247
0.133941
0.366103
0.200857
0.564042
0.273795
0.195148
0.139726
0.284829
0.239011
0.185802
0.159507
0.358681
0.095234
0.275446
0.345625
0.209048
0.078404
0.076666
0.339031
0.247859
0.238758
0.128947
0.097009
0.267733
0.154963
0.179874
0.107986
0.084176
0.227420
0.198544
0.400947
0.234922
0.137587
0.174755
0.142501
0.207453
0.160191
0.090863
0.224374
0.103514
0.077197
0.327669
0.055321
0.107211
0.107672
0.104727
0.078644
0.128334
0.071582
0.086417
0.062096
0.135276
0.093822
0.284619
0.189171
0.269696
0.076910
0.163550
0.178285
0.043485
0.085338
0.175352
0.137896
0.174886
0.192995
0.428454
0.072601
0.154858
0.193423
0.187589
0.163870
0.161669
0.577651
0.104055
0.078763
0.176945
0.206785
0.047781
0.095770
0.204018
0.070769
0.148816
0.253018
0.201958
0.036920
0.214306
0.111243
0.180703
0.144352
0.060634
0.176029
0.154963
0.026488
0.184992
0.159349
0.044188
0.108946
0.271064
0.125094
0.148663
0.103783
0.147318
0.219014
0.161618
0.058349
0.076363
0.078389
0.221805
0.182653
0.060965
0.051118
0.222183
0.191360
0.130253
0.103747
0.295962
0.095556
0.102142
0.087760
0.170596
0.135290
0.099327
0.095970
0.180815
0.250471
0.152832
0.192199
0.132955
0.160607
0.177341
0.052972
0.286472
0.217634
0.055007
0.419721
0.024938
0.118253
0.067252
0.048061
0.192980
0.043452
0.127402
0.281588
0.085711
0.313126
0.249908
0.035033
0.102843
0.126995
0.184060
0.110530
0.097994
0.063948
0.076490
0.168158
0.055139
0.189499
0.174878
0.070729
0.186351
0.109859
0.068883
0.063922
0.036216
0.033241
0.092578
0.341911
0.091175
0.068740
0.136388
0.070225
0.053756
0.054957
0.173399
0.031191
0.090916
0.129564
0.058301
0.200296
0.050227
0.317119
0.034841
0.361440
0.183572
0.145496
0.078157
0.017166
0.349594
0.034727
0.090989
0.115309
0.038607
0.172054
0.287061
0.088596
0.085148
0.016487
0.142773
0.026450
0.043233
0.184813
0.035601
0.204765
0.117577
0.126150
0.181519
0.302710
0.099963
0.029674
0.134488
0.058697
0.047613
0.135216
0.216934
0.030717
0.072027
0.204975
0.119716
0.062938
0.046856
0.043476
0.187234
0.038071
0.201820
0.075185
0.066445
0.078190
0.206281
0.056418
0.236565
0.028036
0.143039
0.103315
0.041465
0.080516
0.189555
0.040838
0.057589
0.211810
0.179581
0.131465
0.065859
0.353196
0.047626
0.034617
0.158398
0.060515
0.317211
0.066170
0.110131
0.094131
0.051597
0.155646
0.094459
0.176108
0.020675
0.329028
0.047333
0.071736
0.241422
0.167305
0.039553
0.133258
0.248126
0.267341
0.055691
0.154483
0.145264
0.093197
0.184484
0.192195
0.198724
0.112145
0.123564
0.067291
0.034932
0.251321
0.038259
0.267419
0.073271
0.198690
0.078523
0.180158
0.086090
0.115038
0.203208
0.150518
0.245140
0.042205
0.034875
0.131171
0.077724
0.219070
0.067147
0.011569
0.162082
0.099234
0.108581
0.018561
0.056579
0.049257
0.144417
0.292373
0.041054
0.091002
0.059627
0.091326
0.166604
0.135228
0.026233
0.084306
0.023549
0.037281
0.198400
0.168982
0.178035
0.042696
0.201863
0.114201
0.055988
0.193344
0.188890
0.274768
0.163913
0.233515
0.234822
0.048651
0.066893
0.035556
0.194165
0.195261
0.096040
0.136489
0.076006
0.053510
0.091183
0.059730
0.065058
0.140949
0.129301
0.074795
0.064986
0.325837
0.096166
0.142264
0.096911
0.072406
0.201571
0.121468
0.072186
0.081032
0.190598
0.030093
0.048993
0.239588
0.026452
0.059928
0.028380
0.367101
0.098369
0.023277
0.128098
0.090320
0.021798
0.032212
0.059393
0.324323
0.146778
0.108521
0.061237
0.104960
0.201275
0.161468
0.042388
0.024355
0.040714
0.159765
0.210598
0.139359
0.028223
0.100230
0.038354
0.050469
0.131404
0.157563
0.105443
0.107447
0.084324
0.130389
0.121696
0.097703
0.115920
0.039636
0.056478
0.033569
0.382368
0.201240
0.050216
0.134321
0.103303
0.056292
0.025471
0.139609
0.185845
0.093095
0.036081
0.035731
0.052534
0.016498
0.063464
0.022874
0.233791
0.103298
0.213873
0.031031
0.066945
0.130822
0.357948
0.096365
0.178125
0.027983
0.151740
0.255554
0.147287
0.053506
0.146857
0.118208
0.131820
0.033194
0.053243
0.040416
0.064504
0.042892
0.060991
0.044821
0.136757
0.033482
0.054087
0.017998
0.058892
0.061020
0.052144
0.043907
0.165880
0.110487
0.025567
0.203858
0.096499
0.064639
0.045920
0.070306
0.140604
0.090779
0.018179
0.073402
0.081928
0.034855
0.067813
0.045087
0.142847
0.071467
0.071453
0.048181
0.042117
0.023902
0.174441
0.009215
0.031247
0.080542
0.077598
0.039136
0.142953
0.204264
0.303381
0.102941
0.095984
0.196184
0.077686
0.032983
0.113457
0.189820
0.091798
0.043473
0.055588
0.196230
0.035064
0.077743
0.064579
0.192400
0.040799
0.033902
0.118282
0.038721
0.109695
0.155577
0.029685
0.286735
0.068207
0.168188
0.151143
0.035830
0.160396
0.091167
0.100433
0.031461
0.095835
0.036409
0.261035
0.058826
0.143935
0.012982
0.148905
0.098784
0.101993
0.051235
0.048537
0.028452
0.138434
0.026201
0.096842
0.085205
0.033600
0.116790
0.066874
0.036527
0.118144
0.039131
0.013910
0.049325
0.021249
0.007389
0.071821
0.047315
0.077225
0.103310
0.083081
0.054651
0.215002
0.154643
0.172551
0.271687
0.084136
0.142920
0.121642
0.149168
0.024488
0.046570
0.008998
0.016019
0.214091
0.005236
0.177690
0.074520
0.237920
0.075265
0.091116
0.041858
0.046393
0.030262
0.107829
0.014518
0.037436
0.045726
0.108168
0.082109
0.093509
0.039110
0.010800
0.027397
0.077209
0.012927
0.040867
0.084975
0.020599
0.210522
0.113719
0.070932
0.047332
0.040249
0.073118
0.142164
0.096957
0.080132
0.026815
0.146403
0.004145
0.084738
0.205951
0.033059
0.019039
0.114022
0.118591
0.088283
0.175099
0.195442
0.043315
0.035754
0.054515
0.139572
0.274765
0.054236
0.032704
0.365437
0.051564
0.029533
0.050496
0.044036
0.080256
0.114030
0.160894
0.013120
0.021833
0.035783
0.125788
0.031022
0.051781
0.141541
0.015630
0.028159
0.035060
0.114120
0.025502
0.040138
0.022684
0.024173
0.029259
0.058355
0.136082
0.091350
0.061571
0.033645
0.157461
0.046153
0.031000
0.020316
0.029541
0.047959
0.175711
0.043728
0.128126
0.027144
0.072249
0.142504
0.136407
0.009728
0.047094
0.104463
0.067523
0.117524
0.041748
0.031547
0.030661
0.060896
0.024012
0.022277
0.164411
0.119183
0.220417
0.068687
0.021972
0.092529
0.047495
0.361659
0.144781
0.019770
0.050227
0.044987
0.040997
0.084392
0.171022
0.026890
0.023611
0.023131
0.025009
0.091823
0.061491
0.031305
0.009203
0.066299
0.059673
0.052457
0.116873
0.158861
0.204515
0.275398
0.042645
0.162092
0.036298
0.105005
0.014907
0.104295
0.025631
0.071121
0.012128
0.010541
0.076523
0.010301
0.097018
0.041949
0.112820
0.038959
0.016316
0.107559
0.041983
0.132175
0.012258
0.194480
0.007692
0.036897
0.038090
0.145603
0.074637
0.107935
0.107042
0.105424
0.065484
0.021350
0.040806
0.073628
0.072329
0.072342
0.141916
0.332626
0.112364
0.127763
0.134233
0.063795
0.154300
0.069142
0.052495
0.034903
0.086803
0.029737
0.052529
0.119947
0.226901
0.100725
0.178942
0.021517
0.133537
0.222047
0.198798
0.018777
0.031813
0.028504
0.045453
0.085747
0.047272
0.049924
0.023405
0.068937
0.023214
0.102265
0.015894
0.233249
0.118236
0.179183
0.073524
0.098345
0.188764
0.105377
0.045893
0.052939
0.068883
0.072087
0.024511
0.156593
0.050660
0.112334
0.036808
0.025274
0.057277
0.072080
0.016225
0.070362
0.045990
0.011974
0.052804
0.041808
0.052159
0.099275
0.033749
0.025747
0.031714
0.046163
0.146579
0.040921
0.223189
0.208110
0.141565
0.030375
0.034499
0.045855
0.137475
0.086183
0.187503
0.127658
0.033062
0.078756
0.041830
0.153636
0.190816
0.036867
0.037282
0.014071
0.119497
0.038508
0.179537
0.099152
0.050332
0.025296
0.034468
0.078720
0.057418
0.048674
0.084976
0.040457
0.009707
0.122146
0.092376
0.007233
0.105597
0.076678
0.038453
0.036125
0.138189
0.017900
0.069248
0.022059
0.104310
0.028078
0.054793
0.040544
0.229984
0.057345
0.173833
0.111973
0.050993
0.144649
0.089906
0.048633
0.134924
0.051744
0.166089
0.119356
0.024281
0.028130
0.209974
0.072560
0.034068
0.028682
0.079485
0.054093
0.036811
0.062820
0.117180
0.140457
0.230652
0.108166
0.060758
0.154919
0.280388
0.030995
0.143670
0.150758
0.064665
0.016773
0.118873
0.016242
0.029197
0.076602
0.047941
0.061476
0.025689
0.020823
0.024626
0.231951
0.273997
0.063020
0.041160
0.009946
0.109146
0.059971
0.031305
0.015580
0.021530
0.095091
0.075252
0.087001
0.044417
0.159487
0.028205
0.035148
0.018557
0.046540
0.038056
0.051211
0.091438
0.045475
0.031509
0.006820
0.102626
0.011415
0.018364
0.127326
0.061778
0.040677
0.010302
0.122261
0.086918
0.039316
0.017607
0.127520
0.101372
0.107511
0.073356
0.079115
0.044158
0.091746
0.017898
0.017633
0.089929
0.111592
0.032038
0.021925
0.042534
0.112359
0.192887
0.103597
0.045419
0.197140
0.131437
0.013549
0.068292
0.167089
0.048646
0.053548
0.082094
0.015057
0.119222
0.083737
0.188674
0.156191
0.125696
0.020507
0.191901
0.073405
0.027376
0.088163
0.128155
0.043249
0.109255
0.067242
0.053534
0.038354
0.038649
0.185618
0.041959
0.091112
0.073978
0.034810
0.165326
0.124245
0.108166
0.043815
0.133674
0.041316
0.038299
0.143364
0.016926
0.047464
0.040055
0.031350
0.115910
0.009860
0.078553
0.028896
0.121468
0.198784
0.103806
0.019033
0.065550
0.074464
0.099490
0.084539
0.008278
0.052300
0.013942
0.033375
0.026769
0.174238
0.013094
0.028688
0.127221
0.025047
0.019119
0.026860
0.005025
0.017746
0.056835
0.168048
0.131119
0.145502
0.018805
0.042975
0.141629
0.077971
0.029407
0.130376
0.192858
0.052083
0.040418
0.017022
0.121326
0.093622
0.085047
0.022443
0.110390
0.091410
0.007515
0.022378
0.058038
0.032299
0.054473
0.110587
0.120470
0.034432
0.076499
0.011294
0.009472
0.054625
0.122618
0.005455
0.023235
0.036465
0.036591
0.052631
0.289741
0.042630
0.026561
0.019566
0.024651
0.077325
0.163099
0.023034
0.117838
0.018606
0.071543
0.306006
0.080154
0.082692
0.036399
0.037939
0.088092
0.039343
0.054572
0.064557
0.207219
0.048143
0.077835
0.011026
0.070066
0.121742
0.056502
0.164494
0.166486
0.060987
0.086157
0.074659
0.114640
0.137388
0.027506
0.084566
0.056920
0.014338
0.064243
0.007708
0.063708
0.061224
0.154992
0.114742
0.113824
0.132108
0.084730
0.086910
0.055259
0.031486
0.020859
0.104273
0.030213
0.074953
0.116839
0.202293
0.143887
0.074458
0.031583
0.051815
0.013882
0.024606
0.173945
0.033583
0.029468
0.149236
0.122977
0.012233
0.053258
0.027541
0.077961
0.260207
0.035281
0.116767
0.087182
0.019223
0.022248
0.018688
0.037033
0.036755
0.020606
0.043912
0.070997
0.074662
0.036322
0.064921
0.024919
0.055275
0.092148
0.027368
0.021807
0.008711
0.007506
0.015216
0.071560
0.113331
0.101962
0.066316
0.178371
0.101671
0.016206
0.054679
0.074050
0.030795
0.034783
0.023477
0.034975
0.017114
0.099736
0.005144
0.053194
0.030041
0.060724
0.042183
0.011519
0.124175
0.097611
0.029095
0.045347
0.122018
0.132106
0.047217
0.038356
0.063950
0.102406
0.193848
0.008467
0.090271
0.060011
0.035971
0.030485
0.179616
0.024171
0.028399
0.142455
0.067486
0.032885
0.289387
0.111190
0.061212
0.016692
0.030987
0.206347
0.024074
0.081239
0.139638
0.097132
0.062060
0.121470
0.203765
0.093262
0.078623
0.162744
0.072366
0.022183
0.043485
0.042527
0.106122
0.024946
0.085298
0.088528
0.058230
0.025120
0.038026
0.004526
0.071424
0.031217
0.022421
0.005817
0.049981
0.074170
0.023358
0.031029
0.038157
0.039748
0.040329
0.027578
0.081986
0.034818
0.045881
0.011075
0.041829
0.035369
0.012901
0.046692
0.054934
0.094124
0.121872
0.019244
0.144463
0.081849
0.066605
0.072186
0.071830
0.079701
0.046401
0.039377
0.013826
0.027130
0.004726
0.132767
0.187057
0.213209
0.038966
0.118526
0.047641
0.127843
0.192646
0.024908
0.091171
0.014130
0.193695
0.114991
0.080114
0.113722
0.048080
0.127275
0.029243
0.019763
0.015760
0.098958
0.042091
0.051915
0.017701
0.198480
0.033985
0.069778
0.033477
0.048507
0.062494
0.102344
0.063163
0.068739
0.018378
0.042727
0.105405
0.071093
0.050580
0.035221
0.166615
0.090878
0.116975
0.278094
0.014460
0.016573
0.086739
0.026489
0.017484
0.073234
0.076088
0.015978
0.231218
0.150639
0.107342
0.014183
0.008775
0.015653
0.004514
0.024373
0.110812
0.055905
0.037573
0.036631
0.036737
0.089181
0.038837
0.017341
0.083542
0.049592
0.011190
0.029882
0.018190
0.196247
0.017345
0.080045
0.022508
0.062959
0.007209
0.147992
0.100276
0.116428
0.119902
0.048772
0.019690
0.112050
0.128393
0.044844
0.055918
0.046784
0.067817
0.296666
0.047379
0.022818
0.190655
0.033166
0.026447
0.226881
0.054473
0.037713
0.045291
0.014989
0.044867
0.117072
0.018669
0.044166
0.155637
0.046833
0.209252
0.065925
0.057773
0.075605
0.151838
0.068530
0.083210
0.028560
0.029567
0.070375
0.021473
0.084209
0.090370
0.137381
0.024662
0.039532
0.036294
0.089034
0.067114
0.187263
0.073217
0.074805
0.088144
0.060287
0.032744
0.020076
0.020435
0.028126
0.042622
0.054233
0.056654
0.088177
0.023658
0.028566
0.051637
0.011939
0.069915
0.009559
0.021886
0.061685
0.023722
0.071353
0.080573
0.004440
0.012692
0.117426
0.086397
0.012093
0.056844
0.011157
0.025911
0.055842
0.072034
0.034204
0.137421
0.008345
0.085394
0.015262
0.010065
0.045842
0.048115
0.060319
0.065314
0.104566
0.093414
0.008961
0.092165
0.156424
0.019396
0.077695
0.024250
0.027892
0.153170
0.068480
0.036980
0.059467
0.073386
0.023832
0.043462
0.024050
0.022973
0.022515
0.149135
0.059555
0.040802
0.042874
0.011806
0.040601
0.124570
0.035637
0.139456
0.004486
0.028359
0.085564
0.089732
0.072275
0.033377
0.132417
0.043148
0.067470
0.170638
0.050016
0.273215
0.022156
0.070960
0.021294
0.032294
0.017914
0.113466
0.023675
0.067447
0.015895
0.046084
0.023256
0.008229
0.083661
0.091872
0.048472
0.056730
0.071594
0.029310
0.008180
0.039426
0.029645
0.051337
0.079398
0.036257
0.016296
0.036889
0.022722
0.135222
0.056970
0.026709
0.103419
0.045741
0.077548
0.015135
0.283083
0.065228
0.027669
0.039350
0.061431
0.024223
0.055388
0.022830
0.140686
0.081716
0.314042
0.086791
0.075259
0.084666
0.050954
0.035783
0.022529
0.126208
0.018807
0.028568
0.052213
0.038168
0.051978
0.099322
0.127108
0.239769
0.036200
0.011759
0.171325
0.063726
0.214201
0.230149
0.141838
0.013551
0.042568
0.043733
0.122615
0.062292
0.065771
0.024133
0.015748
0.031755
0.015172
0.022282
0.011979
0.111470
0.004842
0.091098
0.026060
0.094422
0.028570
0.047065
0.070291
0.075261
0.018096
0.058794
0.032243
0.043404
0.039112
0.011530
0.068235
0.022337
0.045630
0.084382
0.052788
0.023420
0.012961
0.210791
0.008366
0.219359
0.086821
0.018693
0.006653
0.046561
0.025997
0.053773
0.036673
0.045960
0.023497
0.037353
0.046032
0.076555
0.029233
0.052516
0.009057
0.027292
0.007488
0.013955
0.051460
0.016079
0.010086
0.080818
0.018547
0.057694
0.056564
0.076276
0.062225
0.039160
0.329174
0.057543
0.116540
0.027207
0.023209
0.067055
0.285300
0.113842
0.149730
0.052852
0.026951
0.072195
0.020583
0.221308
0.055847
0.049738
0.071609
0.096570
0.120167
0.035000
0.079353
0.202625
0.049734
0.032570
0.187379
0.009223
0.125368
0.024551
0.112785
0.122112
0.097888
0.009593
0.058908
0.046535
0.176933
0.067134
0.021024
0.126554
0.079576
0.050415
0.023932
0.005133
0.068875
0.010833
0.010983
0.084033
0.036740
0.027478
0.181082
0.119881
0.073715
0.127486
0.015672
0.015259
0.015571
0.041891
0.089119
0.234423
0.089533
0.020988
0.207790
0.109139
0.003310
0.042746
0.035340
0.080034
0.084677
0.033424
0.026148
0.100480
0.013091
0.031916
0.216662
0.105880
0.054401
0.010541
0.018380
0.054958
0.012078
0.059606
0.036794
0.043332
0.028167
0.240082
0.046387
0.028143
0.054846
0.013239
0.054174
0.102806
0.036155
0.015055
0.131473
0.038378
0.085264
0.055512
0.019463
0.023783
0.018371
0.012427
0.128884
0.065548
0.009438
0.069917
0.066182
0.015605
0.010538
0.107462
0.016525
0.071402
0.053359
0.062149
0.020993
0.124753
0.035594
0.046818
0.107556
0.020338
0.058554
0.034996
0.022196
0.055211
0.015309
0.142163
0.037793
0.093674
0.093474
0.020688
0.020735
0.040352
0.063352
0.007809
0.016998
0.052429
0.089601
0.080824
0.048072
0.030580
0.006685
0.030825
0.061225
0.031712
0.063468
0.048582
0.067382
0.108015
0.099214
0.008083
0.114828
0.023610
0.074853
0.127929
0.089659
0.009115
0.027654
0.041813
0.187013
0.074165
0.038743
0.143601
0.099064
0.039810
0.042081
0.019573
0.064429
0.117241
0.091919
0.017841
0.266544
0.087786
0.032696
0.066275
0.040092
0.039713
0.147549
0.013602
0.016425
0.030966
0.082816
0.007792
0.012078
0.047392
0.013494
0.240270
0.008823
0.005461
0.063936
0.031234
0.023603
0.096490
0.081552
0.016548
0.007322
0.070617
0.024356
0.051226
0.041334
0.046133
0.090355
0.218249
0.013324
0.082968
0.033645
0.018606
0.106348
0.024430
0.016949
0.052964
0.068930
0.015338
0.058291
0.083929
0.081514
0.067669
0.033341
0.157359
0.110026
0.015561
0.112329
0.009812
0.040915
0.051451
0.103640
0.012229
0.046474
0.024718
0.033084
0.120037
0.062968
0.013088
0.031027
0.035334
0.022260
0.008693
0.071146
0.122374
0.068094
0.125951
0.073129
0.016045
0.008978
0.005639
0.012562
0.064421
0.009296
0.105185
0.045475
0.019308
0.022142
0.000958
0.045103
0.095612
0.078369
0.012818
0.029496
0.015641
0.140579
0.027716
0.080542
0.113813
0.018145
0.010658
0.061229
0.023839
0.033694
0.015153
0.047211
0.140537
0.022306
0.152079
0.008434
0.009853
0.075031
0.018853
0.099779
0.150185
0.014465
0.109622
0.045971
0.023865
0.045637
0.037831
0.068030
0.116139
0.004480
0.010727
0.051671
0.030693
0.021037
0.043423
0.007857
0.008487
0.128108
0.117951
0.017989
0.034392
0.020364
0.074945
0.142585
0.028205
0.220549
0.059505
0.086882
0.141656
0.093814
0.022043
0.014109
0.175193
0.052355
0.016434
0.047828
0.072131
0.094520
0.009542
0.015459
0.068131
0.013039
0.074339
0.054457
0.124693
0.085318
0.071099
0.072802
0.046581
0.062962
0.044651
0.026055
0.036173
0.029051
0.035702
0.026246
0.017121
0.157702
0.040098
0.019778
0.032396
0.063216
0.087968
0.113360
0.132815
0.032718
0.027394
0.035529
0.022168
0.145568
0.017185
0.111735
0.043918
0.013135
0.038182
0.065373
0.012084
0.051619
0.011017
0.005667
0.041166
0.041101
0.091282
0.042934
0.018134
0.029211
0.087511
0.032157
0.069058
0.050829
0.056766
0.069328
0.013314
0.061464
0.030936
0.038431
0.052178
0.024532
0.050406
0.145052
0.016366
0.010956
0.078453
0.024506
0.104714
0.019767
0.035394
0.229769
0.013794
0.021307
0.049400
0.062977
0.058719
0.015696
0.051365
0.079404
0.004832
0.015555
0.113999
0.023072
0.011295
0.071226
0.002278
0.250366
0.220034
0.235890
0.087214
0.054188
0.034489
0.098598
0.054492
0.075381
0.168673
0.048784
0.258207
0.018420
0.041787
0.022806
0.033258
0.062147
0.174948
0.045487
0.112157
0.008743
0.016927
0.048614
0.013508
0.077913
0.046707
0.067673
0.162308
0.047913
0.030032
0.167001
0.028217
0.010353
0.001800
0.035932
0.064404
0.084208
0.027181
0.121721
0.039880
0.012830
0.016071
0.155905
0.178949
0.023643
0.011666
0.044878
0.038661
0.034094
0.106990
0.006330
0.033053
0.065856
0.047599
0.030424
0.060028
0.062192
0.016262
0.037732
0.038309
0.026627
0.075397
0.003885
0.106847
0.010693
0.019972
0.092215
0.018839
0.072014
0.061169
0.025502
0.008883
0.036610
0.007115
0.091378
0.004998
0.046685
0.339289
0.012849
0.028499
0.047118
0.245702
0.023321
0.019902
0.026191
0.022768
0.004070
0.035549
0.052029
0.040094
0.014893
0.089178
0.036744
0.081819
0.021290
0.023659
0.153212
0.046068
0.039206
0.006667
0.008806
0.037434
0.021813
0.016766
0.034979
0.060773
0.087277
0.072917
0.206012
0.095187
0.102877
0.020893
0.009025
0.212558
0.007652
0.075827
0.035525
0.041419
0.073999
0.010260
0.018294
0.059346
0.039344
0.047214
0.069960
0.012335
0.018010
0.034840
0.107160
0.152026
0.123978
0.041198
0.009665
0.025748
0.034274
0.066339
0.067048
0.105296
0.173116
0.006375
0.156191
0.014869
0.008005
0.037396
0.092660
0.066187
0.065075
0.066437
0.128467
0.023248
0.039914
0.106272
0.017952
0.009259
0.093151
0.023817
0.012455
0.062406
0.024048
0.088246
0.006690
0.097383
0.028478
0.090800
0.037655
0.017396
0.043370
0.029212
0.047609
0.030216
0.052988
0.040818
0.005082
0.018862
0.042105
0.031828
0.032652
0.021430
0.192684
0.006352
0.016041
0.056991
0.146867
0.066935
0.053919
0.020252
0.015627
0.020204
0.032072
0.067111
0.040183
0.021465
0.010448
0.029179
0.054390
0.004939
0.015857
0.026695
0.006338
0.043079
0.069215
0.044580
0.022055
0.035722
0.046588
0.006070
0.015333
0.022492
0.088107
0.004927
0.018946
0.047648
0.114201
0.352710
0.019063
0.105549
0.204086
0.099208
0.297241
0.099469
0.063042
0.028011
0.047817
0.016978
0.003022
0.007313
0.047726
0.018703
0.075160
0.025715
0.065969
0.048390
0.066597
0.042713
0.021702
0.149852
0.092053
0.123746
0.007086
0.056422
0.041216
0.020237
0.063262
0.028737
0.093273
0.095214
0.124906
0.023750
0.012894
0.021473
0.041470
0.075584
0.006808
0.075256
0.232851
0.018500
0.019994
0.132249
0.010470
0.101227
0.112888
0.067554
0.111534
0.017210
0.024292
0.124948
0.203950
0.017996
0.033612
0.079459
0.076979
0.024461
0.025391
0.073340
0.037653
0.067403
0.046019
0.044991
0.047757
0.029000
0.011128
0.014592
0.099971
0.060318
0.020934
0.007241
0.008313
0.010337
0.022424
0.082412
0.025198
0.036579
0.108740
0.018946
0.067870
0.080340
0.024935
0.010738
0.039389
0.045673
0.048871
0.023471
0.013014
0.062748
0.070634
0.128538
0.015044
0.082406
0.014454
0.023691
0.134889
0.009211
0.062200
0.024653
0.044249
0.014720
0.028736
0.047195
0.122943
0.012771
0.011620
0.007527
0.037737
0.007625
0.100834
0.042306
0.155558
0.130769
0.026279
0.009600
0.029445
0.153998
0.079448
0.057360
0.019479
0.081949
0.025730
0.031829
0.012563
0.195131
0.014139
0.067301
0.016178
0.061343
0.048452
0.096811
0.114359
0.074492
0.156816
0.094509
0.031631
0.096400
0.138805
0.016830
0.069114
0.065057
0.043001
0.019525
0.003627
0.114572
0.100148
0.088429
0.018910
0.020697
0.031479
0.198593
0.018279
0.038815
0.075848
0.082350
0.006442
0.044207
0.013589
0.027019
0.066785
0.103834
0.036472
0.015157
0.048029
0.061875
0.041238
0.013000
0.032105
0.071567
0.117202
0.140338
0.028138
0.015628
0.039349
0.079129
0.007768
0.075239
0.004150
0.016617
0.007219
0.036062
0.041561
0.097584
0.191578
0.095453
0.208595
0.018024
0.010320
0.018774
0.064061
0.031447
0.082390
0.018968
0.072888
0.016890
0.015815
0.070808
0.005253
0.034121
0.094641
0.014711
0.008080
0.069690
0.049431
0.007763
0.008179
0.039983
0.060974
0.045401
0.042735
0.016955
0.018074
0.068860
0.010001
0.175221
0.055314
0.079618
0.061661
0.014527
0.026871
0.011394
0.193754
0.100060
0.089721
0.048525
0.041496
0.048948
0.025391
0.035820
0.032755
0.059785
0.052339
0.016871
0.074505
0.017053
0.095726
0.125604
0.023834
0.071420
0.044913
0.034714
0.054815
0.030810
0.024287
0.019014
0.087578
0.092291
0.058121
0.084544
0.062201
0.005834
0.050555
0.036316
0.032344
0.085472
0.013917
0.053010
0.076898
0.125872
0.187936
0.039287
0.022566
0.041027
0.018249
0.028020
0.009899
0.019182
0.102976
0.051015
0.082341
0.024729
0.006827
0.018484
0.024937
0.021036
0.019130
0.040854
0.050604
0.005341
0.036475
0.041095
0.045768
0.055979
0.038321
0.041479
0.023185
0.037707
0.050400
0.079546
0.004761
0.098580
0.030526
0.021191
0.050661
0.011665
0.008159
0.149756
0.014801
0.119858
0.013999
0.032335
0.015841
0.056615
0.032159
0.010023
0.007529
0.029631
0.152797
0.008458
0.130732
0.004407
0.035254
0.004777
0.028289
0.035303
0.079065
0.040200
0.094499
0.071177
0.054544
0.033382
0.009984
0.007702
0.090076
0.035820
0.016927
0.009647
0.063957
0.194457
0.193975
0.022485
0.007362
0.131796
0.013444
0.022607
0.015231
0.084243
0.050626
0.021214
0.033350
0.127309
0.038149
0.008839
0.103670
0.173060
0.070774
0.083365
0.026969
0.045742
0.061443
0.109021
0.046942
0.053293
0.071641
0.032635
0.048298
0.156299
0.034964
0.034022
0.007552
0.028418
0.029474
0.013353
0.040771
0.030355
0.007958
0.032100
0.012849
0.011463
0.036532
0.054062
0.017496
0.118627
0.025375
0.066926
0.094702
0.040395
0.063646
0.146370
0.018174
0.004831
0.097324
0.054357
0.066315
0.064578
0.080355
0.040675
0.087190
0.104736
0.239004
0.387777
0.041661
0.159492
0.102576
0.010897
0.162545
0.010523
0.014620
0.024243
0.015305
0.011979
0.076388
0.087347
0.013465
0.031763
0.015073
0.015119
0.006736
0.069594
0.005012
0.059298
0.053088
0.027211
0.158481
0.029530
0.032444
0.025992
0.063085
0.010517
0.101642
0.014510
0.093765
0.027236
0.057100
0.014954
0.045392
0.029526
0.007585
0.080481
0.016980
0.025407
0.009196
0.019716
0.007453
0.032076
0.018301
0.033341
0.100593
0.030655
0.074032
0.003318
0.009137
0.023934
0.037999
0.023137
0.027440
0.010440
0.029579
0.013058
0.118881
0.035660
0.041641
0.004184
0.145570
0.083365
0.034829
0.144113
0.087148
0.065797
0.046784
0.050831
0.021892
0.032015
0.114730
0.088711
0.173897
0.024568
0.052379
0.059827
0.034668
0.179363
0.103412
0.035592
0.026308
0.042378
0.008562
0.050984
0.070472
0.019099
0.121081
0.054664
0.016757
0.084102
0.062310
0.048324
0.224570
0.032579
0.071046
0.027163
0.019401
0.078780
0.050843
0.050075
0.064400
0.009616
0.003091
0.007395
0.111843
0.132055
0.018227
0.015081
0.018800
0.056522
0.013351
0.018867
0.009527
0.096807
0.059848
0.009108
0.137091
0.069623
0.008423
0.067078
0.066284
0.030778
0.025009
0.173403
0.082848
0.031984
0.024044
0.082969
0.197093
0.089034
0.029270
0.053124
0.049495
0.002461
0.020437
0.008055
0.014194
0.043077
0.116566
0.034996
0.098075
0.027902
0.006278
0.020827
0.026130
0.009431
0.068599
0.033925
0.044595
0.079975
0.093258
0.127602
0.008177
0.069645
0.011249
0.042388
0.016118
0.021880
0.030240
0.083379
0.013563
0.103058
0.044816
0.100326
0.012435
0.041815
0.047309
0.015245
0.012618
0.007241
0.047222
0.065580
0.029190
0.050000
0.031967
0.023598
0.112326
0.022691
0.074034
0.029814
0.005845
0.025817
0.005433
0.014401
0.005019
0.016727
0.064516
0.079038
0.086514
0.061022
0.033557
0.049895
0.018950
0.133315
0.039941
0.008776
0.077318
0.073975
0.012686
0.012056
0.068264
0.023548
0.036382
0.033399
0.147085
0.024348
0.021695
0.027476
0.004843
0.011169
0.142270
0.214578
0.044080
0.043887
0.085434
0.022171
0.005108
0.005575
0.039933
0.025904
0.053916
0.014578
0.004753
0.001933
0.011006
0.028775
0.011530
0.078005
0.102772
0.114668
0.026441
0.123378
0.094551
0.018942
0.015740
0.056270
0.008596
0.078533
0.010104
0.045973
0.045651
0.090968
0.014531
0.018375
0.003291
0.027908
0.018788
0.038920
0.032355
0.034047
0.056604
0.029548
0.013626
0.065823
0.020521
0.421324
0.080264
0.012873
0.035487
0.013087
0.016183
0.085513
0.189897
0.071643
0.047649
0.065002
0.039902
0.024507
0.002958
0.015766
0.058491
0.016998
0.090031
0.118169
0.022143
0.111173
0.005991
0.016848
0.006654
0.076774
0.104337
0.080190
0.011285
0.074130
0.131146
0.063509
0.005579
0.016761
0.113466
0.069268
0.017502
0.022788
0.030714
0.003554
0.007134
0.013008
0.033353
0.085598
0.026085
0.012235
0.024073
0.028588
0.010295
0.021318
0.001983
0.014362
0.100661
0.051800
0.089679
0.010586
0.157618
0.145250
0.204958
0.069893
0.009810
0.028437
0.072735
0.014284
0.071000
0.057384
0.046236
0.026644
0.011868
0.048758
0.061830
0.012897
0.018529
0.046318
0.024132
0.149202
0.034373
0.061766
0.031241
0.111063
0.056201
0.035465
0.081587
0.019222
0.022671
0.084891
0.026738
0.132871
0.030157
0.011254
0.024311
0.029585
0.127152
0.004341
0.028138
0.194031
0.025491
0.220735
0.130607
0.013194
0.101897
0.035588
0.018615
0.045946
0.066368
0.011354
0.059170
0.025649
0.164989
0.075936
0.071953
0.075046
0.008260
0.016047
0.025158
0.056761
0.073032
0.011257
0.024735
0.026870
0.026051
0.010777
0.035289
0.044330
0.083395
0.010321
0.056210
0.058886
0.025521
0.028179
0.065353
0.015122
0.032028
0.042747
0.042930
0.062049
0.009051
0.039050
0.007815
0.033440
0.007763
0.017941
0.033266
0.045478
0.017775
0.011176
0.039303
0.051881
0.020982
0.023679
0.077666
0.041841
0.019101
0.029489
0.007750
0.128348
0.040587
0.001442
0.097383
0.066766
0.059635
0.022712
0.038512
0.021194
0.011666
0.027259
0.081977
0.020484
0.004797
0.032040
0.001795
0.011808
0.072085
0.008942
0.135482
0.080165
0.021004
0.029769
0.199415
0.189683
0.032255
0.015536
0.032510
0.069820
0.005493
0.077157
0.017699
0.077397
0.115600
0.138268
0.075466
0.165273
0.013883
0.026044
0.094142
0.040692
0.136291
0.019922
0.027252
0.118723
0.071886
0.018410
0.033678
0.040720
0.110519
0.044121
0.042234
0.016067
0.037250
0.033141
0.242795
0.016394
0.021470
0.018972
0.030039
0.097866
0.189985
0.021929
0.039198
0.012702
0.012907
0.111324
0.003530
0.043420
0.091156
0.031767
0.008569
0.014370
0.085010
0.012204
0.078317
0.005876
0.012473
0.015507
0.016341
0.007560
0.018724
0.049199
0.029625
0.237687
0.007348
0.099020
0.006798
0.120613
0.073502
0.024056
0.006291
0.027256
0.024148
0.028237
0.017177
0.023310
0.023002
0.022790
0.107100
0.082521
0.057458
0.012980
0.012623
0.018493
0.024136
0.009731
0.011889
0.043525
0.155400
0.003793
0.023689
0.003556
0.005719
0.015840
0.055250
0.052330
0.011189
0.017004
0.016399
0.026585
0.010703
0.066061
0.093254
0.019154
0.109594
0.011359
0.071022
0.033090
0.090750
0.010883
0.005685
0.032554
0.003185
0.077846
0.039310
0.094950
0.012257
0.089906
0.024939
0.031469
0.012593
0.007021
0.084450
0.100408
0.172780
0.011685
0.006331
0.045243
0.059338
0.017590
0.015551
0.011815
0.016620
0.053815
0.055658
0.109338
0.004682
0.012276
0.053351
0.061198
0.021832
0.023448
0.035662
0.137430
0.026311
0.036032
0.079112
0.283221
0.077836
0.201811
0.006371
0.028222
0.084905
0.046971
0.062241
0.074218
0.076306
0.047989
0.070059
0.064532
0.003409
0.084396
0.109261
0.097674
0.056128
0.051465
0.023078
0.057355
0.026959
0.043615
0.041070
0.049918
0.029473
0.015527
0.022821
0.045766
0.033699
0.024111
0.014114
0.031568
0.021460
0.029729
0.097431
0.008274
0.018858
0.053484
0.009662
0.124605
0.016838
0.057501
0.003004
0.005487
0.134731
0.006530
0.002800
0.004123
0.088538
0.004387
0.030884
0.029545
0.054254
0.012713
0.038545
0.034332
0.112977
0.007551
0.120637
0.021786
0.021223
0.033817
0.002898
0.090037
0.039709
0.042919
0.031632
0.006873
0.027799
0.053286
0.001288
0.005389
0.032732
0.054424
0.012190
0.120107
0.010502
0.016459
0.155748
0.023074
0.013199
0.129496
0.115339
0.005599
0.032689
0.017279
0.035165
0.007615
0.011549
0.002743
0.303436
0.099242
0.026054
0.048004
0.027997
0.048940
0.003782
0.034618
0.059786
0.013997
0.006578
0.041362
0.027490
0.033710
0.102290
0.013202
0.022439
0.031204
0.059152
0.026716
0.056156
0.142611
0.032179
0.005988
0.046585
0.093866
0.039678
0.007271
0.048629
0.012000
0.126927
0.053922
0.010622
0.003547
0.033817
0.001923
0.032720
0.058446
0.060457
0.106535
0.140238
0.012304
0.050222
0.039126
0.064634
0.078328
0.048708
0.085167
0.065088
0.070767
0.055683
0.104305
0.033511
0.049126
0.023031
0.015840
0.048783
0.053892
0.169494
0.031576
0.014408
0.022645
0.152667
0.018415
0.047163
0.023862
0.011022
0.072747
0.006151
0.015186
0.011338
0.100564
0.013073
0.015299
0.147930
0.057280
0.046537
0.063558
0.036831
0.037906
0.006889
0.005184
0.138112
0.002333
0.034448
0.051592
0.006812
0.027155
0.213391
0.127490
0.026573
0.035248
0.043183
0.018548
0.109743
0.009396
0.018518
0.004750
0.016200
0.074070
0.025341
0.016643
0.040222
0.018457
0.038317
0.015123
0.025288
0.112010
0.175084
0.031708
0.016457
0.011675
0.008925
0.012946
0.012028
0.002913
0.016335
0.067797
0.076382
0.006135
0.002791
0.011938
0.023601
0.032826
0.079810
0.015850
0.204581
0.093245
0.002238
0.030811
0.027124
0.057235
0.043486
0.122198
0.008979
0.001605
0.036690
0.022801
0.005631
0.052578
0.118207
0.009692
0.006346
0.036696
0.074497
0.022150
0.003335
0.101688
0.021945
0.034350
0.091847
0.037739
0.010649
0.008635
0.055780
0.015174
0.020471
0.052974
0.073810
0.031442
0.009548
0.096864
0.044864
0.075470
0.011831
0.005411
0.020369
0.046533
0.013167
0.095411
0.011717
0.010775
0.204889
0.078600
0.070995
0.092987
0.066822
0.073995
0.026046
0.039881
0.041263
0.056487
0.190104
0.083663
0.139903
0.053103
0.016894
0.021821
0.018455
0.096594
0.027301
0.008135
0.025112
0.009999
0.007792
0.026349
0.016047
0.146989
0.069967
0.115877
0.062771
0.183267
0.056821
0.004296
0.047074
0.014216
0.088353
0.055662
0.068959
0.099357
0.108282
0.037590
0.020909
0.015583
0.019035
0.060871
0.015619
0.036815
0.103207
0.021037
0.008982
0.150969
0.096163
0.070772
0.018711
0.036418
0.011652
0.031200
0.014496
0.066136
0.028644
0.052188
0.059819
0.006542
0.070288
0.002818
0.039725
0.055606
0.021954
0.038855
0.023214
0.048759
0.005161
0.035390
0.053156
0.047819
0.037711
0.015412
0.004138
0.014669
0.018872
0.029997
0.013996
0.084242
0.020782
0.087975
0.064431
0.042933
0.087072
0.085703
0.065533
0.008604
0.012216
0.022764
0.014065
0.033038
0.007253
0.052240
0.042784
0.047619
0.170281
0.007697
0.015995
0.062600
0.016915
0.071581
0.004322
0.087387
0.034167
0.096216
0.009917
0.099567
0.004919
0.119109
0.013531
0.209510
0.052049
0.018104
0.020903
0.106744
0.068151
0.084271
0.016360
0.050481
0.061569
0.032431
0.034005
0.017387
0.014764
0.023553
0.079063
0.073321
0.079133
0.022091
0.034932
0.009061
0.025831
0.004665
0.048345
0.158171
0.064648
0.072176
0.076017
0.016695
0.010858
0.101642
0.035393
0.126304
0.027587
0.043824
0.124190
0.007539
0.016620
0.002639
0.007307
0.017361
0.141246
0.017130
0.026000
0.023638
0.097653
0.091811
0.035190
0.011026
0.018284
0.084588
0.068765
0.034592
0.016030
0.109261
0.228696
0.010154
0.060707
0.012812
0.033688
0.007439
0.013262
0.022441
0.007258
0.004162
0.021103
0.036426
0.031313
0.003136
0.061301
0.025943
0.050240
0.055118
0.022597
0.039443
0.011214
0.027214
0.013202
0.030904
0.005955
0.068752
0.113788
0.052502
0.004371
0.291182
0.015777
0.042622
0.056500
0.014118
0.057493
0.031582
0.024597
0.014236
0.085750
0.156643
0.073543
0.015692
0.085996
0.040754
0.015302
0.127031
0.061067
0.043636
0.031506
0.031699
0.014360
0.023104
0.010349
0.016118
0.075035
0.166925
0.027238
0.012069
0.006458
0.031694
0.020498
0.014159
0.016050
0.041739
0.078454
0.082536
0.005953
0.016409
0.079497
0.011891
0.016791
0.031644
0.238077
0.020839
0.013643
0.019161
0.129484
0.039886
0.026857
0.005119
0.094504
0.027711
0.010026
0.077430
0.020118
0.015152
0.034059
0.040301
0.047875
0.086181
0.004691
0.001944
0.005502
0.020883
0.117450
0.005698
0.060729
0.032700
0.021510
0.020771
0.043229
0.044637
0.082495
0.005238
0.019956
0.005867
0.013777
0.024292
0.017515
0.094481
0.204358
0.041280
0.038736
0.022788
0.049579
0.021294
0.033391
0.054686
0.029278
0.007402
0.036815
0.060515
0.002131
0.007732
0.006990
0.178592
0.026747
0.033713
0.082280
0.024502
0.160432
0.030959
0.124774
0.026640
0.149043
0.004539
0.012650
0.148135
0.117290
0.142914
0.028820
0.019565
0.097849
0.010847
0.005562
0.016213
0.048601
0.005338
0.116401
0.008516
0.058486
0.012593
0.026378
0.040730
0.037006
0.018450
0.050229
0.011838
0.032332
0.031971
0.034692
0.039282
0.031873
0.089126
0.017322
0.012547
0.075187
0.020189
0.041515
0.035850
0.006089
0.010722
0.053028
0.006482
0.003114
0.041449
0.014874
0.021952
0.004607
0.027953
0.061323
0.016514
0.162038
0.115833
0.018225
0.022208
0.033108
0.039278
0.150422
0.013207
0.051643
0.058242
0.099867
0.025384
0.156004
0.002618
0.026498
0.064762
0.020840
0.176692
0.155614
0.024585
0.022916
0.018739
0.006920
0.045459
0.087370
0.013470
