2.233567
2.192980
2.054434
1.905773
1.518132
1.870421
1.244474
0.761258
0.840730
1.821726
0.759334
0.646488
0.551092
0.495975
0.274690
0.348575
0.467566
0.575305
0.521170
0.212479
0.523038
0.491571
0.216790
0.138273
0.318621
0.498295
0.440354
0.164569
0.263092
0.236302
0.248648
0.125885
0.269819
0.201577
0.085673
0.169651
0.151559
0.210796
0.061564
0.512648
0.105091
0.443564
0.119216
0.513405
0.127451
0.063906
0.190842
0.208733
0.220736
0.196522
0.283002
0.219912
0.148783
0.280381
0.166701
0.158990
0.235590
0.460849
0.125954
0.078973
0.183270
0.195163
0.149122
0.088200
0.277433
0.134210
0.176590
0.206616
0.071262
0.063421
0.139089
0.102974
0.279440
0.139562
0.068693
0.215109
0.360000
0.106105
0.152491
0.364696
0.192340
0.212932
0.077402
0.245425
0.092666
0.091745
0.460116
0.399800
0.040191
0.049407
0.176814
0.063692
0.199564
0.259071
0.133801
0.151598
0.087424
0.062124
0.295251
0.040749
0.255556
0.219977
0.155573
0.133371
0.123761
0.114343
0.315459
0.333196
0.370345
0.035249
0.089932
0.163918
0.248000
0.122066
0.150214
0.149960
0.292179
0.220734
0.152850
0.147704
0.389214
0.163933
0.148505
0.184433
0.133949
0.134180
0.119396
0.146947
0.101690
0.136777
0.216086
0.314332
0.020860
0.113408
0.053251
0.171106
0.098161
0.085046
0.421190
0.222042
0.166377
0.407861
0.079465
0.289111
0.237288
0.302038
0.256428
0.114223
0.103499
0.137300
0.390351
0.046774
0.123182
0.271529
0.121632
0.149448
0.084467
0.186431
0.286054
0.123323
0.008011
0.115193
0.161625
0.192626
0.045702
0.057584
0.093941
0.188493
0.035021
0.111410
0.216203
0.066988
0.077120
0.193583
0.183804
0.101783
0.144720
0.124426
0.055918
0.117503
0.101660
0.115626
0.149122
0.031466
0.283006
0.127195
0.073371
0.098212
0.131676
0.116249
0.175975
0.059255
0.064220
0.084666
0.150140
0.170136
0.350806
0.035560
0.038149
0.123729
0.173213
0.037180
0.108893
0.018166
0.138803
0.295411
0.065939
0.117307
0.128952
0.145313
0.266382
0.029508
0.079157
0.078764
0.046575
0.307548
0.163156
0.058483
0.162524
0.080797
0.097473
0.210535
0.117627
0.100138
0.079907
0.037208
0.243826
0.102086
0.104061
0.043769
0.075058
0.132249
0.137850
0.012975
0.243756
0.140183
0.115387
0.237368
0.039974
0.099311
0.042523
0.072708
0.088385
0.036577
0.111136
0.327083
0.167860
0.230132
0.009747
0.058452
0.057253
0.054490
0.036093
0.506081
0.153758
0.080731
0.053543
0.147511
0.047852
0.315103
0.168625
0.122924
0.103729
0.195978
0.135908
0.095055
0.027255
0.124159
0.097571
0.110852
0.101670
0.061847
0.274605
0.084536
0.251987
0.022578
0.062453
0.092153
0.136602
0.155681
0.290050
0.116108
0.118747
0.029746
0.179696
0.313493
0.043815
0.036593
0.180661
0.100386
0.097010
0.133929
0.261233
0.448653
0.053616
0.344270
0.078769
0.048598
0.139497
0.051649
0.193413
0.113363
0.038348
0.030586
0.094471
0.080058
0.071919
0.094887
0.097818
0.136137
0.016263
0.048231
0.078560
0.099750
0.066599
0.042032
0.059356
0.237168
0.046346
0.100326
0.157830
0.060335
0.046585
0.019697
0.067631
0.139891
0.081088
0.020563
0.103922
0.040682
0.076013
0.072701
0.152923
0.081843
0.157454
0.310857
0.078550
0.111215
0.077927
0.101298
0.051007
0.209385
0.123279
0.125584
0.077317
0.128163
0.158618
0.223108
0.118888
0.111437
0.048817
0.131475
0.114476
0.081116
0.149801
0.053004
0.181751
0.138629
0.084913
0.040845
0.159580
0.011446
0.091965
0.177842
0.124632
0.189623
0.117402
0.131478
0.063447
0.154449
0.174445
0.068816
0.035495
0.221880
0.035225
0.163222
0.071418
0.089761
0.221593
0.202234
0.038450
0.042301
0.032478
0.206050
0.065538
0.035841
0.124505
0.151196
0.050671
0.084532
0.072381
0.069365
0.092354
0.372994
0.219685
0.042835
0.049155
0.039505
0.059030
0.056412
0.037040
0.077553
0.103389
0.029271
0.080959
0.222395
0.060403
0.034481
0.011678
0.096211
0.468766
0.085995
0.114549
0.156589
0.025546
0.182828
0.117918
0.018233
0.097193
0.045498
0.122217
0.237874
0.331458
0.084710
0.061573
0.093478
0.016242
0.015500
0.204055
0.034362
0.074901
0.031657
0.161464
0.081914
0.035671
0.122136
0.025409
0.074114
0.298170
0.236614
0.071636
0.042984
0.102182
0.050834
0.102438
0.130566
0.047786
0.099948
0.189566
0.080548
0.164607
0.134029
0.283490
0.114334
0.076880
0.029836
0.058482
0.060214
0.026771
0.086446
0.012764
0.053389
0.045131
0.034982
0.013914
0.047663
0.066512
0.046801
0.064841
0.224798
0.045141
0.023661
0.142169
0.112502
0.054386
0.085300
0.212842
0.114645
0.078239
0.122318
0.081982
0.053967
0.003245
0.020151
0.292998
0.062010
0.247496
0.038515
0.128497
0.163857
0.199867
0.046446
0.026328
0.047632
0.097383
0.074173
0.091023
0.240087
0.034486
0.146197
0.041770
0.049350
0.097323
0.219106
0.028859
0.299372
0.033678
0.058776
0.220401
0.136232
0.043197
0.052551
0.042387
0.298258
0.008658
0.173556
0.037465
0.006152
0.037365
0.034709
0.078217
0.116201
0.066436
0.167476
0.080984
0.073052
0.053055
0.022367
0.039295
0.147074
0.102702
0.112284
0.153073
0.151162
0.016918
0.026158
0.130508
0.129338
0.168395
0.044670
0.069663
0.053116
0.034177
0.096792
0.094759
0.305811
0.161368
0.120295
0.030264
0.059991
0.068034
0.047665
0.092765
0.033260
0.030635
0.184649
0.033782
0.080887
0.090837
0.014229
0.195932
0.073723
0.047761
0.044803
0.142041
0.040226
0.029488
0.122965
0.083011
0.087691
0.020241
0.023148
0.042557
0.065236
0.087675
0.082048
0.069821
0.011802
0.157078
0.092380
0.057042
0.021519
0.042115
0.114657
0.097100
0.027429
0.186205
0.043243
0.053532
0.131804
0.082313
0.093353
0.067220
0.087621
0.116490
0.086400
0.057079
0.036447
0.015100
0.226873
0.047210
0.037970
0.098199
0.071036
0.011742
0.205994
0.049916
0.080736
0.123092
0.030042
0.296019
0.046557
0.015525
0.018928
0.074467
0.021274
0.052566
0.025592
0.052646
0.033900
0.018983
0.029761
0.208604
0.194709
0.480138
0.116989
0.075064
0.380897
0.167654
0.117490
0.027047
0.013441
0.155211
0.010963
0.153028
0.025587
0.464714
0.077893
0.044891
0.227139
0.039590
0.014719
0.023063
0.255347
0.070363
0.043491
0.072876
0.053739
0.037951
0.073197
0.047800
0.160821
0.052413
0.082533
0.057533
0.028127
0.008083
0.157755
0.028240
0.143177
0.037068
0.071351
0.018921
0.042237
0.018277
0.146410
0.068182
0.019254
0.256277
0.039165
0.021961
0.023445
0.048435
0.132912
0.015029
0.150812
0.291080
0.071846
0.204516
0.110093
0.090074
0.169976
0.065923
0.084505
0.017081
0.038912
0.065664
0.034949
0.099468
0.049579
0.084074
0.018162
0.278136
0.066140
0.040363
0.129932
0.171953
0.032134
0.123100
0.054303
0.093730
0.117425
0.074057
0.108239
0.081886
0.121581
0.021607
0.119523
0.108408
0.105603
0.012936
0.013686
0.083985
0.039793
0.071635
0.125531
0.028286
0.018917
0.097869
0.073873
0.042817
0.009258
0.035173
0.034273
0.055844
0.031480
0.155526
0.104138
0.006363
0.165242
0.085164
0.102396
0.094934
0.327193
0.157543
0.054936
0.029934
0.027346
0.085393
0.055777
0.153246
0.039733
0.140328
0.109328
0.015173
0.058561
0.029990
0.115969
0.035370
0.088258
0.029747
0.095859
0.113857
0.020549
0.089435
0.032188
0.026530
0.181720
0.127277
0.063228
0.091302
0.138497
0.035484
0.249376
0.052191
0.029119
0.002677
0.051347
0.077133
0.065516
0.039603
0.039749
0.009329
0.011317
0.070107
0.081786
0.194817
0.155660
0.151487
0.028842
0.164050
0.241234
0.089378
0.142166
0.012698
0.211589
0.220503
0.021008
0.308566
0.182676
0.046096
0.048667
0.069670
0.180009
0.146530
0.031196
0.070462
0.086712
0.080443
0.029423
0.162661
0.121869
0.230088
0.037522
0.012206
0.248158
0.020061
0.027236
0.343643
0.068906
0.080783
0.029889
0.006122
0.047322
0.068213
0.045282
0.047582
0.038654
0.101682
0.017516
0.031716
0.031009
0.047489
0.041865
0.032755
0.102521
0.044022
0.343498
0.057359
0.071575
0.026106
0.125379
0.138340
0.128366
0.015910
0.034080
0.058347
0.044634
0.036585
0.115559
0.138495
0.056126
0.147736
0.083089
0.040669
0.017891
0.035610
0.160588
0.152895
0.070324
0.101463
0.107127
0.080193
0.019290
0.025378
0.240978
0.016636
0.024116
0.010188
0.010046
0.006883
0.058770
0.089216
0.054966
0.088502
0.057088
0.143845
0.172500
0.097930
0.061720
0.014423
0.033034
0.131132
0.014242
0.144940
0.041364
0.118845
0.049996
0.154495
0.008464
0.028416
0.067693
0.041186
0.037529
0.174615
0.040926
0.021395
0.167684
0.020337
0.040220
0.013254
0.063720
0.085324
0.043780
0.200297
0.127863
0.049492
0.019349
0.052755
0.045725
0.135065
0.069172
0.206462
0.117029
0.162087
0.040478
0.031420
0.067813
0.066775
0.052490
0.151546
0.063288
0.103324
0.009533
0.113712
0.058095
0.178862
0.020055
0.013350
0.252182
0.113937
0.038383
0.018276
0.019101
0.094302
0.017671
0.292130
0.016480
0.071846
0.044057
0.191379
0.139041
0.168329
0.039054
0.401287
0.165574
0.054098
0.029823
0.036176
0.042499
0.017179
0.105654
0.095739
0.141932
0.030803
0.246367
0.037928
0.106706
0.118741
0.202984
0.081955
0.013803
0.100542
0.016298
0.013180
0.011037
0.072525
0.051359
0.012552
0.054663
0.033307
0.242907
0.017992
0.070654
0.065328
0.471450
0.036521
0.032554
0.015975
0.072191
0.021826
0.102248
0.088552
0.165792
0.022680
0.170328
0.157159
0.080620
0.009025
0.083885
0.014519
0.061580
0.037575
0.008700
0.031145
0.068532
0.005871
0.114265
0.122943
0.082775
0.137008
0.031434
0.119177
0.072147
0.089161
0.095577
0.047955
0.088422
0.069240
0.041317
0.098175
0.038353
0.135245
0.106897
0.036308
0.024297
0.060909
0.021367
0.161081
0.109934
0.048981
0.077294
0.032760
0.080920
0.016478
0.062840
0.014467
0.402338
0.011604
0.067079
0.075295
0.097684
0.085757
0.091074
0.080017
0.086120
0.007038
0.057130
0.078177
0.016135
0.015860
0.023105
0.050931
0.076802
0.112243
0.106875
0.015598
0.199018
0.014844
0.031071
0.013329
0.057477
0.009830
0.037038
0.120501
0.031107
0.112097
0.067830
0.078102
0.125570
0.042288
0.050013
0.065842
0.110191
0.032638
0.050156
0.192512
0.028997
0.014825
0.022372
0.053170
0.153933
0.192011
0.028066
0.189815
0.042481
0.067244
0.023324
0.047123
0.010470
0.114998
0.051658
0.081861
0.359405
0.062666
0.085980
0.127054
0.039129
0.095195
0.108952
0.047148
0.122758
0.081109
0.018365
0.044525
0.054692
0.157932
0.037543
0.050936
0.018638
0.018111
0.127846
0.050666
0.146197
0.026435
0.169650
0.028761
0.056644
0.200015
0.234393
0.081215
0.023166
0.002303
0.345243
0.018697
0.030920
0.043293
0.027455
0.077647
0.043051
0.241229
0.039990
0.105170
0.071559
0.133532
0.026156
0.110574
0.072823
0.112123
0.020467
0.058325
0.034838
0.442000
0.138223
0.117421
0.019119
0.000595
0.047937
0.101567
0.029998
0.015892
0.140403
0.130690
0.027968
0.037808
0.115834
0.114257
0.023039
0.105466
0.046623
0.140925
0.084004
0.021566
0.021330
0.012672
0.025654
0.024452
0.033720
0.030068
0.084222
0.065614
0.154069
0.064338
0.028638
0.010342
0.024500
0.044051
0.032761
0.059111
0.087180
0.155272
0.072603
0.014957
0.037771
0.178483
0.074790
0.144948
0.011240
0.148416
0.088275
0.027583
0.139209
0.077384
0.128118
0.186387
0.193170
0.069798
0.110932
0.024273
0.059130
0.025600
0.033136
0.012645
0.025388
0.041653
0.371484
0.069599
0.057377
0.040425
0.062871
0.159816
0.105963
0.018776
0.042838
0.036600
0.023087
0.027164
0.103134
0.077882
0.083266
0.063468
0.053827
0.043484
0.049272
0.259854
0.082392
0.068682
0.016861
0.243853
0.196283
0.030172
0.024380
0.048869
0.031377
0.069544
0.037211
0.073308
0.058905
0.016393
0.282733
0.016175
0.032914
0.206173
0.045469
0.019025
0.076066
0.012494
0.038016
0.047075
0.182430
0.178752
0.021579
0.044297
0.108741
0.056663
0.101183
0.229753
0.084098
0.014483
0.021651
0.014770
0.037370
0.215589
0.021938
0.030285
0.017036
0.052628
0.009859
0.154215
0.033329
0.041898
0.129434
0.011838
0.022504
0.048075
0.045484
0.116207
0.025218
0.043734
0.030223
0.012053
0.106569
0.037503
0.079312
0.097231
0.021916
0.017835
0.075712
0.083120
0.170138
0.036244
0.052874
0.114090
0.022249
0.056389
0.022211
0.104848
0.026212
0.083975
0.018622
0.140379
0.189425
0.315403
0.121371
0.053639
0.042497
0.100011
0.001497
0.061392
0.008809
0.012912
0.070930
0.035825
0.075096
0.028104
0.028049
0.035341
0.193889
0.045304
0.211077
0.016975
0.088179
0.045398
0.177177
0.142728
0.031047
0.094130
0.050920
0.151708
0.110786
0.031492
0.055869
0.007978
0.238469
0.355077
0.083038
0.089394
0.233546
0.073280
0.046150
0.023692
0.119682
0.051372
0.150675
0.068182
0.004070
0.011397
0.038911
0.072901
0.012601
0.040473
0.008719
0.111429
0.114427
0.152639
0.024667
0.043658
0.037474
0.035860
0.034697
0.052955
0.038869
0.010086
0.034316
0.024233
0.125514
0.107454
0.092550
0.131764
0.019143
0.033372
0.061824
0.056391
0.150118
0.003632
0.018639
0.021098
0.106256
0.029891
0.014291
0.068587
0.102508
0.110111
0.011055
0.047983
0.058676
0.032159
0.052355
0.041939
0.042754
0.014640
0.041516
0.058378
0.107693
0.081490
0.020095
0.012988
0.128440
0.353116
0.058743
0.017954
0.037169
0.016825
0.354029
0.164743
0.025393
0.059835
0.118317
0.138166
0.122526
0.037310
0.056228
0.029227
0.033189
0.089595
0.067904
0.073502
0.013251
0.103226
0.023623
0.106527
0.023227
0.038453
0.233422
0.059380
0.011159
0.019974
0.017109
0.022733
0.031748
0.019694
0.026730
0.345126
0.045661
0.063138
0.216461
0.013278
0.093911
0.131429
0.123236
0.005469
0.111949
0.051594
0.103951
0.045504
0.160118
0.022560
0.025311
0.043861
0.053750
0.133499
0.026081
0.128320
0.157885
0.144809
0.060880
0.058727
0.039401
0.021721
0.021138
0.025379
0.198487
0.007043
0.015013
0.006936
0.018918
0.027505
0.032113
0.014032
0.007783
0.077650
0.015775
0.026040
0.074472
0.054817
0.161347
0.030674
0.024146
0.053207
0.018941
0.114377
0.032632
0.106373
0.097127
0.038169
0.027431
0.113172
0.037320
0.024506
0.030056
0.040626
0.151846
0.258146
0.077479
0.142538
0.013832
0.035591
0.238353
0.023239
0.008551
0.039533
0.012290
0.027302
0.037919
0.060763
0.016500
0.021833
0.050378
0.054395
0.028997
0.378229
0.110993
0.045044
0.114083
0.059812
0.164596
0.173875
0.081035
0.199896
0.008224
0.009878
0.115921
0.011258
0.140802
0.006679
0.069701
0.102786
0.024294
0.105567
0.018021
0.163751
0.019728
0.029191
0.011121
0.010315
0.076115
0.046197
0.014519
0.083445
0.034096
0.238731
0.020957
0.063781
0.062336
0.077427
0.018516
0.088673
0.017111
0.098233
0.074147
0.020474
0.054233
0.129994
0.086213
0.013132
0.151599
0.056568
0.039920
0.026994
0.085904
0.022163
0.067844
0.256492
0.034032
0.050516
0.051072
0.167047
0.033723
0.012163
0.067448
0.008016
0.023402
0.056756
0.048551
0.029617
0.314651
0.155588
0.010273
0.006455
0.056610
0.028160
0.074909
0.096745
0.022284
0.065893
0.054134
0.037869
0.173063
0.111388
0.039612
0.302404
0.033274
0.034722
0.014979
0.188695
0.022248
0.057065
0.253888
0.025326
0.056064
0.048009
0.038504
0.093203
0.097900
0.044404
0.036454
0.061564
0.047341
0.022532
0.012298
0.181746
0.010144
0.059492
0.015094
0.082096
0.011474
0.071970
0.094280
0.030051
0.011569
0.049344
0.316173
0.034563
0.014267
0.052979
0.015085
0.123851
0.059216
0.041139
0.030386
0.015274
0.082059
0.009872
0.016641
0.019701
0.038271
0.023409
0.042664
0.073742
0.062992
0.187371
0.026011
0.025762
0.064270
0.049203
0.044859
0.026194
0.028830
0.306485
0.215586
0.007445
0.159531
0.008515
0.034375
0.111195
0.010417
0.053545
0.168836
0.070458
0.089721
0.053988
0.014745
0.125685
0.020011
0.016880
0.010683
0.213574
0.029357
0.030504
0.019221
0.038017
0.040890
0.039423
0.217224
0.083038
0.036394
0.096255
0.019343
0.008360
0.009132
0.030984
0.014766
0.227246
0.117868
0.040507
0.047690
0.048341
0.045927
0.340244
0.031420
0.080578
0.137910
0.047065
0.068280
0.010061
0.038888
0.037231
0.017477
0.026788
0.020669
0.050160
0.042533
0.384409
0.036464
0.016773
0.025188
0.004235
0.196678
0.023787
0.068783
0.114440
0.027953
0.153084
0.011537
0.022876
0.098541
0.086678
0.124365
0.006660
0.014717
0.082829
0.013329
0.201875
0.009807
0.066368
0.021256
0.030789
0.021275
0.093233
0.029528
0.110451
0.223322
0.058688
0.014215
0.014842
0.009652
0.075348
0.092407
0.057263
0.003353
0.214617
0.080205
0.005800
0.017994
0.012371
0.011979
0.045222
0.037753
0.015477
0.091508
0.122207
0.048345
0.051514
0.013735
0.070250
0.039159
0.022390
0.014680
0.063375
0.132108
0.013592
0.038592
0.106710
0.077412
0.047580
0.098851
0.287472
0.098930
0.070405
0.049256
0.092257
0.035214
0.024015
0.028343
0.033334
0.099464
0.028558
0.143427
0.037627
0.050885
0.016135
0.027575
0.060559
0.036806
0.207200
0.150944
0.115024
0.026104
0.148992
0.051010
0.518178
0.022812
0.047945
0.018616
0.016136
0.098329
0.022430
0.014428
0.057576
0.071747
0.230964
0.146492
0.017537
0.058930
0.007547
0.051939
0.011503
0.142858
0.025288
0.046193
0.108827
0.146000
0.102810
0.006373
0.093462
0.032918
0.009403
0.034159
0.180889
0.344700
0.018100
0.027032
0.028671
0.177824
0.119946
0.026057
0.033389
0.260326
0.009992
0.023549
0.051317
0.077709
0.022384
0.082303
0.031700
0.153501
0.036981
0.176920
0.021037
0.086116
0.112631
0.085411
0.015973
0.107259
0.040683
0.025168
0.015163
0.005886
0.110612
0.057724
0.015990
0.113250
0.014473
0.054148
0.028367
0.045525
0.014504
0.333574
0.143142
0.015497
0.120605
0.044317
0.018841
0.028036
0.097605
0.083615
0.020227
0.102014
0.174384
0.103457
0.092259
0.067455
0.045720
0.018792
0.105595
0.009491
0.194808
0.009596
0.070123
0.018512
0.068394
0.029272
0.114491
0.012489
0.051200
0.070728
0.096587
0.032680
0.014692
0.010694
0.123507
0.100213
0.006663
0.025292
0.150958
0.027522
0.036376
0.042048
0.011437
0.019018
0.050177
0.030332
0.025960
0.006028
0.057053
0.039330
0.044398
0.036837
0.141331
0.035591
0.028234
0.021040
0.162732
0.019162
0.032011
0.021034
0.322062
0.039173
0.007853
0.115077
0.007241
0.031726
0.154149
0.037190
0.040420
0.208152
0.027205
0.102183
0.048585
0.062073
0.040976
0.036529
0.118779
0.104295
0.123179
0.056491
0.030216
0.044560
0.013179
0.019014
0.066537
0.027017
0.023003
0.017782
0.073569
0.009042
0.024360
0.204060
0.024570
0.009913
0.009504
0.001684
0.092007
0.006454
0.053867
0.045093
0.020689
0.308293
0.016118
0.028655
0.022458
0.065330
0.141563
0.108481
0.081234
0.058570
0.015436
0.024368
0.005606
0.014540
0.030440
0.116997
0.032826
0.053931
0.033237
0.080867
0.098975
0.113586
0.045272
0.049875
0.066665
0.114271
0.034745
0.019029
0.046946
0.012503
0.037734
0.023590
0.067881
0.017823
0.050628
0.006159
0.039679
0.027899
0.032576
0.318167
0.130691
0.016086
0.072532
0.028518
0.062200
0.026226
0.022865
0.004396
0.016731
0.139496
0.007989
0.054996
0.021063
0.279801
0.105801
0.063843
0.027336
0.139251
0.010838
0.010858
0.076795
0.068692
0.109999
0.078501
0.043060
0.156111
0.109210
0.162879
0.016905
0.161386
0.027079
0.010465
0.017684
0.074325
0.034998
0.226123
0.004950
0.102985
0.032345
0.116215
0.090389
0.032433
0.075765
0.122243
0.197854
0.045204
0.024309
0.022740
0.081834
0.018186
0.065197
0.036960
0.012221
0.013201
0.033521
0.036274
0.123355
0.024288
0.002737
0.038570
0.034742
0.032014
0.033550
0.059809
0.080653
0.047959
0.163573
0.037997
0.151516
0.009607
0.008319
0.142398
0.314344
0.022070
0.004311
0.191941
0.035381
0.011178
0.073091
0.099925
0.025192
0.025110
0.019506
0.057197
0.099240
0.010111
0.226990
0.058762
0.166193
0.022422
0.011115
0.007685
0.021590
0.009293
0.016400
0.071146
0.062543
0.073471
0.042555
0.069116
0.071023
0.105207
0.103106
0.046803
0.066224
0.194830
0.005729
0.052277
0.072306
0.009317
0.013510
0.020508
0.017211
0.063116
0.060331
0.033195
0.016170
0.168388
0.057973
0.025737
0.315477
0.197095
0.038440
0.015113
0.171606
0.068122
0.059298
0.026847
0.045397
0.009017
0.034021
0.082731
0.021164
0.074455
0.093551
0.062455
0.054033
0.059990
0.022946
0.094572
0.154887
0.025297
0.012461
0.031657
0.082169
0.053307
0.009674
0.031361
0.222875
0.043632
0.063472
0.126397
0.125591
0.066704
0.019823
0.132885
0.062200
0.098913
0.023337
0.091519
0.164519
0.014567
0.053679
0.014405
0.056384
0.033386
0.007183
0.027526
0.034224
0.053586
0.030586
0.009050
0.023957
0.011913
0.048722
0.062593
0.025338
0.059570
0.089838
0.071456
0.021591
0.043739
0.019624
0.013734
0.078921
0.254423
0.024585
0.050558
0.009332
0.069143
0.037183
0.005708
0.042726
0.031691
0.045961
0.125253
0.038005
0.016305
0.021319
0.108630
0.007232
0.033330
0.191681
0.078668
0.404552
0.028470
0.003457
0.048208
0.099607
0.023673
0.066800
0.030176
0.041267
0.107639
0.040420
0.104509
0.007210
0.045335
0.104216
0.009664
0.092991
0.014350
0.113564
0.016436
0.019403
0.023881
0.040802
0.003130
0.018009
0.096589
0.074993
0.025042
0.015750
0.067561
0.012276
0.078052
0.075105
0.055228
0.063224
0.103652
0.040016
0.016409
0.047978
0.026854
0.094492
0.013239
0.153534
0.068734
0.069541
0.061832
0.104262
0.188228
0.054849
0.041731
0.178621
0.022607
0.006029
0.050993
0.002637
0.113376
0.196450
0.015474
0.040542
0.021007
0.020994
0.036920
0.110829
0.013929
0.028908
0.030124
0.240927
0.009186
0.072103
0.118301
0.030500
0.035612
0.022912
0.000398
0.055919
0.050397
0.034667
0.027252
0.021108
0.030830
0.072459
0.039457
0.034134
0.311858
0.053066
0.005103
0.079824
0.004033
0.191920
0.025803
0.052386
0.036024
0.013359
0.054734
0.008050
0.098656
0.206613
0.069123
0.019198
0.251061
0.214235
0.065490
0.088838
0.056988
0.006101
0.234541
0.018258
0.005287
0.033547
0.092441
0.030009
0.012054
0.016872
0.014988
0.013077
0.011880
0.007274
0.085169
0.128101
0.115969
0.063997
0.052591
0.040519
0.015547
0.007828
0.059175
0.031745
0.019035
0.027486
0.228285
0.004953
0.144371
0.065209
0.039122
0.116963
0.130136
0.035982
0.157797
0.022766
0.012955
0.021447
0.019916
0.015676
0.083821
0.353881
0.034536
0.059905
0.087818
0.047795
0.039445
0.038866
0.041527
0.011170
0.050752
0.011558
0.102771
0.017631
0.025281
0.006091
0.234915
0.114938
0.093567
0.002146
0.184087
0.135247
0.072299
0.027316
0.037537
0.042464
0.088318
0.048654
0.054713
0.054194
0.111251
0.035981
0.071597
0.012090
0.155955
0.015528
0.063068
0.010050
0.052645
0.033791
0.214749
0.178410
0.033333
0.030331
0.032913
0.022839
0.048422
0.036499
0.250707
0.004108
0.079000
0.047284
0.022430
0.011757
0.037450
0.010817
0.034227
0.026934
0.004408
0.049661
0.061277
0.011432
0.047167
0.020776
0.031296
0.047715
0.016467
0.011885
0.113649
0.120675
0.086360
0.020912
0.120244
0.024296
0.025009
0.007605
0.026051
0.016226
0.059367
0.096945
0.059729
0.024741
0.015176
0.005984
0.042827
0.014153
0.074925
0.196797
0.034267
0.044540
0.012525
0.039525
0.007297
0.030226
0.248995
0.013462
0.065108
0.026186
0.001610
0.083343
0.076445
0.009110
0.030922
0.182689
0.156151
0.016581
0.042737
0.052259
0.009653
0.023921
0.020288
0.020999
0.056122
0.016942
0.045646
0.107486
0.036282
0.076966
0.132979
0.019309
0.042282
0.100754
0.054358
0.023999
0.019573
0.026618
0.106944
0.057466
0.036689
0.033432
0.058967
0.063458
0.153687
0.005497
0.038566
0.171328
0.103153
0.103734
0.013695
0.019446
0.158156
0.013307
0.003044
0.011772
0.050899
0.107217
0.027736
0.028554
0.163410
0.005800
0.014999
0.013571
0.038918
0.013537
0.012710
0.009508
0.043765
0.012274
0.031402
0.056346
0.033412
0.054894
0.050678
0.185551
0.061740
0.086902
0.041775
0.027725
0.057431
0.015507
0.001795
0.016219
0.073980
0.021888
0.005546
0.042080
0.053640
0.034560
0.125871
0.025074
0.054277
0.030079
0.044666
0.058323
0.018061
0.001679
0.064243
0.140378
0.115524
0.010054
0.034470
0.064230
0.192132
0.006334
0.077942
0.071066
0.009175
0.004462
0.100541
0.023541
0.021071
0.052106
0.004148
0.056020
0.152109
0.031049
0.043800
0.008975
0.083960
0.070053
0.103047
0.007807
0.021142
0.097505
0.097069
0.003950
0.065451
0.169025
0.021198
0.030725
0.024898
0.015017
0.079128
0.023463
0.032659
0.162482
0.097507
0.104515
0.190113
0.165112
0.064287
0.058477
0.114762
0.028498
0.179913
0.211501
0.209602
0.145913
0.060642
0.033183
0.083248
0.037208
0.007668
0.097910
0.094822
0.001552
0.008360
0.034883
0.008067
0.047829
0.316498
0.038777
0.000205
0.038324
0.065323
0.085105
0.027585
0.011499
0.085899
0.007012
0.011930
0.029657
0.081822
0.055448
0.030237
0.066438
0.029360
0.167203
0.017057
0.016365
0.009828
0.125472
0.015215
0.011331
0.096019
0.061993
0.029131
0.017094
0.023913
0.097162
0.132936
0.008834
0.047554
0.022983
0.018122
0.036777
0.028022
0.039213
0.058549
0.017837
0.147610
0.039904
0.027369
0.026405
0.049912
0.100464
0.029278
0.024999
0.085178
0.038768
0.016945
0.102623
0.148226
0.035426
0.152622
0.142633
0.015617
0.056375
0.045898
0.007027
0.297438
0.174771
0.056562
0.127859
0.015033
0.024599
0.016116
0.015815
0.012949
0.012236
0.103694
0.063827
0.017762
0.101540
0.015242
0.066738
0.011480
0.023119
0.090457
0.015553
0.066843
0.010636
0.024876
0.011062
0.176652
0.031997
0.040524
0.042071
0.047594
0.136171
0.040398
0.232846
0.027643
0.049021
0.020518
0.025571
0.033204
0.006245
0.005357
0.010116
0.025790
0.018843
0.172192
0.021880
0.116856
0.024740
0.100231
0.024806
0.007598
0.009285
0.037496
0.053201
0.006399
0.110980
0.110753
0.129791
0.043645
0.110558
0.008430
0.090958
0.084024
0.031582
0.008078
0.047693
0.041868
0.046201
0.014208
0.010883
0.119657
0.057529
0.049403
0.084944
0.144262
0.121559
0.117263
0.060534
0.102057
0.049014
0.015760
0.202387
0.026879
0.276150
0.018804
0.067073
0.013818
0.004735
0.032759
0.066149
0.235506
0.082407
0.006417
0.047449
0.016391
0.014607
0.070210
0.108092
0.007957
0.089356
0.098814
0.093439
0.035624
0.181642
0.005134
0.002855
0.025739
0.017970
0.072199
0.059355
0.024211
0.103765
0.056614
0.021497
0.042615
0.114050
0.018024
0.035304
0.111017
0.031398
0.016300
0.009776
0.052121
0.047005
0.043231
0.046656
0.050824
0.069416
0.185876
0.025412
0.015481
0.021091
0.035898
0.110818
0.068919
0.011475
0.007164
0.007382
0.049364
0.033076
0.107081
0.123275
0.015891
0.040508
0.393689
0.022560
0.040945
0.023161
0.012494
0.016047
0.019464
0.005736
0.153398
0.136100
0.144476
0.101763
0.149412
0.057989
0.089666
0.023437
0.058248
0.108183
0.016919
0.004662
0.031633
0.008943
0.014442
0.082862
0.013721
0.010393
0.048265
0.042418
0.159744
0.083839
0.023348
0.013592
0.006396
0.038105
0.052808
0.067805
0.004509
0.076087
0.031031
0.029709
0.023039
0.017832
0.068336
0.102297
0.021564
0.257928
0.101671
0.028567
0.040189
0.254386
0.025338
0.004538
0.120381
0.008785
0.038306
0.158705
0.034618
0.037125
0.010918
0.051004
0.022830
0.008922
0.012572
0.009600
0.234662
0.039672
0.013849
0.028508
0.050853
0.160495
0.177229
0.017010
0.020468
0.005256
0.051742
0.043277
0.041698
0.008287
0.003351
0.014585
0.203503
0.171717
0.064271
0.147759
0.018363
0.086587
0.007067
0.163704
0.047126
0.011406
0.009791
0.019124
0.019164
0.006585
0.064795
0.103287
0.101961
0.138889
0.036012
0.026576
0.053115
0.089267
0.008938
0.091011
0.036479
0.014151
0.014264
0.021164
0.095470
0.109769
0.068561
0.028721
0.033149
0.100965
0.052418
0.010741
0.219795
0.008913
0.037584
0.066937
0.063251
0.010991
0.000422
0.123538
0.069502
0.059651
0.422971
0.091481
0.020947
0.010280
0.083812
0.040045
0.006987
0.038680
0.011050
0.267886
0.027685
0.021972
0.099961
0.045648
0.066630
0.021894
0.038724
0.124672
0.063531
0.030205
0.068167
0.013496
0.031846
0.094235
0.012191
0.007055
0.013804
0.060942
0.109739
0.056155
0.113007
0.011148
0.011702
0.106296
0.046943
0.061547
0.015364
0.138360
0.004651
0.035795
0.049893
0.013859
0.015712
0.025863
0.015992
