2.592541
2.494485
2.308685
2.938613
3.452678
2.487533
2.261431
2.546824
2.219318
2.261354
2.260036
2.509380
2.213694
2.363357
2.075346
2.427838
2.132647
2.465250
2.902557
2.300804
2.127029
2.257061
2.444378
2.328589
2.258982
2.436276
2.315179
1.986600
2.826269
2.715582
2.698221
1.964725
2.571590
3.207768
2.549676
2.430679
2.429001
2.441768
2.804592
2.144105
1.998066
2.281585
2.455655
2.133781
2.367941
2.357641
2.483232
2.919674
2.370804
2.325337
2.185623
2.311326
2.751532
2.320048
2.497416
2.551829
2.431946
2.176177
2.605687
2.219171
2.411564
2.348979
2.410327
2.767199
2.167833
2.324127
2.203751
2.452801
2.285095
2.110193
2.638510
2.170951
2.896165
2.042709
2.680145
2.630456
2.331201
2.218824
2.242482
2.542508
2.977899
2.210662
2.532296
2.214158
2.957678
2.418492
2.392223
2.067324
2.443121
2.552547
2.454350
2.586878
2.934260
2.414241
2.123836
3.084016
2.071736
2.993587
2.676803
1.995641
2.765871
2.088298
2.409651
2.190011
2.425990
2.073064
2.433742
2.243426
2.133367
2.605216
2.252902
2.091651
2.853197
2.481199
2.079309
2.335271
2.310102
2.157376
2.342769
2.948495
2.194717
2.298004
2.897075
2.510111
2.410942
1.984969
2.155392
2.655829
1.961207
2.307842
2.160805
2.501719
2.275342
2.262122
2.456500
2.002200
2.099433
2.534369
2.325038
2.192034
2.419333
1.972185
2.132166
2.176454
2.303534
2.480194
2.900657
2.120677
2.201303
2.662369
2.243095
2.399251
2.132135
2.242159
2.176410
2.827509
2.336355
2.455153
2.387227
2.413647
1.925056
2.362669
2.094068
2.614378
2.236292
2.477222
2.248025
2.167902
2.097363
2.182130
2.320460
2.033077
2.600705
2.289715
2.529418
2.098031
2.368034
2.315509
2.118795
2.093168
2.204464
2.201465
2.181193
2.338655
2.453222
2.216161
2.154852
2.238121
2.009294
2.464104
2.116486
2.189859
2.074321
2.428210
2.470923
2.084695
2.262842
2.849667
2.232261
2.410672
2.431418
2.707687
2.216720
2.533127
2.173641
2.015190
2.330978
2.047291
2.307169
2.116028
2.005958
1.989332
2.267879
2.203911
2.314439
2.507951
2.769675
2.559528
2.321194
2.160733
1.975711
2.159928
2.345163
2.158211
2.222568
2.298902
2.103609
2.394901
2.166997
2.341513
2.602517
2.208138
2.110042
2.375104
2.082624
2.253621
2.061169
2.226010
2.027001
2.252388
2.767628
2.217864
2.112938
2.575586
2.201240
2.304777
2.072518
2.411871
2.108755
2.384096
2.239792
2.414688
2.490139
2.727720
2.304053
2.482571
2.079665
2.403780
2.080905
2.498471
2.397359
2.096353
2.158474
2.035163
2.225368
2.069324
2.258155
2.243632
2.026301
2.664423
2.265954
2.628358
2.035995
2.321661
2.131425
2.278973
2.404603
2.197910
2.223161
2.101378
2.173345
2.112921
1.860993
2.259420
2.239017
2.089636
2.198297
2.060445
2.302948
2.136532
2.303270
2.296329
1.934782
2.481515
2.555183
2.084504
2.125656
2.119610
2.406066
2.667156
2.127055
2.199456
2.075801
2.268576
2.564873
2.251226
2.374171
2.193423
2.181644
2.050591
2.292820
2.729733
2.323414
2.464805
2.462820
2.294923
2.400678
2.267737
2.182382
2.378603
2.099672
2.034672
2.194893
2.438970
2.111554
2.712874
2.225833
2.166724
2.323284
1.942943
2.209462
2.284847
2.368880
2.190538
2.044643
2.229740
2.082194
2.156870
2.240121
2.401659
2.040702
2.058686
2.159111
2.142522
2.487500
2.131177
2.268565
2.274456
2.166873
2.475375
2.167443
2.160519
2.298434
2.127240
2.598773
2.330128
2.791290
1.998919
2.292423
2.050237
2.230403
2.048826
2.265374
2.137197
2.203059
2.035558
2.139878
2.224006
2.336076
2.170763
2.548489
2.477194
1.900207
2.664555
2.242749
2.323921
2.248662
2.301592
2.138299
2.154624
2.285555
2.098058
2.212957
2.146554
2.465093
2.700872
2.336009
2.162018
1.990004
2.145505
2.213614
2.187174
2.406363
2.115744
2.209385
2.078812
2.499781
2.535897
2.381069
2.203170
2.201576
2.234544
2.201905
1.999138
2.080351
2.087791
2.201889
2.371799
2.164250
2.257260
2.200438
2.261868
2.224770
2.150440
2.357547
2.174125
2.219743
2.159749
2.254576
2.289660
2.139019
2.195107
2.149466
2.105104
2.239066
2.293776
2.218515
2.054690
2.292175
2.285358
2.071438
2.104721
2.188312
2.141748
2.034445
2.299407
2.098408
2.275750
2.433485
2.074026
2.215990
2.411100
1.989512
2.216186
2.138756
2.142072
2.153909
2.143979
2.354847
2.356102
2.148505
2.130465
2.574928
2.284123
2.093061
2.138425
2.472379
2.158316
2.567413
2.026933
2.286725
2.262399
2.193781
2.250775
1.948212
2.295042
2.029444
2.044632
2.154439
2.392139
2.069686
2.032158
2.122427
2.056304
1.940724
2.272215
2.405535
2.384205
2.290638
2.219802
2.122569
2.122282
2.023635
2.475881
2.230860
2.059324
2.199750
2.140561
2.576198
2.201030
2.464194
2.095704
2.167325
2.244885
2.068734
2.118825
2.297888
2.395756
2.220649
2.078549
2.165990
2.274708
2.200691
2.393660
2.214683
2.445334
2.362478
2.242070
2.181972
2.136122
2.071033
2.299046
2.102027
2.298402
2.522539
2.145509
2.157955
2.052441
2.035615
2.513555
2.132250
2.144392
2.445923
2.171212
2.090886
2.499822
2.147152
2.413215
2.033041
2.219689
2.123507
2.276248
2.104768
2.261342
2.192170
2.359561
2.360598
2.383953
2.527878
2.169935
2.330023
2.325333
2.302312
2.282640
2.174447
2.118244
2.326532
2.035168
2.169836
2.149724
2.051948
2.442394
2.235663
2.014257
2.440121
2.188863
2.301554
2.029039
2.270616
2.763625
2.132212
2.071239
2.268123
2.103387
2.286868
2.303801
1.992612
2.179759
2.032756
2.341872
2.127802
2.222419
2.144029
2.227443
2.078290
2.156743
2.265862
2.104355
2.303428
1.976472
2.272225
2.406745
2.221560
2.306362
2.389638
2.737193
2.197318
2.195482
2.060898
2.203413
2.521067
2.105200
2.337367
2.249408
2.042575
2.288724
2.074574
2.103615
2.108336
2.000298
2.101453
2.275848
2.228545
2.193948
2.200202
2.117545
2.239696
2.145158
2.333741
2.126752
2.215740
2.144144
2.379225
2.162140
2.136104
1.859367
2.237103
2.174140
2.368951
2.150161
2.269045
2.044610
2.479425
2.096352
2.280186
2.158220
2.458384
1.984918
2.212288
2.283917
2.267658
2.209994
2.063341
2.365413
3.017855
2.224682
1.995611
1.875482
2.125224
2.058401
2.328692
2.345141
2.065067
2.092264
2.064995
2.115121
2.574795
2.396559
2.198069
2.253618
2.071890
2.241705
2.311905
2.070089
2.197293
2.318836
2.277431
2.063626
1.992138
2.351229
1.984210
2.195578
2.173350
2.230506
2.358417
2.209024
2.157913
2.211808
2.440833
2.344490
1.998490
2.453196
2.151571
2.451883
2.083087
2.073612
2.560517
2.120227
1.987006
2.157751
2.348160
2.124180
2.051003
2.292974
2.143015
2.745040
2.206173
2.280164
2.180762
2.054156
2.112612
2.190523
2.217474
2.142725
2.390764
2.044635
2.051527
2.245314
2.022777
2.213244
2.124000
1.960689
2.158155
2.196342
2.223145
2.243389
2.157679
2.217845
2.437326
2.157342
2.104140
2.341749
2.168426
2.012033
2.318121
2.217966
2.193888
2.244740
2.086814
1.968286
2.059464
2.026326
1.979637
2.370245
1.986638
2.258710
2.212047
2.073568
2.351508
2.329861
2.074696
2.038781
2.106319
2.285882
2.261817
2.238253
2.482834
2.307517
2.382084
2.168460
2.229969
2.391902
2.145835
2.330997
2.177888
2.274056
2.124431
2.093456
2.072268
2.030092
2.161770
2.085234
2.091724
2.209255
2.082922
2.091309
2.015615
1.942020
2.267618
2.178560
2.320147
2.204880
2.055109
2.187966
2.187221
2.253772
2.102452
2.307092
2.620986
2.174320
2.238756
2.184306
2.296990
2.081756
2.249945
2.118952
2.084296
2.297466
2.163619
2.229856
2.094578
2.154131
2.699452
2.424920
2.241424
2.330371
2.326169
2.062762
2.286502
2.271611
2.055290
2.323042
2.247126
2.093869
2.233932
2.232415
2.189939
2.189958
2.512011
2.048039
2.091483
2.169109
2.352206
1.978673
2.474360
2.021482
2.151086
2.213307
2.330869
2.345824
2.242871
2.162168
1.885098
2.430540
2.111027
2.255352
2.152067
2.096599
2.187918
2.229587
2.096123
2.058442
2.181722
2.376940
2.120915
2.239091
2.039276
2.202323
2.157831
2.123613
2.218300
2.363045
2.431698
2.178246
2.059545
2.114598
2.161788
2.184029
2.362716
2.205210
2.156059
2.355731
2.089345
2.097446
2.169480
2.211494
2.174564
2.252366
2.092294
2.180552
2.057491
2.276594
2.300710
1.987551
2.341514
2.155583
2.126415
2.318811
2.282999
2.082430
2.110747
2.213167
2.014132
2.155120
2.152438
2.242751
2.138340
2.222887
2.691830
2.227446
2.085461
2.156893
2.231714
2.156548
2.173770
1.995699
2.369087
2.356790
2.153034
2.185518
2.164113
2.111009
2.112617
2.295753
2.215499
2.331807
2.199800
2.341658
2.169087
2.275956
2.174283
2.178000
2.084763
2.187794
1.986652
2.313673
2.070258
2.212445
2.097130
2.183338
2.098476
2.189072
2.210310
2.217124
1.978638
2.060536
2.200428
2.274919
2.071105
2.294852
2.112417
2.365621
2.058540
2.079731
2.412874
2.173937
2.197293
2.248003
2.032926
2.108016
2.143166
2.192768
2.057011
2.188216
2.204492
2.046398
2.115327
2.128380
2.277147
2.174098
2.114821
1.969229
2.079484
2.181666
2.116753
2.169632
2.218078
2.139887
2.373735
2.533585
2.380612
2.154019
2.217195
2.748521
2.180042
2.098550
2.083258
2.644551
2.186017
2.067456
2.001618
2.083686
2.378297
2.109837
2.058142
2.331344
2.074363
2.001144
2.018492
2.490642
2.147455
2.504436
2.131522
2.151284
2.124393
2.226705
2.195889
2.206171
2.150304
2.370809
2.232787
2.063716
2.201393
2.322083
1.972563
2.274837
2.151611
2.154067
2.086427
2.222684
1.963763
2.242432
2.351453
2.038135
2.177909
2.209933
2.117548
2.525461
2.005429
1.959860
2.084180
2.100150
2.199754
2.209054
2.347916
2.048482
2.269213
2.030121
2.214666
2.284873
2.602330
2.185446
2.202060
2.191502
2.228815
2.286524
2.087074
2.103509
2.175746
2.103791
2.248234
2.276310
2.119656
2.217226
2.218135
2.208968
2.073960
2.172521
2.151340
2.105152
2.119194
2.044809
2.122403
2.346152
2.202528
2.032266
2.051485
2.050570
2.169040
2.123509
2.320909
2.400414
2.275337
2.107629
2.136417
2.123523
2.282909
2.147127
2.164848
2.211729
2.300800
2.165452
2.195838
2.120440
2.083072
2.322747
1.990744
2.182284
2.076748
2.212986
2.049646
2.295064
2.229741
2.053232
2.074546
2.308210
2.546418
2.076032
2.019040
2.024092
2.035432
2.263667
2.052294
2.108224
2.395794
2.318365
1.891183
2.119013
1.995168
2.080226
2.131921
2.335550
2.214534
2.150492
2.230774
2.081647
1.937247
2.272396
2.142797
2.275355
2.113619
2.388280
2.228603
2.228518
2.358073
1.970439
2.182813
2.291523
2.244126
2.112128
2.125706
2.124152
2.167763
1.997876
2.159469
2.202273
2.384178
2.069355
2.044324
2.282720
2.203660
2.137369
2.109353
2.176538
2.466071
2.148884
2.425922
2.440239
2.102090
2.188234
2.376395
2.299653
2.187791
2.148378
2.255118
2.142414
2.170593
2.393040
2.252586
2.218390
2.145609
2.256553
2.028754
2.205543
2.129395
2.197107
2.128017
2.161962
2.103237
2.074936
2.133725
2.163107
2.127797
2.049730
2.176922
2.052991
2.140804
2.182198
2.089070
2.126515
2.188284
2.175218
2.607978
2.193996
2.283248
2.230463
2.090237
2.087248
2.445771
2.213591
2.206176
2.161870
2.181894
2.256969
1.883983
2.091708
2.134367
2.149143
2.232763
2.098496
2.063960
2.183111
2.166028
2.150729
2.120018
2.200222
2.184937
2.113184
2.128137
2.099368
2.195328
1.963394
2.062121
2.272323
2.048541
2.171523
2.284533
2.080242
2.287792
2.398712
2.133505
2.184511
2.053408
2.232407
2.109042
2.233411
2.144376
2.282740
2.188414
2.171517
2.252640
2.180351
2.047748
2.019710
2.086700
2.121856
2.160301
2.174608
2.162392
2.195801
2.277500
2.068834
2.260923
2.050733
2.106372
2.119403
2.036637
2.221097
2.215446
2.158669
2.063915
1.997386
2.138222
2.087318
2.125226
2.215389
2.146443
2.191544
2.154913
2.054812
2.133471
2.108739
2.118264
2.104756
2.276026
2.111652
2.065849
2.093591
2.276208
2.502322
2.066075
2.251562
2.209176
2.328886
2.028271
2.258490
2.155740
2.292483
2.434564
2.196920
2.121983
2.216444
2.272738
2.109616
2.072554
2.117062
2.084823
2.379468
2.236186
2.177417
2.232696
2.152334
2.115138
2.064098
2.222840
1.982772
2.175444
2.157989
2.117974
2.238395
2.051505
2.161973
2.094798
2.157980
2.202111
2.330210
2.234736
2.318597
2.159132
2.131853
2.203617
2.476367
2.140496
2.115381
2.218323
2.241469
2.215218
2.175984
1.899118
2.096748
2.075750
2.206837
2.274530
2.126358
2.082602
2.098542
2.109996
2.226114
2.360840
2.225985
2.257412
2.126355
2.288170
2.208049
2.135394
1.922810
2.172175
2.036491
2.179574
2.088249
2.144850
2.236854
2.004372
2.211388
2.085458
2.070525
2.221395
2.208917
2.185370
2.227891
2.161568
2.206051
2.224839
2.201534
2.248389
2.151867
2.273565
2.081678
2.153540
2.191411
2.086842
2.181938
2.117442
2.030903
1.999980
2.479002
2.241882
2.148274
2.284436
2.316596
2.185138
2.316397
2.258035
2.082607
2.166090
2.197162
2.042869
2.117103
2.121691
2.109178
2.027450
2.198895
2.097918
2.069476
2.249510
2.150674
2.308014
2.005980
2.379359
2.119339
2.190629
2.072631
2.203473
2.197537
2.079403
1.990874
2.523217
2.015702
2.360318
2.138902
2.164141
2.166632
2.465760
2.052597
2.115812
2.090636
1.982180
2.257907
2.060015
2.151174
2.193052
2.249749
2.160807
1.977110
2.079564
2.365556
2.026870
2.155340
2.041783
2.319539
2.024838
2.202097
2.388377
2.199399
2.208288
2.206193
2.269331
2.088098
1.995342
2.116353
2.310858
2.142255
2.166812
2.166001
2.490378
2.116793
2.096299
2.219552
2.192398
2.242156
2.067778
2.065087
2.537179
2.216131
2.250629
2.250295
2.290516
2.146802
2.237056
2.222870
2.139126
2.101575
2.259503
2.071557
2.100357
2.071622
2.134348
2.110095
2.264321
1.998426
2.288887
2.106739
2.600949
2.050953
2.500582
2.003872
2.184641
2.263470
2.154028
2.265822
2.178118
2.298019
2.214115
2.155988
2.156420
2.112863
2.322377
2.103328
2.180370
2.202575
2.119373
2.338870
2.595221
2.193116
2.097296
2.095105
2.047851
2.188724
2.137982
2.041858
2.330919
2.122749
2.099392
2.268631
2.206801
2.073611
1.976016
2.169678
2.198835
2.099081
2.081759
2.307305
2.129786
2.076207
2.229391
2.093188
2.048630
2.192405
1.964202
2.123646
2.369126
2.246545
2.366129
2.095228
2.075075
2.180760
2.280684
2.114259
2.187382
2.156821
2.011641
2.026615
2.194188
2.149710
2.137243
2.278713
2.218975
2.141477
2.231291
2.153131
2.132033
2.295425
2.201793
2.199618
2.191384
2.192602
2.012362
1.966379
2.205303
2.210057
2.247716
2.121971
2.320629
2.358092
2.148899
2.138026
2.029619
2.096426
2.129988
2.043538
2.249602
2.218334
2.205781
2.122641
2.221953
2.079970
2.181752
2.223982
2.106044
2.069692
2.051154
2.211741
2.166719
2.201627
2.110088
2.207664
2.165574
2.077305
2.101047
2.130394
2.218755
2.087110
2.230693
2.109593
2.252545
2.122150
2.224048
2.249542
2.195524
2.108707
2.082674
2.186311
2.071880
2.242468
2.269349
2.112072
2.192711
2.102873
2.277670
2.164003
2.358698
2.187054
2.175110
2.123709
2.322529
2.049205
2.119825
2.245544
2.209876
2.118430
2.163420
2.146565
2.364810
2.089879
2.064512
2.259089
2.146710
1.996565
2.208558
1.961484
2.016239
2.169685
2.313922
2.164454
2.125139
2.118079
2.221280
2.173108
2.253972
2.092651
2.277520
2.147694
2.251616
2.156320
2.245852
2.175868
2.188300
2.206294
2.112771
2.178777
2.121297
2.241774
2.132718
2.113292
2.488782
2.222900
2.259034
2.260308
2.246977
2.304770
2.237456
2.056225
2.149148
1.988138
2.110242
2.116914
2.012110
2.070759
2.200290
2.226831
2.247504
2.172031
2.167413
2.112223
2.194006
2.238353
2.222227
2.109731
2.097095
2.021326
2.273714
2.111698
2.068927
2.146917
2.077964
2.148290
2.252286
2.207519
2.128970
2.400743
2.190218
2.163641
2.105424
2.064835
2.105919
2.317493
2.155727
2.285367
1.985170
2.207471
2.132620
2.215372
2.165237
2.169628
2.131620
2.071844
2.083318
2.054807
2.205953
2.066778
2.044230
2.227961
2.067034
2.479632
2.373490
2.160679
2.182465
2.194653
2.202257
2.163528
2.159267
2.142619
2.118529
2.079078
2.151744
2.455126
2.163004
2.094275
2.039013
2.246384
2.520579
2.170403
2.033961
2.084178
2.224504
2.175082
2.083307
2.042393
2.150110
2.200731
2.266901
2.066995
2.298353
2.019773
2.084692
2.105608
2.241681
2.101765
2.140707
2.036566
2.139149
2.120023
2.156148
2.119921
2.160361
2.148309
2.176167
2.097153
2.182535
1.983680
2.202209
2.227066
2.451516
2.106276
2.129423
2.313814
2.183422
2.003805
2.301796
2.279704
2.243065
2.040819
2.221214
2.205633
2.180832
2.058885
2.175457
2.239201
2.251895
2.244053
2.237918
2.195266
2.217294
2.225345
2.005639
2.109112
2.080326
2.263028
2.255270
2.089648
2.346508
2.053019
2.374365
2.275288
2.147012
2.255154
2.331159
2.040793
2.188752
2.137010
2.220621
2.210610
2.261368
2.144150
1.964714
2.044852
2.183905
2.068007
2.213541
2.070867
2.029691
2.186386
2.178992
2.204731
2.012080
2.191774
2.210666
2.075804
2.093350
2.019526
2.466955
2.258719
2.193895
2.116784
2.122326
2.217269
2.195857
2.193429
2.188168
2.208898
2.175608
2.151345
2.156481
2.146671
2.047291
2.137107
2.097205
2.305006
2.211460
2.374872
2.221618
2.082097
2.227545
2.396080
2.253021
2.146775
2.016678
2.170926
2.181348
2.249019
2.200109
2.133139
2.344982
2.125621
2.133311
2.042376
2.155059
2.192101
2.282663
2.186222
2.240002
2.034133
2.076030
2.121594
2.049973
2.140574
2.038743
2.078774
2.094794
2.203009
2.100265
2.151876
2.053233
2.116470
2.175513
2.124035
2.419889
2.223332
2.086740
2.120202
2.174934
2.118752
2.307509
2.131114
2.084258
2.154528
2.292592
2.289886
2.142078
2.102718
2.022541
2.158555
2.248221
2.080266
2.121090
2.442968
2.262079
2.035611
2.231109
2.326816
2.152101
2.115594
2.132735
2.340676
2.129445
2.298560
2.433858
1.976202
2.125549
2.066386
2.131390
2.146782
2.240676
2.249314
2.145094
2.147387
2.285849
2.137135
2.015933
2.026433
2.138271
2.185555
2.072703
2.070865
2.106202
2.373692
2.183503
2.137308
2.049925
2.125798
2.149096
1.967709
2.170951
2.086012
2.185559
2.135935
2.198752
2.113978
2.253601
2.286186
2.224878
2.143647
2.290522
2.258772
2.104831
2.169846
2.136769
2.118280
2.066788
2.052526
2.093694
2.190824
2.369553
2.187159
2.184796
2.072151
2.253600
2.184921
2.143682
1.968935
2.171905
2.130848
2.193784
2.119681
2.261851
2.168704
2.263969
2.022897
2.134183
2.263016
2.131059
2.222310
2.369530
2.120973
2.025649
2.192527
2.213211
2.145417
2.668550
2.137486
2.056644
2.164521
2.137038
2.169897
2.385111
2.007200
2.090053
2.351530
2.064921
2.109947
2.080146
2.420995
2.177049
2.239970
2.115971
2.485117
2.218655
2.053914
2.229021
2.255421
2.151249
2.213130
2.308498
2.169324
2.152450
2.186749
2.182849
2.068936
2.207544
2.095709
2.228411
2.106331
2.042526
2.087935
2.020318
2.213377
2.169398
2.302942
2.325556
2.686353
2.206571
2.176016
2.041665
2.200817
2.225828
2.266956
2.179608
2.254061
2.241906
2.361049
2.150685
2.069832
2.137849
2.019039
2.180299
2.407573
2.206434
2.206997
2.168942
2.149052
2.385089
2.180793
2.146251
2.262537
2.178962
2.240048
2.192221
2.073499
1.969952
1.996416
2.108722
2.316522
2.342052
2.676523
2.225685
2.179685
2.181844
2.253662
2.082719
2.160415
2.231180
2.163397
2.170759
1.957725
2.128525
2.118855
2.068105
2.181427
2.100142
2.229164
2.117509
2.144005
2.115762
1.990147
2.238406
2.187705
2.170564
2.053986
2.098053
2.124301
2.023355
2.167582
2.038530
2.103360
2.171539
2.120516
2.107131
2.233041
2.213541
2.108747
2.158388
2.087154
2.195588
2.240931
2.723114
2.212592
2.105645
2.146486
2.190137
2.164553
2.151162
2.057709
2.165715
2.066021
2.126613
2.035772
2.096323
2.308593
2.252802
2.021918
2.093774
2.096874
2.096745
2.241099
2.108189
2.258516
2.133348
2.156645
2.085457
2.125455
2.050979
2.321570
2.203498
2.228547
2.189293
2.208910
2.176875
2.005565
2.233756
2.144612
2.278726
2.292451
2.282871
2.224914
2.308006
2.035893
2.104542
2.070376
2.127106
2.065723
2.367503
2.322543
2.169342
2.128993
2.307422
2.093668
2.177875
2.155967
2.109123
2.011762
2.056671
2.094599
2.199575
1.920458
2.138514
2.202388
2.157199
2.245148
2.204930
2.480055
2.050735
2.026025
2.164848
2.199224
2.181003
2.180655
2.067800
2.052426
2.382364
2.300399
2.041958
2.102381
2.100014
2.010099
2.216409
2.147898
2.007951
2.319965
2.187367
2.177359
2.047909
2.100801
2.086973
2.276357
2.071570
2.446851
2.191715
2.234065
2.233082
2.227072
2.468099
2.147461
2.187099
2.336901
2.257511
2.161457
2.130532
2.089198
2.066742
2.153829
2.081319
2.127636
2.016924
2.258646
2.094939
2.068872
2.120808
2.216405
2.287738
2.114697
2.142105
2.119333
2.139370
1.960564
2.070018
2.093196
2.313787
2.073162
2.220139
2.116308
2.280517
2.246909
2.171846
2.055716
2.116334
2.200610
2.301120
2.124959
2.470698
2.189650
2.109430
2.091611
2.160485
2.138078
2.011420
2.223419
2.030492
2.028582
2.157737
2.169198
2.150318
2.230568
2.145703
2.553045
2.112453
2.033886
2.222042
2.113558
2.094568
2.211388
2.141094
2.204880
2.131453
2.225469
2.168360
1.985194
2.281974
2.175231
2.342227
2.205848
1.996971
2.234347
2.168941
2.203590
2.237746
2.214106
2.064937
2.060564
2.210523
2.070047
2.108381
2.096492
2.082892
2.219076
2.113264
2.123525
2.026482
2.201247
2.300791
2.079539
2.123372
2.119998
2.153893
2.041941
2.035382
2.132806
2.207150
2.053435
2.078639
1.959453
2.173264
2.320800
2.355822
1.956528
2.188586
2.066908
2.148666
2.176551
2.109391
2.243276
2.411306
2.092120
2.277298
2.085920
2.168863
2.092467
2.085980
2.150928
2.230826
2.122681
2.215826
2.189034
2.069986
2.160749
2.203967
2.125077
2.124273
2.136475
2.184749
2.125361
2.196976
2.460917
2.157476
2.198198
2.148779
2.235575
2.238217
2.463112
2.120343
2.183827
2.225554
2.094661
2.270527
2.082446
2.059601
2.151817
2.026974
2.235166
2.252023
2.077108
2.146032
2.288313
2.211194
2.250515
2.158969
2.159292
2.064510
2.286970
2.170858
2.043800
2.054849
2.301647
2.255596
1.972039
2.364855
2.137543
2.161989
2.014424
2.163775
2.030423
2.090520
2.147758
2.036017
2.091168
2.064161
2.232670
2.118283
2.133886
2.156340
2.184434
2.129870
2.147098
2.089540
2.192376
2.147379
2.089891
1.932075
2.594224
2.038414
2.514076
2.184370
2.172828
2.097992
2.117195
1.973404
2.251729
2.139048
2.098806
2.006028
2.040817
2.246453
2.318808
2.121592
2.080529
2.129064
2.158078
2.139068
2.084501
2.154114
2.143390
2.107606
2.181371
2.197590
2.279394
2.133404
2.148040
2.148599
2.216007
1.973251
2.270690
2.193849
2.244982
2.227803
2.139365
2.414069
2.147529
2.229650
2.082443
2.559964
2.343912
2.108139
2.115475
2.189507
2.431637
2.244106
2.211435
2.118625
2.172199
2.161992
2.133024
2.094962
2.171777
2.238348
2.104269
2.098958
2.192558
2.300436
2.247229
2.379011
2.065036
2.085431
2.172786
2.379773
2.170206
2.141588
2.255026
2.233883
2.161911
2.124885
2.051684
2.250078
2.034937
2.143904
2.164722
2.193164
2.102469
2.118478
2.078645
1.984228
2.178602
1.949793
2.095759
2.155839
2.046682
2.206604
2.154515
2.207083
2.174912
2.433954
2.368221
2.059140
2.382816
2.130884
2.152715
2.165418
2.237325
2.248518
2.143410
2.209382
2.044788
2.111245
2.251367
2.129706
2.083050
2.173766
2.031153
2.099524
2.082786
2.247442
2.183412
2.253954
2.270439
2.430554
1.994375
2.104016
2.035688
2.094023
2.014715
2.107609
2.038138
2.086847
2.022890
2.094386
2.264623
2.300374
2.112506
2.232145
2.317175
2.274259
2.425775
2.123151
2.167169
2.156987
2.225000
2.135954
2.124466
2.058616
2.354053
2.092099
2.368886
2.222076
2.212998
1.990174
2.107538
2.160669
2.320670
2.174604
2.090594
2.181313
2.055157
2.185360
2.247406
2.135949
2.229254
2.424520
2.085808
2.230785
2.044472
2.123057
2.079425
2.157280
2.323534
2.025051
2.167161
2.198534
2.089530
2.248574
2.486528
2.124592
2.083205
2.139092
2.023680
2.104309
2.205752
2.444491
2.124531
2.113368
2.055816
2.227297
2.155843
2.165825
2.413186
2.295744
2.078152
2.176581
2.232232
2.203843
2.279058
2.233519
2.265973
2.247881
2.092681
1.986035
2.146281
2.223215
2.053292
2.026248
2.139976
2.115530
2.133287
2.160488
2.119438
2.260813
2.100947
2.133420
2.015899
2.132927
2.021801
2.263873
2.045051
2.067605
2.010132
2.188232
2.252920
2.492190
2.155409
2.319143
2.142021
2.126812
2.172613
2.179509
2.424925
2.206260
2.171717
2.094566
2.056108
1.956231
2.061253
2.118354
2.215181
2.082764
2.252622
2.033527
2.165169
2.208832
2.097800
2.078214
2.088530
2.173780
2.232586
2.165748
2.085529
2.056388
2.173811
2.188728
2.063567
2.157827
2.242655
2.128526
2.135714
2.168665
2.205229
2.018806
2.170529
2.163648
2.080591
2.119898
2.061970
2.117847
2.318976
2.085840
2.131875
2.173046
2.133870
2.110178
2.136797
2.255863
2.125008
2.434747
2.174567
2.237592
2.259208
2.058335
2.059640
2.125416
2.643329
2.112782
2.200881
2.214994
2.096782
2.234627
2.265558
2.101973
2.044039
2.104704
2.098825
2.068440
2.179963
2.094338
2.241309
2.423774
2.182139
2.140687
2.230621
2.101752
2.114279
2.288048
2.118083
2.193201
2.178214
2.318994
2.040637
2.189817
2.216686
2.309053
2.153527
2.125965
2.055638
2.130912
2.268496
2.177006
2.054899
2.092956
2.102975
1.970532
2.121282
2.176374
2.102335
2.179966
2.090992
2.076222
2.189904
2.103509
2.018162
2.220949
2.149918
2.073819
2.085111
2.166123
2.103739
2.112493
2.095849
2.467825
2.137357
2.491812
2.172822
2.275959
2.432818
2.083191
2.118727
2.162785
2.204475
2.064932
2.113772
2.108562
2.042166
2.166012
2.197428
2.123686
2.213755
2.170874
2.063221
2.172394
2.052198
2.026082
2.164657
2.184580
2.361446
2.131535
2.195994
2.185318
2.133306
2.158635
2.108422
2.104401
1.991879
2.180068
2.161595
2.184107
2.250707
2.257579
2.104996
2.174777
2.507281
2.086644
2.169060
2.091130
2.168818
2.379696
2.133226
2.124576
2.090072
2.243559
2.180082
2.032979
2.054829
2.112440
2.085919
2.136931
2.200720
2.102477
1.999178
2.125274
2.208709
2.056751
1.991278
2.189036
2.011475
2.107667
2.193855
2.165160
2.046319
2.158008
2.190145
2.102629
2.023777
2.041212
2.296228
2.173125
2.139186
2.163652
2.118310
2.149393
2.246031
2.010173
2.279759
2.201098
2.233334
2.107661
2.204367
2.343260
2.099359
2.066540
2.245664
2.328699
2.098863
2.315667
2.334661
2.100333
2.185117
2.217952
2.038373
2.329758
2.103528
2.274770
2.177966
2.056195
2.235306
2.232108
2.126534
2.048486
2.077692
2.327889
2.605962
2.355053
2.394266
2.233805
2.197265
2.069267
2.189586
2.078914
1.977149
2.104064
2.081676
2.246996
2.281830
2.017720
2.089118
2.093015
2.078057
2.016968
2.034813
2.166156
2.129173
2.107477
2.225842
2.097306
2.223748
2.493569
2.267960
2.191464
2.207460
2.084429
2.203841
2.193970
2.472371
2.060580
2.230968
2.284435
2.170033
2.127595
2.151824
1.985586
2.134088
2.159305
2.303509
2.599622
2.136800
2.149079
2.100390
2.352424
2.309854
2.044848
2.110725
2.200650
2.197850
2.211272
1.974154
2.024560
2.077418
2.127983
2.161314
2.045147
2.161609
2.122611
2.110217
2.168016
2.031549
2.111212
1.995100
2.446151
2.136676
2.008798
2.141198
2.056038
2.089080
2.130340
2.174394
2.179359
2.029033
2.089312
2.244442
2.215197
2.123450
2.071460
2.008711
2.160707
2.221152
2.179198
2.254052
2.089153
2.144202
2.228482
2.071777
2.142561
1.959810
2.248202
2.108784
2.387016
2.193152
2.061445
2.107959
2.170768
2.165816
2.418026
2.254566
2.048343
2.311800
2.125898
2.207915
2.068651
2.104855
2.504712
2.164596
2.028572
2.169856
2.214012
2.173468
2.153747
2.226864
2.140803
2.175765
2.103319
2.590159
2.221512
2.079470
2.595422
2.152485
2.167572
2.111109
2.062993
2.214078
2.079503
2.232232
2.145178
1.995247
2.086167
2.094868
2.132950
2.351668
2.236963
2.073878
2.127224
2.048846
2.104497
2.139782
2.120541
2.011093
2.196377
2.048757
2.306895
2.168679
2.054759
2.012590
2.227866
2.089020
2.187988
2.359418
2.044050
2.102115
2.149478
2.124658
2.227797
2.142219
2.140024
2.515949
2.227066
2.063272
2.127142
2.187618
2.097165
2.207365
2.318202
2.156490
2.161436
2.220900
2.084039
2.133890
2.067773
2.207592
2.221520
2.247402
2.053143
2.075355
2.163722
2.292309
2.096687
2.213660
2.157893
2.115474
2.083856
1.940567
2.127315
1.951500
2.125292
2.061929
1.976093
2.073905
2.362560
2.269353
2.135979
1.994862
2.268295
2.099455
2.018181
2.110968
2.097190
2.022520
2.081974
2.308966
2.190023
2.164162
2.128153
2.215018
2.136197
2.191450
2.096758
2.131738
2.226365
2.207528
2.211904
2.070533
2.268867
2.114735
2.501348
2.198215
1.998348
2.189399
2.105194
2.195857
2.108410
2.165201
2.069116
2.142058
2.068498
2.290395
2.894284
2.185964
2.205881
2.142679
2.381357
2.196930
2.084758
2.080062
2.013947
2.203027
2.108188
2.274608
2.176527
2.191429
2.234413
2.174747
2.086522
2.231994
2.121053
2.121919
2.196507
2.234601
2.107380
2.062325
2.237421
2.095648
2.084721
2.166037
2.106085
2.158077
2.220215
2.179206
2.219191
2.132299
2.094829
2.120795
2.223124
2.094750
2.108343
2.232427
2.070750
2.154867
2.129213
2.003958
2.124985
2.232571
2.102591
2.176589
2.043873
2.110999
2.069934
2.129271
2.191207
2.134363
2.191399
2.051722
2.236187
2.055539
2.166085
2.143780
2.040427
2.189708
2.196173
2.324373
2.630738
2.216822
2.078699
2.046183
2.161354
2.099453
2.123287
2.129961
2.103549
2.185026
2.215241
2.332661
2.178522
2.053716
2.095133
2.241483
2.293029
2.175263
2.170076
2.002415
2.143211
2.208609
2.156276
2.018128
2.256154
2.033402
2.189782
2.123223
2.129071
2.159794
2.105799
2.342807
2.259461
1.972113
2.449893
2.045200
2.377289
2.206991
2.130322
2.099427
2.124960
2.231126
2.050258
2.077480
2.196575
2.246589
2.099154
2.148685
2.193597
2.012627
2.259233
2.334271
2.172400
2.097557
2.089678
2.216383
2.185241
2.213718
2.121420
1.989285
2.078004
2.249261
2.157823
2.056110
2.372404
2.122797
2.245864
2.419217
2.081813
2.282228
2.165242
2.177294
2.117913
2.085931
2.229541
2.249751
2.285726
2.083603
2.095742
2.158452
2.468122
2.135961
2.132328
2.142320
2.164262
2.189639
2.020249
2.335057
2.135347
2.341472
2.253356
1.959361
2.105183
2.150294
2.354252
2.193560
2.140155
2.054760
2.327599
2.159055
2.256959
2.114897
2.133475
2.174674
2.076128
2.195224
2.438413
2.111151
2.071935
2.098969
2.219393
2.107126
2.069176
2.121038
2.167691
2.235817
2.136883
2.112028
2.179792
2.142852
2.418181
2.244310
2.151295
2.204926
2.145845
2.138492
2.043541
2.092264
2.107145
2.256032
2.448956
2.122453
2.111786
2.166075
2.085588
2.092602
2.154301
2.147211
2.121610
2.116131
2.068237
2.081853
2.243775
2.057003
2.073119
2.253588
2.069577
2.120757
2.111605
2.138308
2.054654
2.074700
2.215152
2.157417
1.984932
2.347652
2.211428
2.069821
1.996987
2.080628
2.150995
2.163604
2.206675
2.151987
2.166414
2.162476
1.955647
2.159388
2.193725
2.141127
2.137372
2.141706
2.145528
2.120782
2.006460
2.223528
2.235095
2.311225
2.127646
2.152157
2.123172
2.149058
2.219034
2.259485
2.152910
2.130989
2.090767
2.140631
1.950219
2.255013
2.132921
2.165946
2.058957
2.139725
2.211562
2.148454
2.221551
2.246763
2.232162
2.218094
2.185837
2.212710
2.078810
2.038652
2.217411
2.261803
2.163810
2.501233
2.060550
2.194456
2.219985
2.358696
2.119530
2.228902
2.191430
2.013460
2.100862
2.083796
2.110362
2.097275
2.172258
2.252233
2.099053
2.246633
2.073878
2.083924
2.612532
2.039406
2.046525
2.162138
2.072458
2.100818
2.070870
2.141399
2.172903
2.180133
2.105824
2.091939
2.183513
2.120665
1.992538
2.315276
2.241427
2.193575
2.120676
2.274571
2.146194
2.140596
2.105015
2.087425
2.199317
2.226377
2.225380
2.223090
2.166076
2.132372
2.147104
2.135330
2.260390
2.142912
2.142461
2.100577
2.139146
2.093066
1.965699
2.113352
2.135303
2.306247
2.126857
2.103634
2.097787
2.079232
2.052382
2.049209
2.110812
2.169419
2.135617
2.142349
2.263530
2.099915
2.078125
2.076724
2.392756
2.315327
2.007991
2.128727
2.173591
2.268499
1.993409
2.177545
2.183838
2.083668
2.215247
2.001787
2.530737
2.032382
2.281179
2.101175
2.161746
2.114724
2.175171
2.145786
2.258103
2.183955
2.118087
2.322026
2.091586
1.980115
2.198330
2.213643
2.138294
2.112131
2.306093
2.271172
2.159813
2.121304
2.160237
2.112308
2.285787
2.156729
2.156056
2.285768
2.192613
2.136197
2.151396
2.090077
2.083006
2.065788
2.111056
2.420680
2.215999
2.017069
2.092917
2.211800
2.133948
2.147069
2.012926
2.038745
2.139347
2.115608
2.046307
2.187719
2.147018
2.163238
2.158536
2.123808
2.143638
2.101618
2.149205
2.506228
2.070634
2.147696
2.162732
2.181410
2.228206
2.062428
2.067491
2.191146
2.114594
2.045899
2.160264
2.169942
2.189258
2.044499
2.218574
2.124934
2.288859
2.073602
2.202727
2.088857
2.065751
2.131223
2.044404
2.306642
2.078405
2.165173
2.256631
2.169631
2.272308
2.089666
2.053283
2.235251
2.169916
2.255007
2.044324
2.169193
2.073884
2.077934
2.090545
2.065507
2.024527
2.211936
2.114975
2.092473
2.079624
2.227473
1.917158
2.211703
2.063701
2.175436
2.127852
2.078035
2.070145
2.174414
2.300058
2.176798
2.159039
2.077245
2.238498
2.058950
2.304991
