2.431431
2.285792
2.375247
2.001636
2.082488
2.113206
2.101382
1.912633
2.018257
1.947742
1.925467
2.019101
1.931230
2.015962
1.856694
1.762276
1.932341
2.025252
1.880810
1.874228
1.864562
1.786985
1.794599
1.714142
1.803159
1.845892
1.793132
1.902393
1.690654
1.807742
1.711587
1.630279
1.857089
1.857386
1.868338
1.700036
1.821841
1.829932
1.564247
1.767401
1.621805
1.779233
1.685412
1.684460
1.870548
1.696724
1.862077
1.809723
1.739865
1.631697
1.657202
1.512848
1.615024
1.681265
1.778101
1.841464
1.639590
1.503234
1.746272
1.632908
1.562744
1.625773
1.737987
1.641722
1.706957
1.710222
1.773291
1.685228
1.694816
1.549266
1.655715
1.759565
1.651544
1.551198
1.609210
1.603948
1.800166
1.755751
1.504798
1.707027
1.658294
1.467454
1.645780
1.763225
1.746136
1.840624
1.553004
1.557542
1.642632
1.484045
1.587908
1.641042
1.569030
1.741197
1.663450
1.525815
1.553671
1.786185
1.682828
1.693519
1.501369
1.766400
1.517246
1.478470
1.650211
1.606968
1.592382
1.604867
1.534816
1.645665
1.519056
1.649200
1.627423
1.539040
1.573319
1.690721
1.501326
1.474105
1.632649
1.422686
1.494418
1.696136
1.521289
1.525287
1.626071
1.686128
1.681480
1.479722
1.657911
1.676640
1.583312
1.617549
1.787099
1.538903
1.449001
1.660787
1.730765
1.668288
1.563695
1.523837
1.582386
1.651555
1.468272
1.433686
1.828246
1.634980
1.665789
1.612494
1.413996
1.483486
1.518379
1.612321
1.509318
1.618507
1.733801
1.618940
1.527366
1.572307
1.539725
1.639135
1.507928
1.555476
1.545082
1.371599
1.689620
1.524491
1.562595
1.609436
1.672137
1.647999
1.433674
1.577727
1.359710
1.507193
1.514031
1.509207
1.503060
1.560094
1.389079
1.486016
1.475650
1.427945
1.538010
1.579672
1.778236
1.695065
1.338389
1.586822
1.452238
1.524056
1.509783
1.387940
1.456499
1.537225
1.505021
1.623252
1.635235
1.463536
1.565806
1.517530
1.606864
1.451588
1.847629
1.627708
1.456979
1.614643
1.459179
1.711180
1.390557
1.470608
1.460341
1.419554
1.644956
1.395085
1.437054
1.574424
1.571543
1.464439
1.543893
1.519408
1.510696
1.532960
1.511804
1.593859
1.453215
1.479265
1.453331
1.387238
1.557018
1.517740
1.450570
1.602390
1.443618
1.517419
1.976976
1.519150
1.386086
1.394005
1.406522
1.366262
1.457882
1.555593
1.533803
1.442556
1.506547
1.444676
1.598903
1.430762
1.524744
1.377340
1.449654
1.434003
1.412682
1.642011
1.468013
1.502068
1.715217
1.453207
1.687373
1.343561
1.543380
1.559312
1.577482
1.525477
1.617190
1.526401
1.694025
1.485781
1.484810
1.460123
1.421158
1.397790
1.274129
1.436128
1.465243
1.667987
1.376010
1.561322
1.540547
1.467009
1.456512
1.627217
1.692198
1.319914
1.422255
1.392222
1.518794
1.651625
1.406135
1.537435
1.639329
1.695363
1.410477
1.578372
1.865919
1.619993
1.467260
1.425112
1.611468
1.418804
1.501820
1.596702
1.474861
1.405514
1.361150
1.645646
1.381048
1.549609
1.740638
1.409106
1.312705
1.626704
1.537029
1.409451
1.486864
1.284789
1.531027
1.448189
1.489034
1.422201
1.378566
1.608477
1.538114
1.486960
1.524612
1.446650
1.523646
1.526611
1.342561
1.530288
1.671574
1.335871
1.360478
1.709217
1.456901
1.672925
1.632638
1.423941
1.394908
1.359574
1.396438
1.486385
1.617659
1.492707
1.430534
1.422997
1.352143
1.433647
1.513042
1.632338
1.384855
1.682322
1.527713
1.524945
1.578391
1.479886
1.244599
1.584204
1.453508
1.479168
1.457204
1.385283
1.444356
1.533150
1.375506
1.402554
1.593677
1.579387
1.386450
1.448771
1.583067
1.573373
1.345036
1.436057
1.607333
1.595461
1.474071
1.417045
1.332644
1.482943
1.479836
1.622289
1.404960
1.611329
1.335476
1.617913
1.374611
1.261269
1.336601
1.547495
1.638367
1.501294
1.533697
1.345643
1.219866
1.497906
1.322863
1.395749
1.501581
1.663467
1.380642
1.613202
1.458482
1.491814
1.373658
1.706715
1.483719
1.185998
1.487234
1.405315
1.462546
1.469932
1.224519
1.505025
1.330184
1.410991
1.427481
1.551331
1.528180
1.491539
1.411392
1.457509
1.451686
1.650174
1.454422
1.610654
1.808189
1.358112
1.360948
1.511894
1.678914
1.464101
1.614517
1.575998
1.330500
1.506386
1.452640
1.701360
1.323895
1.343036
1.368427
1.486029
1.612110
1.524666
1.389060
1.583217
1.330511
1.375670
1.535322
1.366420
1.333336
1.429449
1.377553
1.384518
1.585666
1.722632
1.298268
1.367411
1.334794
1.556999
1.457589
1.429816
1.439672
1.336440
1.336337
1.562082
1.590115
1.844130
1.172752
1.406441
1.537652
1.448203
1.594215
1.483974
1.256767
1.530568
1.390438
1.369170
1.458187
1.311698
1.410838
1.317781
1.724436
1.583196
1.475377
1.368779
1.415689
1.434515
1.406729
1.625476
1.613156
1.337526
1.521162
1.470541
1.436612
1.515178
1.482036
1.650665
1.469311
1.286213
1.377252
1.326813
1.487996
1.570655
1.312606
1.597284
1.434991
1.570436
1.434533
1.385121
1.460136
1.576209
1.207367
1.460026
1.311937
1.519212
1.428666
1.697375
1.440417
1.376260
1.498606
1.586567
1.313807
1.276096
1.444933
1.339820
1.464107
1.486523
1.433533
1.680298
1.397028
1.371701
1.510147
1.354786
1.574522
1.474955
1.468405
1.517988
1.540109
1.437201
1.499525
1.307928
1.387693
1.387643
1.385573
1.485282
1.525634
1.491895
1.452345
1.421544
1.255916
1.580203
1.324537
1.457870
1.494713
1.545256
1.445899
1.496927
1.207754
1.687142
1.434267
1.408479
1.458974
1.810830
1.343611
1.552723
1.263728
1.299399
1.453300
1.440731
1.283387
1.465392
1.450768
1.390420
1.446253
1.419780
1.246491
1.715766
1.477914
1.591872
1.407662
1.408171
1.291567
1.410518
1.231614
1.389029
1.490963
1.440735
1.309286
1.494110
1.584755
1.446220
1.478541
1.345896
1.582124
1.385449
1.457586
1.316814
1.629553
1.470137
1.379963
1.759005
1.476546
1.503096
1.487158
1.218451
1.544547
1.713459
1.404614
1.494496
1.324497
1.475350
1.409211
1.407587
1.451626
1.393617
1.356689
1.419689
1.440998
1.642539
1.336766
1.577105
1.366250
1.679593
1.189704
1.371053
1.485222
1.359416
1.566213
1.525017
1.208280
1.252999
1.454095
1.512486
1.453159
1.475731
1.648286
1.317359
1.662025
1.475201
1.482633
1.507951
1.406987
1.362453
1.338067
1.377712
1.493960
1.301682
1.535704
1.553362
1.323373
1.443124
1.397726
1.424890
1.399364
1.251777
1.436655
1.425203
1.430614
1.880702
1.384307
1.313321
1.371449
1.537808
1.269893
1.351974
1.861969
1.563520
1.328474
1.295340
1.406252
1.305327
1.528478
1.413903
1.503979
1.376519
1.341182
1.364414
1.360690
1.438522
1.519859
1.457715
1.550710
1.468419
1.407457
1.319419
1.386218
1.590211
1.411715
1.294740
1.482442
1.556927
1.451212
1.273016
1.477091
1.342075
1.357562
1.478076
1.412746
1.491276
1.450977
1.585275
1.385943
1.519294
1.607405
1.568292
1.193705
1.357085
1.353054
1.786128
1.170402
1.552228
1.443292
1.150593
1.385777
1.460618
1.369238
1.413898
1.504450
1.554050
1.475502
1.610404
1.518803
1.480607
1.682849
1.538392
1.523432
1.541655
1.294155
1.402707
1.349090
1.609292
1.439105
1.468719
1.316447
1.462937
1.364150
1.325156
1.219190
1.474188
1.287327
1.348593
1.497242
1.285147
1.542658
1.271553
1.391468
1.341117
1.288755
1.348581
1.420145
1.397182
1.315231
1.715181
1.534207
1.369223
1.388522
1.473450
1.320422
1.226087
1.338804
1.559994
1.395903
1.507650
1.610929
1.543484
1.281430
1.197890
1.274762
1.204479
1.558604
1.604784
1.433041
1.394110
1.471550
1.401616
1.786633
1.427833
1.401867
1.551434
1.391860
1.253206
1.344471
1.340998
1.334125
1.492343
1.525134
1.503167
1.396081
1.305162
1.320484
1.381231
1.543637
1.667831
1.645614
1.425322
1.379679
1.456145
1.212059
1.378118
1.313897
1.460117
1.208736
1.437742
1.153527
1.568195
1.592851
1.259070
1.532994
1.517544
1.294250
1.457422
1.538122
1.475544
1.408904
1.335762
1.562248
1.673724
1.348438
1.265489
1.292314
1.473318
1.364139
1.472560
1.408720
1.362755
1.481187
1.392669
1.265990
1.335093
1.212590
1.410330
1.452488
1.284732
1.430797
1.679460
1.320470
1.222308
1.359805
1.316850
1.562923
1.335308
1.325181
1.475429
1.597385
1.748407
1.534686
1.697143
1.448891
1.206064
1.331407
1.467677
1.375545
1.496020
1.348462
1.385546
1.448975
1.331921
1.314437
1.466243
1.270128
1.358283
1.313457
1.424148
1.592509
1.376684
1.321333
1.377933
1.465924
1.535812
1.425255
1.526477
1.208104
1.515965
1.464676
1.231120
1.386569
1.372382
1.174697
1.318867
1.539950
1.338479
1.370029
1.419918
1.392422
1.391618
1.470446
1.386705
1.512302
1.494471
1.363094
1.506274
1.418764
1.381382
1.617891
1.514122
1.419261
1.385185
1.316856
1.521151
1.485163
1.441512
1.352669
1.461465
1.189335
1.406506
1.325374
1.455859
1.447211
1.376146
1.479551
1.558020
1.414870
1.519207
1.126981
1.378906
1.426707
1.249284
1.543730
1.444832
1.403088
1.511148
1.415778
1.346995
1.338190
1.314495
1.143738
1.271733
1.197485
1.274894
1.676636
1.723258
1.368773
1.543012
1.407410
1.407671
1.458815
1.435582
1.418891
1.401474
1.420978
1.278901
1.258053
1.317501
1.236351
1.258213
1.360332
1.291423
1.507266
1.270714
1.271836
1.431107
1.334498
1.549618
1.581026
1.480913
1.392015
1.384347
1.396960
1.679694
1.477787
1.316262
1.316789
1.232617
1.198205
1.389242
1.485926
1.451501
1.196092
1.494481
1.278693
1.293786
1.447279
1.291279
1.343481
1.368740
1.349398
1.667462
1.383741
1.112127
1.306351
1.536511
1.204150
1.343426
1.662292
1.228949
1.468625
1.541036
1.452451
1.312019
1.275542
1.510635
1.422583
1.551221
1.525443
1.416428
1.481033
1.529472
1.531487
1.426201
1.554926
1.357759
1.251661
1.245556
1.287292
1.257752
1.496746
1.328954
1.400843
1.445774
1.366290
1.427382
1.383630
1.329953
1.320974
1.321742
1.400948
1.343770
1.385382
1.642528
1.171895
1.388345
1.383034
1.271818
1.359679
1.396334
1.366698
1.436322
1.482625
1.666334
1.306639
1.386452
1.449182
1.205662
1.415758
1.413795
1.466801
1.417504
1.520745
1.173460
1.290468
1.322392
1.436121
1.379097
1.237375
1.467190
1.385940
1.243186
1.605918
1.434805
1.490421
1.785653
1.471199
1.502435
1.340546
1.386755
1.509995
1.297593
1.441030
1.472578
1.558369
1.386616
1.441461
1.229487
1.367605
1.350568
1.514900
1.234321
1.377932
1.514032
1.490808
1.398338
1.200770
1.315573
1.748366
1.336372
1.479593
1.475417
1.344813
1.321401
1.411756
1.663481
1.534509
1.334252
1.323618
1.409326
1.285232
1.240535
1.317307
1.363464
1.360995
1.542361
1.199282
1.430527
1.307161
1.346927
1.381140
1.458013
1.353265
1.280761
1.294097
1.503403
1.293640
1.280979
1.502707
1.288266
1.422047
1.370232
1.095720
1.241088
1.696683
1.324459
1.577182
1.364915
1.486842
1.530274
1.373797
1.245316
1.262793
1.414574
1.428878
1.467251
1.243201
1.326302
1.358192
1.468128
1.509140
1.460545
1.207824
1.229881
1.502232
1.652436
1.343424
1.465710
1.750355
1.471633
1.196155
1.354423
1.346028
1.355966
1.316519
1.416182
1.507154
1.490692
1.351417
1.430480
1.399175
1.441360
1.407061
1.506171
1.538063
1.406122
1.359795
1.252440
1.285765
1.282745
1.158829
1.440433
1.494384
1.568973
1.250450
1.652768
1.272802
1.381552
1.278882
1.411237
1.258525
1.567846
1.537995
1.260277
1.252676
1.266738
1.081568
1.094413
1.479175
1.515952
1.357669
1.469310
1.204779
1.678133
1.450851
1.271120
1.464111
1.356674
1.479741
1.311739
1.337705
1.289627
1.235209
1.277631
1.337283
1.371444
1.332762
1.336939
1.277590
1.490338
1.230211
1.448667
1.598157
1.315701
1.446513
1.650082
1.499153
1.322282
1.521655
1.259196
1.574584
1.277606
1.201632
1.344838
1.349636
1.438023
1.322108
1.270957
1.234510
1.366468
1.608664
1.377128
1.219247
1.605112
1.333689
1.167495
1.382175
1.393572
1.445950
1.501808
1.289973
1.429185
1.453187
1.376491
1.411305
1.490893
1.353000
1.464075
1.126936
1.269998
1.322327
1.383515
1.182418
1.295506
1.320632
1.620955
1.531077
1.442007
1.357213
1.596117
1.344231
1.444895
1.354779
1.591069
1.383677
1.528266
1.561465
1.482007
1.346368
1.448433
1.318295
1.286092
1.483373
1.261723
1.518268
1.222318
1.237522
1.538717
1.191041
1.388071
1.396781
1.512145
1.345522
1.249410
1.494502
1.594064
1.289883
1.433595
1.468659
1.354427
1.299147
1.521663
1.496430
1.344745
1.250885
1.468534
1.450959
1.105708
1.409929
1.469963
1.558674
1.374975
1.514361
1.337858
1.627156
1.441238
1.391637
1.500950
1.279235
1.575167
1.506387
1.285918
1.384492
1.512077
1.159360
1.268039
1.443272
1.374197
1.278579
1.339497
1.248481
1.295424
1.288519
1.431824
1.242920
1.333497
1.461819
1.423138
1.490835
1.398206
1.430897
1.326580
1.146084
1.150267
1.244364
1.248560
1.457103
1.464323
1.319816
1.221782
1.319296
1.208848
1.336113
1.385734
1.606619
1.361774
1.377856
1.435842
1.480613
1.348808
1.542958
1.386554
1.304922
1.267661
1.190639
1.370761
1.311440
1.551028
1.344142
1.344026
1.294592
1.314249
1.494360
1.579995
1.475096
1.619841
1.476437
1.518813
1.246851
1.183699
1.303097
1.310356
1.363073
1.451743
1.366825
1.648889
1.554353
1.547324
1.377866
1.590637
1.242768
1.228967
1.494709
1.472008
1.516528
1.460865
1.427055
1.186745
1.442042
1.403605
1.235795
1.273584
1.406385
1.306890
1.370795
1.602882
1.304067
1.422521
1.629494
1.314354
1.540758
1.273012
1.558506
1.631905
1.625494
1.352610
1.495944
1.423113
1.317857
1.268298
1.360084
1.350683
1.420740
1.177780
1.229378
1.295215
1.562612
1.503871
1.196145
1.326680
1.301570
1.479241
1.344455
1.206474
1.527227
1.416027
1.279083
1.476317
1.117622
1.359708
1.238124
1.343612
1.159008
1.446202
1.420897
1.606311
1.298738
1.225789
1.433377
1.417079
1.264655
1.215849
1.311165
1.463291
1.422646
1.441554
1.415911
1.201803
1.416412
1.649764
1.626531
1.420243
1.269702
1.441629
1.510150
1.622533
1.490023
1.393426
1.553894
1.370381
1.328233
1.381235
1.268379
1.306767
1.251582
1.546888
1.328042
1.165030
1.339354
1.246997
1.367494
1.283864
1.533120
1.335276
1.405401
1.449060
1.415260
1.382898
1.309900
1.232635
1.418971
1.407105
1.345327
1.304730
1.075982
1.506284
1.459211
1.488572
1.293629
1.339736
1.479728
1.460111
1.528515
1.456276
1.612157
1.541592
1.535893
1.570604
1.312641
1.547969
1.431505
1.391385
1.431811
1.542877
1.256733
1.289424
1.071443
1.206654
1.392883
1.582108
1.382295
1.395839
1.496428
1.312160
1.377481
1.333709
1.235956
1.392740
1.506695
1.134630
1.421651
1.376870
1.344718
1.454626
1.495703
1.540254
1.442826
1.415154
1.494651
1.332444
1.434366
1.442668
1.514771
1.416144
1.260784
1.223302
1.282174
1.312000
1.229199
1.271149
1.336767
1.322534
1.388919
1.601889
1.513744
1.612473
1.265311
1.216918
1.362588
1.134493
1.277337
1.303421
1.382033
1.221363
1.469309
1.326606
1.174792
1.330518
1.400190
1.503537
1.359398
1.446477
1.158937
1.102688
1.395485
1.312725
1.305937
1.361512
1.498545
1.411268
1.348763
1.522115
1.280483
1.640010
1.470365
1.484852
1.232717
1.251101
1.442429
1.276277
1.425695
1.379800
1.345386
1.434802
1.291543
1.332715
1.461074
1.358057
1.235540
1.236276
1.533971
1.328971
1.294327
1.498264
1.617846
1.344074
1.490143
1.596793
1.335541
1.651369
1.132260
1.405257
1.346635
1.388251
1.400203
1.128480
1.545534
1.217520
1.282958
1.528800
1.340445
1.301745
1.162437
1.688473
1.194997
1.257948
1.423917
1.361232
1.468014
1.497610
1.347006
1.421868
1.405928
1.286783
1.241589
1.502006
1.526007
1.250518
1.236445
1.446074
1.442726
1.449747
1.380312
1.411566
1.329133
1.418366
1.187818
1.541123
1.402334
1.299920
1.294339
1.178454
1.310929
1.543823
1.450883
1.278732
1.461568
1.510297
1.247734
1.385687
1.438377
1.303740
1.451360
1.162691
1.435543
1.319243
1.359770
1.164921
1.389239
1.332870
1.607171
1.245053
1.303363
1.262134
1.375946
1.414796
1.361014
1.398472
1.336331
1.463787
1.283440
1.477114
1.369020
1.494834
1.573863
1.270641
1.357752
1.493619
1.451576
1.436191
1.349810
1.336148
1.267960
1.335644
1.378628
1.381111
1.456156
1.213021
1.394047
1.415725
1.419598
1.246621
1.327115
1.515790
1.407259
1.337100
1.342160
1.299515
1.392475
1.200978
1.434059
1.342514
1.343586
1.561261
1.330399
1.188246
1.474721
1.726522
1.372193
1.551844
1.341826
1.245978
1.333816
1.426048
1.653375
1.389300
1.264398
1.273938
1.444333
1.378781
1.321828
1.394278
1.271065
1.361169
1.429190
1.311553
1.419268
1.215358
1.650232
1.339803
1.286741
1.614981
1.362482
1.332877
1.207595
1.196369
1.552383
1.340708
1.408555
1.267516
1.217034
1.256813
1.400685
1.357764
1.449946
1.461878
1.603480
1.239605
1.330230
1.433562
1.321879
1.454695
1.299251
1.498154
1.485839
1.351881
1.527976
1.542325
1.352938
1.400922
1.435843
1.310061
1.253268
1.441384
1.308341
1.516077
1.256592
1.156811
1.504125
1.349678
1.242686
1.380283
1.348857
1.434538
1.401861
1.229382
1.171409
1.510553
1.272746
1.383542
1.324465
1.344626
1.698472
1.374215
1.506352
1.199651
1.510755
1.320619
1.424825
1.158796
1.325483
1.353774
1.650289
1.208945
1.203455
1.323660
1.348167
1.415494
1.240322
1.325154
1.300062
1.341236
1.636750
1.479249
1.283026
1.369364
1.506631
1.289310
1.205927
1.224497
1.480885
1.354424
1.612320
1.273925
1.233086
1.427876
1.361682
1.476704
1.405310
1.416320
1.203565
1.395397
1.373811
1.238771
1.226639
1.226240
1.351931
1.709485
1.465909
1.281809
1.358326
1.406052
1.335780
1.593631
1.321985
1.395513
1.399134
1.424144
1.102389
1.300195
1.402409
1.336629
1.584806
1.210222
1.382504
1.376211
1.366310
1.446655
1.481779
1.422891
1.576718
1.293151
1.378395
1.224120
1.476930
1.124292
1.330592
1.381367
1.394350
1.231893
1.183436
1.330314
1.512351
1.421298
1.251352
1.068507
1.273436
1.392635
1.392449
1.385942
1.266958
1.491230
1.397880
1.489068
1.411976
1.496192
1.296700
1.409727
1.263571
1.364360
1.296905
1.589138
1.457128
1.223653
1.393823
1.263117
1.228327
1.604074
1.416134
1.385610
1.301368
1.302844
1.404200
1.424571
1.384957
1.357713
1.437483
1.136553
1.253457
1.525669
1.367769
1.348564
1.256628
1.196620
1.728064
1.452885
1.313643
1.301702
1.192241
1.387022
1.383883
1.287617
1.276642
1.143778
1.279490
1.317875
1.327635
1.474862
1.399140
1.358486
1.603867
1.187176
1.176181
1.626826
1.389252
1.261525
1.372792
1.483989
1.265542
1.531471
1.510511
1.335457
1.366612
1.450970
1.439790
1.328756
1.084146
1.373984
1.515185
1.344555
1.334436
1.247645
1.413193
1.366554
1.220738
1.326504
1.226199
1.305241
1.424405
1.533156
1.361896
1.461516
1.271558
1.277951
1.435172
1.404953
1.284692
1.262027
1.356897
1.242199
1.420875
1.333121
1.198109
1.239229
1.342052
1.304668
1.314431
1.494027
1.363028
1.562162
1.199072
1.465827
1.286310
1.339588
1.488987
1.586030
1.394841
1.473449
1.328257
1.428945
1.370719
1.209917
1.466195
1.482030
1.337114
1.585136
1.390479
1.415446
1.317557
1.505924
1.464866
1.612229
1.241755
1.215444
1.301332
1.341869
1.445604
1.333068
1.419408
1.413786
1.205886
1.240009
1.203048
1.359418
1.361534
1.384231
1.187720
1.432288
1.438409
1.569583
1.484335
1.192629
1.478505
1.349880
1.240743
1.304240
1.294592
1.508254
1.413061
1.368699
1.275883
1.818548
1.244787
1.248100
1.244607
1.274576
1.416831
1.513493
1.534911
1.254856
1.471444
1.432901
1.292226
1.270077
1.451431
1.746991
1.447069
1.465226
1.504071
1.242390
1.677667
1.455496
1.391904
1.312620
1.300724
1.498726
1.296114
1.487591
1.145662
1.360346
1.281059
1.226817
1.207825
1.242839
1.337468
1.354310
1.307974
1.508172
1.334782
1.370807
1.501690
1.402174
1.456830
1.638281
1.385769
1.296890
1.439915
1.617236
1.351268
1.284774
1.112971
1.394051
1.448135
1.347093
1.415951
1.180913
1.212355
1.545009
1.277909
1.148762
1.536843
1.447078
1.322679
1.213192
1.388557
1.356715
1.356256
1.209582
1.411922
1.406331
1.201885
1.706328
1.307746
1.352164
1.339830
1.571669
1.345936
1.418870
1.342147
1.318232
1.402834
1.191416
1.152750
1.151189
1.381923
1.492445
1.713032
1.335347
1.516392
1.433056
1.300816
1.416682
1.296388
1.416898
1.496892
1.414833
1.235379
1.353443
1.298203
1.083614
1.366265
1.643371
1.335284
1.502079
1.292364
1.395020
1.551108
1.460267
1.228081
1.545904
1.406694
1.543440
1.343422
1.190365
1.499364
1.173854
1.232321
1.544290
1.291472
1.489162
1.398211
1.653557
1.293901
1.327742
1.238710
1.508145
1.112567
1.049442
1.567002
1.281735
1.278358
1.141245
1.341690
1.464548
1.099909
1.319301
1.413424
1.253457
1.443893
1.544638
1.643717
1.329133
1.207618
1.267809
1.514641
1.427405
1.275876
1.333375
1.296065
1.422111
1.184609
1.410333
1.604140
1.228506
1.590257
1.186262
1.328383
1.263377
1.463735
1.392696
1.209711
1.217748
1.262622
1.372137
1.443068
1.216174
1.285554
1.310843
1.295114
1.462980
1.296200
1.406262
1.449807
1.377202
1.486731
1.275214
1.346944
1.252649
1.164182
1.444098
1.220153
1.382131
1.442618
1.334011
1.224096
1.327519
1.463647
1.292969
1.286506
1.382312
1.357936
1.383389
1.435647
1.315252
1.442738
1.454668
1.379789
1.278585
1.479384
1.164353
1.464076
1.164073
1.464890
1.371973
1.231962
1.436929
1.355659
1.425439
1.446989
1.231220
1.464544
1.723563
1.333386
1.237243
1.528940
1.406002
1.393128
1.045077
1.453095
1.289667
1.147063
1.363056
1.596747
1.341006
1.444604
1.360760
1.312605
1.488416
1.237015
1.380701
1.378909
1.356423
1.280259
1.190378
1.504300
1.395124
1.426618
1.074003
1.444290
1.404069
1.169546
1.279633
1.294549
1.262458
1.510075
1.416290
1.217204
1.378454
1.449075
1.406289
1.329244
1.347253
1.390194
1.421420
1.342037
1.249078
1.320395
1.273636
1.353740
1.441724
1.341649
1.324276
1.315829
1.426355
1.400119
1.177705
1.192429
1.123026
1.655458
1.298772
1.273610
1.329333
1.579271
1.189832
1.281403
1.465484
1.163064
1.348712
1.193903
1.319011
1.418064
1.388157
1.525785
1.155329
1.429535
1.442376
1.269781
1.301466
1.182063
1.572653
1.446768
1.188445
1.326502
1.524617
1.290300
1.297020
1.530219
1.641520
1.321786
1.269108
1.392227
1.321785
1.624918
1.167073
1.515858
1.225939
1.296639
1.397494
1.489801
1.404426
1.188383
1.309208
1.544606
1.310583
1.352138
1.353498
1.245354
1.166025
1.469048
1.359949
1.343988
1.206290
1.155994
1.525440
1.252523
1.306361
1.545473
1.166590
1.476369
1.384273
1.494195
1.320631
1.278960
1.215000
1.498059
1.224209
1.585450
1.235177
1.467246
1.371657
1.121541
1.312399
1.384149
1.399827
1.261782
1.613142
1.463094
1.184595
1.419410
1.185135
1.569911
1.270405
1.336940
1.325478
1.297169
1.157196
1.376350
1.425933
1.392436
1.517947
1.423279
1.186192
1.432819
1.327489
1.522768
1.482795
1.146152
1.505642
1.282030
1.407925
1.230531
1.310425
1.582261
1.296364
1.347351
1.296698
1.514113
1.284916
1.117515
1.580189
1.579561
1.115242
1.453512
1.332324
1.125601
1.370505
1.308019
1.310453
1.323013
1.106437
1.315943
1.476776
1.414722
1.249192
1.274434
1.157464
1.207017
1.295369
1.498809
1.348696
1.443722
1.342068
1.312709
1.218743
1.461151
1.488134
1.419709
1.275995
1.501894
1.438043
1.509577
1.246215
1.273648
1.238074
1.190751
1.603961
1.498908
1.424038
1.270403
1.256433
1.335701
1.587979
1.114354
1.321101
1.384114
1.479433
1.438996
1.504644
1.335288
1.449251
1.342066
1.258924
1.350135
1.343258
1.468129
1.398679
1.381287
1.207983
1.257738
1.471224
1.456836
1.322766
1.139611
1.483646
1.393789
1.376625
1.086553
1.258444
1.243221
1.449237
1.155587
1.320143
1.307791
1.356797
1.418482
1.261420
1.477316
1.418137
1.403810
1.283526
1.290998
1.355674
1.423800
1.302562
1.340991
1.395033
1.285007
1.672203
1.422613
1.304011
1.154487
1.384479
1.476558
1.385320
1.253812
1.287013
1.202868
1.301027
1.686464
1.234308
1.480707
1.309942
1.210855
1.163955
1.455541
1.436934
1.292825
1.198194
1.603320
1.150069
1.437137
1.410981
1.438224
1.340208
1.401511
1.395084
1.344738
1.468419
1.441325
1.544920
1.365779
1.285114
1.217379
1.309299
1.339439
1.495396
1.415417
1.389467
1.487064
1.505754
1.271480
1.194526
1.295953
1.417701
1.525113
1.358875
1.266201
1.697538
1.225714
1.282357
1.376844
1.544092
1.396248
1.497817
1.606662
1.392119
1.587553
1.238954
1.246081
1.422432
1.411984
1.052824
1.306767
1.343603
1.543546
1.270570
1.167622
1.311802
1.376853
1.387006
1.114608
0.975482
1.149814
1.376077
1.301501
1.348529
1.516827
1.384534
1.226019
1.260054
1.470900
1.436938
1.335641
1.495584
1.358796
1.119181
1.156800
1.397470
1.617925
1.202383
1.233406
1.431259
1.283852
1.284538
1.411405
1.239773
1.243454
1.361774
1.194427
1.471925
1.269328
1.447972
1.360302
1.504997
1.593543
1.567628
1.619533
1.202511
1.313907
1.380128
1.569865
1.395979
1.162849
1.208469
1.165341
1.375934
1.486006
1.344799
1.318321
1.274221
1.385632
1.145734
1.308434
1.417588
1.462876
1.146353
1.416630
1.380724
1.330228
1.269704
1.207339
1.142209
1.317606
1.378689
1.412040
1.428483
1.354823
1.239664
1.368952
1.576037
1.420588
1.403941
1.320798
1.312335
1.410062
1.312322
1.270377
1.460742
1.079138
1.198508
1.672157
1.628827
1.174126
1.328721
1.439970
1.537977
1.213693
1.422821
1.497042
1.509289
1.237976
1.104358
1.184888
1.566102
1.460626
1.169082
1.386472
1.355361
1.293689
1.277853
1.283143
1.398974
1.419679
1.313191
1.434848
1.105418
1.168545
1.514139
1.403332
1.434520
1.512300
1.250172
1.444588
1.349483
1.511257
1.351692
1.082164
1.611058
1.234045
1.301438
1.252136
1.373536
1.555655
1.316039
1.311475
1.292621
1.255025
1.337085
1.355024
1.334576
1.394884
1.397192
1.278349
1.447185
1.414547
1.397780
1.247830
1.381349
1.260198
1.469262
1.234394
1.438873
1.587885
1.313945
1.049107
1.131953
1.101312
1.252047
1.409229
1.219095
1.272472
1.199639
1.357127
1.480148
1.334046
1.376735
1.117063
1.327881
1.578943
1.218677
1.252057
1.358754
1.457898
1.318356
1.201920
1.617678
1.207855
1.310226
1.361319
1.289248
1.284035
1.425519
1.449894
1.257614
1.555960
1.489930
1.319139
1.379830
1.179119
1.441773
1.441746
1.355336
1.420601
1.359485
1.627232
1.307983
1.477171
1.443792
1.524466
1.499778
1.246934
1.429720
1.217252
1.257945
1.420741
1.280542
1.252506
1.320344
1.202557
1.469671
1.599650
1.364263
1.205084
1.260050
1.492828
1.240471
1.275744
1.450886
1.359535
1.445818
1.324392
1.309610
1.250241
1.506959
1.365371
1.626738
1.167979
1.450090
1.353005
1.374582
1.082290
1.202781
1.376341
1.333986
1.263850
1.146443
1.515050
1.159860
1.609851
1.352763
1.330471
1.338339
1.566646
1.301530
1.361681
1.248343
1.537264
1.370580
1.220989
1.157333
1.083118
1.140343
1.198899
1.300933
1.280272
1.359309
1.182724
1.393070
1.301040
1.345639
1.268296
1.413239
1.495130
1.386255
1.146033
1.336178
1.166128
1.310248
1.462541
1.268808
1.334684
1.505902
1.378799
1.411721
1.261377
1.466547
1.483862
1.393364
1.390214
1.642474
1.210823
1.314411
1.480963
1.358914
1.359514
1.133628
1.223691
1.263076
1.338617
1.282372
1.240588
1.370470
1.109273
1.561407
1.329701
1.321680
1.435996
1.297535
1.344454
1.312531
1.561358
1.473973
1.279387
1.462745
1.232518
1.444688
1.526852
1.428054
1.345238
1.167488
1.436015
1.265418
1.407071
1.500651
1.158195
1.164266
1.323076
1.350601
1.234200
1.297556
1.409689
1.266857
1.283044
1.313091
1.430304
1.324023
1.380892
1.191365
1.496807
1.380912
1.446450
1.308291
1.517729
1.316098
1.352381
1.461926
1.480063
1.585158
1.279219
1.272980
1.290982
1.322368
1.336018
1.339721
1.236443
1.591848
1.326331
1.396201
1.313226
1.088990
1.442685
1.344565
1.211797
1.425364
1.601532
1.449050
1.367041
1.422383
1.112877
1.246537
1.335883
1.469663
1.610923
1.177404
1.511441
1.434162
1.112164
1.319169
1.478432
1.293630
1.434760
1.231138
1.336961
1.542747
1.502726
1.390507
1.272355
1.286461
1.534039
1.285336
1.154130
1.477954
1.439252
1.441478
1.202629
1.295182
1.364708
1.417561
1.257744
1.377557
1.409491
1.438158
1.171258
1.177023
1.371327
1.373850
1.507067
1.304115
1.249874
1.331583
1.264289
1.549656
1.374146
1.362260
1.248133
1.395605
1.224841
1.533037
1.218395
1.218287
1.338465
1.467204
1.204987
1.158394
1.518681
1.263627
1.216318
1.414565
1.255373
1.293829
1.318062
1.377502
1.366960
1.218524
1.307526
1.388498
1.451944
1.422469
1.741985
1.212323
1.282711
1.287220
1.170254
1.182240
1.460910
1.522021
1.403411
1.319228
1.359031
1.318146
1.529899
1.307429
1.048001
1.369341
1.251677
1.176490
1.304836
1.462506
1.410377
1.506889
1.297477
1.528053
1.481349
1.234950
1.259339
1.431989
1.401527
1.349348
1.347019
1.411184
1.342197
1.253551
1.253690
1.415983
1.046181
1.504518
1.453693
1.219010
1.261041
1.442445
1.200412
1.438826
1.144662
1.319723
1.265249
1.246438
1.156392
1.106939
1.377701
1.366964
1.325087
1.307732
1.391522
1.132815
1.506837
1.332948
1.494385
1.485524
1.386161
1.362872
1.345290
1.338303
1.524427
1.351505
1.349625
1.411655
1.267045
1.170855
1.203271
1.363796
1.312394
1.331913
1.447416
1.326451
1.460457
1.447749
1.336445
1.439964
1.413718
1.481959
1.080331
1.273760
1.168389
1.257727
1.288178
1.362282
1.177113
1.202254
1.554489
1.152514
1.460466
1.226992
1.288486
1.303459
1.341951
1.238123
1.394979
1.415581
1.475357
1.269531
1.218089
1.323435
1.292538
1.222207
1.339180
1.314580
1.546166
1.001568
1.547405
1.269140
1.349825
1.422931
1.487176
1.408525
1.139446
1.208737
1.400681
1.413024
1.509392
1.366743
1.254879
1.281015
1.221533
1.346240
1.519125
1.222904
1.265014
1.417489
1.313192
1.532064
1.224513
1.168241
1.368178
1.284330
1.185165
1.604871
1.355991
1.325254
1.355922
1.363693
1.307600
1.519976
1.318760
1.113327
1.293857
1.360035
1.467890
1.275504
1.108224
1.290091
1.145071
1.237404
1.369904
1.409204
1.154234
1.451752
1.445151
1.245142
1.219255
1.359900
1.245739
1.293490
1.384521
1.368703
1.199159
1.252139
1.297950
1.134091
1.378289
1.457694
1.103005
1.403566
1.354886
1.359052
1.310853
1.441599
1.377398
1.170213
1.121853
1.248309
1.251904
1.494554
1.271296
1.281876
1.391457
1.466320
1.432976
1.237410
1.270131
1.262319
1.132024
1.444751
1.710631
1.481287
1.214487
1.177171
1.422281
1.317741
1.342204
1.534166
1.471997
1.530915
1.361483
1.413262
1.378482
1.448437
1.477547
1.225760
1.566649
1.423740
1.488600
1.403195
1.172718
1.242214
1.405019
1.232882
1.356856
1.504168
1.425566
1.380072
1.311973
1.394435
1.292593
1.666521
1.403672
1.306433
1.314525
1.308712
1.222530
1.514857
1.354967
1.303970
1.143854
1.215606
1.343441
1.331392
1.322619
1.460023
1.465988
1.189938
1.418906
1.222336
1.338215
1.322421
1.166694
1.221383
1.334101
1.385172
1.162837
1.239852
1.398418
1.426588
1.314038
1.204572
1.617496
1.375665
1.175333
1.399314
1.331281
1.169971
1.411313
1.366294
1.465478
1.419097
1.643119
1.261089
1.288139
1.238369
1.135319
1.168913
1.261265
1.343807
1.201143
1.388636
1.490672
1.401615
1.275586
1.251070
1.363761
1.509225
1.305693
1.373308
1.469767
1.196852
1.385385
1.334584
1.349129
1.349464
1.152731
1.098763
1.166666
1.398572
1.560337
1.617774
1.259151
1.422634
1.270240
1.310077
1.562795
1.386938
1.255404
1.403530
1.459609
1.304736
1.452427
1.445251
1.481056
1.321160
1.327729
1.235942
1.224787
1.432912
1.230273
1.193358
1.040680
1.236692
1.324547
1.139283
1.338841
1.271648
1.398958
1.267142
1.253715
1.192003
1.277733
1.155833
1.078697
1.463106
1.298419
1.309404
1.470934
1.383965
1.446414
1.526558
1.334244
1.596431
1.357288
1.244560
1.210951
1.260143
1.357322
1.331409
1.381848
1.295709
1.173570
1.213893
1.389081
1.284614
1.379773
1.241720
1.239689
1.434478
1.219050
1.417050
1.356963
1.293817
1.387277
1.452304
1.335787
1.374463
1.337118
1.382328
1.419654
1.353921
1.151051
1.409183
1.331217
1.338622
1.436506
1.502397
1.328740
1.457759
1.472304
1.330858
1.331651
1.367139
1.325587
1.353621
1.476838
1.203243
1.446288
1.471896
1.484672
1.282054
1.661892
1.299873
1.441324
1.161120
1.151394
1.747098
1.506274
1.479052
1.187920
1.591504
1.332850
1.405770
1.309048
1.195528
1.055110
1.193092
1.567328
1.420625
1.421457
1.128364
1.384110
1.211861
1.398800
1.296311
1.295111
1.198815
1.246266
1.139596
1.265345
1.363529
1.227376
1.445705
1.328834
1.391419
1.273147
1.106811
1.321294
1.352639
1.287563
1.308052
1.292330
1.442205
1.316199
1.335691
1.275711
1.293005
1.472875
1.245618
1.356971
1.488683
1.429880
1.186073
1.249523
1.284666
1.286255
1.070888
1.309121
1.096293
1.273601
1.385028
1.196489
1.348977
1.216740
1.328542
1.170709
1.328194
1.235029
1.325980
1.461318
1.367257
1.314797
1.255533
1.256765
1.270456
1.287370
1.161974
1.537462
1.518184
1.538774
1.457906
1.292501
1.501637
1.202557
1.315612
1.268262
1.490230
1.324211
1.705733
1.217893
1.398291
1.415691
1.121323
1.199674
1.313219
1.211004
1.040331
1.318946
1.334587
1.287203
1.199106
1.436243
1.297396
1.269465
1.511860
1.295626
1.507359
1.535725
1.329519
1.573560
1.354463
1.371523
1.461137
1.526336
1.198886
1.338095
1.038329
1.634127
1.254501
1.199001
1.263467
1.434342
1.382444
1.166622
1.509935
1.084255
1.386221
1.246520
1.201125
1.338754
1.334925
1.327727
1.248604
1.125102
1.370723
1.372983
1.231398
1.279047
1.305443
1.278676
1.365150
1.318450
1.399948
1.278007
1.557183
1.333364
1.515249
1.097288
1.285961
1.575832
1.233248
1.291727
1.239740
1.415981
1.652660
1.388293
1.217033
1.319341
1.523818
1.258061
1.304132
1.340937
1.376854
1.249352
1.374282
1.364613
1.350082
1.334588
1.163426
1.539114
1.244454
1.193552
1.214708
1.460705
1.144066
1.354835
1.126965
1.007857
1.306759
1.325432
1.516966
1.299803
1.474080
1.432544
1.243860
1.200436
1.085155
1.202188
1.280536
1.238838
1.552026
1.365506
1.491945
1.274683
1.581607
1.439059
1.160761
1.225927
1.219297
1.474693
1.487296
1.487381
1.256012
1.554633
1.404251
1.296874
1.216603
1.470215
1.268924
1.239362
1.319406
1.450906
1.436880
1.304289
1.132718
1.069380
1.329551
1.346571
1.441200
1.365549
1.349221
1.179892
1.450160
1.347552
1.171048
1.267423
1.069959
1.511697
1.288095
1.644379
1.317362
1.398407
1.432959
1.417676
1.408959
1.288459
1.290351
1.227599
1.262510
1.206035
1.175867
1.423866
1.309402
1.437229
1.419648
1.401946
1.423369
1.560613
1.630899
1.280000
1.122716
1.574333
1.173842
1.310831
1.244604
1.286654
1.327578
1.134892
1.411467
1.273620
1.224040
1.428227
1.269157
1.487511
1.463413
1.260380
1.291302
1.303062
1.236583
1.437179
1.246543
1.381571
1.401844
1.322377
1.232859
1.462329
1.351464
1.434853
1.395064
1.346380
1.436583
1.314759
1.267003
1.464819
1.419348
1.193452
1.331855
1.404827
1.282325
1.572578
1.309037
1.604162
1.277801
1.182832
1.164989
1.248279
1.210451
1.299547
1.373585
1.357584
1.244959
1.494049
1.597445
1.473262
1.328455
1.266794
1.334258
1.189352
1.080963
1.378374
1.098911
1.642319
1.396059
1.458448
1.437923
1.414870
1.124531
1.327128
1.338387
1.204880
1.293217
1.463639
1.395089
1.201633
1.434864
1.571792
1.237158
1.436924
1.471499
1.152560
1.328476
1.351276
1.425237
1.168071
1.468378
1.271793
1.118308
1.341962
1.402547
1.295393
1.572636
1.312326
1.271392
1.631632
1.209750
1.324905
1.482935
1.198565
1.320762
1.256926
1.266754
1.715913
1.245363
1.225276
1.247378
1.260618
1.767754
1.325542
1.327252
1.142785
1.360404
1.105148
1.195397
1.251599
1.479667
1.676841
1.583854
1.465374
1.179707
1.368884
1.366233
1.511400
1.153457
1.252103
1.253982
1.362408
1.281462
1.365642
1.230645
1.553565
1.415579
1.284627
1.469033
1.404544
1.307526
1.266905
1.249128
1.469622
1.411339
1.403147
1.409020
1.140721
1.140916
1.447850
1.596868
1.210609
1.178055
1.199429
1.500987
1.121200
1.206379
1.075224
1.330004
1.194496
1.527964
1.215465
1.437928
1.203737
1.271755
1.393659
1.212317
1.358005
1.444625
1.486246
1.466812
1.242755
1.351201
1.187467
1.466236
1.610106
1.348137
1.314115
1.309642
1.465855
1.277792
1.478504
1.084025
1.284697
1.332235
1.360751
1.157026
1.330064
1.234289
1.374544
1.557816
1.465761
1.394981
1.353053
1.382627
1.369427
1.357023
1.324587
1.477536
1.463633
1.367431
1.754243
1.443619
1.159773
1.096734
1.170341
1.376654
1.290132
1.493018
1.351741
1.303521
1.305086
1.283465
1.190097
1.236553
1.253113
1.338299
1.237200
1.050312
1.136777
1.249095
1.222460
1.292931
1.390962
1.269336
1.170755
1.550457
1.388493
1.316177
1.359727
1.325484
1.271712
1.387501
1.346390
1.513234
1.150559
1.032163
1.595283
1.442158
1.270768
1.120601
1.089041
1.295684
1.360667
1.452840
1.261674
1.320176
1.426765
1.345454
1.331014
1.530918
1.246761
1.584652
1.455084
1.123606
1.447897
1.418214
1.224044
1.200959
1.081988
1.231546
1.352442
1.232173
1.430267
1.272781
1.278940
1.177885
1.243640
1.354491
1.486653
1.341370
1.485011
1.291418
1.358670
1.310004
1.556760
1.509003
1.217777
1.340096
1.351076
1.132138
1.334596
1.071581
1.265468
1.331950
1.368714
1.253833
1.303388
1.195583
1.244335
1.308539
1.413695
1.522417
1.265356
1.211350
1.289657
1.370399
1.577172
1.575724
1.353099
1.156066
1.045899
1.368202
1.191548
1.166847
1.582480
1.363078
1.251470
1.424040
1.209204
1.354167
1.192180
1.060641
1.483948
1.384722
1.490376
1.279140
1.305048
1.758927
1.313156
1.278922
1.374313
1.203079
1.605387
1.433049
1.318874
1.200834
1.517090
1.378837
1.170617
1.477759
1.365764
1.483341
1.227496
1.347095
1.440252
1.490613
1.264691
1.180504
1.373691
1.448560
1.589694
1.146030
1.372252
1.281097
1.235420
1.529871
1.246104
1.094178
1.164954
1.484845
1.293474
1.152336
1.334633
1.391546
1.174627
1.204147
1.383443
1.471388
1.156970
1.379062
1.502393
1.197603
1.175215
1.407767
1.317568
1.447841
1.332065
1.286195
1.452104
1.447024
1.279829
1.201617
1.042446
1.526560
1.397271
1.340837
1.474737
1.328362
1.370336
1.319652
1.445451
1.282219
1.347354
1.276062
1.101136
1.244657
1.362132
1.277551
1.360168
1.229158
1.236655
1.349669
1.147832
1.233434
1.165267
1.404366
1.375966
1.309358
1.479797
1.406668
1.321426
1.290588
1.178069
1.360405
1.453842
1.355187
1.552462
1.195336
1.438369
1.092829
1.270157
1.283777
1.257314
1.098144
1.199995
1.225076
1.424710
1.568267
1.320864
1.272965
1.536190
1.516415
1.207270
1.112869
1.327073
1.345084
1.370651
1.495450
1.163285
1.310443
1.340587
1.477631
1.240107
1.237616
1.459505
1.260542
1.540704
1.367134
1.166791
1.507726
1.358090
1.287335
1.177402
1.355857
1.473575
1.386761
1.301573
1.346081
1.243524
1.310489
1.323285
1.325631
1.531301
1.474433
1.385231
1.512233
1.432779
1.219924
1.307643
1.438793
1.281250
1.107902
1.273133
1.361233
1.255017
1.540230
1.309707
1.224620
1.258359
1.230273
1.135662
1.163116
1.152570
1.418869
1.485502
1.172736
1.358536
1.347220
1.535804
1.145241
1.416262
1.166046
1.261182
1.290541
1.138427
1.454908
1.345597
1.495706
1.370855
1.243860
1.372788
1.302540
1.247373
1.348825
1.259011
1.519431
1.265542
1.401886
1.345183
1.269937
1.271370
1.245667
1.296954
1.178621
1.409171
1.567112
1.463826
1.379104
1.174306
1.368268
1.703472
1.185497
1.318445
1.158021
1.225429
1.423441
1.112570
1.373768
1.346647
1.144806
1.195437
1.190621
1.140064
1.123378
1.389986
1.266980
1.229795
1.668688
1.189556
1.603555
1.419827
1.428481
1.471814
1.254511
1.617541
1.176121
1.394383
1.215448
0.997339
1.680486
1.342410
1.504250
1.183341
1.475857
1.484989
1.316158
1.197375
1.108019
1.393348
1.161864
1.158704
1.197624
1.153908
1.450357
1.230406
1.462224
1.299633
1.235337
1.362490
1.444678
1.426951
1.296423
1.472304
1.147592
1.232940
1.240662
1.307503
1.193340
1.445473
1.538245
1.636000
1.394458
1.349964
1.303755
1.361196
1.401848
1.473565
1.267753
1.270477
1.315792
1.312731
1.596215
1.260880
1.330316
1.302825
1.264128
1.356022
1.180695
1.187619
1.290480
1.496570
1.177481
1.485303
1.352579
1.274123
1.380103
1.494618
1.291736
1.397180
1.177706
1.139407
1.585359
1.318580
1.296082
1.312329
1.552159
1.121630
1.450977
1.328510
1.399512
1.350989
1.328060
1.208265
1.309707
1.270942
1.588553
1.339196
1.516679
1.373600
1.168073
1.276900
1.338589
1.474820
1.270045
0.946763
1.308823
1.465554
1.215047
1.423629
1.358218
1.198026
1.525778
1.247943
1.239272
1.553144
1.365552
1.131241
1.408543
1.137127
1.233949
1.385111
1.197637
1.312497
1.212359
1.390334
1.391402
1.174030
1.246407
1.099816
1.394598
1.383703
1.485657
1.491714
1.182818
1.269451
1.403361
1.248497
1.497735
1.395679
1.420924
1.464175
1.193332
1.439678
1.299145
1.418599
1.403728
1.435660
1.105899
1.489266
1.725427
1.377443
1.233481
1.137893
1.289261
1.481755
1.274435
1.090321
1.409882
1.413500
1.265128
1.430549
1.081085
1.508013
1.313511
1.419731
1.301767
1.200445
1.336614
1.360249
1.148802
1.185000
1.309794
1.472881
1.444628
1.237011
1.322611
1.088961
1.397794
1.349375
1.352407
1.338972
1.301954
1.244085
1.396538
1.413408
1.418173
1.340736
1.271964
1.247079
1.401906
1.358991
1.276250
1.288165
1.473427
1.260784
1.355524
1.595370
1.361420
1.359519
1.418954
1.096446
1.151297
1.251592
1.570750
1.153051
1.230341
1.235856
1.400858
