2.221255
2.182161
1.519924
0.843307
2.603114
2.001139
2.782924
1.552928
1.024343
2.646461
2.337984
1.795201
2.215566
1.312260
2.509274
3.808997
2.746988
3.191889
1.113170
0.414323
1.329848
0.712539
1.305182
1.488082
4.005232
3.026090
3.448811
2.896023
0.259048
2.307569
1.244361
2.362228
1.005453
0.033539
1.737426
2.657832
0.777548
1.032781
8.926638
0.509579
1.417866
0.328444
8.362608
1.386962
1.746204
1.744288
2.052823
1.832092
3.464303
4.602511
3.653244
1.624816
8.471420
0.183595
1.784524
1.447232
3.137959
0.617931
6.749543
0.013938
2.402344
0.252469
4.681279
0.140611
2.636456
0.339800
0.365204
1.453688
0.090678
0.065073
0.000138
1.668336
0.771891
2.243154
0.218194
3.991722
0.457983
0.122331
2.821886
2.354404
0.082189
0.071251
0.127294
1.684246
0.133668
4.922595
6.755486
2.571180
5.020721
2.327675
1.321077
0.950282
2.290661
14.150857
3.818775
9.732466
2.554005
1.002073
10.162644
8.669114
1.044647
1.750369
0.991769
0.208950
0.198122
6.796059
0.146736
0.287615
0.294031
0.028186
3.778806
1.467267
7.693637
2.831370
3.096917
2.425284
0.836297
0.131163
1.456640
1.384846
0.189997
2.361732
0.007181
0.003788
0.649017
5.715049
19.461418
1.903271
3.564302
0.586832
1.426489
2.385726
9.742711
2.466425
1.117235
0.006288
1.409098
2.402271
0.008573
2.628314
2.490890
1.407564
0.220216
3.812401
0.081611
1.556665
0.088869
2.438478
0.088612
6.654438
0.814004
2.615337
1.343845
4.047956
2.019279
1.868812
0.123313
1.793347
9.169128
6.649290
1.681925
2.584663
3.406445
0.113874
12.447725
2.092740
2.132935
0.997585
0.184412
4.156036
4.054574
1.742835
0.707376
2.024540
0.755311
2.212214
0.355577
1.552247
0.772922
0.202390
0.354308
1.125873
0.037571
1.432968
0.038689
2.812570
1.547984
4.229495
2.139186
1.319369
4.554548
1.310864
0.694826
2.738071
0.001185
0.004934
0.865846
0.001431
5.944639
1.576869
2.194353
1.615304
0.258745
1.697674
1.675413
1.037133
0.884965
0.003291
1.579329
0.982870
0.002679
9.666800
4.531219
0.367894
1.660998
0.223651
0.440815
1.642057
2.685950
0.325336
4.283656
0.471371
0.010507
0.064260
0.036854
0.928803
0.196856
0.235362
0.000004
5.582226
0.199814
1.475693
0.325025
0.000129
4.116255
1.702974
0.138365
4.285247
8.085292
4.202892
1.010139
0.021828
0.000296
0.000292
42.375996
6.875817
2.905718
2.876730
2.252748
2.259365
2.599784
3.053648
3.129793
2.691483
2.599942
2.633060
2.253901
2.131923
2.188638
2.247676
2.222220
2.257125
2.181293
2.148835
2.160041
2.222727
2.109498
2.203122
2.639914
2.476867
2.179132
2.110147
2.504234
2.223942
2.114243
2.827630
2.551327
2.504393
2.167104
2.230545
2.169803
2.288536
2.331227
2.245368
2.535979
2.468374
2.532692
2.185097
2.150712
2.499916
2.535358
2.501484
2.176858
2.131789
2.532002
2.067049
2.025078
2.519470
2.639201
2.084599
2.237154
2.109847
2.821194
3.174447
2.114106
2.237858
1.958120
2.518180
2.490890
2.751687
2.469338
2.210975
2.044908
2.100677
2.203646
2.375858
2.415802
2.047192
2.477261
2.023908
3.534254
2.460774
2.646845
4.988599
2.271688
2.243717
2.252659
2.336523
2.212089
2.320738
2.225052
2.156545
2.197454
2.334210
2.188281
3.049793
2.245939
2.296355
2.199697
2.261866
2.177262
2.120874
2.141145
2.246194
2.617265
2.255110
2.253300
2.244263
2.274648
2.645807
2.662170
3.124893
2.386806
2.132928
2.143017
2.106153
2.391836
2.169163
3.068721
2.360972
2.125929
2.321029
2.099106
2.340666
2.049028
2.164498
2.161418
2.279275
2.257585
2.133534
2.363302
2.144562
2.172738
2.157459
2.139353
2.270993
2.133955
2.332540
2.311903
2.972329
2.309025
2.128255
2.115940
2.407176
2.983799
2.157718
2.289381
2.243933
2.312312
2.657877
2.153403
2.432836
2.423276
2.652045
2.280558
2.437378
2.154488
3.047873
2.258851
2.126911
2.122753
2.121274
2.465552
2.465879
2.679917
2.130194
2.112628
2.330702
2.079525
2.068008
2.082376
2.056334
2.368375
2.258305
2.742190
2.225923
2.234113
2.031703
2.098040
2.359104
2.113166
2.187793
2.185801
2.110374
2.507459
2.501382
2.521308
2.229867
2.510881
2.107465
2.075016
2.418620
2.149788
2.130064
2.104458
2.376791
2.101452
2.431668
2.757831
2.108878
2.128069
2.402055
2.408846
2.098204
2.102550
2.383561
2.671016
2.225656
2.326451
2.572804
2.269772
2.188421
2.167735
2.130192
2.199279
2.264407
2.291451
2.289989
2.110830
2.278386
2.282232
2.295721
3.042749
2.088201
2.670920
2.204005
2.283353
3.002539
2.264500
2.223903
2.198689
2.277751
2.257512
2.221560
2.285541
2.191126
2.251795
2.077410
2.253337
2.225956
2.224204
2.232124
2.219100
2.224864
2.264494
2.015483
2.174988
2.275091
2.302308
2.150471
2.315574
2.138591
2.117298
2.277710
2.313632
2.229330
2.218701
2.258372
2.102721
2.280003
2.256899
2.241740
2.087496
2.286303
2.104648
2.092399
2.500093
2.093194
2.561305
2.060615
2.407932
2.453721
2.071296
2.501579
2.081769
2.064411
2.020713
2.018262
2.000037
2.122082
2.305887
1.911162
2.245340
2.058122
1.981247
6.262943
1.804155
5.198633
2.825481
1.867515
3.227463
2.100491
2.725695
2.781863
2.157500
4.587045
2.654106
2.559024
2.364742
1.914350
1.923974
2.280744
9.414934
1.861421
1.627491
1.741186
2.408053
1.861392
2.316514
2.254554
2.108447
2.226957
2.539928
2.343825
2.234428
2.042900
1.458996
4.697008
2.309085
2.174702
2.029370
2.008796
1.948804
1.896669
1.896009
1.854321
2.188476
1.853885
1.838590
2.128771
3.075658
1.725885
2.120411
3.224900
1.751815
1.842715
2.237702
1.555917
3.099510
2.544526
2.500353
1.705522
2.682244
1.556079
2.681216
2.271593
1.883719
1.939037
1.193280
1.761279
2.422428
2.200110
2.529190
2.306726
0.801224
2.291931
1.725852
0.734100
2.658453
1.599677
3.283562
2.505909
2.560603
3.391481
2.115665
0.299564
0.497066
0.349241
1.901067
5.284358
3.036474
2.645757
1.753760
2.859958
2.869863
2.393181
1.631397
1.855933
2.467147
1.793777
1.678153
1.375875
0.892085
2.237611
0.302150
2.129631
1.995803
2.163755
1.945304
0.615434
1.886482
4.203344
2.604151
0.340381
2.423005
1.264108
3.183301
0.299974
3.508379
1.832806
1.947828
2.304299
2.365740
6.644391
2.101547
0.785098
2.353259
0.026407
2.998074
0.412255
3.043071
3.027840
2.571370
0.659092
0.517172
1.808177
0.716807
1.834288
2.318394
2.063823
1.632898
1.017749
1.755009
1.930303
2.431933
0.164021
1.911292
2.048980
0.059654
3.616155
0.772807
1.822861
2.492451
0.240257
2.284581
2.424971
1.349637
1.299818
1.166307
1.730386
1.111855
1.926024
1.571357
1.345974
2.941502
1.777805
1.072270
1.772305
4.099642
0.877246
0.193319
2.610449
2.157001
0.398730
1.511564
3.264300
1.737092
1.258741
0.867134
1.354653
0.934083
3.797502
0.932601
6.614494
1.320364
0.208070
0.042816
0.391319
2.207724
3.378851
2.208413
1.763466
2.311121
0.059207
1.414192
2.761963
3.044392
2.276023
3.640776
3.260533
1.177350
5.196517
5.264173
1.359200
2.673325
3.385606
1.243163
0.295165
2.442497
1.420119
2.386573
2.270504
0.025814
1.439510
1.981835
2.163776
0.057578
0.311254
0.187154
2.394867
3.915810
7.683124
2.164144
0.370135
2.464505
1.909934
1.900904
2.610146
1.513595
2.207022
2.369722
1.810564
2.302734
0.877121
1.768972
2.496579
0.698096
0.901993
2.468929
8.783805
5.863162
0.578380
0.758071
0.041511
0.576599
0.459194
0.000406
4.032572
1.861436
1.823455
11.605913
0.181013
3.858721
5.564879
2.865921
2.353296
2.848220
0.299415
2.396286
10.056313
3.001359
0.731521
12.504634
21.953962
56.133984
2.409527
2.136727
1.647809
48.443726
1.828305
7.924024
3.104847
2.389655
3.491852
3.232096
1.297472
10.539853
5.663030
0.278300
0.285427
